obtacles: [[[0.6, 0.5, -1.0], [0.9, 0.6, 1.0]], [[0.6, -0.6, -1.0], [0.9, -0.5, 1.0]], [[0.6, -0.6, 0.9], [0.9, 0.6, 1.0]], [[0.6, -0.6, -1.0], [0.9, 0.6, -0.9]], [[0.6, -0.6, 0.4], [0.9, 0.6, 0.5]], [[0.6, -0.6, -0.4], [0.9, 0.6, -0.3]], [[0.6, 0.1, 0.5], [0.9, 0.2, 1.0]], [[0.6, -0.3, -0.4], [0.9, -0.2, 0.5]], [[0.6, 0.2, -1.0], [0.9, 0.3, -0.3]]]
start: [-1.10802, 1.95241, 1.6499999999999999, 1.41395, -1.9599, -1.55644, -0.2878]
tajectories: [[-1.10802, 1.95241, 1.65, 1.41395, -1.9599, -1.55644, -0.2878], [-1.21976, 1.84019, 1.57552, 1.54024, -2.28754, -1.36424, -0.53097], [-1.33151, 1.72798, 1.50103, 1.66654, -2.61518, -1.17204, -0.77414], [-1.44325, 1.61576, 1.42655, 1.79283, -2.94282, -0.97984, -1.01731], [-1.555, 1.50354, 1.35206, 1.91912, -3.27046, -0.78764, -1.26049], [-1.66674, 1.39132, 1.27758, 2.04542, -3.5981, -0.59544, -1.50366], [-1.77849, 1.2791, 1.2031, 2.17171, -3.92574, -0.40324, -1.74683], [-1.89023, 1.16688, 1.12861, 2.298, -4.25339, -0.21104, -1.99], [-1.91709, 1.13991, 1.11071, 2.32836, -4.33214, -0.16484, -2.04845], [-2.00411, 1.27933, 1.37468, 2.10601, -4.06013, -0.16927, -1.87567], [-2.09113, 1.41875, 1.63866, 1.88365, -3.78811, -0.1737, -1.70288], [-2.17814, 1.55817, 1.90263, 1.6613, -3.5161, -0.17812, -1.53009], [-2.26516, 1.69759, 2.1666, 1.43894, -3.24409, -0.18255, -1.3573], [-2.32781, 1.79796, 2.35665, 1.27886, -3.04825, -0.18574, -1.2329], [-2.36668, 1.55407, 2.23928, 1.19674, -2.65751, -0.16312, -1.10923], [-2.40556, 1.31018, 2.12191, 1.11461, -2.26677, -0.1405, -0.98556], [-2.44443, 1.06628, 2.00454, 1.03249, -1.87603, -0.11788, -0.86188], [-2.4833, 0.82239, 1.88716, 0.95036, -1.48529, -0.09526, -0.73821], [-2.49975, 0.71921, 1.83751, 0.91562, -1.31998, -0.08569, -0.68589], [-2.08846, 0.71785, 1.79814, 0.97858, -1.20158, -0.33093, -0.7201], [-1.67718, 0.71649, 1.75878, 1.04154, -1.08318, -0.57616, -0.75431], [-1.26589, 0.71513, 1.71941, 1.1045, -0.96479, -0.8214, -0.78852], [-0.85461, 0.71377, 1.68005, 1.16746, -0.84639, -1.06663, -0.82273]]
end: [-0.54064999999999996, 0.71272999999999997, 1.6499999999999999, 1.2155199999999999, -0.75600999999999996, -1.2538400000000001, -0.84884000000000004]
obtacles: [[[0.6, 0.5, -1.0], [0.9, 0.6, 1.0]], [[0.6, -0.6, -1.0], [0.9, -0.5, 1.0]], [[0.6, -0.6, 0.9], [0.9, 0.6, 1.0]], [[0.6, -0.6, -1.0], [0.9, 0.6, -0.9]], [[0.6, -0.6, 0.4], [0.9, 0.6, 0.5]], [[0.6, -0.6, -0.4], [0.9, 0.6, -0.3]], [[0.6, 0.1, 0.5], [0.9, 0.2, 1.0]], [[0.6, -0.3, -0.4], [0.9, -0.2, 0.5]], [[0.6, 0.2, -1.0], [0.9, 0.3, -0.3]]]
start: [-0.081070000000000003, 1.5910299999999999, 1.6000000000000001, 0.83509, -1.6053900000000001, -1.56273, -0.75358000000000003]
tajectories: [[-0.08107, 1.59103, 1.6, 0.83509, -1.60539, -1.56273, -0.75358], [-0.12046, 1.57267, 1.52364, 0.86589, -1.19078, -1.41394, -0.97105], [-0.15986, 1.55432, 1.44728, 0.89669, -0.77617, -1.26516, -1.18852], [-0.19925, 1.53597, 1.37091, 0.9275, -0.36156, -1.11637, -1.40599], [-0.23865, 1.51762, 1.29455, 0.9583, 0.05305, -0.96758, -1.62345], [-0.27804, 1.49926, 1.21819, 0.98911, 0.46766, -0.8188, -1.84092], [-0.28217, 1.49734, 1.21019, 0.99234, 0.5111, -0.80321, -1.86371], [-0.28182, 1.57303, 1.41364, 1.22224, 0.58156, -0.42536, -1.81586], [-0.28147, 1.64871, 1.6171, 1.45215, 0.65202, -0.04752, -1.76801], [-0.28112, 1.7244, 1.82055, 1.68206, 0.72248, 0.33033, -1.72016], [-0.28076, 1.80008, 2.02401, 1.91196, 0.79294, 0.70817, -1.67231], [-0.28041, 1.87577, 2.22746, 2.14187, 0.8634, 1.08602, -1.62447], [-0.28028, 1.90418, 2.30386, 2.22819, 0.88985, 1.22789, -1.6065], [-0.19886, 1.58548, 2.17206, 2.37993, 0.89964, 0.93166, -1.72295], [-0.11744, 1.26678, 2.04026, 2.53167, 0.90942, 0.63544, -1.8394], [-0.03602, 0.94808, 1.90846, 2.6834, 0.91921, 0.33922, -1.95585], [0.03319, 0.67718, 1.79643, 2.81237, 0.92752, 0.08743, -2.05483], [-0.2194, 0.76751, 1.8232, 2.72941, 0.6758, 0.19251, -1.74493], [-0.47199, 0.85783, 1.84998, 2.64645, 0.42408, 0.29759, -1.43504], [-0.72458, 0.94815, 1.87676, 2.56348, 0.17236, 0.40266, -1.12514], [-0.97716, 1.03847, 1.90353, 2.48052, -0.07936, 0.50774, -0.81524], [-1.22855, 1.12836, 1.93018, 2.39794, -0.32989, 0.61232, -0.50682], [-1.33597, 1.16744, 2.06433, 2.43358, -0.50108, 0.37946, -0.14056], [-1.44339, 1.20651, 2.19847, 2.46922, -0.67227, 0.14661, 0.22569], [-1.55081, 1.24558, 2.33261, 2.50486, -0.84347, -0.08625, 0.59195], [-1.65822, 1.28466, 2.46676, 2.5405, -1.01466, -0.3191, 0.9582], [-1.71697, 1.30602, 2.54011, 2.55999, -1.10827, -0.44644, 1.15848], [-1.53065, 1.23852, 2.39976, 2.14414, -1.21013, -0.51148, 1.09936], [-1.34433, 1.17101, 2.2594, 1.7283, -1.31199, -0.57651, 1.04025], [-1.15801, 1.1035, 2.11905, 1.31245, -1.41385, -0.64155, 0.98113], [-0.97168, 1.03599, 1.97869, 0.89661, -1.51572, -0.70659, 0.92201], [-0.78536, 0.96848, 1.83833, 0.48076, -1.61758, -0.77163, 0.86289], [-0.59904, 0.90097, 1.69798, 0.06492, -1.71944, -0.83667, 0.80377]]
end: [-0.46898000000000001, 0.85384000000000004, 1.6000000000000001, -0.22536999999999999, -1.79054, -0.88207000000000002, 0.76249999999999996]
obtacles: [[[0.6, 0.5, -1.0], [0.9, 0.6, 1.0]], [[0.6, -0.6, -1.0], [0.9, -0.5, 1.0]], [[0.6, -0.6, 0.9], [0.9, 0.6, 1.0]], [[0.6, -0.6, -1.0], [0.9, 0.6, -0.9]], [[0.6, -0.6, 0.4], [0.9, 0.6, 0.5]], [[0.6, -0.6, -0.4], [0.9, 0.6, -0.3]], [[0.6, 0.1, 0.5], [0.9, 0.2, 1.0]], [[0.6, -0.3, -0.4], [0.9, -0.2, 0.5]], [[0.6, 0.2, -1.0], [0.9, 0.3, -0.3]]]
start: [0.88383, 1.9097200000000001, -1.7, 1.3271599999999999, -1.21085, 1.5330600000000001, -2.7272599999999998]
tajectories: [[0.88383, 1.90972, -1.7, 1.32716, -1.21085, 1.53306, -2.72726], [0.96815, 1.79416, -1.66553, 1.43142, -0.94506, 1.32487, -2.40556], [1.05247, 1.6786, -1.63107, 1.53567, -0.67927, 1.11668, -2.08386], [1.13679, 1.56304, -1.5966, 1.63993, -0.41349, 0.90848, -1.76216], [1.22111, 1.44747, -1.56214, 1.74418, -0.1477, 0.70029, -1.44047], [1.30543, 1.33191, -1.52767, 1.84843, 0.11809, 0.4921, -1.11877], [1.31808, 1.31458, -1.5225, 1.86407, 0.15796, 0.46087, -1.07052], [1.57702, 1.09752, -1.6824, 1.97352, -0.12413, 0.33979, -1.13419], [1.83596, 0.88046, -1.84231, 2.08297, -0.40622, 0.21871, -1.19787], [2.0949, 0.66341, -2.00221, 2.19243, -0.6883, 0.09763, -1.26155], [2.23676, 0.54449, -2.08982, 2.25239, -0.84285, 0.03129, -1.29644], [1.91782, 0.34394, -2.19296, 2.24462, -0.7149, -0.23861, -1.38662], [1.59887, 0.14339, -2.29611, 2.23684, -0.58695, -0.50852, -1.4768], [1.27993, -0.05716, -2.39925, 2.22906, -0.45899, -0.77843, -1.56698], [1.24236, -0.08079, -2.4114, 2.22815, -0.44392, -0.81022, -1.5776], [1.47664, -0.22808, -2.28588, 2.00918, -0.50256, -0.96738, -1.29199], [1.71092, -0.37537, -2.16037, 1.79021, -0.56121, -1.12454, -1.00638], [1.94521, -0.52267, -2.03485, 1.57124, -0.61985, -1.2817, -0.72076], [2.17949, -0.66996, -1.90933, 1.35227, -0.67849, -1.43886, -0.43515]]
end: [2.2902300000000002, -0.73958000000000002, -1.8500000000000001, 1.2487699999999999, -0.70621, -1.51315, -0.30014999999999997]
obtacles: [[[0.6, 0.5, -1.0], [0.9, 0.6, 1.0]], [[0.6, -0.6, -1.0], [0.9, -0.5, 1.0]], [[0.6, -0.6, 0.9], [0.9, 0.6, 1.0]], [[0.6, -0.6, -1.0], [0.9, 0.6, -0.9]], [[0.6, -0.6, 0.4], [0.9, 0.6, 0.5]], [[0.6, -0.6, -0.4], [0.9, 0.6, -0.3]], [[0.6, 0.1, 0.5], [0.9, 0.2, 1.0]], [[0.6, -0.3, -0.4], [0.9, -0.2, 0.5]], [[0.6, 0.2, -1.0], [0.9, 0.3, -0.3]]]
start: [1.03298, 1.6161399999999999, -1.8500000000000001, 1.4159600000000001, -1.4801899999999999, 1.30257, -2.7772199999999998]
tajectories: [[1.03298, 1.61614, -1.85, 1.41596, -1.48019, 1.30257, -2.77722], [0.94237, 1.576, -1.44246, 1.45064, -1.49558, 1.30733, -2.50772], [0.85176, 1.53586, -1.03492, 1.48533, -1.51096, 1.3121, -2.23823], [0.76115, 1.49572, -0.62738, 1.52001, -1.52635, 1.31686, -1.96874], [0.67054, 1.45557, -0.21984, 1.55469, -1.54174, 1.32163, -1.69924], [0.57993, 1.41543, 0.1877, 1.58937, -1.55712, 1.32639, -1.42975], [0.57503, 1.41326, 0.20974, 1.59125, -1.55795, 1.32665, -1.41518], [0.5642, 1.14851, 0.25305, 1.64684, -1.31439, 1.1762, -1.11044], [0.55337, 0.88375, 0.29636, 1.70244, -1.07082, 1.02575, -0.80571], [0.54254, 0.619, 0.33967, 1.75803, -0.82726, 0.8753, -0.50097], [0.53171, 0.35424, 0.38298, 1.81363, -0.5837, 0.72486, -0.19624], [0.52088, 0.08949, 0.4263, 1.86922, -0.34013, 0.57441, 0.10849], [0.51005, -0.17527, 0.46961, 1.92482, -0.09657, 0.42396, 0.41323], [0.50149, -0.38465, 0.50386, 1.96879, 0.09605, 0.30498, 0.65423], [0.41566, -0.28236, 0.18689, 1.64127, 0.01867, 0.21477, 0.75576], [0.32984, -0.18006, -0.13009, 1.31376, -0.05871, 0.12457, 0.85729], [0.24402, -0.07777, -0.44706, 0.98625, -0.13609, 0.03436, 0.95882], [0.15819, 0.02452, -0.76403, 0.65873, -0.21348, -0.05584, 1.06035], [0.07237, 0.12682, -1.081, 0.33122, -0.29086, -0.14605, 1.16188], [-0.01346, 0.22911, -1.39798, 0.00371, -0.36824, -0.23625, 1.26341], [-0.02797, 0.24641, -1.45159, -0.05169, -0.38133, -0.25151, 1.28058], [-0.36883, 0.31768, -1.67521, -0.16157, -0.30064, -0.03721, 1.16133], [-0.70968, 0.38896, -1.89884, -0.27146, -0.21996, 0.17709, 1.04207], [-1.05054, 0.46023, -2.12246, -0.38135, -0.13927, 0.39139, 0.92282], [-1.39139, 0.5315, -2.34609, -0.49123, -0.05858, 0.60568, 0.80357], [-1.73224, 0.60277, -2.56972, -0.60112, 0.0221, 0.81998, 0.68431], [-1.89679, 0.63718, -2.67767, -0.65417, 0.06105, 0.92343, 0.62674], [-1.7385, 0.66032, -2.57578, -0.61884, -0.07218, 0.92987, 0.18517], [-1.58021, 0.68346, -2.4739, -0.58351, -0.20541, 0.93631, -0.25641], [-1.42193, 0.7066, -2.37202, -0.54818, -0.33864, 0.94275, -0.69798], [-1.26364, 0.72973, -2.27014, -0.51285, -0.47187, 0.94919, -1.13956], [-1.10535, 0.75287, -2.16825, -0.47753, -0.6051, 0.95563, -1.58114], [-0.94706, 0.77601, -2.06637, -0.4422, -0.73833, 0.96208, -2.02271], [-0.78878, 0.79915, -1.96449, -0.40687, -0.87156, 0.96852, -2.46429], [-0.63049, 0.82229, -1.8626, -0.37154, -1.00479, 0.97496, -2.90587]]
end: [-0.61090999999999995, 0.82515000000000005, -1.8500000000000001, -0.36717, -1.0212699999999999, 0.97575000000000001, -2.9604900000000001]
obtacles: [[[0.6, 0.5, -1.0], [0.9, 0.6, 1.0]], [[0.6, -0.6, -1.0], [0.9, -0.5, 1.0]], [[0.6, -0.6, 0.9], [0.9, 0.6, 1.0]], [[0.6, -0.6, -1.0], [0.9, 0.6, -0.9]], [[0.6, -0.6, 0.4], [0.9, 0.6, 0.5]], [[0.6, -0.6, -0.4], [0.9, 0.6, -0.3]], [[0.6, 0.1, 0.5], [0.9, 0.2, 1.0]], [[0.6, -0.3, -0.4], [0.9, -0.2, 0.5]], [[0.6, 0.2, -1.0], [0.9, 0.3, -0.3]]]
start: [1.1013599999999999, 1.9659800000000001, -1.7, 1.3633599999999999, -1.1576599999999999, 1.5337099999999999, -2.9132600000000002]
tajectories: [[1.10136, 1.96598, -1.7, 1.36336, -1.15766, 1.53371, -2.91326], [1.30619, 1.80486, -1.56193, 1.6972, -1.21931, 1.44819, -2.71211], [1.51102, 1.64374, -1.42386, 2.03104, -1.28096, 1.36267, -2.51097], [1.71585, 1.48263, -1.28579, 2.36488, -1.34262, 1.27716, -2.30982], [1.92068, 1.32151, -1.14772, 2.69871, -1.40427, 1.19164, -2.10867], [2.08669, 1.19093, -1.03582, 2.96929, -1.45424, 1.12233, -1.94563], [1.80484, 0.97913, -1.37202, 2.94822, -1.55263, 1.07692, -1.96752], [1.52298, 0.76733, -1.70822, 2.92715, -1.65102, 1.03151, -1.98941], [1.24112, 0.55554, -2.04443, 2.90608, -1.74942, 0.9861, -2.0113], [0.95927, 0.34374, -2.38063, 2.88501, -1.84781, 0.9407, -2.03319], [0.78043, 0.20936, -2.59396, 2.87164, -1.91024, 0.91189, -2.04707], [0.72226, 0.33533, -2.37739, 2.46706, -2.01892, 0.98511, -2.10177], [0.6641, 0.46131, -2.16082, 2.06249, -2.1276, 1.05834, -2.15646], [0.60593, 0.58729, -1.94425, 1.65792, -2.23628, 1.13157, -2.21115], [0.54776, 0.71327, -1.72769, 1.25334, -2.34496, 1.2048, -2.26584]]
end: [0.54032999999999998, 0.72936999999999996, -1.7, 1.2016199999999999, -2.3588499999999999, 1.2141599999999999, -2.27284]
obtacles: [[[0.6, 0.5, -1.0], [0.9, 0.6, 1.0]], [[0.6, -0.6, -1.0], [0.9, -0.5, 1.0]], [[0.6, -0.6, 0.9], [0.9, 0.6, 1.0]], [[0.6, -0.6, -1.0], [0.9, 0.6, -0.9]], [[0.6, -0.6, 0.4], [0.9, 0.6, 0.5]], [[0.6, -0.6, -0.4], [0.9, 0.6, -0.3]], [[0.6, 0.1, 0.5], [0.9, 0.2, 1.0]], [[0.6, -0.3, -0.4], [0.9, -0.2, 0.5]], [[0.6, 0.2, -1.0], [0.9, 0.3, -0.3]]]
start: [0.89029999999999998, 1.66872, -1.7, 1.5344100000000001, -1.4674400000000001, 1.4458899999999999, -2.5102899999999999]
tajectories: [[0.8903, 1.66872, -1.7, 1.53441, -1.46744, 1.44589, -2.51029], [0.93688, 1.63461, -1.55019, 1.60032, -1.47141, 1.1519, -2.145], [0.98347, 1.60049, -1.40037, 1.66624, -1.47538, 0.85792, -1.77971], [1.03006, 1.56637, -1.25056, 1.73215, -1.47936, 0.56393, -1.41443], [1.07665, 1.53226, -1.10074, 1.79806, -1.48333, 0.26995, -1.04914], [1.12323, 1.49814, -0.95093, 1.86398, -1.4873, -0.02403, -0.68385], [1.13519, 1.48939, -0.91248, 1.88089, -1.48832, -0.09948, -0.59011], [1.24965, 1.29087, -0.94977, 1.91895, -1.32926, -0.35645, -0.26868], [1.36411, 1.09235, -0.98705, 1.957, -1.1702, -0.61341, 0.05276], [1.47857, 0.89383, -1.02434, 1.99506, -1.01114, -0.87038, 0.37419], [1.48556, 0.88172, -1.02661, 1.99738, -1.00143, -0.88606, 0.3938], [1.76334, 0.51812, -0.94245, 2.01309, -0.87228, -1.0027, 0.44867], [2.04113, 0.15451, -0.85829, 2.02879, -0.74312, -1.11935, 0.50354], [2.24682, -0.11472, -0.79597, 2.04042, -0.64748, -1.20572, 0.54416], [2.21264, -0.32833, -1.05591, 1.70914, -0.72631, -1.21184, 0.40405], [2.17845, -0.54194, -1.31586, 1.37786, -0.80514, -1.21797, 0.26393], [2.14426, -0.75555, -1.5758, 1.04658, -0.88396, -1.2241, 0.12381]]
end: [2.1279300000000001, -0.85760999999999998, -1.7, 0.88829000000000002, -0.92162999999999995, -1.22702, 0.056869999999999997]
obtacles: [[[0.6, 0.5, -1.0], [0.9, 0.6, 1.0]], [[0.6, -0.6, -1.0], [0.9, -0.5, 1.0]], [[0.6, -0.6, 0.9], [0.9, 0.6, 1.0]], [[0.6, -0.6, -1.0], [0.9, 0.6, -0.9]], [[0.6, -0.6, 0.4], [0.9, 0.6, 0.5]], [[0.6, -0.6, -0.4], [0.9, 0.6, -0.3]], [[0.6, 0.1, 0.5], [0.9, 0.2, 1.0]], [[0.6, -0.3, -0.4], [0.9, -0.2, 0.5]], [[0.6, 0.2, -1.0], [0.9, 0.3, -0.3]]]
start: [0.22089, 1.5682, -1.7, 0.84489000000000003, -1.48671, 1.47255, -2.5215700000000001]
tajectories: [[0.22089, 1.5682, -1.7, 0.84489, -1.48671, 1.47255, -2.52157], [0.42156, 1.61984, -1.7, 1.25198, -1.48549, 1.44939, -2.31956], [0.62223, 1.67148, -1.7, 1.65906, -1.48427, 1.42623, -2.11756]]
end: [0.69628000000000001, 1.6905399999999999, -1.7, 1.80928, -1.4838199999999999, 1.4176800000000001, -2.0430199999999998]
obtacles: [[[0.6, 0.5, -1.0], [0.9, 0.6, 1.0]], [[0.6, -0.6, -1.0], [0.9, -0.5, 1.0]], [[0.6, -0.6, 0.9], [0.9, 0.6, 1.0]], [[0.6, -0.6, -1.0], [0.9, 0.6, -0.9]], [[0.6, -0.6, 0.4], [0.9, 0.6, 0.5]], [[0.6, -0.6, -0.4], [0.9, 0.6, -0.3]], [[0.6, 0.1, 0.5], [0.9, 0.2, 1.0]], [[0.6, -0.3, -0.4], [0.9, -0.2, 0.5]], [[0.6, 0.2, -1.0], [0.9, 0.3, -0.3]]]
start: [0.80759999999999998, 1.5547599999999999, -1.6499999999999999, 1.2703800000000001, -4.7042700000000002, -1.4903999999999999, 0.46309]
tajectories: [[0.8076, 1.55476, -1.65, 1.27038, -4.70427, -1.4904, 0.46309], [0.88642, 1.52751, -1.56842, 1.42033, -4.66635, -1.13022, 0.75073], [0.96524, 1.50026, -1.48683, 1.57028, -4.62842, -0.77004, 1.03838], [1.04407, 1.47301, -1.40525, 1.72023, -4.59049, -0.40987, 1.32602], [1.12289, 1.44576, -1.32367, 1.87018, -4.55256, -0.04969, 1.61366], [1.20171, 1.41851, -1.24208, 2.02012, -4.51464, 0.31049, 1.90131], [1.28053, 1.39126, -1.1605, 2.17007, -4.47671, 0.67067, 2.18895], [1.33398, 1.37278, -1.10517, 2.27176, -4.45099, 0.91492, 2.38402], [1.36511, 1.24242, -1.10094, 2.37199, -3.98679, 0.97741, 2.33307], [1.39623, 1.11207, -1.0967, 2.47222, -3.5226, 1.03989, 2.28213], [1.42735, 0.98171, -1.09247, 2.57244, -3.05841, 1.10237, 2.23118], [1.45847, 0.85136, -1.08823, 2.67267, -2.59421, 1.16486, 2.18023], [1.4896, 0.721, -1.084, 2.7729, -2.13002, 1.22734, 2.12929], [1.5126, 0.62466, -1.08086, 2.84697, -1.78696, 1.27352, 2.09163], [1.18552, 0.62816, -0.88373, 2.7642, -1.47568, 1.27765, 2.07218], [0.85844, 0.63166, -0.68659, 2.68143, -1.16439, 1.28179, 2.05273], [0.53136, 0.63516, -0.48945, 2.59867, -0.85311, 1.28592, 2.03328], [0.20429, 0.63865, -0.29231, 2.5159, -0.54182, 1.29006, 2.01383], [-0.12279, 0.64215, -0.09517, 2.43313, -0.23054, 1.29419, 1.99437], [-0.12525, 0.64218, -0.09368, 2.43251, -0.22819, 1.29423, 1.99423], [-0.1521, 0.66788, -0.33712, 2.39791, -0.1235, 1.30333, 1.57338], [-0.17895, 0.69357, -0.58056, 2.36331, -0.01881, 1.31244, 1.15253], [-0.2058, 0.71927, -0.824, 2.32871, 0.08588, 1.32155, 0.73168], [-0.23265, 0.74497, -1.06744, 2.29412, 0.19058, 1.33065, 0.31082], [-0.2595, 0.77066, -1.31088, 2.25952, 0.29527, 1.33976, -0.11003], [-0.28635, 0.79636, -1.55432, 2.22492, 0.39996, 1.34887, -0.53088], [-0.3132, 0.82206, -1.79776, 2.19033, 0.50465, 1.35797, -0.95173], [-0.32162, 0.83011, -1.87405, 2.17949, 0.53746, 1.36083, -1.0836], [-0.31587, 0.83713, -1.83878, 1.92399, 0.1491, 1.29715, -1.25247], [-0.31011, 0.84416, -1.80351, 1.6685, -0.23926, 1.23347, -1.42134], [-0.30436, 0.85119, -1.76825, 1.413, -0.62763, 1.16979, -1.5902], [-0.29861, 0.85821, -1.73298, 1.15751, -1.01599, 1.10612, -1.75907], [-0.29286, 0.86524, -1.69771, 0.90201, -1.40435, 1.04244, -1.92794], [-0.28711, 0.87227, -1.66245, 0.64652, -1.79271, 0.97876, -2.09681]]
end: [-0.28508, 0.87475000000000003, -1.6499999999999999, 0.55635000000000001, -1.9297800000000001, 0.95628999999999997, -2.1564000000000001]
obtacles: [[[0.6, 0.5, -1.0], [0.9, 0.6, 1.0]], [[0.6, -0.6, -1.0], [0.9, -0.5, 1.0]], [[0.6, -0.6, 0.9], [0.9, 0.6, 1.0]], [[0.6, -0.6, -1.0], [0.9, 0.6, -0.9]], [[0.6, -0.6, 0.4], [0.9, 0.6, 0.5]], [[0.6, -0.6, -0.4], [0.9, 0.6, -0.3]], [[0.6, 0.1, 0.5], [0.9, 0.2, 1.0]], [[0.6, -0.3, -0.4], [0.9, -0.2, 0.5]], [[0.6, 0.2, -1.0], [0.9, 0.3, -0.3]]]
start: [0.96079999999999999, 1.7592300000000001, -1.6000000000000001, 1.45062, -1.3802300000000001, 1.5647800000000001, -2.6551100000000001]
tajectories: [[0.9608, 1.75923, -1.6, 1.45062, -1.38023, 1.56478, -2.65511], [1.06284, 1.65627, -1.26908, 1.55143, -1.16632, 1.3334, -2.55501], [1.16489, 1.5533, -0.93816, 1.65225, -0.95241, 1.10201, -2.45492], [1.26693, 1.45034, -0.60724, 1.75306, -0.7385, 0.87063, -2.35482], [1.36897, 1.34737, -0.27632, 1.85387, -0.52459, 0.63925, -2.25472], [1.47102, 1.2444, 0.0546, 1.95469, -0.31069, 0.40787, -2.15463], [1.57306, 1.14144, 0.38551, 2.0555, -0.09678, 0.17648, -2.05453], [1.6751, 1.03847, 0.71643, 2.15632, 0.11713, -0.0549, -1.95443], [1.68773, 1.02573, 0.75739, 2.16879, 0.14361, -0.08354, -1.94204], [1.50801, 0.72691, 0.60294, 2.08436, 0.04042, -0.29949, -2.14238], [1.32828, 0.42808, 0.44848, 1.99992, -0.06276, -0.51545, -2.34272], [1.14856, 0.12926, 0.29403, 1.91548, -0.16594, -0.73141, -2.54305], [0.96883, -0.16956, 0.13957, 1.83105, -0.26913, -0.94737, -2.74339], [0.86132, -0.3483, 0.04718, 1.78054, -0.33085, -1.07654, -2.86323], [0.80923, -0.46713, -0.23665, 1.79978, -0.52704, -1.14818, -2.53366], [0.75713, -0.58596, -0.52049, 1.81903, -0.72323, -1.21982, -2.2041], [0.70504, -0.70479, -0.80432, 1.83827, -0.91942, -1.29146, -1.87454], [0.65294, -0.82361, -1.08815, 1.85752, -1.11562, -1.36309, -1.54498], [0.60084, -0.94244, -1.37199, 1.87676, -1.31181, -1.43473, -1.21542], [0.56447, -1.02542, -1.57018, 1.8902, -1.44881, -1.48475, -0.98529], [0.85129, -1.00106, -1.39744, 1.73157, -1.67744, -1.48218, -0.74064], [1.13811, -0.97671, -1.2247, 1.57293, -1.90608, -1.47962, -0.49599], [1.42493, -0.95235, -1.05196, 1.41429, -2.13472, -1.47705, -0.25134], [1.71175, -0.928, -0.87922, 1.25566, -2.36336, -1.47448, -0.00669], [1.99857, -0.90364, -0.70647, 1.09702, -2.592, -1.47191, 0.23796], [2.07572, -0.89709, -0.66001, 1.05435, -2.6535, -1.47122, 0.30377], [2.16296, -0.89877, -0.89918, 0.95853, -2.25665, -1.37276, 0.2099], [2.25019, -0.90046, -1.13836, 0.8627, -1.85979, -1.2743, 0.11604], [2.33742, -0.90214, -1.37754, 0.76688, -1.46293, -1.17584, 0.02217]]
end: [2.4185599999999998, -0.90371000000000001, -1.6000000000000001, 0.67776000000000003, -1.0938099999999999, -1.08426, -0.065140000000000003]
obtacles: [[[0.6, 0.5, -1.0], [0.9, 0.6, 1.0]], [[0.6, -0.6, -1.0], [0.9, -0.5, 1.0]], [[0.6, -0.6, 0.9], [0.9, 0.6, 1.0]], [[0.6, -0.6, -1.0], [0.9, 0.6, -0.9]], [[0.6, -0.6, 0.4], [0.9, 0.6, 0.5]], [[0.6, -0.6, -0.4], [0.9, 0.6, -0.3]], [[0.6, 0.1, 0.5], [0.9, 0.2, 1.0]], [[0.6, -0.3, -0.4], [0.9, -0.2, 0.5]], [[0.6, 0.2, -1.0], [0.9, 0.3, -0.3]]]
start: [0.68798999999999999, 1.80158, -1.6499999999999999, 1.38446, -1.32927, 1.53748, -2.4583499999999998]
tajectories: [[0.68799, 1.80158, -1.65, 1.38446, -1.32927, 1.53748, -2.45835], [0.85079, 1.80416, -1.84054, 1.61689, -1.01541, 1.41698, -2.31646], [1.01358, 1.80674, -2.03108, 1.84931, -0.70154, 1.29649, -2.17457], [1.17638, 1.80931, -2.22161, 2.08174, -0.38768, 1.176, -2.03268], [1.33918, 1.81189, -2.41215, 2.31417, -0.07381, 1.05551, -1.89078], [1.34923, 1.81205, -2.42393, 2.32853, -0.05442, 1.04806, -1.88202], [1.07061, 1.44451, -2.46423, 2.42324, -0.12038, 0.90743, -1.83141], [0.79199, 1.07697, -2.50454, 2.51795, -0.18634, 0.76679, -1.7808], [0.56991, 0.78401, -2.53667, 2.59344, -0.23892, 0.6547, -1.74046], [0.2307, 0.83622, -2.49189, 2.34552, -0.4269, 0.8176, -1.82334], [-0.1085, 0.88844, -2.44712, 2.09759, -0.61489, 0.98049, -1.90622], [-0.44771, 0.94065, -2.40235, 1.84967, -0.80287, 1.14339, -1.9891], [-0.5639, 0.95854, -2.38701, 1.76474, -0.86726, 1.19919, -2.01749], [-0.44112, 0.91702, -2.18795, 1.48288, -1.19873, 1.13958, -2.0441], [-0.31833, 0.87551, -1.98889, 1.20103, -1.5302, 1.07997, -2.07071], [-0.19554, 0.834, -1.78982, 0.91917, -1.86166, 1.02036, -2.09732]]
end: [-0.10929, 0.80484, -1.6499999999999999, 0.72119, -2.09449, 0.97848999999999997, -2.1160100000000002]
obtacles: [[[0.6, 0.5, -1.0], [0.9, 0.6, 1.0]], [[0.6, -0.6, -1.0], [0.9, -0.5, 1.0]], [[0.6, -0.6, 0.9], [0.9, 0.6, 1.0]], [[0.6, -0.6, -1.0], [0.9, 0.6, -0.9]], [[0.6, -0.6, 0.4], [0.9, 0.6, 0.5]], [[0.6, -0.6, -0.4], [0.9, 0.6, -0.3]], [[0.6, 0.1, 0.5], [0.9, 0.2, 1.0]], [[0.6, -0.3, -0.4], [0.9, -0.2, 0.5]], [[0.6, 0.2, -1.0], [0.9, 0.3, -0.3]]]
start: [0.85004999999999997, 0.76409000000000005, -1.45, 0.76166, 0.88798999999999995, -1.0871900000000001, 0.03483]
tajectories: [[0.85005, 0.76409, -1.45, 0.76166, 0.88799, -1.08719, 0.03483], [1.03794, 0.68774, -1.3831, 0.75982, 0.82325, -0.97169, -0.39744], [1.22582, 0.61139, -1.31619, 0.75798, 0.75852, -0.85618, -0.82971], [1.41371, 0.53504, -1.24929, 0.75614, 0.69378, -0.74068, -1.26199], [1.60159, 0.45869, -1.18239, 0.7543, 0.62904, -0.62517, -1.69426], [1.78948, 0.38234, -1.11548, 0.75245, 0.56431, -0.50967, -2.12653], [1.89288, 0.34032, -1.07866, 0.75144, 0.52868, -0.44609, -2.36444], [1.8282, 0.35583, -1.13648, 1.20429, 0.42257, -0.29108, -2.32115], [1.76352, 0.37135, -1.19429, 1.65714, 0.31647, -0.13607, -2.27785], [1.69884, 0.38686, -1.25211, 2.10998, 0.21037, 0.01895, -2.23456], [1.6837, 0.39049, -1.26564, 2.216, 0.18553, 0.05524, -2.22443], [1.54906, 0.81118, -1.3841, 2.17867, 0.1137, 0.21974, -2.30955], [1.41442, 1.23187, -1.50256, 2.14134, 0.04187, 0.38424, -2.39468], [1.27978, 1.65256, -1.62102, 2.10401, -0.02996, 0.54874, -2.47981], [1.2757, 1.6653, -1.62461, 2.10288, -0.03214, 0.55372, -2.48239], [1.05498, 1.71681, -1.63094, 1.91241, -0.3385, 0.8061, -2.41344], [0.83426, 1.76833, -1.63728, 1.72195, -0.64487, 1.05848, -2.34448], [0.61353, 1.81984, -1.64361, 1.53149, -0.95124, 1.31086, -2.27553], [0.39281, 1.87135, -1.64995, 1.34102, -1.2576, 1.56324, -2.20657]]
end: [0.39111000000000001, 1.87174, -1.6499999999999999, 1.3395600000000001, -1.25996, 1.56518, -2.2060399999999998]
obtacles: [[[0.6, 0.5, -1.0], [0.9, 0.6, 1.0]], [[0.6, -0.6, -1.0], [0.9, -0.5, 1.0]], [[0.6, -0.6, 0.9], [0.9, 0.6, 1.0]], [[0.6, -0.6, -1.0], [0.9, 0.6, -0.9]], [[0.6, -0.6, 0.4], [0.9, 0.6, 0.5]], [[0.6, -0.6, -0.4], [0.9, 0.6, -0.3]], [[0.6, 0.1, 0.5], [0.9, 0.2, 1.0]], [[0.6, -0.3, -0.4], [0.9, -0.2, 0.5]], [[0.6, 0.2, -1.0], [0.9, 0.3, -0.3]]]
start: [0.59738000000000002, 1.8067800000000001, -1.7, 1.1395599999999999, -1.30281, 1.5547200000000001, -2.6169099999999998]
tajectories: [[0.59738, 1.80678, -1.7, 1.13956, -1.30281, 1.55472, -2.61691], [0.69956, 1.78197, -1.66753, 1.47461, -1.57719, 1.33103, -2.59925], [0.80175, 1.75716, -1.63506, 1.80966, -1.85157, 1.10735, -2.58158], [0.90393, 1.73235, -1.60258, 2.14471, -2.12595, 0.88367, -2.56392], [1.00611, 1.70754, -1.57011, 2.47976, -2.40033, 0.65999, -2.54625], [1.08897, 1.68743, -1.54378, 2.75145, -2.62282, 0.47861, -2.53192], [1.00207, 1.44166, -1.8316, 2.50867, -2.66244, 0.62945, -2.65818], [0.91517, 1.1959, -2.11942, 2.26589, -2.70207, 0.7803, -2.78443], [0.82827, 0.95013, -2.40725, 2.02311, -2.74169, 0.93115, -2.91068], [0.78312, 0.82243, -2.5568, 1.89696, -2.76228, 1.00953, -2.97628], [0.57929, 0.81899, -2.35374, 1.57254, -2.56462, 0.97678, -2.82859], [0.37546, 0.81555, -2.15067, 1.24811, -2.36696, 0.94403, -2.6809], [0.17164, 0.8121, -1.94761, 0.92369, -2.16929, 0.91127, -2.5332], [-0.03219, 0.80866, -1.74454, 0.59926, -1.97163, 0.87852, -2.38551]]
end: [-0.076899999999999996, 0.80791000000000002, -1.7, 0.52810000000000001, -1.92828, 0.87134, -2.35311]
obtacles: [[[0.6, 0.5, -1.0], [0.9, 0.6, 1.0]], [[0.6, -0.6, -1.0], [0.9, -0.5, 1.0]], [[0.6, -0.6, 0.9], [0.9, 0.6, 1.0]], [[0.6, -0.6, -1.0], [0.9, 0.6, -0.9]], [[0.6, -0.6, 0.4], [0.9, 0.6, 0.5]], [[0.6, -0.6, -0.4], [0.9, 0.6, -0.3]], [[0.6, 0.1, 0.5], [0.9, 0.2, 1.0]], [[0.6, -0.3, -0.4], [0.9, -0.2, 0.5]], [[0.6, 0.2, -1.0], [0.9, 0.3, -0.3]]]
start: [0.60370000000000001, 1.95625, -1.6499999999999999, 1.4411400000000001, -1.17839, 1.54671, -2.3244099999999999]
tajectories: [[0.6037, 1.95625, -1.65, 1.44114, -1.17839, 1.54671, -2.32441], [0.66251, 1.73925, -1.49506, 1.61629, -0.88852, 1.30396, -2.28175], [0.72133, 1.52224, -1.34012, 1.79144, -0.59866, 1.06122, -2.23909], [0.78014, 1.30524, -1.18518, 1.96659, -0.30879, 0.81848, -2.19643], [0.83895, 1.08824, -1.03024, 2.14174, -0.01892, 0.57574, -2.15377], [0.89777, 0.87123, -0.8753, 2.3169, 0.27095, 0.333, -2.11111], [0.95658, 0.65423, -0.72036, 2.49205, 0.56082, 0.09026, -2.06846], [1.01539, 0.43723, -0.56543, 2.6672, 0.85068, -0.15249, -2.0258], [1.04902, 0.31317, -0.47685, 2.76733, 1.01639, -0.29126, -2.00141], [1.00068, 0.22194, -0.86849, 2.59387, 0.82982, -0.42888, -2.04747], [0.95234, 0.1307, -1.26013, 2.42041, 0.64326, -0.5665, -2.09353], [0.904, 0.03946, -1.65177, 2.24695, 0.45669, -0.70412, -2.13959], [0.85566, -0.05177, -2.04341, 2.07349, 0.27012, -0.84174, -2.18565], [0.85279, -0.05719, -2.06669, 2.06318, 0.25903, -0.84992, -2.18838], [0.72468, 0.06649, -2.02729, 1.95699, -0.10465, -0.91057, -1.92472], [0.59656, 0.19018, -1.98789, 1.8508, -0.46833, -0.97122, -1.66105], [0.46845, 0.31386, -1.94849, 1.74461, -0.83201, -1.03187, -1.39738], [0.34034, 0.43755, -1.90909, 1.63842, -1.19568, -1.09252, -1.13372], [0.21371, 0.5598, -1.87014, 1.53346, -1.55515, -1.15247, -0.87311], [0.2469, 0.58514, -1.83157, 1.42556, -1.68524, -0.7678, -1.13812], [0.28008, 0.61048, -1.793, 1.31766, -1.81533, -0.38313, -1.40312], [0.31327, 0.63582, -1.75442, 1.20977, -1.94543, 0.00155, -1.66813], [0.34645, 0.66116, -1.71585, 1.10187, -2.07552, 0.38622, -1.93314], [0.37964, 0.68651, -1.67728, 0.99397, -2.20562, 0.77089, -2.19815]]
end: [0.40310000000000001, 0.70442000000000005, -1.6499999999999999, 0.91768000000000005, -2.2976000000000001, 1.0428900000000001, -2.3855400000000002]
obtacles: [[[0.6, 0.5, -1.0], [0.9, 0.6, 1.0]], [[0.6, -0.6, -1.0], [0.9, -0.5, 1.0]], [[0.6, -0.6, 0.9], [0.9, 0.6, 1.0]], [[0.6, -0.6, -1.0], [0.9, 0.6, -0.9]], [[0.6, -0.6, 0.4], [0.9, 0.6, 0.5]], [[0.6, -0.6, -0.4], [0.9, 0.6, -0.3]], [[0.6, 0.1, 0.5], [0.9, 0.2, 1.0]], [[0.6, -0.3, -0.4], [0.9, -0.2, 0.5]], [[0.6, 0.2, -1.0], [0.9, 0.3, -0.3]]]
start: [0.62866, 1.6509799999999999, -1.6000000000000001, 1.6429100000000001, -1.49288, 1.53599, -2.1298699999999999]
tajectories: [[0.62866, 1.65098, -1.6, 1.64291, -1.49288, 1.53599, -2.12987], [0.63566, 1.65693, -1.61531, 1.54769, -1.79853, 1.21986, -1.91248], [0.64266, 1.66288, -1.63063, 1.45247, -2.10418, 0.90374, -1.69509], [0.64966, 1.66883, -1.64594, 1.35725, -2.40983, 0.58762, -1.4777], [0.65666, 1.67478, -1.66126, 1.26203, -2.71548, 0.27149, -1.26031], [0.66367, 1.68074, -1.67657, 1.16681, -3.02113, -0.04463, -1.04293], [0.67067, 1.68669, -1.69189, 1.07159, -3.32678, -0.36076, -0.82554], [0.67767, 1.69264, -1.7072, 0.97637, -3.63243, -0.67688, -0.60815], [0.68467, 1.69859, -1.72252, 0.88115, -3.93808, -0.993, -0.39076], [0.69167, 1.70454, -1.73783, 0.78593, -4.24373, -1.30913, -0.17337]]
end: [0.69723999999999997, 1.7092700000000001, -1.75, 0.71026, -4.4866099999999998, -1.5603400000000001, -0.00062]
obtacles: [[[0.6, 0.5, -1.0], [0.9, 0.6, 1.0]], [[0.6, -0.6, -1.0], [0.9, -0.5, 1.0]], [[0.6, -0.6, 0.9], [0.9, 0.6, 1.0]], [[0.6, -0.6, -1.0], [0.9, 0.6, -0.9]], [[0.6, -0.6, 0.4], [0.9, 0.6, 0.5]], [[0.6, -0.6, -0.4], [0.9, 0.6, -0.3]], [[0.6, 0.1, 0.5], [0.9, 0.2, 1.0]], [[0.6, -0.3, -0.4], [0.9, -0.2, 0.5]], [[0.6, 0.2, -1.0], [0.9, 0.3, -0.3]]]
start: [0.47721000000000002, 1.8416699999999999, -2.0499999999999998, 0.57020999999999999, -4.1673299999999998, -1.5562199999999999, 0.022370000000000001]
tajectories: [[0.47721, 1.84167, -2.05, 0.57021, -4.16733, -1.55622, 0.02237], [0.48195, 1.72207, -1.69128, 0.7824, -4.18804, -1.34735, -0.11147], [0.48669, 1.60248, -1.33256, 0.99459, -4.20875, -1.13848, -0.24531], [0.49143, 1.48288, -0.97385, 1.20678, -4.22946, -0.92961, -0.37916], [0.49617, 1.36328, -0.61513, 1.41897, -4.25018, -0.72073, -0.513], [0.49996, 1.26761, -0.32816, 1.58872, -4.26674, -0.55364, -0.62007], [0.73272, 1.11312, -0.37805, 1.78711, -4.09987, -0.72619, -0.8893], [0.96548, 0.95863, -0.42794, 1.9855, -3.93299, -0.89874, -1.15853], [1.19824, 0.80414, -0.47783, 2.18389, -3.76612, -1.07129, -1.42776], [1.43101, 0.64965, -0.52772, 2.38228, -3.59925, -1.24384, -1.697], [1.57083, 0.55684, -0.55769, 2.50145, -3.499, -1.3475, -1.85873], [1.40821, 0.39047, -0.74043, 2.60018, -3.33946, -1.00324, -1.76513], [1.24558, 0.22409, -0.92318, 2.6989, -3.17991, -0.65898, -1.67153], [1.08296, 0.05771, -1.10592, 2.79762, -3.02037, -0.31472, -1.57793], [0.92033, -0.10866, -1.28867, 2.89634, -2.86082, 0.02954, -1.48433], [0.75771, -0.27504, -1.47142, 2.99506, -2.70128, 0.3738, -1.39073], [0.73813, -0.29507, -1.49342, 3.00695, -2.68207, 0.41525, -1.37946], [0.6645, -0.0568, -1.60428, 2.63832, -2.56942, 0.52196, -1.50416], [0.59087, 0.18148, -1.71514, 2.26969, -2.45677, 0.62866, -1.62886], [0.51725, 0.41975, -1.826, 1.90106, -2.34412, 0.73537, -1.75356], [0.44362, 0.65803, -1.93686, 1.53243, -2.23147, 0.84207, -1.87826], [0.36999, 0.8963, -2.04772, 1.1638, -2.11882, 0.94878, -2.00296]]
end: [0.36847999999999997, 0.9012, -2.0499999999999998, 1.1562300000000001, -2.1165099999999999, 0.95096999999999998, -2.0055299999999998]
obtacles: [[[0.6, 0.5, -1.0], [0.9, 0.6, 1.0]], [[0.6, -0.6, -1.0], [0.9, -0.5, 1.0]], [[0.6, -0.6, 0.9], [0.9, 0.6, 1.0]], [[0.6, -0.6, -1.0], [0.9, 0.6, -0.9]], [[0.6, -0.6, 0.4], [0.9, 0.6, 0.5]], [[0.6, -0.6, -0.4], [0.9, 0.6, -0.3]], [[0.6, 0.1, 0.5], [0.9, 0.2, 1.0]], [[0.6, -0.3, -0.4], [0.9, -0.2, 0.5]], [[0.6, 0.2, -1.0], [0.9, 0.3, -0.3]]]
start: [0.57826, 1.9263399999999999, -2.0499999999999998, 1.17394, -1.04016, 1.3035300000000001, -2.7066699999999999]
tajectories: [[0.57826, 1.92634, -2.05, 1.17394, -1.04016, 1.30353, -2.70667], [0.61307, 1.87021, -1.92505, 1.32445, -1.06972, 1.21037, -2.2619], [0.64789, 1.81408, -1.8001, 1.47496, -1.09929, 1.1172, -1.81713], [0.6827, 1.75795, -1.67515, 1.62546, -1.12885, 1.02403, -1.37237], [0.71752, 1.70182, -1.5502, 1.77597, -1.15842, 0.93087, -0.9276], [0.75233, 1.64568, -1.42525, 1.92648, -1.18799, 0.8377, -0.48283], [0.78715, 1.58955, -1.3003, 2.07699, -1.21755, 0.74453, -0.03807], [0.82196, 1.53342, -1.17535, 2.2275, -1.24712, 0.65136, 0.4067], [0.84615, 1.49442, -1.08854, 2.33206, -1.26766, 0.58664, 0.7157], [0.51276, 1.26732, -0.88843, 2.38962, -1.25202, 0.43528, 0.85981], [0.17937, 1.04023, -0.68831, 2.44718, -1.23637, 0.28392, 1.00391], [-0.15402, 0.81313, -0.4882, 2.50474, -1.22073, 0.13256, 1.14801], [-0.4874, 0.58603, -0.28808, 2.5623, -1.20509, -0.01879, 1.29212], [-0.82079, 0.35894, -0.08796, 2.61986, -1.18945, -0.17015, 1.43622], [-0.92484, 0.28806, -0.02551, 2.63782, -1.18457, -0.21739, 1.48119], [-0.73757, 0.31298, -0.42608, 2.57616, -1.02259, -0.25638, 1.33188], [-0.5503, 0.3379, -0.82665, 2.51451, -0.8606, -0.29536, 1.18257], [-0.36303, 0.36282, -1.22722, 2.45285, -0.69862, -0.33435, 1.03326], [-0.17576, 0.38774, -1.62779, 2.39119, -0.53664, -0.37334, 0.88395], [0.01151, 0.41266, -2.02836, 2.32954, -0.37466, -0.41233, 0.73464], [0.04836, 0.41757, -2.10718, 2.31741, -0.34278, -0.42, 0.70526], [0.39356, 0.23393, -2.09907, 2.035, -0.42185, -0.51033, 0.65155], [0.73876, 0.05028, -2.09095, 1.7526, -0.50091, -0.60065, 0.59784], [1.08396, -0.13336, -2.08284, 1.4702, -0.57997, -0.69098, 0.54413], [1.42916, -0.317, -2.07472, 1.18779, -0.65903, -0.78131, 0.49042], [1.77436, -0.50065, -2.06661, 0.90539, -0.7381, -0.87163, 0.43672], [2.11956, -0.68429, -2.0585, 0.62299, -0.81716, -0.96196, 0.38301], [2.46476, -0.86793, -2.05038, 0.34058, -0.89622, -1.05229, 0.3293]]
end: [2.4809399999999999, -0.87653999999999999, -2.0499999999999998, 0.32734999999999997, -0.89993000000000001, -1.0565199999999999, 0.32678000000000001]
