obtacles: [[[0.6, 0.5, -1.0], [0.9, 0.6, 1.0]], [[0.6, -0.6, -1.0], [0.9, -0.5, 1.0]], [[0.6, -0.6, 0.9], [0.9, 0.6, 1.0]], [[0.6, -0.6, -1.0], [0.9, 0.6, -0.9]], [[0.6, -0.6, 0.3], [0.9, 0.6, 0.4]], [[0.6, -0.6, -0.5], [0.9, 0.6, -0.4]], [[0.6, 0.2, 0.4], [0.9, 0.3, 1.0]], [[0.6, 0.1, -0.5], [0.9, 0.2, 0.4]], [[0.6, 0.1, -1.0], [0.9, 0.2, -0.4]]]
start: [1.0798000000000001, 1.91347, -1.55, 1.75376, -1.2299800000000001, 1.52891, -2.4712499999999999]
tajectories: [[1.0798, 1.91347, -1.55, 1.75376, -1.22998, 1.52891, -2.47125], [1.2337, 1.87072, -1.36901, 1.65962, -0.85552, 1.49142, -2.26816], [1.38759, 1.82796, -1.18802, 1.56548, -0.48106, 1.45392, -2.06508], [1.54148, 1.7852, -1.00703, 1.47134, -0.10661, 1.41643, -1.86199], [1.69538, 1.74245, -0.82604, 1.3772, 0.26785, 1.37894, -1.6589], [1.75612, 1.72557, -0.75459, 1.34004, 0.41566, 1.36414, -1.57874], [1.82155, 1.42147, -0.77786, 1.54103, 0.28652, 1.05534, -1.5622], [1.88698, 1.11736, -0.80112, 1.74202, 0.15738, 0.74655, -1.54566], [1.95242, 0.81326, -0.82439, 1.94301, 0.02824, 0.43776, -1.52912], [1.96115, 0.77265, -0.8275, 1.96985, 0.011, 0.39653, -1.52691], [1.86082, 0.39339, -0.94854, 1.76632, 0.02047, 0.39443, -1.32709], [1.76048, 0.01414, -1.06958, 1.56279, 0.02994, 0.39233, -1.12726], [1.68814, -0.2593, -1.15685, 1.41605, 0.03677, 0.39081, -0.98319], [1.84251, -0.38043, -1.36268, 1.26535, -0.07941, 0.08585, -0.7834], [1.99689, -0.50155, -1.56852, 1.11466, -0.1956, -0.21911, -0.58361], [2.15127, -0.62267, -1.77436, 0.96396, -0.31178, -0.52408, -0.38382], [2.30565, -0.7438, -1.9802, 0.81327, -0.42797, -0.82904, -0.18403], [2.46003, -0.86492, -2.18604, 0.66258, -0.54415, -1.13401, 0.01575]]
end: [2.5830000000000002, -0.96140000000000003, -2.3500000000000001, 0.54254000000000002, -0.63670000000000004, -1.3769199999999999, 0.17488999999999999]
obtacles: [[[0.6, 0.5, -1.0], [0.9, 0.6, 1.0]], [[0.6, -0.6, -1.0], [0.9, -0.5, 1.0]], [[0.6, -0.6, 0.9], [0.9, 0.6, 1.0]], [[0.6, -0.6, -1.0], [0.9, 0.6, -0.9]], [[0.6, -0.6, 0.3], [0.9, 0.6, 0.4]], [[0.6, -0.6, -0.5], [0.9, 0.6, -0.4]], [[0.6, 0.2, 0.4], [0.9, 0.3, 1.0]], [[0.6, 0.1, -0.5], [0.9, 0.2, 0.4]], [[0.6, 0.1, -1.0], [0.9, 0.2, -0.4]]]
start: [0.087230000000000002, 0.61651, -1.25, 0.80517000000000005, -2.4867499999999998, 1.12191, -2.3664200000000002]
tajectories: [[0.08723, 0.61651, -1.25, 0.80517, -2.48675, 1.12191, -2.36642], [0.05538, 0.5179, -1.46396, 1.1346, -2.40417, 0.84349, -2.39138], [0.02354, 0.41928, -1.67792, 1.46403, -2.32159, 0.56507, -2.41634], [-0.00831, 0.32067, -1.89188, 1.79345, -2.23901, 0.28665, -2.4413], [-0.04016, 0.22205, -2.10583, 2.12288, -2.15643, 0.00823, -2.46626], [-0.072, 0.12343, -2.31979, 2.45231, -2.07385, -0.27019, -2.49122], [-0.07645, 0.10964, -2.34972, 2.49839, -2.0623, -0.30914, -2.49471], [0.26559, -0.1841, -2.25444, 2.45575, -1.95004, -0.268, -2.34796], [0.60764, -0.47783, -2.15915, 2.41311, -1.83779, -0.22686, -2.20122], [0.94968, -0.77157, -2.06387, 2.37048, -1.72554, -0.18572, -2.05448], [1.29173, -1.06531, -1.96858, 2.32784, -1.61328, -0.14459, -1.90774], [1.38657, -1.14675, -1.94216, 2.31602, -1.58216, -0.13318, -1.86705], [1.57572, -1.28795, -1.81952, 2.1048, -1.66445, -0.36884, -1.59812], [1.76486, -1.42916, -1.69687, 1.89358, -1.74674, -0.6045, -1.32919], [1.95401, -1.57036, -1.57423, 1.68237, -1.82904, -0.84016, -1.06026], [2.14316, -1.71156, -1.45158, 1.47115, -1.91133, -1.07582, -0.79133], [2.3323, -1.85276, -1.32894, 1.25994, -1.99362, -1.31148, -0.5224]]
end: [2.45404, -1.94364, -1.25, 1.12399, -2.0465900000000001, -1.46315, -0.34931000000000001]
obtacles: [[[0.6, 0.5, -1.0], [0.9, 0.6, 1.0]], [[0.6, -0.6, -1.0], [0.9, -0.5, 1.0]], [[0.6, -0.6, 0.9], [0.9, 0.6, 1.0]], [[0.6, -0.6, -1.0], [0.9, 0.6, -0.9]], [[0.6, -0.6, 0.3], [0.9, 0.6, 0.4]], [[0.6, -0.6, -0.5], [0.9, 0.6, -0.4]], [[0.6, 0.2, 0.4], [0.9, 0.3, 1.0]], [[0.6, 0.1, -0.5], [0.9, 0.2, 0.4]], [[0.6, 0.1, -1.0], [0.9, 0.2, -0.4]]]
start: [2.4104399999999999, -1.9573, -1.7, 1.9681999999999999, -1.9757899999999999, -1.53494, -1.25501]
tajectories: [[2.41044, -1.9573, -1.7, 1.9682, -1.97579, -1.53494, -1.25501], [2.04605, -1.78473, -1.62615, 2.08261, -1.96809, -1.53047, -1.51733], [1.68166, -1.61216, -1.55229, 2.19701, -1.96038, -1.526, -1.77966], [1.31726, -1.43959, -1.47844, 2.31141, -1.95268, -1.52153, -2.04199], [0.95287, -1.26703, -1.40458, 2.42582, -1.94498, -1.51706, -2.30432], [0.58848, -1.09446, -1.33073, 2.54022, -1.93727, -1.51259, -2.56665], [0.22409, -0.92189, -1.25688, 2.65462, -1.92957, -1.50812, -2.82898], [0.14056, -0.88233, -1.23995, 2.68085, -1.9278, -1.5071, -2.88911], [0.32981, -0.97927, -1.00589, 2.3264, -1.89844, -1.41646, -2.76546], [0.51907, -1.07621, -0.77182, 1.97195, -1.86907, -1.32582, -2.64181], [0.70833, -1.17315, -0.53776, 1.61751, -1.83971, -1.23518, -2.51816], [0.89515, -1.26885, -0.30671, 1.26761, -1.81072, -1.1457, -2.39609], [1.1589, -1.17302, -0.5238, 1.20215, -1.64551, -1.13629, -2.09202], [1.42264, -1.07719, -0.74088, 1.1367, -1.4803, -1.12688, -1.78794], [1.68638, -0.98135, -0.95797, 1.07124, -1.3151, -1.11747, -1.48386], [1.95012, -0.88552, -1.17506, 1.00578, -1.14989, -1.10806, -1.17979], [2.21387, -0.78969, -1.39214, 0.94032, -0.98468, -1.09865, -0.87571], [2.47761, -0.69386, -1.60923, 0.87486, -0.81947, -1.08925, -0.57164]]
end: [2.5878899999999998, -0.65378999999999998, -1.7, 0.84748999999999997, -0.75039, -1.08531, -0.44449]
obtacles: [[[0.6, 0.5, -1.0], [0.9, 0.6, 1.0]], [[0.6, -0.6, -1.0], [0.9, -0.5, 1.0]], [[0.6, -0.6, 0.9], [0.9, 0.6, 1.0]], [[0.6, -0.6, -1.0], [0.9, 0.6, -0.9]], [[0.6, -0.6, 0.3], [0.9, 0.6, 0.4]], [[0.6, -0.6, -0.5], [0.9, 0.6, -0.4]], [[0.6, 0.2, 0.4], [0.9, 0.3, 1.0]], [[0.6, 0.1, -0.5], [0.9, 0.2, 0.4]], [[0.6, 0.1, -1.0], [0.9, 0.2, -0.4]]]
start: [0.13785, 0.82887, -1.75, 0.82221999999999995, -2.0806800000000001, 0.98104999999999998, -2.2293799999999999]
tajectories: [[0.13785, 0.82887, -1.75, 0.82222, -2.08068, 0.98105, -2.22938], [-0.0614, 0.85606, -1.9036, 0.92674, -2.15845, 1.05274, -1.82459], [-0.26065, 0.88324, -2.05721, 1.03126, -2.23622, 1.12443, -1.4198], [-0.45989, 0.91042, -2.21081, 1.13578, -2.31398, 1.19612, -1.01501], [-0.65914, 0.93761, -2.36442, 1.2403, -2.39175, 1.26782, -0.61022], [-0.85839, 0.96479, -2.51802, 1.34482, -2.46952, 1.33951, -0.20543], [-0.87335, 0.96683, -2.52956, 1.35267, -2.47536, 1.34489, -0.17503], [-0.63265, 0.71341, -2.32615, 1.44813, -2.20415, 1.30206, -0.21938], [-0.39196, 0.45999, -2.12274, 1.5436, -1.93294, 1.25923, -0.26373], [-0.15127, 0.20657, -1.91933, 1.63907, -1.66173, 1.2164, -0.30808], [0.08942, -0.04685, -1.71592, 1.73453, -1.39052, 1.17357, -0.35243], [0.33012, -0.30027, -1.51251, 1.83, -1.1193, 1.13074, -0.39677], [0.57081, -0.55369, -1.3091, 1.92546, -0.84809, 1.08791, -0.44112], [0.8115, -0.80711, -1.10569, 2.02093, -0.57688, 1.04508, -0.48547], [0.88417, -0.88363, -1.04427, 2.04975, -0.495, 1.03215, -0.49886], [1.09379, -0.49867, -0.9212, 2.05876, -0.49333, 1.05988, -0.70348], [1.30341, -0.11372, -0.79812, 2.06777, -0.49167, 1.08761, -0.9081], [1.51302, 0.27124, -0.67504, 2.07678, -0.49, 1.11534, -1.11272], [1.72264, 0.6562, -0.55196, 2.08579, -0.48834, 1.14307, -1.31733], [1.93226, 1.04115, -0.42889, 2.0948, -0.48667, 1.1708, -1.52195], [2.14187, 1.42611, -0.30581, 2.1038, -0.48501, 1.19852, -1.72657], [2.2474, 1.61991, -0.24384, 2.10834, -0.48417, 1.21248, -1.82959], [1.97647, 1.69042, -0.57301, 2.00632, -0.64183, 1.24872, -1.99298], [1.70553, 1.76092, -0.90218, 1.9043, -0.79949, 1.28495, -2.15637], [1.4346, 1.83143, -1.23134, 1.80228, -0.95714, 1.32119, -2.31975], [1.16366, 1.90193, -1.56051, 1.70025, -1.1148, 1.35742, -2.48314]]
end: [1.00769, 1.94252, -1.75, 1.6415200000000001, -1.20556, 1.3782799999999999, -2.5771999999999999]
obtacles: [[[0.6, 0.5, -1.0], [0.9, 0.6, 1.0]], [[0.6, -0.6, -1.0], [0.9, -0.5, 1.0]], [[0.6, -0.6, 0.9], [0.9, 0.6, 1.0]], [[0.6, -0.6, -1.0], [0.9, 0.6, -0.9]], [[0.6, -0.6, 0.3], [0.9, 0.6, 0.4]], [[0.6, -0.6, -0.5], [0.9, 0.6, -0.4]], [[0.6, 0.2, 0.4], [0.9, 0.3, 1.0]], [[0.6, 0.1, -0.5], [0.9, 0.2, 0.4]], [[0.6, 0.1, -1.0], [0.9, 0.2, -0.4]]]
start: [2.4586399999999999, -1.90079, -1.6000000000000001, 1.6741600000000001, -1.90198, -1.56484, -0.99507000000000001]
tajectories: [[2.45864, -1.90079, -1.6, 1.67416, -1.90198, -1.56484, -0.99507], [2.13587, -1.69715, -1.72176, 1.85954, -1.99479, -1.46523, -0.80372], [1.81309, -1.4935, -1.84352, 2.04493, -2.08759, -1.36562, -0.61237], [1.49032, -1.28986, -1.96529, 2.23032, -2.18039, -1.26602, -0.42101], [1.16754, -1.08621, -2.08705, 2.41571, -2.2732, -1.16641, -0.22966], [0.84477, -0.88257, -2.20881, 2.6011, -2.366, -1.0668, -0.03831], [0.68561, -0.78216, -2.26885, 2.69251, -2.41176, -1.01769, 0.05605], [0.734, -0.98371, -2.09214, 2.49818, -2.29567, -1.00111, 0.4086], [0.7824, -1.18526, -1.91543, 2.30384, -2.17957, -0.98454, 0.76115], [0.83079, -1.38681, -1.73871, 2.10951, -2.06348, -0.96797, 1.1137], [0.87919, -1.58836, -1.562, 1.91518, -1.94738, -0.95139, 1.46625], [0.92758, -1.78991, -1.38529, 1.72085, -1.83129, -0.93482, 1.8188], [0.93988, -1.84115, -1.34036, 1.67144, -1.80177, -0.93061, 1.90843], [1.08049, -1.61542, -1.30273, 2.00055, -1.68654, -0.97657, 1.67573], [1.2211, -1.38968, -1.2651, 2.32966, -1.5713, -1.02253, 1.44303], [1.36171, -1.16394, -1.22747, 2.65877, -1.45607, -1.06849, 1.21032], [1.50232, -0.93821, -1.18984, 2.98788, -1.34084, -1.11445, 0.97762], [1.56281, -0.84108, -1.17365, 3.12949, -1.29126, -1.13422, 0.8775], [1.71174, -0.81549, -1.25028, 2.71406, -1.21086, -1.11656, 0.67269], [1.86066, -0.78989, -1.32691, 2.29864, -1.13047, -1.09891, 0.46789], [2.00958, -0.7643, -1.40354, 1.88322, -1.05008, -1.08125, 0.26309], [2.1585, -0.7387, -1.48017, 1.46779, -0.96968, -1.06359, 0.05829], [2.30742, -0.71311, -1.5568, 1.05237, -0.88929, -1.04593, -0.14652]]
end: [2.3913700000000002, -0.69867999999999997, -1.6000000000000001, 0.81816999999999995, -0.84397, -1.0359700000000001, -0.26197999999999999]
obtacles: [[[0.6, 0.5, -1.0], [0.9, 0.6, 1.0]], [[0.6, -0.6, -1.0], [0.9, -0.5, 1.0]], [[0.6, -0.6, 0.9], [0.9, 0.6, 1.0]], [[0.6, -0.6, -1.0], [0.9, 0.6, -0.9]], [[0.6, -0.6, 0.3], [0.9, 0.6, 0.4]], [[0.6, -0.6, -0.5], [0.9, 0.6, -0.4]], [[0.6, 0.2, 0.4], [0.9, 0.3, 1.0]], [[0.6, 0.1, -0.5], [0.9, 0.2, 0.4]], [[0.6, 0.1, -1.0], [0.9, 0.2, -0.4]]]
start: [0.97680999999999996, 1.78298, -1.6499999999999999, 1.2424599999999999, -1.3445800000000001, 1.56549, -2.8849800000000001]
tajectories: [[0.97681, 1.78298, -1.65, 1.24246, -1.34458, 1.56549, -2.88498], [1.01924, 1.67679, -1.40156, 1.47411, -1.63406, 1.40026, -2.78283], [1.06168, 1.5706, -1.15311, 1.70577, -1.92353, 1.23504, -2.68067], [1.10411, 1.4644, -0.90467, 1.93743, -2.21301, 1.06981, -2.57851], [1.14655, 1.35821, -0.65623, 2.16908, -2.50249, 0.90458, -2.47635], [1.18899, 1.25202, -0.40779, 2.40074, -2.79196, 0.73935, -2.37419], [1.23142, 1.14583, -0.15934, 2.6324, -3.08144, 0.57412, -2.27203], [1.2455, 1.11059, -0.0769, 2.70927, -3.1775, 0.5193, -2.23813], [1.27936, 0.91988, -0.06744, 2.74281, -2.76868, 0.33216, -2.14265], [1.31321, 0.72917, -0.05797, 2.77636, -2.35986, 0.14503, -2.04718], [1.34706, 0.53846, -0.0485, 2.80991, -1.95104, -0.04211, -1.9517], [1.38092, 0.34776, -0.03903, 2.84346, -1.54222, -0.22925, -1.85622], [1.38993, 0.297, -0.03651, 2.85239, -1.4334, -0.27906, -1.83081], [1.31635, 0.07754, -0.15788, 2.66996, -1.28128, -0.39216, -1.49543], [1.24277, -0.14191, -0.27925, 2.48754, -1.12915, -0.50527, -1.16005], [1.16919, -0.36137, -0.40062, 2.30511, -0.97703, -0.61838, -0.82467], [1.09561, -0.58082, -0.522, 2.12269, -0.8249, -0.73149, -0.48929], [1.08426, -0.61468, -0.54072, 2.09455, -0.80143, -0.74894, -0.43755], [1.33816, -0.69995, -0.83539, 1.86927, -0.83899, -0.93298, -0.36405], [1.59205, -0.78523, -1.13006, 1.64399, -0.87655, -1.11703, -0.29054], [1.84594, -0.87051, -1.42473, 1.41871, -0.91411, -1.30107, -0.21704]]
end: [2.0400399999999999, -0.93571000000000004, -1.6499999999999999, 1.2464900000000001, -0.94282999999999995, -1.44177, -0.16084999999999999]
obtacles: [[[0.6, 0.5, -1.0], [0.9, 0.6, 1.0]], [[0.6, -0.6, -1.0], [0.9, -0.5, 1.0]], [[0.6, -0.6, 0.9], [0.9, 0.6, 1.0]], [[0.6, -0.6, -1.0], [0.9, 0.6, -0.9]], [[0.6, -0.6, 0.3], [0.9, 0.6, 0.4]], [[0.6, -0.6, -0.5], [0.9, 0.6, -0.4]], [[0.6, 0.2, 0.4], [0.9, 0.3, 1.0]], [[0.6, 0.1, -0.5], [0.9, 0.2, 0.4]], [[0.6, 0.1, -1.0], [0.9, 0.2, -0.4]]]
start: [1.02434, 1.7460100000000001, -1.6000000000000001, 1.47241, -1.3935500000000001, 1.55931, -2.6971099999999999]
tajectories: [[1.02434, 1.74601, -1.6, 1.47241, -1.39355, 1.55931, -2.69711], [1.14112, 1.71843, -1.52067, 1.72156, -1.59498, 1.43694, -2.36291], [1.25789, 1.69084, -1.44133, 1.9707, -1.7964, 1.31458, -2.0287], [1.37467, 1.66326, -1.362, 2.21984, -1.99782, 1.19221, -1.6945], [1.49144, 1.63567, -1.28266, 2.46898, -2.19924, 1.06985, -1.36029], [1.60822, 1.60809, -1.20333, 2.71812, -2.40067, 0.94749, -1.02608], [1.67029, 1.59342, -1.16116, 2.85056, -2.50773, 0.88244, -0.84844], [1.73444, 1.36486, -1.02358, 2.86667, -2.53297, 0.76668, -1.24896], [1.79859, 1.13629, -0.88601, 2.88279, -2.5582, 0.65093, -1.64948], [1.86274, 0.90773, -0.74843, 2.8989, -2.58344, 0.53517, -2.05001], [1.92689, 0.67916, -0.61085, 2.91502, -2.60868, 0.41941, -2.45053], [1.99104, 0.4506, -0.47328, 2.93113, -2.63391, 0.30365, -2.85105], [2.0101, 0.38271, -0.43241, 2.93592, -2.64141, 0.26927, -2.97001], [1.64474, 0.26049, -0.40646, 2.73678, -2.65722, 0.2414, -2.72461], [1.27938, 0.13826, -0.3805, 2.53765, -2.67304, 0.21354, -2.47921], [0.91403, 0.01604, -0.35455, 2.33852, -2.68885, 0.18567, -2.23382], [0.54867, -0.10618, -0.32859, 2.13938, -2.70467, 0.1578, -1.98842], [0.21922, -0.2164, -0.30518, 1.95982, -2.71893, 0.13267, -1.76713], [0.15801, 0.01032, -0.58801, 1.73149, -2.60437, 0.34909, -1.8198], [0.0968, 0.23703, -0.87083, 1.50317, -2.48981, 0.56552, -1.87246], [0.0356, 0.46374, -1.15365, 1.27484, -2.37525, 0.78194, -1.92512], [-0.02561, 0.69045, -1.43647, 1.04652, -2.2607, 0.99836, -1.97778]]
end: [-0.060999999999999999, 0.82154000000000005, -1.6000000000000001, 0.91449999999999998, -2.1944599999999999, 1.1234900000000001, -2.0082300000000002]
obtacles: [[[0.6, 0.5, -1.0], [0.9, 0.6, 1.0]], [[0.6, -0.6, -1.0], [0.9, -0.5, 1.0]], [[0.6, -0.6, 0.9], [0.9, 0.6, 1.0]], [[0.6, -0.6, -1.0], [0.9, 0.6, -0.9]], [[0.6, -0.6, 0.3], [0.9, 0.6, 0.4]], [[0.6, -0.6, -0.5], [0.9, 0.6, -0.4]], [[0.6, 0.2, 0.4], [0.9, 0.3, 1.0]], [[0.6, 0.1, -0.5], [0.9, 0.2, 0.4]], [[0.6, 0.1, -1.0], [0.9, 0.2, -0.4]]]
start: [0.34682000000000002, 0.89244999999999997, -1.6000000000000001, 1.4696199999999999, -2.24505, 1.4846900000000001, -1.9782900000000001]
tajectories: [[0.34682, 0.89245, -1.6, 1.46962, -2.24505, 1.48469, -1.97829], [0.36193, 0.54007, -1.52347, 1.42202, -1.93623, 1.45498, -2.12397], [0.37705, 0.18769, -1.44695, 1.37441, -1.6274, 1.42527, -2.26965], [0.39216, -0.16469, -1.37042, 1.3268, -1.31858, 1.39555, -2.41532], [0.40727, -0.51708, -1.29389, 1.27919, -1.00976, 1.36584, -2.561], [0.42238, -0.86946, -1.21737, 1.23158, -0.70094, 1.33613, -2.70668], [0.43749, -1.22184, -1.14084, 1.18398, -0.39212, 1.30642, -2.85235], [0.44385, -1.37008, -1.10865, 1.16395, -0.2622, 1.29392, -2.91364], [0.67989, -1.09348, -1.07785, 1.40836, -0.04985, 1.18604, -2.89471], [0.91594, -0.81688, -1.04705, 1.65277, 0.16251, 1.07816, -2.87578], [1.15198, -0.54027, -1.01625, 1.89718, 0.37486, 0.97029, -2.85685], [1.38803, -0.26367, -0.98545, 2.14159, 0.58721, 0.86241, -2.83792], [1.62407, 0.01293, -0.95465, 2.38601, 0.79957, 0.75454, -2.81899], [1.86011, 0.28953, -0.92385, 2.63042, 1.01192, 0.64666, -2.80006], [1.96357, 0.41076, -0.91035, 2.73754, 1.10499, 0.59938, -2.79176], [1.83915, 0.64053, -1.01924, 2.54203, 0.77115, 0.74103, -2.80307], [1.71474, 0.87031, -1.12812, 2.34651, 0.4373, 0.88267, -2.81438], [1.59033, 1.10008, -1.23701, 2.151, 0.10345, 1.02432, -2.82569], [1.46591, 1.32985, -1.3459, 1.95549, -0.23039, 1.16597, -2.837], [1.3415, 1.55962, -1.45478, 1.75998, -0.56424, 1.30761, -2.84831], [1.21708, 1.7894, -1.56367, 1.56447, -0.89808, 1.44926, -2.85962]]
end: [1.1184400000000001, 1.9715800000000001, -1.6499999999999999, 1.4094500000000001, -1.1627799999999999, 1.5615699999999999, -2.8685900000000002]
obtacles: [[[0.6, 0.5, -1.0], [0.9, 0.6, 1.0]], [[0.6, -0.6, -1.0], [0.9, -0.5, 1.0]], [[0.6, -0.6, 0.9], [0.9, 0.6, 1.0]], [[0.6, -0.6, -1.0], [0.9, 0.6, -0.9]], [[0.6, -0.6, 0.3], [0.9, 0.6, 0.4]], [[0.6, -0.6, -0.5], [0.9, 0.6, -0.4]], [[0.6, 0.2, 0.4], [0.9, 0.3, 1.0]], [[0.6, 0.1, -0.5], [0.9, 0.2, 0.4]], [[0.6, 0.1, -1.0], [0.9, 0.2, -0.4]]]
start: [2.0461299999999998, -1.8347800000000001, -1.2, 1.76366, -1.77789, -1.1665399999999999, -0.57582]
tajectories: [[2.04613, -1.83478, -1.2, 1.76366, -1.77789, -1.16654, -0.57582], [1.84876, -1.7277, -1.41927, 1.78178, -1.78194, -1.16534, -0.18703], [1.6514, -1.62062, -1.63855, 1.7999, -1.786, -1.16414, 0.20175], [1.45403, -1.51354, -1.85782, 1.81802, -1.79005, -1.16293, 0.59054], [1.25667, -1.40646, -2.07709, 1.83614, -1.7941, -1.16173, 0.97932], [1.0593, -1.29938, -2.29637, 1.85426, -1.79816, -1.16053, 1.36811], [0.86194, -1.19231, -2.51564, 1.87238, -1.80221, -1.15932, 1.7569], [0.69818, -1.10346, -2.69758, 1.88741, -1.80558, -1.15833, 2.07949], [0.61095, -1.06444, -2.47603, 1.59574, -1.72851, -0.84549, 2.13345], [0.52373, -1.02542, -2.25449, 1.30408, -1.65145, -0.53265, 2.1874], [0.4365, -0.98641, -2.03294, 1.01241, -1.57438, -0.21982, 2.24136], [0.34928, -0.94739, -1.81139, 0.72074, -1.49731, 0.09302, 2.29531], [0.26205, -0.90837, -1.58984, 0.42908, -1.42025, 0.40586, 2.34926], [0.17483, -0.86935, -1.3683, 0.13741, -1.34318, 0.71869, 2.40322], [0.0876, -0.83034, -1.14675, -0.15425, -1.26612, 1.03153, 2.45717], [0.05145, -0.81416, -1.05492, -0.27515, -1.23417, 1.16121, 2.47954], [0.33877, -0.76152, -0.73896, -0.13876, -1.4437, 1.1548, 2.52747], [0.6261, -0.70887, -0.423, -0.00237, -1.65324, 1.1484, 2.5754], [0.91342, -0.65623, -0.10704, 0.13402, -1.86277, 1.142, 2.62333], [1.20074, -0.60359, 0.20892, 0.27041, -2.0723, 1.13559, 2.67127], [1.48807, -0.55094, 0.52487, 0.40679, -2.28183, 1.12919, 2.7192], [1.74934, -0.50307, 0.81218, 0.53082, -2.47236, 1.12337, 2.76278], [1.58419, -0.22928, 0.43785, 0.57373, -2.42905, 1.1684, 2.8063], [1.41904, 0.04452, 0.06352, 0.61664, -2.38573, 1.21343, 2.84981], [1.2539, 0.31831, -0.31081, 0.65955, -2.34242, 1.25847, 2.89332], [1.08875, 0.5921, -0.68515, 0.70245, -2.2991, 1.3035, 2.93684], [0.9236, 0.86589, -1.05948, 0.74536, -2.25578, 1.34854, 2.98035]]
end: [0.86160000000000003, 0.96867000000000003, -1.2, 0.76146999999999998, -2.2395200000000002, 1.36544, 2.99668]
obtacles: [[[0.6, 0.5, -1.0], [0.9, 0.6, 1.0]], [[0.6, -0.6, -1.0], [0.9, -0.5, 1.0]], [[0.6, -0.6, 0.9], [0.9, 0.6, 1.0]], [[0.6, -0.6, -1.0], [0.9, 0.6, -0.9]], [[0.6, -0.6, 0.3], [0.9, 0.6, 0.4]], [[0.6, -0.6, -0.5], [0.9, 0.6, -0.4]], [[0.6, 0.2, 0.4], [0.9, 0.3, 1.0]], [[0.6, 0.1, -0.5], [0.9, 0.2, 0.4]], [[0.6, 0.1, -1.0], [0.9, 0.2, -0.4]]]
start: [-2.1434700000000002, -1.5769299999999999, 1.55, 1.7565900000000001, -1.5686100000000001, 1.54922, -2.3832100000000001]
tajectories: [[-2.14347, -1.57693, 1.55, 1.75659, -1.56861, 1.54922, -2.38321], [-1.89923, -1.64377, 1.63255, 1.84353, -1.27763, 1.2789, -2.26589], [-1.655, -1.71061, 1.7151, 1.93047, -0.98666, 1.00857, -2.14857], [-1.41076, -1.77745, 1.79765, 2.01741, -0.69568, 0.73824, -2.03125], [-1.16652, -1.84429, 1.8802, 2.10435, -0.4047, 0.46792, -1.91393], [-1.05771, -1.87407, 1.91698, 2.14308, -0.27507, 0.34748, -1.86166], [-1.11628, -1.45095, 1.96, 1.97705, -0.37328, 0.20702, -1.76812], [-1.17484, -1.02783, 2.00302, 1.81101, -0.47149, 0.06656, -1.67459], [-1.23341, -0.60471, 2.04604, 1.64498, -0.56969, -0.07391, -1.58105], [-1.29197, -0.18159, 2.08906, 1.47895, -0.6679, -0.21437, -1.48751], [-1.31773, 0.00452, 2.10798, 1.40592, -0.71109, -0.27616, -1.44636], [-1.26586, 0.32556, 2.29122, 1.50337, -0.70909, -0.44142, -1.1746], [-1.21399, 0.6466, 2.47445, 1.60083, -0.70708, -0.60669, -0.90283], [-1.17884, 0.86415, 2.59862, 1.66686, -0.70573, -0.71868, -0.71867], [-1.09056, 0.90798, 2.33481, 1.37993, -0.84681, -0.82125, -0.47799], [-1.00228, 0.95181, 2.071, 1.09299, -0.9879, -0.92382, -0.2373], [-0.914, 0.99564, 1.80719, 0.80605, -1.12898, -1.02639, 0.00339]]
end: [-0.82793000000000005, 1.03837, 1.55, 0.52632000000000001, -1.2665200000000001, -1.12639, 0.23802999999999999]
obtacles: [[[0.6, 0.5, -1.0], [0.9, 0.6, 1.0]], [[0.6, -0.6, -1.0], [0.9, -0.5, 1.0]], [[0.6, -0.6, 0.9], [0.9, 0.6, 1.0]], [[0.6, -0.6, -1.0], [0.9, 0.6, -0.9]], [[0.6, -0.6, 0.3], [0.9, 0.6, 0.4]], [[0.6, -0.6, -0.5], [0.9, 0.6, -0.4]], [[0.6, 0.2, 0.4], [0.9, 0.3, 1.0]], [[0.6, 0.1, -0.5], [0.9, 0.2, 0.4]], [[0.6, 0.1, -1.0], [0.9, 0.2, -0.4]]]
start: [-2.0720900000000002, -1.7562, 1.55, 1.6144400000000001, -1.3864000000000001, 1.54233, -2.6012200000000001]
tajectories: [[-2.07209, -1.7562, 1.55, 1.61444, -1.3864, 1.54233, -2.60122], [-1.96127, -1.6168, 1.5926, 1.79778, -1.65132, 1.342, -2.33188], [-1.85045, -1.47739, 1.63521, 1.98111, -1.91624, 1.14167, -2.06254], [-1.73963, -1.33798, 1.67781, 2.16444, -2.18116, 0.94134, -1.7932], [-1.62882, -1.19857, 1.72042, 2.34778, -2.44608, 0.74101, -1.52386], [-1.518, -1.05916, 1.76302, 2.53111, -2.711, 0.54068, -1.25452], [-1.40718, -0.91976, 1.80562, 2.71445, -2.97592, 0.34034, -0.98518], [-1.3042, -0.7902, 1.84522, 2.88482, -3.22211, 0.15417, -0.73488], [-1.34614, -0.50696, 1.87226, 2.58598, -3.45368, 0.08247, -0.59628], [-1.38807, -0.22371, 1.8993, 2.28715, -3.68526, 0.01076, -0.45767], [-1.43001, 0.05953, 1.92634, 1.98831, -3.91683, -0.06094, -0.31907], [-1.47195, 0.34278, 1.95338, 1.68947, -4.1484, -0.13265, -0.18047], [-1.47746, 0.37997, 1.95693, 1.65023, -4.17881, -0.14206, -0.16227], [-1.35129, 0.45377, 1.89853, 1.47637, -3.75497, -0.2618, -0.13035], [-1.22512, 0.52756, 1.84014, 1.30251, -3.33112, -0.38154, -0.09844], [-1.09896, 0.60135, 1.78174, 1.12865, -2.90728, -0.50128, -0.06653], [-0.97279, 0.67515, 1.72335, 0.95479, -2.48344, -0.62101, -0.03462], [-0.84663, 0.74894, 1.66495, 0.78093, -2.05959, -0.74075, -0.0027], [-0.72046, 0.82274, 1.60656, 0.60707, -1.63575, -0.86049, 0.02921]]
end: [-0.59826999999999997, 0.89420999999999995, 1.55, 0.43869000000000002, -1.22525, -0.97645999999999999, 0.06012]
obtacles: [[[0.6, 0.5, -1.0], [0.9, 0.6, 1.0]], [[0.6, -0.6, -1.0], [0.9, -0.5, 1.0]], [[0.6, -0.6, 0.9], [0.9, 0.6, 1.0]], [[0.6, -0.6, -1.0], [0.9, 0.6, -0.9]], [[0.6, -0.6, 0.3], [0.9, 0.6, 0.4]], [[0.6, -0.6, -0.5], [0.9, 0.6, -0.4]], [[0.6, 0.2, 0.4], [0.9, 0.3, 1.0]], [[0.6, 0.1, -0.5], [0.9, 0.2, 0.4]], [[0.6, 0.1, -1.0], [0.9, 0.2, -0.4]]]
start: [-2.0953300000000001, -1.8667400000000001, 1.45, 1.2444999999999999, -1.2521899999999999, 1.5550999999999999, -2.9639099999999998]
tajectories: [[-2.09533, -1.86674, 1.45, 1.2445, -1.25219, 1.5551, -2.96391], [-1.88836, -1.78986, 1.45381, 1.65531, -1.33249, 1.45446, -2.83783], [-1.68139, -1.71297, 1.45763, 2.06612, -1.41278, 1.35383, -2.71174], [-1.47442, -1.63609, 1.46144, 2.47693, -1.49308, 1.25319, -2.58566], [-1.26744, -1.5592, 1.46525, 2.88774, -1.57338, 1.15256, -2.45958], [-1.18947, -1.53024, 1.46669, 3.04252, -1.60363, 1.11465, -2.41207], [-1.48066, -1.40763, 1.3582, 2.76604, -1.40764, 1.00306, -2.30671], [-1.77185, -1.28503, 1.2497, 2.48957, -1.21164, 0.89147, -2.20134], [-2.06305, -1.16242, 1.14121, 2.21309, -1.01565, 0.77989, -2.09597], [-2.11359, -1.14114, 1.12238, 2.16511, -0.98164, 0.76052, -2.07769], [-2.14312, -0.85752, 1.05329, 1.9812, -0.96941, 0.4588, -1.88045], [-2.17265, -0.57389, 0.9842, 1.79729, -0.95718, 0.15707, -1.68322], [-2.20219, -0.29027, 0.91511, 1.61338, -0.94495, -0.14465, -1.48598], [-2.20901, -0.22471, 0.89913, 1.57087, -0.94212, -0.2144, -1.44039], [-2.0673, -0.00095, 1.11119, 1.48318, -1.1526, -0.36346, -1.19407], [-1.9256, 0.2228, 1.32326, 1.39549, -1.36308, -0.51252, -0.94775], [-1.78389, 0.44655, 1.53532, 1.3078, -1.57356, -0.66158, -0.70143], [-1.7303, 0.53116, 1.61551, 1.27463, -1.65316, -0.71795, -0.60828], [-1.36498, 0.61087, 1.56255, 1.17469, -1.3915, -0.88096, -0.55973], [-0.99966, 0.69057, 1.50958, 1.07474, -1.12984, -1.04397, -0.51118], [-0.63434, 0.77027, 1.45662, 0.97479, -0.86819, -1.20698, -0.46263]]
end: [-0.58869000000000005, 0.78022999999999998, 1.45, 0.96230000000000004, -0.83550000000000002, -1.2273499999999999, -0.45656000000000002]
