obtacles: [[[0.6, 0.5, -1.0], [0.9, 0.6, 1.0]], [[0.6, -0.6, -1.0], [0.9, -0.5, 1.0]], [[0.6, -0.6, 0.9], [0.9, 0.6, 1.0]], [[0.6, -0.6, -1.0], [0.9, 0.6, -0.9]], [[0.6, -0.6, 0.4], [0.9, 0.6, 0.5]], [[0.6, -0.6, -0.4], [0.9, 0.6, -0.3]], [[0.6, -0.1, 0.5], [0.9, 0.0, 1.0]], [[0.6, 0.1, -0.4], [0.9, 0.2, 0.5]], [[0.6, 0.0, -1.0], [0.9, 0.1, -0.3]]]
start: [2.1824699999999999, -1.76546, -0.90000000000000002, 1.41046, 1.2118800000000001, 0.96287, 2.8719800000000002]
tajectories: [[2.18247, -1.76546, -0.9, 1.41046, 1.21188, 0.96287, 2.87198], [2.13981, -1.74975, -0.95614, 1.5232, 0.98469, 0.59994, 2.65122], [2.09714, -1.73403, -1.01228, 1.63594, 0.75749, 0.23701, 2.43046], [2.05447, -1.71831, -1.06842, 1.74868, 0.5303, -0.12592, 2.2097], [2.0118, -1.70259, -1.12455, 1.86142, 0.30311, -0.48885, 1.98894], [1.96914, -1.68687, -1.18069, 1.97416, 0.07591, -0.85178, 1.76818], [1.95229, -1.68067, -1.20285, 2.01866, -0.01376, -0.99503, 1.68105], [1.84937, -1.69718, -1.24428, 2.08486, -0.35665, -0.77488, 1.42222], [1.74644, -1.71369, -1.28571, 2.15106, -0.69955, -0.55474, 1.16338], [1.64351, -1.73019, -1.32714, 2.21726, -1.04244, -0.3346, 0.90455], [1.54058, -1.7467, -1.36857, 2.28346, -1.38534, -0.11446, 0.64571], [1.43766, -1.76321, -1.41, 2.34966, -1.72823, 0.10568, 0.38688], [1.33473, -1.77972, -1.45143, 2.41586, -2.07112, 0.32582, 0.12805], [1.32377, -1.78148, -1.45584, 2.42291, -2.10762, 0.34925, 0.1005], [1.28065, -1.51875, -1.38801, 2.37753, -2.07641, 0.2506, -0.30168], [1.23753, -1.25602, -1.32018, 2.33215, -2.04521, 0.15194, -0.70386], [1.1944, -0.99329, -1.25234, 2.28677, -2.01401, 0.05329, -1.10603], [1.15128, -0.73056, -1.18451, 2.24139, -1.9828, -0.04537, -1.50821], [1.11292, -0.49689, -1.12418, 2.20103, -1.95505, -0.13311, -1.86591], [1.27894, -0.18785, -1.09366, 2.27325, -1.67961, -0.01125, -2.03929], [1.44495, 0.1212, -1.06314, 2.34547, -1.40416, 0.11062, -2.21268], [1.61097, 0.43025, -1.03262, 2.41769, -1.12872, 0.23248, -2.38606], [1.69829, 0.59281, -1.01656, 2.45568, -0.98383, 0.29659, -2.47727], [1.56404, 0.88931, -1.155, 2.2416, -1.02804, 0.56671, -2.5417], [1.42978, 1.18581, -1.29344, 2.02752, -1.07225, 0.83682, -2.60613], [1.29553, 1.48231, -1.43188, 1.81345, -1.11647, 1.10694, -2.67056], [1.16127, 1.7788, -1.57032, 1.59937, -1.16068, 1.37706, -2.73499]]
end: [1.0840000000000001, 1.94946, -1.6499999999999999, 1.4761500000000001, -1.1861299999999999, 1.53254, -2.7720799999999999]
obtacles: [[[0.6, 0.5, -1.0], [0.9, 0.6, 1.0]], [[0.6, -0.6, -1.0], [0.9, -0.5, 1.0]], [[0.6, -0.6, 0.9], [0.9, 0.6, 1.0]], [[0.6, -0.6, -1.0], [0.9, 0.6, -0.9]], [[0.6, -0.6, 0.4], [0.9, 0.6, 0.5]], [[0.6, -0.6, -0.4], [0.9, 0.6, -0.3]], [[0.6, -0.1, 0.5], [0.9, 0.0, 1.0]], [[0.6, 0.1, -0.4], [0.9, 0.2, 0.5]], [[0.6, 0.0, -1.0], [0.9, 0.1, -0.3]]]
start: [2.46699, -1.47516, -1.5, 1.79952, -1.46149, -1.5238499999999999, -1.1308800000000001]
tajectories: [[2.46699, -1.47516, -1.5, 1.79952, -1.46149, -1.52385, -1.13088], [2.51058, -1.8095, -1.5, 1.9154, -1.77125, -1.4167, -1.25519]]
end: [2.52372, -1.9102399999999999, -1.5, 1.95031, -1.8645799999999999, -1.3844099999999999, -1.2926500000000001]
obtacles: [[[0.6, 0.5, -1.0], [0.9, 0.6, 1.0]], [[0.6, -0.6, -1.0], [0.9, -0.5, 1.0]], [[0.6, -0.6, 0.9], [0.9, 0.6, 1.0]], [[0.6, -0.6, -1.0], [0.9, 0.6, -0.9]], [[0.6, -0.6, 0.4], [0.9, 0.6, 0.5]], [[0.6, -0.6, -0.4], [0.9, 0.6, -0.3]], [[0.6, -0.1, 0.5], [0.9, 0.0, 1.0]], [[0.6, 0.1, -0.4], [0.9, 0.2, 0.5]], [[0.6, 0.0, -1.0], [0.9, 0.1, -0.3]]]
start: [0.78408, 0.85511999999999999, 1.6499999999999999, -0.66944000000000004, -2.1137600000000001, -1.0730299999999999, -0.0030200000000000001]
tajectories: [[0.78408, 0.85512, 1.65, -0.66944, -2.11376, -1.07303, -0.00302], [0.82041, 0.73317, 1.8334, -0.60238, -1.74904, -1.09784, -0.2521], [0.85673, 0.61123, 2.01681, -0.53531, -1.38433, -1.12265, -0.50118], [0.89305, 0.48928, 2.20021, -0.46825, -1.01961, -1.14746, -0.75026], [0.92938, 0.36734, 2.38361, -0.40118, -0.65489, -1.17227, -0.99934], [0.95732, 0.27353, 2.52469, -0.34959, -0.37433, -1.19136, -1.19095], [0.76674, 0.22443, 2.15262, -0.15444, -0.54817, -1.25187, -1.22026], [0.57617, 0.17533, 1.78054, 0.04072, -0.72201, -1.31238, -1.24956], [0.38559, 0.12623, 1.40846, 0.23588, -0.89585, -1.37288, -1.27887], [0.19501, 0.07713, 1.03638, 0.43104, -1.0697, -1.43339, -1.30818], [0.00443, 0.02803, 0.66431, 0.6262, -1.24354, -1.4939, -1.33749], [-0.12651, -0.0057, 0.40866, 0.76029, -1.36298, -1.53547, -1.35763], [-0.28596, -0.04821, 0.37534, 1.08448, -1.66001, -1.37742, -1.29974], [-0.44542, -0.09072, 0.34203, 1.40867, -1.95704, -1.21937, -1.24185], [-0.60487, -0.13323, 0.30871, 1.73286, -2.25407, -1.06132, -1.18396], [-0.76432, -0.17574, 0.2754, 2.05705, -2.55111, -0.90326, -1.12607], [-0.92154, -0.21765, 0.24255, 2.37669, -2.84397, -0.74743, -1.06899], [-1.13791, 0.02963, 0.47611, 2.24106, -2.93768, -0.82173, -0.83492], [-1.35429, 0.27691, 0.70967, 2.10544, -3.03138, -0.89603, -0.60085], [-1.57067, 0.52418, 0.94323, 1.96981, -3.12509, -0.97034, -0.36679], [-1.69479, 0.66603, 1.07721, 1.89201, -3.17884, -1.01296, -0.23252], [-1.52058, 0.94707, 1.21174, 1.84191, -2.86767, -1.11896, -0.34203], [-1.34637, 1.22812, 1.34627, 1.79181, -2.5565, -1.22496, -0.45155], [-1.17215, 1.50916, 1.48081, 1.74171, -2.24533, -1.33096, -0.56107], [-0.99794, 1.7902, 1.61534, 1.69162, -1.93417, -1.43697, -0.67059]]
end: [-0.95306000000000002, 1.8626, 1.6499999999999999, 1.6787099999999999, -1.8540000000000001, -1.46427, -0.69881000000000004]
obtacles: [[[0.6, 0.5, -1.0], [0.9, 0.6, 1.0]], [[0.6, -0.6, -1.0], [0.9, -0.5, 1.0]], [[0.6, -0.6, 0.9], [0.9, 0.6, 1.0]], [[0.6, -0.6, -1.0], [0.9, 0.6, -0.9]], [[0.6, -0.6, 0.4], [0.9, 0.6, 0.5]], [[0.6, -0.6, -0.4], [0.9, 0.6, -0.3]], [[0.6, -0.1, 0.5], [0.9, 0.0, 1.0]], [[0.6, 0.1, -0.4], [0.9, 0.2, 0.5]], [[0.6, 0.0, -1.0], [0.9, 0.1, -0.3]]]
start: [-0.34229999999999999, 0.71774000000000004, 1.6499999999999999, 1.0599400000000001, -0.80400000000000005, -1.14428, -0.92789999999999995]
tajectories: [[-0.3423, 0.71774, 1.65, 1.05994, -0.804, -1.14428, -0.9279], [-0.18188, 0.53788, 1.43045, 1.29534, -0.98791, -0.97699, -1.09064], [-0.02145, 0.35802, 1.2109, 1.53074, -1.17182, -0.80969, -1.25339], [0.13898, 0.17816, 0.99135, 1.76614, -1.35573, -0.64239, -1.41614], [0.2994, -0.0017, 0.7718, 2.00155, -1.53964, -0.4751, -1.57888], [0.43187, -0.15022, 0.59051, 2.19592, -1.6915, -0.33696, -1.71327], [0.63365, -0.06311, 0.3183, 2.3097, -1.57667, -0.45762, -1.41847], [0.83543, 0.024, 0.04609, 2.42348, -1.46183, -0.57828, -1.12367], [1.03721, 0.11111, -0.22613, 2.53725, -1.347, -0.69894, -0.82887], [1.23898, 0.19822, -0.49834, 2.65103, -1.23217, -0.8196, -0.53407], [1.44076, 0.28533, -0.77055, 2.7648, -1.11734, -0.94026, -0.23927], [1.64254, 0.37244, -1.04277, 2.87858, -1.00251, -1.06092, 0.05553], [1.64861, 0.37506, -1.05096, 2.882, -0.99905, -1.06455, 0.0644], [1.56045, 0.02028, -1.04723, 2.86588, -1.00034, -0.8709, 0.34471], [1.47228, -0.33451, -1.0435, 2.84975, -1.00163, -0.67724, 0.62502], [1.38411, -0.6893, -1.03976, 2.83362, -1.00293, -0.48359, 0.90533], [1.29595, -1.04409, -1.03603, 2.8175, -1.00422, -0.28993, 1.18564], [1.20778, -1.39888, -1.0323, 2.80137, -1.00551, -0.09628, 1.46595], [1.14805, -1.63927, -1.02978, 2.79045, -1.00638, 0.03494, 1.65588], [1.32026, -1.68632, -1.09664, 2.59603, -1.14426, -0.19236, 1.33155], [1.49247, -1.73336, -1.16351, 2.40161, -1.28213, -0.41966, 1.00722], [1.66468, -1.78041, -1.23037, 2.2072, -1.42, -0.64695, 0.68289], [1.83689, -1.82746, -1.29724, 2.01278, -1.55788, -0.87425, 0.35856], [2.0091, -1.87451, -1.3641, 1.81836, -1.69575, -1.10155, 0.03424], [2.18131, -1.92155, -1.43097, 1.62395, -1.83362, -1.32884, -0.29009], [2.35352, -1.9686, -1.49784, 1.42953, -1.9715, -1.55614, -0.61442]]
end: [2.3591000000000002, -1.9701200000000001, -1.5, 1.4232400000000001, -1.9759599999999999, -1.56349, -0.62490999999999997]
obtacles: [[[0.6, 0.5, -1.0], [0.9, 0.6, 1.0]], [[0.6, -0.6, -1.0], [0.9, -0.5, 1.0]], [[0.6, -0.6, 0.9], [0.9, 0.6, 1.0]], [[0.6, -0.6, -1.0], [0.9, 0.6, -0.9]], [[0.6, -0.6, 0.4], [0.9, 0.6, 0.5]], [[0.6, -0.6, -0.4], [0.9, 0.6, -0.3]], [[0.6, -0.1, 0.5], [0.9, 0.0, 1.0]], [[0.6, 0.1, -0.4], [0.9, 0.2, 0.5]], [[0.6, 0.0, -1.0], [0.9, 0.1, -0.3]]]
start: [-0.84453, 1.55966, 1.6000000000000001, 1.42706, -1.56395, -1.5403, -0.58279999999999998]
tajectories: [[-0.84453, 1.55966, 1.6, 1.42706, -1.56395, -1.5403, -0.5828], [-1.12595, 1.468, 1.55149, 1.71163, -1.63875, -1.28121, -0.66244], [-1.40738, 1.37634, 1.50299, 1.99619, -1.71354, -1.02211, -0.74208], [-1.68881, 1.28468, 1.45448, 2.28076, -1.78833, -0.76302, -0.82173], [-1.97023, 1.19301, 1.40598, 2.56533, -1.86313, -0.50393, -0.90137], [-2.17658, 1.12581, 1.37041, 2.77397, -1.91796, -0.31396, -0.95976], [-2.01877, 0.97578, 1.52458, 2.72355, -1.53975, -0.45765, -1.07197], [-1.86097, 0.82576, 1.67874, 2.67312, -1.16155, -0.60134, -1.18418], [-1.70317, 0.67573, 1.83291, 2.62269, -0.78334, -0.74503, -1.29639], [-1.54536, 0.52571, 1.98708, 2.57226, -0.40513, -0.88872, -1.4086], [-1.38756, 0.37569, 2.14124, 2.52183, -0.02692, -1.03241, -1.52081], [-1.27861, 0.27211, 2.24768, 2.48702, 0.2342, -1.13162, -1.59828], [-1.00796, 0.37575, 2.14973, 2.1784, 0.00218, -1.11364, -1.51456], [-0.7373, 0.47939, 2.05179, 1.86978, -0.22983, -1.09566, -1.43083], [-0.46664, 0.58304, 1.95384, 1.56117, -0.46185, -1.07769, -1.34711], [-0.19599, 0.68668, 1.85589, 1.25255, -0.69387, -1.05971, -1.26339], [0.07467, 0.79032, 1.75794, 0.94393, -0.92589, -1.04173, -1.17966], [0.34533, 0.89397, 1.66, 0.63532, -1.1579, -1.02375, -1.09594]]
end: [0.51112000000000002, 0.95745000000000002, 1.6000000000000001, 0.44628000000000001, -1.30002, -1.01274, -1.0446500000000001]
obtacles: [[[0.6, 0.5, -1.0], [0.9, 0.6, 1.0]], [[0.6, -0.6, -1.0], [0.9, -0.5, 1.0]], [[0.6, -0.6, 0.9], [0.9, 0.6, 1.0]], [[0.6, -0.6, -1.0], [0.9, 0.6, -0.9]], [[0.6, -0.6, 0.4], [0.9, 0.6, 0.5]], [[0.6, -0.6, -0.4], [0.9, 0.6, -0.3]], [[0.6, -0.1, 0.5], [0.9, 0.0, 1.0]], [[0.6, 0.1, -0.4], [0.9, 0.2, 0.5]], [[0.6, 0.0, -1.0], [0.9, 0.1, -0.3]]]
start: [-0.71428000000000003, 1.8739699999999999, 1.7, 1.1967399999999999, -1.8995200000000001, -1.56542, -0.46179999999999999]
tajectories: [[-0.71428, 1.87397, 1.7, 1.19674, -1.89952, -1.56542, -0.4618], [-0.93, 1.84313, 1.79362, 1.42282, -2.12445, -1.28737, -0.58322], [-1.14571, 1.8123, 1.88723, 1.64889, -2.34938, -1.00933, -0.70463], [-1.36142, 1.78146, 1.98085, 1.87497, -2.57432, -0.73128, -0.82604], [-1.57713, 1.75062, 2.07446, 2.10105, -2.79925, -0.45324, -0.94746], [-1.79284, 1.71979, 2.16808, 2.32712, -3.02418, -0.17519, -1.06887], [-1.95578, 1.6965, 2.23879, 2.49789, -3.19408, 0.03483, -1.16059], [-1.70234, 1.45778, 2.23218, 2.44273, -2.98913, 0.17117, -0.90543], [-1.44891, 1.21906, 2.22557, 2.38758, -2.78418, 0.3075, -0.65028], [-1.19547, 0.98034, 2.21896, 2.33242, -2.57923, 0.44384, -0.39512], [-0.94204, 0.74162, 2.21235, 2.27726, -2.37427, 0.58018, -0.13997], [-0.6886, 0.5029, 2.20574, 2.2221, -2.16932, 0.71651, 0.11519], [-0.44071, 0.2694, 2.19927, 2.16815, -1.96885, 0.84987, 0.36476], [-0.06465, 0.26256, 2.21793, 1.95379, -1.77005, 0.72393, 0.44757], [0.3114, 0.25571, 2.2366, 1.73943, -1.57125, 0.59799, 0.53038], [0.68745, 0.24887, 2.25526, 1.52507, -1.37245, 0.47205, 0.61318], [1.0635, 0.24203, 2.27393, 1.31071, -1.17365, 0.3461, 0.69599], [1.30117, 0.2377, 2.28573, 1.17523, -1.04801, 0.26651, 0.74833], [1.04917, 0.3387, 2.18469, 1.16123, -1.02489, 0.01979, 0.42508], [0.79717, 0.4397, 2.08365, 1.14724, -1.00177, -0.22692, 0.10183], [0.54518, 0.54071, 1.98261, 1.13324, -0.97864, -0.47364, -0.22141], [0.29318, 0.64171, 1.88158, 1.11924, -0.95552, -0.72036, -0.54466], [0.04118, 0.74271, 1.78054, 1.10524, -0.9324, -0.96707, -0.8679]]
end: [-0.15967999999999999, 0.82321, 1.7, 1.09409, -0.91396999999999995, -1.1637299999999999, -1.12557]
obtacles: [[[0.6, 0.5, -1.0], [0.9, 0.6, 1.0]], [[0.6, -0.6, -1.0], [0.9, -0.5, 1.0]], [[0.6, -0.6, 0.9], [0.9, 0.6, 1.0]], [[0.6, -0.6, -1.0], [0.9, 0.6, -0.9]], [[0.6, -0.6, 0.4], [0.9, 0.6, 0.5]], [[0.6, -0.6, -0.4], [0.9, 0.6, -0.3]], [[0.6, -0.1, 0.5], [0.9, 0.0, 1.0]], [[0.6, 0.1, -0.4], [0.9, 0.2, 0.5]], [[0.6, 0.0, -1.0], [0.9, 0.1, -0.3]]]
start: [-0.62197999999999998, 1.95621, 1.6499999999999999, 1.68971, -1.94672, -1.45313, -1.02986]
tajectories: [[-0.62198, 1.95621, 1.65, 1.68971, -1.94672, -1.45313, -1.02986], [-0.92394, 1.89629, 1.82447, 1.86164, -1.84134, -1.27748, -0.79905], [-1.2259, 1.83636, 1.99894, 2.03356, -1.73595, -1.10184, -0.56824], [-1.52786, 1.77644, 2.17341, 2.20549, -1.63056, -0.92619, -0.33743], [-1.82982, 1.71651, 2.34788, 2.37742, -1.52518, -0.75055, -0.10662], [-2.06576, 1.66968, 2.4842, 2.51176, -1.44283, -0.6133, 0.07373], [-1.72622, 1.39396, 2.48079, 2.42559, -1.3971, -0.43177, -0.05357], [-1.38668, 1.11823, 2.47737, 2.33941, -1.35137, -0.25025, -0.18086], [-1.04713, 0.8425, 2.47396, 2.25324, -1.30564, -0.06872, -0.30816], [-0.70759, 0.56677, 2.47054, 2.16707, -1.25991, 0.1128, -0.43545], [-0.36805, 0.29104, 2.46713, 2.08089, -1.21418, 0.29433, -0.56275], [-0.11807, 0.08805, 2.46462, 2.01745, -1.18051, 0.42797, -0.65647], [0.27391, 0.27388, 2.4008, 2.02919, -1.11047, 0.19925, -0.67625], [0.66588, 0.45972, 2.33698, 2.04092, -1.04043, -0.02946, -0.69603], [0.92791, 0.58394, 2.29432, 2.04877, -0.99361, -0.18235, -0.70926], [0.68704, 0.63039, 2.13043, 1.69323, -1.00901, -0.36984, -0.74343], [0.44616, 0.67684, 1.96654, 1.3377, -1.02441, -0.55733, -0.77761], [0.20529, 0.72328, 1.80265, 0.98216, -1.03981, -0.74482, -0.81178]]
end: [-0.019060000000000001, 0.76654999999999995, 1.6499999999999999, 0.65100000000000002, -1.0541499999999999, -0.91946000000000006, -0.84362000000000004]
obtacles: [[[0.6, 0.5, -1.0], [0.9, 0.6, 1.0]], [[0.6, -0.6, -1.0], [0.9, -0.5, 1.0]], [[0.6, -0.6, 0.9], [0.9, 0.6, 1.0]], [[0.6, -0.6, -1.0], [0.9, 0.6, -0.9]], [[0.6, -0.6, 0.4], [0.9, 0.6, 0.5]], [[0.6, -0.6, -0.4], [0.9, 0.6, -0.3]], [[0.6, -0.1, 0.5], [0.9, 0.0, 1.0]], [[0.6, 0.1, -0.4], [0.9, 0.2, 0.5]], [[0.6, 0.0, -1.0], [0.9, 0.1, -0.3]]]
start: [-0.30209999999999998, 1.88917, 1.8, 1.0253699999999999, -1.96021, -1.54871, -0.68196000000000001]
tajectories: [[-0.3021, 1.88917, 1.8, 1.02537, -1.96021, -1.54871, -0.68196], [-0.4034, 1.90116, 1.81453, 1.06645, -1.67913, -1.20135, -0.48694], [-0.5047, 1.91314, 1.82906, 1.10753, -1.39805, -0.85399, -0.29193], [-0.606, 1.92513, 1.84359, 1.14862, -1.11698, -0.50663, -0.09691], [-0.7073, 1.93711, 1.85813, 1.1897, -0.8359, -0.15927, 0.09811], [-0.80861, 1.9491, 1.87266, 1.23079, -0.55482, 0.18809, 0.29312], [-0.82631, 1.95119, 1.8752, 1.23797, -0.50569, 0.24881, 0.32721], [-0.9935, 1.87922, 1.72679, 1.39869, -0.80745, 0.33442, 0.06145], [-1.16069, 1.80726, 1.57839, 1.55942, -1.1092, 0.42004, -0.20431], [-1.32787, 1.73529, 1.42999, 1.72014, -1.41096, 0.50565, -0.47006], [-1.49506, 1.66333, 1.28159, 1.88087, -1.71272, 0.59126, -0.73582], [-1.49994, 1.66123, 1.27726, 1.88555, -1.72152, 0.59376, -0.74357], [-1.7336, 1.59902, 1.23859, 1.81368, -1.96712, 0.73936, -1.06506], [-1.96726, 1.53681, 1.19992, 1.7418, -2.21272, 0.88497, -1.38654], [-2.20093, 1.4746, 1.16125, 1.66992, -2.45832, 1.03057, -1.70802], [-2.43459, 1.41239, 1.12258, 1.59804, -2.70392, 1.17617, -2.0295], [-2.59838, 1.36879, 1.09548, 1.54766, -2.87607, 1.27823, -2.25484], [-2.41586, 1.32912, 1.31606, 1.72805, -3.21187, 1.31863, -2.39456], [-2.23334, 1.28944, 1.53664, 1.90844, -3.54767, 1.35903, -2.53428], [-2.05082, 1.24977, 1.75722, 2.08883, -3.88348, 1.39942, -2.67399], [-1.8683, 1.2101, 1.97779, 2.26922, -4.21928, 1.43982, -2.81371], [-1.82238, 1.20012, 2.0333, 2.31461, -4.30378, 1.44999, -2.84887], [-1.60389, 1.15273, 1.97219, 1.8905, -4.35266, 1.33645, -2.88252], [-1.3854, 1.10535, 1.91108, 1.46639, -4.40154, 1.22291, -2.91617], [-1.16692, 1.05797, 1.84996, 1.04227, -4.45042, 1.10938, -2.94983]]
end: [-0.98828000000000005, 1.0192300000000001, 1.8, 0.69552000000000003, -4.49038, 1.0165500000000001, -2.9773399999999999]
obtacles: [[[0.6, 0.5, -1.0], [0.9, 0.6, 1.0]], [[0.6, -0.6, -1.0], [0.9, -0.5, 1.0]], [[0.6, -0.6, 0.9], [0.9, 0.6, 1.0]], [[0.6, -0.6, -1.0], [0.9, 0.6, -0.9]], [[0.6, -0.6, 0.4], [0.9, 0.6, 0.5]], [[0.6, -0.6, -0.4], [0.9, 0.6, -0.3]], [[0.6, -0.1, 0.5], [0.9, 0.0, 1.0]], [[0.6, 0.1, -0.4], [0.9, 0.2, 0.5]], [[0.6, 0.0, -1.0], [0.9, 0.1, -0.3]]]
start: [2.1572200000000001, -1.76956, -1.45, 1.1578599999999999, -1.8011900000000001, -1.54183, -0.15806999999999999]
tajectories: [[2.15722, -1.76956, -1.45, 1.15786, -1.80119, -1.54183, -0.15807], [2.17647, -1.66035, -1.52905, 1.23262, -1.42549, -1.35301, -0.37955], [2.19572, -1.55113, -1.60809, 1.30738, -1.04978, -1.16419, -0.60104], [2.21496, -1.44191, -1.68714, 1.38214, -0.67407, -0.97537, -0.82252], [2.23421, -1.3327, -1.76619, 1.45691, -0.29836, -0.78655, -1.044], [2.25346, -1.22348, -1.84524, 1.53167, 0.07734, -0.59773, -1.26548], [2.26852, -1.13806, -1.90706, 1.59014, 0.37119, -0.45006, -1.43871], [2.10614, -1.02207, -2.05713, 1.85966, 0.46159, -0.24735, -1.69513], [1.94376, -0.90608, -2.2072, 2.12919, 0.552, -0.04464, -1.95155], [1.78139, -0.79009, -2.35728, 2.39871, 0.64241, 0.15807, -2.20796], [1.62619, -0.67923, -2.50071, 2.65632, 0.72882, 0.35182, -2.45305], [1.64491, -0.41459, -2.29717, 2.55522, 0.39188, 0.4569, -2.51132], [1.66364, -0.14996, -2.09363, 2.45412, 0.05494, 0.56198, -2.56959], [1.68236, 0.11468, -1.89009, 2.35303, -0.282, 0.66706, -2.62786], [1.70108, 0.37932, -1.68655, 2.25193, -0.61894, 0.77215, -2.68614], [1.71981, 0.64396, -1.48301, 2.15084, -0.95588, 0.87723, -2.74441], [1.72551, 0.7246, -1.42099, 2.12003, -1.05855, 0.90925, -2.76216], [1.81532, 0.79967, -1.6191, 2.21037, -1.46225, 1.01535, -2.6411], [1.90513, 0.87474, -1.81721, 2.30071, -1.86595, 1.12145, -2.52003], [1.95765, 0.91864, -1.93305, 2.35353, -2.102, 1.18349, -2.44925], [1.61876, 0.85578, -1.80456, 2.032, -2.19144, 1.21888, -2.49461], [1.27987, 0.79292, -1.67606, 1.71046, -2.28087, 1.25427, -2.53997], [0.94099, 0.73006, -1.54757, 1.38892, -2.3703, 1.28966, -2.58533]]
end: [0.68366000000000005, 0.68232999999999999, -1.45, 1.1447700000000001, -2.4382100000000002, 1.31653, -2.61978]
obtacles: [[[0.6, 0.5, -1.0], [0.9, 0.6, 1.0]], [[0.6, -0.6, -1.0], [0.9, -0.5, 1.0]], [[0.6, -0.6, 0.9], [0.9, 0.6, 1.0]], [[0.6, -0.6, -1.0], [0.9, 0.6, -0.9]], [[0.6, -0.6, 0.4], [0.9, 0.6, 0.5]], [[0.6, -0.6, -0.4], [0.9, 0.6, -0.3]], [[0.6, -0.1, 0.5], [0.9, 0.0, 1.0]], [[0.6, 0.1, -0.4], [0.9, 0.2, 0.5]], [[0.6, 0.0, -1.0], [0.9, 0.1, -0.3]]]
start: [-2.3019699999999998, -0.73646, 1.6000000000000001, 1.4509099999999999, -2.40334, 1.5016099999999999, -2.5126499999999998]
tajectories: [[-2.30197, -0.73646, 1.6, 1.45091, -2.40334, 1.50161, -2.51265], [-2.01244, -0.70727, 1.55004, 1.46466, -2.30709, 1.11378, -2.45819], [-1.72292, -0.67808, 1.50008, 1.4784, -2.21084, 0.72596, -2.40373], [-1.4334, -0.64889, 1.45012, 1.49215, -2.11459, 0.33813, -2.34927], [-1.14387, -0.6197, 1.40016, 1.50589, -2.01835, -0.04969, -2.2948], [-0.85435, -0.59051, 1.3502, 1.51964, -1.9221, -0.43752, -2.24034], [-0.56482, -0.56132, 1.30024, 1.53338, -1.82585, -0.82535, -2.18588], [-0.2753, -0.53213, 1.25028, 1.54713, -1.7296, -1.21317, -2.13142], [-0.21334, -0.52588, 1.23958, 1.55007, -1.709, -1.29617, -2.11976], [-0.34605, -0.14086, 1.21605, 1.7138, -1.93818, -1.24108, -2.08468], [-0.47877, 0.24415, 1.19251, 1.87752, -2.16735, -1.18599, -2.0496], [-0.61148, 0.62917, 1.16897, 2.04125, -2.39653, -1.1309, -2.01452], [-0.7442, 1.01419, 1.14543, 2.20498, -2.62571, -1.07581, -1.97943], [-0.87692, 1.39921, 1.1219, 2.36871, -2.85489, -1.02072, -1.94435], [-0.98878, 1.72372, 1.10206, 2.5067, -3.04805, -0.97429, -1.91478], [-0.93568, 1.75429, 1.26088, 2.20846, -2.91203, -1.06791, -1.59104], [-0.88257, 1.78486, 1.4197, 1.91022, -2.77601, -1.16154, -1.26731], [-0.82947, 1.81543, 1.57853, 1.61198, -2.63999, -1.25517, -0.94357], [-0.77637, 1.846, 1.73735, 1.31374, -2.50397, -1.34879, -0.61983], [-0.72327, 1.87657, 1.89617, 1.0155, -2.36795, -1.44242, -0.2961], [-0.67017, 1.90714, 2.055, 0.71725, -2.23193, -1.53605, 0.02764]]
end: [-0.65512000000000004, 1.91581, 2.1000000000000001, 0.63273999999999997, -2.19339, -1.5625800000000001, 0.11938]
obtacles: [[[0.6, 0.5, -1.0], [0.9, 0.6, 1.0]], [[0.6, -0.6, -1.0], [0.9, -0.5, 1.0]], [[0.6, -0.6, 0.9], [0.9, 0.6, 1.0]], [[0.6, -0.6, -1.0], [0.9, 0.6, -0.9]], [[0.6, -0.6, 0.4], [0.9, 0.6, 0.5]], [[0.6, -0.6, -0.4], [0.9, 0.6, -0.3]], [[0.6, -0.1, 0.5], [0.9, 0.0, 1.0]], [[0.6, 0.1, -0.4], [0.9, 0.2, 0.5]], [[0.6, 0.0, -1.0], [0.9, 0.1, -0.3]]]
start: [-0.57820000000000005, 1.7620499999999999, 1.6499999999999999, 1.20736, -1.77756, -1.5657700000000001, -0.62102999999999997]
tajectories: [[-0.5782, 1.76205, 1.65, 1.20736, -1.77756, -1.56577, -0.62103], [-0.78743, 1.77802, 1.68904, 1.52816, -1.90774, -1.2837, -0.55017], [-0.99666, 1.79398, 1.72809, 1.84896, -2.03792, -1.00163, -0.4793], [-1.2059, 1.80994, 1.76713, 2.16976, -2.1681, -0.71956, -0.40844], [-1.41513, 1.8259, 1.80617, 2.49055, -2.29829, -0.43749, -0.33757], [-1.41946, 1.82623, 1.80698, 2.4972, -2.30098, -0.43165, -0.33611], [-1.44401, 1.82021, 1.96636, 2.48602, -2.39008, -0.39182, 0.12683], [-1.46856, 1.81418, 2.12574, 2.47484, -2.47919, -0.352, 0.58976], [-1.49311, 1.80815, 2.28512, 2.46367, -2.56829, -0.31217, 1.0527], [-1.51766, 1.80212, 2.4445, 2.45249, -2.65739, -0.27234, 1.51563], [-1.53529, 1.79779, 2.55899, 2.44446, -2.7214, -0.24373, 1.84819], [-1.58523, 1.47688, 2.55369, 2.41553, -2.91875, -0.05198, 2.10885], [-1.63516, 1.15597, 2.5484, 2.38659, -3.1161, 0.13978, 2.3695], [-1.68509, 0.83506, 2.5431, 2.35766, -3.31344, 0.33154, 2.63016], [-1.73502, 0.51415, 2.53781, 2.32873, -3.51079, 0.52329, 2.89081], [-1.73797, 0.49522, 2.53749, 2.32702, -3.52243, 0.5346, 2.90618], [-1.81697, 0.24449, 2.38253, 2.04401, -3.26745, 0.64237, 2.9186], [-1.89598, -0.00623, 2.22757, 1.761, -3.01246, 0.75015, 2.93102], [-1.97499, -0.25696, 2.07261, 1.47799, -2.75748, 0.85793, 2.94343], [-2.05399, -0.50769, 1.91765, 1.19498, -2.5025, 0.9657, 2.95585], [-2.133, -0.75842, 1.76269, 0.91197, -2.24752, 1.07348, 2.96827]]
end: [-2.1904599999999999, -0.94074999999999998, 1.6499999999999999, 0.70616999999999996, -2.0621, 1.15185, 2.9773000000000001]
obtacles: [[[0.6, 0.5, -1.0], [0.9, 0.6, 1.0]], [[0.6, -0.6, -1.0], [0.9, -0.5, 1.0]], [[0.6, -0.6, 0.9], [0.9, 0.6, 1.0]], [[0.6, -0.6, -1.0], [0.9, 0.6, -0.9]], [[0.6, -0.6, 0.4], [0.9, 0.6, 0.5]], [[0.6, -0.6, -0.4], [0.9, 0.6, -0.3]], [[0.6, -0.1, 0.5], [0.9, 0.0, 1.0]], [[0.6, 0.1, -0.4], [0.9, 0.2, 0.5]], [[0.6, 0.0, -1.0], [0.9, 0.1, -0.3]]]
start: [0.33927000000000002, 0.74924000000000002, 1.7, -0.46639999999999998, -2.11382, -0.90898999999999996, 0.26147999999999999]
tajectories: [[0.33927, 0.74924, 1.7, -0.4664, -2.11382, -0.90899, 0.26148], [0.54953, 0.78046, 1.66266, -0.37617, -2.09454, -0.88831, -0.17952], [0.75979, 0.81168, 1.62532, -0.28594, -2.07527, -0.86764, -0.62052], [0.97005, 0.8429, 1.58798, -0.19571, -2.05599, -0.84696, -1.06152], [1.02662, 0.8513, 1.57793, -0.17143, -2.05081, -0.8414, -1.18018], [0.84244, 0.86144, 1.78559, 0.21639, -1.94441, -0.82737, -1.28473], [0.65825, 0.87158, 1.99324, 0.60421, -1.83801, -0.81334, -1.38928], [0.47407, 0.88172, 2.2009, 0.99203, -1.73161, -0.79931, -1.49383], [0.28988, 0.89186, 2.40855, 1.37985, -1.62521, -0.78529, -1.59838], [0.1057, 0.902, 2.6162, 1.76767, -1.51881, -0.77126, -1.70292], [0.1019, 0.90221, 2.62049, 1.77567, -1.51661, -0.77097, -1.70508], [-0.29412, 0.75523, 2.54515, 1.92918, -1.70285, -0.76625, -1.61779], [-0.69014, 0.60826, 2.4698, 2.08269, -1.88908, -0.76153, -1.53049], [-1.08616, 0.46128, 2.39446, 2.23619, -2.07531, -0.75681, -1.4432], [-1.22479, 0.40983, 2.36809, 2.28993, -2.14051, -0.75516, -1.41264], [-1.24021, 0.70922, 2.17648, 2.23235, -2.48669, -0.74435, -1.40087], [-1.25562, 1.00861, 1.98486, 2.17476, -2.83287, -0.73355, -1.38911], [-1.27104, 1.308, 1.79325, 2.11718, -3.17905, -0.72275, -1.37734], [-1.28645, 1.60739, 1.60164, 2.05959, -3.52524, -0.71194, -1.36557], [-1.3, 1.8705, 1.43325, 2.00899, -3.82946, -0.70245, -1.35523], [-1.22829, 1.88391, 1.48868, 1.87344, -3.43982, -0.87416, -1.15048], [-1.15658, 1.89732, 1.5441, 1.73789, -3.05017, -1.04587, -0.94573], [-1.08487, 1.91073, 1.59952, 1.60233, -2.66053, -1.21757, -0.74097], [-1.01315, 1.92413, 1.65495, 1.46678, -2.27088, -1.38928, -0.53622]]
end: [-0.95486000000000004, 1.93503, 1.7, 1.35659, -1.9541299999999999, -1.52887, -0.36976999999999999]
obtacles: [[[0.6, 0.5, -1.0], [0.9, 0.6, 1.0]], [[0.6, -0.6, -1.0], [0.9, -0.5, 1.0]], [[0.6, -0.6, 0.9], [0.9, 0.6, 1.0]], [[0.6, -0.6, -1.0], [0.9, 0.6, -0.9]], [[0.6, -0.6, 0.4], [0.9, 0.6, 0.5]], [[0.6, -0.6, -0.4], [0.9, 0.6, -0.3]], [[0.6, -0.1, 0.5], [0.9, 0.0, 1.0]], [[0.6, 0.1, -0.4], [0.9, 0.2, 0.5]], [[0.6, 0.0, -1.0], [0.9, 0.1, -0.3]]]
start: [-0.77932000000000001, 1.6490100000000001, 1.6499999999999999, 1.10911, -1.67615, -1.5349699999999999, -0.32479999999999998]
tajectories: [[-0.77932, 1.64901, 1.65, 1.10911, -1.67615, -1.53497, -0.3248], [-0.89478, 1.65447, 1.63478, 1.46016, -1.51016, -1.42185, -0.05494], [-1.01024, 1.65993, 1.61956, 1.81121, -1.34417, -1.30872, 0.21491], [-1.1257, 1.66539, 1.60434, 2.16226, -1.17818, -1.1956, 0.48477], [-1.24116, 1.67084, 1.58912, 2.51331, -1.01219, -1.08247, 0.75462], [-1.35662, 1.6763, 1.5739, 2.86436, -0.8462, -0.96935, 1.02448], [-1.36203, 1.67656, 1.57318, 2.8808, -0.83842, -0.96405, 1.03712], [-1.35058, 1.22705, 1.50612, 2.87461, -0.64779, -0.88856, 1.002], [-1.33914, 0.77753, 1.43906, 2.86841, -0.45716, -0.81308, 0.96689], [-1.32769, 0.32802, 1.37201, 2.86222, -0.26653, -0.73759, 0.93178], [-1.31624, -0.1215, 1.30495, 2.85603, -0.0759, -0.66211, 0.89667], [-1.30479, -0.57101, 1.23789, 2.84984, 0.11473, -0.58662, 0.86156], [-1.30406, -0.59966, 1.23361, 2.84944, 0.12688, -0.58181, 0.85932], [-1.08568, -0.34944, 1.42939, 2.62559, 0.30131, -0.43757, 0.85427], [-0.8673, -0.09922, 1.62517, 2.40173, 0.47574, -0.29332, 0.84923], [-0.64892, 0.151, 1.82095, 2.17787, 0.65017, -0.14908, 0.84418], [-0.43054, 0.40122, 2.01673, 1.95402, 0.8246, -0.00484, 0.83913], [-0.38864, 0.44923, 2.05429, 1.91107, 0.85807, 0.02284, 0.83816], [-0.69668, 0.21512, 1.98229, 1.76388, 0.86565, -0.21603, 0.71033], [-1.00471, -0.01899, 1.91029, 1.6167, 0.87323, -0.45491, 0.5825], [-1.31275, -0.2531, 1.83828, 1.46951, 0.88081, -0.69378, 0.45467], [-1.62078, -0.48721, 1.76628, 1.32232, 0.88839, -0.93265, 0.32683], [-1.92882, -0.72132, 1.69428, 1.17514, 0.89596, -1.17152, 0.199]]
end: [-2.1182300000000001, -0.86526999999999998, 1.6499999999999999, 1.08463, 0.90061999999999998, -1.3184100000000001, 0.12039999999999999]
