obtacles: [[[0.6, 0.5, -1.0], [0.9, 0.6, 1.0]], [[0.6, -0.6, -1.0], [0.9, -0.5, 1.0]], [[0.6, -0.6, 0.9], [0.9, 0.6, 1.0]], [[0.6, -0.6, -1.0], [0.9, 0.6, -0.9]], [[0.6, -0.6, 0.3], [0.9, 0.6, 0.4]], [[0.6, -0.6, -0.5], [0.9, 0.6, -0.4]], [[0.6, -0.2, 0.4], [0.9, -0.1, 1.0]], [[0.6, 0.1, -0.5], [0.9, 0.2, 0.4]], [[0.6, 0.1, -1.0], [0.9, 0.2, -0.4]]]
start: [-0.76124999999999998, 1.0088999999999999, 1.45, 0.89839999999999998, -1.05139, -1.3159700000000001, -0.17030000000000001]
tajectories: [[-0.76125, 1.0089, 1.45, 0.8984, -1.05139, -1.31597, -0.1703], [-1.08802, 0.92211, 1.42023, 1.26359, -1.08568, -1.33189, -0.1672], [-1.41479, 0.83533, 1.39045, 1.62879, -1.11998, -1.34781, -0.1641], [-1.74155, 0.74854, 1.36068, 1.99398, -1.15427, -1.36373, -0.16101], [-2.06832, 0.66176, 1.33091, 2.35918, -1.18857, -1.37965, -0.15791], [-2.39508, 0.57498, 1.30113, 2.72437, -1.22286, -1.39557, -0.15481], [-2.45852, 0.55813, 1.29535, 2.79527, -1.22952, -1.39866, -0.15421], [-2.19096, 0.36445, 1.28464, 2.8127, -0.99939, -1.31061, -0.43664], [-1.9234, 0.17077, 1.27393, 2.83012, -0.76926, -1.22256, -0.71908], [-1.65583, -0.02291, 1.26321, 2.84754, -0.53914, -1.1345, -1.00151], [-1.38827, -0.21659, 1.2525, 2.86497, -0.30901, -1.04645, -1.28394], [-1.12071, -0.41027, 1.24178, 2.88239, -0.07888, -0.95839, -1.56637], [-0.85315, -0.60395, 1.23107, 2.89982, 0.15125, -0.87034, -1.8488], [-0.78874, -0.65058, 1.22849, 2.90401, 0.20664, -0.84914, -1.91679], [-0.76573, -0.81399, 1.50909, 2.86187, 0.16819, -0.47399, -1.91053], [-0.74272, -0.97741, 1.78969, 2.81973, 0.12973, -0.09884, -1.90427], [-0.71971, -1.14083, 2.07029, 2.77759, 0.09128, 0.2763, -1.898], [-0.6967, -1.30425, 2.35088, 2.73545, 0.05283, 0.65145, -1.89174], [-0.67757, -1.44012, 2.58417, 2.70042, 0.02086, 0.96335, -1.88653], [-0.9176, -1.49987, 2.37584, 2.48826, -0.23497, 1.05407, -2.05002], [-1.15763, -1.55962, 2.16752, 2.2761, -0.49079, 1.1448, -2.21351], [-1.39766, -1.61937, 1.95919, 2.06395, -0.74661, 1.23552, -2.377], [-1.63769, -1.67912, 1.75086, 1.85179, -1.00243, 1.32625, -2.54048], [-1.87773, -1.73887, 1.54254, 1.63963, -1.25825, 1.41698, -2.70397]]
end: [-1.9843500000000001, -1.7654099999999999, 1.45, 1.5454000000000001, -1.37188, 1.4572700000000001, -2.7765900000000001]
obtacles: [[[0.6, 0.5, -1.0], [0.9, 0.6, 1.0]], [[0.6, -0.6, -1.0], [0.9, -0.5, 1.0]], [[0.6, -0.6, 0.9], [0.9, 0.6, 1.0]], [[0.6, -0.6, -1.0], [0.9, 0.6, -0.9]], [[0.6, -0.6, 0.3], [0.9, 0.6, 0.4]], [[0.6, -0.6, -0.5], [0.9, 0.6, -0.4]], [[0.6, -0.2, 0.4], [0.9, -0.1, 1.0]], [[0.6, 0.1, -0.5], [0.9, 0.2, 0.4]], [[0.6, 0.1, -1.0], [0.9, 0.2, -0.4]]]
start: [-0.9244, 1.7877000000000001, 1.6000000000000001, 1.60995, -1.78654, -1.5338700000000001, -0.67837000000000003]
tajectories: [[-0.9244, 1.7877, 1.6, 1.60995, -1.78654, -1.53387, -0.67837], [-0.94916, 1.734, 1.3627, 1.75588, -1.73129, -1.44962, -0.27994], [-0.97393, 1.68029, 1.12541, 1.90181, -1.67604, -1.36537, 0.11849], [-0.99869, 1.62659, 0.88811, 2.04774, -1.62079, -1.28112, 0.51692], [-1.02345, 1.57288, 0.65082, 2.19367, -1.56553, -1.19687, 0.91535], [-1.04821, 1.51918, 0.41352, 2.3396, -1.51028, -1.11262, 1.31378], [-1.0543, 1.50598, 0.35521, 2.37546, -1.49671, -1.09192, 1.41168], [-1.04126, 1.10587, 0.18374, 2.42566, -1.38847, -0.89995, 1.50788], [-1.02821, 0.70576, 0.01228, 2.47586, -1.28024, -0.70798, 1.60408], [-1.01517, 0.30564, -0.15919, 2.52606, -1.17201, -0.51602, 1.70027], [-1.00213, -0.09447, -0.33066, 2.57625, -1.06378, -0.32405, 1.79647], [-0.98909, -0.49458, -0.50213, 2.62645, -0.95555, -0.13209, 1.89267], [-0.97605, -0.89469, -0.6736, 2.67665, -0.84732, 0.05988, 1.98886], [-0.96551, -1.21822, -0.81225, 2.71724, -0.7598, 0.2151, 2.06665], [-0.71231, -1.27102, -0.52266, 2.73244, -0.85304, 0.02276, 1.83574], [-0.45911, -1.32382, -0.23306, 2.74763, -0.94627, -0.16958, 1.60484], [-0.20591, -1.37662, 0.05653, 2.76282, -1.03951, -0.36192, 1.37393], [0.04729, -1.42942, 0.34613, 2.77802, -1.13274, -0.55426, 1.14302], [0.30049, -1.48223, 0.63572, 2.79321, -1.22598, -0.74661, 0.91212], [0.4062, -1.50427, 0.75663, 2.79955, -1.2649, -0.82691, 0.81572], [0.48991, -1.3753, 0.73435, 2.53179, -1.32355, -0.8095, 0.42787], [0.57362, -1.24633, 0.71208, 2.26403, -1.3822, -0.7921, 0.04002], [0.65733, -1.11736, 0.68981, 1.99628, -1.44084, -0.7747, -0.34783], [0.74104, -0.98838, 0.66753, 1.72852, -1.49949, -0.7573, -0.73567], [0.82475, -0.85941, 0.64526, 1.46076, -1.55814, -0.73989, -1.12352], [0.90633, -0.73374, 0.62355, 1.19984, -1.61529, -0.72294, -1.50146], [0.72205, -0.37408, 0.84258, 1.15394, -1.46941, -0.82814, -1.43618], [0.53776, -0.01443, 1.06162, 1.10805, -1.32353, -0.93334, -1.37089], [0.35348, 0.34522, 1.28065, 1.06215, -1.17766, -1.03854, -1.30561], [0.1692, 0.70487, 1.49968, 1.01626, -1.03178, -1.14374, -1.24032]]
end: [0.0848, 0.86958999999999997, 1.6000000000000001, 0.99524000000000001, -0.96496999999999999, -1.1919299999999999, -1.2104200000000001]
obtacles: [[[0.6, 0.5, -1.0], [0.9, 0.6, 1.0]], [[0.6, -0.6, -1.0], [0.9, -0.5, 1.0]], [[0.6, -0.6, 0.9], [0.9, 0.6, 1.0]], [[0.6, -0.6, -1.0], [0.9, 0.6, -0.9]], [[0.6, -0.6, 0.3], [0.9, 0.6, 0.4]], [[0.6, -0.6, -0.5], [0.9, 0.6, -0.4]], [[0.6, -0.2, 0.4], [0.9, -0.1, 1.0]], [[0.6, 0.1, -0.5], [0.9, 0.2, 0.4]], [[0.6, 0.1, -1.0], [0.9, 0.2, -0.4]]]
start: [-0.37935999999999998, 1.86174, 1.75, 1.3269500000000001, -1.89768, -1.4742, -0.90532000000000001]
tajectories: [[-0.37936, 1.86174, 1.75, 1.32695, -1.89768, -1.4742, -0.90532], [-0.662, 1.80624, 1.60307, 1.54959, -1.68208, -1.26871, -0.99], [-0.94464, 1.75075, 1.45614, 1.77223, -1.46649, -1.06322, -1.07467], [-1.22728, 1.69526, 1.30921, 1.99487, -1.25089, -0.85773, -1.15934], [-1.45729, 1.65009, 1.18964, 2.17606, -1.07544, -0.6905, -1.22825], [-1.42236, 1.48533, 1.03777, 2.17423, -1.26226, -0.60384, -0.83309], [-1.38743, 1.32056, 0.8859, 2.1724, -1.44907, -0.51718, -0.43792], [-1.3525, 1.15579, 0.73403, 2.17057, -1.63588, -0.43053, -0.04275], [-1.31757, 0.99103, 0.58216, 2.16874, -1.82269, -0.34387, 0.35241], [-1.30229, 0.91895, 0.51573, 2.16794, -1.90441, -0.30596, 0.52527], [-1.33467, 0.74032, 0.36733, 1.82873, -2.07595, -0.31432, 0.74989], [-1.36705, 0.56168, 0.21893, 1.48952, -2.2475, -0.32267, 0.97452], [-1.39943, 0.38305, 0.07052, 1.15031, -2.41904, -0.33103, 1.19914], [-1.43181, 0.20441, -0.07788, 0.8111, -2.59059, -0.33938, 1.42376], [-1.43549, 0.18408, -0.09477, 0.77249, -2.61011, -0.34034, 1.44933], [-1.30408, 0.29713, 0.14261, 0.47714, -2.42198, -0.49875, 1.57535], [-1.17267, 0.41017, 0.38, 0.18178, -2.23385, -0.65716, 1.70136], [-1.04126, 0.52321, 0.61738, -0.11357, -2.04572, -0.81557, 1.82738], [-0.90985, 0.63625, 0.85476, -0.40892, -1.85759, -0.97399, 1.9534], [-0.8986, 0.64592, 0.87508, -0.4342, -1.84149, -0.98754, 1.96418], [-0.83622, 0.72554, 1.12332, -0.28816, -1.79834, -0.96684, 1.57108], [-0.77383, 0.80516, 1.37156, -0.14213, -1.75519, -0.94614, 1.17798], [-0.71145, 0.88478, 1.6198, 0.0039, -1.71204, -0.92544, 0.78488]]
end: [-0.67873000000000006, 0.92654000000000003, 1.75, 0.080490000000000006, -1.6894100000000001, -0.91459000000000001, 0.57870999999999995]
obtacles: [[[0.6, 0.5, -1.0], [0.9, 0.6, 1.0]], [[0.6, -0.6, -1.0], [0.9, -0.5, 1.0]], [[0.6, -0.6, 0.9], [0.9, 0.6, 1.0]], [[0.6, -0.6, -1.0], [0.9, 0.6, -0.9]], [[0.6, -0.6, 0.3], [0.9, 0.6, 0.4]], [[0.6, -0.6, -0.5], [0.9, 0.6, -0.4]], [[0.6, -0.2, 0.4], [0.9, -0.1, 1.0]], [[0.6, 0.1, -0.5], [0.9, 0.2, 0.4]], [[0.6, 0.1, -1.0], [0.9, 0.2, -0.4]]]
start: [-0.60790999999999995, 1.7472099999999999, 1.8999999999999999, 0.50885999999999998, -1.94276, -1.56901, 0.12876000000000001]
tajectories: [[-0.60791, 1.74721, 1.9, 0.50886, -1.94276, -1.56901, 0.12876], [-0.62122, 1.65287, 1.59578, 0.81291, -2.15833, -1.4876, 0.07552], [-0.63453, 1.55853, 1.29157, 1.11696, -2.37389, -1.4062, 0.02228], [-0.64784, 1.46418, 0.98735, 1.42101, -2.58945, -1.32479, -0.03096], [-0.66115, 1.36984, 0.68313, 1.72506, -2.80501, -1.24339, -0.0842], [-0.67446, 1.2755, 0.37892, 2.0291, -3.02057, -1.16198, -0.13745], [-0.68777, 1.18115, 0.0747, 2.33315, -3.23614, -1.08058, -0.19069], [-0.69063, 1.16089, 0.00937, 2.39845, -3.28243, -1.0631, -0.20212], [-1.01741, 1.18834, 0.20282, 2.39195, -3.42978, -1.18121, -0.46543], [-1.34419, 1.21579, 0.39627, 2.38546, -3.57714, -1.29932, -0.72874], [-1.67097, 1.24323, 0.58972, 2.37896, -3.7245, -1.41743, -0.99205], [-1.99775, 1.27068, 0.78317, 2.37246, -3.87185, -1.53554, -1.25537], [-2.07633, 1.27728, 0.82969, 2.3709, -3.90729, -1.56395, -1.31869], [-2.00186, 0.92422, 1.09845, 2.39959, -4.00393, -1.5447, -1.51113], [-1.92739, 0.57115, 1.3672, 2.42827, -4.10057, -1.52546, -1.70358], [-1.85291, 0.21809, 1.63596, 2.45695, -4.19721, -1.50622, -1.89603], [-1.77844, -0.13498, 1.90472, 2.48564, -4.29385, -1.48697, -2.08848], [-1.70396, -0.48804, 2.17347, 2.51432, -4.3905, -1.46773, -2.28092], [-1.62949, -0.84111, 2.44223, 2.54301, -4.48714, -1.44848, -2.47337], [-1.57993, -1.07604, 2.62107, 2.56209, -4.55144, -1.43568, -2.60143], [-1.62952, -1.14445, 2.50214, 2.43184, -4.218, -1.12024, -2.63411], [-1.67911, -1.21285, 2.38321, 2.30159, -3.88457, -0.8048, -2.6668], [-1.7287, -1.28125, 2.26429, 2.17134, -3.55113, -0.48936, -2.69948], [-1.77829, -1.34966, 2.14536, 2.04108, -3.21769, -0.17392, -2.73216], [-1.82788, -1.41806, 2.02643, 1.91083, -2.88425, 0.14152, -2.76485], [-1.87748, -1.48647, 1.90751, 1.78058, -2.55081, 0.45696, -2.79753], [-1.92707, -1.55487, 1.78858, 1.65033, -2.21737, 0.7724, -2.83022], [-1.97666, -1.62328, 1.66965, 1.52008, -1.88393, 1.08784, -2.8629], [-2.02625, -1.69168, 1.55073, 1.38982, -1.55049, 1.40328, -2.89559]]
end: [-2.0474000000000001, -1.7208600000000001, 1.5, 1.3342700000000001, -1.4082699999999999, 1.53783, -2.9095300000000002]
obtacles: [[[0.6, 0.5, -1.0], [0.9, 0.6, 1.0]], [[0.6, -0.6, -1.0], [0.9, -0.5, 1.0]], [[0.6, -0.6, 0.9], [0.9, 0.6, 1.0]], [[0.6, -0.6, -1.0], [0.9, 0.6, -0.9]], [[0.6, -0.6, 0.3], [0.9, 0.6, 0.4]], [[0.6, -0.6, -0.5], [0.9, 0.6, -0.4]], [[0.6, -0.2, 0.4], [0.9, -0.1, 1.0]], [[0.6, 0.1, -0.5], [0.9, 0.2, 0.4]], [[0.6, 0.1, -1.0], [0.9, 0.2, -0.4]]]
start: [-2.0026799999999998, -1.85314, 1.55, 1.5169699999999999, -1.28775, 1.5658399999999999, -2.7671899999999998]
tajectories: [[-2.00268, -1.85314, 1.55, 1.51697, -1.28775, 1.56584, -2.76719], [-1.8315, -1.77965, 1.78208, 1.78638, -1.53288, 1.39944, -2.73453], [-1.66032, -1.70615, 2.01417, 2.0558, -1.77802, 1.23303, -2.70187], [-1.48913, -1.63265, 2.24625, 2.32521, -2.02315, 1.06663, -2.66921], [-1.3995, -1.59417, 2.36778, 2.46629, -2.15152, 0.97949, -2.65211], [-1.37431, -1.47571, 1.92135, 2.44544, -2.30284, 1.09153, -2.66451], [-1.34913, -1.35725, 1.47493, 2.4246, -2.45416, 1.20357, -2.67691], [-1.32394, -1.23879, 1.02851, 2.40375, -2.60548, 1.31561, -2.68932], [-1.29876, -1.12033, 0.58208, 2.38291, -2.7568, 1.42765, -2.70172], [-1.27674, -1.01674, 0.1917, 2.36468, -2.88913, 1.52563, -2.71257], [-1.55318, -0.94779, 0.4899, 2.11744, -2.78354, 1.47743, -2.63972], [-1.82961, -0.87884, 0.7881, 1.87021, -2.67794, 1.42924, -2.56688], [-2.10605, -0.80989, 1.0863, 1.62298, -2.57234, 1.38104, -2.49404], [-2.38249, -0.74094, 1.3845, 1.37574, -2.46675, 1.33284, -2.42119]]
end: [-2.5359099999999999, -0.70267000000000002, 1.55, 1.2385299999999999, -2.4081399999999999, 1.30609, -2.38076]
obtacles: [[[0.6, 0.5, -1.0], [0.9, 0.6, 1.0]], [[0.6, -0.6, -1.0], [0.9, -0.5, 1.0]], [[0.6, -0.6, 0.9], [0.9, 0.6, 1.0]], [[0.6, -0.6, -1.0], [0.9, 0.6, -0.9]], [[0.6, -0.6, 0.3], [0.9, 0.6, 0.4]], [[0.6, -0.6, -0.5], [0.9, 0.6, -0.4]], [[0.6, -0.2, 0.4], [0.9, -0.1, 1.0]], [[0.6, 0.1, -0.5], [0.9, 0.2, 0.4]], [[0.6, 0.1, -1.0], [0.9, 0.2, -0.4]]]
start: [2.6159300000000001, -1.8366499999999999, -1.3, 0.89009000000000005, -1.94641, -1.53556, -0.32130999999999998]
tajectories: [[2.61593, -1.83665, -1.3, 0.89009, -1.94641, -1.53556, -0.32131], [2.42587, -1.86101, -1.35069, 1.29558, -1.9302, -1.34927, -0.42773], [2.23581, -1.88536, -1.40137, 1.70106, -1.91399, -1.16297, -0.53415], [2.04574, -1.90972, -1.45206, 2.10655, -1.89778, -0.97668, -0.64057], [1.85568, -1.93407, -1.50274, 2.51204, -1.88157, -0.79038, -0.74699], [1.68472, -1.95598, -1.54833, 2.87676, -1.86699, -0.62282, -0.84271], [1.64683, -1.55332, -1.69462, 2.79403, -1.6321, -0.65051, -0.79533], [1.60895, -1.15067, -1.84091, 2.71129, -1.3972, -0.67821, -0.74795], [1.57106, -0.74801, -1.9872, 2.62856, -1.16231, -0.7059, -0.70057], [1.53317, -0.34536, -2.1335, 2.54582, -0.92742, -0.7336, -0.65318], [1.53154, -0.32797, -2.13981, 2.54225, -0.91728, -0.7348, -0.65114], [1.62543, -0.12083, -2.04596, 2.36302, -0.6002, -0.90788, -0.81499], [1.71931, 0.08632, -1.9521, 2.18378, -0.28313, -1.08097, -0.97884], [1.8132, 0.29346, -1.85825, 2.00455, 0.03395, -1.25405, -1.1427], [1.8948, 0.47348, -1.77668, 1.84878, 0.30951, -1.40447, -1.2851], [1.64365, 0.5596, -1.67049, 1.56854, 0.45028, -1.34278, -1.02805], [1.39251, 0.64572, -1.5643, 1.28829, 0.59105, -1.28108, -0.77101], [1.14136, 0.73184, -1.45811, 1.00804, 0.73182, -1.21939, -0.51396], [0.89021, 0.81796, -1.35192, 0.7278, 0.87259, -1.15769, -0.25692]]
end: [0.76741999999999999, 0.86006000000000005, -1.3, 0.59077000000000002, 0.94142000000000003, -1.1275299999999999, -0.13124]
obtacles: [[[0.6, 0.5, -1.0], [0.9, 0.6, 1.0]], [[0.6, -0.6, -1.0], [0.9, -0.5, 1.0]], [[0.6, -0.6, 0.9], [0.9, 0.6, 1.0]], [[0.6, -0.6, -1.0], [0.9, 0.6, -0.9]], [[0.6, -0.6, 0.3], [0.9, 0.6, 0.4]], [[0.6, -0.6, -0.5], [0.9, 0.6, -0.4]], [[0.6, -0.2, 0.4], [0.9, -0.1, 1.0]], [[0.6, 0.1, -0.5], [0.9, 0.2, 0.4]], [[0.6, 0.1, -1.0], [0.9, 0.2, -0.4]]]
start: [0.90146999999999999, 1.8828199999999999, -1.75, 1.13158, -1.2131400000000001, 1.5478000000000001, -2.9439000000000002]
tajectories: [[0.90147, 1.88282, -1.75, 1.13158, -1.21314, 1.5478, -2.9439], [1.0406, 1.64479, -1.56451, 1.40983, -1.19277, 1.29939, -2.93846], [1.17973, 1.40675, -1.37901, 1.68809, -1.1724, 1.05099, -2.93303], [1.31887, 1.16872, -1.19352, 1.96634, -1.15202, 0.80258, -2.92759], [1.458, 0.93068, -1.00803, 2.24459, -1.13165, 0.55418, -2.92216], [1.59713, 0.69265, -0.82254, 2.52284, -1.11128, 0.30577, -2.91672], [1.71491, 0.49114, -0.66551, 2.75839, -1.09404, 0.09549, -2.91212], [1.59558, 0.36511, -0.59528, 2.34703, -1.16288, 0.27346, -2.81562], [1.47625, 0.23909, -0.52505, 1.93566, -1.23173, 0.45142, -2.71911], [1.35692, 0.11306, -0.45482, 1.5243, -1.30058, 0.62939, -2.62261], [1.25391, 0.00427, -0.39419, 1.1692, -1.36001, 0.78301, -2.53931], [0.86977, -0.15241, -0.45952, 1.26371, -1.56612, 0.90785, -2.45791], [0.48564, -0.30908, -0.52485, 1.35822, -1.77222, 1.03268, -2.37651], [0.1015, -0.46576, -0.59017, 1.45273, -1.97833, 1.15752, -2.29511], [-0.10232, -0.54889, -0.62484, 1.50287, -2.08769, 1.22376, -2.25192], [-0.16464, -0.13502, -0.82122, 1.34637, -2.11032, 1.26587, -2.15452], [-0.22695, 0.27885, -1.0176, 1.18988, -2.13295, 1.30798, -2.05711], [-0.28926, 0.69271, -1.21398, 1.03338, -2.15558, 1.3501, -1.9597]]
end: [-0.33241999999999999, 0.97936999999999996, -1.3500000000000001, 0.92498999999999998, -2.1712500000000001, 1.3792599999999999, -1.8922300000000001]
obtacles: [[[0.6, 0.5, -1.0], [0.9, 0.6, 1.0]], [[0.6, -0.6, -1.0], [0.9, -0.5, 1.0]], [[0.6, -0.6, 0.9], [0.9, 0.6, 1.0]], [[0.6, -0.6, -1.0], [0.9, 0.6, -0.9]], [[0.6, -0.6, 0.3], [0.9, 0.6, 0.4]], [[0.6, -0.6, -0.5], [0.9, 0.6, -0.4]], [[0.6, -0.2, 0.4], [0.9, -0.1, 1.0]], [[0.6, 0.1, -0.5], [0.9, 0.2, 0.4]], [[0.6, 0.1, -1.0], [0.9, 0.2, -0.4]]]
start: [0.99909999999999999, 1.7678700000000001, -1.6000000000000001, 1.59789, -1.3744799999999999, 1.5368599999999999, -2.5490300000000001]
tajectories: [[0.9991, 1.76787, -1.6, 1.59789, -1.37448, 1.53686, -2.54903], [1.14981, 1.67848, -1.41645, 1.71639, -1.44517, 1.13344, -2.48724], [1.30052, 1.5891, -1.23291, 1.83489, -1.51587, 0.73002, -2.42546], [1.45123, 1.49971, -1.04936, 1.95338, -1.58656, 0.32659, -2.36367], [1.60194, 1.41033, -0.86582, 2.07188, -1.65725, -0.07683, -2.30188], [1.75266, 1.32094, -0.68227, 2.19038, -1.72795, -0.48025, -2.24009], [1.8701, 1.25128, -0.53924, 2.28273, -1.78304, -0.79464, -2.19194], [1.65291, 0.87221, -0.52246, 2.18505, -1.56989, -0.79531, -2.12974], [1.43571, 0.49313, -0.50568, 2.08737, -1.35674, -0.79598, -2.06754], [1.21851, 0.11405, -0.48891, 1.9897, -1.14358, -0.79665, -2.00534], [1.03674, -0.20318, -0.47487, 1.90796, -0.96521, -0.79721, -1.95329], [1.22204, -0.34956, -0.68028, 1.75956, -0.98005, -0.89727, -1.60718], [1.40733, -0.49593, -0.88569, 1.61116, -0.9949, -0.99733, -1.26106], [1.59262, -0.64231, -1.0911, 1.46277, -1.00975, -1.09739, -0.91495], [1.77791, -0.78868, -1.29651, 1.31437, -1.0246, -1.19745, -0.56884], [1.96321, -0.93506, -1.50192, 1.16597, -1.03945, -1.2975, -0.22273]]
end: [2.0516800000000002, -1.00495, -1.6000000000000001, 1.09511, -1.04654, -1.34528, -0.057459999999999997]
obtacles: [[[0.6, 0.5, -1.0], [0.9, 0.6, 1.0]], [[0.6, -0.6, -1.0], [0.9, -0.5, 1.0]], [[0.6, -0.6, 0.9], [0.9, 0.6, 1.0]], [[0.6, -0.6, -1.0], [0.9, 0.6, -0.9]], [[0.6, -0.6, 0.3], [0.9, 0.6, 0.4]], [[0.6, -0.6, -0.5], [0.9, 0.6, -0.4]], [[0.6, -0.2, 0.4], [0.9, -0.1, 1.0]], [[0.6, 0.1, -0.5], [0.9, 0.2, 0.4]], [[0.6, 0.1, -1.0], [0.9, 0.2, -0.4]]]
start: [-2.2858499999999999, -1.7179800000000001, 1.45, 0.99653000000000003, -4.5233400000000001, -1.5503800000000001, 0.12992999999999999]
tajectories: [[-2.28585, -1.71798, 1.45, 0.99653, -4.52334, -1.55038, 0.12993], [-2.13716, -1.70038, 1.5369, 1.28154, -4.37918, -1.23859, 0.27415], [-1.98847, -1.68278, 1.6238, 1.56655, -4.23501, -0.9268, 0.41838], [-1.83978, -1.66517, 1.7107, 1.85156, -4.09084, -0.61501, 0.56261], [-1.69109, -1.64757, 1.7976, 2.13657, -3.94667, -0.30322, 0.70684], [-1.5424, -1.62996, 1.88451, 2.42158, -3.80251, 0.00857, 0.85106], [-1.51654, -1.6269, 1.89962, 2.47116, -3.77743, 0.0628, 0.87615], [-1.48713, -1.38862, 1.82333, 2.25942, -3.45644, -0.12137, 0.94509], [-1.45773, -1.15033, 1.74704, 2.04769, -3.13546, -0.30555, 1.01402], [-1.42832, -0.91205, 1.67075, 1.83595, -2.81447, -0.48973, 1.08295], [-1.39892, -0.67377, 1.59446, 1.62422, -2.49349, -0.6739, 1.15189], [-1.36952, -0.43548, 1.51818, 1.41248, -2.1725, -0.85808, 1.22082], [-1.35846, -0.34592, 1.4895, 1.3329, -2.05185, -0.9273, 1.24673], [-1.38993, -0.30266, 1.06057, 1.31046, -1.89429, -0.96061, 1.0551], [-1.4214, -0.25939, 0.63165, 1.28801, -1.73674, -0.99392, 0.86347], [-1.45287, -0.21613, 0.20272, 1.26557, -1.57918, -1.02723, 0.67183], [-1.45632, -0.21139, 0.15578, 1.26311, -1.56194, -1.03088, 0.65086], [-1.32437, 0.03045, 0.4756, 1.16697, -1.38593, -1.06321, 0.47608], [-1.19242, 0.27229, 0.79543, 1.07083, -1.20993, -1.09554, 0.3013], [-1.06047, 0.51414, 1.11525, 0.97469, -1.03392, -1.12788, 0.12652], [-0.92852, 0.75598, 1.43507, 0.87854, -0.85791, -1.16021, -0.04826]]
end: [-0.92237000000000002, 0.76726000000000005, 1.45, 0.87405999999999995, -0.84970000000000001, -1.1617200000000001, -0.056419999999999998]
obtacles: [[[0.6, 0.5, -1.0], [0.9, 0.6, 1.0]], [[0.6, -0.6, -1.0], [0.9, -0.5, 1.0]], [[0.6, -0.6, 0.9], [0.9, 0.6, 1.0]], [[0.6, -0.6, -1.0], [0.9, 0.6, -0.9]], [[0.6, -0.6, 0.3], [0.9, 0.6, 0.4]], [[0.6, -0.6, -0.5], [0.9, 0.6, -0.4]], [[0.6, -0.2, 0.4], [0.9, -0.1, 1.0]], [[0.6, 0.1, -0.5], [0.9, 0.2, 0.4]], [[0.6, 0.1, -1.0], [0.9, 0.2, -0.4]]]
start: [-0.78474999999999995, 1.9559899999999999, 1.8500000000000001, 1.0311300000000001, -2.0417399999999999, -1.54477, -0.18534999999999999]
tajectories: [[-0.78475, 1.95599, 1.85, 1.03113, -2.04174, -1.54477, -0.18535], [-0.9308, 1.9251, 1.71315, 1.21568, -1.95181, -1.14427, -0.10507], [-1.07685, 1.89422, 1.57629, 1.40023, -1.86189, -0.74377, -0.02479], [-1.2229, 1.86333, 1.43944, 1.58477, -1.77196, -0.34328, 0.05549], [-1.36895, 1.83245, 1.30258, 1.76932, -1.68204, 0.05722, 0.13577], [-1.515, 1.80156, 1.16573, 1.95387, -1.59211, 0.45772, 0.21605], [-1.56233, 1.79155, 1.12138, 2.01367, -1.56297, 0.5875, 0.24206], [-1.54492, 1.41883, 1.04506, 2.07714, -1.83724, 0.45543, 0.15118], [-1.52752, 1.0461, 0.96873, 2.1406, -2.1115, 0.32337, 0.0603], [-1.51011, 0.67338, 0.8924, 2.20406, -2.38577, 0.19131, -0.03059], [-1.49271, 0.30066, 0.81608, 2.26752, -2.66003, 0.05924, -0.12147], [-1.4753, -0.07207, 0.73975, 2.33098, -2.93429, -0.07282, -0.21235], [-1.47518, -0.07459, 0.73923, 2.33141, -2.93615, -0.07372, -0.21297], [-1.31959, 0.03188, 1.0267, 2.42705, -2.72968, 0.08409, -0.44779], [-1.164, 0.13836, 1.31416, 2.52268, -2.52321, 0.2419, -0.68261], [-1.00841, 0.24483, 1.60162, 2.61832, -2.31674, 0.39971, -0.91742], [-0.89536, 0.3222, 1.8105, 2.68781, -2.16671, 0.51438, -1.08805], [-0.78263, 0.41294, 1.81781, 2.35084, -1.96111, 0.24697, -1.04712], [-0.6699, 0.50368, 1.82512, 2.01387, -1.7555, -0.02044, -1.0062], [-0.55718, 0.59442, 1.83243, 1.6769, -1.5499, -0.28784, -0.96527], [-0.44445, 0.68516, 1.83974, 1.33993, -1.34429, -0.55525, -0.92435], [-0.33172, 0.7759, 1.84705, 1.00296, -1.13868, -0.82266, -0.88342]]
end: [-0.28628999999999999, 0.81247000000000003, 1.8500000000000001, 0.86716000000000004, -1.05583, -0.93042000000000002, -0.86692999999999998]
obtacles: [[[0.6, 0.5, -1.0], [0.9, 0.6, 1.0]], [[0.6, -0.6, -1.0], [0.9, -0.5, 1.0]], [[0.6, -0.6, 0.9], [0.9, 0.6, 1.0]], [[0.6, -0.6, -1.0], [0.9, 0.6, -0.9]], [[0.6, -0.6, 0.3], [0.9, 0.6, 0.4]], [[0.6, -0.6, -0.5], [0.9, 0.6, -0.4]], [[0.6, -0.2, 0.4], [0.9, -0.1, 1.0]], [[0.6, 0.1, -0.5], [0.9, 0.2, 0.4]], [[0.6, 0.1, -1.0], [0.9, 0.2, -0.4]]]
start: [-0.86312, 1.97177, 1.8, 1.2517400000000001, -2.0236200000000002, -1.4945299999999999, -0.32425999999999999]
tajectories: [[-0.86312, 1.97177, 1.8, 1.25174, -2.02362, -1.49453, -0.32426], [-1.11111, 1.87098, 1.63782, 1.51943, -1.92303, -1.26476, -0.45643], [-1.3591, 1.77019, 1.47565, 1.78713, -1.82245, -1.03498, -0.5886], [-1.60709, 1.6694, 1.31347, 2.05482, -1.72187, -0.80521, -0.72076], [-1.85507, 1.56861, 1.15129, 2.32251, -1.62129, -0.57543, -0.85293], [-2.09516, 1.47103, 0.99428, 2.58168, -1.52391, -0.35298, -0.98088], [-2.01001, 1.13777, 1.18082, 2.31841, -1.48682, -0.50966, -1.02164], [-1.92486, 0.80452, 1.36736, 2.05515, -1.44973, -0.66634, -1.0624], [-1.83971, 0.47127, 1.5539, 1.79188, -1.41264, -0.82303, -1.10316], [-1.75456, 0.13801, 1.74043, 1.52861, -1.37555, -0.97971, -1.14391], [-1.66941, -0.19524, 1.92697, 1.26535, -1.33846, -1.13639, -1.18467], [-1.60448, -0.44938, 2.06922, 1.06458, -1.31017, -1.25588, -1.21575], [-1.29775, -0.22345, 1.95803, 1.20144, -1.17716, -1.11483, -1.406], [-0.99103, 0.00249, 1.84684, 1.3383, -1.04415, -0.97379, -1.59624], [-0.68431, 0.22843, 1.73565, 1.47516, -0.91113, -0.83274, -1.78648], [-0.37759, 0.45436, 1.62445, 1.61203, -0.77812, -0.6917, -1.97673], [-0.10531, 0.65493, 1.52575, 1.73352, -0.66004, -0.56649, -2.14561], [-0.10847, 0.75735, 1.62343, 1.50761, -0.80297, -0.76557, -1.80084], [-0.11163, 0.85977, 1.7211, 1.28171, -0.9459, -0.96466, -1.45608]]
end: [-0.11418, 0.94249000000000005, 1.8, 1.0992500000000001, -1.06135, -1.1254599999999999, -1.17761]
obtacles: [[[0.6, 0.5, -1.0], [0.9, 0.6, 1.0]], [[0.6, -0.6, -1.0], [0.9, -0.5, 1.0]], [[0.6, -0.6, 0.9], [0.9, 0.6, 1.0]], [[0.6, -0.6, -1.0], [0.9, 0.6, -0.9]], [[0.6, -0.6, 0.3], [0.9, 0.6, 0.4]], [[0.6, -0.6, -0.5], [0.9, 0.6, -0.4]], [[0.6, -0.2, 0.4], [0.9, -0.1, 1.0]], [[0.6, 0.1, -0.5], [0.9, 0.2, 0.4]], [[0.6, 0.1, -1.0], [0.9, 0.2, -0.4]]]
start: [-0.75080000000000002, 1.8682399999999999, 1.7, 1.28566, -1.8924099999999999, -1.53501, -0.50966999999999996]
tajectories: [[-0.7508, 1.86824, 1.7, 1.28566, -1.89241, -1.53501, -0.50967], [-0.6987, 1.88093, 1.75736, 1.74192, -1.96947, -1.52776, -0.33742], [-0.64659, 1.89362, 1.81472, 2.19818, -2.04654, -1.52051, -0.16517], [-0.59995, 1.90497, 1.86607, 2.60658, -2.11552, -1.51402, -0.01098], [-0.82936, 1.61457, 2.07854, 2.63712, -1.88976, -1.45217, -0.12125], [-1.05878, 1.32416, 2.29102, 2.66766, -1.66401, -1.39031, -0.23152], [-1.2882, 1.03375, 2.5035, 2.6982, -1.43825, -1.32846, -0.3418], [-1.35388, 0.9506, 2.56434, 2.70694, -1.37361, -1.31075, -0.37337], [-1.10408, 0.98926, 2.57394, 2.52703, -0.9953, -1.21076, -0.39639], [-0.85427, 1.02791, 2.58353, 2.34713, -0.617, -1.11078, -0.41941], [-0.60447, 1.06656, 2.59313, 2.16722, -0.23869, -1.0108, -0.44243], [-0.40977, 1.09669, 2.60061, 2.027, 0.05617, -0.93287, -0.46038], [-0.31069, 1.05394, 2.36221, 1.81985, -0.21952, -1.02425, -0.6933], [-0.21162, 1.01119, 2.12381, 1.61269, -0.49521, -1.11564, -0.92622], [-0.11254, 0.96844, 1.88541, 1.40554, -0.77091, -1.20702, -1.15914]]
end: [-0.035490000000000001, 0.93518999999999997, 1.7, 1.2444299999999999, -0.98531999999999997, -1.2780899999999999, -1.34029]
obtacles: [[[0.6, 0.5, -1.0], [0.9, 0.6, 1.0]], [[0.6, -0.6, -1.0], [0.9, -0.5, 1.0]], [[0.6, -0.6, 0.9], [0.9, 0.6, 1.0]], [[0.6, -0.6, -1.0], [0.9, 0.6, -0.9]], [[0.6, -0.6, 0.3], [0.9, 0.6, 0.4]], [[0.6, -0.6, -0.5], [0.9, 0.6, -0.4]], [[0.6, -0.2, 0.4], [0.9, -0.1, 1.0]], [[0.6, 0.1, -0.5], [0.9, 0.2, 0.4]], [[0.6, 0.1, -1.0], [0.9, 0.2, -0.4]]]
start: [-0.80771999999999999, 1.60731, 1.7, 0.86887999999999999, -1.68235, -1.4959800000000001, -0.054620000000000002]
tajectories: [[-0.80772, 1.60731, 1.7, 0.86888, -1.68235, -1.49598, -0.05462], [-0.73897, 1.66035, 1.45824, 0.92521, -1.83867, -1.25097, -0.36506], [-0.67021, 1.71339, 1.21647, 0.98154, -1.99499, -1.00597, -0.6755], [-0.60146, 1.76643, 0.97471, 1.03787, -2.1513, -0.76097, -0.98595], [-0.55641, 1.80118, 0.81629, 1.07478, -2.25373, -0.60043, -1.18937], [-0.75285, 1.75364, 0.90424, 1.45566, -2.16581, -0.61784, -1.40917], [-0.9493, 1.7061, 0.99218, 1.83654, -2.07789, -0.63526, -1.62896], [-1.14575, 1.65856, 1.08012, 2.21742, -1.98996, -0.65267, -1.84876], [-1.2068, 1.64378, 1.10746, 2.33579, -1.96264, -0.65808, -1.91707], [-1.2975, 1.17639, 1.10004, 2.43864, -1.96816, -0.76938, -1.93327], [-1.3882, 0.70899, 1.09263, 2.54148, -1.97368, -0.88069, -1.94948], [-1.4719, 0.27765, 1.08579, 2.6364, -1.97878, -0.9834, -1.96443], [-1.20102, 0.39111, 1.20587, 2.34478, -1.77443, -1.02646, -1.82063], [-0.93013, 0.50457, 1.32596, 2.05317, -1.57009, -1.06952, -1.67683], [-0.65925, 0.61803, 1.44605, 1.76155, -1.36574, -1.11258, -1.53303], [-0.38837, 0.73149, 1.56614, 1.46994, -1.16139, -1.15564, -1.38924], [-0.11749, 0.84494, 1.68623, 1.17832, -0.95705, -1.1987, -1.24544]]
end: [-0.086419999999999997, 0.85795999999999994, 1.7, 1.1448799999999999, -0.93361000000000005, -1.20364, -1.22895]
obtacles: [[[0.6, 0.5, -1.0], [0.9, 0.6, 1.0]], [[0.6, -0.6, -1.0], [0.9, -0.5, 1.0]], [[0.6, -0.6, 0.9], [0.9, 0.6, 1.0]], [[0.6, -0.6, -1.0], [0.9, 0.6, -0.9]], [[0.6, -0.6, 0.3], [0.9, 0.6, 0.4]], [[0.6, -0.6, -0.5], [0.9, 0.6, -0.4]], [[0.6, -0.2, 0.4], [0.9, -0.1, 1.0]], [[0.6, 0.1, -0.5], [0.9, 0.2, 0.4]], [[0.6, 0.1, -1.0], [0.9, 0.2, -0.4]]]
start: [-0.7349, 1.63304, 1.6000000000000001, 1.13622, -1.63954, -1.5705499999999999, -0.40040999999999999]
tajectories: [[-0.7349, 1.63304, 1.6, 1.13622, -1.63954, -1.57055, -0.40041], [-0.87596, 1.67453, 1.58948, 1.31128, -1.71146, -1.13194, -0.40905], [-1.01703, 1.71601, 1.57896, 1.48633, -1.78338, -0.69333, -0.41769], [-1.1581, 1.7575, 1.56845, 1.66139, -1.8553, -0.25473, -0.42633], [-1.26109, 1.78779, 1.56077, 1.7892, -1.9078, 0.0655, -0.43263], [-1.34531, 1.66081, 1.81468, 2.03234, -1.60498, -0.04162, -0.42872], [-1.42952, 1.53383, 2.06859, 2.27549, -1.30216, -0.14875, -0.42482], [-1.51374, 1.40684, 2.32249, 2.51864, -0.99934, -0.25588, -0.42091], [-1.54463, 1.36026, 2.41564, 2.60783, -0.88825, -0.29518, -0.41948], [-1.27889, 1.10813, 2.38902, 2.4047, -0.62442, -0.35646, -0.39759], [-1.01315, 0.856, 2.36239, 2.20156, -0.3606, -0.41775, -0.37571], [-0.9603, 0.80586, 2.3571, 2.16116, -0.30813, -0.42994, -0.37136], [-0.76576, 0.77336, 2.10293, 1.94597, -0.35768, -0.5717, -0.64999], [-0.57122, 0.74086, 1.84876, 1.73078, -0.40724, -0.71347, -0.92863], [-0.37668, 0.70835, 1.5946, 1.51559, -0.45679, -0.85524, -1.20726], [-0.18214, 0.67585, 1.34043, 1.3004, -0.50634, -0.997, -1.4859], [-0.18207, 0.67584, 1.34034, 1.30032, -0.50636, -0.99706, -1.486], [-0.01533, 0.77606, 1.50201, 1.06258, -0.78908, -1.08178, -1.28012]]
end: [0.085720000000000005, 0.83681000000000005, 1.6000000000000001, 0.91849000000000003, -0.96042000000000005, -1.1331199999999999, -1.15534]
obtacles: [[[0.6, 0.5, -1.0], [0.9, 0.6, 1.0]], [[0.6, -0.6, -1.0], [0.9, -0.5, 1.0]], [[0.6, -0.6, 0.9], [0.9, 0.6, 1.0]], [[0.6, -0.6, -1.0], [0.9, 0.6, -0.9]], [[0.6, -0.6, 0.3], [0.9, 0.6, 0.4]], [[0.6, -0.6, -0.5], [0.9, 0.6, -0.4]], [[0.6, -0.2, 0.4], [0.9, -0.1, 1.0]], [[0.6, 0.1, -0.5], [0.9, 0.2, 0.4]], [[0.6, 0.1, -1.0], [0.9, 0.2, -0.4]]]
start: [-0.38379999999999997, 1.9097999999999999, 1.8999999999999999, 1.0865199999999999, -2.0254699999999999, -1.45553, -0.61919000000000002]
tajectories: [[-0.3838, 1.9098, 1.9, 1.08652, -2.02547, -1.45553, -0.61919], [-0.63512, 1.81285, 1.8043, 1.37457, -1.99575, -1.19076, -0.49953], [-0.88645, 1.71589, 1.7086, 1.66261, -1.96604, -0.92598, -0.37987], [-1.13778, 1.61894, 1.61291, 1.95066, -1.93632, -0.66121, -0.26021], [-1.38911, 1.52198, 1.51721, 2.2387, -1.9066, -0.39644, -0.14055], [-1.64043, 1.42503, 1.42151, 2.52674, -1.87688, -0.13166, -0.02089], [-1.79997, 1.36349, 1.36076, 2.70959, -1.85802, 0.03641, 0.05507], [-1.85397, 1.31606, 1.36441, 2.26899, -1.74528, 0.22929, 0.02716], [-1.90798, 1.26863, 1.36806, 1.82839, -1.63253, 0.42217, -0.00074], [-1.96198, 1.22121, 1.37171, 1.38779, -1.51979, 0.61505, -0.02864], [-2.01598, 1.17378, 1.37536, 0.94719, -1.40705, 0.80793, -0.05655], [-2.05525, 1.13929, 1.37801, 0.62682, -1.32508, 0.94818, -0.07684], [-1.75993, 0.99416, 1.24644, 0.41176, -1.47071, 0.99598, 0.15697], [-1.46461, 0.84902, 1.11488, 0.1967, -1.61634, 1.04379, 0.39078], [-1.16929, 0.70388, 0.98331, -0.01836, -1.76198, 1.0916, 0.62458], [-0.87397, 0.55874, 0.85174, -0.23342, -1.90761, 1.1394, 0.85839], [-0.57865, 0.41361, 0.72017, -0.44848, -2.05325, 1.18721, 1.0922], [-0.4861, 0.36812, 0.67893, -0.51588, -2.09889, 1.20219, 1.16547], [-0.50695, 0.45573, 0.91128, -0.38532, -2.0309, 0.82383, 1.01356], [-0.5278, 0.54335, 1.14363, -0.25476, -1.96291, 0.44547, 0.86164], [-0.54865, 0.63096, 1.37598, -0.12419, -1.89492, 0.06711, 0.70973], [-0.5695, 0.71858, 1.60833, 0.00637, -1.82693, -0.31125, 0.55782], [-0.59035, 0.80619, 1.84068, 0.13693, -1.75894, -0.68961, 0.4059]]
end: [-0.59567999999999999, 0.82855999999999996, 1.8999999999999999, 0.17025999999999999, -1.7415799999999999, -0.78620999999999996, 0.36712]
obtacles: [[[0.6, 0.5, -1.0], [0.9, 0.6, 1.0]], [[0.6, -0.6, -1.0], [0.9, -0.5, 1.0]], [[0.6, -0.6, 0.9], [0.9, 0.6, 1.0]], [[0.6, -0.6, -1.0], [0.9, 0.6, -0.9]], [[0.6, -0.6, 0.3], [0.9, 0.6, 0.4]], [[0.6, -0.6, -0.5], [0.9, 0.6, -0.4]], [[0.6, -0.2, 0.4], [0.9, -0.1, 1.0]], [[0.6, 0.1, -0.5], [0.9, 0.2, 0.4]], [[0.6, 0.1, -1.0], [0.9, 0.2, -0.4]]]
start: [-0.00142, 0.90593999999999997, 1.8999999999999999, 0.99024000000000001, -1.10293, -0.98707999999999996, -1.2463299999999999]
tajectories: [[-0.00142, 0.90594, 1.9, 0.99024, -1.10293, -0.98708, -1.24633], [0.18924, 0.89479, 1.82109, 1.05468, -1.2995, -0.75326, -1.57774], [0.3799, 0.88364, 1.74219, 1.11912, -1.49608, -0.51944, -1.90915], [0.57056, 0.87248, 1.66328, 1.18356, -1.69265, -0.28563, -2.24056], [0.76065, 0.86136, 1.58461, 1.24781, -1.88863, -0.05251, -2.57098], [0.68613, 0.47278, 1.43156, 1.46474, -1.83819, -0.09294, -2.70805], [0.61162, 0.08419, 1.27852, 1.68168, -1.78774, -0.13336, -2.84511], [0.53711, -0.30439, 1.12548, 1.89862, -1.7373, -0.17379, -2.98217], [0.52659, -0.35928, 1.10386, 1.92926, -1.73017, -0.1795, -3.00153], [0.62534, -0.55785, 0.70838, 1.9115, -1.74531, -0.38868, -2.99094], [0.72409, -0.75642, 0.3129, 1.89374, -1.76045, -0.59786, -2.98034], [0.82284, -0.95499, -0.08258, 1.87598, -1.7756, -0.80703, -2.96974], [0.92159, -1.15356, -0.47806, 1.85822, -1.79074, -1.01621, -2.95914], [1.02034, -1.35213, -0.87355, 1.84046, -1.80588, -1.22539, -2.94854], [1.03596, -1.38356, -0.93613, 1.83765, -1.80828, -1.25849, -2.94686], [1.31063, -1.50143, -1.0905, 1.84481, -1.84426, -1.32133, -2.58418], [1.5853, -1.61931, -1.24487, 1.85197, -1.88024, -1.38417, -2.2215], [1.85997, -1.73718, -1.39925, 1.85913, -1.91622, -1.44701, -1.85882], [2.13464, -1.85506, -1.55362, 1.86629, -1.95219, -1.50985, -1.49614]]
end: [2.3950800000000001, -1.9668300000000001, -1.7, 1.87307, -1.98631, -1.5694399999999999, -1.1522399999999999]
obtacles: [[[0.6, 0.5, -1.0], [0.9, 0.6, 1.0]], [[0.6, -0.6, -1.0], [0.9, -0.5, 1.0]], [[0.6, -0.6, 0.9], [0.9, 0.6, 1.0]], [[0.6, -0.6, -1.0], [0.9, 0.6, -0.9]], [[0.6, -0.6, 0.3], [0.9, 0.6, 0.4]], [[0.6, -0.6, -0.5], [0.9, 0.6, -0.4]], [[0.6, -0.2, 0.4], [0.9, -0.1, 1.0]], [[0.6, 0.1, -0.5], [0.9, 0.2, 0.4]], [[0.6, 0.1, -1.0], [0.9, 0.2, -0.4]]]
start: [2.23569, -0.84745000000000004, -1.7, 1.0004900000000001, -0.88419000000000003, -1.2910999999999999, -0.14618999999999999]
tajectories: [[2.23569, -0.84745, -1.7, 1.00049, -0.88419, -1.2911, -0.14619], [1.93499, -0.74804, -1.60465, 0.79536, -1.02446, -1.32512, -0.42493], [1.63429, -0.64864, -1.5093, 0.59023, -1.16474, -1.35913, -0.70366], [1.33359, -0.54924, -1.41396, 0.3851, -1.30502, -1.39315, -0.9824], [1.03289, -0.44983, -1.31861, 0.17997, -1.4453, -1.42716, -1.26114], [0.73219, -0.35043, -1.22326, -0.02516, -1.58558, -1.46118, -1.53987], [0.62203, -0.31401, -1.18833, -0.10031, -1.63697, -1.47364, -1.64199], [0.79024, -0.28468, -1.12123, 0.2972, -1.86442, -1.39757, -1.67039], [0.95845, -0.25534, -1.05414, 0.69472, -2.09187, -1.32151, -1.69879], [1.12666, -0.22601, -0.98704, 1.09223, -2.31932, -1.24544, -1.72719], [1.29487, -0.19667, -0.91995, 1.48974, -2.54677, -1.16938, -1.75559], [1.42538, -0.17391, -0.86789, 1.79816, -2.72324, -1.11036, -1.77762], [1.45207, 0.13819, -0.73655, 1.89887, -2.70317, -0.78915, -1.92221], [1.47877, 0.45029, -0.60521, 1.99958, -2.6831, -0.46793, -2.0668], [1.50546, 0.76238, -0.47387, 2.10029, -2.66302, -0.14671, -2.21139], [1.52327, 0.97052, -0.38628, 2.16746, -2.64964, 0.0675, -2.30781], [1.44183, 1.14501, -0.64665, 2.09243, -2.38631, 0.32944, -2.34713], [1.36039, 1.3195, -0.90703, 2.0174, -2.12298, 0.59137, -2.38644], [1.27894, 1.49399, -1.1674, 1.94236, -1.85966, 0.85331, -2.42576], [1.1975, 1.66847, -1.42778, 1.86733, -1.59633, 1.11524, -2.46507], [1.11606, 1.84296, -1.68816, 1.7923, -1.333, 1.37718, -2.50438]]
end: [1.11236, 1.8509, -1.7, 1.7888900000000001, -1.3210200000000001, 1.3890899999999999, -2.50617]
obtacles: [[[0.6, 0.5, -1.0], [0.9, 0.6, 1.0]], [[0.6, -0.6, -1.0], [0.9, -0.5, 1.0]], [[0.6, -0.6, 0.9], [0.9, 0.6, 1.0]], [[0.6, -0.6, -1.0], [0.9, 0.6, -0.9]], [[0.6, -0.6, 0.3], [0.9, 0.6, 0.4]], [[0.6, -0.6, -0.5], [0.9, 0.6, -0.4]], [[0.6, -0.2, 0.4], [0.9, -0.1, 1.0]], [[0.6, 0.1, -0.5], [0.9, 0.2, 0.4]], [[0.6, 0.1, -1.0], [0.9, 0.2, -0.4]]]
start: [1.0669299999999999, 1.9702599999999999, -1.75, 1.8316399999999999, -4.3599500000000004, -1.3088500000000001, 0.68142999999999998]
tajectories: [[1.06693, 1.97026, -1.75, 1.83164, -4.35995, -1.30885, 0.68143], [1.23505, 1.8884, -1.57572, 1.92127, -4.07865, -1.00042, 0.63279], [1.40318, 1.80653, -1.40144, 2.01091, -3.79735, -0.69199, 0.58415], [1.5713, 1.72467, -1.22715, 2.10054, -3.51606, -0.38355, 0.53551], [1.73942, 1.64281, -1.05287, 2.19018, -3.23476, -0.07512, 0.48687], [1.90754, 1.56095, -0.87859, 2.27981, -2.95346, 0.23331, 0.43823], [2.07567, 1.47909, -0.70431, 2.36944, -2.67217, 0.54175, 0.38959], [2.24379, 1.39722, -0.53003, 2.45908, -2.39087, 0.85018, 0.34095], [2.26364, 1.38756, -0.50945, 2.46966, -2.35766, 0.8866, 0.3352], [2.30671, 1.29764, -0.43268, 2.03342, -2.41477, 0.72959, 0.20891], [2.34977, 1.20773, -0.35591, 1.59719, -2.47188, 0.57259, 0.08262], [2.39284, 1.11781, -0.27914, 1.16095, -2.529, 0.41558, -0.04367], [2.43591, 1.0279, -0.20237, 0.72471, -2.58611, 0.25857, -0.16996], [2.46246, 0.97246, -0.15503, 0.45574, -2.62133, 0.16177, -0.24783], [2.31179, 0.80321, -0.34908, 0.35737, -2.64307, 0.28902, -0.61478], [2.16112, 0.63395, -0.54313, 0.259, -2.66481, 0.41627, -0.98174], [2.01046, 0.4647, -0.73717, 0.16062, -2.68655, 0.54352, -1.34869], [1.85979, 0.29544, -0.93122, 0.06225, -2.7083, 0.67077, -1.71565], [1.70912, 0.12619, -1.12527, -0.03612, -2.73004, 0.79801, -2.0826], [1.58624, -0.01185, -1.28353, -0.11635, -2.74777, 0.90179, -2.38188], [1.75021, -0.21914, -1.52389, 0.08448, -2.97358, 1.04541, -2.484], [1.91417, -0.42643, -1.76425, 0.28531, -3.19939, 1.18902, -2.58611], [2.07814, -0.63372, -2.00461, 0.48613, -3.4252, 1.33263, -2.68823], [2.2421, -0.84101, -2.24497, 0.68696, -3.65101, 1.47624, -2.79035]]
end: [2.3137500000000002, -0.93159000000000003, -2.3500000000000001, 0.77471999999999996, -3.7496800000000001, 1.5389900000000001, -2.8349700000000002]
obtacles: [[[0.6, 0.5, -1.0], [0.9, 0.6, 1.0]], [[0.6, -0.6, -1.0], [0.9, -0.5, 1.0]], [[0.6, -0.6, 0.9], [0.9, 0.6, 1.0]], [[0.6, -0.6, -1.0], [0.9, 0.6, -0.9]], [[0.6, -0.6, 0.3], [0.9, 0.6, 0.4]], [[0.6, -0.6, -0.5], [0.9, 0.6, -0.4]], [[0.6, -0.2, 0.4], [0.9, -0.1, 1.0]], [[0.6, 0.1, -0.5], [0.9, 0.2, 0.4]], [[0.6, 0.1, -1.0], [0.9, 0.2, -0.4]]]
start: [-0.79708000000000001, 1.78559, 1.6499999999999999, 1.5628200000000001, -1.78684, -1.49512, -0.74899000000000004]
tajectories: [[-0.79708, 1.78559, 1.65, 1.56282, -1.78684, -1.49512, -0.74899], [-0.88447, 1.73925, 1.56632, 2.00392, -1.62521, -1.38616, -0.77445], [-0.97186, 1.69291, 1.48264, 2.44502, -1.46358, -1.27719, -0.7999], [-1.00861, 1.67342, 1.44744, 2.63053, -1.3956, -1.23136, -0.81061], [-0.97638, 1.47658, 1.70933, 2.72116, -1.13886, -1.27447, -0.5544], [-0.94415, 1.27974, 1.97121, 2.81179, -0.88213, -1.31759, -0.29818], [-0.91192, 1.0829, 2.23309, 2.90242, -0.62539, -1.3607, -0.04197], [-0.87969, 0.88606, 2.49498, 2.99305, -0.36866, -1.40382, 0.21425], [-0.8591, 0.76034, 2.66223, 3.05094, -0.20469, -1.43135, 0.37788], [-0.57586, 0.5581, 2.64839, 2.72373, -0.28263, -1.38008, 0.26423], [-0.29262, 0.35586, 2.63454, 2.39653, -0.36056, -1.3288, 0.15058], [-0.00938, 0.15363, 2.6207, 2.06933, -0.43849, -1.27752, 0.03693], [0.14255, 0.04515, 2.61327, 1.89382, -0.48029, -1.25002, -0.02403], [0.16251, 0.25516, 2.39004, 1.67361, -0.61961, -1.23079, -0.31965], [0.18247, 0.46518, 2.16682, 1.4534, -0.75893, -1.21156, -0.61528], [0.20243, 0.67519, 1.94359, 1.23319, -0.89824, -1.19233, -0.91091], [0.22239, 0.8852, 1.72036, 1.01298, -1.03756, -1.17309, -1.20653]]
end: [0.22867999999999999, 0.95140000000000002, 1.6499999999999999, 0.94357000000000002, -1.0814699999999999, -1.16703, -1.29972]
obtacles: [[[0.6, 0.5, -1.0], [0.9, 0.6, 1.0]], [[0.6, -0.6, -1.0], [0.9, -0.5, 1.0]], [[0.6, -0.6, 0.9], [0.9, 0.6, 1.0]], [[0.6, -0.6, -1.0], [0.9, 0.6, -0.9]], [[0.6, -0.6, 0.3], [0.9, 0.6, 0.4]], [[0.6, -0.6, -0.5], [0.9, 0.6, -0.4]], [[0.6, -0.2, 0.4], [0.9, -0.1, 1.0]], [[0.6, 0.1, -0.5], [0.9, 0.2, 0.4]], [[0.6, 0.1, -1.0], [0.9, 0.2, -0.4]]]
start: [1.01613, 1.90663, -1.6000000000000001, 1.6176900000000001, -1.2363999999999999, 1.5278, -2.5522300000000002]
tajectories: [[1.01613, 1.90663, -1.6, 1.61769, -1.2364, 1.5278, -2.55223], [1.14958, 1.62645, -1.24687, 1.77635, -1.24554, 1.47625, -2.51932], [1.28303, 1.34628, -0.89375, 1.935, -1.25468, 1.42471, -2.4864], [1.41649, 1.0661, -0.54062, 2.09365, -1.26382, 1.37317, -2.45348], [1.54994, 0.78593, -0.1875, 2.2523, -1.27296, 1.32162, -2.42056], [1.68046, 0.51193, 0.15785, 2.40746, -1.2819, 1.27122, -2.38837], [1.71295, 0.2809, 0.24928, 2.08685, -1.29343, 1.16775, -2.1171], [1.74545, 0.04988, 0.3407, 1.76624, -1.30496, 1.06427, -1.84584], [1.77795, -0.18115, 0.43213, 1.44563, -1.31649, 0.9608, -1.57458], [1.78358, -0.22114, 0.44796, 1.39012, -1.31849, 0.94289, -1.52761], [1.90266, -0.50114, 0.29973, 1.3263, -1.04398, 0.70645, -1.517], [2.02174, -0.78114, 0.15149, 1.26247, -0.76946, 0.47, -1.50639], [2.14082, -1.06114, 0.00325, 1.19865, -0.49495, 0.23356, -1.49577], [2.17296, -1.13672, -0.03676, 1.18142, -0.42086, 0.16974, -1.49291], [2.20538, -1.11363, -0.33856, 1.13962, -0.54954, -0.1117, -1.24833], [2.23781, -1.09055, -0.64036, 1.09782, -0.67822, -0.39313, -1.00375], [2.27023, -1.06747, -0.94216, 1.05602, -0.8069, -0.67457, -0.75917], [2.30265, -1.04439, -1.24396, 1.01422, -0.93559, -0.95601, -0.5146], [2.33507, -1.02131, -1.54576, 0.97242, -1.06427, -1.23745, -0.27002]]
end: [2.3409, -1.0171600000000001, -1.6000000000000001, 0.96491000000000005, -1.0873900000000001, -1.28803, -0.22606000000000001]
obtacles: [[[0.6, 0.5, -1.0], [0.9, 0.6, 1.0]], [[0.6, -0.6, -1.0], [0.9, -0.5, 1.0]], [[0.6, -0.6, 0.9], [0.9, 0.6, 1.0]], [[0.6, -0.6, -1.0], [0.9, 0.6, -0.9]], [[0.6, -0.6, 0.3], [0.9, 0.6, 0.4]], [[0.6, -0.6, -0.5], [0.9, 0.6, -0.4]], [[0.6, -0.2, 0.4], [0.9, -0.1, 1.0]], [[0.6, 0.1, -0.5], [0.9, 0.2, 0.4]], [[0.6, 0.1, -1.0], [0.9, 0.2, -0.4]]]
start: [2.2941500000000001, -1.84622, -1.6000000000000001, 1.76339, -1.84667, -1.5463199999999999, -0.91659000000000002]
tajectories: [[2.29415, -1.84622, -1.6, 1.76339, -1.84667, -1.54632, -0.91659], [1.92604, -1.72799, -1.6746, 1.90636, -1.93712, -1.4487, -1.15492], [1.55794, -1.60976, -1.7492, 2.04934, -2.02758, -1.35108, -1.39326], [1.18984, -1.49153, -1.82379, 2.19232, -2.11803, -1.25346, -1.63159], [0.82173, -1.37331, -1.89839, 2.33529, -2.20849, -1.15584, -1.86993], [0.45363, -1.25508, -1.97299, 2.47827, -2.29895, -1.05822, -2.10826], [0.17518, -1.16565, -2.02942, 2.58643, -2.36737, -0.98438, -2.28855], [0.38957, -0.93496, -1.7595, 2.55749, -2.09435, -0.9568, -2.33124], [0.60396, -0.70427, -1.48958, 2.52855, -1.82133, -0.92923, -2.37394], [0.81835, -0.47358, -1.21965, 2.49962, -1.54831, -0.90165, -2.41664], [1.03273, -0.24289, -0.94973, 2.47068, -1.27528, -0.87408, -2.45934], [1.12717, -0.14127, -0.83083, 2.45793, -1.15501, -0.86193, -2.47814], [1.27302, -0.14121, -0.88004, 2.3868, -0.86759, -0.5811, -2.23367], [1.41887, -0.14115, -0.92926, 2.31568, -0.58017, -0.30028, -1.98919], [1.56471, -0.14108, -0.97847, 2.24455, -0.29274, -0.01945, -1.74471], [1.71056, -0.14102, -1.02768, 2.17343, -0.00532, 0.26138, -1.50023], [1.85641, -0.14096, -1.0769, 2.1023, 0.28211, 0.54221, -1.25575], [1.96616, -0.14092, -1.11393, 2.04877, 0.4984, 0.75354, -1.07177], [1.79194, 0.03472, -1.19512, 1.84043, 0.59513, 0.44202, -0.89178], [1.61772, 0.21035, -1.2763, 1.63208, 0.69186, 0.13049, -0.71179], [1.44349, 0.38599, -1.35749, 1.42373, 0.78859, -0.18103, -0.53181], [1.26927, 0.56162, -1.43867, 1.21539, 0.88532, -0.49256, -0.35182], [1.09505, 0.73725, -1.51986, 1.00704, 0.98205, -0.80408, -0.17183]]
end: [0.92305999999999999, 0.91064000000000001, -1.6000000000000001, 0.80135999999999996, 1.0775399999999999, -1.11161, 0.0058500000000000002]
