obtacles: [[[0.6, 0.5, -1.0], [0.9, 0.6, 1.0]], [[0.6, -0.6, -1.0], [0.9, -0.5, 1.0]], [[0.6, -0.6, 0.9], [0.9, 0.6, 1.0]], [[0.6, -0.6, -1.0], [0.9, 0.6, -0.9]], [[0.6, -0.6, 0.3], [0.9, 0.6, 0.4]], [[0.6, -0.6, -0.4], [0.9, 0.6, -0.3]], [[0.6, -0.3, 0.4], [0.9, -0.2, 1.0]], [[0.6, -0.2, -0.4], [0.9, -0.1, 0.4]], [[0.6, 0.2, -1.0], [0.9, 0.3, -0.3]]]
start: [-1.11341, 1.9311499999999999, 1.6499999999999999, 1.43971, -1.93841, -1.54348, -0.30679000000000001]
tajectories: [[-1.11341, 1.93115, 1.65, 1.43971, -1.93841, -1.54348, -0.30679], [-1.23688, 1.59298, 1.45626, 1.60747, -1.93346, -1.32615, -0.39321], [-1.36034, 1.25482, 1.26253, 1.77523, -1.92852, -1.10883, -0.47964], [-1.48381, 0.91665, 1.06879, 1.94299, -1.92357, -0.8915, -0.56607], [-1.58723, 0.6334, 0.90651, 2.08351, -1.91942, -0.70946, -0.63846], [-1.8511, 0.6652, 0.98725, 2.05399, -1.67047, -0.7183, -0.96999], [-1.92739, 0.67439, 1.01059, 2.04546, -1.5985, -0.72085, -1.06584], [-1.80571, 0.49383, 1.17393, 2.1785, -1.77796, -0.51702, -1.35647], [-1.68404, 0.31328, 1.33727, 2.31155, -1.95741, -0.31319, -1.64709], [-1.56236, 0.13272, 1.50061, 2.4446, -2.13687, -0.10936, -1.93771], [-1.54141, 0.10163, 1.52874, 2.46751, -2.16777, -0.07426, -1.98776], [-1.60497, 0.04846, 1.38412, 2.37418, -2.30587, 0.35955, -2.06677], [-1.66853, -0.00471, 1.2395, 2.28085, -2.44397, 0.79337, -2.14577], [-1.72394, -0.05106, 1.11343, 2.19948, -2.56435, 1.17154, -2.21465], [-1.85418, -0.32698, 1.27994, 1.93008, -2.45176, 1.27128, -2.39898], [-1.98443, -0.6029, 1.44645, 1.66068, -2.33917, 1.37103, -2.5833], [-2.11467, -0.87882, 1.61296, 1.39128, -2.22658, 1.47077, -2.76763]]
end: [-2.14364, -0.94020999999999999, 1.6499999999999999, 1.33135, -2.20153, 1.4929600000000001, -2.80864]
obtacles: [[[0.6, 0.5, -1.0], [0.9, 0.6, 1.0]], [[0.6, -0.6, -1.0], [0.9, -0.5, 1.0]], [[0.6, -0.6, 0.9], [0.9, 0.6, 1.0]], [[0.6, -0.6, -1.0], [0.9, 0.6, -0.9]], [[0.6, -0.6, 0.3], [0.9, 0.6, 0.4]], [[0.6, -0.6, -0.4], [0.9, 0.6, -0.3]], [[0.6, -0.3, 0.4], [0.9, -0.2, 1.0]], [[0.6, -0.2, -0.4], [0.9, -0.1, 0.4]], [[0.6, 0.2, -1.0], [0.9, 0.3, -0.3]]]
start: [-0.93301000000000001, 0.85846, 1.6000000000000001, 0.78297000000000005, -1.03871, -1.07142, 0.00042000000000000002]
tajectories: [[-0.93301, 0.85846, 1.6, 0.78297, -1.03871, -1.07142, 0.00042], [-1.03715, 0.69449, 1.4634, 0.73105, -0.75779, -0.73842, 0.0337], [-1.14128, 0.53052, 1.32679, 0.67913, -0.47687, -0.40542, 0.06697], [-1.24542, 0.36655, 1.19019, 0.62721, -0.19596, -0.07241, 0.10025], [-1.34955, 0.20258, 1.05359, 0.5753, 0.08496, 0.26059, 0.13352], [-1.40697, 0.11217, 0.97827, 0.54667, 0.23985, 0.44419, 0.15187], [-1.43693, 0.08135, 1.30269, 0.8262, 0.38417, 0.62308, 0.04259], [-1.4669, 0.05053, 1.6271, 1.10573, 0.52849, 0.80197, -0.06669], [-1.49686, 0.01972, 1.95151, 1.38526, 0.67281, 0.98086, -0.17597], [-1.52683, -0.0111, 2.27592, 1.66479, 0.81713, 1.15975, -0.28524], [-1.53856, -0.02317, 2.40294, 1.77424, 0.87364, 1.2298, -0.32803], [-1.56065, -0.33639, 2.47221, 1.70236, 0.50891, 1.30485, -0.38069], [-1.58273, -0.64962, 2.54148, 1.63048, 0.14418, 1.3799, -0.43336], [-1.60481, -0.96284, 2.61075, 1.5586, -0.22056, 1.45496, -0.48603], [-1.62365, -1.23004, 2.66985, 1.49728, -0.53169, 1.51898, -0.53096], [-1.75892, -1.34138, 2.44028, 1.56963, -0.71613, 1.52614, -0.88775], [-1.89418, -1.45272, 2.21072, 1.64198, -0.90057, 1.53331, -1.24455], [-2.02944, -1.56406, 1.98116, 1.71433, -1.08501, 1.54047, -1.60135], [-2.1647, -1.6754, 1.75159, 1.78668, -1.26945, 1.54763, -1.95814]]
end: [-2.2540300000000002, -1.7489300000000001, 1.6000000000000001, 1.83446, -1.39124, 1.55236, -2.1937500000000001]
obtacles: [[[0.6, 0.5, -1.0], [0.9, 0.6, 1.0]], [[0.6, -0.6, -1.0], [0.9, -0.5, 1.0]], [[0.6, -0.6, 0.9], [0.9, 0.6, 1.0]], [[0.6, -0.6, -1.0], [0.9, 0.6, -0.9]], [[0.6, -0.6, 0.3], [0.9, 0.6, 0.4]], [[0.6, -0.6, -0.4], [0.9, 0.6, -0.3]], [[0.6, -0.3, 0.4], [0.9, -0.2, 1.0]], [[0.6, -0.2, -0.4], [0.9, -0.1, 0.4]], [[0.6, 0.2, -1.0], [0.9, 0.3, -0.3]]]
start: [-2.5800900000000002, -1.9705999999999999, 1.3999999999999999, 1.2257499999999999, -1.13812, 1.55511, -2.5154800000000002]
tajectories: [[-2.58009, -1.9706, 1.4, 1.22575, -1.13812, 1.55511, -2.51548], [-2.2336, -1.88153, 1.40227, 1.43956, -0.98663, 1.44376, -2.31314], [-1.88711, -1.79246, 1.40454, 1.65338, -0.83514, 1.33241, -2.11079], [-1.54062, -1.7034, 1.40681, 1.86719, -0.68365, 1.22106, -1.90845], [-1.48857, -1.69002, 1.40715, 1.89931, -0.66089, 1.20434, -1.87805], [-1.57484, -1.40836, 1.337, 1.81602, -1.03713, 1.267, -1.80134], [-1.66112, -1.12671, 1.26685, 1.73273, -1.41337, 1.32966, -1.72462], [-1.69518, -1.01553, 1.23916, 1.69985, -1.56188, 1.3544, -1.69434], [-1.86285, -1.00894, 1.12034, 1.44068, -1.83799, 1.42203, -1.93876], [-2.03053, -1.00235, 1.00152, 1.18151, -2.1141, 1.48966, -2.18319], [-2.09748, -0.99972, 0.95407, 1.07803, -2.22434, 1.51666, -2.28078], [-2.2147, -0.91183, 1.1552, 0.92689, -2.15052, 1.25454, -2.58258], [-2.33193, -0.82393, 1.35632, 0.77575, -2.07669, 0.99243, -2.88438]]
end: [-2.3573900000000001, -0.80484999999999995, 1.3999999999999999, 0.74292999999999998, -2.0606599999999999, 0.9355, -2.9499300000000002]
obtacles: [[[0.6, 0.5, -1.0], [0.9, 0.6, 1.0]], [[0.6, -0.6, -1.0], [0.9, -0.5, 1.0]], [[0.6, -0.6, 0.9], [0.9, 0.6, 1.0]], [[0.6, -0.6, -1.0], [0.9, 0.6, -0.9]], [[0.6, -0.6, 0.3], [0.9, 0.6, 0.4]], [[0.6, -0.6, -0.4], [0.9, 0.6, -0.3]], [[0.6, -0.3, 0.4], [0.9, -0.2, 1.0]], [[0.6, -0.2, -0.4], [0.9, -0.1, 0.4]], [[0.6, 0.2, -1.0], [0.9, 0.3, -0.3]]]
start: [-2.1509499999999999, -1.92944, 1.3999999999999999, 1.5104599999999999, -1.19885, 1.43266, -2.6788400000000001]
tajectories: [[-2.15095, -1.92944, 1.4, 1.51046, -1.19885, 1.43266, -2.67884], [-2.16865, -1.9249, 1.45371, 1.56686, -1.07073, 1.09001, -2.34751], [-2.18634, -1.92035, 1.50743, 1.62325, -0.9426, 0.74737, -2.01618], [-2.20404, -1.91581, 1.56114, 1.67965, -0.81448, 0.40472, -1.68485], [-2.2094, -1.91443, 1.57743, 1.69675, -0.77563, 0.30083, -1.58439], [-2.20689, -1.77973, 1.70794, 1.96432, -0.62743, 0.01416, -1.3867], [-2.20438, -1.64503, 1.83845, 2.23188, -0.47923, -0.27252, -1.18902], [-2.20187, -1.51033, 1.96896, 2.49945, -0.33103, -0.55919, -0.99133], [-2.19936, -1.37563, 2.09948, 2.76701, -0.18283, -0.84586, -0.79364], [-2.19685, -1.24093, 2.22999, 3.03458, -0.03464, -1.13254, -0.59595], [-2.19666, -1.23092, 2.23969, 3.05446, -0.02362, -1.15384, -0.58126], [-2.21067, -1.08844, 1.91886, 2.89823, -0.33056, -1.17883, -0.49567], [-2.22468, -0.94596, 1.59803, 2.74199, -0.6375, -1.20383, -0.41007], [-2.23869, -0.80348, 1.2772, 2.58576, -0.94444, -1.22882, -0.32448], [-2.2527, -0.661, 0.95638, 2.42952, -1.25138, -1.25381, -0.23888], [-2.26672, -0.51852, 0.63555, 2.27328, -1.55832, -1.27881, -0.15328], [-2.27246, -0.46014, 0.50408, 2.20926, -1.6841, -1.28905, -0.11821], [-2.03176, -0.19875, 0.67639, 1.9418, -1.54392, -1.27893, -0.06567], [-1.79105, 0.06263, 0.84871, 1.67433, -1.40374, -1.26881, -0.01314], [-1.55035, 0.32401, 1.02102, 1.40687, -1.26357, -1.25869, 0.03939], [-1.30965, 0.5854, 1.19333, 1.1394, -1.12339, -1.24857, 0.09193], [-1.06895, 0.84678, 1.36565, 0.87194, -0.98321, -1.23846, 0.14446]]
end: [-1.0209600000000001, 0.89890000000000003, 1.3999999999999999, 0.81860999999999995, -0.95526999999999995, -1.23644, 0.15493000000000001]
obtacles: [[[0.6, 0.5, -1.0], [0.9, 0.6, 1.0]], [[0.6, -0.6, -1.0], [0.9, -0.5, 1.0]], [[0.6, -0.6, 0.9], [0.9, 0.6, 1.0]], [[0.6, -0.6, -1.0], [0.9, 0.6, -0.9]], [[0.6, -0.6, 0.3], [0.9, 0.6, 0.4]], [[0.6, -0.6, -0.4], [0.9, 0.6, -0.3]], [[0.6, -0.3, 0.4], [0.9, -0.2, 1.0]], [[0.6, -0.2, -0.4], [0.9, -0.1, 0.4]], [[0.6, 0.2, -1.0], [0.9, 0.3, -0.3]]]
start: [-1.01498, 1.76946, 1.6499999999999999, 1.30291, -1.7833000000000001, -1.5482400000000001, -0.27761999999999998]
tajectories: [[-1.01498, 1.76946, 1.65, 1.30291, -1.7833, -1.54824, -0.27762], [-1.16773, 1.60382, 1.53864, 1.53913, -1.91826, -1.22357, -0.36368], [-1.32049, 1.43818, 1.42728, 1.77535, -2.05322, -0.8989, -0.44974], [-1.47324, 1.27254, 1.31591, 2.01157, -2.18817, -0.57423, -0.53579], [-1.62599, 1.1069, 1.20455, 2.24779, -2.32313, -0.24957, -0.62185], [-1.77874, 0.94126, 1.09319, 2.48401, -2.45809, 0.0751, -0.70791], [-1.91354, 0.7951, 0.99492, 2.69246, -2.57719, 0.3616, -0.78385], [-1.97779, 0.52934, 0.94998, 3.0953, -2.56439, 0.46118, -0.75444], [-1.98098, 0.51617, 0.94775, 3.11526, -2.56375, 0.46611, -0.75299], [-1.60706, 0.47807, 1.10149, 2.9062, -2.48684, 0.34935, -0.90076], [-1.23314, 0.43996, 1.25524, 2.69713, -2.40992, 0.23258, -1.04853], [-0.85922, 0.40186, 1.40898, 2.48806, -2.333, 0.11582, -1.1963], [-0.4853, 0.36376, 1.56272, 2.27899, -2.25609, -0.00095, -1.34407], [-0.45003, 0.36017, 1.57722, 2.25928, -2.24883, -0.01196, -1.358], [-0.32238, 0.38865, 1.46211, 2.0628, -2.0531, -0.2618, -1.07461], [-0.19473, 0.41712, 1.347, 1.86633, -1.85737, -0.51164, -0.79122], [-0.07598, 0.44361, 1.23992, 1.68355, -1.67528, -0.74406, -0.52758], [-0.10868, 0.57022, 1.39593, 1.36608, -1.39956, -0.85366, -0.66806], [-0.14139, 0.69682, 1.55195, 1.0486, -1.12383, -0.96326, -0.80854]]
end: [-0.16194, 0.77639000000000002, 1.6499999999999999, 0.84906999999999999, -0.95054000000000005, -1.0321400000000001, -0.89683000000000002]
obtacles: [[[0.6, 0.5, -1.0], [0.9, 0.6, 1.0]], [[0.6, -0.6, -1.0], [0.9, -0.5, 1.0]], [[0.6, -0.6, 0.9], [0.9, 0.6, 1.0]], [[0.6, -0.6, -1.0], [0.9, 0.6, -0.9]], [[0.6, -0.6, 0.3], [0.9, 0.6, 0.4]], [[0.6, -0.6, -0.4], [0.9, 0.6, -0.3]], [[0.6, -0.3, 0.4], [0.9, -0.2, 1.0]], [[0.6, -0.2, -0.4], [0.9, -0.1, 0.4]], [[0.6, 0.2, -1.0], [0.9, 0.3, -0.3]]]
start: [-1.1234299999999999, 1.6512899999999999, 1.6000000000000001, 1.7394400000000001, -1.6453100000000001, -1.5286, -0.61326000000000003]
tajectories: [[-1.12343, 1.65129, 1.6, 1.73944, -1.64531, -1.5286, -0.61326], [-1.33642, 1.44115, 1.45956, 2.01092, -1.48566, -1.53545, -0.40949], [-1.5494, 1.23101, 1.31912, 2.28239, -1.32601, -1.54231, -0.20573], [-1.76238, 1.02087, 1.17869, 2.55387, -1.16636, -1.54917, -0.00196], [-1.97537, 0.81073, 1.03825, 2.82535, -1.00671, -1.55603, 0.2018], [-2.12169, 0.66636, 0.94177, 3.01186, -0.89702, -1.56074, 0.34179], [-2.14218, 0.52072, 1.21954, 2.67976, -0.83408, -1.39402, 0.43748], [-2.16268, 0.37507, 1.49732, 2.34765, -0.77113, -1.22729, 0.53317], [-2.18317, 0.22943, 1.77509, 2.01555, -0.70818, -1.06057, 0.62886], [-2.20367, 0.08378, 2.05287, 1.68345, -0.64523, -0.89385, 0.72455], [-2.22416, -0.06186, 2.33064, 1.35134, -0.58228, -0.72712, 0.82024], [-2.23595, -0.14567, 2.49049, 1.16023, -0.54606, -0.63118, 0.87531], [-2.2214, -0.33911, 2.30586, 1.13856, -0.19471, -0.79482, 0.70922], [-2.20684, -0.53255, 2.12123, 1.11689, 0.15664, -0.95847, 0.54313], [-2.19228, -0.72599, 1.9366, 1.09522, 0.50799, -1.12211, 0.37703], [-2.17772, -0.91943, 1.75197, 1.07355, 0.85934, -1.28575, 0.21094]]
end: [-2.1696800000000001, -1.02627, 1.6499999999999999, 1.06158, 1.0533999999999999, -1.3761300000000001, 0.11921]
obtacles: [[[0.6, 0.5, -1.0], [0.9, 0.6, 1.0]], [[0.6, -0.6, -1.0], [0.9, -0.5, 1.0]], [[0.6, -0.6, 0.9], [0.9, 0.6, 1.0]], [[0.6, -0.6, -1.0], [0.9, 0.6, -0.9]], [[0.6, -0.6, 0.3], [0.9, 0.6, 0.4]], [[0.6, -0.6, -0.4], [0.9, 0.6, -0.3]], [[0.6, -0.3, 0.4], [0.9, -0.2, 1.0]], [[0.6, -0.2, -0.4], [0.9, -0.1, 0.4]], [[0.6, 0.2, -1.0], [0.9, 0.3, -0.3]]]
start: [-2.1896399999999998, -1.89663, 1.1499999999999999, 1.7724800000000001, -4.4458700000000002, -1.11155, 0.68771000000000004]
tajectories: [[-2.18964, -1.89663, 1.15, 1.77248, -4.44587, -1.11155, 0.68771], [-2.18783, -1.87406, 1.3233, 1.82162, -4.0072, -0.97003, 0.75537], [-2.18602, -1.8515, 1.49659, 1.87076, -3.56853, -0.82851, 0.82304], [-2.18421, -1.82894, 1.66989, 1.9199, -3.12985, -0.68699, 0.8907], [-2.1824, -1.80638, 1.84319, 1.96903, -2.69118, -0.54547, 0.95837], [-2.18059, -1.78382, 2.01648, 2.01817, -2.2525, -0.40395, 1.02603], [-2.17878, -1.76125, 2.18978, 2.06731, -1.81383, -0.26243, 1.0937], [-2.17715, -1.74104, 2.34506, 2.11134, -1.42076, -0.13562, 1.15433], [-1.87805, -1.51081, 2.30515, 2.19984, -1.48661, 0.15144, 1.0477], [-1.57895, -1.28059, 2.26524, 2.28834, -1.55245, 0.4385, 0.94106], [-1.27985, -1.05036, 2.22533, 2.37684, -1.6183, 0.72556, 0.83443], [-0.98074, -0.82014, 2.18542, 2.46534, -1.68415, 1.01262, 0.7278], [-0.68164, -0.58991, 2.14551, 2.55383, -1.75, 1.29968, 0.62117], [-0.45666, -0.41674, 2.11549, 2.6204, -1.79952, 1.51559, 0.54096], [-0.4986, -0.42512, 1.74335, 2.4646, -1.63853, 1.4557, 0.30452], [-0.54053, -0.43351, 1.37121, 2.30881, -1.47754, 1.3958, 0.06808], [-0.58246, -0.44189, 0.99907, 2.15301, -1.31656, 1.33591, -0.16836], [-0.62439, -0.45027, 0.62693, 1.99721, -1.15557, 1.27601, -0.4048], [-0.66632, -0.45865, 0.25478, 1.84141, -0.99458, 1.21612, -0.64124], [-0.70826, -0.46704, -0.11736, 1.68561, -0.83359, 1.15622, -0.87768], [-0.72438, -0.47026, -0.2605, 1.62569, -0.77166, 1.13318, -0.96863], [-0.86524, -0.44846, -0.20016, 1.61217, -0.4199, 0.81927, -1.02846], [-1.00609, -0.42666, -0.13982, 1.59866, -0.06814, 0.50535, -1.08829], [-1.14695, -0.40486, -0.07949, 1.58514, 0.28362, 0.19143, -1.14812], [-1.2878, -0.38306, -0.01915, 1.57163, 0.63538, -0.12249, -1.20795], [-1.36002, -0.37188, 0.01179, 1.5647, 0.81574, -0.28345, -1.23863], [-1.29352, -0.17676, 0.20877, 1.46322, 0.55537, -0.47596, -1.00722], [-1.22701, 0.01837, 0.40574, 1.36174, 0.29499, -0.66846, -0.77581], [-1.1605, 0.21349, 0.60272, 1.26026, 0.03461, -0.86097, -0.5444], [-1.09399, 0.40862, 0.7997, 1.15878, -0.22577, -1.05348, -0.31299], [-1.02749, 0.60374, 0.99667, 1.0573, -0.48614, -1.24599, -0.08158]]
end: [-0.97572000000000003, 0.75561999999999996, 1.1499999999999999, 0.97831000000000001, -0.68881999999999999, -1.3958299999999999, 0.098549999999999999]
obtacles: [[[0.6, 0.5, -1.0], [0.9, 0.6, 1.0]], [[0.6, -0.6, -1.0], [0.9, -0.5, 1.0]], [[0.6, -0.6, 0.9], [0.9, 0.6, 1.0]], [[0.6, -0.6, -1.0], [0.9, 0.6, -0.9]], [[0.6, -0.6, 0.3], [0.9, 0.6, 0.4]], [[0.6, -0.6, -0.4], [0.9, 0.6, -0.3]], [[0.6, -0.3, 0.4], [0.9, -0.2, 1.0]], [[0.6, -0.2, -0.4], [0.9, -0.1, 0.4]], [[0.6, 0.2, -1.0], [0.9, 0.3, -0.3]]]
start: [0.085760000000000003, 1.8768800000000001, 0.90000000000000002, -0.47603000000000001, -0.84341999999999995, -1.56701, 0.28139999999999998]
tajectories: [[0.08576, 1.87688, 0.9, -0.47603, -0.84342, -1.56701, 0.2814], [0.06237, 1.76438, 0.83191, -0.1709, -0.79008, -1.22203, 0.15025], [0.03898, 1.65188, 0.76383, 0.13423, -0.73674, -0.87705, 0.01911], [0.0156, 1.53937, 0.69574, 0.43936, -0.68339, -0.53207, -0.11204], [-0.00779, 1.42687, 0.62766, 0.74449, -0.63005, -0.18709, -0.24319], [-0.03118, 1.31437, 0.55957, 1.04961, -0.57671, 0.15789, -0.37433], [-0.03835, 1.27986, 0.53868, 1.14321, -0.56035, 0.26372, -0.41456], [-0.05053, 1.3043, 0.70272, 1.38676, -0.28666, 0.12071, -0.15442], [-0.06271, 1.32875, 0.86676, 1.63032, -0.01298, -0.0223, 0.10572], [-0.07489, 1.35319, 1.0308, 1.87387, 0.26071, -0.16531, 0.36586], [-0.08172, 1.36691, 1.12284, 2.01052, 0.41427, -0.24555, 0.51182], [0.07521, 1.39537, 1.12035, 2.24959, 0.18311, -0.51591, 0.30966], [0.23215, 1.42383, 1.11787, 2.48865, -0.04805, -0.78628, 0.1075], [0.38909, 1.4523, 1.11539, 2.72772, -0.27921, -1.05665, -0.09466], [0.49885, 1.4722, 1.11365, 2.89492, -0.44089, -1.24574, -0.23606], [0.4161, 1.16919, 1.14696, 2.81203, -0.64023, -1.25538, 0.0857], [0.33335, 0.86618, 1.18027, 2.72915, -0.83957, -1.26502, 0.40746], [0.2506, 0.56317, 1.21358, 2.64626, -1.03891, -1.27466, 0.72921], [0.17183, 0.27474, 1.24528, 2.56736, -1.22866, -1.28383, 1.03549], [0.02625, 0.31729, 1.20957, 2.12269, -1.2291, -1.30096, 0.86907], [-0.11933, 0.35985, 1.17386, 1.67802, -1.22954, -1.3181, 0.70264], [-0.21691, 0.38837, 1.14992, 1.37995, -1.22983, -1.32958, 0.59109], [-0.05006, 0.5051, 1.08666, 1.16458, -1.08919, -1.30432, 0.21997], [0.11679, 0.62183, 1.02341, 0.94921, -0.94854, -1.27906, -0.15115], [0.28364, 0.73856, 0.96015, 0.73383, -0.80789, -1.2538, -0.52226]]
end: [0.44230999999999998, 0.84957000000000005, 0.90000000000000002, 0.52900999999999998, -0.67413000000000001, -1.2297800000000001, -0.87519000000000002]
obtacles: [[[0.6, 0.5, -1.0], [0.9, 0.6, 1.0]], [[0.6, -0.6, -1.0], [0.9, -0.5, 1.0]], [[0.6, -0.6, 0.9], [0.9, 0.6, 1.0]], [[0.6, -0.6, -1.0], [0.9, 0.6, -0.9]], [[0.6, -0.6, 0.3], [0.9, 0.6, 0.4]], [[0.6, -0.6, -0.4], [0.9, 0.6, -0.3]], [[0.6, -0.3, 0.4], [0.9, -0.2, 1.0]], [[0.6, -0.2, -0.4], [0.9, -0.1, 0.4]], [[0.6, 0.2, -1.0], [0.9, 0.3, -0.3]]]
start: [-2.1033400000000002, -1.02183, 1.5, 1.3078700000000001, -2.0916600000000001, 1.3756699999999999, -2.7998799999999999]
tajectories: [[-2.10334, -1.02183, 1.5, 1.30787, -2.09166, 1.37567, -2.79988], [-2.06752, -0.68574, 1.56906, 1.48067, -1.97163, 1.34947, -2.50656], [-2.03171, -0.34965, 1.63813, 1.65346, -1.85159, 1.32328, -2.21324], [-1.9959, -0.01356, 1.70719, 1.82626, -1.73156, 1.29708, -1.91992], [-1.96009, 0.32254, 1.77625, 1.99905, -1.61153, 1.27089, -1.6266], [-1.92427, 0.65863, 1.84532, 2.17185, -1.49149, 1.24469, -1.33328], [-1.88846, 0.99472, 1.91438, 2.34464, -1.37146, 1.21849, -1.03996], [-1.85265, 1.33081, 1.98344, 2.51744, -1.25143, 1.1923, -0.74664], [-1.81684, 1.66691, 2.05251, 2.69023, -1.1314, 1.1661, -0.45332], [-1.79984, 1.82637, 2.08528, 2.77222, -1.07444, 1.15367, -0.31415], [-1.67588, 1.84586, 2.04412, 2.52866, -1.21094, 0.76173, -0.28269], [-1.55191, 1.86534, 2.00297, 2.2851, -1.34743, 0.36979, -0.25123], [-1.42794, 1.88482, 1.96182, 2.04153, -1.48393, -0.02215, -0.21977], [-1.30397, 1.90431, 1.92067, 1.79797, -1.62042, -0.41408, -0.18832], [-1.18001, 1.92379, 1.87951, 1.55441, -1.75692, -0.80602, -0.15686], [-1.05604, 1.94328, 1.83836, 1.31085, -1.89342, -1.19796, -0.1254]]
end: [-0.94047999999999998, 1.9614400000000001, 1.8, 1.0838000000000001, -2.0206599999999999, -1.5633300000000001, -0.096079999999999999]
obtacles: [[[0.6, 0.5, -1.0], [0.9, 0.6, 1.0]], [[0.6, -0.6, -1.0], [0.9, -0.5, 1.0]], [[0.6, -0.6, 0.9], [0.9, 0.6, 1.0]], [[0.6, -0.6, -1.0], [0.9, 0.6, -0.9]], [[0.6, -0.6, 0.3], [0.9, 0.6, 0.4]], [[0.6, -0.6, -0.4], [0.9, 0.6, -0.3]], [[0.6, -0.3, 0.4], [0.9, -0.2, 1.0]], [[0.6, -0.2, -0.4], [0.9, -0.1, 0.4]], [[0.6, 0.2, -1.0], [0.9, 0.3, -0.3]]]
start: [-0.95847000000000004, 1.69994, 1.6499999999999999, 1.29413, -1.71675, -1.5304899999999999, -0.32758999999999999]
tajectories: [[-0.95847, 1.69994, 1.65, 1.29413, -1.71675, -1.53049, -0.32759], [-1.11364, 1.54746, 1.35917, 1.52386, -1.85959, -1.41453, -0.50497], [-1.26881, 1.39498, 1.06833, 1.75359, -2.00243, -1.29858, -0.68235], [-1.42399, 1.24251, 0.7775, 1.98333, -2.14526, -1.18262, -0.85973], [-1.57916, 1.09003, 0.48667, 2.21306, -2.2881, -1.06667, -1.03711], [-1.61067, 1.05907, 0.42761, 2.2597, -2.3171, -1.04312, -1.07313], [-1.44825, 0.90224, 0.51922, 2.35505, -1.99, -0.77646, -1.13175], [-1.28582, 0.74541, 0.61083, 2.4504, -1.6629, -0.5098, -1.19037], [-1.1234, 0.58858, 0.70244, 2.54575, -1.3358, -0.24314, -1.24899], [-0.96098, 0.43175, 0.79405, 2.6411, -1.0087, 0.02352, -1.30761], [-0.84588, 0.32061, 0.85896, 2.70866, -0.7769, 0.21249, -1.34915], [-0.74098, 0.35155, 1.07021, 2.5526, -0.68197, -0.10068, -1.10021], [-0.63608, 0.38249, 1.28145, 2.39653, -0.58703, -0.41385, -0.85126], [-0.53119, 0.41344, 1.49269, 2.24047, -0.4921, -0.72702, -0.60232], [-0.42629, 0.44438, 1.70393, 2.0844, -0.39717, -1.04019, -0.35338], [-0.37679, 0.45898, 1.80361, 2.01076, -0.35238, -1.18797, -0.23591], [-0.22764, 0.59817, 1.76404, 1.67001, -0.57991, -1.16343, -0.43169], [-0.0785, 0.73736, 1.72446, 1.32925, -0.80744, -1.13888, -0.62747], [0.07065, 0.87655, 1.68489, 0.9885, -1.03496, -1.11433, -0.82326]]
end: [0.20216000000000001, 0.99929000000000001, 1.6499999999999999, 0.68803000000000003, -1.23559, -1.0926899999999999, -0.99589000000000005]
obtacles: [[[0.6, 0.5, -1.0], [0.9, 0.6, 1.0]], [[0.6, -0.6, -1.0], [0.9, -0.5, 1.0]], [[0.6, -0.6, 0.9], [0.9, 0.6, 1.0]], [[0.6, -0.6, -1.0], [0.9, 0.6, -0.9]], [[0.6, -0.6, 0.3], [0.9, 0.6, 0.4]], [[0.6, -0.6, -0.4], [0.9, 0.6, -0.3]], [[0.6, -0.3, 0.4], [0.9, -0.2, 1.0]], [[0.6, -0.2, -0.4], [0.9, -0.1, 0.4]], [[0.6, 0.2, -1.0], [0.9, 0.3, -0.3]]]
start: [-0.81677, 1.61405, 1.6000000000000001, 1.0982400000000001, -1.6226, -1.5645, -0.28066999999999998]
tajectories: [[-0.81677, 1.61405, 1.6, 1.09824, -1.6226, -1.5645, -0.28067], [-0.957, 1.6552, 1.57218, 1.38823, -1.55794, -1.53277, -0.65294], [-1.09723, 1.69635, 1.54435, 1.67823, -1.49327, -1.50103, -1.02521], [-1.23746, 1.73751, 1.51653, 1.96822, -1.42861, -1.4693, -1.39748], [-1.37769, 1.77866, 1.4887, 2.25821, -1.36395, -1.43756, -1.76975], [-1.41417, 1.78936, 1.48146, 2.33365, -1.34713, -1.42931, -1.86658], [-1.47066, 1.84097, 1.80102, 2.61475, -1.28636, -1.18835, -1.83113], [-1.52716, 1.89258, 2.12057, 2.89586, -1.2256, -0.94739, -1.79568], [-1.57444, 1.93576, 2.38797, 3.13108, -1.17475, -0.74577, -1.76602], [-1.34032, 1.71881, 2.38855, 2.80722, -1.00666, -0.6277, -1.73378], [-1.1062, 1.50186, 2.38913, 2.48335, -0.83858, -0.50963, -1.70154], [-0.87208, 1.2849, 2.38971, 2.15949, -0.67049, -0.39156, -1.6693], [-0.63796, 1.06795, 2.39029, 1.83563, -0.5024, -0.27349, -1.63706], [-0.43681, 0.88155, 2.39079, 1.55738, -0.35799, -0.17205, -1.60935], [-0.23011, 0.91589, 2.19149, 1.33879, -0.57421, -0.41509, -1.49631], [-0.02342, 0.95022, 1.99218, 1.12021, -0.79043, -0.65813, -1.38326], [0.18328, 0.98455, 1.79288, 0.90163, -1.00665, -0.90117, -1.27021]]
end: [0.38331999999999999, 1.0177799999999999, 1.6000000000000001, 0.69008999999999998, -1.2159, -1.1363700000000001, -1.1608099999999999]
obtacles: [[[0.6, 0.5, -1.0], [0.9, 0.6, 1.0]], [[0.6, -0.6, -1.0], [0.9, -0.5, 1.0]], [[0.6, -0.6, 0.9], [0.9, 0.6, 1.0]], [[0.6, -0.6, -1.0], [0.9, 0.6, -0.9]], [[0.6, -0.6, 0.3], [0.9, 0.6, 0.4]], [[0.6, -0.6, -0.4], [0.9, 0.6, -0.3]], [[0.6, -0.3, 0.4], [0.9, -0.2, 1.0]], [[0.6, -0.2, -0.4], [0.9, -0.1, 0.4]], [[0.6, 0.2, -1.0], [0.9, 0.3, -0.3]]]
start: [-2.56087, -0.99299999999999999, 1.7, 0.35815000000000002, -1.9094, 1.0773299999999999, 2.9666299999999999]
tajectories: [[-2.56087, -0.993, 1.7, 0.35815, -1.9094, 1.07733, 2.96663], [-2.47301, -0.8608, 1.4485, 0.63208, -1.93763, 0.83006, 2.80985], [-2.38516, -0.72859, 1.197, 0.906, -1.96586, 0.5828, 2.65308], [-2.2973, -0.59639, 0.9455, 1.17993, -1.99409, 0.33553, 2.4963], [-2.20944, -0.46418, 0.694, 1.45385, -2.02232, 0.08827, 2.33952], [-2.12158, -0.33197, 0.4425, 1.72777, -2.05055, -0.159, 2.18275], [-2.03372, -0.19977, 0.191, 2.0017, -2.07878, -0.40626, 2.02597], [-1.94586, -0.06756, -0.0605, 2.27562, -2.10702, -0.65353, 1.8692], [-1.85801, 0.06464, -0.312, 2.54955, -2.13525, -0.90079, 1.71242], [-1.856, 0.06767, -0.31774, 2.55581, -2.13589, -0.90644, 1.70884], [-1.84851, 0.42249, -0.00443, 2.60065, -2.00192, -0.91839, 1.78479], [-1.84101, 0.77732, 0.30889, 2.6455, -1.86795, -0.93034, 1.86075], [-1.83352, 1.13215, 0.62221, 2.69034, -1.73397, -0.94229, 1.9367], [-1.82602, 1.48698, 0.93553, 2.73519, -1.6, -0.95424, 2.01266], [-1.81853, 1.84181, 1.24885, 2.78003, -1.46603, -0.96619, 2.08861], [-1.81774, 1.87911, 1.28178, 2.78475, -1.45194, -0.96745, 2.09659], [-1.67978, 1.85242, 1.34997, 2.5548, -1.49868, -1.04999, 1.69196], [-1.54182, 1.82574, 1.41815, 2.32485, -1.54542, -1.13253, 1.28732], [-1.40386, 1.79905, 1.48634, 2.09491, -1.59216, -1.21508, 0.88268], [-1.2659, 1.77236, 1.55452, 1.86496, -1.63889, -1.29762, 0.47804], [-1.12794, 1.74568, 1.62271, 1.63501, -1.68563, -1.38016, 0.0734], [-0.98998, 1.71899, 1.6909, 1.40507, -1.73237, -1.4627, -0.33124]]
end: [-0.97155999999999998, 1.71543, 1.7, 1.3743700000000001, -1.73861, -1.47373, -0.38525999999999999]
obtacles: [[[0.6, 0.5, -1.0], [0.9, 0.6, 1.0]], [[0.6, -0.6, -1.0], [0.9, -0.5, 1.0]], [[0.6, -0.6, 0.9], [0.9, 0.6, 1.0]], [[0.6, -0.6, -1.0], [0.9, 0.6, -0.9]], [[0.6, -0.6, 0.3], [0.9, 0.6, 0.4]], [[0.6, -0.6, -0.4], [0.9, 0.6, -0.3]], [[0.6, -0.3, 0.4], [0.9, -0.2, 1.0]], [[0.6, -0.2, -0.4], [0.9, -0.1, 0.4]], [[0.6, 0.2, -1.0], [0.9, 0.3, -0.3]]]
start: [-1.0217499999999999, 1.9490700000000001, 1.6499999999999999, 1.6160300000000001, 1.19489, 1.4805200000000001, 2.5796700000000001]
tajectories: [[-1.02175, 1.94907, 1.65, 1.61603, 1.19489, 1.48052, 2.57967], [-1.07041, 1.74151, 1.44651, 1.61719, 0.91935, 1.32277, 2.33], [-1.11906, 1.53394, 1.24302, 1.61835, 0.64381, 1.16502, 2.08033], [-1.16772, 1.32638, 1.03953, 1.61951, 0.36827, 1.00727, 1.83067], [-1.21637, 1.11881, 0.83604, 1.62067, 0.09273, 0.84953, 1.581], [-1.26503, 0.91125, 0.63255, 1.62183, -0.18281, 0.69178, 1.33134], [-1.31369, 0.70369, 0.42906, 1.62299, -0.45835, 0.53403, 1.08167], [-1.36234, 0.49612, 0.22557, 1.62415, -0.73389, 0.37628, 0.832], [-1.411, 0.28856, 0.02209, 1.62531, -1.00943, 0.21853, 0.58234], [-1.42959, 0.20923, -0.05568, 1.62575, -1.11473, 0.15824, 0.48692], [-1.31358, 0.09089, 0.24522, 1.69267, -0.9177, -0.09126, 0.32431], [-1.19756, -0.02745, 0.54612, 1.7596, -0.72067, -0.34077, 0.16169], [-1.11237, -0.11435, 0.76708, 1.80874, -0.57598, -0.52399, 0.04227], [-0.82293, 0.07926, 0.83639, 1.76078, -0.687, -0.5991, -0.2797], [-0.53349, 0.27287, 0.9057, 1.71281, -0.79801, -0.6742, -0.60168], [-0.32138, 0.41475, 0.95649, 1.67766, -0.87937, -0.72924, -0.83763], [-0.20138, 0.59763, 1.23478, 1.38249, -0.9292, -0.88949, -0.9347], [-0.08139, 0.78052, 1.51307, 1.08733, -0.97903, -1.04975, -1.03177]]
end: [-0.022339999999999999, 0.87051000000000001, 1.6499999999999999, 0.94208999999999998, -1.0035499999999999, -1.1286, -1.0795399999999999]
obtacles: [[[0.6, 0.5, -1.0], [0.9, 0.6, 1.0]], [[0.6, -0.6, -1.0], [0.9, -0.5, 1.0]], [[0.6, -0.6, 0.9], [0.9, 0.6, 1.0]], [[0.6, -0.6, -1.0], [0.9, 0.6, -0.9]], [[0.6, -0.6, 0.3], [0.9, 0.6, 0.4]], [[0.6, -0.6, -0.4], [0.9, 0.6, -0.3]], [[0.6, -0.3, 0.4], [0.9, -0.2, 1.0]], [[0.6, -0.2, -0.4], [0.9, -0.1, 0.4]], [[0.6, 0.2, -1.0], [0.9, 0.3, -0.3]]]
start: [-2.5966200000000002, -0.82845999999999997, 2.0, 1.0084599999999999, 0.73892999999999998, -1.46963, 0.33894000000000002]
tajectories: [[-2.59662, -0.82846, 2.0, 1.00846, 0.73893, -1.46963, 0.33894], [-2.40788, -0.76337, 1.82852, 1.25257, 0.41616, -1.42295, 0.21734], [-2.21914, -0.69828, 1.65703, 1.49668, 0.09339, -1.37626, 0.09574], [-2.03041, -0.63319, 1.48555, 1.74079, -0.22937, -1.32958, -0.02586], [-1.84167, -0.5681, 1.31407, 1.9849, -0.55214, -1.28289, -0.14746], [-1.65293, -0.50301, 1.14258, 2.22901, -0.87491, -1.2362, -0.26906], [-1.4642, -0.43791, 0.9711, 2.47313, -1.19768, -1.18952, -0.39066], [-1.2778, -0.37363, 0.80174, 2.71421, -1.51644, -1.14341, -0.51075], [-1.42645, -0.29199, 0.70147, 2.48857, -1.14546, -1.09792, -0.36733], [-1.5751, -0.21035, 0.60119, 2.26292, -0.77448, -1.05242, -0.22391], [-1.72374, -0.1287, 0.50092, 2.03728, -0.40349, -1.00693, -0.0805], [-1.87239, -0.04706, 0.40064, 1.81163, -0.03251, -0.96143, 0.06292], [-2.02104, 0.03458, 0.30036, 1.58599, 0.33848, -0.91594, 0.20634], [-2.14325, 0.1017, 0.21792, 1.40048, 0.64347, -0.87853, 0.32425], [-2.07095, 0.21797, 0.01832, 1.4899, 0.59475, -0.51689, 0.54843], [-1.99866, 0.33423, -0.18129, 1.57932, 0.54603, -0.15525, 0.77261], [-1.92636, 0.45049, -0.3809, 1.66875, 0.4973, 0.20639, 0.9968], [-1.85406, 0.56675, -0.5805, 1.75817, 0.44858, 0.56803, 1.22098], [-1.78177, 0.68301, -0.78011, 1.84759, 0.39985, 0.92968, 1.44517], [-1.70947, 0.79927, -0.97971, 1.93702, 0.35113, 1.29132, 1.66935], [-1.67332, 0.85741, -1.07952, 1.98173, 0.32677, 1.47215, 1.78145], [-1.59276, 1.01894, -0.67483, 1.8861, 0.44746, 1.4834, 1.95409], [-1.5122, 1.18048, -0.27015, 1.79046, 0.56816, 1.49465, 2.12673], [-1.43164, 1.34201, 0.13454, 1.69482, 0.68886, 1.5059, 2.29937], [-1.35108, 1.50354, 0.53923, 1.59918, 0.80956, 1.51716, 2.47201], [-1.27052, 1.66508, 0.94391, 1.50355, 0.93026, 1.52841, 2.64464], [-1.18996, 1.82661, 1.3486, 1.40791, 1.05095, 1.53966, 2.81728]]
end: [-1.1200000000000001, 1.9668699999999999, 1.7, 1.32487, 1.1557599999999999, 1.5494300000000001, 2.96719]
obtacles: [[[0.6, 0.5, -1.0], [0.9, 0.6, 1.0]], [[0.6, -0.6, -1.0], [0.9, -0.5, 1.0]], [[0.6, -0.6, 0.9], [0.9, 0.6, 1.0]], [[0.6, -0.6, -1.0], [0.9, 0.6, -0.9]], [[0.6, -0.6, 0.3], [0.9, 0.6, 0.4]], [[0.6, -0.6, -0.4], [0.9, 0.6, -0.3]], [[0.6, -0.3, 0.4], [0.9, -0.2, 1.0]], [[0.6, -0.2, -0.4], [0.9, -0.1, 0.4]], [[0.6, 0.2, -1.0], [0.9, 0.3, -0.3]]]
start: [0.49159999999999998, 1.7150399999999999, -1.6000000000000001, 1.6952700000000001, -1.4311499999999999, 1.5242599999999999, -1.94329]
tajectories: [[0.4916, 1.71504, -1.6, 1.69527, -1.43115, 1.52426, -1.94329], [0.74587, 1.59426, -1.2123, 1.82187, -1.48085, 1.48469, -1.96283], [1.00013, 1.47347, -0.8246, 1.94848, -1.53056, 1.44512, -1.98236], [1.2544, 1.35269, -0.43689, 2.07509, -1.58027, 1.40555, -2.00189], [1.50866, 1.23191, -0.04919, 2.2017, -1.62998, 1.36598, -2.02142], [1.76293, 1.11112, 0.33851, 2.32831, -1.67968, 1.32641, -2.04095], [1.81256, 1.08754, 0.4142, 2.35302, -1.68939, 1.31869, -2.04477], [1.50529, 1.2087, 0.15907, 2.58626, -1.57108, 1.36282, -2.11874], [1.19802, 1.32987, -0.09605, 2.8195, -1.45277, 1.40695, -2.19271], [1.09594, 1.37012, -0.18081, 2.89699, -1.41347, 1.42161, -2.21728], [1.31055, 1.30153, -0.39655, 2.81293, -1.5687, 1.07944, -2.28401], [1.52516, 1.23293, -0.61229, 2.72888, -1.72393, 0.73727, -2.35073], [1.73976, 1.16434, -0.82804, 2.64483, -1.87916, 0.3951, -2.41745], [1.95437, 1.09575, -1.04378, 2.56077, -2.0344, 0.05293, -2.48418], [2.16898, 1.02716, -1.25953, 2.47672, -2.18963, -0.28924, -2.5509], [2.27143, 0.99441, -1.36252, 2.4366, -2.26373, -0.45258, -2.58275], [2.00027, 0.8427, -1.64136, 2.16994, -2.23492, -0.50803, -2.5564], [1.72911, 0.69098, -1.9202, 1.90328, -2.2061, -0.56347, -2.53004], [1.45795, 0.53927, -2.19904, 1.63662, -2.17729, -0.61892, -2.50369], [1.18773, 0.38807, -2.47692, 1.37088, -2.14858, -0.67417, -2.47742], [1.05763, 0.50778, -2.28515, 1.29882, -2.14389, -0.25447, -2.50196], [0.92752, 0.62748, -2.09338, 1.22677, -2.13921, 0.16524, -2.52649], [0.79742, 0.74718, -1.90162, 1.15471, -2.13453, 0.58494, -2.55103], [0.66731, 0.86688, -1.70985, 1.08265, -2.12985, 1.00465, -2.57556]]
end: [0.59279000000000004, 0.93545, -1.6000000000000001, 1.0413699999999999, -2.12717, 1.2450699999999999, -2.58962]
