obtacles: [[[0.6, 0.5, -1.0], [0.9, 0.6, 1.0]], [[0.6, -0.6, -1.0], [0.9, -0.5, 1.0]], [[0.6, -0.6, 0.9], [0.9, 0.6, 1.0]], [[0.6, -0.6, -1.0], [0.9, 0.6, -0.9]], [[0.6, -0.6, 0.4], [0.9, 0.6, 0.5]], [[0.6, -0.6, -0.5], [0.9, 0.6, -0.4]], [[0.6, -0.2, 0.5], [0.9, -0.1, 1.0]], [[0.6, 0.1, -0.5], [0.9, 0.2, 0.5]], [[0.6, 0.2, -1.0], [0.9, 0.3, -0.4]]]
start: [-0.30282999999999999, 1.7908900000000001, 0.25, -0.34248000000000001, -0.24542, -1.4586600000000001, 0.38653999999999999]
tajectories: [[-0.30283, 1.79089, 0.25, -0.34248, -0.24542, -1.45866, 0.38654], [-0.35045, 1.77409, 0.40897, 0.09982, -0.15196, -1.41244, 0.26135], [-0.39807, 1.7573, 0.56794, 0.54212, -0.05849, -1.36622, 0.13615], [-0.44569, 1.74051, 0.72692, 0.98443, 0.03497, -1.32, 0.01096], [-0.49331, 1.72372, 0.88589, 1.42673, 0.12843, -1.27378, -0.11424], [-0.49447, 1.72331, 0.88974, 1.43746, 0.1307, -1.27266, -0.11727], [-0.7585, 1.42773, 0.85326, 1.69629, -0.02194, -1.24262, -0.13724], [-1.02253, 1.13216, 0.81678, 1.95511, -0.17457, -1.21258, -0.1572], [-1.28657, 0.83658, 0.7803, 2.21394, -0.32721, -1.18254, -0.17716], [-1.49083, 0.60791, 0.75207, 2.41417, -0.44529, -1.1593, -0.1926], [-1.53688, 0.41989, 0.39152, 2.17853, -0.48277, -1.01381, -0.126], [-1.58293, 0.23187, 0.03097, 1.9429, -0.52024, -0.86833, -0.0594], [-1.62897, 0.04385, -0.32958, 1.70726, -0.55772, -0.72285, 0.00721], [-1.67502, -0.14417, -0.69013, 1.47162, -0.59519, -0.57736, 0.07381], [-1.67725, -0.15327, -0.70757, 1.46022, -0.597, -0.57032, 0.07703], [-1.37239, -0.16511, -0.40376, 1.62439, -0.68305, -0.45025, -0.04884], [-1.06752, -0.17696, -0.09995, 1.78857, -0.7691, -0.33017, -0.17472], [-0.76266, -0.18881, 0.20385, 1.95274, -0.85515, -0.21009, -0.30059], [-0.4578, -0.20065, 0.50766, 2.11691, -0.94119, -0.09002, -0.42647], [-0.15293, -0.2125, 0.81147, 2.28108, -1.02724, 0.03006, -0.55235], [-0.13453, -0.21321, 0.82981, 2.29099, -1.03243, 0.03731, -0.55994], [-0.01362, -0.03563, 0.72073, 1.98203, -0.87007, -0.22683, -0.57903], [0.10728, 0.14195, 0.61165, 1.67307, -0.70771, -0.49096, -0.59811], [0.22819, 0.31953, 0.50256, 1.36411, -0.54535, -0.7551, -0.61719], [0.34909, 0.49711, 0.39348, 1.05516, -0.38299, -1.01923, -0.63628], [0.47, 0.6747, 0.2844, 0.7462, -0.22063, -1.28337, -0.65536]]
end: [0.50812999999999997, 0.73070000000000002, 0.25, 0.64875000000000005, -0.16943, -1.3666700000000001, -0.66137999999999997]
obtacles: [[[0.6, 0.5, -1.0], [0.9, 0.6, 1.0]], [[0.6, -0.6, -1.0], [0.9, -0.5, 1.0]], [[0.6, -0.6, 0.9], [0.9, 0.6, 1.0]], [[0.6, -0.6, -1.0], [0.9, 0.6, -0.9]], [[0.6, -0.6, 0.4], [0.9, 0.6, 0.5]], [[0.6, -0.6, -0.5], [0.9, 0.6, -0.4]], [[0.6, -0.2, 0.5], [0.9, -0.1, 1.0]], [[0.6, 0.1, -0.5], [0.9, 0.2, 0.5]], [[0.6, 0.2, -1.0], [0.9, 0.3, -0.4]]]
start: [-0.17105999999999999, 1.92153, -0.45000000000000001, -0.38685000000000003, 0.42079, -1.56996, 0.0062199999999999998]
tajectories: [[-0.17106, 1.92153, -0.45, -0.38685, 0.42079, -1.56996, 0.00622], [-0.18401, 1.90142, -0.16866, -0.41362, 0.01481, -1.503, 0.02211], [-0.19695, 1.88131, 0.11269, -0.44039, -0.39117, -1.43604, 0.03801], [-0.2099, 1.8612, 0.39403, -0.46716, -0.79715, -1.36907, 0.0539], [-0.22284, 1.84109, 0.67538, -0.49393, -1.20313, -1.30211, 0.06979], [-0.23579, 1.82098, 0.95672, -0.5207, -1.60911, -1.23515, 0.08569], [-0.24873, 1.80087, 1.23806, -0.54747, -2.01509, -1.16818, 0.10158], [-0.2581, 1.78632, 1.44161, -0.56684, -2.30881, -1.11974, 0.11308], [-0.36551, 1.79731, 1.34877, -0.17633, -2.04557, -1.15617, 0.03179], [-0.47292, 1.80831, 1.25593, 0.21418, -1.78234, -1.19261, -0.0495], [-0.58033, 1.8193, 1.16309, 0.60469, -1.51911, -1.22905, -0.13078], [-0.68774, 1.83029, 1.07025, 0.99519, -1.25587, -1.26548, -0.21207], [-0.79515, 1.84128, 0.97741, 1.3857, -0.99264, -1.30192, -0.29336], [-0.89065, 1.85106, 0.89486, 1.73294, -0.75857, -1.33432, -0.36564], [-1.07737, 1.66992, 0.91386, 1.88541, -0.74783, -1.08101, -0.67295], [-1.26409, 1.48878, 0.93286, 2.03787, -0.73708, -0.8277, -0.98026], [-1.45081, 1.30765, 0.95186, 2.19034, -0.72634, -0.5744, -1.28757], [-1.63752, 1.12651, 0.97085, 2.34281, -0.71559, -0.32109, -1.59488], [-1.82424, 0.94538, 0.98985, 2.49528, -0.70485, -0.06778, -1.90219], [-1.87536, 0.89579, 0.99506, 2.53702, -0.70191, 0.00156, -1.98631], [-1.42297, 0.91719, 1.04784, 2.49164, -0.52653, 0.03654, -1.89651], [-0.97059, 0.9386, 1.10063, 2.44627, -0.35115, 0.07152, -1.80671], [-0.51821, 0.96, 1.15341, 2.40089, -0.17577, 0.10649, -1.71691], [-0.30449, 0.97011, 1.17835, 2.37945, -0.09292, 0.12302, -1.67448], [-0.1949, 0.70491, 0.92176, 2.34645, 0.03499, -0.04709, -1.43905], [-0.08531, 0.43971, 0.66518, 2.31344, 0.16291, -0.2172, -1.20361], [0.02427, 0.1745, 0.40859, 2.28044, 0.29083, -0.38731, -0.96817], [0.13386, -0.0907, 0.152, 2.24743, 0.41875, -0.55742, -0.73274], [0.22926, -0.32156, -0.07135, 2.2187, 0.5301, -0.7055, -0.52779], [0.3353, -0.07402, -0.16978, 1.87413, 0.46002, -0.90632, -0.46596], [0.44135, 0.17351, -0.26821, 1.52956, 0.38995, -1.10714, -0.40412], [0.54739, 0.42105, -0.36665, 1.18499, 0.31988, -1.30796, -0.34229]]
end: [0.63719999999999999, 0.63068000000000002, -0.45000000000000001, 0.89319999999999999, 0.26053999999999999, -1.4780199999999999, -0.28992000000000001]
obtacles: [[[0.6, 0.5, -1.0], [0.9, 0.6, 1.0]], [[0.6, -0.6, -1.0], [0.9, -0.5, 1.0]], [[0.6, -0.6, 0.9], [0.9, 0.6, 1.0]], [[0.6, -0.6, -1.0], [0.9, 0.6, -0.9]], [[0.6, -0.6, 0.4], [0.9, 0.6, 0.5]], [[0.6, -0.6, -0.5], [0.9, 0.6, -0.4]], [[0.6, -0.2, 0.5], [0.9, -0.1, 1.0]], [[0.6, 0.1, -0.5], [0.9, 0.2, 0.5]], [[0.6, 0.2, -1.0], [0.9, 0.3, -0.4]]]
start: [2.1880999999999999, -1.97183, -0.90000000000000002, 1.6122300000000001, 1.1008, 0.94225000000000003, 2.7796400000000001]
tajectories: [[2.1881, -1.97183, -0.9, 1.61223, 1.1008, 0.94225, 2.77964], [2.02944, -1.74499, -1.12367, 1.76769, 0.90124, 0.82603, 2.56553], [1.87078, -1.51815, -1.34735, 1.92316, 0.70169, 0.7098, 2.35143], [1.71212, -1.2913, -1.57102, 2.07862, 0.50214, 0.59358, 2.13732], [1.55346, -1.06446, -1.79469, 2.23408, 0.30258, 0.47735, 1.92322], [1.51116, -1.00398, -1.85433, 2.27553, 0.24938, 0.44637, 1.86613], [1.5018, -0.93865, -1.44185, 2.41487, 0.40567, 0.26844, 1.86885], [1.49244, -0.87333, -1.02937, 2.55421, 0.56196, 0.09052, 1.87156], [1.48309, -0.80801, -0.61689, 2.69355, 0.71825, -0.0874, 1.87428], [1.47373, -0.74269, -0.20441, 2.83289, 0.87454, -0.26532, 1.877], [1.46732, -0.69796, 0.07803, 2.92831, 0.98156, -0.38715, 1.87886], [1.2872, -0.5916, 0.06374, 2.68916, 0.69416, -0.4724, 1.63599], [1.10707, -0.48524, 0.04944, 2.45002, 0.40677, -0.55765, 1.39312], [0.92694, -0.37888, 0.03515, 2.21088, 0.11938, -0.6429, 1.15025], [0.74682, -0.27251, 0.02086, 1.97174, -0.16802, -0.72814, 0.90737], [0.57409, -0.17052, 0.00716, 1.74241, -0.44361, -0.80989, 0.67447], [0.648, 0.02462, -0.22699, 1.57175, -0.21307, -0.98335, 0.47629], [0.72191, 0.21975, -0.46113, 1.4011, 0.01747, -1.15681, 0.27811], [0.79583, 0.41488, -0.69528, 1.23044, 0.24801, -1.33027, 0.07993]]
end: [0.86045000000000005, 0.58550000000000002, -0.90000000000000002, 1.08124, 0.44957999999999998, -1.4819199999999999, -0.093340000000000006]
obtacles: [[[0.6, 0.5, -1.0], [0.9, 0.6, 1.0]], [[0.6, -0.6, -1.0], [0.9, -0.5, 1.0]], [[0.6, -0.6, 0.9], [0.9, 0.6, 1.0]], [[0.6, -0.6, -1.0], [0.9, 0.6, -0.9]], [[0.6, -0.6, 0.4], [0.9, 0.6, 0.5]], [[0.6, -0.6, -0.5], [0.9, 0.6, -0.4]], [[0.6, -0.2, 0.5], [0.9, -0.1, 1.0]], [[0.6, 0.1, -0.5], [0.9, 0.2, 0.5]], [[0.6, 0.2, -1.0], [0.9, 0.3, -0.4]]]
start: [-2.1107999999999998, -1.9511700000000001, 1.55, 1.7303999999999999, -1.1976, 1.49265, -2.4607600000000001]
tajectories: [[-2.1108, -1.95117, 1.55, 1.7304, -1.1976, 1.49265, -2.46076], [-1.985, -1.83927, 1.33966, 1.80036, -0.91828, 1.38217, -2.1739], [-1.8592, -1.72737, 1.12931, 1.87033, -0.63896, 1.27169, -1.88704], [-1.7334, -1.61547, 0.91897, 1.94029, -0.35964, 1.16121, -1.60018], [-1.6076, -1.50356, 0.70863, 2.01026, -0.08032, 1.05073, -1.31332], [-1.48181, -1.39166, 0.49828, 2.08023, 0.199, 0.94025, -1.02646], [-1.35601, -1.27976, 0.28794, 2.15019, 0.47832, 0.82977, -0.7396], [-1.26337, -1.19735, 0.13305, 2.20171, 0.68401, 0.74842, -0.52837], [-1.26352, -0.98635, 0.17205, 2.00722, 0.3875, 0.50834, -0.38492], [-1.26367, -0.77536, 0.21105, 1.81272, 0.091, 0.26826, -0.24147], [-1.26382, -0.56436, 0.25006, 1.61823, -0.20551, 0.02819, -0.09802], [-1.26396, -0.35336, 0.28906, 1.42373, -0.50201, -0.21189, 0.04543], [-1.26411, -0.14236, 0.32806, 1.22923, -0.79852, -0.45197, 0.18888], [-1.26426, 0.06864, 0.36707, 1.03474, -1.09502, -0.69205, 0.33233], [-1.26437, 0.22767, 0.39646, 0.88815, -1.3185, -0.873, 0.44045], [-1.05517, 0.45434, 0.71344, 0.77521, -1.19266, -0.96119, 0.30622], [-0.84597, 0.681, 1.03042, 0.66227, -1.06683, -1.04938, 0.17199]]
end: [-0.66805000000000003, 0.87377000000000005, 1.3, 0.56621999999999995, -0.95981000000000005, -1.12439, 0.057829999999999999]
obtacles: [[[0.6, 0.5, -1.0], [0.9, 0.6, 1.0]], [[0.6, -0.6, -1.0], [0.9, -0.5, 1.0]], [[0.6, -0.6, 0.9], [0.9, 0.6, 1.0]], [[0.6, -0.6, -1.0], [0.9, 0.6, -0.9]], [[0.6, -0.6, 0.4], [0.9, 0.6, 0.5]], [[0.6, -0.6, -0.5], [0.9, 0.6, -0.4]], [[0.6, -0.2, 0.5], [0.9, -0.1, 1.0]], [[0.6, 0.1, -0.5], [0.9, 0.2, 0.5]], [[0.6, 0.2, -1.0], [0.9, 0.3, -0.4]]]
start: [-0.64056999999999997, 1.87412, 1.5, 1.8431500000000001, -1.8816600000000001, -1.5554699999999999, -1.2110000000000001]
tajectories: [[-0.64057, 1.87412, 1.5, 1.84315, -1.88166, -1.55547, -1.211], [-0.92748, 1.54715, 1.36946, 2.03302, -1.80672, -1.51318, -1.22766], [-1.21439, 1.22017, 1.23891, 2.22289, -1.73178, -1.47089, -1.24431], [-1.50129, 0.8932, 1.10837, 2.41276, -1.65684, -1.4286, -1.26097], [-1.7882, 0.56623, 0.97782, 2.60262, -1.58191, -1.38631, -1.27763], [-1.83345, 0.51466, 0.95723, 2.63257, -1.57009, -1.37964, -1.28026], [-1.81414, 0.40258, 0.92335, 2.45209, -1.16063, -1.2629, -1.13174], [-1.79483, 0.29051, 0.88946, 2.27162, -0.75116, -1.14615, -0.98322], [-1.77552, 0.17843, 0.85557, 2.09114, -0.3417, -1.0294, -0.83471], [-1.75866, 0.08053, 0.82596, 1.93349, 0.01599, -0.92742, -0.70497], [-1.53612, 0.22345, 0.96981, 1.63759, -0.20421, -0.92747, -0.55227], [-1.31359, 0.36637, 1.11365, 1.34169, -0.42441, -0.92751, -0.39958], [-1.09105, 0.5093, 1.25749, 1.04579, -0.64461, -0.92756, -0.24688], [-0.86852, 0.65222, 1.40134, 0.74989, -0.86481, -0.92761, -0.09418]]
end: [-0.71587999999999996, 0.75024999999999997, 1.5, 0.54693000000000003, -1.0158400000000001, -0.92764000000000002, 0.01055]
obtacles: [[[0.6, 0.5, -1.0], [0.9, 0.6, 1.0]], [[0.6, -0.6, -1.0], [0.9, -0.5, 1.0]], [[0.6, -0.6, 0.9], [0.9, 0.6, 1.0]], [[0.6, -0.6, -1.0], [0.9, 0.6, -0.9]], [[0.6, -0.6, 0.4], [0.9, 0.6, 0.5]], [[0.6, -0.6, -0.5], [0.9, 0.6, -0.4]], [[0.6, -0.2, 0.5], [0.9, -0.1, 1.0]], [[0.6, 0.1, -0.5], [0.9, 0.2, 0.5]], [[0.6, 0.2, -1.0], [0.9, 0.3, -0.4]]]
start: [-0.54039999999999999, 1.6360300000000001, 1.7, 0.71138999999999997, -1.7112799999999999, -1.5362199999999999, -0.16433]
tajectories: [[-0.5404, 1.63603, 1.7, 0.71139, -1.71128, -1.53622, -0.16433], [-0.71419, 1.51952, 1.48285, 0.9997, -1.85294, -1.53339, 0.07205], [-0.88797, 1.40302, 1.2657, 1.28801, -1.99459, -1.53056, 0.30843], [-1.06176, 1.28651, 1.04855, 1.57632, -2.13624, -1.52773, 0.54481], [-1.23554, 1.17001, 0.8314, 1.86462, -2.27789, -1.5249, 0.78119], [-1.30801, 1.12142, 0.74085, 1.98484, -2.33696, -1.52372, 0.87976], [-1.54062, 0.85184, 0.76385, 1.776, -2.24912, -1.3209, 1.0536], [-1.77323, 0.58225, 0.78685, 1.56716, -2.16128, -1.11807, 1.22743], [-2.00583, 0.31267, 0.80985, 1.35831, -2.07344, -0.91524, 1.40126], [-2.23844, 0.04308, 0.83285, 1.14947, -1.9856, -0.71241, 1.5751], [-2.47105, -0.2265, 0.85585, 0.94063, -1.89776, -0.50959, 1.74893], [-2.61033, -0.38793, 0.86962, 0.81557, -1.84517, -0.38814, 1.85302], [-2.38125, -0.47846, 0.94823, 1.03715, -1.69308, -0.10134, 1.6837], [-2.15216, -0.56898, 1.02685, 1.25872, -1.54099, 0.18545, 1.51439], [-1.92307, -0.65951, 1.10547, 1.48029, -1.3889, 0.47225, 1.34508], [-1.69399, -0.75004, 1.18409, 1.70186, -1.23681, 0.75905, 1.17577], [-1.4649, -0.84057, 1.2627, 1.92343, -1.08472, 1.04584, 1.00645], [-1.26051, -0.92133, 1.33285, 2.12112, -0.94903, 1.30172, 0.85539], [-1.43897, -0.92133, 1.39261, 1.85418, -1.12172, 1.26242, 1.18999], [-1.61743, -0.92132, 1.45238, 1.58724, -1.29442, 1.22313, 1.5246], [-1.79588, -0.92131, 1.51215, 1.32031, -1.46712, 1.18384, 1.8592], [-1.97434, -0.9213, 1.57192, 1.05337, -1.63981, 1.14454, 2.1938], [-2.1528, -0.9213, 1.63168, 0.78644, -1.81251, 1.10525, 2.5284], [-2.33126, -0.92129, 1.69145, 0.5195, -1.9852, 1.06596, 2.863]]
end: [-2.3567800000000001, -0.92129000000000005, 1.7, 0.48132000000000003, -2.0099100000000001, 1.0603400000000001, 2.91086]
obtacles: [[[0.6, 0.5, -1.0], [0.9, 0.6, 1.0]], [[0.6, -0.6, -1.0], [0.9, -0.5, 1.0]], [[0.6, -0.6, 0.9], [0.9, 0.6, 1.0]], [[0.6, -0.6, -1.0], [0.9, 0.6, -0.9]], [[0.6, -0.6, 0.4], [0.9, 0.6, 0.5]], [[0.6, -0.6, -0.5], [0.9, 0.6, -0.4]], [[0.6, -0.2, 0.5], [0.9, -0.1, 1.0]], [[0.6, 0.1, -0.5], [0.9, 0.2, 0.5]], [[0.6, 0.2, -1.0], [0.9, 0.3, -0.4]]]
start: [-2.069, -1.7404200000000001, 1.55, 1.65133, -1.4033100000000001, 1.53678, -2.5674800000000002]
tajectories: [[-2.069, -1.74042, 1.55, 1.65133, -1.40331, 1.53678, -2.56748], [-1.90749, -1.51061, 1.77868, 1.73093, -1.17002, 1.41183, -2.36147], [-1.74597, -1.28081, 2.00736, 1.81053, -0.93674, 1.28688, -2.15546], [-1.58446, -1.05101, 2.23604, 1.89013, -0.70346, 1.16193, -1.94945], [-1.42294, -0.82121, 2.46472, 1.96972, -0.47017, 1.03697, -1.74344], [-1.29584, -0.64037, 2.64467, 2.03236, -0.2866, 0.93865, -1.58133], [-1.35736, -0.27581, 2.48818, 1.96949, -0.49592, 0.87946, -1.38756], [-1.41888, 0.08875, 2.33169, 1.90661, -0.70525, 0.82028, -1.19378], [-1.4804, 0.45331, 2.1752, 1.84374, -0.91457, 0.76109, -1.00001], [-1.54192, 0.81787, 2.01871, 1.78086, -1.1239, 0.70191, -0.80623], [-1.5621, 0.93749, 1.96736, 1.76023, -1.19258, 0.68249, -0.74265], [-1.57183, 0.85185, 2.10557, 1.37946, -1.0504, 0.471, -0.6263], [-1.58156, 0.76621, 2.24378, 0.99868, -0.90822, 0.25952, -0.50995], [-1.59078, 0.6851, 2.37469, 0.63799, -0.77354, 0.05919, -0.39973], [-1.40052, 0.7147, 2.12958, 0.74223, -0.80144, -0.31047, -0.33226], [-1.21025, 0.74431, 1.88446, 0.84647, -0.82935, -0.68012, -0.2648], [-1.01999, 0.77392, 1.63935, 0.95071, -0.85725, -1.04978, -0.19733]]
end: [-0.95062999999999998, 0.78471999999999997, 1.55, 0.98870999999999998, -0.86741999999999997, -1.1845300000000001, -0.17274]
obtacles: [[[0.6, 0.5, -1.0], [0.9, 0.6, 1.0]], [[0.6, -0.6, -1.0], [0.9, -0.5, 1.0]], [[0.6, -0.6, 0.9], [0.9, 0.6, 1.0]], [[0.6, -0.6, -1.0], [0.9, 0.6, -0.9]], [[0.6, -0.6, 0.4], [0.9, 0.6, 0.5]], [[0.6, -0.6, -0.5], [0.9, 0.6, -0.4]], [[0.6, -0.2, 0.5], [0.9, -0.1, 1.0]], [[0.6, 0.1, -0.5], [0.9, 0.2, 0.5]], [[0.6, 0.2, -1.0], [0.9, 0.3, -0.4]]]
start: [-0.74689000000000005, 1.4859100000000001, 1.6000000000000001, 0.64778000000000002, -1.5427299999999999, -1.48553, 0.096680000000000002]
tajectories: [[-0.74689, 1.48591, 1.6, 0.64778, -1.54273, -1.48553, 0.09668], [-0.70214, 1.57659, 1.54593, 0.96644, -1.66862, -1.50262, -0.24853], [-0.65738, 1.66728, 1.49186, 1.2851, -1.79451, -1.51971, -0.59373], [-0.61732, 1.74845, 1.44347, 1.57033, -1.90719, -1.535, -0.90273], [-0.67992, 1.68877, 1.35632, 1.82616, -1.82882, -1.30165, -1.2327], [-0.74251, 1.6291, 1.26916, 2.08199, -1.75046, -1.0683, -1.56267], [-0.80511, 1.56943, 1.18201, 2.33781, -1.67209, -0.83494, -1.89265], [-0.8677, 1.50975, 1.09486, 2.59364, -1.59372, -0.60159, -2.22262], [-0.89146, 1.48711, 1.06178, 2.69073, -1.56398, -0.51303, -2.34784], [-0.74473, 1.21479, 1.33267, 2.70786, -1.28152, -0.52946, -2.32365], [-0.59801, 0.94247, 1.60356, 2.72499, -0.99906, -0.5459, -2.29946], [-0.45128, 0.67016, 1.87445, 2.74212, -0.71659, -0.56234, -2.27526], [-0.32706, 0.43962, 2.10377, 2.75662, -0.47747, -0.57625, -2.25478], [-0.2819, 0.07473, 1.872, 2.57373, -0.62992, -0.50986, -2.25467], [-0.23674, -0.29015, 1.64022, 2.39085, -0.78237, -0.44346, -2.25456], [-0.19158, -0.65504, 1.40844, 2.20796, -0.93482, -0.37707, -2.25444], [-0.14642, -1.01993, 1.17666, 2.02508, -1.08727, -0.31068, -2.25433], [-0.14028, -1.0696, 1.14511, 2.00019, -1.10802, -0.30164, -2.25431], [-0.51865, -1.29282, 1.04911, 2.1521, -1.05052, -0.15545, -2.2602], [-0.89702, -1.51604, 0.9531, 2.30402, -0.99302, -0.00926, -2.26608], [-1.27539, -1.73926, 0.8571, 2.45594, -0.93552, 0.13693, -2.27196], [-1.28158, -1.74291, 0.85552, 2.45842, -0.93458, 0.13932, -2.27205], [-1.45503, -1.67895, 1.01209, 2.23257, -1.10248, 0.45455, -2.38491], [-1.62848, -1.61499, 1.16866, 2.00671, -1.27039, 0.76979, -2.49778], [-1.80193, -1.55103, 1.32523, 1.78086, -1.4383, 1.08502, -2.61064], [-1.97538, -1.48707, 1.48179, 1.555, -1.6062, 1.40025, -2.7235]]
end: [-2.0509400000000002, -1.4592099999999999, 1.55, 1.45662, -1.6793499999999999, 1.5375700000000001, -2.7726700000000002]
obtacles: [[[0.6, 0.5, -1.0], [0.9, 0.6, 1.0]], [[0.6, -0.6, -1.0], [0.9, -0.5, 1.0]], [[0.6, -0.6, 0.9], [0.9, 0.6, 1.0]], [[0.6, -0.6, -1.0], [0.9, 0.6, -0.9]], [[0.6, -0.6, 0.4], [0.9, 0.6, 0.5]], [[0.6, -0.6, -0.5], [0.9, 0.6, -0.4]], [[0.6, -0.2, 0.5], [0.9, -0.1, 1.0]], [[0.6, 0.1, -0.5], [0.9, 0.2, 0.5]], [[0.6, 0.2, -1.0], [0.9, 0.3, -0.4]]]
start: [-0.97460999999999998, 1.5061800000000001, 1.6000000000000001, 1.3921600000000001, -1.5123500000000001, -1.53064, -0.41966999999999999]
tajectories: [[-0.97461, 1.50618, 1.6, 1.39216, -1.51235, -1.53064, -0.41967], [-0.94825, 1.4279, 1.30246, 1.56983, -1.18101, -1.47304, -0.51955], [-0.92189, 1.34963, 1.00491, 1.7475, -0.84968, -1.41544, -0.61944], [-0.89554, 1.27135, 0.70737, 1.92518, -0.51834, -1.35784, -0.71933], [-0.86918, 1.19308, 0.40982, 2.10285, -0.187, -1.30023, -0.81921], [-0.84282, 1.11481, 0.11228, 2.28052, 0.14433, -1.24263, -0.9191], [-0.81971, 1.04617, -0.14862, 2.43631, 0.43486, -1.19213, -1.00669], [-1.12567, 1.07066, 0.18733, 2.38336, 0.49232, -1.09851, -1.17418], [-1.43162, 1.09514, 0.52329, 2.3304, 0.54978, -1.00489, -1.34168], [-1.73758, 1.11962, 0.85924, 2.27744, 0.60724, -0.91127, -1.50918], [-2.00756, 1.14123, 1.15568, 2.23071, 0.65795, -0.82865, -1.65698], [-1.92532, 1.00824, 1.4457, 2.16355, 0.34902, -0.68488, -1.51269], [-1.84308, 0.87524, 1.73573, 2.09639, 0.04009, -0.5411, -1.36841], [-1.76084, 0.74225, 2.02575, 2.02922, -0.26884, -0.39733, -1.22413], [-1.6786, 0.60926, 2.31577, 1.96206, -0.57777, -0.25355, -1.07985], [-1.644, 0.55331, 2.43777, 1.93381, -0.70772, -0.19307, -1.01915], [-1.76258, 0.30955, 2.37697, 1.73781, -0.45732, -0.40652, -0.85746], [-1.88116, 0.06578, 2.31616, 1.54182, -0.20691, -0.61996, -0.69577], [-1.99974, -0.17799, 2.25535, 1.34583, 0.04349, -0.83341, -0.53408], [-2.11832, -0.42176, 2.19454, 1.14984, 0.2939, -1.04686, -0.37239], [-2.2369, -0.66553, 2.13374, 0.95385, 0.5443, -1.2603, -0.2107]]
end: [-2.3026900000000001, -0.80078000000000005, 2.1000000000000001, 0.84509999999999996, 0.68323999999999996, -1.37873, -0.12099]
obtacles: [[[0.6, 0.5, -1.0], [0.9, 0.6, 1.0]], [[0.6, -0.6, -1.0], [0.9, -0.5, 1.0]], [[0.6, -0.6, 0.9], [0.9, 0.6, 1.0]], [[0.6, -0.6, -1.0], [0.9, 0.6, -0.9]], [[0.6, -0.6, 0.4], [0.9, 0.6, 0.5]], [[0.6, -0.6, -0.5], [0.9, 0.6, -0.4]], [[0.6, -0.2, 0.5], [0.9, -0.1, 1.0]], [[0.6, 0.1, -0.5], [0.9, 0.2, 0.5]], [[0.6, 0.2, -1.0], [0.9, 0.3, -0.4]]]
start: [-0.31564999999999999, 1.42021, 1.6000000000000001, -0.80769999999999997, -1.69997, -1.4878800000000001, 1.1265099999999999]
tajectories: [[-0.31565, 1.42021, 1.6, -0.8077, -1.69997, -1.48788, 1.12651], [-0.27302, 1.50308, 1.61435, -0.78731, -2.04281, -1.30414, 1.4255], [-0.23039, 1.58595, 1.62871, -0.76691, -2.38566, -1.12041, 1.72448], [-0.19664, 1.65157, 1.64007, -0.75076, -2.6571, -0.97494, 1.96119], [-0.24941, 1.64762, 1.65911, -0.3383, -2.74249, -0.71174, 1.97342], [-0.30219, 1.64367, 1.67815, 0.07417, -2.82787, -0.44855, 1.98565], [-0.35496, 1.63973, 1.69719, 0.48663, -2.91326, -0.18536, 1.99787], [-0.40774, 1.63578, 1.71623, 0.8991, -2.99865, 0.07783, 2.0101], [-0.44418, 1.63306, 1.72938, 1.18388, -3.0576, 0.25955, 2.01854], [-0.49832, 1.57214, 1.54518, 1.20062, -2.75584, 0.32189, 1.6806], [-0.55246, 1.51123, 1.36097, 1.21737, -2.45408, 0.38422, 1.34267], [-0.6066, 1.45032, 1.17677, 1.23411, -2.15232, 0.44656, 1.00473], [-0.61262, 1.44355, 1.15631, 1.23597, -2.11879, 0.45348, 0.96719], [-0.51583, 1.51545, 1.04767, 1.1233, -2.328, 0.64329, 0.60501], [-0.41905, 1.58734, 0.93904, 1.01064, -2.5372, 0.8331, 0.24282], [-0.32227, 1.65924, 0.8304, 0.89797, -2.7464, 1.0229, -0.11936], [-0.26131, 1.70453, 0.76197, 0.827, -2.87818, 1.14247, -0.34751], [-0.37054, 1.72495, 1.04035, 0.98178, -2.68193, 1.15802, -0.65966], [-0.47978, 1.74537, 1.31874, 1.13656, -2.48567, 1.17358, -0.97181], [-0.58902, 1.7658, 1.59712, 1.29135, -2.28942, 1.18913, -1.28396], [-0.69825, 1.78622, 1.8755, 1.44613, -2.09316, 1.20469, -1.59611], [-0.72461, 1.79115, 1.94266, 1.48347, -2.04582, 1.20844, -1.67141], [-0.8666, 1.70327, 1.79636, 1.7619, -2.18558, 0.99358, -1.91118], [-1.00859, 1.61539, 1.65007, 2.04033, -2.32534, 0.77872, -2.15096], [-1.15058, 1.52752, 1.50377, 2.31876, -2.4651, 0.56386, -2.39074], [-1.24978, 1.46613, 1.40157, 2.51327, -2.56274, 0.41377, -2.55825], [-1.23404, 1.03663, 1.63583, 2.56877, -2.52359, 0.4858, -2.58284], [-1.2183, 0.60713, 1.87008, 2.62428, -2.48444, 0.55783, -2.60744], [-1.20257, 0.17762, 2.10433, 2.67978, -2.44529, 0.62986, -2.63204], [-1.18683, -0.25188, 2.33858, 2.73528, -2.40614, 0.70189, -2.65664], [-1.18334, -0.34716, 2.39055, 2.74759, -2.39745, 0.71787, -2.6621], [-1.23073, -0.49445, 2.45521, 2.69558, -2.09911, 1.01994, -2.46482], [-1.27813, -0.64175, 2.51987, 2.64357, -1.80076, 1.32201, -2.26755], [-1.30849, -0.73609, 2.56129, 2.61025, -1.60966, 1.5155, -2.14118], [-1.48605, -0.95869, 2.32618, 2.31993, -1.56055, 1.52291, -2.30518], [-1.66361, -1.18128, 2.09107, 2.02961, -1.51144, 1.53032, -2.46919], [-1.84116, -1.40387, 1.85596, 1.73929, -1.46233, 1.53773, -2.63319], [-2.01872, -1.62647, 1.62085, 1.44897, -1.41322, 1.54514, -2.79719]]
end: [-2.1099899999999998, -1.74088, 1.5, 1.2997399999999999, -1.38798, 1.54895, -2.8815]
obtacles: [[[0.6, 0.5, -1.0], [0.9, 0.6, 1.0]], [[0.6, -0.6, -1.0], [0.9, -0.5, 1.0]], [[0.6, -0.6, 0.9], [0.9, 0.6, 1.0]], [[0.6, -0.6, -1.0], [0.9, 0.6, -0.9]], [[0.6, -0.6, 0.4], [0.9, 0.6, 0.5]], [[0.6, -0.6, -0.5], [0.9, 0.6, -0.4]], [[0.6, -0.2, 0.5], [0.9, -0.1, 1.0]], [[0.6, 0.1, -0.5], [0.9, 0.2, 0.5]], [[0.6, 0.2, -1.0], [0.9, 0.3, -0.4]]]
start: [-0.46492, 1.9705600000000001, 1.75, 1.4640200000000001, -1.9905299999999999, -1.4487099999999999, -0.93667]
tajectories: [[-0.46492, 1.97056, 1.75, 1.46402, -1.99053, -1.44871, -0.93667], [-0.74497, 1.76189, 1.67085, 1.62711, -2.18563, -1.22591, -1.02303], [-1.02502, 1.55323, 1.5917, 1.79019, -2.38073, -1.0031, -1.1094], [-1.30507, 1.34456, 1.51255, 1.95328, -2.57584, -0.78029, -1.19576], [-1.58512, 1.13589, 1.4334, 2.11637, -2.77094, -0.55748, -1.28213], [-1.86517, 0.92722, 1.35425, 2.27945, -2.96604, -0.33467, -1.3685], [-2.14522, 0.71855, 1.2751, 2.44254, -3.16115, -0.11186, -1.45486], [-2.36897, 0.55184, 1.21186, 2.57284, -3.31703, 0.06615, -1.52386], [-2.37611, 0.80039, 1.15641, 2.22602, -3.38464, -0.11033, -1.35329], [-2.38325, 1.04895, 1.10096, 1.8792, -3.45225, -0.28681, -1.18272], [-2.38688, 1.17524, 1.07279, 1.70298, -3.4866, -0.37649, -1.09605], [-2.27294, 1.05886, 1.20687, 1.90278, -3.22309, -0.50087, -0.81205], [-2.15899, 0.94247, 1.34095, 2.10258, -2.95957, -0.62526, -0.52804], [-2.04505, 0.82608, 1.47503, 2.30239, -2.69605, -0.74964, -0.24404], [-1.93111, 0.7097, 1.60911, 2.50219, -2.43253, -0.87402, 0.03997], [-1.81716, 0.59331, 1.74319, 2.70199, -2.16901, -0.99841, 0.32397], [-1.70322, 0.47692, 1.87727, 2.90179, -1.90549, -1.12279, 0.60797], [-1.62561, 0.39765, 1.9686, 3.03788, -1.726, -1.20752, 0.80142], [-1.35956, 0.46523, 1.93979, 2.70217, -1.67804, -1.16937, 0.56192], [-1.09352, 0.53281, 1.91099, 2.36645, -1.63007, -1.13122, 0.32241], [-0.82747, 0.60039, 1.88218, 2.03074, -1.58211, -1.09307, 0.08291], [-0.56142, 0.66797, 1.85337, 1.69502, -1.53415, -1.05492, -0.15659], [-0.29537, 0.73555, 1.82457, 1.35931, -1.48619, -1.01677, -0.39609], [-0.02933, 0.80313, 1.79576, 1.02359, -1.43823, -0.97862, -0.6356], [0.23672, 0.87071, 1.76695, 0.68788, -1.39027, -0.94047, -0.8751]]
end: [0.39329999999999998, 0.91047999999999996, 1.75, 0.49030000000000001, -1.3620399999999999, -0.91801999999999995, -1.0160499999999999]
obtacles: [[[0.6, 0.5, -1.0], [0.9, 0.6, 1.0]], [[0.6, -0.6, -1.0], [0.9, -0.5, 1.0]], [[0.6, -0.6, 0.9], [0.9, 0.6, 1.0]], [[0.6, -0.6, -1.0], [0.9, 0.6, -0.9]], [[0.6, -0.6, 0.4], [0.9, 0.6, 0.5]], [[0.6, -0.6, -0.5], [0.9, 0.6, -0.4]], [[0.6, -0.2, 0.5], [0.9, -0.1, 1.0]], [[0.6, 0.1, -0.5], [0.9, 0.2, 0.5]], [[0.6, 0.2, -1.0], [0.9, 0.3, -0.4]]]
start: [-0.62244999999999995, 1.8371999999999999, 1.8, 0.95248999999999995, -1.91951, -1.5447900000000001, -0.29460999999999998]
tajectories: [[-0.62245, 1.8372, 1.8, 0.95249, -1.91951, -1.54479, -0.29461], [-0.75989, 1.67413, 1.66136, 1.12718, -2.18542, -1.50471, -0.00743], [-0.89733, 1.51106, 1.52273, 1.30186, -2.45133, -1.46463, 0.27974], [-1.03477, 1.34799, 1.38409, 1.47654, -2.71724, -1.42455, 0.56692], [-1.17221, 1.18492, 1.24545, 1.65123, -2.98314, -1.38447, 0.8541], [-1.30964, 1.02185, 1.10681, 1.82591, -3.24905, -1.34439, 1.14127], [-1.44708, 0.85878, 0.96818, 2.0006, -3.51496, -1.30431, 1.42845], [-1.52645, 0.76461, 0.88812, 2.10147, -3.66851, -1.28117, 1.59428], [-1.24855, 0.83151, 0.83515, 2.2665, -3.84295, -1.31595, 1.26776], [-0.97065, 0.8984, 0.78217, 2.43154, -4.0174, -1.35074, 0.94125], [-0.69275, 0.96529, 0.7292, 2.59658, -4.19185, -1.38553, 0.61473], [-0.42918, 1.02873, 0.67895, 2.75311, -4.3573, -1.41852, 0.30504], [-0.06716, 1.00453, 0.76522, 2.67692, -4.329, -1.32765, -0.00488], [0.29486, 0.98034, 0.85149, 2.60073, -4.30071, -1.23678, -0.3148], [0.65688, 0.95614, 0.93776, 2.52454, -4.27241, -1.14591, -0.62473], [1.01889, 0.93195, 1.02403, 2.44835, -4.24411, -1.05504, -0.93465], [1.38091, 0.90775, 1.1103, 2.37216, -4.21582, -0.96417, -1.24457], [1.74293, 0.88355, 1.19657, 2.29597, -4.18752, -0.8733, -1.5545], [2.08846, 0.86046, 1.27892, 2.22325, -4.16051, -0.78657, -1.85031], [1.82163, 0.8574, 1.34083, 2.04582, -3.80289, -0.80141, -1.72636], [1.5548, 0.85434, 1.40275, 1.86839, -3.44526, -0.81625, -1.60242], [1.28797, 0.85127, 1.46467, 1.69096, -3.08764, -0.83109, -1.47847], [1.02114, 0.84821, 1.52658, 1.51353, -2.73002, -0.84593, -1.35453], [0.75431, 0.84515, 1.5885, 1.3361, -2.37239, -0.86077, -1.23058], [0.48748, 0.84208, 1.65042, 1.15867, -2.01477, -0.87561, -1.10663], [0.22065, 0.83902, 1.71233, 0.98124, -1.65714, -0.89045, -0.98269], [-0.04618, 0.83596, 1.77425, 0.80381, -1.29952, -0.90529, -0.85874]]
end: [-0.15714, 0.83469000000000004, 1.8, 0.73002999999999996, -1.1508, -0.91146000000000005, -0.80720000000000003]
obtacles: [[[0.6, 0.5, -1.0], [0.9, 0.6, 1.0]], [[0.6, -0.6, -1.0], [0.9, -0.5, 1.0]], [[0.6, -0.6, 0.9], [0.9, 0.6, 1.0]], [[0.6, -0.6, -1.0], [0.9, 0.6, -0.9]], [[0.6, -0.6, 0.4], [0.9, 0.6, 0.5]], [[0.6, -0.6, -0.5], [0.9, 0.6, -0.4]], [[0.6, -0.2, 0.5], [0.9, -0.1, 1.0]], [[0.6, 0.1, -0.5], [0.9, 0.2, 0.5]], [[0.6, 0.2, -1.0], [0.9, 0.3, -0.4]]]
start: [-0.51544000000000001, 1.6034299999999999, 1.6499999999999999, 0.62239, -1.65418, -1.55121, -0.10484]
tajectories: [[-0.51544, 1.60343, 1.65, 0.62239, -1.65418, -1.55121, -0.10484], [-0.57674, 1.46146, 1.42365, 0.84536, -1.99041, -1.46418, -0.17201], [-0.63804, 1.31949, 1.19729, 1.06833, -2.32664, -1.37716, -0.23919], [-0.69934, 1.17752, 0.97094, 1.2913, -2.66287, -1.29014, -0.30636], [-0.76064, 1.03554, 0.74459, 1.51427, -2.9991, -1.20312, -0.37353], [-0.82194, 0.89357, 0.51823, 1.73724, -3.33533, -1.11609, -0.44071], [-0.88324, 0.7516, 0.29188, 1.96021, -3.67156, -1.02907, -0.50788], [-0.90602, 0.69884, 0.20777, 2.04306, -3.7965, -0.99673, -0.53284], [-0.78088, 0.52653, 0.28925, 2.12674, -3.76069, -0.90963, -0.10607], [-0.65574, 0.35422, 0.37073, 2.21042, -3.72488, -0.82252, 0.32071], [-0.5306, 0.18191, 0.45221, 2.2941, -3.68907, -0.73541, 0.74749], [-0.40546, 0.0096, 0.53369, 2.37778, -3.65326, -0.64831, 1.17426], [-0.28032, -0.16272, 0.61517, 2.46146, -3.61745, -0.5612, 1.60104], [-0.1765, -0.30567, 0.68276, 2.53088, -3.58775, -0.48894, 1.9551], [-0.00072, -0.30656, 0.76449, 2.46323, -3.22998, -0.65956, 1.72985], [0.17506, -0.30745, 0.84621, 2.39557, -2.87222, -0.83019, 1.50459], [0.35084, -0.30834, 0.92793, 2.32792, -2.51446, -1.00081, 1.27934], [0.52661, -0.30923, 1.00966, 2.26027, -2.1567, -1.17144, 1.05408], [0.70239, -0.31012, 1.09138, 2.19262, -1.79894, -1.34206, 0.82883], [0.8562, -0.31089, 1.16289, 2.13342, -1.48588, -1.49136, 0.63172], [0.74468, -0.09226, 1.25216, 1.87046, -1.4209, -1.40443, 0.31412], [0.63316, 0.12637, 1.34142, 1.60751, -1.35592, -1.31749, -0.00348], [0.52165, 0.345, 1.43069, 1.34456, -1.29094, -1.23056, -0.32108], [0.41013, 0.56363, 1.51995, 1.0816, -1.22596, -1.14362, -0.63869], [0.29861, 0.78226, 1.60922, 0.81865, -1.16097, -1.05669, -0.95629]]
end: [0.24765999999999999, 0.88214999999999999, 1.6499999999999999, 0.69852000000000003, -1.1312899999999999, -1.0169699999999999, -1.1013900000000001]
obtacles: [[[0.6, 0.5, -1.0], [0.9, 0.6, 1.0]], [[0.6, -0.6, -1.0], [0.9, -0.5, 1.0]], [[0.6, -0.6, 0.9], [0.9, 0.6, 1.0]], [[0.6, -0.6, -1.0], [0.9, 0.6, -0.9]], [[0.6, -0.6, 0.4], [0.9, 0.6, 0.5]], [[0.6, -0.6, -0.5], [0.9, 0.6, -0.4]], [[0.6, -0.2, 0.5], [0.9, -0.1, 1.0]], [[0.6, 0.1, -0.5], [0.9, 0.2, 0.5]], [[0.6, 0.2, -1.0], [0.9, 0.3, -0.4]]]
start: [-2.1979799999999998, -1.84968, 1.3999999999999999, 1.0832299999999999, -4.3868799999999997, -1.5553999999999999, 0.11305]
tajectories: [[-2.19798, -1.84968, 1.4, 1.08323, -4.38688, -1.5554, 0.11305], [-2.12105, -1.80981, 1.24212, 1.51434, -4.4788, -1.53525, -0.03814], [-2.04413, -1.76993, 1.08425, 1.94544, -4.57071, -1.51509, -0.18933], [-1.96721, -1.73006, 0.92637, 2.37655, -4.66263, -1.49494, -0.34052], [-1.89028, -1.69019, 0.76849, 2.80766, -4.75455, -1.47478, -0.49171], [-1.85419, -1.67148, 0.69441, 3.00994, -4.79768, -1.46533, -0.56265], [-1.85214, -1.43921, 0.60962, 2.8475, -4.76291, -1.14561, -0.31966], [-1.85009, -1.20695, 0.52482, 2.68506, -4.72815, -0.82589, -0.07667], [-1.84804, -0.97468, 0.44002, 2.52263, -4.69338, -0.50617, 0.16632], [-1.84598, -0.74241, 0.35523, 2.36019, -4.65861, -0.18646, 0.40931], [-1.84512, -0.64519, 0.31973, 2.2922, -4.64406, -0.05262, 0.51102], [-1.92156, -0.56163, 0.47167, 2.26133, -4.66905, 0.26408, 0.846], [-1.99799, -0.47808, 0.6236, 2.23046, -4.69404, 0.58078, 1.18099], [-2.07443, -0.39453, 0.77554, 2.19959, -4.71902, 0.89749, 1.51597], [-2.15086, -0.31097, 0.92747, 2.16872, -4.74401, 1.21419, 1.85095], [-2.19283, -0.2651, 1.01089, 2.15177, -4.75773, 1.38807, 2.03486], [-1.92252, -0.03124, 1.09855, 1.95255, -4.5657, 1.40654, 2.2289], [-1.65221, 0.20262, 1.18621, 1.75332, -4.37367, 1.42501, 2.42294], [-1.3819, 0.43648, 1.27386, 1.5541, -4.18164, 1.44347, 2.61699], [-1.11159, 0.67034, 1.36152, 1.35487, -3.98961, 1.46194, 2.81103]]
end: [-0.99294000000000004, 0.77298, 1.3999999999999999, 1.2674300000000001, -3.9053200000000001, 1.4700500000000001, 2.8961999999999999]
