obtacles: [[[0.6, 0.5, -1.0], [0.9, 0.6, 1.0]], [[0.6, -0.6, -1.0], [0.9, -0.5, 1.0]], [[0.6, -0.6, 0.9], [0.9, 0.6, 1.0]], [[0.6, -0.6, -1.0], [0.9, 0.6, -0.9]], [[0.6, -0.6, 0.3], [0.9, 0.6, 0.4]], [[0.6, -0.6, -0.6], [0.9, 0.6, -0.5]], [[0.6, -0.1, 0.4], [0.9, 0.0, 1.0]], [[0.6, -0.3, -0.6], [0.9, -0.2, 0.4]], [[0.6, -0.2, -1.0], [0.9, -0.1, -0.5]]]
start: [1.0809200000000001, 1.6589799999999999, -1.6000000000000001, 1.7908599999999999, -1.49102, 1.5231699999999999, -2.4348399999999999]
tajectories: [[1.08092, 1.65898, -1.6, 1.79086, -1.49102, 1.52317, -2.43484], [1.11967, 1.67428, -1.55331, 1.86982, -1.94353, 1.34496, -2.37716], [1.15843, 1.68958, -1.50663, 1.94878, -2.39604, 1.16676, -2.31947], [1.19718, 1.70487, -1.45994, 2.02774, -2.84855, 0.98855, -2.26179], [1.23593, 1.72017, -1.41325, 2.1067, -3.30106, 0.81035, -2.20411], [1.27468, 1.73547, -1.36657, 2.18566, -3.75357, 0.63215, -2.14642], [1.31344, 1.75076, -1.31988, 2.26463, -4.20608, 0.45394, -2.08874], [1.35219, 1.76606, -1.27319, 2.34359, -4.6586, 0.27574, -2.03106], [1.35595, 1.76755, -1.26866, 2.35125, -4.70252, 0.25844, -2.02546], [1.30486, 1.54984, -1.42387, 2.41707, -4.6691, 0.11513, -1.63826], [1.25378, 1.33214, -1.57907, 2.48289, -4.63568, -0.02818, -1.25107], [1.20269, 1.11444, -1.73428, 2.54871, -4.60226, -0.17149, -0.86387], [1.1516, 0.89674, -1.88948, 2.61453, -4.56885, -0.31479, -0.47668], [1.10051, 0.67903, -2.04469, 2.68035, -4.53543, -0.4581, -0.08948], [1.07223, 0.55849, -2.13063, 2.7168, -4.51693, -0.53745, 0.12491], [0.68831, 0.6254, -2.19773, 2.71463, -4.28069, -0.43665, -0.04139], [0.3044, 0.6923, -2.26483, 2.71246, -4.04445, -0.33585, -0.20769], [-0.07952, 0.75921, -2.33193, 2.71029, -3.80821, -0.23505, -0.37399], [-0.46344, 0.82611, -2.39903, 2.70812, -3.57197, -0.13425, -0.54029], [-0.84735, 0.89302, -2.46613, 2.70595, -3.33573, -0.03344, -0.70659], [-1.23127, 0.95992, -2.53323, 2.70378, -3.0995, 0.06736, -0.87289], [-1.54071, 1.01385, -2.58732, 2.70203, -2.90908, 0.1486, -1.00693], [-1.27796, 0.99849, -2.6049, 2.60929, -2.58114, 0.04765, -1.23947], [-1.0152, 0.98313, -2.62248, 2.51654, -2.25319, -0.05331, -1.472], [-0.75244, 0.96777, -2.64006, 2.4238, -1.92524, -0.15427, -1.70453], [-0.48969, 0.95241, -2.65765, 2.33105, -1.5973, -0.25523, -1.93706], [-0.22693, 0.93705, -2.67523, 2.23831, -1.26935, -0.35618, -2.1696], [0.03582, 0.9217, -2.69281, 2.14557, -0.9414, -0.45714, -2.40213], [0.29858, 0.90634, -2.71039, 2.05282, -0.61345, -0.5581, -2.63466], [0.492, 0.89503, -2.72333, 1.98455, -0.37204, -0.63242, -2.80584], [0.69302, 0.66159, -2.58814, 1.86598, -0.46007, -0.7149, -2.47689], [0.89404, 0.42815, -2.45294, 1.74741, -0.54811, -0.79737, -2.14794], [1.09506, 0.1947, -2.31774, 1.62884, -0.63615, -0.87985, -1.819], [1.29609, -0.03874, -2.18254, 1.51026, -0.72418, -0.96233, -1.49005], [1.49711, -0.27218, -2.04734, 1.39169, -0.81222, -1.0448, -1.16111], [1.69813, -0.50562, -1.91215, 1.27312, -0.90025, -1.12728, -0.83216], [1.89915, -0.73906, -1.77695, 1.15455, -0.98829, -1.20976, -0.50322], [2.10017, -0.9725, -1.64175, 1.03598, -1.07632, -1.29223, -0.17427]]
end: [2.1622499999999998, -1.0445899999999999, -1.6000000000000001, 0.99936000000000003, -1.10351, -1.3177000000000001, -0.072690000000000005]
obtacles: [[[0.6, 0.5, -1.0], [0.9, 0.6, 1.0]], [[0.6, -0.6, -1.0], [0.9, -0.5, 1.0]], [[0.6, -0.6, 0.9], [0.9, 0.6, 1.0]], [[0.6, -0.6, -1.0], [0.9, 0.6, -0.9]], [[0.6, -0.6, 0.3], [0.9, 0.6, 0.4]], [[0.6, -0.6, -0.6], [0.9, 0.6, -0.5]], [[0.6, -0.1, 0.4], [0.9, 0.0, 1.0]], [[0.6, -0.3, -0.6], [0.9, -0.2, 0.4]], [[0.6, -0.2, -1.0], [0.9, -0.1, -0.5]]]
start: [0.68164000000000002, 1.7375100000000001, -1.6499999999999999, 1.25407, -1.38774, 1.54833, -2.5778400000000001]
tajectories: [[0.68164, 1.73751, -1.65, 1.25407, -1.38774, 1.54833, -2.57784], [0.70933, 1.5467, -1.51477, 1.63003, -1.29745, 1.37671, -2.453], [0.73702, 1.35589, -1.37953, 2.00599, -1.20716, 1.20509, -2.32816], [0.75849, 1.20796, -1.27469, 2.29745, -1.13716, 1.07205, -2.23139], [0.96018, 0.9066, -1.38216, 2.38428, -0.92364, 0.89711, -2.079], [1.16187, 0.60524, -1.48963, 2.4711, -0.71011, 0.72217, -1.92661], [1.36355, 0.30388, -1.59709, 2.55792, -0.49659, 0.54723, -1.77423], [1.56524, 0.00251, -1.70456, 2.64474, -0.28307, 0.37229, -1.62184], [1.59902, -0.04796, -1.72256, 2.65928, -0.24731, 0.34299, -1.59632], [1.28557, -0.16115, -1.84642, 2.56481, -0.50307, 0.17363, -1.45288], [0.97212, -0.27434, -1.97029, 2.47033, -0.75882, 0.00428, -1.30943], [0.65866, -0.38754, -2.09416, 2.37586, -1.01457, -0.16508, -1.16599], [0.34521, -0.50073, -2.21803, 2.28139, -1.27033, -0.33443, -1.02255], [0.32749, -0.50713, -2.22503, 2.27605, -1.28478, -0.344, -1.01444], [0.11603, -0.13414, -2.23918, 2.13111, -1.35285, -0.23, -1.17976], [-0.09544, 0.23884, -2.25333, 1.98618, -1.42091, -0.11599, -1.34507], [-0.30691, 0.61182, -2.26749, 1.84124, -1.48898, -0.00198, -1.51038], [-0.37609, 0.73384, -2.27212, 1.79383, -1.51124, 0.03532, -1.56446], [-0.30726, 0.76112, -2.09304, 1.50541, -1.68371, 0.32112, -1.69801], [-0.23844, 0.7884, -1.91397, 1.21698, -1.85619, 0.60692, -1.83155], [-0.16961, 0.81569, -1.7349, 0.92856, -2.02866, 0.89273, -1.96509]]
end: [-0.13697999999999999, 0.82862000000000002, -1.6499999999999999, 0.79183000000000003, -2.11043, 1.0282199999999999, -2.0284]
obtacles: [[[0.6, 0.5, -1.0], [0.9, 0.6, 1.0]], [[0.6, -0.6, -1.0], [0.9, -0.5, 1.0]], [[0.6, -0.6, 0.9], [0.9, 0.6, 1.0]], [[0.6, -0.6, -1.0], [0.9, 0.6, -0.9]], [[0.6, -0.6, 0.3], [0.9, 0.6, 0.4]], [[0.6, -0.6, -0.6], [0.9, 0.6, -0.5]], [[0.6, -0.1, 0.4], [0.9, 0.0, 1.0]], [[0.6, -0.3, -0.6], [0.9, -0.2, 0.4]], [[0.6, -0.2, -1.0], [0.9, -0.1, -0.5]]]
start: [-2.1669700000000001, -1.9709099999999999, 1.3, 1.0342499999999999, -4.2335399999999996, -1.55816, 0.00131]
tajectories: [[-2.16697, -1.97091, 1.3, 1.03425, -4.23354, -1.55816, 0.00131], [-2.22309, -1.94629, 1.24798, 1.11887, -3.80186, -1.53707, 0.22399], [-2.2792, -1.92168, 1.19596, 1.20349, -3.37018, -1.51598, 0.44667], [-2.33532, -1.89706, 1.14394, 1.28811, -2.9385, -1.49489, 0.66935], [-2.39144, -1.87244, 1.09192, 1.37273, -2.50682, -1.4738, 0.89203], [-2.44756, -1.84783, 1.0399, 1.45735, -2.07514, -1.45271, 1.11471], [-2.50368, -1.82321, 0.98788, 1.54197, -1.64346, -1.43162, 1.33739], [-2.5598, -1.79859, 0.93586, 1.62659, -1.21178, -1.41054, 1.56007], [-2.58568, -1.78724, 0.91187, 1.66562, -1.01266, -1.40081, 1.66279], [-2.37028, -1.81355, 1.2669, 1.70042, -1.08407, -1.21752, 1.85503], [-2.15488, -1.83986, 1.62193, 1.73522, -1.15548, -1.03424, 2.04728], [-1.93947, -1.86617, 1.97696, 1.77002, -1.2269, -0.85096, 2.23952], [-1.72407, -1.89247, 2.332, 1.80482, -1.29831, -0.66767, 2.43176], [-1.54382, -1.91449, 2.62908, 1.83394, -1.35806, -0.51431, 2.59263], [-1.44698, -1.67508, 2.33359, 1.72289, -1.64128, -0.49395, 2.64772], [-1.35014, -1.43568, 2.0381, 1.61184, -1.9245, -0.4736, 2.70281], [-1.2533, -1.19627, 1.74261, 1.50079, -2.20771, -0.45324, 2.75789], [-1.15646, -0.95687, 1.44712, 1.38974, -2.49093, -0.43289, 2.81298], [-1.05962, -0.71746, 1.15162, 1.27869, -2.77414, -0.41254, 2.86806], [-1.00333, -0.57831, 0.97988, 1.21415, -2.93876, -0.40071, 2.90008], [-1.14698, -0.43747, 0.81519, 1.32279, -2.58421, -0.57579, 2.78073], [-1.29063, -0.29663, 0.6505, 1.43143, -2.22966, -0.75088, 2.66138], [-1.43428, -0.15579, 0.48581, 1.54007, -1.87511, -0.92596, 2.54204], [-1.57792, -0.01495, 0.32112, 1.6487, -1.52056, -1.10104, 2.42269], [-1.72157, 0.12589, 0.15643, 1.75734, -1.16601, -1.27613, 2.30334], [-1.79055, 0.19352, 0.07735, 1.80951, -0.99576, -1.3602, 2.24603], [-1.58178, 0.31524, 0.25499, 1.58055, -1.01052, -1.3229, 1.92043], [-1.37302, 0.43696, 0.43263, 1.35158, -1.02527, -1.28559, 1.59484], [-1.16425, 0.55867, 0.61027, 1.12262, -1.04002, -1.24829, 1.26924], [-0.95548, 0.68039, 0.78791, 0.89366, -1.05477, -1.21099, 0.94364], [-0.74672, 0.80211, 0.96555, 0.6647, -1.06952, -1.17369, 0.61804], [-0.53795, 0.92383, 1.14319, 0.43574, -1.08427, -1.13639, 0.29245]]
end: [-0.41243000000000002, 0.99700999999999995, 1.25, 0.29807, -1.09314, -1.1139699999999999, 0.096670000000000006]
obtacles: [[[0.6, 0.5, -1.0], [0.9, 0.6, 1.0]], [[0.6, -0.6, -1.0], [0.9, -0.5, 1.0]], [[0.6, -0.6, 0.9], [0.9, 0.6, 1.0]], [[0.6, -0.6, -1.0], [0.9, 0.6, -0.9]], [[0.6, -0.6, 0.3], [0.9, 0.6, 0.4]], [[0.6, -0.6, -0.6], [0.9, 0.6, -0.5]], [[0.6, -0.1, 0.4], [0.9, 0.0, 1.0]], [[0.6, -0.3, -0.6], [0.9, -0.2, 0.4]], [[0.6, -0.2, -1.0], [0.9, -0.1, -0.5]]]
start: [-0.34139000000000003, 1.6526099999999999, 1.7, 1.76871, -1.6262700000000001, -1.4283399999999999, -1.4180600000000001]
tajectories: [[-0.34139, 1.65261, 1.7, 1.76871, -1.62627, -1.42834, -1.41806], [0.00537, 1.65244, 1.7, 1.41265, -1.66885, -1.46085, -1.40774]]
end: [0.20516000000000001, 1.6523300000000001, 1.7, 1.2075100000000001, -1.6933800000000001, -1.4795799999999999, -1.4017900000000001]
obtacles: [[[0.6, 0.5, -1.0], [0.9, 0.6, 1.0]], [[0.6, -0.6, -1.0], [0.9, -0.5, 1.0]], [[0.6, -0.6, 0.9], [0.9, 0.6, 1.0]], [[0.6, -0.6, -1.0], [0.9, 0.6, -0.9]], [[0.6, -0.6, 0.3], [0.9, 0.6, 0.4]], [[0.6, -0.6, -0.6], [0.9, 0.6, -0.5]], [[0.6, -0.1, 0.4], [0.9, 0.0, 1.0]], [[0.6, -0.3, -0.6], [0.9, -0.2, 0.4]], [[0.6, -0.2, -1.0], [0.9, -0.1, -0.5]]]
start: [0.13258, 1.9246000000000001, 1.95, 0.78598999999999997, -2.0834999999999999, -1.56996, -0.84975999999999996]
tajectories: [[0.13258, 1.9246, 1.95, 0.78599, -2.0835, -1.56996, -0.84976], [0.11103, 1.91273, 1.54167, 0.58876, -1.88362, -1.52042, -0.81289], [0.08947, 1.90086, 1.13335, 0.39154, -1.68374, -1.47088, -0.77602], [0.06791, 1.88899, 0.72502, 0.19431, -1.48385, -1.42134, -0.73914], [0.04635, 1.87712, 0.3167, -0.00291, -1.28397, -1.37181, -0.70227], [0.0248, 1.86525, -0.09163, -0.20014, -1.08409, -1.32227, -0.6654], [0.00324, 1.85338, -0.49996, -0.39736, -0.88421, -1.27273, -0.62852], [-0.01424, 1.84376, -0.83111, -0.55731, -0.7221, -1.23256, -0.59862], [0.0376, 1.82389, -0.8334, -0.35525, -0.39012, -1.00048, -0.39365], [0.08944, 1.80403, -0.83568, -0.15318, -0.05814, -0.76839, -0.18868], [0.14128, 1.78417, -0.83797, 0.04888, 0.27383, -0.53631, 0.01629], [0.19312, 1.76431, -0.84025, 0.25095, 0.60581, -0.30423, 0.22126], [0.24496, 1.74444, -0.84254, 0.45302, 0.93778, -0.07215, 0.42623], [0.25119, 1.74206, -0.84281, 0.4773, 0.97768, -0.04426, 0.45086], [0.25517, 1.6993, -1.10526, 0.45701, 0.70903, -0.15018, 0.75985], [0.25915, 1.65653, -1.36771, 0.43673, 0.44037, -0.25609, 1.06883], [0.26313, 1.61377, -1.63015, 0.41644, 0.17172, -0.36201, 1.37782], [0.2671, 1.57101, -1.8926, 0.39615, -0.09693, -0.46792, 1.68681], [0.27108, 1.52825, -2.15505, 0.37586, -0.36559, -0.57384, 1.99579], [0.27177, 1.52087, -2.20035, 0.37236, -0.41196, -0.59212, 2.04913], [0.50337, 1.61931, -2.01689, 0.63702, -0.50441, -0.31935, 2.05373], [0.73497, 1.71774, -1.83343, 0.90167, -0.59685, -0.04658, 2.05834], [0.96658, 1.81618, -1.64997, 1.16632, -0.6893, 0.22619, 2.06294], [1.19818, 1.91462, -1.46651, 1.43098, -0.78174, 0.49896, 2.06754], [1.2524, 1.93766, -1.42356, 1.49293, -0.80338, 0.56281, 2.06862], [1.15828, 1.70824, -1.0881, 1.68625, -0.65322, 0.68895, 2.08074], [1.06416, 1.47882, -0.75265, 1.87958, -0.50306, 0.81508, 2.09287], [0.97004, 1.24939, -0.4172, 2.0729, -0.3529, 0.94121, 2.10499], [0.87593, 1.01997, -0.08174, 2.26622, -0.20275, 1.06735, 2.11712], [0.78181, 0.79055, 0.25371, 2.45954, -0.05259, 1.19348, 2.12924], [0.72166, 0.64395, 0.46808, 2.58308, 0.04337, 1.27408, 2.13699], [0.58662, 0.46048, 0.77536, 2.42443, -0.10643, 1.0468, 2.07057], [0.45158, 0.27702, 1.08265, 2.26579, -0.25624, 0.81951, 2.00416], [0.31653, 0.09356, 1.38993, 2.10714, -0.40604, 0.59222, 1.93774], [0.18149, -0.0899, 1.69722, 1.94849, -0.55584, 0.36493, 1.87133], [0.04644, -0.27336, 2.0045, 1.78984, -0.70564, 0.13764, 1.80491], [-0.02303, -0.36774, 2.16259, 1.70823, -0.78271, 0.02072, 1.77074], [-0.42838, -0.20615, 2.0022, 1.62113, -0.82295, -0.1363, 1.77047], [-0.83373, -0.04456, 1.84181, 1.53404, -0.86319, -0.29331, 1.7702], [-1.23908, 0.11703, 1.68143, 1.44695, -0.90343, -0.45032, 1.76993], [-1.64443, 0.27861, 1.52104, 1.35985, -0.94367, -0.60733, 1.76966], [-2.04978, 0.4402, 1.36065, 1.27276, -0.98391, -0.76434, 1.76939], [-2.10409, 0.46185, 1.33916, 1.26109, -0.9893, -0.78538, 1.76936], [-1.80832, 0.56363, 1.45217, 1.05822, -1.14787, -0.81748, 1.50092], [-1.51255, 0.66541, 1.56518, 0.85536, -1.30645, -0.84957, 1.23247], [-1.21679, 0.76719, 1.67819, 0.6525, -1.46503, -0.88167, 0.96403], [-0.92102, 0.86897, 1.79121, 0.44963, -1.6236, -0.91377, 0.69559], [-0.62525, 0.97074, 1.90422, 0.24677, -1.78218, -0.94587, 0.42715]]
end: [-0.50543000000000005, 1.0119800000000001, 1.95, 0.16458, -1.84642, -0.95887, 0.31840000000000002]
obtacles: [[[0.6, 0.5, -1.0], [0.9, 0.6, 1.0]], [[0.6, -0.6, -1.0], [0.9, -0.5, 1.0]], [[0.6, -0.6, 0.9], [0.9, 0.6, 1.0]], [[0.6, -0.6, -1.0], [0.9, 0.6, -0.9]], [[0.6, -0.6, 0.3], [0.9, 0.6, 0.4]], [[0.6, -0.6, -0.6], [0.9, 0.6, -0.5]], [[0.6, -0.1, 0.4], [0.9, 0.0, 1.0]], [[0.6, -0.3, -0.6], [0.9, -0.2, 0.4]], [[0.6, -0.2, -1.0], [0.9, -0.1, -0.5]]]
start: [0.38990999999999998, 1.8659300000000001, -1.55, 1.72495, -1.2759799999999999, 1.54579, -1.8071699999999999]
tajectories: [[0.38991, 1.86593, -1.55, 1.72495, -1.27598, 1.54579, -1.80717], [0.64581, 1.68439, -1.38792, 1.85733, -1.21147, 1.23912, -1.7094], [0.90171, 1.50286, -1.22583, 1.9897, -1.14695, 0.93245, -1.61163], [1.15761, 1.32133, -1.06375, 2.12207, -1.08243, 0.62578, -1.51387], [1.41351, 1.1398, -0.90167, 2.25444, -1.01791, 0.31911, -1.4161], [1.66941, 0.95827, -0.73959, 2.38682, -0.95339, 0.01244, -1.31833], [1.68878, 0.94452, -0.72731, 2.39684, -0.9485, -0.01078, -1.31093], [1.92433, 0.91117, -0.98551, 2.1925, -1.13806, 0.08734, -1.11237], [2.15988, 0.87782, -1.2437, 1.98815, -1.32762, 0.18546, -0.91382], [2.39543, 0.84448, -1.5019, 1.78381, -1.51718, 0.28358, -0.71526], [2.52464, 0.82618, -1.64352, 1.67172, -1.62116, 0.3374, -0.60635], [2.39411, 0.77984, -1.89965, 1.92261, -1.6289, 0.46927, -0.31511], [2.26358, 0.73349, -2.15577, 2.17349, -1.63664, 0.60114, -0.02387], [2.13305, 0.68714, -2.4119, 2.42438, -1.64438, 0.733, 0.26738], [2.00252, 0.64079, -2.66802, 2.67526, -1.65212, 0.86487, 0.55862], [1.99159, 0.63691, -2.68945, 2.69626, -1.65276, 0.87591, 0.58299], [1.76698, 0.68935, -2.52418, 2.31249, -1.66218, 0.82911, 0.72415], [1.54236, 0.74179, -2.35891, 1.92872, -1.67159, 0.78232, 0.86532], [1.31775, 0.79423, -2.19364, 1.54495, -1.68101, 0.73552, 1.00648], [1.09313, 0.84667, -2.02837, 1.16119, -1.69042, 0.68872, 1.14764], [0.86851, 0.89912, -1.8631, 0.77742, -1.69983, 0.64193, 1.28881], [0.6439, 0.95156, -1.69782, 0.39365, -1.70925, 0.59513, 1.42997], [0.5131, 0.98209, -1.60158, 0.17017, -1.71473, 0.56788, 1.51217], [0.45408, 0.95857, -1.57866, -0.08974, -1.5286, 0.75236, 1.84264], [0.39506, 0.93505, -1.55574, -0.34965, -1.34248, 0.93684, 2.17311]]
end: [0.38028000000000001, 0.92915999999999999, -1.55, -0.41478999999999999, -1.2958400000000001, 0.98307, 2.2559300000000002]
obtacles: [[[0.6, 0.5, -1.0], [0.9, 0.6, 1.0]], [[0.6, -0.6, -1.0], [0.9, -0.5, 1.0]], [[0.6, -0.6, 0.9], [0.9, 0.6, 1.0]], [[0.6, -0.6, -1.0], [0.9, 0.6, -0.9]], [[0.6, -0.6, 0.3], [0.9, 0.6, 0.4]], [[0.6, -0.6, -0.6], [0.9, 0.6, -0.5]], [[0.6, -0.1, 0.4], [0.9, 0.0, 1.0]], [[0.6, -0.3, -0.6], [0.9, -0.2, 0.4]], [[0.6, -0.2, -1.0], [0.9, -0.1, -0.5]]]
start: [1.98814, -1.9641200000000001, -1.5, 1.4831300000000001, -1.9689399999999999, -1.5392600000000001, -0.30920999999999998]
tajectories: [[1.98814, -1.96412, -1.5, 1.48313, -1.96894, -1.53926, -0.30921], [1.73482, -1.91126, -1.42256, 1.63696, -2.33786, -1.5032, -0.43558], [1.4815, -1.8584, -1.34513, 1.79079, -2.70678, -1.46714, -0.56194], [1.22817, -1.80554, -1.26769, 1.94461, -3.07571, -1.43108, -0.68831], [0.97485, -1.75268, -1.19025, 2.09844, -3.44463, -1.39502, -0.81468], [0.72152, -1.69982, -1.11282, 2.25227, -3.81356, -1.35896, -0.94104], [0.55572, -1.66522, -1.06213, 2.35295, -4.05502, -1.33536, -1.02375], [0.49892, -1.28644, -1.17633, 2.28892, -3.9808, -1.38025, -0.74333], [0.44211, -0.90765, -1.29052, 2.2249, -3.90658, -1.42514, -0.46292], [0.3853, -0.52887, -1.40471, 2.16087, -3.83236, -1.47003, -0.1825], [0.32849, -0.15009, -1.5189, 2.09684, -3.75814, -1.51492, 0.09792], [0.32505, -0.12715, -1.52581, 2.09297, -3.75365, -1.51764, 0.1149], [0.43063, 0.24337, -1.41056, 2.20486, -3.81903, -1.45188, -0.14426], [0.53621, 0.61389, -1.29531, 2.31675, -3.88442, -1.38611, -0.40343], [0.64179, 0.98441, -1.18006, 2.42865, -3.94981, -1.32035, -0.66259], [0.6618, 1.05465, -1.15821, 2.44986, -3.96221, -1.30789, -0.71171], [0.73054, 1.2757, -1.32866, 2.09203, -4.0317, -1.3694, -0.53648], [0.79927, 1.49676, -1.49911, 1.73421, -4.1012, -1.43091, -0.36126], [0.868, 1.71781, -1.66956, 1.37638, -4.17069, -1.49242, -0.18603], [0.93673, 1.93886, -1.84001, 1.01855, -4.24019, -1.55393, -0.0108]]
end: [0.94076000000000004, 1.9518200000000001, -1.8500000000000001, 0.99758000000000002, -4.2442599999999997, -1.5575399999999999, -0.00052999999999999998]
obtacles: [[[0.6, 0.5, -1.0], [0.9, 0.6, 1.0]], [[0.6, -0.6, -1.0], [0.9, -0.5, 1.0]], [[0.6, -0.6, 0.9], [0.9, 0.6, 1.0]], [[0.6, -0.6, -1.0], [0.9, 0.6, -0.9]], [[0.6, -0.6, 0.3], [0.9, 0.6, 0.4]], [[0.6, -0.6, -0.6], [0.9, 0.6, -0.5]], [[0.6, -0.1, 0.4], [0.9, 0.0, 1.0]], [[0.6, -0.3, -0.6], [0.9, -0.2, 0.4]], [[0.6, -0.2, -1.0], [0.9, -0.1, -0.5]]]
start: [0.58203000000000005, 1.63157, -1.6000000000000001, 1.9018200000000001, -1.52275, 1.5234700000000001, -1.8238300000000001]
tajectories: [[0.58203, 1.63157, -1.6, 1.90182, -1.52275, 1.52347, -1.82383], [0.99039, 1.74333, -1.55617, 2.03519, -1.32135, 1.51184, -1.72208], [1.39874, 1.85509, -1.51235, 2.16856, -1.11995, 1.5002, -1.62032], [1.56562, 1.90076, -1.49444, 2.22306, -1.03764, 1.49545, -1.57874], [1.43497, 1.66594, -1.70301, 2.02698, -1.30993, 1.36103, -1.63901], [1.30433, 1.43112, -1.91158, 1.8309, -1.58222, 1.22662, -1.69928], [1.18787, 1.22179, -2.09751, 1.65612, -1.82495, 1.10679, -1.753], [1.02699, 1.06269, -1.90371, 1.50625, -2.01038, 1.19997, -2.06238], [0.86611, 0.9036, -1.7099, 1.35638, -2.19582, 1.29315, -2.37176]]
end: [0.77486999999999995, 0.81337999999999999, -1.6000000000000001, 1.27139, -2.3009900000000001, 1.34599, -2.5472100000000002]
obtacles: [[[0.6, 0.5, -1.0], [0.9, 0.6, 1.0]], [[0.6, -0.6, -1.0], [0.9, -0.5, 1.0]], [[0.6, -0.6, 0.9], [0.9, 0.6, 1.0]], [[0.6, -0.6, -1.0], [0.9, 0.6, -0.9]], [[0.6, -0.6, 0.3], [0.9, 0.6, 0.4]], [[0.6, -0.6, -0.6], [0.9, 0.6, -0.5]], [[0.6, -0.1, 0.4], [0.9, 0.0, 1.0]], [[0.6, -0.3, -0.6], [0.9, -0.2, 0.4]], [[0.6, -0.2, -1.0], [0.9, -0.1, -0.5]]]
start: [0.85509999999999997, 1.69695, -1.6499999999999999, 1.1449499999999999, -1.42323, 1.5512900000000001, -2.85819]
tajectories: [[0.8551, 1.69695, -1.65, 1.14495, -1.42323, 1.55129, -2.85819], [0.85588, 1.73939, -1.51101, 1.30269, -1.64189, 1.37441, -2.50479], [0.85667, 1.78184, -1.37202, 1.46044, -1.86056, 1.19754, -2.15138], [0.85745, 1.82428, -1.23303, 1.61819, -2.07923, 1.02066, -1.79797], [0.85824, 1.86672, -1.09405, 1.77593, -2.29789, 0.84379, -1.44456], [0.85902, 1.90917, -0.95506, 1.93368, -2.51656, 0.66692, -1.09116], [0.85973, 1.94741, -0.82982, 2.07583, -2.7136, 0.50753, -0.7727], [1.02124, 1.54434, -0.73098, 2.14622, -2.79267, 0.34515, -0.65394], [1.18275, 1.14127, -0.63214, 2.21661, -2.87174, 0.18277, -0.53519], [1.34426, 0.7382, -0.5333, 2.28701, -2.95082, 0.02038, -0.41643], [1.50577, 0.33513, -0.43447, 2.3574, -3.02989, -0.142, -0.29767], [1.66728, -0.06794, -0.33563, 2.42779, -3.10897, -0.30438, -0.17892], [1.82879, -0.47101, -0.23679, 2.49819, -3.18804, -0.46677, -0.06016], [1.83398, -0.48397, -0.23361, 2.50045, -3.19058, -0.47199, -0.05634], [1.41545, -0.4574, -0.20494, 2.4577, -3.04271, -0.27085, -0.15198], [0.99691, -0.43083, -0.17627, 2.41495, -2.89483, -0.06972, -0.24762], [0.57837, -0.40426, -0.1476, 2.3722, -2.74695, 0.13142, -0.34326], [0.15983, -0.37769, -0.11893, 2.32945, -2.59908, 0.33256, -0.4389], [-0.25871, -0.35112, -0.09026, 2.2867, -2.4512, 0.53369, -0.53454], [-0.67724, -0.32455, -0.06159, 2.24395, -2.30332, 0.73483, -0.63018], [-0.69866, -0.3232, -0.06012, 2.24176, -2.29576, 0.74512, -0.63508], [-0.6031, -0.07621, -0.45159, 2.19617, -2.15301, 0.69587, -0.59338], [-0.50754, 0.17077, -0.84306, 2.15058, -2.01026, 0.64661, -0.55168], [-0.41199, 0.41776, -1.23453, 2.105, -1.86751, 0.59735, -0.50998], [-0.31643, 0.66474, -1.62599, 2.05941, -1.72476, 0.5481, -0.46828], [-0.22087, 0.91173, -2.01746, 2.01382, -1.58201, 0.49884, -0.42658], [-0.1964, 0.97498, -2.11771, 2.00215, -1.54546, 0.48622, -0.4159], [-0.20559, 0.96005, -2.02387, 1.70262, -1.61237, 0.58151, -0.78687], [-0.21478, 0.94512, -1.93004, 1.4031, -1.67929, 0.67679, -1.15783], [-0.22397, 0.93019, -1.8362, 1.10357, -1.74621, 0.77207, -1.5288], [-0.23316, 0.91526, -1.74236, 0.80405, -1.81313, 0.86736, -1.89976]]
end: [-0.2422, 0.90056000000000003, -1.6499999999999999, 0.50924000000000003, -1.8789899999999999, 0.96113999999999999, -2.2648899999999998]
obtacles: [[[0.6, 0.5, -1.0], [0.9, 0.6, 1.0]], [[0.6, -0.6, -1.0], [0.9, -0.5, 1.0]], [[0.6, -0.6, 0.9], [0.9, 0.6, 1.0]], [[0.6, -0.6, -1.0], [0.9, 0.6, -0.9]], [[0.6, -0.6, 0.3], [0.9, 0.6, 0.4]], [[0.6, -0.6, -0.6], [0.9, 0.6, -0.5]], [[0.6, -0.1, 0.4], [0.9, 0.0, 1.0]], [[0.6, -0.3, -0.6], [0.9, -0.2, 0.4]], [[0.6, -0.2, -1.0], [0.9, -0.1, -0.5]]]
start: [0.66259999999999997, 1.6258699999999999, -1.6499999999999999, 0.83269000000000004, -1.4767600000000001, 1.5494000000000001, -2.9746999999999999]
tajectories: [[0.6626, 1.62587, -1.65, 0.83269, -1.47676, 1.5494, -2.9747], [0.84174, 1.65253, -1.45161, 1.16265, -1.40897, 1.35686, -2.80948], [1.02088, 1.67918, -1.25321, 1.49262, -1.34118, 1.16433, -2.64426], [1.20002, 1.70583, -1.05482, 1.82258, -1.2734, 0.97179, -2.47904], [1.37915, 1.73249, -0.85642, 2.15255, -1.20561, 0.77926, -2.31382], [1.41879, 1.73838, -0.81253, 2.22556, -1.19061, 0.73666, -2.27726], [1.16146, 1.57757, -1.13198, 2.33588, -1.18433, 0.94337, -2.24684], [0.90413, 1.41675, -1.45144, 2.44621, -1.17805, 1.15008, -2.21642], [0.6468, 1.25593, -1.7709, 2.55653, -1.17178, 1.35679, -2.186], [0.5313, 1.18375, -1.91428, 2.60605, -1.16896, 1.44957, -2.17235], [0.43337, 1.03501, -1.9057, 2.21127, -1.08794, 1.3002, -1.98937], [0.33544, 0.88626, -1.89712, 1.81648, -1.00692, 1.15083, -1.8064], [0.23751, 0.73751, -1.88854, 1.4217, -0.9259, 1.00146, -1.62343], [0.13965, 0.58886, -1.87996, 1.02717, -0.84494, 0.85218, -1.44057], [0.02624, 0.72661, -1.79967, 1.01312, -1.26401, 0.97433, -1.58542], [-0.08716, 0.86435, -1.71938, 0.99906, -1.68308, 1.09648, -1.73028]]
end: [-0.18515000000000001, 0.98338000000000003, -1.6499999999999999, 0.98692000000000002, -2.0451999999999999, 1.2020299999999999, -1.85544]
obtacles: [[[0.6, 0.5, -1.0], [0.9, 0.6, 1.0]], [[0.6, -0.6, -1.0], [0.9, -0.5, 1.0]], [[0.6, -0.6, 0.9], [0.9, 0.6, 1.0]], [[0.6, -0.6, -1.0], [0.9, 0.6, -0.9]], [[0.6, -0.6, 0.3], [0.9, 0.6, 0.4]], [[0.6, -0.6, -0.6], [0.9, 0.6, -0.5]], [[0.6, -0.1, 0.4], [0.9, 0.0, 1.0]], [[0.6, -0.3, -0.6], [0.9, -0.2, 0.4]], [[0.6, -0.2, -1.0], [0.9, -0.1, -0.5]]]
start: [0.62483, 1.92923, -1.6000000000000001, 1.7000500000000001, -1.21828, 1.4984, -2.0845600000000002]
tajectories: [[0.62483, 1.92923, -1.6, 1.70005, -1.21828, 1.4984, -2.08456], [0.80652, 1.75411, -1.2543, 1.90536, -1.24031, 1.35023, -2.13168], [0.98821, 1.57899, -0.90859, 2.11068, -1.26235, 1.20207, -2.17879], [1.1699, 1.40387, -0.56289, 2.31599, -1.28438, 1.05391, -2.22591], [1.35159, 1.22875, -0.21719, 2.5213, -1.30642, 0.90574, -2.27303], [1.53327, 1.05363, 0.12851, 2.72661, -1.32846, 0.75758, -2.32014], [1.63314, 0.95737, 0.31854, 2.83947, -1.34057, 0.67613, -2.34604], [1.674, 0.62406, 0.1184, 2.76001, -1.60038, 0.81475, -2.28164], [1.71486, 0.29074, -0.08175, 2.68055, -1.86018, 0.95337, -2.21724], [1.75572, -0.04257, -0.28189, 2.6011, -2.11999, 1.09199, -2.15284], [1.79658, -0.37588, -0.48203, 2.52164, -2.3798, 1.23061, -2.08844], [1.83744, -0.70919, -0.68217, 2.44218, -2.63961, 1.36924, -2.02404], [1.8783, -1.0425, -0.88231, 2.36272, -2.89942, 1.50786, -1.95964], [1.88033, -1.05903, -0.89224, 2.35878, -2.91231, 1.51473, -1.95645], [1.56774, -0.89565, -0.95661, 2.32547, -2.76809, 1.50568, -1.64108], [1.25515, -0.73226, -1.02097, 2.29216, -2.62387, 1.49664, -1.32571], [0.94256, -0.56887, -1.08534, 2.25885, -2.47966, 1.48759, -1.01034], [0.62997, -0.40548, -1.14971, 2.22554, -2.33544, 1.47855, -0.69497], [0.31738, -0.24209, -1.21408, 2.19223, -2.19123, 1.4695, -0.3796], [0.00479, -0.0787, -1.27845, 2.15892, -2.04701, 1.46045, -0.06423], [-0.11096, -0.0182, -1.30228, 2.14658, -1.99361, 1.45711, 0.05255], [-0.14488, 0.15242, -1.35721, 1.88394, -2.00061, 1.38625, -0.32516], [-0.17879, 0.32305, -1.41214, 1.62129, -2.00761, 1.3154, -0.70288], [-0.21271, 0.49368, -1.46708, 1.35865, -2.01461, 1.24455, -1.08059], [-0.24663, 0.66431, -1.52201, 1.096, -2.02161, 1.1737, -1.4583], [-0.28054, 0.83494, -1.57694, 0.83336, -2.02861, 1.10284, -1.83602]]
end: [-0.29477999999999999, 0.90656999999999999, -1.6000000000000001, 0.72311000000000003, -2.0315500000000002, 1.0730999999999999, -1.99457]
obtacles: [[[0.6, 0.5, -1.0], [0.9, 0.6, 1.0]], [[0.6, -0.6, -1.0], [0.9, -0.5, 1.0]], [[0.6, -0.6, 0.9], [0.9, 0.6, 1.0]], [[0.6, -0.6, -1.0], [0.9, 0.6, -0.9]], [[0.6, -0.6, 0.3], [0.9, 0.6, 0.4]], [[0.6, -0.6, -0.6], [0.9, 0.6, -0.5]], [[0.6, -0.1, 0.4], [0.9, 0.0, 1.0]], [[0.6, -0.3, -0.6], [0.9, -0.2, 0.4]], [[0.6, -0.2, -1.0], [0.9, -0.1, -0.5]]]
start: [2.2242299999999999, -1.8792, -1.45, 1.2226399999999999, -1.9012800000000001, -1.5664199999999999, -0.28575]
tajectories: [[2.22423, -1.8792, -1.45, 1.22264, -1.90128, -1.56642, -0.28575], [1.95753, -1.87962, -1.6254, 1.50027, -1.89362, -1.49296, -0.02968], [1.69084, -1.88004, -1.8008, 1.7779, -1.88596, -1.41949, 0.2264], [1.42414, -1.88047, -1.97619, 2.05553, -1.87831, -1.34602, 0.48247], [1.15744, -1.88089, -2.15159, 2.33316, -1.87065, -1.27255, 0.73855], [0.89075, -1.88131, -2.32699, 2.61079, -1.86299, -1.19909, 0.99462], [0.8323, -1.8814, -2.36543, 2.67164, -1.86131, -1.18299, 1.05074], [0.8943, -1.7102, -2.16874, 2.4482, -1.80993, -1.19727, 0.69664], [0.95629, -1.539, -1.97205, 2.22476, -1.75856, -1.21156, 0.34253], [1.01829, -1.36781, -1.77537, 2.00132, -1.70718, -1.22585, -0.01158], [1.08029, -1.19661, -1.57868, 1.77788, -1.6558, -1.24014, -0.36569], [1.14229, -1.02541, -1.38199, 1.55444, -1.60443, -1.25443, -0.7198], [1.14753, -1.01094, -1.36537, 1.53556, -1.60009, -1.25564, -0.74972], [1.40424, -1.02226, -1.34188, 1.4126, -1.75196, -0.96886, -1.00071], [1.66096, -1.03358, -1.31839, 1.28965, -1.90384, -0.68209, -1.2517], [1.69405, -1.03504, -1.31536, 1.2738, -1.92341, -0.64512, -1.28405], [1.66653, -0.64565, -1.47268, 1.33015, -1.99227, -0.45864, -1.45775], [1.63901, -0.25626, -1.63001, 1.38649, -2.06112, -0.27216, -1.63146], [1.61149, 0.13313, -1.78733, 1.44283, -2.12998, -0.08567, -1.80517], [1.58397, 0.52252, -1.94466, 1.49918, -2.19883, 0.10081, -1.97888], [1.57606, 0.63436, -1.98985, 1.51536, -2.21861, 0.15438, -2.02878], [1.42596, 0.70311, -1.83948, 1.45495, -2.23159, 0.52615, -2.26981], [1.27585, 0.77186, -1.68911, 1.39453, -2.24456, 0.89792, -2.51085], [1.12574, 0.84061, -1.53875, 1.33411, -2.25754, 1.26969, -2.75189]]
end: [1.03715, 0.88119000000000003, -1.45, 1.2984599999999999, -2.2652000000000001, 1.4891099999999999, -2.8941499999999998]
obtacles: [[[0.6, 0.5, -1.0], [0.9, 0.6, 1.0]], [[0.6, -0.6, -1.0], [0.9, -0.5, 1.0]], [[0.6, -0.6, 0.9], [0.9, 0.6, 1.0]], [[0.6, -0.6, -1.0], [0.9, 0.6, -0.9]], [[0.6, -0.6, 0.3], [0.9, 0.6, 0.4]], [[0.6, -0.6, -0.6], [0.9, 0.6, -0.5]], [[0.6, -0.1, 0.4], [0.9, 0.0, 1.0]], [[0.6, -0.3, -0.6], [0.9, -0.2, 0.4]], [[0.6, -0.2, -1.0], [0.9, -0.1, -0.5]]]
start: [1.99237, -1.6039600000000001, -1.55, 1.70858, -1.6008, -1.54565, -0.55862999999999996]
tajectories: [[1.99237, -1.60396, -1.55, 1.70858, -1.6008, -1.54565, -0.55863], [1.76215, -1.56952, -1.5772, 1.92596, -1.53081, -1.30976, -0.2632], [1.53194, -1.53508, -1.6044, 2.14334, -1.46082, -1.07387, 0.03223], [1.30172, -1.50063, -1.6316, 2.36072, -1.39083, -0.83798, 0.32766], [1.07151, -1.46619, -1.6588, 2.5781, -1.32084, -0.6021, 0.62309], [1.03214, -1.4603, -1.66345, 2.61527, -1.30888, -0.56175, 0.67361], [1.04908, -1.39895, -1.58709, 2.42219, -1.08456, -0.22165, 0.86557], [1.06602, -1.3376, -1.51072, 2.22911, -0.86024, 0.11845, 1.05753], [1.08296, -1.27625, -1.43435, 2.03603, -0.63592, 0.45856, 1.24949], [1.09001, -1.2507, -1.40255, 1.95562, -0.54251, 0.60019, 1.32943], [1.06559, -1.17319, -1.45607, 1.53052, -0.46852, 0.63574, 1.55982], [1.04116, -1.09568, -1.50959, 1.10542, -0.39453, 0.67129, 1.79022], [1.02159, -1.03359, -1.55246, 0.76489, -0.33526, 0.69976, 1.97478], [1.27757, -0.72766, -1.55356, 0.70682, -0.42568, 0.91121, 2.16085], [1.53354, -0.42172, -1.55466, 0.64876, -0.5161, 1.12266, 2.34693], [1.78952, -0.11579, -1.55576, 0.5907, -0.60651, 1.33411, 2.533], [1.9747, 0.10554, -1.55656, 0.5487, -0.67193, 1.48709, 2.66762], [1.70767, 0.32165, -1.55486, 0.56755, -1.01306, 1.38185, 2.73231], [1.44064, 0.53775, -1.55316, 0.58641, -1.3542, 1.27661, 2.79701], [1.17361, 0.75386, -1.55146, 0.60527, -1.69533, 1.17137, 2.86171]]
end: [0.94467000000000001, 0.93913000000000002, -1.55, 0.62143000000000004, -1.9878, 1.08114, 2.9171800000000001]
obtacles: [[[0.6, 0.5, -1.0], [0.9, 0.6, 1.0]], [[0.6, -0.6, -1.0], [0.9, -0.5, 1.0]], [[0.6, -0.6, 0.9], [0.9, 0.6, 1.0]], [[0.6, -0.6, -1.0], [0.9, 0.6, -0.9]], [[0.6, -0.6, 0.3], [0.9, 0.6, 0.4]], [[0.6, -0.6, -0.6], [0.9, 0.6, -0.5]], [[0.6, -0.1, 0.4], [0.9, 0.0, 1.0]], [[0.6, -0.3, -0.6], [0.9, -0.2, 0.4]], [[0.6, -0.2, -1.0], [0.9, -0.1, -0.5]]]
start: [-2.58955, -1.9512499999999999, 1.7, 1.9603600000000001, -1.1711100000000001, 1.54043, -1.71451]
tajectories: [[-2.58955, -1.95125, 1.7, 1.96036, -1.17111, 1.54043, -1.71451], [-2.1687, -1.72825, 1.75889, 1.93847, -1.12446, 1.43299, -1.78861], [-1.74785, -1.50525, 1.81779, 1.91658, -1.07781, 1.32555, -1.86271], [-1.32701, -1.28225, 1.87668, 1.89469, -1.03116, 1.21811, -1.93681], [-0.90616, -1.05925, 1.93558, 1.87279, -0.98452, 1.11068, -2.01091], [-0.48531, -0.83625, 1.99447, 1.8509, -0.93787, 1.00324, -2.08501], [-0.06446, -0.61325, 2.05337, 1.82901, -0.89122, 0.8958, -2.15911], [0.35639, -0.39025, 2.11226, 1.80712, -0.84457, 0.78836, -2.23321], [0.77723, -0.16724, 2.17116, 1.78523, -0.79792, 0.68092, -2.30731], [0.96261, -0.06902, 2.1971, 1.77558, -0.77738, 0.6336, -2.33995], [0.85747, -0.08744, 1.86692, 1.6888, -1.07146, 0.70519, -2.16548], [0.75233, -0.10586, 1.53674, 1.60202, -1.36555, 0.77679, -1.991], [0.64718, -0.12429, 1.20655, 1.51524, -1.65964, 0.84838, -1.81653], [0.54204, -0.14271, 0.87637, 1.42846, -1.95372, 0.91998, -1.64205], [0.4369, -0.16113, 0.54619, 1.34168, -2.24781, 0.99157, -1.46758], [0.33176, -0.17956, 0.21601, 1.2549, -2.5419, 1.06317, -1.2931], [0.23095, -0.19722, -0.10057, 1.1717, -2.82386, 1.13181, -1.12582], [-0.07431, -0.43025, -0.01244, 1.16334, -3.02603, 1.07715, -0.90039], [-0.37958, -0.66327, 0.07569, 1.15498, -3.2282, 1.02248, -0.67497], [-0.68484, -0.8963, 0.16382, 1.14662, -3.43037, 0.96782, -0.44954], [-0.94114, -1.09195, 0.23781, 1.1396, -3.60011, 0.92192, -0.26027], [-1.0936, -1.10459, 0.23561, 1.25482, -3.61699, 0.93048, 0.2012], [-1.24607, -1.11723, 0.23341, 1.37003, -3.63387, 0.93903, 0.66268], [-1.39854, -1.12987, 0.23121, 1.48525, -3.65075, 0.94759, 1.12415], [-1.55101, -1.14251, 0.229, 1.60046, -3.66763, 0.95615, 1.58562], [-1.70347, -1.15515, 0.2268, 1.71568, -3.68451, 0.9647, 2.04709], [-1.79009, -1.16233, 0.22555, 1.78113, -3.69409, 0.96956, 2.30924], [-1.89578, -1.10524, 0.49989, 1.54877, -3.39353, 0.98061, 2.43516], [-2.00148, -1.04815, 0.77422, 1.31641, -3.09296, 0.99165, 2.56109], [-2.10718, -0.99106, 1.04856, 1.08405, -2.7924, 1.00269, 2.68701], [-2.21287, -0.93398, 1.32289, 0.85169, -2.49183, 1.01374, 2.81294], [-2.31857, -0.87689, 1.59722, 0.61933, -2.19127, 1.02478, 2.93886]]
end: [-2.3581699999999999, -0.85550000000000004, 1.7, 0.53227999999999998, -2.0786600000000002, 1.0289200000000001, 2.98604]
obtacles: [[[0.6, 0.5, -1.0], [0.9, 0.6, 1.0]], [[0.6, -0.6, -1.0], [0.9, -0.5, 1.0]], [[0.6, -0.6, 0.9], [0.9, 0.6, 1.0]], [[0.6, -0.6, -1.0], [0.9, 0.6, -0.9]], [[0.6, -0.6, 0.3], [0.9, 0.6, 0.4]], [[0.6, -0.6, -0.6], [0.9, 0.6, -0.5]], [[0.6, -0.1, 0.4], [0.9, 0.0, 1.0]], [[0.6, -0.3, -0.6], [0.9, -0.2, 0.4]], [[0.6, -0.2, -1.0], [0.9, -0.1, -0.5]]]
start: [-0.14476, 1.9624999999999999, 1.7, 1.7903199999999999, -1.9323999999999999, -1.37009, -1.58308]
tajectories: [[-0.14476, 1.9625, 1.7, 1.79032, -1.9324, -1.37009, -1.58308], [-0.03758, 1.92108, 1.55158, 1.94822, -2.26895, -1.17723, -1.38466], [0.0696, 1.87965, 1.40315, 2.10612, -2.60551, -0.98437, -1.18624], [0.17678, 1.83823, 1.25473, 2.26401, -2.94206, -0.79151, -0.98782], [0.28396, 1.7968, 1.10631, 2.42191, -3.27862, -0.59865, -0.7894], [0.3217, 1.78222, 1.05405, 2.4775, -3.39712, -0.53074, -0.71953], [0.35299, 1.38934, 1.20405, 2.53806, -3.21017, -0.39492, -0.84243], [0.38428, 0.99647, 1.35406, 2.59862, -3.02321, -0.2591, -0.96533], [0.41558, 0.6036, 1.50406, 2.65918, -2.83626, -0.12328, -1.08822], [0.44687, 0.21072, 1.65407, 2.71974, -2.64931, 0.01254, -1.21112], [0.45327, 0.13037, 1.68475, 2.73212, -2.61107, 0.04031, -1.23626], [0.39772, 0.00065, 1.77947, 2.60209, -2.45767, 0.09457, -0.81467], [0.34218, -0.12908, 1.87418, 2.47207, -2.30427, 0.14883, -0.39309], [0.28663, -0.2588, 1.9689, 2.34204, -2.15086, 0.20309, 0.02849], [0.23108, -0.38853, 2.06361, 2.21201, -1.99746, 0.25735, 0.45007], [0.17554, -0.51826, 2.15833, 2.08198, -1.84406, 0.31161, 0.87165], [0.12764, -0.63013, 2.24001, 1.96985, -1.71177, 0.3584, 1.23521], [-0.20145, -0.37994, 2.22116, 1.76386, -1.88265, 0.27412, 1.2311], [-0.53054, -0.12976, 2.20231, 1.55787, -2.05354, 0.18985, 1.22699], [-0.85964, 0.12042, 2.18346, 1.35187, -2.22442, 0.10557, 1.22288], [-1.18873, 0.3706, 2.16461, 1.14588, -2.3953, 0.0213, 1.21877], [-1.51782, 0.62079, 2.14576, 0.93989, -2.56618, -0.06298, 1.21466], [-1.58194, 0.66953, 2.14209, 0.89975, -2.59948, -0.0794, 1.21386], [-1.31022, 0.71618, 2.03265, 0.64077, -2.4068, -0.279, 1.07979], [-1.03849, 0.76284, 1.92321, 0.38179, -2.21413, -0.4786, 0.94571], [-0.76677, 0.80949, 1.81377, 0.1228, -2.02145, -0.67821, 0.81163], [-0.49505, 0.85614, 1.70433, -0.13618, -1.82878, -0.87781, 0.67756]]
end: [-0.48430000000000001, 0.85799000000000003, 1.7, -0.14643, -1.82115, -0.88571, 0.67225000000000001]
obtacles: [[[0.6, 0.5, -1.0], [0.9, 0.6, 1.0]], [[0.6, -0.6, -1.0], [0.9, -0.5, 1.0]], [[0.6, -0.6, 0.9], [0.9, 0.6, 1.0]], [[0.6, -0.6, -1.0], [0.9, 0.6, -0.9]], [[0.6, -0.6, 0.3], [0.9, 0.6, 0.4]], [[0.6, -0.6, -0.6], [0.9, 0.6, -0.5]], [[0.6, -0.1, 0.4], [0.9, 0.0, 1.0]], [[0.6, -0.3, -0.6], [0.9, -0.2, 0.4]], [[0.6, -0.2, -1.0], [0.9, -0.1, -0.5]]]
start: [0.36646000000000001, 1.5939300000000001, -1.6000000000000001, 1.0249999999999999, -4.67746, -1.55785, 0.65797000000000005]
tajectories: [[0.36646, 1.59393, -1.6, 1.025, -4.67746, -1.55785, 0.65797], [0.67905, 1.69887, -1.6, 1.38513, -4.58406, -1.52396, 0.6993], [0.99164, 1.80382, -1.6, 1.74526, -4.49065, -1.49006, 0.74062]]
end: [1.0486500000000001, 1.8229599999999999, -1.6000000000000001, 1.8109500000000001, -4.4736200000000004, -1.4838800000000001, 0.74816000000000005]
