obtacles: [[[0.6, 0.5, -1.0], [0.9, 0.6, 1.0]], [[0.6, -0.6, -1.0], [0.9, -0.5, 1.0]], [[0.6, -0.6, 0.9], [0.9, 0.6, 1.0]], [[0.6, -0.6, -1.0], [0.9, 0.6, -0.9]], [[0.6, -0.6, 0.4], [0.9, 0.6, 0.5]], [[0.6, -0.6, -0.5], [0.9, 0.6, -0.4]], [[0.6, -0.1, 0.5], [0.9, 0.0, 1.0]], [[0.6, -0.1, -0.5], [0.9, 0.0, 0.5]], [[0.6, -0.2, -1.0], [0.9, -0.1, -0.4]]]
start: [0.31968000000000002, 1.5008999999999999, -1.6499999999999999, 0.047820000000000001, -1.49502, 1.4972000000000001, 2.86971]
tajectories: [[0.31968, 1.5009, -1.65, 0.04782, -1.49502, 1.4972, 2.86971], [0.35726, 1.52095, -1.39285, 0.15403, -1.44997, 1.31695, 2.50058], [0.39483, 1.54101, -1.1357, 0.26024, -1.40491, 1.13671, 2.13144], [0.43241, 1.56106, -0.87855, 0.36645, -1.35986, 0.95646, 1.7623], [0.46999, 1.58112, -0.6214, 0.47266, -1.31481, 0.77622, 1.39317], [0.50757, 1.60117, -0.36425, 0.57888, -1.26975, 0.59597, 1.02403], [0.54111, 1.61907, -0.13471, 0.67369, -1.22954, 0.43507, 0.69452], [0.62385, 1.5273, -0.35974, 0.89199, -0.89767, 0.52793, 0.56158], [0.70659, 1.43553, -0.58478, 1.11029, -0.5658, 0.62078, 0.42863], [0.78934, 1.34376, -0.80982, 1.3286, -0.23393, 0.71364, 0.29568], [0.87208, 1.25198, -1.03486, 1.5469, 0.09794, 0.8065, 0.16274], [0.95482, 1.16021, -1.2599, 1.7652, 0.42981, 0.89935, 0.02979], [1.03167, 1.07497, -1.46892, 1.96797, 0.73806, 0.9856, -0.09369], [1.35618, 1.066, -1.69311, 1.92294, 0.49683, 1.01791, -0.27561], [1.68069, 1.05703, -1.91729, 1.8779, 0.2556, 1.05022, -0.45752], [1.75953, 1.05485, -1.97176, 1.86696, 0.19699, 1.05807, -0.50172], [1.60851, 0.89192, -1.92012, 1.53376, 0.04415, 1.14532, -0.2651], [1.45749, 0.72898, -1.86849, 1.20057, -0.10869, 1.23256, -0.02849], [1.30648, 0.56604, -1.81686, 0.86737, -0.26153, 1.31981, 0.20813], [1.15546, 0.4031, -1.76522, 0.53417, -0.41436, 1.40706, 0.44474], [1.00444, 0.24016, -1.71359, 0.20098, -0.5672, 1.49431, 0.68136], [0.88688, 0.11332, -1.6734, -0.0584, -0.68618, 1.56223, 0.86555], [0.46223, 0.21084, -1.72197, -0.07381, -0.57027, 1.46854, 0.67753], [0.03757, 0.30836, -1.77054, -0.08923, -0.45437, 1.37486, 0.48952], [-0.38708, 0.40589, -1.81911, -0.10465, -0.33846, 1.28117, 0.3015], [-0.81174, 0.50341, -1.86768, -0.12007, -0.22256, 1.18748, 0.11349], [-1.23639, 0.60093, -1.91625, -0.13549, -0.10665, 1.09379, -0.07453], [-1.40101, 0.63873, -1.93508, -0.14147, -0.06172, 1.05748, -0.14742], [-1.29035, 0.68226, -1.88808, -0.17343, -0.25716, 1.04321, -0.58813], [-1.17969, 0.72578, -1.84108, -0.20539, -0.45261, 1.02893, -1.02884], [-1.06904, 0.7693, -1.79407, -0.23735, -0.64805, 1.01466, -1.46955], [-0.95838, 0.81282, -1.74707, -0.26931, -0.84349, 1.00039, -1.91027], [-0.84772, 0.85635, -1.70007, -0.30127, -1.03894, 0.98612, -2.35098], [-0.73707, 0.89987, -1.65307, -0.33323, -1.23438, 0.97185, -2.79169]]
end: [-0.72984000000000004, 0.90271000000000001, -1.6499999999999999, -0.33532000000000001, -1.2471399999999999, 0.97091000000000005, -2.8204600000000002]
obtacles: [[[0.6, 0.5, -1.0], [0.9, 0.6, 1.0]], [[0.6, -0.6, -1.0], [0.9, -0.5, 1.0]], [[0.6, -0.6, 0.9], [0.9, 0.6, 1.0]], [[0.6, -0.6, -1.0], [0.9, 0.6, -0.9]], [[0.6, -0.6, 0.4], [0.9, 0.6, 0.5]], [[0.6, -0.6, -0.5], [0.9, 0.6, -0.4]], [[0.6, -0.1, 0.5], [0.9, 0.0, 1.0]], [[0.6, -0.1, -0.5], [0.9, 0.0, 0.5]], [[0.6, -0.2, -1.0], [0.9, -0.1, -0.4]]]
start: [2.35243, -1.9555899999999999, -1.3500000000000001, 1.14906, -2.0106199999999999, -1.5392399999999999, -0.30965999999999999]
tajectories: [[2.35243, -1.95559, -1.35, 1.14906, -2.01062, -1.53924, -0.30966], [2.19139, -1.9211, -1.12553, 1.53656, -2.07936, -1.42703, -0.23882], [2.03034, -1.88661, -0.90107, 1.92407, -2.14809, -1.31481, -0.16799], [1.8693, -1.85213, -0.6766, 2.31157, -2.21683, -1.2026, -0.09716], [1.73645, -1.82368, -0.49143, 2.63124, -2.27353, -1.11003, -0.03872], [1.65298, -1.58696, -0.46661, 2.52612, -2.26945, -0.69726, -0.10899], [1.5695, -1.35024, -0.44179, 2.42101, -2.26538, -0.2845, -0.17925], [1.48603, -1.11352, -0.41697, 2.31589, -2.2613, 0.12827, -0.24951], [1.40255, -0.87679, -0.39215, 2.21078, -2.25723, 0.54104, -0.31978], [1.32234, -0.64933, -0.3683, 2.10977, -2.25331, 0.93767, -0.38729], [1.23885, -0.36841, -0.34474, 1.8038, -2.37145, 1.08391, -0.57329], [1.15537, -0.08749, -0.32118, 1.49782, -2.48959, 1.23015, -0.75928], [1.07189, 0.19343, -0.29762, 1.19185, -2.60773, 1.37639, -0.94528], [1.02524, 0.35038, -0.28445, 1.02089, -2.67374, 1.4581, -1.0492], [0.90375, 0.44845, -0.53616, 0.9939, -2.59612, 1.40654, -1.44017], [0.78225, 0.54651, -0.78787, 0.96691, -2.5185, 1.35499, -1.83113], [0.66076, 0.64457, -1.03958, 0.93992, -2.44087, 1.30343, -2.2221], [0.53927, 0.74264, -1.29129, 0.91293, -2.36325, 1.25187, -2.61306]]
end: [0.51093, 0.76551000000000002, -1.3500000000000001, 0.90664, -2.3451399999999998, 1.2398400000000001, -2.70425]
obtacles: [[[0.6, 0.5, -1.0], [0.9, 0.6, 1.0]], [[0.6, -0.6, -1.0], [0.9, -0.5, 1.0]], [[0.6, -0.6, 0.9], [0.9, 0.6, 1.0]], [[0.6, -0.6, -1.0], [0.9, 0.6, -0.9]], [[0.6, -0.6, 0.4], [0.9, 0.6, 0.5]], [[0.6, -0.6, -0.5], [0.9, 0.6, -0.4]], [[0.6, -0.1, 0.5], [0.9, 0.0, 1.0]], [[0.6, -0.1, -0.5], [0.9, 0.0, 0.5]], [[0.6, -0.2, -1.0], [0.9, -0.1, -0.4]]]
start: [0.79659999999999997, 1.6400600000000001, -1.6499999999999999, 0.92583000000000004, -4.6094299999999997, -1.5493300000000001, 0.12537999999999999]
tajectories: [[0.7966, 1.64006, -1.65, 0.92583, -4.60943, -1.54933, 0.12538], [0.90483, 1.59527, -1.41803, 1.15723, -4.4297, -1.35802, 0.37038], [1.01306, 1.55048, -1.18607, 1.38864, -4.24997, -1.16672, 0.61538], [1.12129, 1.5057, -0.9541, 1.62004, -4.07024, -0.97542, 0.86038], [1.22952, 1.46091, -0.72214, 1.85145, -3.89051, -0.78412, 1.10538], [1.29632, 1.43327, -0.57899, 1.99425, -3.77959, -0.66607, 1.25657], [1.30989, 1.00241, -0.79951, 2.06615, -3.70493, -0.61345, 1.30162], [1.32345, 0.57154, -1.02004, 2.13804, -3.63027, -0.56083, 1.34668], [1.33702, 0.14068, -1.24056, 2.20994, -3.55561, -0.50821, 1.39174], [1.35059, -0.29018, -1.46108, 2.28184, -3.48095, -0.45559, 1.43679], [1.36416, -0.72105, -1.68161, 2.35373, -3.40629, -0.40297, 1.48185], [1.37773, -1.15191, -1.90213, 2.42563, -3.33163, -0.35035, 1.52691], [1.3826, -1.30646, -1.98123, 2.45142, -3.30485, -0.33147, 1.54307], [1.48037, -1.3631, -1.90835, 2.29682, -3.5548, -0.01309, 1.75326], [1.57814, -1.41973, -1.83548, 2.14222, -3.80475, 0.3053, 1.96345], [1.67591, -1.47637, -1.7626, 1.98763, -4.0547, 0.62368, 2.17364], [1.77368, -1.533, -1.68972, 1.83303, -4.30465, 0.94206, 2.38383], [1.87145, -1.58964, -1.61685, 1.67843, -4.5546, 1.26045, 2.59402]]
end: [1.96113, -1.6415900000000001, -1.55, 1.5366299999999999, -4.7838599999999998, 1.5524800000000001, 2.78681]
obtacles: [[[0.6, 0.5, -1.0], [0.9, 0.6, 1.0]], [[0.6, -0.6, -1.0], [0.9, -0.5, 1.0]], [[0.6, -0.6, 0.9], [0.9, 0.6, 1.0]], [[0.6, -0.6, -1.0], [0.9, 0.6, -0.9]], [[0.6, -0.6, 0.4], [0.9, 0.6, 0.5]], [[0.6, -0.6, -0.5], [0.9, 0.6, -0.4]], [[0.6, -0.1, 0.5], [0.9, 0.0, 1.0]], [[0.6, -0.1, -0.5], [0.9, 0.0, 0.5]], [[0.6, -0.2, -1.0], [0.9, -0.1, -0.4]]]
start: [0.75456999999999996, 1.7359899999999999, -1.6000000000000001, 1.56077, -1.40526, 1.5436399999999999, -2.3400599999999998]
tajectories: [[0.75457, 1.73599, -1.6, 1.56077, -1.40526, 1.54364, -2.34006], [1.03223, 1.58886, -1.42985, 1.69596, -1.2355, 1.34592, -2.15001], [1.3099, 1.44173, -1.25971, 1.83115, -1.06574, 1.1482, -1.95997], [1.58757, 1.29461, -1.08956, 1.96633, -0.89598, 0.95047, -1.76992], [1.86524, 1.14748, -0.91942, 2.10152, -0.72622, 0.75275, -1.57988], [2.1429, 1.00035, -0.74927, 2.2367, -0.55646, 0.55503, -1.38983], [2.42057, 0.85323, -0.57913, 2.37189, -0.3867, 0.35731, -1.19979], [2.51905, 0.80105, -0.51878, 2.41983, -0.32649, 0.28719, -1.13239], [2.21288, 0.54681, -0.47719, 2.33051, -0.5518, 0.34563, -0.96583], [1.90672, 0.29258, -0.4356, 2.24119, -0.77711, 0.40407, -0.79928], [1.60056, 0.03834, -0.39401, 2.15187, -1.00242, 0.46251, -0.63273], [1.2944, -0.2159, -0.35241, 2.06255, -1.22774, 0.52095, -0.46617], [0.98823, -0.47013, -0.31082, 1.97323, -1.45305, 0.57939, -0.29962], [0.77716, -0.64541, -0.28215, 1.91165, -1.60838, 0.61968, -0.18479], [0.47894, -0.44167, -0.22757, 1.72758, -1.88259, 0.69954, -0.21841], [0.18072, -0.23793, -0.17299, 1.54351, -2.15679, 0.7794, -0.25203], [-0.11749, -0.0342, -0.11841, 1.35944, -2.431, 0.85926, -0.28565], [-0.41571, 0.16954, -0.06383, 1.17537, -2.70521, 0.93911, -0.31928], [-0.58851, 0.28759, -0.0322, 1.06872, -2.8641, 0.98539, -0.33876], [-0.51317, 0.39443, -0.33675, 1.00003, -2.71334, 0.99298, -0.6744], [-0.43783, 0.50126, -0.6413, 0.93135, -2.56258, 1.00058, -1.01004], [-0.36249, 0.6081, -0.94585, 0.86267, -2.41181, 1.00818, -1.34569], [-0.28715, 0.71493, -1.25039, 0.79398, -2.26105, 1.01578, -1.68133], [-0.21181, 0.82176, -1.55494, 0.7253, -2.11029, 1.02338, -2.01697]]
end: [-0.20066999999999999, 0.83757000000000004, -1.6000000000000001, 0.71514, -2.08799, 1.0245, -2.06663]
obtacles: [[[0.6, 0.5, -1.0], [0.9, 0.6, 1.0]], [[0.6, -0.6, -1.0], [0.9, -0.5, 1.0]], [[0.6, -0.6, 0.9], [0.9, 0.6, 1.0]], [[0.6, -0.6, -1.0], [0.9, 0.6, -0.9]], [[0.6, -0.6, 0.4], [0.9, 0.6, 0.5]], [[0.6, -0.6, -0.5], [0.9, 0.6, -0.4]], [[0.6, -0.1, 0.5], [0.9, 0.0, 1.0]], [[0.6, -0.1, -0.5], [0.9, 0.0, 0.5]], [[0.6, -0.2, -1.0], [0.9, -0.1, -0.4]]]
start: [2.4586100000000002, -1.5847899999999999, -1.55, 0.82482999999999995, -1.5951900000000001, -1.5650200000000001, -0.14163000000000001]
tajectories: [[2.45861, -1.58479, -1.55, 0.82483, -1.59519, -1.56502, -0.14163], [2.48611, -1.49552, -1.81866, 0.74566, -1.82271, -1.26908, -0.29488], [2.5136, -1.40624, -2.08731, 0.66649, -2.05022, -0.97314, -0.44813], [2.5411, -1.31697, -2.35597, 0.58731, -2.27774, -0.6772, -0.60137], [2.5686, -1.22769, -2.62462, 0.50814, -2.50525, -0.38125, -0.75462], [2.5767, -1.20138, -2.70383, 0.4848, -2.57233, -0.29401, -0.7998], [2.52972, -1.13061, -2.61005, 0.86451, -2.53061, 0.00266, -0.80781], [2.48274, -1.05985, -2.51627, 1.24421, -2.4889, 0.29932, -0.81582], [2.43575, -0.98909, -2.42249, 1.62392, -2.44718, 0.59598, -0.82383], [2.39727, -0.93114, -2.34568, 1.93491, -2.41302, 0.83896, -0.8304], [2.33742, -0.81349, -2.37575, 2.13096, -2.16164, 0.60241, -1.10259], [2.27756, -0.69583, -2.40583, 2.327, -1.91026, 0.36586, -1.37479], [2.21771, -0.57818, -2.4359, 2.52305, -1.65888, 0.12932, -1.64699], [2.20966, -0.56237, -2.43994, 2.5494, -1.62509, 0.09752, -1.68358], [2.31958, -0.33119, -2.45667, 2.59512, -1.66435, -0.30941, -1.56123], [2.4295, -0.10002, -2.47339, 2.64084, -1.70362, -0.71635, -1.43888], [2.53707, 0.12621, -2.48975, 2.68557, -1.74204, -1.11459, -1.31915], [2.41578, 0.35748, -2.24728, 2.61282, -1.65764, -1.17128, -0.99146], [2.29448, 0.58875, -2.0048, 2.54007, -1.57323, -1.22796, -0.66378], [2.17319, 0.82003, -1.76233, 2.46732, -1.48882, -1.28465, -0.3361], [2.13357, 0.89556, -1.68313, 2.44355, -1.46125, -1.30317, -0.22907], [1.94426, 0.85706, -1.78489, 2.20245, -1.11013, -1.21164, -0.11715], [1.75496, 0.81855, -1.88664, 1.96134, -0.759, -1.1201, -0.00523], [1.56565, 0.78004, -1.9884, 1.72023, -0.40788, -1.02857, 0.10668], [1.38164, 0.74261, -2.08731, 1.48586, -0.06658, -0.9396, 0.21547], [1.23946, 0.79113, -1.89215, 1.29369, 0.30803, -1.03677, 0.16405], [1.09729, 0.83966, -1.69698, 1.10152, 0.68263, -1.13394, 0.11263]]
end: [0.99021000000000003, 0.87621000000000004, -1.55, 0.95679999999999998, 0.96475, -1.20712, 0.073910000000000003]
obtacles: [[[0.6, 0.5, -1.0], [0.9, 0.6, 1.0]], [[0.6, -0.6, -1.0], [0.9, -0.5, 1.0]], [[0.6, -0.6, 0.9], [0.9, 0.6, 1.0]], [[0.6, -0.6, -1.0], [0.9, 0.6, -0.9]], [[0.6, -0.6, 0.4], [0.9, 0.6, 0.5]], [[0.6, -0.6, -0.5], [0.9, 0.6, -0.4]], [[0.6, -0.1, 0.5], [0.9, 0.0, 1.0]], [[0.6, -0.1, -0.5], [0.9, 0.0, 0.5]], [[0.6, -0.2, -1.0], [0.9, -0.1, -0.4]]]
start: [1.0407, 1.61351, -1.6000000000000001, 1.56271, -1.52783, 1.5419700000000001, -2.6208300000000002]
tajectories: [[1.0407, 1.61351, -1.6, 1.56271, -1.52783, 1.54197, -2.62083], [1.11273, 1.49444, -1.32429, 1.69305, -1.54753, 1.17323, -2.58508], [1.18476, 1.37537, -1.04859, 1.82339, -1.56723, 0.8045, -2.54934], [1.25679, 1.2563, -0.77288, 1.95373, -1.58693, 0.43576, -2.51359], [1.32882, 1.13723, -0.49717, 2.08408, -1.60662, 0.06703, -2.47784], [1.40085, 1.01816, -0.22147, 2.21442, -1.62632, -0.30171, -2.4421], [1.47288, 0.89909, 0.05424, 2.34476, -1.64602, -0.67044, -2.40635], [1.51738, 0.82553, 0.22456, 2.42528, -1.65819, -0.89823, -2.38427], [1.53085, 0.90557, -0.02462, 2.14233, -1.51955, -0.61267, -2.40654], [1.54432, 0.9856, -0.2738, 1.85937, -1.38092, -0.32711, -2.42881], [1.55779, 1.06564, -0.52298, 1.57642, -1.24228, -0.04155, -2.45109], [1.57126, 1.14568, -0.77216, 1.29347, -1.10364, 0.24401, -2.47336], [1.58473, 1.22571, -1.02134, 1.01052, -0.96501, 0.52957, -2.49563], [1.5982, 1.30575, -1.27052, 0.72757, -0.82637, 0.81513, -2.5179], [1.60286, 1.33343, -1.3567, 0.62971, -0.77843, 0.91389, -2.52561], [1.57558, 1.18412, -1.50046, 0.79368, -0.50918, 0.96809, -2.20316], [1.5483, 1.0348, -1.64422, 0.95765, -0.23993, 1.0223, -1.88071], [1.52102, 0.88549, -1.78799, 1.12163, 0.02932, 1.0765, -1.55826], [1.49374, 0.73617, -1.93175, 1.2856, 0.29857, 1.13071, -1.23581], [1.46647, 0.58685, -2.07551, 1.44957, 0.56782, 1.18491, -0.91336], [1.43919, 0.43754, -2.21928, 1.61354, 0.83707, 1.23912, -0.59091], [1.41191, 0.28822, -2.36304, 1.77751, 1.10632, 1.29332, -0.26846], [1.40382, 0.24392, -2.40569, 1.82616, 1.1862, 1.3094, -0.1728], [1.50925, 0.09567, -2.29938, 1.70001, 0.89861, 0.98277, -0.15562], [1.61469, -0.05259, -2.19308, 1.57387, 0.61102, 0.65614, -0.13845], [1.72012, -0.20084, -2.08677, 1.44773, 0.32343, 0.32951, -0.12127], [1.82556, -0.3491, -1.98046, 1.32159, 0.03584, 0.00288, -0.1041], [1.93099, -0.49736, -1.87416, 1.19544, -0.25175, -0.32375, -0.08692], [2.03643, -0.64561, -1.76785, 1.0693, -0.53934, -0.65038, -0.06975], [2.14186, -0.79387, -1.66154, 0.94316, -0.82694, -0.97701, -0.05257]]
end: [2.2029000000000001, -0.87970000000000004, -1.6000000000000001, 0.87012999999999996, -0.99343000000000004, -1.1660999999999999, -0.042630000000000001]
obtacles: [[[0.6, 0.5, -1.0], [0.9, 0.6, 1.0]], [[0.6, -0.6, -1.0], [0.9, -0.5, 1.0]], [[0.6, -0.6, 0.9], [0.9, 0.6, 1.0]], [[0.6, -0.6, -1.0], [0.9, 0.6, -0.9]], [[0.6, -0.6, 0.4], [0.9, 0.6, 0.5]], [[0.6, -0.6, -0.5], [0.9, 0.6, -0.4]], [[0.6, -0.1, 0.5], [0.9, 0.0, 1.0]], [[0.6, -0.1, -0.5], [0.9, 0.0, 0.5]], [[0.6, -0.2, -1.0], [0.9, -0.1, -0.4]]]
start: [0.84506999999999999, 1.63897, -1.6000000000000001, 1.8466499999999999, -1.5130999999999999, 1.5242, -2.14236]
tajectories: [[0.84507, 1.63897, -1.6, 1.84665, -1.5131, 1.5242, -2.14236], [0.90253, 1.28959, -1.29933, 2.00684, -1.55084, 1.43972, -2.13883], [0.95999, 0.94022, -0.99866, 2.16703, -1.58859, 1.35525, -2.1353], [1.01745, 0.59084, -0.698, 2.32722, -1.62634, 1.27077, -2.13177], [1.07491, 0.24147, -0.39733, 2.48741, -1.66408, 1.1863, -2.12825], [1.13237, -0.10791, -0.09666, 2.6476, -1.70183, 1.10182, -2.12472], [1.18983, -0.45728, 0.20401, 2.8078, -1.73958, 1.01735, -2.12119], [1.21528, -0.612, 0.33715, 2.87873, -1.75629, 0.97994, -2.11963], [1.05471, -0.73673, 0.20581, 2.7708, -1.98486, 0.98021, -1.76253], [0.89414, -0.86146, 0.07447, 2.66286, -2.21342, 0.98048, -1.40544], [0.73358, -0.98619, -0.05687, 2.55492, -2.44199, 0.98075, -1.04834], [0.57301, -1.11092, -0.18821, 2.44698, -2.67055, 0.98103, -0.69125], [0.41244, -1.23564, -0.31955, 2.33905, -2.89912, 0.9813, -0.33415], [0.25187, -1.36037, -0.45089, 2.23111, -3.12769, 0.98157, 0.02295], [0.16303, -1.42939, -0.52356, 2.17139, -3.25415, 0.98172, 0.22052], [0.48034, -1.47321, -0.82908, 2.24167, -3.12599, 0.81473, 0.28983], [0.79765, -1.51703, -1.1346, 2.31195, -2.99783, 0.64773, 0.35913], [1.11496, -1.56085, -1.44012, 2.38223, -2.86968, 0.48074, 0.42843], [1.43227, -1.60467, -1.74564, 2.45252, -2.74152, 0.31375, 0.49773], [1.48452, -1.61188, -1.79595, 2.46409, -2.72041, 0.28625, 0.50914], [1.60841, -1.67644, -1.72841, 2.23625, -2.57209, -0.07438, 0.36095], [1.73229, -1.74099, -1.66087, 2.00842, -2.42376, -0.43501, 0.21276], [1.85618, -1.80555, -1.59333, 1.78058, -2.27543, -0.79563, 0.06457], [1.98007, -1.87011, -1.52578, 1.55274, -2.1271, -1.15626, -0.08362], [2.10395, -1.93466, -1.45824, 1.3249, -1.97878, -1.51689, -0.23181]]
end: [2.1190699999999998, -1.9425399999999999, -1.45, 1.29711, -1.96068, -1.56088, -0.24989]
obtacles: [[[0.6, 0.5, -1.0], [0.9, 0.6, 1.0]], [[0.6, -0.6, -1.0], [0.9, -0.5, 1.0]], [[0.6, -0.6, 0.9], [0.9, 0.6, 1.0]], [[0.6, -0.6, -1.0], [0.9, 0.6, -0.9]], [[0.6, -0.6, 0.4], [0.9, 0.6, 0.5]], [[0.6, -0.6, -0.5], [0.9, 0.6, -0.4]], [[0.6, -0.1, 0.5], [0.9, 0.0, 1.0]], [[0.6, -0.1, -0.5], [0.9, 0.0, 0.5]], [[0.6, -0.2, -1.0], [0.9, -0.1, -0.4]]]
start: [2.2537600000000002, -1.79552, -1.55, 1.5953900000000001, -1.7950200000000001, -1.54505, -0.70230999999999999]
tajectories: [[2.25376, -1.79552, -1.55, 1.59539, -1.79502, -1.54505, -0.70231], [2.03763, -1.69431, -1.49038, 1.72434, -1.6844, -1.45797, -0.3111], [1.82151, -1.5931, -1.43076, 1.85329, -1.57379, -1.3709, 0.08012], [1.60539, -1.49189, -1.37115, 1.98224, -1.46317, -1.28383, 0.47133], [1.38927, -1.39067, -1.31153, 2.11119, -1.35255, -1.19675, 0.86254], [1.17315, -1.28946, -1.25191, 2.24014, -1.24193, -1.10968, 1.25375], [0.95703, -1.18825, -1.19229, 2.36909, -1.13132, -1.0226, 1.64496], [0.90505, -1.16391, -1.17795, 2.4001, -1.10471, -1.00166, 1.73905], [0.99031, -0.9356, -1.26558, 2.05393, -1.06784, -0.85043, 1.93619], [1.07558, -0.7073, -1.35321, 1.70775, -1.03096, -0.69921, 2.13332], [1.16085, -0.47899, -1.44084, 1.36158, -0.99408, -0.54798, 2.33045], [1.24612, -0.25069, -1.52846, 1.0154, -0.9572, -0.39675, 2.52758], [1.33138, -0.02238, -1.61609, 0.66923, -0.92032, -0.24553, 2.72471], [1.35881, 0.05105, -1.64428, 0.55789, -0.90846, -0.19689, 2.78811], [1.10663, 0.19596, -1.69239, 0.4749, -0.72224, -0.54374, 2.8231], [0.85445, 0.34088, -1.74051, 0.39192, -0.53603, -0.89058, 2.85808], [0.60227, 0.48579, -1.78863, 0.30894, -0.34981, -1.23743, 2.89306], [0.46595, 0.56413, -1.81464, 0.26409, -0.24914, -1.42493, 2.91197], [0.53401, 0.60916, -1.77468, 0.33968, -0.05683, -1.37501, 2.46863], [0.60206, 0.6542, -1.73471, 0.41526, 0.13548, -1.32509, 2.02528], [0.67011, 0.69924, -1.69475, 0.49085, 0.32779, -1.27517, 1.58194], [0.73817, 0.74428, -1.65478, 0.56644, 0.5201, -1.22525, 1.1386], [0.80622, 0.78932, -1.61482, 0.64203, 0.71242, -1.17534, 0.69525], [0.87428, 0.83436, -1.57485, 0.71762, 0.90473, -1.12542, 0.25191]]
end: [0.91659000000000002, 0.86236000000000002, -1.55, 0.76463000000000003, 1.0243100000000001, -1.0943799999999999, -0.023769999999999999]
obtacles: [[[0.6, 0.5, -1.0], [0.9, 0.6, 1.0]], [[0.6, -0.6, -1.0], [0.9, -0.5, 1.0]], [[0.6, -0.6, 0.9], [0.9, 0.6, 1.0]], [[0.6, -0.6, -1.0], [0.9, 0.6, -0.9]], [[0.6, -0.6, 0.4], [0.9, 0.6, 0.5]], [[0.6, -0.6, -0.5], [0.9, 0.6, -0.4]], [[0.6, -0.1, 0.5], [0.9, 0.0, 1.0]], [[0.6, -0.1, -0.5], [0.9, 0.0, 0.5]], [[0.6, -0.2, -1.0], [0.9, -0.1, -0.4]]]
start: [2.4653900000000002, -1.8035699999999999, -1.3999999999999999, 0.9748, -1.8585, -1.56341, -0.27750999999999998]
tajectories: [[2.46539, -1.80357, -1.4, 0.9748, -1.8585, -1.56341, -0.27751], [2.30458, -1.8148, -1.42726, 1.24118, -1.68406, -1.33787, -0.01102], [2.14376, -1.82603, -1.45452, 1.50756, -1.50962, -1.11232, 0.25546], [1.98295, -1.83726, -1.48178, 1.77394, -1.33518, -0.88678, 0.52195], [1.82214, -1.8485, -1.50904, 2.04032, -1.16075, -0.66124, 0.78843], [1.7664, -1.85239, -1.51849, 2.13266, -1.10028, -0.58306, 0.8808], [1.75875, -1.67938, -1.29872, 2.19493, -1.01551, -0.26708, 0.63421], [1.7511, -1.50637, -1.07895, 2.2572, -0.93075, 0.04889, 0.38762], [1.74345, -1.33336, -0.85917, 2.31948, -0.84598, 0.36486, 0.14103], [1.73581, -1.16035, -0.6394, 2.38175, -0.76121, 0.68084, -0.10556], [1.72816, -0.98734, -0.41963, 2.44403, -0.67644, 0.99681, -0.35215], [1.7209, -0.82317, -0.21109, 2.50312, -0.59601, 1.29664, -0.58614], [1.80027, -0.60933, -0.56092, 2.46559, -0.77637, 1.26206, -0.78727], [1.87964, -0.39548, -0.91075, 2.42806, -0.95673, 1.22749, -0.9884], [1.95901, -0.18163, -1.26058, 2.39054, -1.1371, 1.19291, -1.18954], [2.03839, 0.03221, -1.61041, 2.35301, -1.31746, 1.15834, -1.39067], [2.11776, 0.24606, -1.96024, 2.31548, -1.49782, 1.12376, -1.5918], [2.19713, 0.45991, -2.31007, 2.27795, -1.67818, 1.08918, -1.79293], [2.21728, 0.51421, -2.3989, 2.26842, -1.72398, 1.0804, -1.844], [1.95075, 0.57561, -2.19274, 2.02286, -1.84698, 1.13656, -2.0766], [1.68421, 0.63701, -1.98658, 1.7773, -1.96997, 1.19272, -2.3092], [1.41768, 0.69841, -1.78041, 1.53174, -2.09297, 1.24888, -2.5418], [1.15114, 0.75982, -1.57425, 1.28617, -2.21596, 1.30504, -2.7744]]
end: [0.92586000000000002, 0.81171000000000004, -1.3999999999999999, 1.0786199999999999, -2.3199200000000002, 1.3525, -2.9710000000000001]
obtacles: [[[0.6, 0.5, -1.0], [0.9, 0.6, 1.0]], [[0.6, -0.6, -1.0], [0.9, -0.5, 1.0]], [[0.6, -0.6, 0.9], [0.9, 0.6, 1.0]], [[0.6, -0.6, -1.0], [0.9, 0.6, -0.9]], [[0.6, -0.6, 0.4], [0.9, 0.6, 0.5]], [[0.6, -0.6, -0.5], [0.9, 0.6, -0.4]], [[0.6, -0.1, 0.5], [0.9, 0.0, 1.0]], [[0.6, -0.1, -0.5], [0.9, 0.0, 0.5]], [[0.6, -0.2, -1.0], [0.9, -0.1, -0.4]]]
start: [0.59458999999999995, 1.9391499999999999, -1.75, 1.16425, -1.1630799999999999, 1.5604499999999999, -2.6075400000000002]
tajectories: [[0.59459, 1.93915, -1.75, 1.16425, -1.16308, 1.56045, -2.60754], [0.67387, 1.93477, -1.52613, 1.17047, -0.89707, 1.54723, -2.25739], [0.75315, 1.9304, -1.30225, 1.17669, -0.63106, 1.53401, -1.90725], [0.83243, 1.92602, -1.07838, 1.1829, -0.36505, 1.5208, -1.5571], [0.91171, 1.92164, -0.85451, 1.18912, -0.09904, 1.50758, -1.20696], [0.99099, 1.91726, -0.63063, 1.19533, 0.16697, 1.49436, -0.85681], [1.07027, 1.91288, -0.40676, 1.20155, 0.43298, 1.48114, -0.50667], [1.14955, 1.9085, -0.18288, 1.20776, 0.69899, 1.46793, -0.15652], [1.16071, 1.90788, -0.15134, 1.20864, 0.73646, 1.46606, -0.10719], [1.22679, 1.61123, -0.12185, 1.03371, 0.43971, 1.34354, -0.25913], [1.29287, 1.31457, -0.09235, 0.85878, 0.14295, 1.22101, -0.41106], [1.35895, 1.01791, -0.06285, 0.68385, -0.1538, 1.09849, -0.56299], [1.42503, 0.72126, -0.03336, 0.50892, -0.45055, 0.97597, -0.71493], [1.49111, 0.4246, -0.00386, 0.334, -0.74731, 0.85344, -0.86686], [1.55719, 0.12795, 0.02564, 0.15907, -1.04406, 0.73092, -1.0188], [1.61361, -0.12537, 0.05082, 0.0097, -1.29746, 0.62629, -1.14853], [1.19494, -0.27811, -0.13593, -0.03972, -1.39619, 0.56762, -1.17813], [0.77628, -0.43086, -0.32268, -0.08914, -1.49492, 0.50894, -1.20772], [0.35761, -0.5836, -0.50944, -0.13856, -1.59365, 0.45027, -1.23732], [-0.06106, -0.73635, -0.69619, -0.18798, -1.69238, 0.39159, -1.26692], [-0.47973, -0.88909, -0.88294, -0.23739, -1.79111, 0.33292, -1.29651], [-0.87124, -1.03193, -1.05758, -0.28361, -1.88344, 0.27805, -1.32419], [-0.95982, -0.62923, -0.89656, -0.33038, -1.80222, 0.47415, -1.40679], [-1.04839, -0.22654, -0.73554, -0.37716, -1.72101, 0.67025, -1.48939], [-1.13697, 0.17616, -0.57452, -0.42393, -1.63979, 0.86635, -1.57199], [-1.22554, 0.57886, -0.4135, -0.47071, -1.55858, 1.06245, -1.65458], [-1.31412, 0.98156, -0.25248, -0.51748, -1.47736, 1.25855, -1.73718], [-1.32852, 1.04704, -0.2263, -0.52509, -1.46415, 1.29044, -1.75062], [-1.14698, 1.01176, -0.58667, -0.46137, -1.40347, 1.21394, -2.01956], [-0.96543, 0.97647, -0.94705, -0.39765, -1.34278, 1.13744, -2.28851], [-0.78389, 0.94119, -1.30742, -0.33393, -1.28209, 1.06094, -2.55746], [-0.60235, 0.9059, -1.6678, -0.27021, -1.2214, 0.98444, -2.8264]]
end: [-0.56093999999999999, 0.89785999999999999, -1.75, -0.25567000000000001, -1.2075499999999999, 0.96699000000000002, -2.88775]
obtacles: [[[0.6, 0.5, -1.0], [0.9, 0.6, 1.0]], [[0.6, -0.6, -1.0], [0.9, -0.5, 1.0]], [[0.6, -0.6, 0.9], [0.9, 0.6, 1.0]], [[0.6, -0.6, -1.0], [0.9, 0.6, -0.9]], [[0.6, -0.6, 0.4], [0.9, 0.6, 0.5]], [[0.6, -0.6, -0.5], [0.9, 0.6, -0.4]], [[0.6, -0.1, 0.5], [0.9, 0.0, 1.0]], [[0.6, -0.1, -0.5], [0.9, 0.0, 0.5]], [[0.6, -0.2, -1.0], [0.9, -0.1, -0.4]]]
start: [0.60846, 1.516, -1.55, 0.81933, -4.7666300000000001, -1.54857, 0.2109]
tajectories: [[0.60846, 1.516, -1.55, 0.81933, -4.76663, -1.54857, 0.2109], [0.60575, 1.45998, -1.16437, 1.05764, -4.61746, -1.46366, 0.10185], [0.60304, 1.40396, -0.77874, 1.29595, -4.4683, -1.37874, -0.00721], [0.60033, 1.34794, -0.39312, 1.53426, -4.31913, -1.29383, -0.11627], [0.59762, 1.29192, -0.00749, 1.77257, -4.16997, -1.20892, -0.22533], [0.59491, 1.2359, 0.37814, 2.01088, -4.02081, -1.124, -0.33439], [0.5922, 1.17988, 0.76377, 2.2492, -3.87164, -1.03909, -0.44345], [0.58949, 1.12386, 1.14939, 2.48751, -3.72248, -0.95417, -0.55251], [0.58678, 1.06784, 1.53502, 2.72582, -3.57332, -0.86926, -0.66156], [0.58592, 1.05, 1.65785, 2.80172, -3.5258, -0.84221, -0.6963], [0.59354, 0.72948, 1.51524, 2.58003, -3.66644, -0.71779, -0.90238], [0.60117, 0.40897, 1.37262, 2.35833, -3.80707, -0.59337, -1.10846], [0.60879, 0.08846, 1.23, 2.13664, -3.9477, -0.46896, -1.31454], [0.61641, -0.23205, 1.08739, 1.91494, -4.08834, -0.34454, -1.52061], [0.62403, -0.55256, 0.94477, 1.69325, -4.22897, -0.22012, -1.72669], [0.62957, -0.78541, 0.84116, 1.53219, -4.33114, -0.12973, -1.8764], [0.85923, -0.80413, 0.48388, 1.40216, -4.31128, 0.04437, -2.02351], [1.08888, -0.82286, 0.12659, 1.27213, -4.29143, 0.21848, -2.17062], [1.31854, -0.84158, -0.23069, 1.1421, -4.27157, 0.39258, -2.31773], [1.54819, -0.8603, -0.58798, 1.01207, -4.25172, 0.56668, -2.46484], [1.77785, -0.87903, -0.94526, 0.88204, -4.23186, 0.74078, -2.61195], [2.00751, -0.89775, -1.30255, 0.75202, -4.21201, 0.91489, -2.75906], [2.23716, -0.91647, -1.65984, 0.62199, -4.19215, 1.08899, -2.90617]]
end: [2.2951199999999998, -0.92120000000000002, -1.75, 0.58916999999999997, -4.1871400000000003, 1.1329199999999999, -2.9432900000000002]
obtacles: [[[0.6, 0.5, -1.0], [0.9, 0.6, 1.0]], [[0.6, -0.6, -1.0], [0.9, -0.5, 1.0]], [[0.6, -0.6, 0.9], [0.9, 0.6, 1.0]], [[0.6, -0.6, -1.0], [0.9, 0.6, -0.9]], [[0.6, -0.6, 0.4], [0.9, 0.6, 0.5]], [[0.6, -0.6, -0.5], [0.9, 0.6, -0.4]], [[0.6, -0.1, 0.5], [0.9, 0.0, 1.0]], [[0.6, -0.1, -0.5], [0.9, 0.0, 0.5]], [[0.6, -0.2, -1.0], [0.9, -0.1, -0.4]]]
start: [0.51088999999999996, 1.5364199999999999, -1.2, -0.099299999999999999, -1.9367399999999999, 1.5006299999999999, 2.5379399999999999]
tajectories: [[0.51089, 1.53642, -1.2, -0.0993, -1.93674, 1.50063, 2.53794], [0.58958, 1.57013, -1.19092, 0.29827, -1.74286, 1.50392, 2.32133], [0.66827, 1.60384, -1.18184, 0.69585, -1.54898, 1.5072, 2.10471], [0.74696, 1.63755, -1.17276, 1.09343, -1.3551, 1.51048, 1.8881], [0.82565, 1.67126, -1.16367, 1.491, -1.16122, 1.51376, 1.67149], [0.90435, 1.70497, -1.15459, 1.88858, -0.96734, 1.51705, 1.45487], [0.94449, 1.72216, -1.14996, 2.0914, -0.86844, 1.51872, 1.34437], [1.18768, 1.55216, -1.15893, 2.18424, -1.07475, 1.35955, 1.05221], [1.43086, 1.38216, -1.16789, 2.27709, -1.28106, 1.20037, 0.76005], [1.67405, 1.21216, -1.17686, 2.36994, -1.48736, 1.0412, 0.46788], [1.91724, 1.04216, -1.18582, 2.46279, -1.69367, 0.88202, 0.17572], [1.99326, 0.98902, -1.18863, 2.49181, -1.75816, 0.83226, 0.0844], [1.87451, 0.59521, -1.26514, 2.46042, -1.53534, 0.69167, 0.15187], [1.75576, 0.20139, -1.34165, 2.42904, -1.31252, 0.55107, 0.21934], [1.63701, -0.19242, -1.41817, 2.39765, -1.0897, 0.41047, 0.28681], [1.51827, -0.58624, -1.49468, 2.36627, -0.86687, 0.26987, 0.35428], [1.45914, -0.78232, -1.53278, 2.35064, -0.75593, 0.19987, 0.38787], [1.58509, -0.99236, -1.46275, 2.2134, -0.96426, -0.09117, 0.19248], [1.71103, -1.2024, -1.39272, 2.07616, -1.17259, -0.38221, -0.0029], [1.83697, -1.41245, -1.32269, 1.93891, -1.38091, -0.67325, -0.19829], [1.96292, -1.62249, -1.25266, 1.80167, -1.58924, -0.96429, -0.39368]]
end: [2.05762, -1.7804199999999999, -1.2, 1.69848, -1.7458800000000001, -1.1831199999999999, -0.54059000000000001]
obtacles: [[[0.6, 0.5, -1.0], [0.9, 0.6, 1.0]], [[0.6, -0.6, -1.0], [0.9, -0.5, 1.0]], [[0.6, -0.6, 0.9], [0.9, 0.6, 1.0]], [[0.6, -0.6, -1.0], [0.9, 0.6, -0.9]], [[0.6, -0.6, 0.4], [0.9, 0.6, 0.5]], [[0.6, -0.6, -0.5], [0.9, 0.6, -0.4]], [[0.6, -0.1, 0.5], [0.9, 0.0, 1.0]], [[0.6, -0.1, -0.5], [0.9, 0.0, 0.5]], [[0.6, -0.2, -1.0], [0.9, -0.1, -0.4]]]
start: [1.0501100000000001, 1.4780899999999999, -1.6000000000000001, 1.5944199999999999, -1.6641999999999999, 1.5439099999999999, -2.5946799999999999]
tajectories: [[1.05011, 1.47809, -1.6, 1.59442, -1.6642, 1.54391, -2.59468], [0.94995, 1.43695, -1.35068, 1.65615, -1.98045, 1.27829, -2.63631], [0.84979, 1.39581, -1.10136, 1.71788, -2.2967, 1.01267, -2.67795], [0.74962, 1.35467, -0.85204, 1.77962, -2.61296, 0.74706, -2.71959], [0.64946, 1.31353, -0.60272, 1.84135, -2.92921, 0.48144, -2.76122], [0.5493, 1.27239, -0.3534, 1.90308, -3.24546, 0.21582, -2.80286], [0.44914, 1.23125, -0.10408, 1.96481, -3.56172, -0.0498, -2.8445], [0.34897, 1.19011, 0.14524, 2.02655, -3.87797, -0.31542, -2.88614], [0.292, 1.1667, 0.28707, 2.06166, -4.05787, -0.46652, -2.90982], [0.60688, 0.99406, 0.11227, 2.09616, -4.07346, -0.47554, -2.61154], [0.92176, 0.82142, -0.06253, 2.13065, -4.08906, -0.48457, -2.31325], [1.23665, 0.64878, -0.23733, 2.16514, -4.10465, -0.49359, -2.01497], [1.55153, 0.47614, -0.41214, 2.19964, -4.12025, -0.50261, -1.71669], [1.86642, 0.3035, -0.58694, 2.23413, -4.13584, -0.51164, -1.4184], [2.1813, 0.13086, -0.76174, 2.26863, -4.15144, -0.52066, -1.12012], [2.49618, -0.04178, -0.93654, 2.30312, -4.16703, -0.52968, -0.82183], [2.50446, -0.04632, -0.94113, 2.30403, -4.16744, -0.52992, -0.81399], [2.07228, -0.00797, -1.15829, 2.25452, -4.14998, -0.42648, -0.78024], [1.6401, 0.03039, -1.37544, 2.20501, -4.13253, -0.32305, -0.7465], [1.20792, 0.06875, -1.59259, 2.1555, -4.11507, -0.21961, -0.71275], [0.77574, 0.1071, -1.80974, 2.106, -4.09761, -0.11617, -0.679], [0.64085, 0.11907, -1.87752, 2.09054, -4.09216, -0.08389, -0.66847], [0.50233, 0.22587, -1.83927, 1.85839, -3.78364, 0.05816, -0.8891], [0.36382, 0.33267, -1.80101, 1.62623, -3.47511, 0.20022, -1.10973], [0.2253, 0.43947, -1.76276, 1.39407, -3.16658, 0.34227, -1.33036], [0.08678, 0.54627, -1.7245, 1.16191, -2.85805, 0.48432, -1.55099], [-0.05173, 0.65306, -1.68625, 0.92976, -2.54952, 0.62637, -1.77163], [-0.19025, 0.75986, -1.648, 0.6976, -2.24099, 0.76842, -1.99226], [-0.32876, 0.86666, -1.60974, 0.46544, -1.93247, 0.91048, -2.21289]]
end: [-0.36403999999999997, 0.89385999999999999, -1.6000000000000001, 0.40632000000000001, -1.8539000000000001, 0.94664999999999999, -2.2690700000000001]
obtacles: [[[0.6, 0.5, -1.0], [0.9, 0.6, 1.0]], [[0.6, -0.6, -1.0], [0.9, -0.5, 1.0]], [[0.6, -0.6, 0.9], [0.9, 0.6, 1.0]], [[0.6, -0.6, -1.0], [0.9, 0.6, -0.9]], [[0.6, -0.6, 0.4], [0.9, 0.6, 0.5]], [[0.6, -0.6, -0.5], [0.9, 0.6, -0.4]], [[0.6, -0.1, 0.5], [0.9, 0.0, 1.0]], [[0.6, -0.1, -0.5], [0.9, 0.0, 0.5]], [[0.6, -0.2, -1.0], [0.9, -0.1, -0.4]]]
start: [0.81281999999999999, 1.94594, -1.6000000000000001, 1.70608, -1.2020500000000001, 1.49438, -2.2681300000000002]
tajectories: [[0.81282, 1.94594, -1.6, 1.70608, -1.20205, 1.49438, -2.26813], [1.04508, 1.79006, -1.45462, 1.90364, -1.45523, 1.27727, -2.24926], [1.27734, 1.63418, -1.30925, 2.1012, -1.7084, 1.06015, -2.23039], [1.5096, 1.47831, -1.16387, 2.29875, -1.96158, 0.84303, -2.21152], [1.74186, 1.32243, -1.01849, 2.49631, -2.21475, 0.62592, -2.19265], [1.86062, 1.24272, -0.94416, 2.59734, -2.34422, 0.51489, -2.183], [1.6216, 1.1067, -0.95971, 2.61036, -2.36796, 0.32261, -1.81366], [1.38257, 0.97069, -0.97527, 2.62339, -2.39171, 0.13033, -1.44431], [1.14354, 0.83467, -0.99082, 2.63642, -2.41546, -0.06196, -1.07497], [0.90451, 0.69865, -1.00638, 2.64944, -2.43921, -0.25424, -0.70562], [0.66548, 0.56263, -1.02193, 2.66247, -2.46295, -0.44652, -0.33627], [0.63285, 0.54407, -1.02405, 2.66425, -2.46619, -0.47277, -0.28585], [0.44982, 0.51319, -1.35609, 2.54221, -2.68797, -0.30097, -0.39403], [0.26679, 0.48232, -1.68813, 2.42018, -2.90975, -0.12917, -0.5022], [0.08376, 0.45145, -2.02017, 2.29814, -3.13153, 0.04264, -0.61038], [-0.09927, 0.42058, -2.35221, 2.17611, -3.35331, 0.21444, -0.71855], [-0.2823, 0.3897, -2.68425, 2.05407, -3.57509, 0.38624, -0.82673], [-0.28808, 0.38873, -2.69473, 2.05022, -3.58209, 0.39167, -0.83014], [-0.23156, 0.46151, -2.48153, 1.82324, -3.32084, 0.52519, -1.07192], [-0.17504, 0.53429, -2.26833, 1.59626, -3.05959, 0.65871, -1.3137], [-0.11852, 0.60706, -2.05514, 1.36929, -2.79834, 0.79224, -1.55547], [-0.06201, 0.67984, -1.84194, 1.14231, -2.53709, 0.92576, -1.79725], [-0.00549, 0.75262, -1.62874, 0.91533, -2.27584, 1.05929, -2.03903]]
end: [0.0021299999999999999, 0.76243000000000005, -1.6000000000000001, 0.88473000000000002, -2.2406199999999998, 1.07728, -2.0716199999999998]
obtacles: [[[0.6, 0.5, -1.0], [0.9, 0.6, 1.0]], [[0.6, -0.6, -1.0], [0.9, -0.5, 1.0]], [[0.6, -0.6, 0.9], [0.9, 0.6, 1.0]], [[0.6, -0.6, -1.0], [0.9, 0.6, -0.9]], [[0.6, -0.6, 0.4], [0.9, 0.6, 0.5]], [[0.6, -0.6, -0.5], [0.9, 0.6, -0.4]], [[0.6, -0.1, 0.5], [0.9, 0.0, 1.0]], [[0.6, -0.1, -0.5], [0.9, 0.0, 0.5]], [[0.6, -0.2, -1.0], [0.9, -0.1, -0.4]]]
start: [2.2204799999999998, -1.88053, -1.55, 1.5614300000000001, -1.8807499999999999, -1.55385, -0.63441999999999998]
tajectories: [[2.22048, -1.88053, -1.55, 1.56143, -1.88075, -1.55385, -0.63442], [1.9501, -1.60481, -1.60454, 1.78917, -1.66949, -1.53612, -0.60142], [1.67972, -1.3291, -1.65907, 2.0169, -1.45822, -1.5184, -0.56842], [1.40933, -1.05338, -1.71361, 2.24464, -1.24696, -1.50068, -0.53542], [1.13895, -0.77767, -1.76815, 2.47238, -1.03569, -1.48296, -0.50243], [0.86857, -0.50195, -1.82268, 2.70012, -0.82443, -1.46523, -0.46943], [0.59818, -0.22624, -1.87722, 2.92785, -0.61317, -1.44751, -0.43643], [0.53866, -0.16554, -1.88922, 2.97799, -0.56666, -1.44361, -0.42916], [0.78467, -0.09707, -1.93708, 2.76238, -0.46073, -1.13377, -0.25949], [1.03069, -0.02859, -1.98494, 2.54677, -0.35479, -0.82393, -0.08982], [1.2767, 0.03989, -2.0328, 2.33116, -0.24886, -0.51409, 0.07985], [1.52272, 0.10837, -2.08066, 2.11555, -0.14293, -0.20425, 0.24952], [1.76873, 0.17685, -2.12852, 1.89995, -0.037, 0.10559, 0.41919], [1.84153, 0.19711, -2.14268, 1.83615, -0.00566, 0.19727, 0.4694], [1.61889, 0.33407, -2.02764, 1.60247, 0.21297, -0.04649, 0.38805], [1.39625, 0.47103, -1.91261, 1.36878, 0.43159, -0.29025, 0.30669], [1.17361, 0.60799, -1.79757, 1.1351, 0.65021, -0.53401, 0.22534], [0.95097, 0.74495, -1.68253, 0.90142, 0.86883, -0.77777, 0.14398], [0.72834, 0.88191, -1.56749, 0.66774, 1.08745, -1.02154, 0.06263]]
end: [0.69447999999999999, 0.90273000000000003, -1.55, 0.63221000000000005, 1.12069, -1.0586, 0.050259999999999999]
