obtacles: [[[0.6, 0.5, -1.0], [0.9, 0.6, 1.0]], [[0.6, -0.6, -1.0], [0.9, -0.5, 1.0]], [[0.6, -0.6, 0.9], [0.9, 0.6, 1.0]], [[0.6, -0.6, -1.0], [0.9, 0.6, -0.9]], [[0.6, -0.6, 0.4], [0.9, 0.6, 0.5]], [[0.6, -0.6, -0.6], [0.9, 0.6, -0.5]], [[0.6, -0.1, 0.5], [0.9, 0.0, 1.0]], [[0.6, -0.3, -0.6], [0.9, -0.2, 0.5]], [[0.6, -0.3, -1.0], [0.9, -0.2, -0.5]]]
start: [-2.4712800000000001, -1.9719, 1.05, 1.5086999999999999, -1.08847, 1.1230100000000001, -2.52332]
tajectories: [[-2.47128, -1.9719, 1.05, 1.5087, -1.08847, 1.12301, -2.52332], [-2.18432, -1.91852, 1.02985, 1.74835, -0.82703, 0.98094, -2.38757], [-1.89735, -1.86514, 1.00971, 1.988, -0.5656, 0.83886, -2.25181], [-1.61039, -1.81176, 0.98956, 2.22765, -0.30416, 0.69679, -2.11605], [-1.32343, -1.75838, 0.96941, 2.4673, -0.04272, 0.55471, -1.9803], [-1.03647, -1.705, 0.94926, 2.70696, 0.21872, 0.41263, -1.84454], [-1.01821, -1.70161, 0.94798, 2.72221, 0.23535, 0.40359, -1.8359], [-1.0177, -1.50571, 0.71965, 2.74579, 0.31767, 0.2842, -1.46455], [-1.01718, -1.30982, 0.49132, 2.76937, 0.39999, 0.1648, -1.0932], [-1.01667, -1.11393, 0.26299, 2.79295, 0.48231, 0.0454, -0.72185], [-1.01616, -0.91803, 0.03466, 2.81654, 0.56463, -0.07399, -0.35049], [-1.01592, -0.82839, -0.06983, 2.82733, 0.6023, -0.12863, -0.18055], [-0.98758, -0.59642, 0.09753, 2.5061, 0.41232, -0.28641, -0.12391], [-0.95925, -0.36446, 0.2649, 2.18488, 0.22233, -0.44418, -0.06727], [-0.93091, -0.1325, 0.43226, 1.86366, 0.03235, -0.60195, -0.01063], [-0.90257, 0.09947, 0.59963, 1.54244, -0.15764, -0.75972, 0.04601], [-0.87423, 0.33143, 0.76699, 1.22121, -0.34762, -0.9175, 0.10265], [-0.8459, 0.5634, 0.93436, 0.89999, -0.5376, -1.07527, 0.15929]]
end: [-0.82632000000000005, 0.72367999999999999, 1.05, 0.67803000000000002, -0.66888000000000003, -1.1842900000000001, 0.19843]
obtacles: [[[0.6, 0.5, -1.0], [0.9, 0.6, 1.0]], [[0.6, -0.6, -1.0], [0.9, -0.5, 1.0]], [[0.6, -0.6, 0.9], [0.9, 0.6, 1.0]], [[0.6, -0.6, -1.0], [0.9, 0.6, -0.9]], [[0.6, -0.6, 0.4], [0.9, 0.6, 0.5]], [[0.6, -0.6, -0.6], [0.9, 0.6, -0.5]], [[0.6, -0.1, 0.5], [0.9, 0.0, 1.0]], [[0.6, -0.3, -0.6], [0.9, -0.2, 0.5]], [[0.6, -0.3, -1.0], [0.9, -0.2, -0.5]]]
start: [0.90602000000000005, 1.87734, -1.6000000000000001, 1.71861, -1.2712000000000001, 1.4987600000000001, -2.3443999999999998]
tajectories: [[0.90602, 1.87734, -1.6, 1.71861, -1.2712, 1.49876, -2.3444], [0.87476, 1.66263, -1.31965, 1.83883, -1.5368, 1.35293, -2.21001], [0.8435, 1.44792, -1.0393, 1.95906, -1.80241, 1.2071, -2.07562], [0.81224, 1.23321, -0.75895, 2.07929, -2.06801, 1.06127, -1.94123], [0.78098, 1.01851, -0.4786, 2.19951, -2.33362, 0.91544, -1.80684], [0.74972, 0.8038, -0.19825, 2.31974, -2.59923, 0.76961, -1.67245], [0.71846, 0.58909, 0.0821, 2.43997, -2.86483, 0.62378, -1.53806], [0.69099, 0.40039, 0.32849, 2.54563, -3.09826, 0.49562, -1.41995], [0.45168, 0.25154, 0.40494, 2.45463, -3.23662, 0.47678, -1.04988], [0.21238, 0.10269, 0.4814, 2.36363, -3.37498, 0.45795, -0.67981], [-0.02693, -0.04615, 0.55785, 2.27263, -3.51334, 0.43911, -0.30974], [-0.26624, -0.195, 0.63431, 2.18163, -3.65169, 0.42028, 0.06033], [-0.2681, -0.19616, 0.6349, 2.18092, -3.65277, 0.42013, 0.06322], [-0.63793, -0.13028, 0.52297, 2.02315, -3.85444, 0.54065, 0.19078], [-1.00776, -0.0644, 0.41103, 1.86539, -4.05611, 0.66118, 0.31833], [-1.37758, 0.00149, 0.29909, 1.70762, -4.25778, 0.7817, 0.44589], [-1.74741, 0.06737, 0.18716, 1.54986, -4.45945, 0.90223, 0.57345], [-2.11724, 0.13325, 0.07522, 1.3921, -4.66112, 1.02275, 0.701], [-2.2039, 0.14869, 0.04899, 1.35513, -4.70838, 1.05099, 0.73089], [-2.13688, 0.16805, -0.26119, 1.10442, -4.4355, 1.05677, 0.62333], [-2.06986, 0.1874, -0.57137, 0.85372, -4.16262, 1.06255, 0.51577], [-2.00284, 0.20676, -0.88156, 0.60301, -3.88974, 1.06833, 0.40821], [-1.93582, 0.22612, -1.19174, 0.3523, -3.61686, 1.07411, 0.30066], [-1.86881, 0.24547, -1.50193, 0.10159, -3.34399, 1.0799, 0.1931], [-1.80179, 0.26483, -1.81211, -0.14911, -3.07111, 1.08568, 0.08554], [-1.75271, 0.27901, -2.03925, -0.3327, -2.87129, 1.08991, 0.00677], [-1.53155, 0.39065, -1.96331, -0.19582, -2.69811, 1.07236, -0.35904], [-1.31039, 0.50229, -1.88737, -0.05894, -2.52493, 1.0548, -0.72486], [-1.08923, 0.61393, -1.81143, 0.07793, -2.35175, 1.03725, -1.09067], [-0.86806, 0.72557, -1.73549, 0.21481, -2.17856, 1.0197, -1.45649], [-0.6469, 0.83722, -1.65955, 0.35169, -2.00538, 1.00215, -1.8223]]
end: [-0.47348000000000001, 0.92476000000000003, -1.6000000000000001, 0.45901999999999998, -1.8695900000000001, 0.98838000000000004, -2.1091500000000001]
obtacles: [[[0.6, 0.5, -1.0], [0.9, 0.6, 1.0]], [[0.6, -0.6, -1.0], [0.9, -0.5, 1.0]], [[0.6, -0.6, 0.9], [0.9, 0.6, 1.0]], [[0.6, -0.6, -1.0], [0.9, 0.6, -0.9]], [[0.6, -0.6, 0.4], [0.9, 0.6, 0.5]], [[0.6, -0.6, -0.6], [0.9, 0.6, -0.5]], [[0.6, -0.1, 0.5], [0.9, 0.0, 1.0]], [[0.6, -0.3, -0.6], [0.9, -0.2, 0.5]], [[0.6, -0.3, -1.0], [0.9, -0.2, -0.5]]]
start: [0.70296999999999998, 1.68224, -1.8, 0.49376999999999999, -1.31653, 1.5617099999999999, 2.9184000000000001]
tajectories: [[0.70297, 1.68224, -1.8, 0.49377, -1.31653, 1.56171, 2.9184], [0.65377, 1.64801, -1.3622, 0.71865, -1.35134, 1.51878, 2.88504], [0.60457, 1.61378, -0.9244, 0.94354, -1.38616, 1.47585, 2.85169], [0.55538, 1.57955, -0.4866, 1.16842, -1.42098, 1.43292, 2.81834], [0.50618, 1.54532, -0.0488, 1.3933, -1.45579, 1.38999, 2.78499], [0.45699, 1.51109, 0.389, 1.61818, -1.49061, 1.34706, 2.75164], [0.40779, 1.47686, 0.8268, 1.84306, -1.52543, 1.30413, 2.71828], [0.36358, 1.44609, 1.22025, 2.04516, -1.55672, 1.26555, 2.68831], [0.30515, 1.00863, 1.17753, 1.99042, -1.3541, 1.1703, 2.70446], [0.24672, 0.57116, 1.13481, 1.93568, -1.15149, 1.07505, 2.7206], [0.18829, 0.13369, 1.09209, 1.88094, -0.94887, 0.97981, 2.73675], [0.14367, -0.20046, 1.05947, 1.83912, -0.79411, 0.90705, 2.74908], [-0.15606, -0.16723, 0.8544, 1.72092, -0.9949, 1.00854, 2.52012], [-0.45579, -0.13399, 0.64934, 1.60273, -1.19568, 1.11003, 2.29116], [-0.75552, -0.10075, 0.44428, 1.48453, -1.39646, 1.21151, 2.06221], [-1.05525, -0.06752, 0.23922, 1.36633, -1.59725, 1.313, 1.83325], [-1.35498, -0.03428, 0.03415, 1.24813, -1.79803, 1.41448, 1.60429], [-1.41861, -0.02723, -0.00937, 1.22304, -1.84065, 1.43603, 1.55569], [-1.4265, 0.10157, -0.22294, 0.91565, -1.83821, 1.3242, 1.27154], [-1.4344, 0.23037, -0.43651, 0.60826, -1.83577, 1.21237, 0.98739], [-1.4423, 0.35916, -0.65008, 0.30088, -1.83332, 1.10054, 0.70325], [-1.4502, 0.48796, -0.86365, -0.00651, -1.83088, 0.98871, 0.4191], [-1.4581, 0.61676, -1.07722, -0.31389, -1.82844, 0.87687, 0.13495], [-1.466, 0.74556, -1.29079, -0.62128, -1.826, 0.76504, -0.14919], [-1.46633, 0.75095, -1.29973, -0.63415, -1.82589, 0.76036, -0.16109], [-1.40381, 0.47436, -1.40131, -0.5457, -1.52353, 0.86824, -0.38106], [-1.34129, 0.19776, -1.50289, -0.45725, -1.22117, 0.97613, -0.60102], [-1.27877, -0.07883, -1.60447, -0.3688, -0.91881, 1.08401, -0.82099], [-1.21625, -0.35542, -1.70605, -0.28034, -0.61645, 1.19189, -1.04095], [-1.15374, -0.63201, -1.80764, -0.19189, -0.31409, 1.29977, -1.26092], [-1.12008, -0.78091, -1.86232, -0.14428, -0.15133, 1.35785, -1.37932], [-1.05931, -0.53413, -1.53402, -0.16819, -0.01959, 1.17207, -1.2206], [-0.99854, -0.28736, -1.20572, -0.1921, 0.11214, 0.9863, -1.06188], [-0.93777, -0.04058, -0.87742, -0.21601, 0.24387, 0.80053, -0.90316], [-0.877, 0.20619, -0.54913, -0.23992, 0.3756, 0.61475, -0.74444], [-0.81623, 0.45297, -0.22083, -0.26383, 0.50734, 0.42898, -0.58572], [-0.75546, 0.69974, 0.10747, -0.28774, 0.63907, 0.2432, -0.42699], [-0.71116, 0.87966, 0.34681, -0.30517, 0.73511, 0.10776, -0.31128], [-0.60953, 0.83901, 0.24576, -0.064, 0.58349, -0.24656, -0.16597], [-0.5079, 0.79835, 0.1447, 0.17717, 0.43188, -0.60088, -0.02067], [-0.40626, 0.7577, 0.04364, 0.41833, 0.28026, -0.9552, 0.12463], [-0.30463, 0.71705, -0.05742, 0.6595, 0.12864, -1.30952, 0.26993]]
end: [-0.26180999999999999, 0.69991999999999999, -0.10000000000000001, 0.76112000000000002, 0.064759999999999998, -1.4588099999999999, 0.33116000000000001]
obtacles: [[[0.6, 0.5, -1.0], [0.9, 0.6, 1.0]], [[0.6, -0.6, -1.0], [0.9, -0.5, 1.0]], [[0.6, -0.6, 0.9], [0.9, 0.6, 1.0]], [[0.6, -0.6, -1.0], [0.9, 0.6, -0.9]], [[0.6, -0.6, 0.4], [0.9, 0.6, 0.5]], [[0.6, -0.6, -0.6], [0.9, 0.6, -0.5]], [[0.6, -0.1, 0.5], [0.9, 0.0, 1.0]], [[0.6, -0.3, -0.6], [0.9, -0.2, 0.5]], [[0.6, -0.3, -1.0], [0.9, -0.2, -0.5]]]
start: [-0.33875, 0.74621000000000004, -1.0, 0.74346000000000001, 0.64015999999999995, -1.2742100000000001, 0.97668999999999995]
tajectories: [[-0.33875, 0.74621, -1.0, 0.74346, 0.64016, -1.27421, 0.97669], [-0.37356, 0.47299, -0.82023, 1.06415, 0.59959, -1.12503, 1.09947], [-0.40837, 0.19977, -0.64045, 1.38485, 0.55902, -0.97586, 1.22225], [-0.44319, -0.07345, -0.46068, 1.70555, 0.51845, -0.82669, 1.34502], [-0.478, -0.34667, -0.28091, 2.02625, 0.47788, -0.67751, 1.4678], [-0.51281, -0.61989, -0.10114, 2.34695, 0.43731, -0.52834, 1.59058], [-0.54762, -0.89311, 0.07864, 2.66765, 0.39674, -0.37917, 1.71336], [-0.58243, -1.16633, 0.25841, 2.98834, 0.35617, -0.22999, 1.83614], [-0.58559, -1.19114, 0.27473, 3.01746, 0.35249, -0.21645, 1.84729], [-0.37043, -1.1322, 0.35088, 2.84964, 0.13416, -0.19638, 1.50348], [-0.15527, -1.07327, 0.42702, 2.68182, -0.08417, -0.17632, 1.15968], [0.05989, -1.01433, 0.50317, 2.514, -0.30249, -0.15626, 0.81587], [0.27506, -0.9554, 0.57931, 2.34618, -0.52082, -0.13619, 0.47207], [0.49022, -0.89646, 0.65546, 2.17836, -0.73914, -0.11613, 0.12827], [0.70538, -0.83753, 0.7316, 2.01054, -0.95747, -0.09607, -0.21554], [0.92054, -0.77859, 0.80775, 1.84272, -1.17579, -0.076, -0.55934], [1.0809, -0.73467, 0.8645, 1.71764, -1.33851, -0.06105, -0.81558], [0.94174, -0.34174, 0.97049, 1.78159, -1.35871, 0.18003, -0.76663], [0.80258, 0.05118, 1.07648, 1.84553, -1.37892, 0.4211, -0.71768], [0.66342, 0.44411, 1.18247, 1.90948, -1.39912, 0.66217, -0.66873], [0.52426, 0.83703, 1.28846, 1.97343, -1.41932, 0.90325, -0.61978], [0.3851, 1.22996, 1.39444, 2.03738, -1.43952, 1.14432, -0.57083], [0.24594, 1.62288, 1.50043, 2.10132, -1.45972, 1.3854, -0.52188], [0.24377, 1.62902, 1.50209, 2.10232, -1.46003, 1.38916, -0.52112], [0.28584, 1.66789, 1.07884, 2.00946, -1.42713, 1.41098, -0.7607], [0.32792, 1.70677, 0.6556, 1.91659, -1.39423, 1.4328, -1.00028], [0.37, 1.74564, 0.23235, 1.82373, -1.36133, 1.45463, -1.23986], [0.41208, 1.78452, -0.1909, 1.73087, -1.32843, 1.47645, -1.47943], [0.45416, 1.82339, -0.61414, 1.638, -1.29552, 1.49827, -1.71901], [0.49623, 1.86227, -1.03739, 1.54514, -1.26262, 1.52009, -1.95859], [0.53831, 1.90114, -1.46064, 1.45227, -1.22972, 1.54191, -2.19817]]
end: [0.55713999999999997, 1.9185300000000001, -1.6499999999999999, 1.41073, -1.2150000000000001, 1.5516799999999999, -2.3053599999999999]
obtacles: [[[0.6, 0.5, -1.0], [0.9, 0.6, 1.0]], [[0.6, -0.6, -1.0], [0.9, -0.5, 1.0]], [[0.6, -0.6, 0.9], [0.9, 0.6, 1.0]], [[0.6, -0.6, -1.0], [0.9, 0.6, -0.9]], [[0.6, -0.6, 0.4], [0.9, 0.6, 0.5]], [[0.6, -0.6, -0.6], [0.9, 0.6, -0.5]], [[0.6, -0.1, 0.5], [0.9, 0.0, 1.0]], [[0.6, -0.3, -0.6], [0.9, -0.2, 0.5]], [[0.6, -0.3, -1.0], [0.9, -0.2, -0.5]]]
start: [0.68298000000000003, 1.8278000000000001, -1.75, 1.1870000000000001, -1.26519, 1.5060800000000001, -2.67075]
tajectories: [[0.68298, 1.8278, -1.75, 1.187, -1.26519, 1.50608, -2.67075], [0.63056, 1.6097, -1.4127, 1.45444, -1.38185, 1.48782, -2.69187], [0.57815, 1.39159, -1.07541, 1.72188, -1.49852, 1.46957, -2.71299], [0.52573, 1.17349, -0.73811, 1.98932, -1.61519, 1.45131, -2.73411], [0.47332, 0.95538, -0.40082, 2.25676, -1.73186, 1.43306, -2.75523], [0.4209, 0.73728, -0.06352, 2.5242, -1.84853, 1.4148, -2.77635], [0.36849, 0.51917, 0.27378, 2.79164, -1.9652, 1.39655, -2.79746], [0.31607, 0.30107, 0.61107, 3.05907, -2.08187, 1.37829, -2.81858], [0.304, 0.25081, 0.6888, 3.1207, -2.10875, 1.37409, -2.82345], [0.38936, 0.00114, 0.58817, 2.93804, -2.13062, 1.12208, -2.55344], [0.47472, -0.24853, 0.48753, 2.75539, -2.15249, 0.87007, -2.28344], [0.56008, -0.4982, 0.3869, 2.57273, -2.17435, 0.61806, -2.01344], [0.64544, -0.74786, 0.28627, 2.39008, -2.19622, 0.36605, -1.74343], [0.7308, -0.99753, 0.18564, 2.20742, -2.21809, 0.11404, -1.47343], [0.77999, -1.14139, 0.12766, 2.10218, -2.23069, -0.03117, -1.31785], [0.45072, -1.30958, -0.03588, 1.84365, -2.10304, -0.06948, -1.36199], [0.12145, -1.47778, -0.19943, 1.58513, -1.97539, -0.10779, -1.40613], [-0.20782, -1.64597, -0.36297, 1.3266, -1.84773, -0.1461, -1.45027], [-0.53709, -1.81417, -0.52652, 1.06808, -1.72008, -0.18442, -1.49441], [-0.59262, -1.84254, -0.5541, 1.02448, -1.69855, -0.19088, -1.50185], [-0.79566, -1.5678, -0.81774, 0.87672, -1.87137, -0.20111, -1.39237], [-0.9987, -1.29306, -1.08138, 0.72897, -2.04418, -0.21134, -1.28289], [-1.20174, -1.01832, -1.34501, 0.58122, -2.217, -0.22157, -1.17341], [-1.40478, -0.74358, -1.60865, 0.43346, -2.38982, -0.2318, -1.06393], [-1.60782, -0.46884, -1.87229, 0.28571, -2.56263, -0.24204, -0.95445], [-1.81086, -0.1941, -2.13593, 0.13795, -2.73545, -0.25227, -0.84497], [-1.8868, -0.09133, -2.23454, 0.08269, -2.80009, -0.2561, -0.80402], [-1.72716, 0.0559, -2.16384, 0.00194, -2.55146, -0.06215, -1.10715], [-1.56751, 0.20313, -2.09315, -0.0788, -2.30283, 0.1318, -1.41028], [-1.40787, 0.35036, -2.02245, -0.15954, -2.0542, 0.32575, -1.71341], [-1.24823, 0.49759, -1.95176, -0.24028, -1.80557, 0.5197, -2.01654], [-1.08859, 0.64482, -1.88107, -0.32103, -1.55694, 0.71364, -2.31967], [-0.92894, 0.79205, -1.81037, -0.40177, -1.30831, 0.90759, -2.6228]]
end: [-0.79261000000000004, 0.91778000000000004, -1.75, -0.47072000000000003, -1.09599, 1.0732200000000001, -2.8816700000000002]
obtacles: [[[0.6, 0.5, -1.0], [0.9, 0.6, 1.0]], [[0.6, -0.6, -1.0], [0.9, -0.5, 1.0]], [[0.6, -0.6, 0.9], [0.9, 0.6, 1.0]], [[0.6, -0.6, -1.0], [0.9, 0.6, -0.9]], [[0.6, -0.6, 0.4], [0.9, 0.6, 0.5]], [[0.6, -0.6, -0.6], [0.9, 0.6, -0.5]], [[0.6, -0.1, 0.5], [0.9, 0.0, 1.0]], [[0.6, -0.3, -0.6], [0.9, -0.2, 0.5]], [[0.6, -0.3, -1.0], [0.9, -0.2, -0.5]]]
start: [1.96976, -1.56288, -1.55, 1.7038, -1.56019, -1.5512300000000001, -0.53215000000000001]
tajectories: [[1.96976, -1.56288, -1.55, 1.7038, -1.56019, -1.55123, -0.53215], [1.88654, -1.68867, -1.45483, 1.87544, -1.14991, -1.43039, -0.45604], [1.80331, -1.81445, -1.35965, 2.04709, -0.73962, -1.30954, -0.37992], [1.72247, -1.93664, -1.2672, 2.21383, -0.34107, -1.19215, -0.30598], [1.62144, -1.53192, -1.15661, 2.18439, -0.35855, -1.23804, -0.55192], [1.52042, -1.1272, -1.04602, 2.15496, -0.37602, -1.28393, -0.79786], [1.43229, -0.77415, -0.94955, 2.12929, -0.39127, -1.32397, -1.0124], [1.48712, -0.54792, -0.86731, 1.95699, -0.50207, -0.94313, -0.96717], [1.54195, -0.32168, -0.78507, 1.7847, -0.61288, -0.56229, -0.92194], [1.56795, -0.21442, -0.74607, 1.70302, -0.66541, -0.38174, -0.9005], [1.60331, 0.05049, -0.83546, 1.92501, -0.8647, -0.19983, -1.12073], [1.63867, 0.31539, -0.92484, 2.14699, -1.06399, -0.01793, -1.34096], [1.67403, 0.5803, -1.01422, 2.36898, -1.26328, 0.16398, -1.56118], [1.68862, 0.68963, -1.05111, 2.46059, -1.34553, 0.23905, -1.65207], [1.58261, 0.89569, -1.1727, 2.26876, -1.38472, 0.52734, -1.89716], [1.47659, 1.10174, -1.29429, 2.07693, -1.42392, 0.81563, -2.14225], [1.37058, 1.3078, -1.41588, 1.8851, -1.46311, 1.10393, -2.38734], [1.26457, 1.51386, -1.53747, 1.69327, -1.50231, 1.39222, -2.63243]]
end: [1.2100500000000001, 1.61982, -1.6000000000000001, 1.59463, -1.5224599999999999, 1.54047, -2.7584599999999999]
obtacles: [[[0.6, 0.5, -1.0], [0.9, 0.6, 1.0]], [[0.6, -0.6, -1.0], [0.9, -0.5, 1.0]], [[0.6, -0.6, 0.9], [0.9, 0.6, 1.0]], [[0.6, -0.6, -1.0], [0.9, 0.6, -0.9]], [[0.6, -0.6, 0.4], [0.9, 0.6, 0.5]], [[0.6, -0.6, -0.6], [0.9, 0.6, -0.5]], [[0.6, -0.1, 0.5], [0.9, 0.0, 1.0]], [[0.6, -0.3, -0.6], [0.9, -0.2, 0.5]], [[0.6, -0.3, -1.0], [0.9, -0.2, -0.5]]]
start: [0.76007999999999998, 1.5108900000000001, -1.6000000000000001, 0.95777000000000001, -1.6030599999999999, 1.51248, -2.9420799999999998]
tajectories: [[0.76008, 1.51089, -1.6, 0.95777, -1.60306, 1.51248, -2.94208], [0.92311, 1.60148, -1.31334, 1.26065, -1.42895, 1.47481, -2.84423], [1.08614, 1.69208, -1.02668, 1.56353, -1.25485, 1.43714, -2.74638], [1.19252, 1.7512, -0.83961, 1.76118, -1.14123, 1.41256, -2.68253], [1.1078, 1.48737, -1.15189, 1.9769, -1.14868, 1.24958, -2.63215], [1.02307, 1.22353, -1.46417, 2.19263, -1.15613, 1.0866, -2.58178], [0.93834, 0.9597, -1.77645, 2.40836, -1.16358, 0.92362, -2.5314], [0.85361, 0.69586, -2.08873, 2.62409, -1.17103, 0.76064, -2.48102], [0.78367, 0.47806, -2.34652, 2.80218, -1.17718, 0.6261, -2.43944], [0.61435, 0.53395, -2.20478, 2.40849, -1.36292, 0.69537, -2.37753], [0.44503, 0.58984, -2.06305, 2.0148, -1.54865, 0.76463, -2.31563], [0.27571, 0.64573, -1.92131, 1.62112, -1.73439, 0.83389, -2.25373], [0.10638, 0.70162, -1.77958, 1.22743, -1.92013, 0.90316, -2.19182], [-0.06294, 0.7575, -1.63784, 0.83374, -2.10587, 0.97242, -2.12992]]
end: [-0.10814, 0.77242999999999995, -1.6000000000000001, 0.72863999999999995, -2.1554600000000002, 0.99090999999999996, -2.1133899999999999]
obtacles: [[[0.6, 0.5, -1.0], [0.9, 0.6, 1.0]], [[0.6, -0.6, -1.0], [0.9, -0.5, 1.0]], [[0.6, -0.6, 0.9], [0.9, 0.6, 1.0]], [[0.6, -0.6, -1.0], [0.9, 0.6, -0.9]], [[0.6, -0.6, 0.4], [0.9, 0.6, 0.5]], [[0.6, -0.6, -0.6], [0.9, 0.6, -0.5]], [[0.6, -0.1, 0.5], [0.9, 0.0, 1.0]], [[0.6, -0.3, -0.6], [0.9, -0.2, 0.5]], [[0.6, -0.3, -1.0], [0.9, -0.2, -0.5]]]
start: [0.38184000000000001, 1.5516000000000001, -1.6000000000000001, 1.99905, -1.60039, 1.5522100000000001, -1.52382]
tajectories: [[0.38184, 1.5516, -1.6, 1.99905, -1.60039, 1.55221, -1.52382], [0.59476, 1.71663, -1.6, 1.86021, -1.43407, 1.52271, -1.88385]]
end: [0.78876000000000002, 1.8669899999999999, -1.6000000000000001, 1.7337100000000001, -1.28254, 1.49583, -2.2118899999999999]
obtacles: [[[0.6, 0.5, -1.0], [0.9, 0.6, 1.0]], [[0.6, -0.6, -1.0], [0.9, -0.5, 1.0]], [[0.6, -0.6, 0.9], [0.9, 0.6, 1.0]], [[0.6, -0.6, -1.0], [0.9, 0.6, -0.9]], [[0.6, -0.6, 0.4], [0.9, 0.6, 0.5]], [[0.6, -0.6, -0.6], [0.9, 0.6, -0.5]], [[0.6, -0.1, 0.5], [0.9, 0.0, 1.0]], [[0.6, -0.3, -0.6], [0.9, -0.2, 0.5]], [[0.6, -0.3, -1.0], [0.9, -0.2, -0.5]]]
start: [0.25951999999999997, 1.54562, -1.6000000000000001, 1.2116199999999999, -1.5841099999999999, 1.53461, -2.1888899999999998]
tajectories: [[0.25952, 1.54562, -1.6, 1.21162, -1.58411, 1.53461, -2.18889], [0.65549, 1.51405, -1.6, 1.48819, -1.62464, 1.5418, -2.30735]]
end: [0.84401000000000004, 1.49902, -1.6000000000000001, 1.6198699999999999, -1.64394, 1.54522, -2.36375]
obtacles: [[[0.6, 0.5, -1.0], [0.9, 0.6, 1.0]], [[0.6, -0.6, -1.0], [0.9, -0.5, 1.0]], [[0.6, -0.6, 0.9], [0.9, 0.6, 1.0]], [[0.6, -0.6, -1.0], [0.9, 0.6, -0.9]], [[0.6, -0.6, 0.4], [0.9, 0.6, 0.5]], [[0.6, -0.6, -0.6], [0.9, 0.6, -0.5]], [[0.6, -0.1, 0.5], [0.9, 0.0, 1.0]], [[0.6, -0.3, -0.6], [0.9, -0.2, 0.5]], [[0.6, -0.3, -1.0], [0.9, -0.2, -0.5]]]
start: [0.76014999999999999, 1.96763, -1.6499999999999999, 1.4713700000000001, -1.1679200000000001, 1.53654, -2.4533]
tajectories: [[0.76015, 1.96763, -1.65, 1.47137, -1.16792, 1.53654, -2.4533], [0.90574, 1.84855, -1.6271, 1.58211, -1.45875, 1.19425, -2.44372], [1.05133, 1.72946, -1.6042, 1.69285, -1.74957, 0.85196, -2.43414], [1.19692, 1.61038, -1.5813, 1.80359, -2.0404, 0.50967, -2.42456], [1.34251, 1.49129, -1.5584, 1.91434, -2.33123, 0.16738, -2.41499], [1.4881, 1.37221, -1.5355, 2.02508, -2.62206, -0.1749, -2.40541], [1.63369, 1.25312, -1.5126, 2.13582, -2.91288, -0.51719, -2.39583], [1.73975, 1.16637, -1.49591, 2.21649, -3.12475, -0.76655, -2.38885], [1.52813, 0.79318, -1.57037, 2.07789, -3.00709, -0.80509, -2.22803], [1.3165, 0.41999, -1.64482, 1.93929, -2.88942, -0.84364, -2.06722], [1.10488, 0.04681, -1.71928, 1.80068, -2.77176, -0.88218, -1.9064], [0.89326, -0.32638, -1.79374, 1.66208, -2.65409, -0.92072, -1.74558], [0.68163, -0.69957, -1.86819, 1.52348, -2.53643, -0.95927, -1.58476], [0.47001, -1.07275, -1.94265, 1.38487, -2.41876, -0.99781, -1.42395], [0.3168, -1.34293, -1.99655, 1.28453, -2.33358, -1.02571, -1.30752], [0.20329, -1.20337, -1.94454, 0.98049, -2.38827, -0.85705, -1.60928], [0.08978, -1.06381, -1.89253, 0.67645, -2.44296, -0.68839, -1.91103], [-0.02373, -0.92425, -1.84052, 0.37242, -2.49765, -0.51973, -2.21279], [-0.13723, -0.78469, -1.78851, 0.06838, -2.55234, -0.35107, -2.51455], [-0.23532, -0.66409, -1.74357, -0.19435, -2.5996, -0.20533, -2.77531], [-0.48292, -0.43205, -1.42412, -0.29693, -2.70553, -0.25596, -2.68312], [-0.73052, -0.20002, -1.10467, -0.39951, -2.81147, -0.30658, -2.59094], [-0.97812, 0.03202, -0.78522, -0.50209, -2.9174, -0.35721, -2.49875], [-1.22572, 0.26406, -0.46577, -0.60467, -3.02333, -0.40784, -2.40657], [-1.47332, 0.49609, -0.14632, -0.70725, -3.12926, -0.45847, -2.31438], [-1.72092, 0.72813, 0.17313, -0.80983, -3.23519, -0.5091, -2.2222], [-1.7436, 0.74939, 0.2024, -0.81923, -3.24489, -0.51373, -2.21375], [-1.58029, 0.76069, -0.08387, -0.785, -3.38933, -0.59081, -1.87719], [-1.41697, 0.77199, -0.37014, -0.75078, -3.53378, -0.66788, -1.54063], [-1.25366, 0.78329, -0.65642, -0.71655, -3.67822, -0.74496, -1.20407], [-1.09035, 0.79458, -0.94269, -0.68232, -3.82266, -0.82203, -0.86751], [-0.92703, 0.80588, -1.22897, -0.6481, -3.9671, -0.8991, -0.53095], [-0.76372, 0.81718, -1.51524, -0.61387, -4.11154, -0.97618, -0.19439]]
end: [-0.68684000000000001, 0.82250000000000001, -1.6499999999999999, -0.59775999999999996, -4.1795400000000003, -1.0124599999999999, -0.035950000000000003]
obtacles: [[[0.6, 0.5, -1.0], [0.9, 0.6, 1.0]], [[0.6, -0.6, -1.0], [0.9, -0.5, 1.0]], [[0.6, -0.6, 0.9], [0.9, 0.6, 1.0]], [[0.6, -0.6, -1.0], [0.9, 0.6, -0.9]], [[0.6, -0.6, 0.4], [0.9, 0.6, 0.5]], [[0.6, -0.6, -0.6], [0.9, 0.6, -0.5]], [[0.6, -0.1, 0.5], [0.9, 0.0, 1.0]], [[0.6, -0.3, -0.6], [0.9, -0.2, 0.5]], [[0.6, -0.3, -1.0], [0.9, -0.2, -0.5]]]
start: [1.0225200000000001, 1.89795, -1.6499999999999999, 1.5854900000000001, -1.24377, 1.49108, -2.60487]
tajectories: [[1.02252, 1.89795, -1.65, 1.58549, -1.24377, 1.49108, -2.60487], [0.95808, 1.90441, -1.67424, 1.82, -1.38261, 1.4232, -2.19702], [0.89364, 1.91086, -1.69847, 2.05451, -1.52145, 1.35532, -1.78917], [0.8292, 1.91732, -1.72271, 2.28901, -1.6603, 1.28744, -1.38133], [0.76476, 1.92378, -1.74694, 2.52352, -1.79914, 1.21956, -0.97348], [0.73464, 1.92679, -1.75827, 2.63312, -1.86402, 1.18784, -0.78288], [0.86071, 1.58525, -1.76609, 2.70867, -2.1535, 1.15862, -0.61845], [0.98679, 1.24371, -1.77392, 2.78422, -2.44297, 1.1294, -0.45403], [1.11286, 0.90217, -1.78174, 2.85978, -2.73244, 1.10019, -0.2896], [1.23894, 0.56062, -1.78956, 2.93533, -3.02191, 1.07097, -0.12517], [1.28595, 0.43325, -1.79248, 2.96351, -3.12987, 1.06008, -0.06384], [1.07817, 0.49257, -1.77331, 2.64598, -2.97253, 1.04836, -0.34173], [0.87038, 0.5519, -1.75415, 2.32845, -2.8152, 1.03664, -0.61962], [0.6626, 0.61122, -1.73498, 2.01092, -2.65786, 1.02492, -0.89751], [0.45481, 0.67054, -1.71582, 1.69339, -2.50053, 1.0132, -1.1754], [0.24703, 0.72986, -1.69665, 1.37586, -2.34319, 1.00148, -1.45329], [0.03924, 0.78918, -1.67749, 1.05833, -2.18586, 0.98976, -1.73118], [-0.16854, 0.84851, -1.65832, 0.7408, -2.02853, 0.97804, -2.00907]]
end: [-0.25879999999999997, 0.87426999999999999, -1.6499999999999999, 0.60287999999999997, -1.9601900000000001, 0.97294999999999998, -2.1297700000000002]
obtacles: [[[0.6, 0.5, -1.0], [0.9, 0.6, 1.0]], [[0.6, -0.6, -1.0], [0.9, -0.5, 1.0]], [[0.6, -0.6, 0.9], [0.9, 0.6, 1.0]], [[0.6, -0.6, -1.0], [0.9, 0.6, -0.9]], [[0.6, -0.6, 0.4], [0.9, 0.6, 0.5]], [[0.6, -0.6, -0.6], [0.9, 0.6, -0.5]], [[0.6, -0.1, 0.5], [0.9, 0.0, 1.0]], [[0.6, -0.3, -0.6], [0.9, -0.2, 0.5]], [[0.6, -0.3, -1.0], [0.9, -0.2, -0.5]]]
start: [2.2401, -1.9292499999999999, -1.3500000000000001, 1.0968899999999999, -1.98871, -1.5484100000000001, -0.15049000000000001]
tajectories: [[2.2401, -1.92925, -1.35, 1.09689, -1.98871, -1.54841, -0.15049], [2.02453, -1.81909, -1.51826, 1.41184, -1.7453, -1.52338, -0.21385], [1.80896, -1.70894, -1.68652, 1.72679, -1.50188, -1.49835, -0.27721], [1.59339, -1.59878, -1.85478, 2.04173, -1.25847, -1.47331, -0.34057], [1.37781, -1.48863, -2.02304, 2.35668, -1.01506, -1.44828, -0.40393], [1.16224, -1.37847, -2.1913, 2.67163, -0.77164, -1.42325, -0.46728], [1.09186, -1.34251, -2.24624, 2.77446, -0.69217, -1.41508, -0.48797], [1.10205, -1.26918, -2.19185, 2.44574, -0.73179, -1.14121, -0.72658], [1.11225, -1.19586, -2.13747, 2.11702, -0.77141, -0.86734, -0.96519], [1.12245, -1.12254, -2.08308, 1.78831, -0.81104, -0.59348, -1.2038], [1.13264, -1.04922, -2.02869, 1.45959, -0.85066, -0.31961, -1.44241], [1.13823, -1.00904, -1.99889, 1.27943, -0.87238, -0.16952, -1.57318], [1.20529, -0.83504, -1.87136, 0.94333, -1.05165, 0.05883, -1.61462], [1.27234, -0.66105, -1.74383, 0.60722, -1.23092, 0.28718, -1.65606], [1.3394, -0.48705, -1.61631, 0.27112, -1.4102, 0.51553, -1.6975], [1.40645, -0.31306, -1.48878, -0.06499, -1.58947, 0.74388, -1.73894], [1.42427, -0.26681, -1.45488, -0.15433, -1.63712, 0.80458, -1.74996], [1.61827, -0.19903, -1.45871, 0.04328, -1.99432, 0.8398, -1.94965], [1.81226, -0.13125, -1.46253, 0.24089, -2.35151, 0.87503, -2.14935], [2.00626, -0.06348, -1.46635, 0.43849, -2.70871, 0.91025, -2.34905], [2.20025, 0.0043, -1.47018, 0.6361, -3.06591, 0.94547, -2.54874], [2.22356, 0.01244, -1.47064, 0.65984, -3.10883, 0.9497, -2.57273], [1.88355, 0.20958, -1.43748, 0.82863, -2.92246, 1.09884, -2.66743], [1.54354, 0.40671, -1.40432, 0.99742, -2.73609, 1.24797, -2.76214], [1.20353, 0.60385, -1.37116, 1.16621, -2.54973, 1.3971, -2.85684]]
end: [0.98655999999999999, 0.72965000000000002, -1.3500000000000001, 1.27393, -2.4308000000000001, 1.49227, -2.9172699999999998]
obtacles: [[[0.6, 0.5, -1.0], [0.9, 0.6, 1.0]], [[0.6, -0.6, -1.0], [0.9, -0.5, 1.0]], [[0.6, -0.6, 0.9], [0.9, 0.6, 1.0]], [[0.6, -0.6, -1.0], [0.9, 0.6, -0.9]], [[0.6, -0.6, 0.4], [0.9, 0.6, 0.5]], [[0.6, -0.6, -0.6], [0.9, 0.6, -0.5]], [[0.6, -0.1, 0.5], [0.9, 0.0, 1.0]], [[0.6, -0.3, -0.6], [0.9, -0.2, 0.5]], [[0.6, -0.3, -1.0], [0.9, -0.2, -0.5]]]
start: [2.0595400000000001, -1.6818900000000001, -1.55, 1.5733999999999999, -1.6818599999999999, -1.5498400000000001, -0.48903000000000002]
tajectories: [[2.05954, -1.68189, -1.55, 1.5734, -1.68186, -1.54984, -0.48903], [1.81057, -1.68686, -1.55199, 1.64181, -1.88172, -1.49081, -0.11502], [1.56161, -1.69182, -1.55397, 1.71021, -2.08157, -1.43178, 0.25898], [1.31264, -1.69679, -1.55596, 1.77861, -2.28143, -1.37275, 0.63299], [1.06367, -1.70176, -1.55795, 1.84702, -2.48129, -1.31372, 1.007], [0.81471, -1.70673, -1.55993, 1.91542, -2.68115, -1.25469, 1.381], [0.78712, -1.70728, -1.56015, 1.923, -2.70329, -1.24814, 1.42244], [0.77152, -1.5467, -1.50013, 2.07502, -2.31811, -1.24069, 1.64344], [0.75591, -1.38613, -1.44011, 2.22705, -1.93294, -1.23323, 1.86444], [0.74031, -1.22555, -1.38009, 2.37908, -1.54776, -1.22577, 2.08544], [0.7247, -1.06497, -1.32007, 2.5311, -1.16259, -1.21831, 2.30644], [0.7091, -0.9044, -1.26005, 2.68313, -0.77741, -1.21086, 2.52744], [0.7065, -0.87768, -1.25006, 2.70842, -0.71333, -1.20962, 2.56421], [0.73928, -0.49648, -1.12623, 2.60088, -0.80798, -0.96671, 2.47067], [0.77207, -0.11529, -1.00239, 2.49334, -0.90263, -0.7238, 2.37714], [0.80485, 0.26591, -0.87855, 2.3858, -0.99728, -0.48089, 2.28361], [0.83763, 0.64711, -0.75471, 2.27826, -1.09193, -0.23798, 2.19008], [0.87042, 1.02831, -0.63087, 2.17072, -1.18658, 0.00493, 2.09654], [0.88481, 1.19572, -0.57649, 2.1235, -1.22814, 0.11161, 2.05547], [0.85441, 1.26021, -0.76646, 1.81858, -1.30307, 0.39114, 2.23463], [0.824, 1.3247, -0.95642, 1.51366, -1.378, 0.67067, 2.41379], [0.79359, 1.38919, -1.14639, 1.20874, -1.45293, 0.95021, 2.59296], [0.76318, 1.45369, -1.33636, 0.90383, -1.52786, 1.22974, 2.77212], [0.73277, 1.51818, -1.52633, 0.59891, -1.60279, 1.50928, 2.95129]]
end: [0.72899000000000003, 1.5262100000000001, -1.55, 0.56091999999999997, -1.61212, 1.5441100000000001, 2.9736099999999999]
