obtacles: [[[0.6, 0.5, -1.0], [0.9, 0.6, 1.0]], [[0.6, -0.6, -1.0], [0.9, -0.5, 1.0]], [[0.6, -0.6, 0.9], [0.9, 0.6, 1.0]], [[0.6, -0.6, -1.0], [0.9, 0.6, -0.9]], [[0.6, -0.6, 0.4], [0.9, 0.6, 0.5]], [[0.6, -0.6, -0.6], [0.9, 0.6, -0.5]], [[0.6, -0.2, 0.5], [0.9, -0.1, 1.0]], [[0.6, 0.0, -0.6], [0.9, 0.1, 0.5]], [[0.6, 0.1, -1.0], [0.9, 0.2, -0.5]]]
start: [2.5363699999999998, -1.8422400000000001, -1.45, 1.2105699999999999, -1.86697, -1.5566599999999999, -0.58672000000000002]
tajectories: [[2.53637, -1.84224, -1.45, 1.21057, -1.86697, -1.55666, -0.58672], [2.37111, -1.79521, -1.63437, 1.4136, -2.04615, -1.39675, -0.88267], [2.20584, -1.74817, -1.81873, 1.61663, -2.22534, -1.23683, -1.17861], [2.04058, -1.70114, -2.0031, 1.81967, -2.40453, -1.07691, -1.47455], [1.87532, -1.65411, -2.18747, 2.0227, -2.58371, -0.917, -1.77049], [1.80529, -1.63418, -2.26559, 2.10874, -2.65964, -0.84923, -1.8959], [1.74546, -1.40512, -2.00231, 1.98673, -2.41935, -1.04749, -2.0086], [1.68563, -1.17605, -1.73903, 1.86473, -2.17906, -1.24575, -2.12129], [1.63133, -0.96816, -1.50008, 1.754, -1.96098, -1.42568, -2.22358], [1.59541, -0.80641, -1.34395, 1.73339, -1.6089, -1.18825, -2.09162], [1.55949, -0.64466, -1.18782, 1.71277, -1.25682, -0.95083, -1.95966], [1.52356, -0.48291, -1.03169, 1.69216, -0.90473, -0.7134, -1.82769], [1.48764, -0.32116, -0.87556, 1.67155, -0.55265, -0.47598, -1.69573], [1.45447, -0.17181, -0.73139, 1.65251, -0.22755, -0.25675, -1.57388], [1.65121, -0.1126, -0.97673, 1.77168, -0.15598, -0.55622, -1.37743], [1.84795, -0.05338, -1.22207, 1.89085, -0.08441, -0.85569, -1.18098], [2.04469, 0.00583, -1.4674, 2.01002, -0.01284, -1.15516, -0.98453], [2.2001, 0.0526, -1.6612, 2.10416, 0.04369, -1.39172, -0.82935], [1.9094, 0.19547, -1.61803, 1.83496, 0.21192, -1.33122, -0.63238], [1.61871, 0.33833, -1.57485, 1.56577, 0.38014, -1.27071, -0.43541], [1.32802, 0.4812, -1.53168, 1.29658, 0.54836, -1.21021, -0.23844], [1.03732, 0.62407, -1.4885, 1.02738, 0.71659, -1.1497, -0.04148]]
end: [0.77810999999999997, 0.75146999999999997, -1.45, 0.78734000000000004, 0.86658999999999997, -1.09575, 0.13416]
obtacles: [[[0.6, 0.5, -1.0], [0.9, 0.6, 1.0]], [[0.6, -0.6, -1.0], [0.9, -0.5, 1.0]], [[0.6, -0.6, 0.9], [0.9, 0.6, 1.0]], [[0.6, -0.6, -1.0], [0.9, 0.6, -0.9]], [[0.6, -0.6, 0.4], [0.9, 0.6, 0.5]], [[0.6, -0.6, -0.6], [0.9, 0.6, -0.5]], [[0.6, -0.2, 0.5], [0.9, -0.1, 1.0]], [[0.6, 0.0, -0.6], [0.9, 0.1, 0.5]], [[0.6, 0.1, -1.0], [0.9, 0.2, -0.5]]]
start: [1.10226, 1.90825, -1.6499999999999999, 1.4344300000000001, -1.2256899999999999, 1.54183, -2.82796]
tajectories: [[1.10226, 1.90825, -1.65, 1.43443, -1.22569, 1.54183, -2.82796], [1.2548, 1.81228, -1.64505, 1.66454, -1.001, 1.3935, -2.52454], [1.40734, 1.71631, -1.64011, 1.89464, -0.77631, 1.24516, -2.22113], [1.55988, 1.62034, -1.63516, 2.12474, -0.55162, 1.09682, -1.91771], [1.71242, 1.52437, -1.63021, 2.35484, -0.32694, 0.94848, -1.6143], [1.86496, 1.4284, -1.62526, 2.58495, -0.10225, 0.80014, -1.31088], [1.93349, 1.38529, -1.62304, 2.68832, -0.00131, 0.7335, -1.17457], [1.83567, 1.32475, -1.40925, 2.53383, -0.04324, 0.32853, -1.21248], [1.73785, 1.26421, -1.19546, 2.37935, -0.08517, -0.07644, -1.25039], [1.64004, 1.20367, -0.98167, 2.22486, -0.12709, -0.48141, -1.2883], [1.54222, 1.14313, -0.76788, 2.07037, -0.16902, -0.88637, -1.3262], [1.46807, 1.09724, -0.60582, 1.95327, -0.2008, -1.19335, -1.35494], [1.39338, 0.68164, -0.67533, 1.97508, -0.38033, -1.21568, -1.17148], [1.31869, 0.26603, -0.74484, 1.99688, -0.55985, -1.23802, -0.98802], [1.24401, -0.14958, -0.81435, 2.01869, -0.73938, -1.26035, -0.80456], [1.16932, -0.56519, -0.88386, 2.04049, -0.9189, -1.28269, -0.6211], [1.14364, -0.70806, -0.90775, 2.04799, -0.98061, -1.29037, -0.55803], [1.42717, -0.72414, -1.18525, 1.79137, -0.90774, -1.336, -0.41983], [1.7107, -0.74022, -1.46275, 1.53476, -0.83487, -1.38164, -0.28163], [1.99423, -0.75629, -1.74026, 1.27814, -0.762, -1.42728, -0.14342]]
end: [2.2085300000000001, -0.76844999999999997, -1.95, 1.0841799999999999, -0.70692999999999995, -1.46177, -0.038969999999999998]
obtacles: [[[0.6, 0.5, -1.0], [0.9, 0.6, 1.0]], [[0.6, -0.6, -1.0], [0.9, -0.5, 1.0]], [[0.6, -0.6, 0.9], [0.9, 0.6, 1.0]], [[0.6, -0.6, -1.0], [0.9, 0.6, -0.9]], [[0.6, -0.6, 0.4], [0.9, 0.6, 0.5]], [[0.6, -0.6, -0.6], [0.9, 0.6, -0.5]], [[0.6, -0.2, 0.5], [0.9, -0.1, 1.0]], [[0.6, 0.0, -0.6], [0.9, 0.1, 0.5]], [[0.6, 0.1, -1.0], [0.9, 0.2, -0.5]]]
start: [2.5526300000000002, -1.8511200000000001, -1.3500000000000001, 0.95894999999999997, -1.9255899999999999, -1.5574300000000001, -0.33631]
tajectories: [[2.55263, -1.85112, -1.35, 0.95895, -1.92559, -1.55743, -0.33631], [2.50275, -1.83674, -1.63137, 0.99806, -2.32486, -1.48778, -0.38465], [2.45287, -1.82236, -1.91274, 1.03716, -2.72413, -1.41813, -0.43298], [2.40299, -1.80798, -2.19411, 1.07627, -3.12341, -1.34848, -0.48132], [2.36154, -1.79603, -2.4279, 1.10876, -3.45516, -1.2906, -0.52148], [2.33204, -1.39828, -2.48122, 1.35455, -3.33401, -1.29166, -0.63548], [2.30254, -1.00053, -2.53454, 1.60034, -3.21287, -1.29272, -0.74947], [2.27304, -0.60279, -2.58785, 1.84612, -3.09172, -1.29379, -0.86346], [2.24561, -0.23299, -2.63743, 2.07464, -2.97909, -1.29477, -0.96944], [2.14645, -0.16459, -2.32912, 2.00536, -2.84888, -1.19504, -1.29919], [2.04729, -0.09619, -2.02081, 1.93609, -2.71867, -1.0953, -1.62894], [1.94813, -0.02779, -1.7125, 1.86681, -2.58847, -0.99556, -1.95868], [1.84897, 0.04061, -1.40418, 1.79754, -2.45826, -0.89583, -2.28843], [1.74981, 0.10901, -1.09587, 1.72826, -2.32805, -0.79609, -2.61818], [1.7034, 0.14103, -0.95156, 1.69584, -2.26711, -0.74941, -2.77252], [1.49125, 0.24596, -1.03377, 1.53866, -2.30574, -0.34821, -2.78094], [1.27911, 0.35088, -1.11598, 1.38149, -2.34437, 0.05299, -2.78935], [1.06697, 0.45581, -1.19819, 1.22432, -2.383, 0.4542, -2.79776], [0.85483, 0.56074, -1.2804, 1.06715, -2.42163, 0.8554, -2.80618]]
end: [0.67523, 0.64956999999999998, -1.3500000000000001, 0.93408000000000002, -2.4543400000000002, 1.1950499999999999, -2.8132999999999999]
obtacles: [[[0.6, 0.5, -1.0], [0.9, 0.6, 1.0]], [[0.6, -0.6, -1.0], [0.9, -0.5, 1.0]], [[0.6, -0.6, 0.9], [0.9, 0.6, 1.0]], [[0.6, -0.6, -1.0], [0.9, 0.6, -0.9]], [[0.6, -0.6, 0.4], [0.9, 0.6, 0.5]], [[0.6, -0.6, -0.6], [0.9, 0.6, -0.5]], [[0.6, -0.2, 0.5], [0.9, -0.1, 1.0]], [[0.6, 0.0, -0.6], [0.9, 0.1, 0.5]], [[0.6, 0.1, -1.0], [0.9, 0.2, -0.5]]]
start: [2.2805900000000001, -1.9670000000000001, -1.1499999999999999, 1.8204800000000001, -1.8927099999999999, -1.09222, -0.79461000000000004]
tajectories: [[2.28059, -1.967, -1.15, 1.82048, -1.89271, -1.09222, -0.79461], [1.99731, -1.83201, -1.04671, 1.96032, -1.91476, -0.79872, -0.6084], [1.71402, -1.69702, -0.94342, 2.10017, -1.9368, -0.50523, -0.42218], [1.43073, -1.56203, -0.84013, 2.24001, -1.95885, -0.21173, -0.23597], [1.14745, -1.42705, -0.73684, 2.37986, -1.98089, 0.08176, -0.04976], [0.86416, -1.29206, -0.63355, 2.5197, -2.00294, 0.37526, 0.13646], [0.7011, -1.21435, -0.57409, 2.6002, -2.01563, 0.5442, 0.24364], [0.52207, -1.19729, -0.34343, 2.54182, -1.91201, 0.35277, 0.58078], [0.34304, -1.18023, -0.11278, 2.48344, -1.8084, 0.16134, 0.91792], [0.164, -1.16316, 0.11788, 2.42507, -1.70479, -0.0301, 1.25507], [0.04851, -1.15216, 0.26668, 2.38741, -1.63795, -0.15359, 1.47255], [0.32537, -0.94298, 0.1994, 2.2769, -1.74186, -0.07416, 1.78199], [0.60223, -0.73381, 0.13213, 2.16639, -1.84576, 0.00526, 2.09143], [0.87909, -0.52463, 0.06486, 2.05589, -1.94967, 0.08468, 2.40087], [1.15595, -0.31546, -0.00241, 1.94538, -2.05357, 0.1641, 2.71031], [1.15882, -0.31329, -0.00311, 1.94423, -2.05465, 0.16493, 2.71352], [1.07312, -0.08594, -0.24524, 1.64195, -2.11303, 0.35336, 2.75885], [0.98742, 0.1414, -0.48737, 1.33967, -2.17141, 0.54178, 2.80418], [0.90172, 0.36875, -0.7295, 1.03739, -2.22978, 0.73021, 2.84951], [0.81602, 0.5961, -0.97163, 0.73511, -2.28816, 0.91864, 2.89484]]
end: [0.75287999999999999, 0.76358000000000004, -1.1499999999999999, 0.51241999999999999, -2.3311700000000002, 1.05745, 2.9282400000000002]
obtacles: [[[0.6, 0.5, -1.0], [0.9, 0.6, 1.0]], [[0.6, -0.6, -1.0], [0.9, -0.5, 1.0]], [[0.6, -0.6, 0.9], [0.9, 0.6, 1.0]], [[0.6, -0.6, -1.0], [0.9, 0.6, -0.9]], [[0.6, -0.6, 0.4], [0.9, 0.6, 0.5]], [[0.6, -0.6, -0.6], [0.9, 0.6, -0.5]], [[0.6, -0.2, 0.5], [0.9, -0.1, 1.0]], [[0.6, 0.0, -0.6], [0.9, 0.1, 0.5]], [[0.6, 0.1, -1.0], [0.9, 0.2, -0.5]]]
start: [2.2783199999999999, -0.85516999999999999, -1.7, 0.98936000000000002, -0.89363999999999999, -1.28796, -0.17791000000000001]
tajectories: [[2.27832, -0.85517, -1.7, 0.98936, -0.89364, -1.28796, -0.17791], [1.96223, -0.77853, -1.57733, 0.99755, -0.61242, -1.24526, 0.04162], [1.64614, -0.70189, -1.45467, 1.00574, -0.33121, -1.20257, 0.26116], [1.33005, -0.62525, -1.332, 1.01392, -0.04999, -1.15987, 0.48069], [1.01396, -0.5486, -1.20934, 1.02211, 0.23123, -1.11718, 0.70022], [0.69787, -0.47196, -1.08667, 1.0303, 0.51244, -1.07448, 0.91975], [0.69741, -0.47185, -1.0865, 1.03031, 0.51285, -1.07442, 0.92007], [1.00669, -0.12737, -1.16025, 1.02299, 0.62324, -1.11752, 1.0471], [1.31598, 0.21711, -1.234, 1.01567, 0.73363, -1.16062, 1.17414], [1.62526, 0.56159, -1.30776, 1.00836, 0.84403, -1.20373, 1.30117], [1.93455, 0.90607, -1.38151, 1.00104, 0.95442, -1.24683, 1.4282], [1.98096, 0.95776, -1.39258, 0.99994, 0.97098, -1.25329, 1.44726], [1.93172, 0.98717, -1.55487, 1.19695, 0.92699, -0.95853, 1.14273], [1.88248, 1.01658, -1.71716, 1.39396, 0.883, -0.66378, 0.83819], [1.83325, 1.04599, -1.87945, 1.59097, 0.83901, -0.36902, 0.53366], [1.78401, 1.0754, -2.04174, 1.78798, 0.79501, -0.07426, 0.22912], [1.73477, 1.10481, -2.20403, 1.98499, 0.75102, 0.2205, -0.07541], [1.68553, 1.13422, -2.36632, 2.182, 0.70703, 0.51526, -0.37994], [1.6363, 1.16363, -2.52861, 2.37901, 0.66304, 0.81002, -0.68448], [1.62503, 1.17037, -2.56576, 2.42411, 0.65297, 0.87749, -0.75419], [1.53612, 1.29759, -2.41046, 2.2968, 0.35787, 0.98087, -1.05053], [1.44722, 1.42482, -2.25516, 2.1695, 0.06278, 1.08425, -1.34687], [1.35832, 1.55204, -2.09986, 2.0422, -0.23232, 1.18762, -1.64321], [1.26942, 1.67927, -1.94456, 1.9149, -0.52741, 1.291, -1.93955], [1.18052, 1.80649, -1.78925, 1.7876, -0.82251, 1.39438, -2.23589], [1.09162, 1.93372, -1.63395, 1.6603, -1.11761, 1.49775, -2.53223]]
end: [1.0721799999999999, 1.96153, -1.6000000000000001, 1.63246, -1.1821200000000001, 1.5203500000000001, -2.5970200000000001]
obtacles: [[[0.6, 0.5, -1.0], [0.9, 0.6, 1.0]], [[0.6, -0.6, -1.0], [0.9, -0.5, 1.0]], [[0.6, -0.6, 0.9], [0.9, 0.6, 1.0]], [[0.6, -0.6, -1.0], [0.9, 0.6, -0.9]], [[0.6, -0.6, 0.4], [0.9, 0.6, 0.5]], [[0.6, -0.6, -0.6], [0.9, 0.6, -0.5]], [[0.6, -0.2, 0.5], [0.9, -0.1, 1.0]], [[0.6, 0.0, -0.6], [0.9, 0.1, 0.5]], [[0.6, 0.1, -1.0], [0.9, 0.2, -0.5]]]
start: [-0.96065999999999996, 1.68892, 1.6000000000000001, 1.6409, -1.68666, -1.5336099999999999, -0.67635999999999996]
tajectories: [[-0.96066, 1.68892, 1.6, 1.6409, -1.68666, -1.53361, -0.67636], [-1.13405, 1.38156, 1.32942, 1.84664, -1.66674, -1.46634, -0.7471], [-1.30744, 1.0742, 1.05883, 2.05237, -1.64682, -1.39908, -0.81783], [-1.48083, 0.76684, 0.78825, 2.2581, -1.6269, -1.33181, -0.88857], [-1.65422, 0.45949, 0.51766, 2.46383, -1.60698, -1.26454, -0.95931], [-1.82761, 0.15213, 0.24708, 2.66957, -1.58707, -1.19728, -1.03005], [-2.001, -0.15523, -0.0235, 2.8753, -1.56715, -1.13001, -1.10079], [-2.01389, -0.17808, -0.04362, 2.89059, -1.56567, -1.12501, -1.10605], [-2.13949, -0.39974, -0.022, 2.6478, -1.22267, -1.11909, -1.01664], [-2.26509, -0.62141, -0.00037, 2.40501, -0.87968, -1.11317, -0.92723], [-2.39068, -0.84308, 0.02125, 2.16221, -0.53669, -1.10726, -0.83783], [-2.51628, -1.06474, 0.04287, 1.91942, -0.19369, -1.10134, -0.74842], [-2.60211, -1.21622, 0.05765, 1.7535, 0.0407, -1.09729, -0.68732], [-2.49606, -1.14734, 0.40901, 1.56326, 0.26106, -1.12313, -0.52878], [-2.39001, -1.07846, 0.76037, 1.37302, 0.48142, -1.14896, -0.37024], [-2.28397, -1.00957, 1.11174, 1.18278, 0.70179, -1.1748, -0.2117], [-2.17792, -0.94069, 1.4631, 0.99254, 0.92215, -1.20063, -0.05316]]
end: [-2.1366000000000001, -0.91385000000000005, 1.6000000000000001, 0.91842000000000001, 1.0080100000000001, -1.2107000000000001, 0.0086099999999999996]
obtacles: [[[0.6, 0.5, -1.0], [0.9, 0.6, 1.0]], [[0.6, -0.6, -1.0], [0.9, -0.5, 1.0]], [[0.6, -0.6, 0.9], [0.9, 0.6, 1.0]], [[0.6, -0.6, -1.0], [0.9, 0.6, -0.9]], [[0.6, -0.6, 0.4], [0.9, 0.6, 0.5]], [[0.6, -0.6, -0.6], [0.9, 0.6, -0.5]], [[0.6, -0.2, 0.5], [0.9, -0.1, 1.0]], [[0.6, 0.0, -0.6], [0.9, 0.1, 0.5]], [[0.6, 0.1, -1.0], [0.9, 0.2, -0.5]]]
start: [-2.1457299999999999, -1.9393100000000001, 1.5, 1.4812000000000001, -1.1972700000000001, 1.5373000000000001, -2.67578]
tajectories: [[-2.14573, -1.93931, 1.5, 1.4812, -1.19727, 1.5373, -2.67578], [-2.04851, -1.59064, 1.65358, 1.56875, -0.92553, 1.42597, -2.71433], [-1.95129, -1.24197, 1.80717, 1.6563, -0.65379, 1.31464, -2.75288], [-1.85407, -0.8933, 1.96075, 1.74384, -0.38205, 1.20332, -2.79143], [-1.75685, -0.54462, 2.11434, 1.83139, -0.11031, 1.09199, -2.82998], [-1.65963, -0.19595, 2.26792, 1.91893, 0.16144, 0.98066, -2.86853], [-1.56241, 0.15272, 2.4215, 2.00648, 0.43318, 0.86934, -2.90708], [-1.55602, 0.17566, 2.43161, 2.01224, 0.45105, 0.86202, -2.90961], [-1.70757, 0.04439, 2.29536, 1.86686, 0.04563, 0.90006, -2.84408], [-1.85911, -0.08687, 2.15911, 1.72148, -0.35978, 0.9381, -2.77855], [-2.01066, -0.21813, 2.02286, 1.5761, -0.7652, 0.97614, -2.71303], [-2.1622, -0.34939, 1.88661, 1.43072, -1.17062, 1.01418, -2.6475], [-2.31375, -0.48066, 1.75037, 1.28533, -1.57604, 1.05222, -2.58197], [-2.4653, -0.61192, 1.61412, 1.13995, -1.98146, 1.09026, -2.51644]]
end: [-2.5922299999999998, -0.72185999999999995, 1.5, 1.0181899999999999, -2.3210299999999999, 1.12212, -2.4615499999999999]
obtacles: [[[0.6, 0.5, -1.0], [0.9, 0.6, 1.0]], [[0.6, -0.6, -1.0], [0.9, -0.5, 1.0]], [[0.6, -0.6, 0.9], [0.9, 0.6, 1.0]], [[0.6, -0.6, -1.0], [0.9, 0.6, -0.9]], [[0.6, -0.6, 0.4], [0.9, 0.6, 0.5]], [[0.6, -0.6, -0.6], [0.9, 0.6, -0.5]], [[0.6, -0.2, 0.5], [0.9, -0.1, 1.0]], [[0.6, 0.0, -0.6], [0.9, 0.1, 0.5]], [[0.6, 0.1, -1.0], [0.9, 0.2, -0.5]]]
start: [-0.34175, 0.73917999999999995, 1.5, 0.82091999999999998, -0.86450000000000005, -1.0828599999999999, -0.63090000000000002]
tajectories: [[-0.34175, 0.73918, 1.5, 0.82092, -0.8645, -1.08286, -0.6309], [-0.48814, 0.54007, 1.37823, 0.99126, -0.90472, -0.79242, -0.38777], [-0.63454, 0.34096, 1.25646, 1.1616, -0.94494, -0.50199, -0.14464], [-0.78093, 0.14186, 1.13469, 1.33193, -0.98516, -0.21155, 0.0985], [-0.92732, -0.05725, 1.01291, 1.50227, -1.02538, 0.07888, 0.34163], [-1.07371, -0.25635, 0.89114, 1.6726, -1.06561, 0.36932, 0.58476], [-1.22011, -0.45546, 0.76937, 1.84294, -1.10583, 0.65975, 0.82789], [-1.22784, -0.46599, 0.76293, 1.85194, -1.10795, 0.67511, 0.84074], [-1.49475, -0.29049, 0.49419, 2.03016, -1.29344, 0.60893, 0.76867], [-1.76165, -0.11499, 0.22544, 2.20837, -1.47892, 0.54274, 0.6966], [-2.02856, 0.0605, -0.04331, 2.38658, -1.6644, 0.47656, 0.62453], [-2.21334, 0.182, -0.22937, 2.50996, -1.79281, 0.43074, 0.57463], [-2.077, 0.44442, -0.17247, 2.37204, -1.99366, 0.11857, 0.62464], [-1.94067, 0.70684, -0.11558, 2.23412, -2.19451, -0.1936, 0.67465], [-1.80434, 0.96925, -0.05869, 2.09619, -2.39536, -0.50577, 0.72466], [-1.66801, 1.23167, -0.0018, 1.95827, -2.59622, -0.81794, 0.77466], [-1.53168, 1.49409, 0.05509, 1.82035, -2.79707, -1.13011, 0.82467], [-1.45302, 1.64549, 0.08791, 1.74078, -2.91295, -1.31022, 0.85352], [-1.3259, 1.70521, 0.37251, 1.7257, -2.72601, -1.35798, 0.51912], [-1.19879, 1.76493, 0.6571, 1.71063, -2.53906, -1.40575, 0.18472], [-1.07167, 1.82465, 0.9417, 1.69555, -2.35212, -1.45352, -0.14968], [-0.94455, 1.88437, 1.22629, 1.68047, -2.16518, -1.50128, -0.48408], [-0.81743, 1.94409, 1.51089, 1.66539, -1.97824, -1.54905, -0.81848]]
end: [-0.79996, 1.9522900000000001, 1.55, 1.6633199999999999, -1.95255, -1.5556099999999999, -0.86443999999999999]
obtacles: [[[0.6, 0.5, -1.0], [0.9, 0.6, 1.0]], [[0.6, -0.6, -1.0], [0.9, -0.5, 1.0]], [[0.6, -0.6, 0.9], [0.9, 0.6, 1.0]], [[0.6, -0.6, -1.0], [0.9, 0.6, -0.9]], [[0.6, -0.6, 0.4], [0.9, 0.6, 0.5]], [[0.6, -0.6, -0.6], [0.9, 0.6, -0.5]], [[0.6, -0.2, 0.5], [0.9, -0.1, 1.0]], [[0.6, 0.0, -0.6], [0.9, 0.1, 0.5]], [[0.6, 0.1, -1.0], [0.9, 0.2, -0.5]]]
start: [0.35953000000000002, 0.60185, 0.34999999999999998, 0.70731999999999995, -0.20369000000000001, -1.286, -0.59384000000000003]
tajectories: [[0.35953, 0.60185, 0.35, 0.70732, -0.20369, -1.286, -0.59384], [0.37774, 0.41822, 0.56188, 0.9024, 0.06705, -1.13958, -0.78944], [0.39595, 0.2346, 0.77375, 1.09749, 0.3378, -0.99315, -0.98503], [0.41416, 0.05097, 0.98563, 1.29257, 0.60854, -0.84673, -1.18063], [0.43238, -0.13265, 1.19751, 1.48765, 0.87929, -0.70031, -1.37623], [0.44623, -0.27238, 1.35873, 1.6361, 1.0853, -0.58889, -1.52507], [0.46741, -0.61869, 1.16271, 1.84777, 0.90892, -0.6005, -1.40202], [0.48859, -0.96501, 0.96669, 2.05944, 0.73254, -0.61211, -1.27896], [0.50976, -1.31133, 0.77067, 2.27112, 0.55616, -0.62372, -1.15591], [0.53094, -1.65765, 0.57465, 2.48279, 0.37978, -0.63533, -1.03286], [0.54608, -1.90521, 0.43453, 2.6341, 0.2537, -0.64363, -0.9449], [0.53543, -1.87031, 0.23586, 2.60777, -0.05942, -0.66205, -0.61305], [0.52479, -1.83541, 0.03719, 2.58144, -0.37254, -0.68048, -0.28121], [0.51414, -1.80051, -0.16149, 2.55512, -0.68566, -0.6989, 0.05063], [0.5035, -1.7656, -0.36016, 2.52879, -0.99879, -0.71732, 0.38248], [0.49285, -1.7307, -0.55883, 2.50246, -1.31191, -0.73574, 0.71432], [0.48971, -1.7204, -0.61749, 2.49469, -1.40435, -0.74118, 0.81229], [0.84909, -1.77381, -0.66777, 2.32786, -1.52587, -0.7646, 0.54337], [1.20847, -1.82722, -0.71806, 2.16103, -1.6474, -0.78802, 0.27445], [1.56785, -1.88062, -0.76834, 1.9942, -1.76892, -0.81145, 0.00554], [1.92723, -1.93403, -0.81863, 1.82737, -1.89044, -0.83487, -0.26338]]
end: [2.15143, -1.9673499999999999, -0.84999999999999998, 1.7233000000000001, -1.9662599999999999, -0.84948000000000001, -0.43114999999999998]
obtacles: [[[0.6, 0.5, -1.0], [0.9, 0.6, 1.0]], [[0.6, -0.6, -1.0], [0.9, -0.5, 1.0]], [[0.6, -0.6, 0.9], [0.9, 0.6, 1.0]], [[0.6, -0.6, -1.0], [0.9, 0.6, -0.9]], [[0.6, -0.6, 0.4], [0.9, 0.6, 0.5]], [[0.6, -0.6, -0.6], [0.9, 0.6, -0.5]], [[0.6, -0.2, 0.5], [0.9, -0.1, 1.0]], [[0.6, 0.0, -0.6], [0.9, 0.1, 0.5]], [[0.6, 0.1, -1.0], [0.9, 0.2, -0.5]]]
start: [0.70232000000000006, 1.6361300000000001, -1.8999999999999999, 0.65610999999999997, -4.4091500000000003, -1.4252199999999999, -0.079350000000000004]
tajectories: [[0.70232, 1.63613, -1.9, 0.65611, -4.40915, -1.42522, -0.07935], [0.80548, 1.66714, -1.97501, 0.88878, -4.05995, -1.34083, -0.30199], [0.90863, 1.69815, -2.05003, 1.12145, -3.71074, -1.25644, -0.52463], [1.01179, 1.72916, -2.12504, 1.35412, -3.36154, -1.17205, -0.74727], [1.11494, 1.76016, -2.20006, 1.58679, -3.01233, -1.08766, -0.96991], [1.2181, 1.79117, -2.27507, 1.81946, -2.66313, -1.00327, -1.19255], [1.32125, 1.82218, -2.35009, 2.05213, -2.31392, -0.91888, -1.41519], [1.35075, 1.83104, -2.37154, 2.11866, -2.21408, -0.89475, -1.47885], [1.27546, 1.39654, -2.40866, 2.18361, -2.24599, -0.94716, -1.26397], [1.20017, 0.96204, -2.44578, 2.24856, -2.2779, -0.99958, -1.04908], [1.12488, 0.52753, -2.4829, 2.3135, -2.30981, -1.05199, -0.8342], [1.04959, 0.09303, -2.52002, 2.37845, -2.34173, -1.10441, -0.61931], [0.9743, -0.34147, -2.55714, 2.4434, -2.37364, -1.15683, -0.40442], [0.89901, -0.77598, -2.59427, 2.50835, -2.40555, -1.20924, -0.18954], [0.84571, -1.08358, -2.62055, 2.55433, -2.42814, -1.24635, -0.03741], [0.93163, -0.99893, -2.3734, 2.4142, -2.19322, -1.28968, -0.34993], [1.01754, -0.91428, -2.12625, 2.27406, -1.95829, -1.333, -0.66244], [1.10345, -0.82962, -1.8791, 2.13393, -1.72336, -1.37633, -0.97496], [1.18936, -0.74497, -1.63196, 1.9938, -1.48843, -1.41966, -1.28748], [1.20044, -0.73406, -1.6001, 1.97573, -1.45815, -1.42524, -1.32776], [0.80236, -0.59904, -1.47817, 1.76511, -1.55797, -1.37041, -1.29455], [0.40428, -0.46402, -1.35623, 1.55449, -1.65778, -1.31558, -1.26134], [0.00619, -0.32901, -1.2343, 1.34387, -1.7576, -1.26075, -1.22813], [-0.39189, -0.19399, -1.11237, 1.13325, -1.85742, -1.20592, -1.19492], [-0.78997, -0.05897, -0.99043, 0.92263, -1.95723, -1.15109, -1.16171], [-1.18805, 0.07605, -0.8685, 0.71201, -2.05705, -1.09626, -1.1285], [-1.58613, 0.21107, -0.74657, 0.50139, -2.15687, -1.04142, -1.09529], [-1.66495, 0.2378, -0.72243, 0.4597, -2.17663, -1.03057, -1.08872], [-1.52262, 0.34207, -0.92192, 0.27751, -2.49072, -1.05311, -0.87256], [-1.3803, 0.44635, -1.1214, 0.09532, -2.8048, -1.07564, -0.65641], [-1.23797, 0.55062, -1.32089, -0.08687, -3.11889, -1.09818, -0.44025], [-1.09565, 0.65489, -1.52038, -0.26906, -3.43298, -1.12072, -0.22409], [-0.95332, 0.75917, -1.71987, -0.45125, -3.74707, -1.14326, -0.00794]]
end: [-0.82481000000000004, 0.85333000000000003, -1.8999999999999999, -0.61575999999999997, -4.0306800000000003, -1.16361, 0.18725]
obtacles: [[[0.6, 0.5, -1.0], [0.9, 0.6, 1.0]], [[0.6, -0.6, -1.0], [0.9, -0.5, 1.0]], [[0.6, -0.6, 0.9], [0.9, 0.6, 1.0]], [[0.6, -0.6, -1.0], [0.9, 0.6, -0.9]], [[0.6, -0.6, 0.4], [0.9, 0.6, 0.5]], [[0.6, -0.6, -0.6], [0.9, 0.6, -0.5]], [[0.6, -0.2, 0.5], [0.9, -0.1, 1.0]], [[0.6, 0.0, -0.6], [0.9, 0.1, 0.5]], [[0.6, 0.1, -1.0], [0.9, 0.2, -0.5]]]
start: [0.68367999999999995, 1.9000600000000001, -1.8500000000000001, 0.91061000000000003, -1.1424700000000001, 1.56311, -2.9630200000000002]
tajectories: [[0.68368, 1.90006, -1.85, 0.91061, -1.14247, 1.56311, -2.96302], [0.80699, 1.81832, -1.85926, 1.11573, -1.22723, 1.18024, -2.78364], [0.93029, 1.73657, -1.86852, 1.32085, -1.31199, 0.79736, -2.60426], [1.05359, 1.65482, -1.87779, 1.52597, -1.39675, 0.41449, -2.42488], [1.17689, 1.57308, -1.88705, 1.73109, -1.48151, 0.03162, -2.24549], [1.30019, 1.49133, -1.89631, 1.93621, -1.56627, -0.35125, -2.06611], [1.42349, 1.40958, -1.90557, 2.14133, -1.65103, -0.73413, -1.88673], [1.5468, 1.32783, -1.91484, 2.34645, -1.73579, -1.117, -1.70735], [1.57534, 1.30891, -1.91698, 2.39394, -1.75541, -1.20564, -1.66582], [1.57968, 1.13043, -1.93702, 2.30737, -2.1126, -0.92428, -1.72488], [1.58402, 0.95194, -1.95707, 2.2208, -2.46978, -0.64293, -1.78394], [1.58836, 0.77346, -1.97711, 2.13423, -2.82697, -0.36157, -1.843], [1.5927, 0.59498, -1.99715, 2.04766, -3.18415, -0.08022, -1.90206], [1.59704, 0.4165, -2.01719, 1.9611, -3.54134, 0.20114, -1.96113], [1.60138, 0.23802, -2.03724, 1.87453, -3.89852, 0.48249, -2.02019], [1.60147, 0.23407, -2.03768, 1.87261, -3.90642, 0.48872, -2.02149], [1.36651, 0.35546, -1.99978, 1.68874, -3.54515, 0.58931, -2.08604], [1.13154, 0.47685, -1.96188, 1.50486, -3.18387, 0.68991, -2.15059], [0.89657, 0.59824, -1.92397, 1.32099, -2.82259, 0.7905, -2.21514], [0.6616, 0.71963, -1.88607, 1.13711, -2.46131, 0.8911, -2.2797]]
end: [0.43797999999999998, 0.83516000000000001, -1.8500000000000001, 0.96211999999999998, -2.11748, 0.98684000000000005, -2.3411300000000002]
obtacles: [[[0.6, 0.5, -1.0], [0.9, 0.6, 1.0]], [[0.6, -0.6, -1.0], [0.9, -0.5, 1.0]], [[0.6, -0.6, 0.9], [0.9, 0.6, 1.0]], [[0.6, -0.6, -1.0], [0.9, 0.6, -0.9]], [[0.6, -0.6, 0.4], [0.9, 0.6, 0.5]], [[0.6, -0.6, -0.6], [0.9, 0.6, -0.5]], [[0.6, -0.2, 0.5], [0.9, -0.1, 1.0]], [[0.6, 0.0, -0.6], [0.9, 0.1, 0.5]], [[0.6, 0.1, -1.0], [0.9, 0.2, -0.5]]]
start: [0.98923000000000005, 0.70957000000000003, -1.25, 1.3013300000000001, -2.47505, 1.5668500000000001, -2.9759500000000001]
tajectories: [[0.98923, 0.70957, -1.25, 1.30133, -2.47505, 1.56685, -2.97595], [0.91376, 0.51252, -1.16866, 1.34433, -2.62347, 1.27534, -2.67595], [0.8383, 0.31547, -1.08732, 1.38734, -2.7719, 0.98383, -2.37594], [0.76283, 0.11841, -1.00598, 1.43035, -2.92032, 0.69232, -2.07594], [0.68736, -0.07864, -0.92464, 1.47336, -3.06875, 0.40081, -1.77594], [0.61189, -0.27569, -0.8433, 1.51637, -3.21717, 0.10931, -1.47594], [0.55723, -0.41842, -0.78438, 1.54752, -3.32468, -0.10185, -1.25863], [0.60062, -0.3822, -0.93432, 1.69309, -3.01072, -0.34401, -1.47291], [0.64401, -0.34598, -1.08426, 1.83866, -2.69675, -0.58617, -1.68719], [0.6874, -0.30975, -1.2342, 1.98423, -2.38278, -0.82833, -1.90147], [0.73078, -0.27353, -1.38414, 2.12979, -2.06881, -1.07049, -2.11574], [0.77417, -0.23731, -1.53409, 2.27536, -1.75485, -1.31265, -2.33002], [0.78239, -0.23045, -1.56247, 2.30292, -1.69541, -1.35849, -2.37058], [0.99964, -0.53209, -1.56027, 2.20157, -1.73768, -1.38252, -2.05567], [1.21689, -0.83374, -1.55807, 2.10023, -1.77994, -1.40654, -1.74075], [1.43414, -1.13538, -1.55588, 1.99888, -1.8222, -1.43057, -1.42583], [1.6514, -1.43702, -1.55368, 1.89754, -1.86446, -1.4546, -1.11091], [1.86865, -1.73867, -1.55148, 1.79619, -1.90673, -1.47863, -0.79599]]
end: [2.0152199999999998, -1.94217, -1.55, 1.7278199999999999, -1.9352400000000001, -1.4948399999999999, -0.58352999999999999]
obtacles: [[[0.6, 0.5, -1.0], [0.9, 0.6, 1.0]], [[0.6, -0.6, -1.0], [0.9, -0.5, 1.0]], [[0.6, -0.6, 0.9], [0.9, 0.6, 1.0]], [[0.6, -0.6, -1.0], [0.9, 0.6, -0.9]], [[0.6, -0.6, 0.4], [0.9, 0.6, 0.5]], [[0.6, -0.6, -0.6], [0.9, 0.6, -0.5]], [[0.6, -0.2, 0.5], [0.9, -0.1, 1.0]], [[0.6, 0.0, -0.6], [0.9, 0.1, 0.5]], [[0.6, 0.1, -1.0], [0.9, 0.2, -0.5]]]
start: [0.43048999999999998, 0.77168000000000003, -1.3, 0.8992, 0.78151999999999999, -1.2661500000000001, 0.48148000000000002]
tajectories: [[0.43049, 0.77168, -1.3, 0.8992, 0.78152, -1.26615, 0.48148], [0.67918, 0.7743, -1.43157, 1.02917, 0.5896, -0.98722, 0.67974], [0.92788, 0.77692, -1.56314, 1.15914, 0.39767, -0.70829, 0.87799], [1.17657, 0.77954, -1.69472, 1.28911, 0.20575, -0.42936, 1.07625], [1.36913, 0.78157, -1.79659, 1.38975, 0.05714, -0.21339, 1.22975], [1.38046, 0.49705, -1.94253, 1.63384, -0.14581, -0.00758, 1.29678], [1.39179, 0.21252, -2.08847, 1.87792, -0.34876, 0.19824, 1.3638], [1.40312, -0.072, -2.23441, 2.122, -0.55171, 0.40406, 1.43082], [1.41041, -0.25511, -2.32832, 2.27909, -0.68232, 0.53651, 1.47395], [1.33259, -0.61797, -2.2874, 2.24061, -0.75429, 0.66716, 1.76868], [1.25477, -0.98084, -2.24648, 2.20214, -0.82626, 0.79781, 2.06342], [1.17695, -1.34371, -2.20555, 2.16367, -0.89824, 0.92846, 2.35815], [1.16194, -1.41369, -2.19766, 2.15625, -0.91212, 0.95366, 2.41499], [1.3417, -1.51389, -2.052, 1.99527, -0.53611, 1.05925, 2.50438], [1.52145, -1.61409, -1.90635, 1.83429, -0.16011, 1.16484, 2.59377], [1.70121, -1.71428, -1.76069, 1.6733, 0.21589, 1.27043, 2.68315], [1.88096, -1.81448, -1.61504, 1.51232, 0.5919, 1.37602, 2.77254], [2.06072, -1.91468, -1.46938, 1.35134, 0.9679, 1.48161, 2.86193]]
end: [2.1463399999999999, -1.9623999999999999, -1.3999999999999999, 1.2746599999999999, 1.1470100000000001, 1.5319100000000001, 2.9045100000000001]
