obtacles: [[[0.6, 0.5, -1.0], [0.9, 0.6, 1.0]], [[0.6, -0.6, -1.0], [0.9, -0.5, 1.0]], [[0.6, -0.6, 0.9], [0.9, 0.6, 1.0]], [[0.6, -0.6, -1.0], [0.9, 0.6, -0.9]], [[0.6, -0.6, 0.4], [0.9, 0.6, 0.5]], [[0.6, -0.6, -0.5], [0.9, 0.6, -0.4]], [[0.6, 0.1, 0.5], [0.9, 0.2, 1.0]], [[0.6, -0.3, -0.5], [0.9, -0.2, 0.5]], [[0.6, -0.2, -1.0], [0.9, -0.1, -0.4]]]
start: [-2.2898000000000001, -1.9544900000000001, 1.3, 1.7636400000000001, -1.2270099999999999, 1.25014, -2.3388]
tajectories: [[-2.2898, -1.95449, 1.3, 1.76364, -1.22701, 1.25014, -2.3388], [-1.98833, -1.75581, 1.46984, 1.88766, -1.13567, 1.26953, -2.08055], [-1.68686, -1.55712, 1.63968, 2.01169, -1.04432, 1.28893, -1.8223], [-1.38539, -1.35844, 1.80952, 2.13572, -0.95298, 1.30833, -1.56405], [-1.08392, -1.15976, 1.97936, 2.25974, -0.86163, 1.32773, -1.3058], [-0.78245, -0.96107, 2.1492, 2.38377, -0.77029, 1.34713, -1.04755], [-0.48098, -0.76239, 2.31904, 2.5078, -0.67894, 1.36653, -0.7893], [-0.17951, -0.56371, 2.48888, 2.63183, -0.5876, 1.38593, -0.53105], [-0.12237, -0.52605, 2.52107, 2.65533, -0.57028, 1.38961, -0.48211], [-0.25352, -0.31722, 2.53738, 2.33291, -0.67805, 1.21816, -0.27244], [-0.38467, -0.10839, 2.55369, 2.0105, -0.78582, 1.04671, -0.06277], [-0.51582, 0.10045, 2.57, 1.68808, -0.89359, 0.87526, 0.1469], [-0.64697, 0.30928, 2.58631, 1.36566, -1.00135, 0.70381, 0.35657], [-0.77811, 0.51811, 2.60262, 1.04324, -1.10912, 0.53236, 0.56624], [-0.90926, 0.72694, 2.61893, 0.72082, -1.21689, 0.36091, 0.77591], [-1.02894, 0.91751, 2.63382, 0.42659, -1.31523, 0.20445, 0.96725], [-1.00886, 0.90574, 2.31328, 0.49465, -1.20482, -0.12003, 0.81038], [-0.98878, 0.89396, 1.99275, 0.5627, -1.09441, -0.44452, 0.65352], [-0.9687, 0.88219, 1.67222, 0.63076, -0.984, -0.769, 0.49666], [-0.94862, 0.87042, 1.35169, 0.69881, -0.87359, -1.09349, 0.3398]]
end: [-0.93598000000000003, 0.86301000000000005, 1.1499999999999999, 0.74163000000000001, -0.80411999999999995, -1.2976700000000001, 0.24109]
obtacles: [[[0.6, 0.5, -1.0], [0.9, 0.6, 1.0]], [[0.6, -0.6, -1.0], [0.9, -0.5, 1.0]], [[0.6, -0.6, 0.9], [0.9, 0.6, 1.0]], [[0.6, -0.6, -1.0], [0.9, 0.6, -0.9]], [[0.6, -0.6, 0.4], [0.9, 0.6, 0.5]], [[0.6, -0.6, -0.5], [0.9, 0.6, -0.4]], [[0.6, 0.1, 0.5], [0.9, 0.2, 1.0]], [[0.6, -0.3, -0.5], [0.9, -0.2, 0.5]], [[0.6, -0.2, -1.0], [0.9, -0.1, -0.4]]]
start: [-0.020979999999999999, 1.7171799999999999, 1.1499999999999999, -0.40361999999999998, -1.12734, -1.5462199999999999, 0.38773999999999997]
tajectories: [[-0.02098, 1.71718, 1.15, -0.40362, -1.12734, -1.54622, 0.38774], [-0.01104, 1.66198, 0.91282, -0.34024, -1.09255, -1.12085, 0.45431], [-0.0011, 1.60677, 0.67564, -0.27687, -1.05775, -0.69548, 0.52088], [0.00884, 1.55157, 0.43845, -0.2135, -1.02295, -0.27011, 0.58744], [0.01878, 1.49636, 0.20127, -0.15012, -0.98816, 0.15526, 0.65401], [0.02872, 1.44116, -0.03591, -0.08675, -0.95336, 0.58063, 0.72058], [0.03867, 1.38595, -0.27309, -0.02337, -0.91856, 1.006, 0.78715], [0.04748, 1.33697, -0.48355, 0.03286, -0.88769, 1.38344, 0.84622], [0.13005, 1.43289, -0.52412, 0.24895, -1.06502, 1.27077, 0.47005], [0.21262, 1.52881, -0.56468, 0.46503, -1.24234, 1.15809, 0.09388], [0.29518, 1.62473, -0.60525, 0.68112, -1.41967, 1.04542, -0.28229], [0.37775, 1.72064, -0.64582, 0.8972, -1.59699, 0.93274, -0.65846], [0.44673, 1.80078, -0.67971, 1.07774, -1.74514, 0.83861, -0.97274], [0.72081, 1.72978, -0.72607, 1.40557, -1.72784, 0.82675, -1.21722], [0.9949, 1.65879, -0.77243, 1.73341, -1.71054, 0.8149, -1.46171], [1.26898, 1.58779, -0.81879, 2.06125, -1.69324, 0.80304, -1.70619], [1.54306, 1.5168, -0.86515, 2.38908, -1.67593, 0.79119, -1.95067], [1.81715, 1.4458, -0.91152, 2.71692, -1.65863, 0.77933, -2.19515], [1.91892, 1.41944, -0.92873, 2.83865, -1.65221, 0.77493, -2.28593], [1.82962, 1.40303, -0.78377, 2.69662, -1.92499, 0.74655, -1.93188], [1.74033, 1.38663, -0.6388, 2.55459, -2.19777, 0.71818, -1.57782], [1.65103, 1.37022, -0.49384, 2.41256, -2.47055, 0.68981, -1.22377], [1.57086, 1.35549, -0.36369, 2.28504, -2.71547, 0.66433, -0.90588], [1.39172, 1.15515, -0.1018, 2.15498, -2.45625, 0.50638, -0.89484], [1.21257, 0.9548, 0.16009, 2.02491, -2.19703, 0.34843, -0.8838], [1.03343, 0.75445, 0.42197, 1.89484, -1.93781, 0.19047, -0.87276], [0.85429, 0.5541, 0.68386, 1.76478, -1.67859, 0.03252, -0.86172], [0.70364, 0.38562, 0.90409, 1.6554, -1.46061, -0.1003, -0.85244], [0.72532, 0.1966, 0.79468, 1.38412, -1.38418, -0.43215, -0.96324], [0.747, 0.00759, 0.68527, 1.11285, -1.30774, -0.764, -1.07404], [0.76868, -0.18143, 0.57586, 0.84157, -1.23131, -1.09584, -1.18485], [0.76895, -0.18376, 0.57451, 0.83822, -1.23036, -1.09994, -1.18621], [0.63625, 0.20485, 0.7373, 0.79559, -1.02556, -1.1882, -1.12855], [0.50354, 0.59345, 0.90009, 0.75295, -0.82077, -1.27646, -1.07089]]
end: [0.42209000000000002, 0.83196000000000003, 1.0, 0.72677999999999998, -0.69506999999999997, -1.33063, -1.03549]
obtacles: [[[0.6, 0.5, -1.0], [0.9, 0.6, 1.0]], [[0.6, -0.6, -1.0], [0.9, -0.5, 1.0]], [[0.6, -0.6, 0.9], [0.9, 0.6, 1.0]], [[0.6, -0.6, -1.0], [0.9, 0.6, -0.9]], [[0.6, -0.6, 0.4], [0.9, 0.6, 0.5]], [[0.6, -0.6, -0.5], [0.9, 0.6, -0.4]], [[0.6, 0.1, 0.5], [0.9, 0.2, 1.0]], [[0.6, -0.3, -0.5], [0.9, -0.2, 0.5]], [[0.6, -0.2, -1.0], [0.9, -0.1, -0.4]]]
start: [0.58872999999999998, 1.8156399999999999, -1.8, 0.91115999999999997, -1.23794, 1.5451600000000001, -2.8517800000000002]
tajectories: [[0.58873, 1.81564, -1.8, 0.91116, -1.23794, 1.54516, -2.85178], [0.75637, 1.76051, -1.67707, 1.14505, -0.93275, 1.44184, -2.63912], [0.92401, 1.70538, -1.55413, 1.37894, -0.62757, 1.33852, -2.42646], [1.09166, 1.65025, -1.4312, 1.61284, -0.32238, 1.2352, -2.2138], [1.0955, 1.64898, -1.42838, 1.61819, -0.31539, 1.23283, -2.20893], [1.37704, 1.35987, -1.27574, 1.62163, -0.11551, 1.22197, -2.05477], [1.65859, 1.07075, -1.1231, 1.62507, 0.08437, 1.21111, -1.90061], [1.94014, 0.78164, -0.97047, 1.62851, 0.28424, 1.20025, -1.74645], [2.22168, 0.49252, -0.81783, 1.63195, 0.48412, 1.18939, -1.5923], [2.39083, 0.31883, -0.72613, 1.63401, 0.60421, 1.18287, -1.49968], [2.40102, 0.42776, -0.62608, 1.37826, 0.6322, 0.7806, -1.49674], [2.41121, 0.53669, -0.52602, 1.12251, 0.6602, 0.37833, -1.49381], [2.4214, 0.64562, -0.42597, 0.86675, 0.6882, -0.02393, -1.49087], [2.43159, 0.75455, -0.32592, 0.611, 0.7162, -0.4262, -1.48793], [2.43934, 0.83746, -0.24976, 0.41633, 0.73751, -0.7324, -1.4857], [2.15833, 0.71523, -0.16719, 0.19211, 0.51039, -0.56286, -1.62234], [1.87732, 0.59299, -0.08461, -0.0321, 0.28326, -0.39331, -1.75898], [1.59631, 0.47076, -0.00204, -0.25631, 0.05614, -0.22377, -1.89563], [1.3153, 0.34852, 0.08054, -0.48053, -0.17098, -0.05423, -2.03227], [1.03429, 0.22629, 0.16311, -0.70474, -0.39811, 0.11531, -2.16891], [0.89096, 0.16394, 0.20523, -0.8191, -0.51396, 0.20179, -2.23861], [0.56008, 0.14941, -0.0682, -0.81604, -0.69552, 0.02416, -2.27043], [0.22919, 0.13489, -0.34163, -0.81298, -0.87708, -0.15348, -2.30225], [-0.10169, 0.12036, -0.61506, -0.80993, -1.05864, -0.33111, -2.33407], [-0.43258, 0.10583, -0.88849, -0.80687, -1.2402, -0.50874, -2.36589], [-0.76346, 0.09131, -1.16192, -0.80381, -1.42176, -0.68638, -2.39772], [-0.95909, 0.08272, -1.32358, -0.802, -1.5291, -0.7914, -2.41653], [-0.85733, 0.26202, -1.43135, -0.68486, -1.44022, -0.39317, -2.54172], [-0.75558, 0.44133, -1.53913, -0.56772, -1.35134, 0.00506, -2.6669], [-0.65382, 0.62064, -1.6469, -0.45058, -1.26245, 0.40329, -2.79209], [-0.55207, 0.79994, -1.75467, -0.33345, -1.17357, 0.80152, -2.91728]]
end: [-0.50927, 0.87534999999999996, -1.8, -0.28417999999999999, -1.13619, 0.96899999999999997, -2.9699300000000002]
obtacles: [[[0.6, 0.5, -1.0], [0.9, 0.6, 1.0]], [[0.6, -0.6, -1.0], [0.9, -0.5, 1.0]], [[0.6, -0.6, 0.9], [0.9, 0.6, 1.0]], [[0.6, -0.6, -1.0], [0.9, 0.6, -0.9]], [[0.6, -0.6, 0.4], [0.9, 0.6, 0.5]], [[0.6, -0.6, -0.5], [0.9, 0.6, -0.4]], [[0.6, 0.1, 0.5], [0.9, 0.2, 1.0]], [[0.6, -0.3, -0.5], [0.9, -0.2, 0.5]], [[0.6, -0.2, -1.0], [0.9, -0.1, -0.4]]]
start: [0.96009999999999995, 1.87805, -1.8, 1.63517, -1.27006, 1.3329899999999999, -2.5383599999999999]
tajectories: [[0.9601, 1.87805, -1.8, 1.63517, -1.27006, 1.33299, -2.53836], [0.94248, 1.74825, -1.78325, 1.83282, -0.92826, 1.13864, -2.34115], [0.92485, 1.61845, -1.7665, 2.03047, -0.58646, 0.94428, -2.14394], [0.90723, 1.48864, -1.74975, 2.22813, -0.24466, 0.74993, -1.94673], [0.8896, 1.35884, -1.733, 2.42578, 0.09714, 0.55557, -1.74952], [0.87198, 1.22904, -1.71625, 2.62343, 0.43895, 0.36122, -1.5523], [0.86261, 1.16, -1.70734, 2.72854, 0.62072, 0.25786, -1.44742], [0.83218, 1.01155, -1.76486, 2.55862, 0.23185, 0.29108, -1.65366], [0.80176, 0.8631, -1.82238, 2.38871, -0.15701, 0.3243, -1.8599], [0.77134, 0.71464, -1.8799, 2.2188, -0.54588, 0.35752, -2.06614], [0.75004, 0.61072, -1.92017, 2.09985, -0.81811, 0.38077, -2.21052], [0.5218, 0.68095, -1.89185, 1.77451, -1.07526, 0.51528, -2.16456], [0.29357, 0.75119, -1.86353, 1.44917, -1.3324, 0.64978, -2.1186], [0.06534, 0.82142, -1.8352, 1.12383, -1.58955, 0.78428, -2.07264], [-0.1629, 0.89166, -1.80688, 0.79849, -1.8467, 0.91879, -2.02668]]
end: [-0.21836, 0.90871999999999997, -1.8, 0.71943999999999997, -1.9091899999999999, 0.95147000000000004, -2.0155099999999999]
obtacles: [[[0.6, 0.5, -1.0], [0.9, 0.6, 1.0]], [[0.6, -0.6, -1.0], [0.9, -0.5, 1.0]], [[0.6, -0.6, 0.9], [0.9, 0.6, 1.0]], [[0.6, -0.6, -1.0], [0.9, 0.6, -0.9]], [[0.6, -0.6, 0.4], [0.9, 0.6, 0.5]], [[0.6, -0.6, -0.5], [0.9, 0.6, -0.4]], [[0.6, 0.1, 0.5], [0.9, 0.2, 1.0]], [[0.6, -0.3, -0.5], [0.9, -0.2, 0.5]], [[0.6, -0.2, -1.0], [0.9, -0.1, -0.4]]]
start: [0.96953999999999996, 1.6616500000000001, -1.6000000000000001, 1.8608, -4.6335699999999997, -1.5169600000000001, 0.88780999999999999]
tajectories: [[0.96954, 1.66165, -1.6, 1.8608, -4.63357, -1.51696, 0.88781], [1.04537, 1.52685, -1.5855, 1.96632, -4.29744, -1.23553, 1.03799], [1.12119, 1.39206, -1.571, 2.07184, -3.96132, -0.95411, 1.18818], [1.19702, 1.25726, -1.5565, 2.17736, -3.6252, -0.67268, 1.33836], [1.27285, 1.12247, -1.542, 2.28288, -3.28907, -0.39126, 1.48855], [1.34868, 0.98767, -1.5275, 2.38841, -2.95295, -0.10983, 1.63873], [1.42451, 0.85287, -1.51299, 2.49393, -2.61683, 0.1716, 1.78892], [1.45736, 0.79447, -1.50671, 2.53965, -2.47119, 0.29354, 1.85399], [1.4451, 0.74998, -1.66711, 2.64209, -2.65201, 0.38505, 1.44098], [1.43283, 0.7055, -1.82751, 2.74453, -2.83283, 0.47656, 1.02797], [1.42056, 0.66101, -1.9879, 2.84697, -3.01365, 0.56807, 0.61495], [1.4083, 0.61652, -2.1483, 2.9494, -3.19447, 0.65958, 0.20194], [1.39603, 0.57203, -2.3087, 3.05184, -3.37529, 0.75109, -0.21107], [1.38621, 0.5364, -2.43719, 3.13391, -3.52014, 0.8244, -0.54193], [1.25191, 0.61991, -2.37234, 3.05426, -3.13099, 0.89145, -0.78382], [1.11761, 0.70343, -2.30748, 2.97461, -2.74185, 0.95849, -1.0257], [0.98331, 0.78694, -2.24263, 2.89496, -2.3527, 1.02554, -1.26759], [0.84901, 0.87046, -2.17777, 2.81531, -1.96355, 1.09259, -1.50947], [0.71873, 0.95147, -2.11486, 2.73805, -1.58606, 1.15763, -1.74411], [0.53299, 0.91967, -2.01241, 2.30682, -1.67675, 1.11117, -1.83156], [0.34726, 0.88786, -1.90996, 1.87558, -1.76744, 1.06472, -1.919], [0.16152, 0.85606, -1.80752, 1.44434, -1.85813, 1.01826, -2.00645], [-0.02422, 0.82425, -1.70507, 1.01311, -1.94882, 0.9718, -2.0939], [-0.20996, 0.79245, -1.60263, 0.58187, -2.03951, 0.92535, -2.18134]]
end: [-0.21471999999999999, 0.79162999999999994, -1.6000000000000001, 0.57081999999999999, -2.0418400000000001, 0.92415999999999998, -2.1835900000000001]
obtacles: [[[0.6, 0.5, -1.0], [0.9, 0.6, 1.0]], [[0.6, -0.6, -1.0], [0.9, -0.5, 1.0]], [[0.6, -0.6, 0.9], [0.9, 0.6, 1.0]], [[0.6, -0.6, -1.0], [0.9, 0.6, -0.9]], [[0.6, -0.6, 0.4], [0.9, 0.6, 0.5]], [[0.6, -0.6, -0.5], [0.9, 0.6, -0.4]], [[0.6, 0.1, 0.5], [0.9, 0.2, 1.0]], [[0.6, -0.3, -0.5], [0.9, -0.2, 0.5]], [[0.6, -0.2, -1.0], [0.9, -0.1, -0.4]]]
start: [0.71072999999999997, 1.78481, -1.6499999999999999, 1.2849999999999999, -1.3432500000000001, 1.5564899999999999, -2.57748]
tajectories: [[0.71073, 1.78481, -1.65, 1.285, -1.34325, 1.55649, -2.57748], [0.72431, 1.58245, -1.31772, 1.41503, -1.10522, 1.40012, -2.59843], [0.73789, 1.3801, -0.98544, 1.54506, -0.86719, 1.24375, -2.61939], [0.75146, 1.17775, -0.65316, 1.6751, -0.62916, 1.08738, -2.64034], [0.76504, 0.9754, -0.32088, 1.80513, -0.39112, 0.93101, -2.66129], [0.77862, 0.77304, 0.0114, 1.93516, -0.15309, 0.77464, -2.68225], [0.79219, 0.57069, 0.34368, 2.0652, 0.08494, 0.61827, -2.7032], [0.80325, 0.40589, 0.61429, 2.1711, 0.27879, 0.49092, -2.72027], [0.63058, 0.32524, 0.21837, 2.24494, 0.10622, 0.34365, -2.72173], [0.45791, 0.24459, -0.17756, 2.31878, -0.06635, 0.19638, -2.72318], [0.28524, 0.16394, -0.57348, 2.39262, -0.23892, 0.04911, -2.72464], [0.11257, 0.08329, -0.96941, 2.46646, -0.41149, -0.09816, -2.72609], [-0.0601, 0.00264, -1.36534, 2.5403, -0.58406, -0.24543, -2.72755], [-0.23277, -0.07801, -1.76126, 2.61414, -0.75663, -0.3927, -2.729], [-0.40544, -0.15866, -2.15719, 2.68798, -0.9292, -0.53997, -2.73046], [-0.45474, -0.18169, -2.27024, 2.70907, -0.97847, -0.58202, -2.73087], [-0.54763, 0.05003, -2.05106, 2.55577, -1.06754, -0.2635, -2.6487], [-0.64052, 0.28175, -1.83188, 2.40248, -1.15661, 0.05502, -2.56654], [-0.73341, 0.51347, -1.6127, 2.24919, -1.24567, 0.37353, -2.48437], [-0.76038, 0.58074, -1.54907, 2.20469, -1.27153, 0.466, -2.46051], [-0.76382, 0.62627, -1.66496, 1.88777, -1.24036, 0.59358, -2.11876], [-0.76727, 0.67181, -1.78086, 1.57085, -1.20919, 0.72116, -1.777], [-0.77071, 0.71735, -1.89675, 1.25394, -1.17803, 0.84873, -1.43524], [-0.77416, 0.76289, -2.01265, 0.93702, -1.14686, 0.97631, -1.09348], [-0.77761, 0.80843, -2.12854, 0.6201, -1.11569, 1.10389, -0.75172], [-0.78105, 0.85397, -2.24444, 0.30318, -1.08452, 1.23147, -0.40996], [-0.78417, 0.89519, -2.34935, 0.0163, -1.05631, 1.34696, -0.10059], [-0.73653, 0.8923, -2.22788, -0.01215, -1.11125, 1.26915, -0.57291], [-0.68888, 0.8894, -2.10642, -0.0406, -1.1662, 1.19135, -1.04523], [-0.64123, 0.88651, -1.98496, -0.06905, -1.22115, 1.11355, -1.51755], [-0.59358, 0.88361, -1.8635, -0.0975, -1.27609, 1.03574, -1.98987], [-0.54593, 0.88072, -1.74203, -0.12595, -1.33104, 0.95794, -2.46219]]
end: [-0.50983000000000001, 0.87853000000000003, -1.6499999999999999, -0.14751, -1.3726700000000001, 0.89898999999999996, -2.8200699999999999]
obtacles: [[[0.6, 0.5, -1.0], [0.9, 0.6, 1.0]], [[0.6, -0.6, -1.0], [0.9, -0.5, 1.0]], [[0.6, -0.6, 0.9], [0.9, 0.6, 1.0]], [[0.6, -0.6, -1.0], [0.9, 0.6, -0.9]], [[0.6, -0.6, 0.4], [0.9, 0.6, 0.5]], [[0.6, -0.6, -0.5], [0.9, 0.6, -0.4]], [[0.6, 0.1, 0.5], [0.9, 0.2, 1.0]], [[0.6, -0.3, -0.5], [0.9, -0.2, 0.5]], [[0.6, -0.2, -1.0], [0.9, -0.1, -0.4]]]
start: [0.68920000000000003, 1.8425100000000001, -1.8500000000000001, 0.83679999999999999, -4.3256600000000001, -1.55345, 0.10579]
tajectories: [[0.6892, 1.84251, -1.85, 0.8368, -4.32566, -1.55345, 0.10579], [0.75709, 1.76768, -1.58708, 1.14669, -4.39117, -1.35131, -0.0659], [0.82497, 1.69286, -1.32415, 1.45658, -4.45668, -1.14916, -0.23759], [0.89285, 1.61803, -1.06123, 1.76647, -4.52219, -0.94701, -0.40928], [0.96073, 1.5432, -0.7983, 2.07636, -4.5877, -0.74487, -0.58096], [1.02861, 1.46837, -0.53538, 2.38625, -4.65321, -0.54272, -0.75265], [1.05207, 1.44251, -0.44451, 2.49335, -4.67585, -0.47286, -0.81199], [0.87647, 1.2525, -0.64761, 2.63696, -4.60986, -0.144, -0.90519], [0.70088, 1.06249, -0.8507, 2.78058, -4.54388, 0.18486, -0.9984], [0.52529, 0.87248, -1.05379, 2.92419, -4.47789, 0.51373, -1.0916], [0.41919, 0.75767, -1.17651, 3.01097, -4.43802, 0.71243, -1.14792], [0.29661, 0.7785, -1.40344, 2.87211, -4.2112, 0.78703, -1.47465], [0.17404, 0.79933, -1.63037, 2.73324, -3.98438, 0.86163, -1.80138], [0.05147, 0.82016, -1.8573, 2.59438, -3.75756, 0.93622, -2.1281], [-0.07111, 0.84098, -2.08423, 2.45552, -3.53074, 1.01082, -2.45483], [-0.07953, 0.84241, -2.09983, 2.44598, -3.51516, 1.01594, -2.47728], [0.03758, 0.84948, -2.03578, 2.12193, -3.17384, 1.04159, -2.37745], [0.1547, 0.85655, -1.97172, 1.79788, -2.83251, 1.06723, -2.27761], [0.27181, 0.86362, -1.90767, 1.47384, -2.49119, 1.09288, -2.17777]]
end: [0.37724999999999997, 0.86997999999999998, -1.8500000000000001, 1.1820900000000001, -2.1838899999999999, 1.1159600000000001, -2.0878899999999998]
obtacles: [[[0.6, 0.5, -1.0], [0.9, 0.6, 1.0]], [[0.6, -0.6, -1.0], [0.9, -0.5, 1.0]], [[0.6, -0.6, 0.9], [0.9, 0.6, 1.0]], [[0.6, -0.6, -1.0], [0.9, 0.6, -0.9]], [[0.6, -0.6, 0.4], [0.9, 0.6, 0.5]], [[0.6, -0.6, -0.5], [0.9, 0.6, -0.4]], [[0.6, 0.1, 0.5], [0.9, 0.2, 1.0]], [[0.6, -0.3, -0.5], [0.9, -0.2, 0.5]], [[0.6, -0.2, -1.0], [0.9, -0.1, -0.4]]]
start: [2.2133099999999999, -0.86341000000000001, -1.5, 0.83382999999999996, -1.0399400000000001, -1.0740799999999999, -0.069360000000000005]
tajectories: [[2.21331, -0.86341, -1.5, 0.83383, -1.03994, -1.07408, -0.06936], [2.14387, -0.82888, -1.44766, 0.90477, -0.83524, -0.83467, -0.43948], [2.07443, -0.79435, -1.39532, 0.97571, -0.63054, -0.59525, -0.80961], [2.005, -0.75983, -1.34298, 1.04665, -0.42584, -0.35584, -1.17974], [1.93556, -0.7253, -1.29064, 1.11759, -0.22114, -0.11642, -1.54986], [1.86612, -0.69078, -1.2383, 1.18852, -0.01644, 0.12299, -1.91999], [1.79668, -0.65625, -1.18596, 1.25946, 0.18825, 0.3624, -2.29012], [1.72725, -0.62172, -1.13362, 1.3304, 0.39295, 0.60182, -2.66025], [1.72581, -0.62101, -1.13254, 1.33187, 0.39718, 0.60677, -2.6679], [1.64241, -0.31481, -0.79057, 1.18648, 0.42999, 0.5065, -2.67648], [1.55902, -0.00861, -0.44859, 1.04109, 0.4628, 0.40623, -2.68506], [1.47562, 0.29759, -0.10662, 0.8957, 0.49561, 0.30596, -2.69363], [1.39223, 0.60379, 0.23535, 0.75031, 0.52842, 0.20569, -2.70221], [1.32056, 0.86691, 0.52921, 0.62538, 0.55662, 0.11952, -2.70958], [1.30759, 1.03356, 0.28037, 0.96197, 0.34112, 0.12654, -2.69055], [1.29461, 1.2002, 0.03154, 1.29855, 0.12562, 0.13356, -2.67152], [1.28163, 1.36685, -0.2173, 1.63513, -0.08988, 0.14057, -2.65249], [1.26866, 1.5335, -0.46614, 1.97172, -0.30538, 0.14759, -2.63346], [1.25568, 1.70015, -0.71498, 2.3083, -0.52088, 0.15461, -2.61442], [1.24862, 1.79081, -0.85035, 2.49141, -0.63811, 0.15842, -2.60407], [1.106, 1.8008, -1.03176, 2.22365, -0.78724, 0.47729, -2.57182], [0.96339, 1.8108, -1.21317, 1.95589, -0.93636, 0.79616, -2.53956], [0.82077, 1.82079, -1.39458, 1.68813, -1.08549, 1.11503, -2.50731], [0.67815, 1.83078, -1.57599, 1.42037, -1.23462, 1.4339, -2.47505]]
end: [0.61995999999999996, 1.8348599999999999, -1.6499999999999999, 1.3111299999999999, -1.2954600000000001, 1.56399, -2.4618899999999999]
obtacles: [[[0.6, 0.5, -1.0], [0.9, 0.6, 1.0]], [[0.6, -0.6, -1.0], [0.9, -0.5, 1.0]], [[0.6, -0.6, 0.9], [0.9, 0.6, 1.0]], [[0.6, -0.6, -1.0], [0.9, 0.6, -0.9]], [[0.6, -0.6, 0.4], [0.9, 0.6, 0.5]], [[0.6, -0.6, -0.5], [0.9, 0.6, -0.4]], [[0.6, 0.1, 0.5], [0.9, 0.2, 1.0]], [[0.6, -0.3, -0.5], [0.9, -0.2, 0.5]], [[0.6, -0.2, -1.0], [0.9, -0.1, -0.4]]]
start: [0.46443000000000001, 1.85029, -1.75, 1.1053200000000001, -1.2413099999999999, 1.5415099999999999, -2.53085]
tajectories: [[0.46443, 1.85029, -1.75, 1.10532, -1.24131, 1.54151, -2.53085], [0.48285, 1.69203, -1.33963, 1.28002, -1.11343, 1.48278, -2.45413], [0.50128, 1.53377, -0.92925, 1.45471, -0.98555, 1.42404, -2.37741], [0.5197, 1.37551, -0.51888, 1.62941, -0.85768, 1.36531, -2.30069], [0.53813, 1.21725, -0.1085, 1.80411, -0.7298, 1.30657, -2.22397], [0.55655, 1.059, 0.30187, 1.9788, -0.60192, 1.24784, -2.14725], [0.57498, 0.90074, 0.71225, 2.1535, -0.47404, 1.18911, -2.07053], [0.5934, 0.74248, 1.12262, 2.3282, -0.34616, 1.13037, -1.99381], [0.60375, 0.65361, 1.35308, 2.42631, -0.27435, 1.09739, -1.95073], [0.8932, 0.69934, 0.98351, 2.33239, -0.21842, 0.9731, -1.96307], [1.18264, 0.74508, 0.61395, 2.23847, -0.1625, 0.84881, -1.97541], [1.47209, 0.79081, 0.24438, 2.14455, -0.10657, 0.72451, -1.98775], [1.76154, 0.83655, -0.12518, 2.05063, -0.05065, 0.60022, -2.00009], [2.05099, 0.88228, -0.49475, 1.95671, 0.00527, 0.47593, -2.01243], [2.26089, 0.91545, -0.76275, 1.8886, 0.04583, 0.3858, -2.02138], [2.07497, 0.80881, -1.0217, 2.05945, 0.10768, 0.08189, -1.91355], [1.88905, 0.70218, -1.28065, 2.2303, 0.16953, -0.22203, -1.80573], [1.70312, 0.59554, -1.5396, 2.40116, 0.23138, -0.52594, -1.6979], [1.5172, 0.4889, -1.79855, 2.57201, 0.29324, -0.82985, -1.59007], [1.33128, 0.38226, -2.0575, 2.74286, 0.35509, -1.13376, -1.48225], [1.17296, 0.29146, -2.278, 2.88834, 0.40776, -1.39254, -1.39044], [1.31801, 0.1127, -2.19913, 2.57816, 0.20378, -1.37, -1.1614], [1.46306, -0.06606, -2.12025, 2.26797, -0.00019, -1.34747, -0.93236], [1.60811, -0.24482, -2.04138, 1.95779, -0.20416, -1.32493, -0.70333], [1.75316, -0.42358, -1.96251, 1.6476, -0.40813, -1.30239, -0.47429], [1.89821, -0.60235, -1.88364, 1.33742, -0.6121, -1.27986, -0.24525], [2.04326, -0.78111, -1.80477, 1.02723, -0.81607, -1.25732, -0.01622]]
end: [2.1439900000000001, -0.90525, -1.75, 0.81181999999999999, -0.95772000000000002, -1.2416700000000001, 0.14283999999999999]
obtacles: [[[0.6, 0.5, -1.0], [0.9, 0.6, 1.0]], [[0.6, -0.6, -1.0], [0.9, -0.5, 1.0]], [[0.6, -0.6, 0.9], [0.9, 0.6, 1.0]], [[0.6, -0.6, -1.0], [0.9, 0.6, -0.9]], [[0.6, -0.6, 0.4], [0.9, 0.6, 0.5]], [[0.6, -0.6, -0.5], [0.9, 0.6, -0.4]], [[0.6, 0.1, 0.5], [0.9, 0.2, 1.0]], [[0.6, -0.3, -0.5], [0.9, -0.2, 0.5]], [[0.6, -0.2, -1.0], [0.9, -0.1, -0.4]]]
start: [2.3408799999999998, -1.6169199999999999, -1.5, 0.94589999999999996, -1.64964, -1.5404500000000001, -0.14235999999999999]
tajectories: [[2.34088, -1.61692, -1.5, 0.9459, -1.64964, -1.54045, -0.14236], [2.15381, -1.60792, -1.54336, 1.30754, -1.55392, -1.48487, -0.40694], [1.96673, -1.59892, -1.58671, 1.66918, -1.45819, -1.42929, -0.67153], [1.77966, -1.58991, -1.63007, 2.03081, -1.36246, -1.37371, -0.93612], [1.59258, -1.58091, -1.67342, 2.39245, -1.26673, -1.31812, -1.20071], [1.40551, -1.57191, -1.71678, 2.75409, -1.171, -1.26254, -1.46529], [1.246, -1.56424, -1.75375, 3.06244, -1.08938, -1.21515, -1.69089], [1.03498, -1.32339, -1.81326, 2.92979, -1.33981, -1.23593, -1.43954], [0.82396, -1.08255, -1.87277, 2.79714, -1.59024, -1.25672, -1.18818], [0.61293, -0.8417, -1.93228, 2.66449, -1.84067, -1.2775, -0.93683], [0.40191, -0.60086, -1.99179, 2.53185, -2.0911, -1.29829, -0.68547], [0.19089, -0.36001, -2.0513, 2.3992, -2.34153, -1.31907, -0.43412], [0.09364, -0.24901, -2.07873, 2.33806, -2.45695, -1.32865, -0.31827], [0.25711, 0.15878, -1.94625, 2.31526, -2.55389, -1.3716, -0.15193], [0.42059, 0.56657, -1.81378, 2.29245, -2.65084, -1.41455, 0.01441], [0.58407, 0.97436, -1.68131, 2.26964, -2.74778, -1.45749, 0.18075], [0.74754, 1.38216, -1.54883, 2.24683, -2.84473, -1.50044, 0.34709], [0.85576, 1.65211, -1.46114, 2.23173, -2.9089, -1.52887, 0.4572], [0.85911, 1.71059, -1.56636, 1.89471, -3.23138, -1.53684, 0.32357], [0.86245, 1.76908, -1.67158, 1.55768, -3.55385, -1.54482, 0.18994], [0.86579, 1.82756, -1.7768, 1.22066, -3.87633, -1.55279, 0.0563], [0.86913, 1.88605, -1.88202, 0.88364, -4.19881, -1.56077, -0.07733]]
end: [0.86970999999999998, 1.8960399999999999, -1.8999999999999999, 0.82606000000000002, -4.2538999999999998, -1.56213, -0.10016]
obtacles: [[[0.6, 0.5, -1.0], [0.9, 0.6, 1.0]], [[0.6, -0.6, -1.0], [0.9, -0.5, 1.0]], [[0.6, -0.6, 0.9], [0.9, 0.6, 1.0]], [[0.6, -0.6, -1.0], [0.9, 0.6, -0.9]], [[0.6, -0.6, 0.4], [0.9, 0.6, 0.5]], [[0.6, -0.6, -0.5], [0.9, 0.6, -0.4]], [[0.6, 0.1, 0.5], [0.9, 0.2, 1.0]], [[0.6, -0.3, -0.5], [0.9, -0.2, 0.5]], [[0.6, -0.2, -1.0], [0.9, -0.1, -0.4]]]
start: [0.57618000000000003, 1.8671599999999999, -1.6000000000000001, 1.50007, -4.41472, -1.56358, 0.91844999999999999]
tajectories: [[0.57618, 1.86716, -1.6, 1.50007, -4.41472, -1.56358, 0.91845], [0.56732, 1.79282, -1.72665, 1.67292, -4.01076, -1.43933, 0.77753], [0.55846, 1.71849, -1.85329, 1.84577, -3.6068, -1.31507, 0.63662], [0.54961, 1.64415, -1.97994, 2.01862, -3.20284, -1.19082, 0.49571], [0.54075, 1.56982, -2.10658, 2.19148, -2.79888, -1.06657, 0.35479], [0.53189, 1.49548, -2.23323, 2.36433, -2.39492, -0.94232, 0.21388], [0.52304, 1.42115, -2.35987, 2.53718, -1.99096, -0.81806, 0.07296], [0.51573, 1.35987, -2.46428, 2.67968, -1.65794, -0.71563, -0.04321], [0.18441, 1.29419, -2.36386, 2.51181, -1.91719, -0.60953, 0.0953], [-0.1469, 1.22852, -2.26344, 2.34395, -2.17644, -0.50343, 0.2338], [-0.47822, 1.16285, -2.16301, 2.17608, -2.43569, -0.39733, 0.37231], [-0.80954, 1.09717, -2.06259, 2.00821, -2.69494, -0.29123, 0.51081], [-1.14086, 1.0315, -1.96217, 1.84035, -2.9542, -0.18513, 0.64932], [-1.26162, 1.00756, -1.92557, 1.77916, -3.04869, -0.14646, 0.6998], [-1.17315, 0.87591, -1.69535, 1.5646, -2.8714, 0.15866, 0.66411], [-1.08468, 0.74426, -1.46514, 1.35003, -2.69412, 0.46378, 0.62841], [-0.99621, 0.61261, -1.23492, 1.13546, -2.51683, 0.7689, 0.59272], [-0.90774, 0.48096, -1.0047, 0.9209, -2.33954, 1.07402, 0.55702], [-0.81927, 0.34931, -0.77449, 0.70633, -2.16225, 1.37914, 0.52133], [-0.78889, 0.3041, -0.69543, 0.63265, -2.10137, 1.48391, 0.50907], [-0.70489, 0.40817, -0.85378, 0.63623, -2.08404, 1.40576, 0.06116], [-0.6209, 0.51225, -1.01212, 0.6398, -2.06671, 1.3276, -0.38674], [-0.5369, 0.61633, -1.17047, 0.64337, -2.04938, 1.24945, -0.83465], [-0.45291, 0.7204, -1.32881, 0.64695, -2.03205, 1.1713, -1.28255], [-0.36891, 0.82448, -1.48716, 0.65052, -2.01472, 1.09314, -1.73045]]
end: [-0.30904999999999999, 0.89864999999999995, -1.6000000000000001, 0.65307000000000004, -2.00237, 1.03745, -2.0496500000000002]
obtacles: [[[0.6, 0.5, -1.0], [0.9, 0.6, 1.0]], [[0.6, -0.6, -1.0], [0.9, -0.5, 1.0]], [[0.6, -0.6, 0.9], [0.9, 0.6, 1.0]], [[0.6, -0.6, -1.0], [0.9, 0.6, -0.9]], [[0.6, -0.6, 0.4], [0.9, 0.6, 0.5]], [[0.6, -0.6, -0.5], [0.9, 0.6, -0.4]], [[0.6, 0.1, 0.5], [0.9, 0.2, 1.0]], [[0.6, -0.3, -0.5], [0.9, -0.2, 0.5]], [[0.6, -0.2, -1.0], [0.9, -0.1, -0.4]]]
start: [0.42398000000000002, 1.74742, -1.7, 0.99748999999999999, -1.3526499999999999, 1.5595399999999999, -2.5807799999999999]
tajectories: [[0.42398, 1.74742, -1.7, 0.99749, -1.35265, 1.55954, -2.58078], [0.74811, 1.70261, -1.76453, 1.2248, -1.08833, 1.42895, -2.56741], [1.07224, 1.6578, -1.82905, 1.45212, -0.82402, 1.29836, -2.55404], [1.39638, 1.61299, -1.89358, 1.67944, -0.55971, 1.16776, -2.54068], [1.72051, 1.56818, -1.9581, 1.90676, -0.2954, 1.03717, -2.52731], [2.04464, 1.52338, -2.02263, 2.13408, -0.03109, 0.90658, -2.51394], [2.16976, 1.50608, -2.04754, 2.22183, 0.07095, 0.85617, -2.50878], [1.87513, 1.24999, -2.13651, 1.98685, 0.07811, 0.87674, -2.32438], [1.58049, 0.9939, -2.22549, 1.75188, 0.08527, 0.89732, -2.13998], [1.28586, 0.73781, -2.31447, 1.5169, 0.09243, 0.91789, -1.95557], [0.99122, 0.48173, -2.40344, 1.28193, 0.0996, 0.93847, -1.77117], [0.69659, 0.22564, -2.49242, 1.04695, 0.10676, 0.95904, -1.58677], [0.40195, -0.03045, -2.5814, 0.81198, 0.11392, 0.97961, -1.40237], [0.17253, -0.22986, -2.65068, 0.62901, 0.1195, 0.99563, -1.25878], [-0.11605, 0.01687, -2.34042, 0.60799, 0.07616, 1.07315, -1.22343], [-0.40464, 0.2636, -2.03015, 0.58698, 0.03282, 1.15067, -1.18809], [-0.69322, 0.51034, -1.71989, 0.56597, -0.01053, 1.22819, -1.15274], [-0.98181, 0.75707, -1.40962, 0.54495, -0.05387, 1.3057, -1.11739], [-1.04102, 0.8077, -1.34596, 0.54064, -0.06276, 1.32161, -1.11014], [-0.88545, 0.82235, -1.42431, 0.52765, -0.4561, 1.2303, -1.34725], [-0.72988, 0.837, -1.50266, 0.51466, -0.84945, 1.139, -1.58436], [-0.57432, 0.85166, -1.58101, 0.50168, -1.24279, 1.04769, -1.82147], [-0.41875, 0.86631, -1.65936, 0.48869, -1.63613, 0.95638, -2.05857]]
end: [-0.33805000000000002, 0.87390999999999996, -1.7, 0.48194999999999999, -1.8401700000000001, 0.90902000000000005, -2.1815699999999998]
