obtacles: [[[0.6, 0.5, -1.0], [0.9, 0.6, 1.0]], [[0.6, -0.6, -1.0], [0.9, -0.5, 1.0]], [[0.6, -0.6, 0.9], [0.9, 0.6, 1.0]], [[0.6, -0.6, -1.0], [0.9, 0.6, -0.9]], [[0.6, -0.6, 0.3], [0.9, 0.6, 0.4]], [[0.6, -0.6, -0.5], [0.9, 0.6, -0.4]], [[0.6, -0.2, 0.4], [0.9, -0.1, 1.0]], [[0.6, -0.2, -0.5], [0.9, -0.1, 0.4]], [[0.6, 0.0, -1.0], [0.9, 0.1, -0.4]]]
start: [-1.0913600000000001, 1.86808, 1.6000000000000001, 1.66554, -1.8644099999999999, -1.5152600000000001, -0.56159999999999999]
tajectories: [[-1.09136, 1.86808, 1.6, 1.66554, -1.86441, -1.51526, -0.5616], [-1.23381, 1.68318, 1.3497, 1.81527, -1.98815, -1.3805, -0.83904], [-1.37627, 1.49828, 1.0994, 1.96501, -2.11189, -1.24573, -1.11647], [-1.51873, 1.31337, 0.8491, 2.11474, -2.23563, -1.11096, -1.39391], [-1.66119, 1.12847, 0.5988, 2.26448, -2.35937, -0.9762, -1.67135], [-1.80365, 0.94357, 0.34849, 2.41421, -2.48311, -0.84143, -1.94879], [-1.94611, 0.75867, 0.09819, 2.56395, -2.60684, -0.70666, -2.22623], [-2.08857, 0.57377, -0.15211, 2.71368, -2.73058, -0.5719, -2.50367], [-2.19224, 0.43921, -0.33425, 2.82264, -2.82063, -0.47383, -2.70556], [-2.02974, 0.1761, -0.08068, 2.704, -2.75535, -0.46751, -2.43782], [-1.86723, -0.08702, 0.1729, 2.58535, -2.69007, -0.4612, -2.17008], [-1.70473, -0.35013, 0.42647, 2.46671, -2.6248, -0.45488, -1.90234], [-1.54222, -0.61325, 0.68005, 2.34806, -2.55952, -0.44856, -1.63459], [-1.37972, -0.87636, 0.93362, 2.22942, -2.49424, -0.44225, -1.36685], [-1.21722, -1.13948, 1.18719, 2.11077, -2.42896, -0.43593, -1.09911], [-1.05471, -1.40259, 1.44077, 1.99213, -2.36369, -0.42961, -0.83137], [-0.9456, -1.57926, 1.61103, 1.91246, -2.31985, -0.42537, -0.6516], [-1.01808, -1.30371, 1.5919, 1.87427, -1.91406, -0.40454, -0.60811], [-1.09056, -1.02816, 1.57276, 1.83608, -1.50827, -0.38371, -0.56463], [-1.16304, -0.75261, 1.55363, 1.79789, -1.10247, -0.36288, -0.52114], [-1.23553, -0.47705, 1.5345, 1.7597, -0.69668, -0.34204, -0.47766], [-1.30801, -0.2015, 1.51537, 1.7215, -0.29089, -0.32121, -0.43417], [-1.37264, 0.0442, 1.49831, 1.68745, 0.07096, -0.30263, -0.3954], [-1.57977, -0.19581, 1.55499, 1.49651, 0.28969, -0.53472, -0.30535], [-1.78691, -0.43582, 1.61168, 1.30557, 0.50843, -0.76681, -0.21531], [-1.99404, -0.67583, 1.66837, 1.11463, 0.72716, -0.9989, -0.12526], [-2.20118, -0.91584, 1.72506, 0.92369, 0.94589, -1.23099, -0.03521]]
end: [-2.2923100000000001, -1.0214300000000001, 1.75, 0.83969000000000005, 1.0421199999999999, -1.3331, 0.0044000000000000003]
obtacles: [[[0.6, 0.5, -1.0], [0.9, 0.6, 1.0]], [[0.6, -0.6, -1.0], [0.9, -0.5, 1.0]], [[0.6, -0.6, 0.9], [0.9, 0.6, 1.0]], [[0.6, -0.6, -1.0], [0.9, 0.6, -0.9]], [[0.6, -0.6, 0.3], [0.9, 0.6, 0.4]], [[0.6, -0.6, -0.5], [0.9, 0.6, -0.4]], [[0.6, -0.2, 0.4], [0.9, -0.1, 1.0]], [[0.6, -0.2, -0.5], [0.9, -0.1, 0.4]], [[0.6, 0.0, -1.0], [0.9, 0.1, -0.4]]]
start: [0.96252000000000004, 1.9033899999999999, -1.6499999999999999, 1.6340300000000001, -1.2423299999999999, 1.47539, -2.4992200000000002]
tajectories: [[0.96252, 1.90339, -1.65, 1.63403, -1.24233, 1.47539, -2.49922], [1.14781, 1.8405, -1.73765, 1.88509, -1.56885, 1.30454, -2.42709], [1.33309, 1.77761, -1.8253, 2.13615, -1.89537, 1.1337, -2.35497], [1.51837, 1.71471, -1.91294, 2.38721, -2.22188, 0.96286, -2.28285], [1.70365, 1.65182, -2.00059, 2.63827, -2.5484, 0.79202, -2.21073], [1.88893, 1.58893, -2.08824, 2.88933, -2.87492, 0.62117, -2.1386], [1.93304, 1.57396, -2.10911, 2.94909, -2.95265, 0.5805, -2.12143], [1.83614, 1.22085, -2.058, 2.80111, -2.69181, 0.72703, -2.07774], [1.73924, 0.86775, -2.00689, 2.65312, -2.43097, 0.87356, -2.03404], [1.64233, 0.51464, -1.95579, 2.50513, -2.17014, 1.02009, -1.99035], [1.54543, 0.16153, -1.90468, 2.35715, -1.9093, 1.16661, -1.94665], [1.44853, -0.19157, -1.85358, 2.20916, -1.64847, 1.31314, -1.90296], [1.42159, -0.28974, -1.83937, 2.16802, -1.57595, 1.35388, -1.89081], [1.41925, -0.38072, -1.85259, 2.1219, -1.5918, 0.88556, -1.74995], [1.41691, -0.4717, -1.86582, 2.07578, -1.60766, 0.41724, -1.60909], [1.41458, -0.56269, -1.87904, 2.02966, -1.62351, -0.05108, -1.46823], [1.41224, -0.65367, -1.89226, 1.98354, -1.63936, -0.5194, -1.32737], [1.40991, -0.74465, -1.90549, 1.93742, -1.65522, -0.98771, -1.18651], [1.40928, -0.76908, -1.90904, 1.92504, -1.65948, -1.11349, -1.14868], [1.65586, -0.81333, -1.8338, 1.67202, -1.45606, -1.17472, -0.87954], [1.90244, -0.85758, -1.75856, 1.41901, -1.25265, -1.23596, -0.6104], [2.14902, -0.90183, -1.68332, 1.166, -1.04924, -1.29719, -0.34126]]
end: [2.2582100000000001, -0.92142999999999997, -1.6499999999999999, 1.05396, -0.95916999999999997, -1.3243, -0.22209000000000001]
obtacles: [[[0.6, 0.5, -1.0], [0.9, 0.6, 1.0]], [[0.6, -0.6, -1.0], [0.9, -0.5, 1.0]], [[0.6, -0.6, 0.9], [0.9, 0.6, 1.0]], [[0.6, -0.6, -1.0], [0.9, 0.6, -0.9]], [[0.6, -0.6, 0.3], [0.9, 0.6, 0.4]], [[0.6, -0.6, -0.5], [0.9, 0.6, -0.4]], [[0.6, -0.2, 0.4], [0.9, -0.1, 1.0]], [[0.6, -0.2, -0.5], [0.9, -0.1, 0.4]], [[0.6, 0.0, -1.0], [0.9, 0.1, -0.4]]]
start: [1.07294, 1.89937, -1.75, 1.5244, -1.23011, 1.4166300000000001, -2.7465000000000002]
tajectories: [[1.07294, 1.89937, -1.75, 1.5244, -1.23011, 1.41663, -2.7465], [1.1877, 1.90343, -1.58538, 1.67435, -1.27346, 1.34452, -2.32205], [1.30246, 1.90748, -1.42077, 1.82429, -1.3168, 1.27241, -1.89761], [1.41722, 1.91153, -1.25615, 1.97424, -1.36015, 1.2003, -1.47317], [1.53198, 1.91559, -1.09154, 2.12419, -1.4035, 1.1282, -1.04872], [1.64674, 1.91964, -0.92692, 2.27414, -1.44685, 1.05609, -0.62428], [1.76149, 1.9237, -0.7623, 2.42409, -1.4902, 0.98398, -0.19984], [1.79991, 1.92505, -0.7072, 2.47428, -1.50471, 0.95984, -0.05777], [1.8084, 1.77567, -0.71089, 2.02277, -1.44294, 0.85586, 0.03766], [1.8169, 1.62629, -0.71457, 1.57125, -1.38118, 0.75188, 0.13308], [1.82539, 1.47691, -0.71826, 1.11974, -1.31941, 0.6479, 0.2285], [1.83388, 1.32753, -0.72194, 0.66822, -1.25764, 0.54391, 0.32393], [1.83746, 1.26457, -0.7235, 0.47794, -1.23161, 0.50009, 0.36414], [1.69352, 0.8739, -0.84953, 0.45774, -1.35954, 0.32058, 0.47264], [1.54958, 0.48322, -0.97556, 0.43754, -1.48747, 0.14108, 0.58115], [1.40563, 0.09254, -1.10159, 0.41735, -1.6154, -0.03843, 0.68965], [1.26169, -0.29813, -1.22762, 0.39715, -1.74332, -0.21794, 0.79815], [1.1913, -0.48917, -1.28924, 0.38727, -1.80588, -0.30571, 0.85121], [1.41863, -0.55538, -1.39064, 0.54662, -1.58323, -0.54012, 0.61938], [1.64596, -0.6216, -1.49203, 0.70598, -1.36058, -0.77452, 0.38755], [1.87329, -0.68781, -1.59342, 0.86533, -1.13793, -1.00892, 0.15572], [2.10063, -0.75403, -1.69481, 1.02468, -0.91528, -1.24332, -0.07611]]
end: [2.22437, -0.79007000000000005, -1.75, 1.1114299999999999, -0.79408999999999996, -1.3709199999999999, -0.20230000000000001]
obtacles: [[[0.6, 0.5, -1.0], [0.9, 0.6, 1.0]], [[0.6, -0.6, -1.0], [0.9, -0.5, 1.0]], [[0.6, -0.6, 0.9], [0.9, 0.6, 1.0]], [[0.6, -0.6, -1.0], [0.9, 0.6, -0.9]], [[0.6, -0.6, 0.3], [0.9, 0.6, 0.4]], [[0.6, -0.6, -0.5], [0.9, 0.6, -0.4]], [[0.6, -0.2, 0.4], [0.9, -0.1, 1.0]], [[0.6, -0.2, -0.5], [0.9, -0.1, 0.4]], [[0.6, 0.0, -1.0], [0.9, 0.1, -0.4]]]
start: [2.06894, -1.64384, -1.55, 1.6740999999999999, -1.64133, -1.54264, -0.59968999999999995]
tajectories: [[2.06894, -1.64384, -1.55, 1.6741, -1.64133, -1.54264, -0.59969], [1.85327, -1.68604, -1.57087, 1.7988, -1.88349, -1.20247, -0.49308], [1.63761, -1.72825, -1.59173, 1.9235, -2.12564, -0.86229, -0.38647], [1.42194, -1.77045, -1.6126, 2.04821, -2.36779, -0.52212, -0.27986], [1.20628, -1.81266, -1.63347, 2.17291, -2.60995, -0.18195, -0.17325], [1.17055, -1.81965, -1.63692, 2.19357, -2.65007, -0.12559, -0.15558], [1.17212, -1.62831, -1.33885, 2.13947, -2.35444, 0.05021, -0.09802], [1.17368, -1.43698, -1.04079, 2.08537, -2.05881, 0.22602, -0.04047], [1.17525, -1.24564, -0.74272, 2.03127, -1.76318, 0.40183, 0.01709], [1.17682, -1.0543, -0.44465, 1.97718, -1.46756, 0.57763, 0.07465], [1.17719, -1.0096, -0.37501, 1.96454, -1.39848, 0.61871, 0.0881], [1.38753, -0.92906, -0.27228, 1.98241, -0.97625, 0.54912, 0.01548], [1.59787, -0.84852, -0.16955, 2.00029, -0.55402, 0.47952, -0.05714], [1.80821, -0.76798, -0.06682, 2.01817, -0.13179, 0.40993, -0.12976], [2.01856, -0.68744, 0.03591, 2.03605, 0.29045, 0.34034, -0.20238], [2.05534, -0.67336, 0.05387, 2.03918, 0.36428, 0.32817, -0.21508], [1.85008, -0.49206, -0.22616, 1.84501, 0.57124, 0.20554, -0.18328], [1.64482, -0.31075, -0.50619, 1.65085, 0.7782, 0.08291, -0.15148], [1.43957, -0.12945, -0.78622, 1.45669, 0.98516, -0.03972, -0.11967], [1.23431, 0.05186, -1.06625, 1.26252, 1.19212, -0.16235, -0.08787], [1.17161, 0.10723, -1.15178, 1.20322, 1.25534, -0.1998, -0.07816], [1.08109, 0.38126, -1.29751, 1.07078, 1.15703, -0.54083, -0.03371], [0.99056, 0.65528, -1.44324, 0.93835, 1.05873, -0.88186, 0.01073]]
end: [0.92425000000000002, 0.85602999999999996, -1.55, 0.84133000000000002, 0.98672000000000004, -1.1316999999999999, 0.043290000000000002]
obtacles: [[[0.6, 0.5, -1.0], [0.9, 0.6, 1.0]], [[0.6, -0.6, -1.0], [0.9, -0.5, 1.0]], [[0.6, -0.6, 0.9], [0.9, 0.6, 1.0]], [[0.6, -0.6, -1.0], [0.9, 0.6, -0.9]], [[0.6, -0.6, 0.3], [0.9, 0.6, 0.4]], [[0.6, -0.6, -0.5], [0.9, 0.6, -0.4]], [[0.6, -0.2, 0.4], [0.9, -0.1, 1.0]], [[0.6, -0.2, -0.5], [0.9, -0.1, 0.4]], [[0.6, 0.0, -1.0], [0.9, 0.1, -0.4]]]
start: [0.53864000000000001, 1.9658800000000001, -1.7, 1.8098700000000001, -1.2095800000000001, 1.3626199999999999, -1.9343999999999999]
tajectories: [[0.53864, 1.96588, -1.7, 1.80987, -1.20958, 1.36262, -1.9344], [0.7201, 1.87386, -1.71092, 1.79525, -0.92398, 1.36759, -1.57849], [0.90157, 1.78183, -1.72184, 1.78062, -0.63837, 1.37257, -1.22257], [1.08303, 1.68981, -1.73276, 1.766, -0.35277, 1.37754, -0.86666], [1.2645, 1.59778, -1.74369, 1.75137, -0.06717, 1.38252, -0.51075], [1.44596, 1.50576, -1.75461, 1.73675, 0.21844, 1.3875, -0.15483], [1.60649, 1.42435, -1.76427, 1.72381, 0.47109, 1.3919, 0.16001], [1.73821, 1.26269, -1.98846, 1.67794, 0.23102, 1.24378, 0.4331], [1.86994, 1.10103, -2.21266, 1.63206, -0.00904, 1.09567, 0.70619], [2.00166, 0.93936, -2.43686, 1.58618, -0.24911, 0.94755, 0.97927], [2.13338, 0.7777, -2.66105, 1.54031, -0.48917, 0.79944, 1.25236], [2.15136, 0.75564, -2.69164, 1.53405, -0.52193, 0.77923, 1.28963], [1.91165, 0.76337, -2.65253, 1.4029, -0.47875, 0.78062, 1.70422], [1.67195, 0.7711, -2.61341, 1.27175, -0.43558, 0.78202, 2.11881], [1.56825, 0.77444, -2.59649, 1.21501, -0.4169, 0.78262, 2.29818], [1.35314, 0.81424, -2.37659, 0.92583, -0.67475, 0.81938, 2.34642], [1.13804, 0.85403, -2.15668, 0.63665, -0.9326, 0.85615, 2.39466], [0.92294, 0.89383, -1.93678, 0.34748, -1.19045, 0.89291, 2.4429], [0.70784, 0.93362, -1.71688, 0.0583, -1.4483, 0.92968, 2.49115]]
end: [0.69133, 0.93667999999999996, -1.7, 0.036110000000000003, -1.4680899999999999, 0.9325, 2.49485]
obtacles: [[[0.6, 0.5, -1.0], [0.9, 0.6, 1.0]], [[0.6, -0.6, -1.0], [0.9, -0.5, 1.0]], [[0.6, -0.6, 0.9], [0.9, 0.6, 1.0]], [[0.6, -0.6, -1.0], [0.9, 0.6, -0.9]], [[0.6, -0.6, 0.3], [0.9, 0.6, 0.4]], [[0.6, -0.6, -0.5], [0.9, 0.6, -0.4]], [[0.6, -0.2, 0.4], [0.9, -0.1, 1.0]], [[0.6, -0.2, -0.5], [0.9, -0.1, 0.4]], [[0.6, 0.0, -1.0], [0.9, 0.1, -0.4]]]
start: [2.17835, -1.7693000000000001, -1.45, 1.0435399999999999, -1.80274, -1.56793, -0.067919999999999994]
tajectories: [[2.17835, -1.7693, -1.45, 1.04354, -1.80274, -1.56793, -0.06792], [2.08216, -1.65095, -1.68347, 1.32914, -1.83656, -1.3505, -0.27346], [1.98598, -1.5326, -1.91695, 1.61474, -1.87038, -1.13307, -0.47899], [1.88979, -1.41425, -2.15042, 1.90034, -1.9042, -0.91564, -0.68453], [1.79361, -1.2959, -2.3839, 2.18594, -1.93802, -0.69821, -0.89007], [1.71128, -1.1946, -2.58374, 2.4304, -1.96697, -0.51209, -1.066], [1.62396, -0.98684, -2.60034, 2.32676, -1.79056, -0.1907, -1.29791], [1.53664, -0.77908, -2.61694, 2.22311, -1.61416, 0.13069, -1.52982], [1.44932, -0.57132, -2.63353, 2.11947, -1.43775, 0.45208, -1.76174], [1.36201, -0.36357, -2.65013, 2.01582, -1.26134, 0.77347, -1.99365], [1.27469, -0.15581, -2.66672, 1.91218, -1.08493, 1.09486, -2.22556], [1.19453, 0.03491, -2.68196, 1.81704, -0.923, 1.38988, -2.43845], [1.33423, 0.22159, -2.50161, 1.86799, -0.59114, 1.2028, -2.56246], [1.47393, 0.40827, -2.32125, 1.91895, -0.25928, 1.01571, -2.68647], [1.61362, 0.59496, -2.1409, 1.9699, 0.07258, 0.82863, -2.81048], [1.70735, 0.72021, -2.0199, 2.00409, 0.29523, 0.70311, -2.89368], [1.50555, 0.74937, -1.92817, 1.7883, -0.09049, 0.7711, -2.88681], [1.30376, 0.77853, -1.83644, 1.57252, -0.47621, 0.83909, -2.87994], [1.10197, 0.80769, -1.74472, 1.35673, -0.86194, 0.90707, -2.87307], [0.90017, 0.83685, -1.65299, 1.14094, -1.24766, 0.97506, -2.86621], [0.69838, 0.86601, -1.56126, 0.92516, -1.63338, 1.04304, -2.85934], [0.49658, 0.89517, -1.46953, 0.70937, -2.0191, 1.11103, -2.85247]]
end: [0.45361000000000001, 0.90137999999999996, -1.45, 0.66342000000000001, -2.1012400000000002, 1.12551, -2.85101]
obtacles: [[[0.6, 0.5, -1.0], [0.9, 0.6, 1.0]], [[0.6, -0.6, -1.0], [0.9, -0.5, 1.0]], [[0.6, -0.6, 0.9], [0.9, 0.6, 1.0]], [[0.6, -0.6, -1.0], [0.9, 0.6, -0.9]], [[0.6, -0.6, 0.3], [0.9, 0.6, 0.4]], [[0.6, -0.6, -0.5], [0.9, 0.6, -0.4]], [[0.6, -0.2, 0.4], [0.9, -0.1, 1.0]], [[0.6, -0.2, -0.5], [0.9, -0.1, 0.4]], [[0.6, 0.0, -1.0], [0.9, 0.1, -0.4]]]
start: [2.0408300000000001, -1.81741, -1.55, 1.5826499999999999, -1.81721, -1.5477399999999999, -0.47645999999999999]
tajectories: [[2.04083, -1.81741, -1.55, 1.58265, -1.81721, -1.54774, -0.47646], [1.93304, -1.84377, -1.44941, 1.81564, -1.69506, -1.21059, -0.68786], [1.82524, -1.87014, -1.34883, 2.04863, -1.57291, -0.87344, -0.89926], [1.71744, -1.8965, -1.24824, 2.28163, -1.45075, -0.53629, -1.11066], [1.67961, -1.90575, -1.21294, 2.3634, -1.40788, -0.41797, -1.18486], [1.73398, -1.45998, -1.25199, 2.47442, -1.36848, -0.50654, -1.34323], [1.78835, -1.0142, -1.29103, 2.58544, -1.32908, -0.59512, -1.5016], [1.84272, -0.56843, -1.33008, 2.69646, -1.28969, -0.68369, -1.65997], [1.87875, -0.27301, -1.35595, 2.77003, -1.26358, -0.74239, -1.76493], [1.95267, -0.20942, -1.22601, 2.67696, -0.93259, -0.89896, -1.48053], [2.0266, -0.14583, -1.09607, 2.5839, -0.60161, -1.05553, -1.19614], [2.10053, -0.08223, -0.96612, 2.49083, -0.27062, -1.2121, -0.91175], [2.13112, -0.05592, -0.91236, 2.45232, -0.13368, -1.27688, -0.79408], [1.87484, 0.1349, -0.96666, 2.17142, 0.05559, -1.31606, -0.62469], [1.61855, 0.32573, -1.02095, 1.89052, 0.24486, -1.35525, -0.4553], [1.36227, 0.51655, -1.07525, 1.60962, 0.43413, -1.39443, -0.28591], [1.10599, 0.70738, -1.12955, 1.32872, 0.6234, -1.43362, -0.11651], [0.84971, 0.8982, -1.18385, 1.04782, 0.81267, -1.47281, 0.05288]]
end: [0.77349000000000001, 0.95496000000000003, -1.2, 0.96428000000000003, 0.86895999999999995, -1.4844599999999999, 0.10326]
obtacles: [[[0.6, 0.5, -1.0], [0.9, 0.6, 1.0]], [[0.6, -0.6, -1.0], [0.9, -0.5, 1.0]], [[0.6, -0.6, 0.9], [0.9, 0.6, 1.0]], [[0.6, -0.6, -1.0], [0.9, 0.6, -0.9]], [[0.6, -0.6, 0.3], [0.9, 0.6, 0.4]], [[0.6, -0.6, -0.5], [0.9, 0.6, -0.4]], [[0.6, -0.2, 0.4], [0.9, -0.1, 1.0]], [[0.6, -0.2, -0.5], [0.9, -0.1, 0.4]], [[0.6, 0.0, -1.0], [0.9, 0.1, -0.4]]]
start: [0.94711999999999996, 1.95021, -1.6000000000000001, 1.5614300000000001, -1.19102, 1.54714, -2.5374400000000001]
tajectories: [[0.94712, 1.95021, -1.6, 1.56143, -1.19102, 1.54714, -2.53744], [1.14405, 1.8962, -1.58958, 1.68336, -0.99986, 1.41111, -2.16558], [1.34097, 1.84219, -1.57915, 1.80529, -0.80869, 1.27507, -1.79372], [1.5379, 1.78818, -1.56873, 1.92723, -0.61753, 1.13904, -1.42187], [1.73483, 1.73417, -1.55831, 2.04916, -0.42637, 1.003, -1.05001], [1.93175, 1.68017, -1.54788, 2.17109, -0.23521, 0.86697, -0.67815], [2.12868, 1.62616, -1.53746, 2.29303, -0.04405, 0.73093, -0.30629], [2.3256, 1.57215, -1.52704, 2.41496, 0.14711, 0.5949, 0.06557], [2.3582, 1.56321, -1.52531, 2.43514, 0.17875, 0.57238, 0.12712], [2.30838, 1.5988, -1.70993, 2.45291, -0.20049, 0.35791, 0.27555], [2.25856, 1.6344, -1.89454, 2.47068, -0.57973, 0.14344, 0.42398], [2.20874, 1.66999, -2.07916, 2.48845, -0.95897, -0.07103, 0.57241], [2.15892, 1.70559, -2.26378, 2.50621, -1.33821, -0.2855, 0.72084], [2.1091, 1.74118, -2.4484, 2.52398, -1.71745, -0.49997, 0.86927], [2.07891, 1.76275, -2.56025, 2.53475, -1.94721, -0.62991, 0.9592], [1.91696, 1.55679, -2.55938, 2.25304, -1.94917, -0.52546, 0.65741], [1.755, 1.35083, -2.55851, 1.97134, -1.95114, -0.42102, 0.35561], [1.59304, 1.14487, -2.55764, 1.68964, -1.9531, -0.31658, 0.05382], [1.43109, 0.93891, -2.55677, 1.40793, -1.95506, -0.21213, -0.24798], [1.26913, 0.73295, -2.5559, 1.12623, -1.95702, -0.10769, -0.54978], [1.10717, 0.52699, -2.55503, 0.84452, -1.95898, -0.00324, -0.85157], [0.99758, 0.38763, -2.55445, 0.6539, -1.96031, 0.06743, -1.05579], [1.18484, 0.16676, -2.3891, 0.78487, -1.775, -0.2027, -0.93601], [1.3721, -0.05411, -2.22375, 0.91583, -1.5897, -0.47284, -0.81623], [1.55937, -0.27499, -2.05841, 1.0468, -1.40439, -0.74297, -0.69645], [1.74663, -0.49586, -1.89306, 1.17777, -1.21908, -1.01311, -0.57667], [1.93389, -0.71673, -1.72772, 1.30873, -1.03378, -1.28324, -0.45689]]
end: [2.0785300000000002, -0.88732999999999995, -1.6000000000000001, 1.4098900000000001, -0.89063999999999999, -1.4918899999999999, -0.36437000000000003]
obtacles: [[[0.6, 0.5, -1.0], [0.9, 0.6, 1.0]], [[0.6, -0.6, -1.0], [0.9, -0.5, 1.0]], [[0.6, -0.6, 0.9], [0.9, 0.6, 1.0]], [[0.6, -0.6, -1.0], [0.9, 0.6, -0.9]], [[0.6, -0.6, 0.3], [0.9, 0.6, 0.4]], [[0.6, -0.6, -0.5], [0.9, 0.6, -0.4]], [[0.6, -0.2, 0.4], [0.9, -0.1, 1.0]], [[0.6, -0.2, -0.5], [0.9, -0.1, 0.4]], [[0.6, 0.0, -1.0], [0.9, 0.1, -0.4]]]
start: [0.93862000000000001, 1.7456199999999999, -1.8500000000000001, 1.39076, -4.4843200000000003, -1.3327, 0.40011000000000002]
tajectories: [[0.93862, 1.74562, -1.85, 1.39076, -4.48432, -1.3327, 0.40011], [0.94359, 1.7208, -1.75833, 1.50625, -4.07911, -1.12359, 0.25977], [0.94856, 1.69598, -1.66665, 1.62175, -3.6739, -0.91448, 0.11943], [0.95354, 1.67116, -1.57498, 1.73725, -3.26869, -0.70537, -0.02091], [0.95851, 1.64634, -1.48331, 1.85275, -2.86349, -0.49626, -0.16125], [0.96348, 1.62152, -1.39163, 1.96825, -2.45828, -0.28715, -0.30159], [0.96845, 1.5967, -1.29996, 2.08374, -2.05307, -0.07804, -0.44193], [0.9697, 1.59049, -1.27701, 2.11265, -1.95165, -0.0257, -0.47706], [1.17471, 1.63526, -1.31099, 2.07081, -1.60038, -0.28055, -0.35576], [1.37973, 1.68003, -1.34497, 2.02896, -1.24911, -0.53541, -0.23446], [1.58475, 1.7248, -1.37895, 1.98712, -0.89783, -0.79027, -0.11316], [1.78976, 1.76957, -1.41294, 1.94527, -0.54656, -1.04513, 0.00814], [1.99478, 1.81434, -1.44692, 1.90343, -0.19529, -1.29999, 0.12944], [2.01101, 1.81789, -1.44961, 1.90012, -0.16749, -1.32016, 0.13904], [1.94202, 1.46869, -1.67075, 1.83886, -0.11608, -1.25177, 0.39069], [1.87304, 1.11949, -1.89189, 1.7776, -0.06467, -1.18339, 0.64234], [1.80406, 0.7703, -2.11303, 1.71635, -0.01327, -1.115, 0.89399], [1.73508, 0.4211, -2.33418, 1.65509, 0.03814, -1.04662, 1.14564], [1.6661, 0.0719, -2.55532, 1.59383, 0.08955, -0.97823, 1.39729], [1.65475, 0.01446, -2.5917, 1.58375, 0.098, -0.96698, 1.43868], [1.77847, -0.19832, -2.43403, 1.42078, -0.12723, -1.05039, 1.15528], [1.90219, -0.4111, -2.27637, 1.25781, -0.35246, -1.1338, 0.87188], [2.02591, -0.62388, -2.1187, 1.09484, -0.57769, -1.2172, 0.58849], [2.14963, -0.83666, -1.96104, 0.93187, -0.80292, -1.30061, 0.30509]]
end: [2.2367599999999999, -0.98651, -1.8500000000000001, 0.81708999999999998, -0.96153, -1.3593500000000001, 0.1055]
obtacles: [[[0.6, 0.5, -1.0], [0.9, 0.6, 1.0]], [[0.6, -0.6, -1.0], [0.9, -0.5, 1.0]], [[0.6, -0.6, 0.9], [0.9, 0.6, 1.0]], [[0.6, -0.6, -1.0], [0.9, 0.6, -0.9]], [[0.6, -0.6, 0.3], [0.9, 0.6, 0.4]], [[0.6, -0.6, -0.5], [0.9, 0.6, -0.4]], [[0.6, -0.2, 0.4], [0.9, -0.1, 1.0]], [[0.6, -0.2, -0.5], [0.9, -0.1, 0.4]], [[0.6, 0.0, -1.0], [0.9, 0.1, -0.4]]]
start: [2.4298899999999999, -1.8826099999999999, -1.3, 1.0216099999999999, -1.97709, -1.5137400000000001, -0.25533]
tajectories: [[2.42989, -1.88261, -1.3, 1.02161, -1.97709, -1.51374, -0.25533], [2.21133, -1.89491, -1.30909, 1.38537, -1.88796, -1.31676, -0.40676], [1.99277, -1.90722, -1.31819, 1.74913, -1.79883, -1.11978, -0.55819], [1.77422, -1.91953, -1.32728, 2.1129, -1.70969, -0.9228, -0.70962], [1.55566, -1.93183, -1.33637, 2.47666, -1.62056, -0.72582, -0.86105], [1.3371, -1.94414, -1.34546, 2.84042, -1.53143, -0.52884, -1.01248], [1.32575, -1.94478, -1.34593, 2.85931, -1.5268, -0.51861, -1.02034], [1.26688, -1.73377, -1.11354, 2.7139, -1.51052, -0.19813, -1.17488], [1.20801, -1.52275, -0.88114, 2.56849, -1.49425, 0.12235, -1.32942], [1.14913, -1.31174, -0.64874, 2.42308, -1.47797, 0.44283, -1.48396], [1.09026, -1.10073, -0.41635, 2.27767, -1.4617, 0.76331, -1.6385], [1.03139, -0.88972, -0.18395, 2.13226, -1.44542, 1.0838, -1.79304], [0.97251, -0.6787, 0.04845, 1.98685, -1.42915, 1.40428, -1.94758], [0.95473, -0.61494, 0.11867, 1.94291, -1.42423, 1.50111, -1.99427], [0.92349, -0.3541, -0.15452, 1.75642, -1.6126, 1.46274, -2.18032], [0.89225, -0.09326, -0.42771, 1.56992, -1.80097, 1.42437, -2.36637], [0.86102, 0.16759, -0.7009, 1.38342, -1.98934, 1.38599, -2.55242], [0.82978, 0.42843, -0.97409, 1.19692, -2.17772, 1.34762, -2.73847], [0.79855, 0.68928, -1.24728, 1.01042, -2.36609, 1.30925, -2.92453]]
end: [0.79252, 0.73962000000000006, -1.3, 0.97443000000000002, -2.4024399999999999, 1.3018400000000001, -2.9604300000000001]
obtacles: [[[0.6, 0.5, -1.0], [0.9, 0.6, 1.0]], [[0.6, -0.6, -1.0], [0.9, -0.5, 1.0]], [[0.6, -0.6, 0.9], [0.9, 0.6, 1.0]], [[0.6, -0.6, -1.0], [0.9, 0.6, -0.9]], [[0.6, -0.6, 0.3], [0.9, 0.6, 0.4]], [[0.6, -0.6, -0.5], [0.9, 0.6, -0.4]], [[0.6, -0.2, 0.4], [0.9, -0.1, 1.0]], [[0.6, -0.2, -0.5], [0.9, -0.1, 0.4]], [[0.6, 0.0, -1.0], [0.9, 0.1, -0.4]]]
start: [1.0665899999999999, 1.7138199999999999, -1.6499999999999999, 1.83412, -1.4525300000000001, 1.45784, -2.3864299999999998]
tajectories: [[1.06659, 1.71382, -1.65, 1.83412, -1.45253, 1.45784, -2.38643], [1.31002, 1.68877, -1.39944, 1.96573, -1.74747, 1.30631, -2.37874], [1.55344, 1.66373, -1.14888, 2.09733, -2.04242, 1.15478, -2.37105], [1.79687, 1.63868, -0.89831, 2.22893, -2.33736, 1.00324, -2.36336], [2.0403, 1.61363, -0.64775, 2.36054, -2.63231, 0.85171, -2.35567], [2.12939, 1.60446, -0.55605, 2.4087, -2.74025, 0.79626, -2.35286], [2.20251, 1.52693, -0.76341, 2.44774, -2.35627, 0.58194, -2.32547], [2.27563, 1.4494, -0.97078, 2.48677, -1.97229, 0.36762, -2.29809], [2.34875, 1.37188, -1.17814, 2.52581, -1.58832, 0.1533, -2.2707], [2.42187, 1.29435, -1.3855, 2.56485, -1.20434, -0.06101, -2.24332], [2.49499, 1.21682, -1.59286, 2.60388, -0.82036, -0.27533, -2.21594], [2.56811, 1.13929, -1.80022, 2.64292, -0.43639, -0.48965, -2.18855], [2.60984, 1.09504, -1.91857, 2.6652, -0.21724, -0.61197, -2.17293], [2.20757, 1.05352, -1.92837, 2.53908, -0.21479, -0.35975, -2.25558], [1.8053, 1.01199, -1.93817, 2.41296, -0.21233, -0.10754, -2.33823], [1.40302, 0.97046, -1.94797, 2.28684, -0.20988, 0.14467, -2.42089], [1.00075, 0.92894, -1.95776, 2.16071, -0.20743, 0.39688, -2.50354], [0.59847, 0.88741, -1.96756, 2.03459, -0.20497, 0.6491, -2.58619], [0.1962, 0.84588, -1.97736, 1.90847, -0.20252, 0.90131, -2.66885], [0.03704, 0.82945, -1.98124, 1.85857, -0.20155, 1.0011, -2.70155], [-0.02883, 0.84692, -1.90849, 1.60405, -0.59379, 1.0086, -2.55535], [-0.0947, 0.8644, -1.83574, 1.34953, -0.98603, 1.01609, -2.40915], [-0.16057, 0.88187, -1.76298, 1.09501, -1.37827, 1.02359, -2.26295], [-0.22644, 0.89934, -1.69023, 0.84049, -1.77051, 1.03109, -2.11676]]
end: [-0.26286999999999999, 0.90900000000000003, -1.6499999999999999, 0.69974000000000003, -1.98743, 1.0352300000000001, -2.0359099999999999]
obtacles: [[[0.6, 0.5, -1.0], [0.9, 0.6, 1.0]], [[0.6, -0.6, -1.0], [0.9, -0.5, 1.0]], [[0.6, -0.6, 0.9], [0.9, 0.6, 1.0]], [[0.6, -0.6, -1.0], [0.9, 0.6, -0.9]], [[0.6, -0.6, 0.3], [0.9, 0.6, 0.4]], [[0.6, -0.6, -0.5], [0.9, 0.6, -0.4]], [[0.6, -0.2, 0.4], [0.9, -0.1, 1.0]], [[0.6, -0.2, -0.5], [0.9, -0.1, 0.4]], [[0.6, 0.0, -1.0], [0.9, 0.1, -0.4]]]
start: [0.43257000000000001, 0.85887000000000002, -1.6499999999999999, 1.13425, -2.2148500000000002, 1.2339599999999999, -2.29711]
tajectories: [[0.43257, 0.85887, -1.65, 1.13425, -2.21485, 1.23396, -2.29711], [0.74139, 0.80851, -1.76496, 1.12704, -2.458, 1.26207, -2.0162], [1.0502, 0.75814, -1.87992, 1.11982, -2.70116, 1.29018, -1.73529], [1.35902, 0.70778, -1.99488, 1.1126, -2.94431, 1.3183, -1.45437], [1.66784, 0.65741, -2.10984, 1.10539, -3.18747, 1.34641, -1.17346], [1.97666, 0.60704, -2.2248, 1.09817, -3.43062, 1.37452, -0.89255], [2.28548, 0.55668, -2.33976, 1.09095, -3.67378, 1.40263, -0.61164], [2.52469, 0.51766, -2.42881, 1.08536, -3.86212, 1.42441, -0.39404], [2.25899, 0.46816, -2.38144, 1.29918, -3.9625, 1.35869, -0.73256], [1.99329, 0.41866, -2.33406, 1.513, -4.06288, 1.29298, -1.07109], [1.7276, 0.36915, -2.28669, 1.72682, -4.16326, 1.22727, -1.40961], [1.4619, 0.31965, -2.23931, 1.94065, -4.26363, 1.16156, -1.74813], [1.19621, 0.27014, -2.19194, 2.15447, -4.36401, 1.09584, -2.08665], [1.13033, 0.25787, -2.1802, 2.20748, -4.3889, 1.07955, -2.17058], [1.27647, 0.34637, -1.78303, 2.18346, -4.2323, 0.90188, -2.25061], [1.42261, 0.43487, -1.38587, 2.15944, -4.07571, 0.7242, -2.33064], [1.56875, 0.52337, -0.9887, 2.13543, -3.91911, 0.54653, -2.41067], [1.71489, 0.61186, -0.59154, 2.11141, -3.76252, 0.36885, -2.4907], [1.86103, 0.70036, -0.19437, 2.08739, -3.60592, 0.19118, -2.57072], [2.00717, 0.78886, 0.20279, 2.06337, -3.44933, 0.0135, -2.65075], [2.15331, 0.87736, 0.59996, 2.03936, -3.29273, -0.16417, -2.73078], [2.29945, 0.96586, 0.99712, 2.01534, -3.13614, -0.34185, -2.81081], [2.4045, 1.02948, 1.28262, 1.99807, -3.02357, -0.46957, -2.86833], [2.19333, 1.14409, 0.85911, 1.9586, -2.93287, -0.46926, -2.81242], [1.98215, 1.25871, 0.43561, 1.91913, -2.84217, -0.46895, -2.7565], [1.77097, 1.37333, 0.01211, 1.87965, -2.75146, -0.46864, -2.70059], [1.5598, 1.48795, -0.4114, 1.84018, -2.66076, -0.46834, -2.64467], [1.34862, 1.60257, -0.8349, 1.80071, -2.57005, -0.46803, -2.58876], [1.13744, 1.71718, -1.2584, 1.76123, -2.47935, -0.46772, -2.53285], [0.92627, 1.8318, -1.68191, 1.72176, -2.38865, -0.46741, -2.47693], [0.82576, 1.88635, -1.88347, 1.70297, -2.34548, -0.46727, -2.45032], [0.89962, 1.88332, -1.83403, 1.65113, -2.11614, -0.04458, -2.54058], [0.97348, 1.8803, -1.7846, 1.59928, -1.8868, 0.3781, -2.63083], [1.04734, 1.87727, -1.73517, 1.54744, -1.65747, 0.80079, -2.72109], [1.12121, 1.87425, -1.68574, 1.49559, -1.42813, 1.22347, -2.81135]]
end: [1.1746099999999999, 1.8720600000000001, -1.6499999999999999, 1.45811, -1.2623200000000001, 1.5290699999999999, -2.8765999999999998]
obtacles: [[[0.6, 0.5, -1.0], [0.9, 0.6, 1.0]], [[0.6, -0.6, -1.0], [0.9, -0.5, 1.0]], [[0.6, -0.6, 0.9], [0.9, 0.6, 1.0]], [[0.6, -0.6, -1.0], [0.9, 0.6, -0.9]], [[0.6, -0.6, 0.3], [0.9, 0.6, 0.4]], [[0.6, -0.6, -0.5], [0.9, 0.6, -0.4]], [[0.6, -0.2, 0.4], [0.9, -0.1, 1.0]], [[0.6, -0.2, -0.5], [0.9, -0.1, 0.4]], [[0.6, 0.0, -1.0], [0.9, 0.1, -0.4]]]
start: [0.94681999999999999, 1.9325699999999999, -1.6499999999999999, 1.4659500000000001, -1.20255, 1.53424, -2.64377]
tajectories: [[0.94682, 1.93257, -1.65, 1.46595, -1.20255, 1.53424, -2.64377], [1.0631, 1.84478, -1.3625, 1.63105, -1.43908, 1.44507, -2.40933], [1.17938, 1.75698, -1.075, 1.79615, -1.67561, 1.35591, -2.1749], [1.29566, 1.66918, -0.7875, 1.96126, -1.91213, 1.26674, -1.94046], [1.41194, 1.58138, -0.5, 2.12636, -2.14866, 1.17758, -1.70603], [1.52823, 1.49358, -0.21251, 2.29146, -2.38519, 1.08841, -1.4716], [1.56163, 1.46837, -0.12992, 2.33889, -2.45313, 1.0628, -1.40426], [1.70958, 1.49292, -0.46441, 2.16125, -2.2532, 0.92715, -1.24394], [1.85752, 1.51748, -0.79889, 1.9836, -2.05328, 0.79151, -1.08362], [2.00547, 1.54204, -1.13337, 1.80596, -1.85335, 0.65586, -0.9233], [2.15342, 1.56659, -1.46786, 1.62832, -1.65343, 0.52021, -0.76298], [2.30137, 1.59115, -1.80234, 1.45068, -1.4535, 0.38457, -0.60265], [2.42699, 1.612, -2.08634, 1.29984, -1.28375, 0.26939, -0.46653], [2.40901, 1.41161, -2.19502, 1.48311, -1.61939, 0.06922, -0.57328], [2.39103, 1.21121, -2.30371, 1.66638, -1.95503, -0.13095, -0.68003], [2.37305, 1.01082, -2.41239, 1.84965, -2.29067, -0.33113, -0.78678], [2.35507, 0.81043, -2.52107, 2.03292, -2.62631, -0.5313, -0.89353], [2.33709, 0.61003, -2.62975, 2.21619, -2.96195, -0.73148, -1.00028], [2.32334, 0.45683, -2.71284, 2.3563, -3.21855, -0.88451, -1.08189], [2.06951, 0.50492, -2.57931, 2.13601, -3.06412, -0.6543, -1.28201], [1.81567, 0.553, -2.44577, 1.91572, -2.9097, -0.42408, -1.48213], [1.56183, 0.60109, -2.31224, 1.69543, -2.75528, -0.19387, -1.68225], [1.30799, 0.64917, -2.1787, 1.47513, -2.60085, 0.03635, -1.88237], [1.05415, 0.69726, -2.04517, 1.25484, -2.44643, 0.26656, -2.08249], [0.80031, 0.74535, -1.91164, 1.03455, -2.29201, 0.49678, -2.28262], [0.54648, 0.79343, -1.7781, 0.81426, -2.13759, 0.72699, -2.48274]]
end: [0.30296000000000001, 0.83955999999999997, -1.6499999999999999, 0.60292999999999997, -1.9894499999999999, 0.94784000000000002, -2.6747200000000002]
obtacles: [[[0.6, 0.5, -1.0], [0.9, 0.6, 1.0]], [[0.6, -0.6, -1.0], [0.9, -0.5, 1.0]], [[0.6, -0.6, 0.9], [0.9, 0.6, 1.0]], [[0.6, -0.6, -1.0], [0.9, 0.6, -0.9]], [[0.6, -0.6, 0.3], [0.9, 0.6, 0.4]], [[0.6, -0.6, -0.5], [0.9, 0.6, -0.4]], [[0.6, -0.2, 0.4], [0.9, -0.1, 1.0]], [[0.6, -0.2, -0.5], [0.9, -0.1, 0.4]], [[0.6, 0.0, -1.0], [0.9, 0.1, -0.4]]]
start: [2.1417999999999999, -0.95745999999999998, -1.6000000000000001, 1.49502, -0.95713000000000004, -1.5510299999999999, -0.49225000000000002]
tajectories: [[2.1418, -0.95746, -1.6, 1.49502, -0.95713, -1.55103, -0.49225], [2.01852, -0.93469, -1.51456, 1.61057, -0.68764, -1.45031, -0.854], [1.89523, -0.91192, -1.42911, 1.72612, -0.41815, -1.3496, -1.21575], [1.77195, -0.88916, -1.34367, 1.84167, -0.14866, -1.24888, -1.5775], [1.64866, -0.86639, -1.25823, 1.95722, 0.12083, -1.14817, -1.93925], [1.52538, -0.84362, -1.17278, 2.07276, 0.39032, -1.04745, -2.30099], [1.41854, -0.82389, -1.09874, 2.1729, 0.62385, -0.96017, -2.61448], [1.40901, -0.38582, -1.10931, 2.32038, 0.71992, -1.03686, -2.46948], [1.39947, 0.05226, -1.11989, 2.46786, 0.81599, -1.11354, -2.32448], [1.38993, 0.49034, -1.13046, 2.61534, 0.91206, -1.19023, -2.17947], [1.38039, 0.92841, -1.14103, 2.76283, 1.00813, -1.26691, -2.03447], [1.37085, 1.36649, -1.15161, 2.91031, 1.1042, -1.3436, -1.88947], [1.36939, 1.43372, -1.15323, 2.93294, 1.11894, -1.35537, -1.86722], [1.22204, 1.42383, -1.0786, 2.8049, 0.93491, -0.98868, -2.06191], [1.07469, 1.41394, -1.00397, 2.67685, 0.75089, -0.622, -2.2566], [0.92735, 1.40405, -0.92935, 2.5488, 0.56686, -0.25532, -2.45129], [0.81507, 1.39652, -0.87248, 2.45124, 0.42663, 0.02409, -2.59964], [0.88393, 1.49113, -1.01371, 2.29464, 0.09917, 0.31454, -2.61511], [0.9528, 1.58575, -1.15493, 2.13805, -0.2283, 0.605, -2.63059], [1.02166, 1.68036, -1.29616, 1.98145, -0.55576, 0.89546, -2.64607], [1.09052, 1.77498, -1.43738, 1.82486, -0.88323, 1.18592, -2.66154], [1.15938, 1.86959, -1.57861, 1.66826, -1.21069, 1.47638, -2.67702]]
end: [1.16981, 1.88392, -1.6000000000000001, 1.64455, -1.2602899999999999, 1.52037, -2.67936]
obtacles: [[[0.6, 0.5, -1.0], [0.9, 0.6, 1.0]], [[0.6, -0.6, -1.0], [0.9, -0.5, 1.0]], [[0.6, -0.6, 0.9], [0.9, 0.6, 1.0]], [[0.6, -0.6, -1.0], [0.9, 0.6, -0.9]], [[0.6, -0.6, 0.3], [0.9, 0.6, 0.4]], [[0.6, -0.6, -0.5], [0.9, 0.6, -0.4]], [[0.6, -0.2, 0.4], [0.9, -0.1, 1.0]], [[0.6, -0.2, -0.5], [0.9, -0.1, 0.4]], [[0.6, 0.0, -1.0], [0.9, 0.1, -0.4]]]
start: [2.25013, -1.88076, -1.5, 1.4533499999999999, -1.887, -1.5396300000000001, -0.54586000000000001]
tajectories: [[2.25013, -1.88076, -1.5, 1.45335, -1.887, -1.53963, -0.54586], [1.97406, -1.89408, -1.31828, 1.80913, -1.78533, -1.4804, -0.53344], [1.69798, -1.90741, -1.13656, 2.16491, -1.68365, -1.42117, -0.52101], [1.4219, -1.92073, -0.95483, 2.52069, -1.58197, -1.36194, -0.50859], [1.35007, -1.9242, -0.90756, 2.61325, -1.55552, -1.34654, -0.50535], [1.24455, -1.63675, -0.84666, 2.52134, -1.33618, -1.22801, -0.21913], [1.13902, -1.34931, -0.78575, 2.42942, -1.11684, -1.10949, 0.0671], [1.03349, -1.06186, -0.72485, 2.33751, -0.89751, -0.99096, 0.35332], [0.92796, -0.77442, -0.66395, 2.2456, -0.67817, -0.87244, 0.63955], [0.84851, -0.55801, -0.61809, 2.1764, -0.51304, -0.78321, 0.85505], [0.88536, -0.29141, -0.7439, 1.82568, -0.55028, -0.91542, 0.71408], [0.92221, -0.02481, -0.86971, 1.47497, -0.58753, -1.04764, 0.57312], [0.95906, 0.24179, -0.99552, 1.12425, -0.62477, -1.17985, 0.43216], [0.97574, 0.3625, -1.05248, 0.96545, -0.64164, -1.23972, 0.36833], [0.95002, 0.51407, -1.17815, 0.9567, -0.18784, -1.2401, 0.30077], [0.92429, 0.66564, -1.30383, 0.94795, 0.26595, -1.24048, 0.23322], [0.89857, 0.81721, -1.4295, 0.93921, 0.71975, -1.24085, 0.16566]]
end: [0.88414000000000004, 0.90224000000000004, -1.5, 0.93430000000000002, 0.97431999999999996, -1.2410600000000001, 0.12776000000000001]
obtacles: [[[0.6, 0.5, -1.0], [0.9, 0.6, 1.0]], [[0.6, -0.6, -1.0], [0.9, -0.5, 1.0]], [[0.6, -0.6, 0.9], [0.9, 0.6, 1.0]], [[0.6, -0.6, -1.0], [0.9, 0.6, -0.9]], [[0.6, -0.6, 0.3], [0.9, 0.6, 0.4]], [[0.6, -0.6, -0.5], [0.9, 0.6, -0.4]], [[0.6, -0.2, 0.4], [0.9, -0.1, 1.0]], [[0.6, -0.2, -0.5], [0.9, -0.1, 0.4]], [[0.6, 0.0, -1.0], [0.9, 0.1, -0.4]]]
start: [2.3166199999999999, -1.9475499999999999, -1.2, 1.05843, -2.0817299999999999, -1.4572400000000001, -0.13228999999999999]
tajectories: [[2.31662, -1.94755, -1.2, 1.05843, -2.08173, -1.45724, -0.13229], [2.12776, -1.95249, -1.38741, 1.25583, -2.20292, -1.2855, 0.17762], [1.93891, -1.95742, -1.57482, 1.45323, -2.32411, -1.11377, 0.48752], [1.75005, -1.96236, -1.76222, 1.65064, -2.44531, -0.94203, 0.79742], [1.5612, -1.9673, -1.94963, 1.84804, -2.5665, -0.7703, 1.10732], [1.42764, -1.97079, -2.08217, 1.98765, -2.6522, -0.64885, 1.32649], [1.33042, -1.8782, -1.73768, 1.80843, -2.41376, -0.70351, 1.47258], [1.23321, -1.78562, -1.39319, 1.62922, -2.17531, -0.75817, 1.61867], [1.136, -1.69304, -1.04869, 1.45001, -1.93687, -0.81283, 1.76477], [1.03878, -1.60046, -0.7042, 1.2708, -1.69842, -0.86749, 1.91086], [0.9873, -1.55142, -0.52176, 1.17589, -1.57214, -0.89643, 1.98823], [1.10342, -1.2631, -0.6543, 1.21752, -1.21402, -0.85255, 1.92569], [1.21953, -0.97477, -0.78683, 1.25914, -0.8559, -0.80867, 1.86316], [1.33565, -0.68644, -0.91937, 1.30077, -0.49779, -0.76479, 1.80062], [1.41604, -0.48681, -1.01113, 1.32959, -0.24984, -0.73441, 1.75732], [1.55874, -0.45271, -1.05608, 1.3768, 0.10159, -0.94148, 1.51682], [1.70143, -0.41861, -1.10103, 1.42401, 0.45303, -1.14855, 1.27632], [1.84413, -0.3845, -1.14597, 1.47122, 0.80446, -1.35562, 1.03581], [1.97325, -0.35364, -1.18665, 1.51394, 1.12246, -1.543, 0.81819], [1.74085, -0.0354, -1.19005, 1.36851, 1.04617, -1.51455, 0.5595], [1.50845, 0.28285, -1.19346, 1.22308, 0.96987, -1.48611, 0.30081], [1.27606, 0.60109, -1.19687, 1.07764, 0.89358, -1.45766, 0.04212]]
end: [1.0624199999999999, 0.89363000000000004, -1.2, 0.94394999999999996, 0.82343999999999995, -1.4315100000000001, -0.19567999999999999]
