obtacles: [[[0.6, 0.5, -1.0], [0.9, 0.6, 1.0]], [[0.6, -0.6, -1.0], [0.9, -0.5, 1.0]], [[0.6, -0.6, 0.9], [0.9, 0.6, 1.0]], [[0.6, -0.6, -1.0], [0.9, 0.6, -0.9]], [[0.6, -0.6, 0.3], [0.9, 0.6, 0.4]], [[0.6, -0.6, -0.6], [0.9, 0.6, -0.5]], [[0.6, -0.1, 0.4], [0.9, 0.0, 1.0]], [[0.6, 0.1, -0.6], [0.9, 0.2, 0.4]], [[0.6, 0.2, -1.0], [0.9, 0.3, -0.5]]]
start: [0.94371000000000005, 1.9653, -1.6000000000000001, 1.56717, -1.1760600000000001, 1.5452300000000001, -2.5290699999999999]
tajectories: [[0.94371, 1.9653, -1.6, 1.56717, -1.17606, 1.54523, -2.52907], [1.1677, 1.89853, -1.68406, 1.89802, -1.24927, 1.39543, -2.30314], [1.39169, 1.83177, -1.76812, 2.22886, -1.32249, 1.24562, -2.07721], [1.61568, 1.765, -1.85218, 2.55971, -1.3957, 1.09582, -1.85128], [1.83967, 1.69824, -1.93624, 2.89055, -1.46892, 0.94602, -1.62535], [1.99716, 1.65129, -1.99534, 3.12317, -1.5204, 0.84069, -1.4665], [1.85522, 1.28313, -1.88896, 2.92845, -1.65995, 1.0005, -1.47449], [1.71329, 0.91496, -1.78259, 2.73374, -1.7995, 1.16031, -1.48248], [1.57135, 0.54679, -1.67621, 2.53902, -1.93906, 1.32011, -1.49047], [1.4299, 0.17989, -1.5702, 2.34498, -2.07813, 1.47937, -1.49843], [1.1005, 0.33219, -1.57691, 2.03061, -2.09978, 1.40738, -1.61579], [0.7711, 0.48449, -1.58363, 1.71623, -2.12143, 1.3354, -1.73314], [0.4417, 0.63678, -1.59034, 1.40186, -2.14309, 1.26341, -1.8505], [0.11229, 0.78908, -1.59705, 1.08749, -2.16474, 1.19143, -1.96786]]
end: [-0.032219999999999999, 0.85589000000000004, -1.6000000000000001, 0.94957000000000003, -2.1742400000000002, 1.15985, -2.0193500000000002]
obtacles: [[[0.6, 0.5, -1.0], [0.9, 0.6, 1.0]], [[0.6, -0.6, -1.0], [0.9, -0.5, 1.0]], [[0.6, -0.6, 0.9], [0.9, 0.6, 1.0]], [[0.6, -0.6, -1.0], [0.9, 0.6, -0.9]], [[0.6, -0.6, 0.3], [0.9, 0.6, 0.4]], [[0.6, -0.6, -0.6], [0.9, 0.6, -0.5]], [[0.6, -0.1, 0.4], [0.9, 0.0, 1.0]], [[0.6, 0.1, -0.6], [0.9, 0.2, 0.4]], [[0.6, 0.2, -1.0], [0.9, 0.3, -0.5]]]
start: [2.4062700000000001, -1.96062, -1.6499999999999999, 1.9296500000000001, -1.9631099999999999, -1.5058100000000001, -1.19706]
tajectories: [[2.40627, -1.96062, -1.65, 1.92965, -1.96311, -1.50581, -1.19706], [2.32387, -1.76859, -1.75295, 2.08514, -1.64437, -1.24199, -1.21621], [2.24148, -1.57656, -1.85591, 2.24062, -1.32564, -0.97816, -1.23537], [2.15908, -1.38453, -1.95886, 2.3961, -1.0069, -0.71434, -1.25453], [2.07669, -1.1925, -2.06181, 2.55159, -0.68817, -0.45052, -1.27369], [1.99429, -1.00047, -2.16476, 2.70707, -0.36943, -0.1867, -1.29285], [1.96137, -0.92373, -2.20591, 2.76921, -0.24205, -0.08127, -1.3005], [1.95941, -0.48223, -2.24421, 2.65121, -0.13991, 0.06462, -1.21124], [1.95745, -0.04074, -2.28251, 2.53322, -0.03777, 0.21052, -1.12198], [1.9555, 0.40076, -2.32081, 2.41522, 0.06436, 0.35641, -1.03272], [1.95354, 0.84226, -2.35911, 2.29722, 0.1665, 0.50231, -0.94346], [1.95159, 1.28376, -2.39741, 2.17923, 0.26864, 0.6482, -0.8542], [1.95068, 1.48912, -2.41523, 2.12435, 0.31615, 0.71606, -0.81268], [1.78005, 1.38097, -2.28052, 1.91855, 0.43698, 0.38973, -0.64656], [1.60943, 1.27282, -2.1458, 1.71275, 0.55782, 0.06339, -0.48044], [1.43881, 1.16467, -2.01109, 1.50696, 0.67865, -0.26294, -0.31431], [1.26818, 1.05652, -1.87637, 1.30116, 0.79949, -0.58928, -0.14819], [1.09756, 0.94837, -1.74166, 1.09537, 0.92032, -0.91561, 0.01793]]
end: [0.98146999999999995, 0.87478999999999996, -1.6499999999999999, 0.95535000000000003, 1.00254, -1.13764, 0.13095000000000001]
obtacles: [[[0.6, 0.5, -1.0], [0.9, 0.6, 1.0]], [[0.6, -0.6, -1.0], [0.9, -0.5, 1.0]], [[0.6, -0.6, 0.9], [0.9, 0.6, 1.0]], [[0.6, -0.6, -1.0], [0.9, 0.6, -0.9]], [[0.6, -0.6, 0.3], [0.9, 0.6, 0.4]], [[0.6, -0.6, -0.6], [0.9, 0.6, -0.5]], [[0.6, -0.1, 0.4], [0.9, 0.0, 1.0]], [[0.6, 0.1, -0.6], [0.9, 0.2, 0.4]], [[0.6, 0.2, -1.0], [0.9, 0.3, -0.5]]]
start: [0.78127000000000002, 0.87356999999999996, -1.3999999999999999, 1.1786399999999999, -2.2760600000000002, 1.4454800000000001, -2.7602600000000002]
tajectories: [[0.78127, 0.87357, -1.4, 1.17864, -2.27606, 1.44548, -2.76026], [1.05514, 0.7834, -1.44671, 1.3794, -2.24628, 1.25636, -2.46408], [1.329, 0.69324, -1.49343, 1.58016, -2.21651, 1.06723, -2.16789], [1.60287, 0.60307, -1.54014, 1.78091, -2.18673, 0.87811, -1.8717], [1.87673, 0.51291, -1.58685, 1.98167, -2.15695, 0.68898, -1.57551], [2.1506, 0.42274, -1.63356, 2.18243, -2.12718, 0.49986, -1.27932], [2.38946, 0.3441, -1.67431, 2.35753, -2.10121, 0.3349, -1.02099], [2.33044, 0.11336, -1.87262, 2.46246, -2.14822, 0.07231, -1.2889], [2.27142, -0.11737, -2.07093, 2.56739, -2.19523, -0.19027, -1.55681], [2.21239, -0.3481, -2.26925, 2.67233, -2.24224, -0.45286, -1.82473], [2.19919, -0.3997, -2.3136, 2.69579, -2.25276, -0.51158, -1.88465], [2.21605, -0.66271, -2.3847, 2.5257, -2.20677, -0.59093, -1.51296], [2.23291, -0.92571, -2.4558, 2.35562, -2.16078, -0.67027, -1.14128], [2.24977, -1.18871, -2.52691, 2.18553, -2.11479, -0.74962, -0.76959], [2.26664, -1.45171, -2.59801, 2.01544, -2.06881, -0.82896, -0.39791], [2.27613, -1.59976, -2.63804, 1.9197, -2.04292, -0.87363, -0.1887], [2.17531, -1.71952, -2.2274, 1.81392, -2.00871, -1.07033, -0.26496], [2.07449, -1.83929, -1.81676, 1.70814, -1.9745, -1.26704, -0.34122]]
end: [1.98445, -1.9462600000000001, -1.45, 1.6136699999999999, -1.94394, -1.4427300000000001, -0.40933999999999998]
obtacles: [[[0.6, 0.5, -1.0], [0.9, 0.6, 1.0]], [[0.6, -0.6, -1.0], [0.9, -0.5, 1.0]], [[0.6, -0.6, 0.9], [0.9, 0.6, 1.0]], [[0.6, -0.6, -1.0], [0.9, 0.6, -0.9]], [[0.6, -0.6, 0.3], [0.9, 0.6, 0.4]], [[0.6, -0.6, -0.6], [0.9, 0.6, -0.5]], [[0.6, -0.1, 0.4], [0.9, 0.0, 1.0]], [[0.6, 0.1, -0.6], [0.9, 0.2, 0.4]], [[0.6, 0.2, -1.0], [0.9, 0.3, -0.5]]]
start: [2.1083599999999998, -0.78827000000000003, -1.8999999999999999, 1.1907099999999999, -0.73670999999999998, -1.5220899999999999, -0.042220000000000001]
tajectories: [[2.10836, -0.78827, -1.9, 1.19071, -0.73671, -1.52209, -0.04222], [1.93234, -0.90672, -1.76219, 1.35258, -1.12404, -1.47727, 0.0459], [1.75633, -1.02517, -1.62438, 1.51445, -1.51136, -1.43244, 0.13402], [1.58032, -1.14361, -1.48657, 1.67632, -1.89869, -1.38761, 0.22214], [1.40431, -1.26206, -1.34876, 1.83819, -2.28602, -1.34279, 0.31026], [1.2283, -1.3805, -1.21095, 2.00006, -2.67334, -1.29796, 0.39838], [1.05228, -1.49895, -1.07314, 2.16193, -3.06067, -1.25313, 0.4865], [0.91367, -1.59223, -0.96461, 2.28941, -3.36569, -1.21783, 0.5559], [0.5184, -1.5456, -0.85322, 2.36507, -3.24474, -1.0391, 0.39196], [0.12312, -1.49898, -0.74182, 2.44073, -3.12379, -0.86037, 0.22802], [-0.27215, -1.45236, -0.63043, 2.51639, -3.00285, -0.68164, 0.06408], [-0.66743, -1.40574, -0.51903, 2.59205, -2.8819, -0.5029, -0.09986], [-1.0627, -1.35911, -0.40764, 2.66771, -2.76095, -0.32417, -0.2638], [-1.45798, -1.31249, -0.29624, 2.74337, -2.64, -0.14544, -0.42774], [-1.85325, -1.26587, -0.18485, 2.81903, -2.51905, 0.03329, -0.59168], [-1.96498, -1.25269, -0.15336, 2.84041, -2.48487, 0.08381, -0.63802], [-1.7745, -1.16372, 0.04951, 2.6916, -2.69676, 0.15361, -0.94254], [-1.58403, -1.07475, 0.25239, 2.54279, -2.90864, 0.22341, -1.24706], [-1.39356, -0.98577, 0.45526, 2.39398, -3.12053, 0.2932, -1.55159], [-1.20308, -0.8968, 0.65814, 2.24517, -3.33242, 0.363, -1.85611], [-1.01261, -0.80783, 0.86101, 2.09636, -3.54431, 0.4328, -2.16063], [-0.82214, -0.71886, 1.06389, 1.94755, -3.75619, 0.50259, -2.46515], [-0.80777, -0.71215, 1.07919, 1.93632, -3.77218, 0.50786, -2.48812], [-0.47927, -0.44199, 1.26926, 2.05401, -3.72821, 0.6224, -2.55199], [-0.15077, -0.17183, 1.45932, 2.17169, -3.68424, 0.73693, -2.61585], [0.17773, 0.09832, 1.64938, 2.28938, -3.64027, 0.85147, -2.67971], [0.50623, 0.36848, 1.83945, 2.40706, -3.59629, 0.96601, -2.74358], [0.83472, 0.63864, 2.02951, 2.52474, -3.55232, 1.08055, -2.80744], [1.16322, 0.90879, 2.21957, 2.64243, -3.50835, 1.19509, -2.8713], [1.49172, 1.17895, 2.40964, 2.76011, -3.46438, 1.30963, -2.93516], [1.57376, 1.24642, 2.4571, 2.7895, -3.4534, 1.33823, -2.95111], [1.52685, 1.31539, 2.03872, 2.65824, -3.22834, 1.34462, -2.94244], [1.47995, 1.38437, 1.62034, 2.52698, -3.00328, 1.35101, -2.93376], [1.43304, 1.45334, 1.20195, 2.39571, -2.77822, 1.3574, -2.92509], [1.38614, 1.52232, 0.78357, 2.26445, -2.55317, 1.36378, -2.91641], [1.33923, 1.59129, 0.36518, 2.13319, -2.32811, 1.37017, -2.90774], [1.29232, 1.66027, -0.0532, 2.00193, -2.10305, 1.37656, -2.89906], [1.24542, 1.72924, -0.47158, 1.87066, -1.87799, 1.38295, -2.89039], [1.19851, 1.79821, -0.88997, 1.7394, -1.65293, 1.38934, -2.88171], [1.15161, 1.86719, -1.30835, 1.60814, -1.42787, 1.39573, -2.87304], [1.1047, 1.93616, -1.72674, 1.47688, -1.20282, 1.40211, -2.86436]]
end: [1.09649, 1.94824, -1.8, 1.4538899999999999, -1.1634100000000001, 1.40323, -2.8628399999999998]
obtacles: [[[0.6, 0.5, -1.0], [0.9, 0.6, 1.0]], [[0.6, -0.6, -1.0], [0.9, -0.5, 1.0]], [[0.6, -0.6, 0.9], [0.9, 0.6, 1.0]], [[0.6, -0.6, -1.0], [0.9, 0.6, -0.9]], [[0.6, -0.6, 0.3], [0.9, 0.6, 0.4]], [[0.6, -0.6, -0.6], [0.9, 0.6, -0.5]], [[0.6, -0.1, 0.4], [0.9, 0.0, 1.0]], [[0.6, 0.1, -0.6], [0.9, 0.2, 0.4]], [[0.6, 0.2, -1.0], [0.9, 0.3, -0.5]]]
start: [0.83089000000000002, 1.7945199999999999, -1.8, 1.13093, -1.2695099999999999, 1.46462, -2.88354]
tajectories: [[0.83089, 1.79452, -1.8, 1.13093, -1.26951, 1.46462, -2.88354], [1.05827, 1.72131, -1.68887, 1.37951, -1.06678, 1.32482, -2.64239], [1.28565, 1.6481, -1.57774, 1.62809, -0.86406, 1.18502, -2.40124], [1.51303, 1.57489, -1.46661, 1.87668, -0.66134, 1.04522, -2.16008], [1.74041, 1.50168, -1.35548, 2.12526, -0.45862, 0.90542, -1.91893], [1.77357, 1.49101, -1.33928, 2.16151, -0.42906, 0.88503, -1.88376], [2.0256, 1.6315, -1.34768, 2.02044, -0.2108, 0.61341, -1.72453], [2.27763, 1.772, -1.35609, 1.87938, 0.00746, 0.3418, -1.56529], [2.45979, 1.87354, -1.36217, 1.77742, 0.16521, 0.14549, -1.4502], [2.33374, 1.62703, -1.5319, 1.63092, 0.1358, -0.0231, -1.14394], [2.20769, 1.38053, -1.70163, 1.48442, 0.10639, -0.19168, -0.83769], [2.08164, 1.13402, -1.87136, 1.33793, 0.07698, -0.36026, -0.53143], [1.95559, 0.88752, -2.04109, 1.19143, 0.04756, -0.52884, -0.22518], [1.87799, 0.73576, -2.14557, 1.10125, 0.02946, -0.63263, -0.03664], [1.85145, 0.41676, -1.99969, 1.06473, -0.27217, -0.45157, -0.07058], [1.82491, 0.09775, -1.85381, 1.02821, -0.5738, -0.2705, -0.10452], [1.79838, -0.22125, -1.70793, 0.99169, -0.87543, -0.08944, -0.13846], [1.79418, -0.27169, -1.68486, 0.98591, -0.92313, -0.06081, -0.14382], [1.96747, -0.48543, -1.77839, 0.89954, -0.91298, -0.45002, -0.06326], [2.14075, -0.69917, -1.87191, 0.81317, -0.90283, -0.83923, 0.0173], [2.31404, -0.91292, -1.96543, 0.72679, -0.89268, -1.22845, 0.09786]]
end: [2.3780899999999998, -0.99190999999999996, -2.0, 0.69486999999999999, -0.88893, -1.3723000000000001, 0.12764]
obtacles: [[[0.6, 0.5, -1.0], [0.9, 0.6, 1.0]], [[0.6, -0.6, -1.0], [0.9, -0.5, 1.0]], [[0.6, -0.6, 0.9], [0.9, 0.6, 1.0]], [[0.6, -0.6, -1.0], [0.9, 0.6, -0.9]], [[0.6, -0.6, 0.3], [0.9, 0.6, 0.4]], [[0.6, -0.6, -0.6], [0.9, 0.6, -0.5]], [[0.6, -0.1, 0.4], [0.9, 0.0, 1.0]], [[0.6, 0.1, -0.6], [0.9, 0.2, 0.4]], [[0.6, 0.2, -1.0], [0.9, 0.3, -0.5]]]
start: [2.59979, -1.8846499999999999, -1.45, 1.2958099999999999, -1.90537, -1.5443100000000001, -0.73040000000000005]
tajectories: [[2.59979, -1.88465, -1.45, 1.29581, -1.90537, -1.54431, -0.7304], [2.48592, -1.7517, -1.62573, 1.51062, -1.92076, -1.51642, -0.35447], [2.37206, -1.61875, -1.80146, 1.72542, -1.93615, -1.48852, 0.02146], [2.25819, -1.4858, -1.9772, 1.94022, -1.95155, -1.46063, 0.39738], [2.14433, -1.35285, -2.15293, 2.15503, -1.96694, -1.43273, 0.77331], [2.03046, -1.2199, -2.32866, 2.36983, -1.98233, -1.40484, 1.14924], [1.9166, -1.08694, -2.50439, 2.58464, -1.99772, -1.37694, 1.52516], [1.80273, -0.95399, -2.68013, 2.79944, -2.01311, -1.34905, 1.90109], [1.796, -0.94613, -2.69052, 2.81215, -2.01402, -1.3474, 1.92333], [1.95768, -0.68629, -2.56404, 2.61651, -2.18503, -1.07767, 1.91447], [2.11937, -0.42646, -2.43757, 2.42087, -2.35603, -0.80795, 1.90562], [2.28106, -0.16663, -2.31109, 2.22523, -2.52704, -0.53822, 1.89677], [2.44275, 0.09321, -2.18462, 2.0296, -2.69805, -0.2685, 1.88792], [2.60443, 0.35304, -2.05814, 1.83396, -2.86905, 0.00123, 1.87907], [2.61198, 0.36518, -2.05223, 1.82482, -2.87704, 0.01382, 1.87866], [2.29346, 0.4446, -1.95198, 1.59405, -2.73564, 0.17314, 2.06183], [1.97494, 0.52402, -1.85173, 1.36327, -2.59425, 0.33246, 2.24501], [1.65642, 0.60344, -1.75147, 1.1325, -2.45285, 0.49177, 2.42818], [1.33789, 0.68286, -1.65122, 0.90172, -2.31146, 0.65109, 2.61135], [1.01937, 0.76228, -1.55096, 0.67094, -2.17006, 0.8104, 2.79453], [0.70085, 0.8417, -1.45071, 0.44017, -2.02866, 0.96972, 2.9777]]
end: [0.69859000000000004, 0.84226999999999996, -1.45, 0.43852999999999998, -2.02766, 0.97084999999999999, 2.9790000000000001]
obtacles: [[[0.6, 0.5, -1.0], [0.9, 0.6, 1.0]], [[0.6, -0.6, -1.0], [0.9, -0.5, 1.0]], [[0.6, -0.6, 0.9], [0.9, 0.6, 1.0]], [[0.6, -0.6, -1.0], [0.9, 0.6, -0.9]], [[0.6, -0.6, 0.3], [0.9, 0.6, 0.4]], [[0.6, -0.6, -0.6], [0.9, 0.6, -0.5]], [[0.6, -0.1, 0.4], [0.9, 0.0, 1.0]], [[0.6, 0.1, -0.6], [0.9, 0.2, 0.4]], [[0.6, 0.2, -1.0], [0.9, 0.3, -0.5]]]
start: [-0.73272000000000004, 1.9468799999999999, 1.5, 1.9316199999999999, -1.9473400000000001, -1.5026299999999999, -1.19939]
tajectories: [[-0.73272, 1.94688, 1.5, 1.93162, -1.94734, -1.50263, -1.19939], [-0.94319, 1.73364, 1.40551, 2.11083, -2.21298, -1.50775, -1.41984], [-1.15365, 1.52039, 1.31103, 2.29005, -2.47862, -1.51286, -1.64029], [-1.36412, 1.30715, 1.21654, 2.46926, -2.74425, -1.51797, -1.86074], [-1.52849, 1.14061, 1.14275, 2.60922, -2.95171, -1.52196, -2.0329], [-1.31677, 1.03865, 1.33722, 2.54443, -2.58586, -1.4924, -2.1672], [-1.10504, 0.93668, 1.53169, 2.47964, -2.22, -1.46283, -2.3015], [-0.89332, 0.83472, 1.72616, 2.41486, -1.85415, -1.43326, -2.4358], [-0.6816, 0.73275, 1.92064, 2.35007, -1.48829, -1.40369, -2.57009], [-0.46988, 0.63079, 2.11511, 2.28529, -1.12244, -1.37412, -2.70439], [-0.37353, 0.58439, 2.2036, 2.25581, -0.95595, -1.36067, -2.7655], [-0.22367, 0.66066, 2.06006, 1.94777, -0.98194, -1.32334, -2.44276], [-0.0738, 0.73693, 1.91652, 1.63973, -1.00792, -1.28602, -2.12002], [0.07606, 0.8132, 1.77299, 1.33168, -1.03391, -1.2487, -1.79727], [0.22592, 0.88947, 1.62945, 1.02364, -1.05989, -1.21137, -1.47453]]
end: [0.36107, 0.95825000000000005, 1.5, 0.74583999999999995, -1.0833299999999999, -1.17771, -1.18347]
obtacles: [[[0.6, 0.5, -1.0], [0.9, 0.6, 1.0]], [[0.6, -0.6, -1.0], [0.9, -0.5, 1.0]], [[0.6, -0.6, 0.9], [0.9, 0.6, 1.0]], [[0.6, -0.6, -1.0], [0.9, 0.6, -0.9]], [[0.6, -0.6, 0.3], [0.9, 0.6, 0.4]], [[0.6, -0.6, -0.6], [0.9, 0.6, -0.5]], [[0.6, -0.1, 0.4], [0.9, 0.0, 1.0]], [[0.6, 0.1, -0.6], [0.9, 0.2, 0.4]], [[0.6, 0.2, -1.0], [0.9, 0.3, -0.5]]]
start: [-0.67818000000000001, 1.9437800000000001, 1.45, 1.95411, -1.96072, -1.5385800000000001, -1.2923800000000001]
tajectories: [[-0.67818, 1.94378, 1.45, 1.95411, -1.96072, -1.53858, -1.29238], [-0.94171, 1.84712, 1.2036, 1.92528, -2.05414, -1.39653, -1.0082], [-1.20523, 1.75046, 0.9572, 1.89645, -2.14757, -1.25447, -0.72402], [-1.46875, 1.6538, 0.7108, 1.86762, -2.24099, -1.11242, -0.43983], [-1.73228, 1.55714, 0.4644, 1.83879, -2.33442, -0.97036, -0.15565], [-1.9958, 1.46048, 0.218, 1.80996, -2.42784, -0.8283, 0.12853], [-2.25932, 1.36382, -0.0284, 1.78113, -2.52126, -0.68625, 0.41272], [-2.27694, 1.35736, -0.04486, 1.7792, -2.52751, -0.67675, 0.43171], [-2.26446, 1.31819, 0.27091, 1.86764, -2.52071, -0.73209, 0.80274], [-2.25198, 1.27902, 0.58668, 1.95608, -2.51391, -0.78742, 1.17378], [-2.23951, 1.23986, 0.90245, 2.04451, -2.50712, -0.84276, 1.54482], [-2.22703, 1.20069, 1.21823, 2.13295, -2.50032, -0.89809, 1.91585], [-2.21455, 1.16153, 1.534, 2.22139, -2.49352, -0.95343, 2.28689], [-2.20208, 1.12236, 1.84977, 2.30983, -2.48673, -1.00876, 2.65793], [-2.19588, 1.1029, 2.00669, 2.35378, -2.48335, -1.03626, 2.84231], [-2.01948, 1.06152, 1.93534, 2.12895, -2.29032, -1.03181, 2.48981], [-1.84309, 1.02015, 1.86399, 1.90412, -2.09729, -1.02735, 2.13732], [-1.6667, 0.97877, 1.79264, 1.67929, -1.90425, -1.02289, 1.78482], [-1.4903, 0.9374, 1.7213, 1.45446, -1.71122, -1.01844, 1.43233], [-1.31391, 0.89603, 1.64995, 1.22963, -1.51819, -1.01398, 1.07983], [-1.13752, 0.85465, 1.5786, 1.0048, -1.32516, -1.00953, 0.72733], [-0.96113, 0.81328, 1.50725, 0.77997, -1.13212, -1.00507, 0.37484]]
end: [-0.81959000000000004, 0.78008, 1.45, 0.59957000000000005, -0.97724, -1.0015000000000001, 0.091999999999999998]
obtacles: [[[0.6, 0.5, -1.0], [0.9, 0.6, 1.0]], [[0.6, -0.6, -1.0], [0.9, -0.5, 1.0]], [[0.6, -0.6, 0.9], [0.9, 0.6, 1.0]], [[0.6, -0.6, -1.0], [0.9, 0.6, -0.9]], [[0.6, -0.6, 0.3], [0.9, 0.6, 0.4]], [[0.6, -0.6, -0.6], [0.9, 0.6, -0.5]], [[0.6, -0.1, 0.4], [0.9, 0.0, 1.0]], [[0.6, 0.1, -0.6], [0.9, 0.2, 0.4]], [[0.6, 0.2, -1.0], [0.9, 0.3, -0.5]]]
start: [-1.0165999999999999, 1.83345, 1.6499999999999999, 1.3255600000000001, -1.8446499999999999, -1.5597099999999999, -0.29697000000000001]
tajectories: [[-1.0166, 1.83345, 1.65, 1.32556, -1.84465, -1.55971, -0.29697], [-1.02322, 1.81646, 1.18353, 1.4173, -1.86556, -1.52829, -0.44608], [-1.02985, 1.79946, 0.71706, 1.50904, -1.88647, -1.49687, -0.59519], [-1.03647, 1.78247, 0.2506, 1.60078, -1.90739, -1.46545, -0.7443], [-1.04309, 1.76548, -0.21587, 1.69252, -1.9283, -1.43403, -0.89341], [-1.04475, 1.76124, -0.33248, 1.71546, -1.93353, -1.42617, -0.93069], [-1.24971, 1.43028, -0.4173, 1.75223, -1.97731, -1.19155, -1.11222], [-1.45467, 1.09933, -0.50212, 1.789, -2.0211, -0.95693, -1.29375], [-1.65962, 0.76838, -0.58694, 1.82577, -2.06488, -0.72231, -1.47528], [-1.86458, 0.43743, -0.67176, 1.86254, -2.10866, -0.48769, -1.65681], [-2.03096, 0.16877, -0.74061, 1.89239, -2.1442, -0.29723, -1.80417], [-2.05751, -0.15615, -0.5935, 1.78798, -2.22026, -0.06759, -2.03365], [-2.08405, -0.48107, -0.44639, 1.68357, -2.29632, 0.16205, -2.26312], [-2.1106, -0.80599, -0.29928, 1.57916, -2.37238, 0.39169, -2.4926], [-2.13714, -1.13091, -0.15216, 1.47475, -2.44844, 0.62134, -2.72207], [-2.15449, -1.3432, -0.05605, 1.40654, -2.49813, 0.77137, -2.872], [-2.21331, -1.25504, 0.38765, 1.29197, -2.41228, 0.9167, -2.88902], [-2.27213, -1.16689, 0.83134, 1.17741, -2.32643, 1.06203, -2.90604], [-2.33096, -1.07874, 1.27503, 1.06285, -2.24058, 1.20736, -2.92307], [-2.38978, -0.99059, 1.71873, 0.94829, -2.15473, 1.35269, -2.94009]]
end: [-2.3939300000000001, -0.98438000000000003, 1.75, 0.94020999999999999, -2.1486800000000001, 1.36294, -2.94129]
obtacles: [[[0.6, 0.5, -1.0], [0.9, 0.6, 1.0]], [[0.6, -0.6, -1.0], [0.9, -0.5, 1.0]], [[0.6, -0.6, 0.9], [0.9, 0.6, 1.0]], [[0.6, -0.6, -1.0], [0.9, 0.6, -0.9]], [[0.6, -0.6, 0.3], [0.9, 0.6, 0.4]], [[0.6, -0.6, -0.6], [0.9, 0.6, -0.5]], [[0.6, -0.1, 0.4], [0.9, 0.0, 1.0]], [[0.6, 0.1, -0.6], [0.9, 0.2, 0.4]], [[0.6, 0.2, -1.0], [0.9, 0.3, -0.5]]]
start: [-0.59482999999999997, 1.9480999999999999, 1.5, 1.80931, -1.9537100000000001, -1.54765, -1.2235199999999999]
tajectories: [[-0.59483, 1.9481, 1.5, 1.80931, -1.95371, -1.54765, -1.22352], [-0.61543, 1.73165, 1.07105, 1.78417, -2.01981, -1.5106, -1.33465], [-0.63603, 1.51519, 0.6421, 1.75904, -2.08591, -1.47355, -1.44579], [-0.65663, 1.29873, 0.21315, 1.7339, -2.15202, -1.4365, -1.55692], [-0.67723, 1.08227, -0.21579, 1.70876, -2.21812, -1.39945, -1.66805], [-0.69783, 0.86581, -0.64474, 1.68362, -2.28422, -1.3624, -1.77919], [-0.70687, 0.77087, -0.83288, 1.6726, -2.31321, -1.34615, -1.82793], [-0.91423, 0.5767, -0.61223, 1.72651, -2.01101, -1.19163, -1.77792], [-1.12159, 0.38253, -0.39158, 1.78042, -1.70881, -1.03711, -1.72791], [-1.32895, 0.18835, -0.17093, 1.83433, -1.40661, -0.88258, -1.6779], [-1.53632, -0.00582, 0.04972, 1.88824, -1.10441, -0.72806, -1.62789], [-1.63652, -0.09965, 0.15634, 1.91429, -0.95838, -0.65339, -1.60373], [-1.31824, -0.10333, 0.25084, 2.01563, -0.89897, -0.61978, -1.25041], [-0.99997, -0.10701, 0.34534, 2.11696, -0.83956, -0.58617, -0.8971], [-0.6817, -0.11069, 0.43984, 2.21829, -0.78016, -0.55256, -0.54378], [-0.36342, -0.11437, 0.53434, 2.31962, -0.72075, -0.51895, -0.19047], [-0.04515, -0.11805, 0.62884, 2.42095, -0.66134, -0.48535, 0.16284], [0.04006, -0.11903, 0.65414, 2.44808, -0.64544, -0.47635, 0.25743], [-0.05396, 0.05072, 0.84098, 2.12248, -0.66271, -0.62426, 0.03552], [-0.14798, 0.22048, 1.02783, 1.79688, -0.67998, -0.77218, -0.18639], [-0.242, 0.39023, 1.21467, 1.47129, -0.69725, -0.92009, -0.4083], [-0.33602, 0.55998, 1.40151, 1.14569, -0.71451, -1.068, -0.63021]]
end: [-0.38557999999999998, 0.64946999999999999, 1.5, 0.97404999999999997, -0.72362000000000004, -1.14598, -0.74719000000000002]
obtacles: [[[0.6, 0.5, -1.0], [0.9, 0.6, 1.0]], [[0.6, -0.6, -1.0], [0.9, -0.5, 1.0]], [[0.6, -0.6, 0.9], [0.9, 0.6, 1.0]], [[0.6, -0.6, -1.0], [0.9, 0.6, -0.9]], [[0.6, -0.6, 0.3], [0.9, 0.6, 0.4]], [[0.6, -0.6, -0.6], [0.9, 0.6, -0.5]], [[0.6, -0.1, 0.4], [0.9, 0.0, 1.0]], [[0.6, 0.1, -0.6], [0.9, 0.2, 0.4]], [[0.6, 0.2, -1.0], [0.9, 0.3, -0.5]]]
start: [-0.73670000000000002, 1.65089, 1.55, 1.9131400000000001, -1.6532199999999999, -1.5634600000000001, -1.1769700000000001]
tajectories: [[-0.7367, 1.65089, 1.55, 1.91314, -1.65322, -1.56346, -1.17697], [-0.79877, 1.67662, 1.58847, 1.5984, -1.68568, -1.56533, -0.79764], [-0.86083, 1.70235, 1.62694, 1.28367, -1.71814, -1.56719, -0.41831]]
end: [-0.89803999999999995, 1.7177800000000001, 1.6499999999999999, 1.0949800000000001, -1.7376, -1.5683100000000001, -0.19089]
obtacles: [[[0.6, 0.5, -1.0], [0.9, 0.6, 1.0]], [[0.6, -0.6, -1.0], [0.9, -0.5, 1.0]], [[0.6, -0.6, 0.9], [0.9, 0.6, 1.0]], [[0.6, -0.6, -1.0], [0.9, 0.6, -0.9]], [[0.6, -0.6, 0.3], [0.9, 0.6, 0.4]], [[0.6, -0.6, -0.6], [0.9, 0.6, -0.5]], [[0.6, -0.1, 0.4], [0.9, 0.0, 1.0]], [[0.6, 0.1, -0.6], [0.9, 0.2, 0.4]], [[0.6, 0.2, -1.0], [0.9, 0.3, -0.5]]]
start: [-2.0467200000000001, -0.97179000000000004, 1.6499999999999999, 1.3569899999999999, -2.17211, 1.5149900000000001, -2.8866399999999999]
tajectories: [[-2.04672, -0.97179, 1.65, 1.35699, -2.17211, 1.51499, -2.88664], [-1.83146, -0.88734, 1.30275, 1.3965, -2.35372, 1.31848, -2.83379], [-1.61621, -0.80289, 0.95551, 1.43602, -2.53533, 1.12198, -2.78094], [-1.40095, -0.71844, 0.60826, 1.47553, -2.71694, 0.92547, -2.72809], [-1.1857, -0.63399, 0.26101, 1.51505, -2.89855, 0.72896, -2.67523], [-0.97044, -0.54954, -0.08624, 1.55456, -3.08016, 0.53245, -2.62238], [-0.75518, -0.46509, -0.43348, 1.59408, -3.26177, 0.33595, -2.56953], [-0.59181, -0.40099, -0.69704, 1.62407, -3.39961, 0.1868, -2.52942], [-0.63824, -0.18789, -0.34059, 1.45228, -3.56416, 0.31643, -2.57395], [-0.68468, 0.02521, 0.01586, 1.28049, -3.7287, 0.44606, -2.61848], [-0.73112, 0.23831, 0.37231, 1.10869, -3.89325, 0.57569, -2.66301], [-0.77755, 0.45141, 0.72876, 0.9369, -4.0578, 0.70531, -2.70755], [-0.82399, 0.66451, 1.08521, 0.76511, -4.22235, 0.83494, -2.75208], [-0.87042, 0.87761, 1.44166, 0.59332, -4.3869, 0.96457, -2.79661]]
end: [-0.89756999999999998, 1.0021599999999999, 1.6499999999999999, 0.49291000000000001, -4.4830699999999997, 1.04034, -2.8226399999999998]
obtacles: [[[0.6, 0.5, -1.0], [0.9, 0.6, 1.0]], [[0.6, -0.6, -1.0], [0.9, -0.5, 1.0]], [[0.6, -0.6, 0.9], [0.9, 0.6, 1.0]], [[0.6, -0.6, -1.0], [0.9, 0.6, -0.9]], [[0.6, -0.6, 0.3], [0.9, 0.6, 0.4]], [[0.6, -0.6, -0.6], [0.9, 0.6, -0.5]], [[0.6, -0.1, 0.4], [0.9, 0.0, 1.0]], [[0.6, 0.1, -0.6], [0.9, 0.2, 0.4]], [[0.6, 0.2, -1.0], [0.9, 0.3, -0.5]]]
start: [-0.99124999999999996, 0.87380000000000002, 1.6499999999999999, 1.2307900000000001, -4.0591900000000001, 1.2960799999999999, 2.77969]
tajectories: [[-0.99125, 0.8738, 1.65, 1.23079, -4.05919, 1.29608, 2.77969], [-1.20692, 0.82701, 1.7178, 1.34772, -4.05804, 1.19031, 2.36516], [-1.42259, 0.78023, 1.7856, 1.46464, -4.05689, 1.08453, 1.95062], [-1.63826, 0.73345, 1.8534, 1.58157, -4.05574, 0.97876, 1.53609], [-1.85393, 0.68666, 1.9212, 1.69849, -4.05459, 0.87298, 1.12155], [-2.0696, 0.63988, 1.989, 1.81542, -4.05343, 0.7672, 0.70701], [-2.28527, 0.5931, 2.0568, 1.93235, -4.05228, 0.66143, 0.29248], [-2.50094, 0.54631, 2.1246, 2.04927, -4.05113, 0.55565, -0.12206], [-2.58426, 0.52824, 2.1508, 2.09445, -4.05068, 0.51478, -0.28222], [-2.40146, 0.38199, 1.88799, 2.11638, -3.71721, 0.40386, -0.23591], [-2.21866, 0.23574, 1.62519, 2.13832, -3.38375, 0.29293, -0.18961], [-2.03587, 0.0895, 1.36239, 2.16025, -3.05028, 0.18201, -0.1433], [-1.85307, -0.05675, 1.09958, 2.18219, -2.71681, 0.07108, -0.097], [-1.67027, -0.203, 0.83678, 2.20412, -2.38334, -0.03985, -0.05069], [-1.48747, -0.34925, 0.57398, 2.22606, -2.04987, -0.15077, -0.00439], [-1.30467, -0.49549, 0.31118, 2.24799, -1.7164, -0.2617, 0.04192], [-1.18815, -0.58871, 0.14367, 2.26197, -1.50385, -0.3324, 0.07143], [-1.17305, -0.79584, 0.34829, 2.34757, -1.69536, -0.42606, -0.26357], [-1.15796, -1.00297, 0.55292, 2.43316, -1.88687, -0.51971, -0.59857], [-1.14286, -1.21009, 0.75754, 2.51875, -2.07838, -0.61336, -0.93357], [-1.12776, -1.41722, 0.96217, 2.60435, -2.26989, -0.70702, -1.26857], [-1.11266, -1.62435, 1.16679, 2.68994, -2.4614, -0.80067, -1.60357], [-1.09757, -1.83147, 1.37142, 2.77553, -2.65291, -0.89432, -1.93857], [-1.09714, -1.83732, 1.3772, 2.77795, -2.65832, -0.89697, -1.94803], [-1.26106, -1.84308, 1.3805, 2.53697, -2.90561, -0.99276, -1.64033], [-1.42498, -1.84883, 1.38381, 2.29599, -3.15291, -1.08856, -1.33263], [-1.58891, -1.85458, 1.38712, 2.05501, -3.40021, -1.18436, -1.02493], [-1.75283, -1.86034, 1.39043, 1.81403, -3.64751, -1.28016, -0.71722], [-1.91675, -1.86609, 1.39373, 1.57305, -3.89481, -1.37596, -0.40952], [-2.08067, -1.87185, 1.39704, 1.33207, -4.14211, -1.47175, -0.10182]]
end: [-2.2273100000000001, -1.877, 1.3999999999999999, 1.11649, -4.3633300000000004, -1.55745, 0.17344000000000001]
obtacles: [[[0.6, 0.5, -1.0], [0.9, 0.6, 1.0]], [[0.6, -0.6, -1.0], [0.9, -0.5, 1.0]], [[0.6, -0.6, 0.9], [0.9, 0.6, 1.0]], [[0.6, -0.6, -1.0], [0.9, 0.6, -0.9]], [[0.6, -0.6, 0.3], [0.9, 0.6, 0.4]], [[0.6, -0.6, -0.6], [0.9, 0.6, -0.5]], [[0.6, -0.1, 0.4], [0.9, 0.0, 1.0]], [[0.6, 0.1, -0.6], [0.9, 0.2, 0.4]], [[0.6, 0.2, -1.0], [0.9, 0.3, -0.5]]]
start: [0.23382, 0.91376000000000002, 0.90000000000000002, 0.87919999999999998, -3.8106900000000001, 1.56037, 2.2600500000000001]
tajectories: [[0.23382, 0.91376, 0.9, 0.8792, -3.81069, 1.56037, 2.26005], [0.30364, 0.75846, 0.72261, 0.98517, -3.40182, 1.47778, 2.19437], [0.37346, 0.60315, 0.54522, 1.09114, -2.99295, 1.39519, 2.1287], [0.44327, 0.44785, 0.36782, 1.19711, -2.58408, 1.3126, 2.06303], [0.51309, 0.29255, 0.19043, 1.30308, -2.17521, 1.23002, 1.99735], [0.58291, 0.13724, 0.01304, 1.40905, -1.76634, 1.14743, 1.93168], [0.65273, -0.01806, -0.16435, 1.51502, -1.35747, 1.06484, 1.86601], [0.691, -0.10319, -0.26159, 1.57311, -1.13333, 1.01956, 1.83001], [0.65326, -0.40403, 0.01434, 1.83276, -1.06825, 0.93041, 1.87831], [0.61552, -0.70486, 0.29028, 2.09241, -1.00316, 0.84125, 1.9266], [0.57952, -0.99185, 0.55351, 2.3401, -0.94107, 0.7562, 1.97268], [0.34999, -0.80919, 0.72763, 2.4119, -0.93814, 0.53789, 1.6884], [0.12047, -0.62653, 0.90175, 2.4837, -0.9352, 0.31959, 1.40412], [-0.10906, -0.44387, 1.07587, 2.5555, -0.93226, 0.10128, 1.11984], [-0.33858, -0.26121, 1.25, 2.6273, -0.92933, -0.11702, 0.83556], [-0.5681, -0.07855, 1.42412, 2.6991, -0.92639, -0.33533, 0.55128], [-0.79763, 0.1041, 1.59824, 2.77089, -0.92345, -0.55364, 0.267], [-0.86748, 0.1597, 1.65123, 2.79275, -0.92256, -0.62008, 0.18048], [-1.06356, 0.39458, 1.36926, 2.66253, -0.90267, -0.61585, -0.06345], [-1.25963, 0.62947, 1.08729, 2.53231, -0.88277, -0.61162, -0.30739], [-1.4557, 0.86436, 0.80531, 2.40209, -0.86288, -0.6074, -0.55132], [-1.61423, 1.05426, 0.57734, 2.29681, -0.8468, -0.60398, -0.74853], [-1.49634, 1.218, 0.84772, 2.1373, -1.06426, -0.84864, -0.68855], [-1.37845, 1.38174, 1.11809, 1.9778, -1.28172, -1.09331, -0.62856], [-1.26056, 1.54548, 1.38846, 1.81829, -1.49918, -1.33797, -0.56857]]
end: [-1.16832, 1.6735800000000001, 1.6000000000000001, 1.6935, -1.6693199999999999, -1.5294000000000001, -0.52163000000000004]
obtacles: [[[0.6, 0.5, -1.0], [0.9, 0.6, 1.0]], [[0.6, -0.6, -1.0], [0.9, -0.5, 1.0]], [[0.6, -0.6, 0.9], [0.9, 0.6, 1.0]], [[0.6, -0.6, -1.0], [0.9, 0.6, -0.9]], [[0.6, -0.6, 0.3], [0.9, 0.6, 0.4]], [[0.6, -0.6, -0.6], [0.9, 0.6, -0.5]], [[0.6, -0.1, 0.4], [0.9, 0.0, 1.0]], [[0.6, 0.1, -0.6], [0.9, 0.2, 0.4]], [[0.6, 0.2, -1.0], [0.9, 0.3, -0.5]]]
start: [-2.0823900000000002, -1.9543999999999999, 1.3999999999999999, 1.8174699999999999, -1.2296400000000001, 1.3240700000000001, -2.4592900000000002]
tajectories: [[-2.08239, -1.9544, 1.4, 1.81747, -1.22964, 1.32407, -2.45929], [-1.74347, -1.8115, 1.33915, 1.95649, -1.23265, 1.18584, -2.18989], [-1.40456, -1.66861, 1.27831, 2.09552, -1.23566, 1.0476, -1.9205], [-1.06565, -1.52571, 1.21746, 2.23454, -1.23867, 0.90937, -1.65111], [-0.72674, -1.38282, 1.15662, 2.37357, -1.24168, 0.77114, -1.38172], [-0.38782, -1.23993, 1.09577, 2.51259, -1.24469, 0.6329, -1.11233], [-0.04891, -1.09703, 1.03492, 2.65162, -1.24769, 0.49467, -0.84294], [0.29, -0.95414, 0.97408, 2.79064, -1.2507, 0.35643, -0.57354], [0.62891, -0.81124, 0.91323, 2.92967, -1.25371, 0.2182, -0.30415], [0.9101, -0.69269, 0.86275, 3.04501, -1.25621, 0.10351, -0.08065], [0.63196, -0.76689, 1.11585, 2.88413, -1.18443, -0.0113, -0.32326], [0.35383, -0.84108, 1.36894, 2.72326, -1.11266, -0.12612, -0.56588], [0.07569, -0.91528, 1.62204, 2.56238, -1.04088, -0.24094, -0.80849], [-0.20244, -0.98948, 1.87514, 2.4015, -0.96911, -0.35575, -1.0511], [-0.48058, -1.06367, 2.12824, 2.24062, -0.89733, -0.47057, -1.29372], [-0.62874, -1.1032, 2.26306, 2.15493, -0.8591, -0.53173, -1.42295], [-0.95476, -0.78333, 2.21538, 2.08193, -0.82341, -0.71141, -1.43824], [-1.28079, -0.46347, 2.16771, 2.00894, -0.78772, -0.8911, -1.45354], [-1.60681, -0.14361, 2.12004, 1.93595, -0.75202, -1.07078, -1.46883], [-1.93284, 0.17626, 2.07237, 1.86295, -0.71633, -1.25047, -1.48412], [-2.25886, 0.49612, 2.0247, 1.78996, -0.68064, -1.43015, -1.49941], [-2.34177, 0.57746, 2.01258, 1.7714, -0.67157, -1.47585, -1.5033], [-2.00553, 0.61835, 1.87136, 1.61005, -0.69444, -1.44031, -1.20749], [-1.66929, 0.65924, 1.73015, 1.4487, -0.71732, -1.40478, -0.91167], [-1.33304, 0.70014, 1.58893, 1.28734, -0.74019, -1.36924, -0.61586], [-0.9968, 0.74103, 1.44772, 1.12599, -0.76307, -1.3337, -0.32004]]
end: [-0.88317999999999997, 0.75483999999999996, 1.3999999999999999, 1.0714699999999999, -0.77080000000000004, -1.3217000000000001, -0.22009000000000001]
obtacles: [[[0.6, 0.5, -1.0], [0.9, 0.6, 1.0]], [[0.6, -0.6, -1.0], [0.9, -0.5, 1.0]], [[0.6, -0.6, 0.9], [0.9, 0.6, 1.0]], [[0.6, -0.6, -1.0], [0.9, 0.6, -0.9]], [[0.6, -0.6, 0.3], [0.9, 0.6, 0.4]], [[0.6, -0.6, -0.6], [0.9, 0.6, -0.5]], [[0.6, -0.1, 0.4], [0.9, 0.0, 1.0]], [[0.6, 0.1, -0.6], [0.9, 0.2, 0.4]], [[0.6, 0.2, -1.0], [0.9, 0.3, -0.5]]]
start: [-0.96806000000000003, 1.64686, 1.6000000000000001, 1.8352900000000001, -1.63666, -1.52281, -0.86453000000000002]
tajectories: [[-0.96806, 1.64686, 1.6, 1.83529, -1.63666, -1.52281, -0.86453], [-0.86449, 1.55078, 1.22105, 2.05268, -1.66177, -1.52057, -1.06088], [-0.76092, 1.45471, 0.84211, 2.27007, -1.68687, -1.51833, -1.25722], [-0.65736, 1.35863, 0.46316, 2.48745, -1.71198, -1.51609, -1.45356], [-0.55379, 1.26255, 0.08422, 2.70484, -1.73709, -1.51385, -1.6499], [-0.45022, 1.16648, -0.29473, 2.92223, -1.7622, -1.51161, -1.84624], [-0.35137, 1.07478, -0.6564, 3.12971, -1.78616, -1.50947, -2.03363], [-0.36269, 0.80709, -0.56544, 3.00573, -1.45714, -1.39203, -1.85329], [-0.37401, 0.53941, -0.47448, 2.88175, -1.12812, -1.27458, -1.67295], [-0.38532, 0.27172, -0.38352, 2.75777, -0.7991, -1.15714, -1.4926], [-0.39664, 0.00403, -0.29256, 2.63379, -0.47009, -1.03969, -1.31226], [-0.40796, -0.26366, -0.2016, 2.5098, -0.14107, -0.92224, -1.13192], [-0.41928, -0.53134, -0.11064, 2.38582, 0.18795, -0.8048, -0.95157], [-0.42632, -0.69788, -0.05406, 2.30869, 0.39265, -0.73173, -0.83938], [-0.39116, -0.54819, 0.01614, 2.35619, 0.21578, -0.87787, -0.43129], [-0.356, -0.39851, 0.08634, 2.4037, 0.03892, -1.02401, -0.0232], [-0.32085, -0.24882, 0.15654, 2.4512, -0.13795, -1.17014, 0.38489], [-0.28569, -0.09913, 0.22674, 2.4987, -0.31481, -1.31628, 0.79297], [-0.25053, 0.05056, 0.29694, 2.5462, -0.49168, -1.46242, 1.20106], [-0.23568, 0.11377, 0.32658, 2.56626, -0.56636, -1.52413, 1.37338], [-0.13167, 0.24201, 0.36957, 2.21454, -0.48929, -1.5194, 1.07136], [-0.02766, 0.37026, 0.41257, 1.86282, -0.41222, -1.51467, 0.76935], [0.07635, 0.49851, 0.45556, 1.51109, -0.33515, -1.50994, 0.46733], [0.18036, 0.62675, 0.49856, 1.15937, -0.25808, -1.50521, 0.16531], [0.28436, 0.755, 0.54155, 0.80765, -0.18101, -1.50048, -0.13671], [0.36547, 0.855, 0.57508, 0.5334, -0.12091, -1.49679, -0.37221], [0.38654, 0.88491, 0.86425, 0.47984, -0.47215, -1.35428, -0.5082], [0.40762, 0.91483, 1.15343, 0.42628, -0.82339, -1.21177, -0.64419], [0.4287, 0.94475, 1.4426, 0.37273, -1.17462, -1.06927, -0.78019]]
end: [0.44017000000000001, 0.96103000000000005, 1.6000000000000001, 0.34358, -1.3657999999999999, -0.99170000000000003, -0.85421000000000002]
obtacles: [[[0.6, 0.5, -1.0], [0.9, 0.6, 1.0]], [[0.6, -0.6, -1.0], [0.9, -0.5, 1.0]], [[0.6, -0.6, 0.9], [0.9, 0.6, 1.0]], [[0.6, -0.6, -1.0], [0.9, 0.6, -0.9]], [[0.6, -0.6, 0.3], [0.9, 0.6, 0.4]], [[0.6, -0.6, -0.6], [0.9, 0.6, -0.5]], [[0.6, -0.1, 0.4], [0.9, 0.0, 1.0]], [[0.6, 0.1, -0.6], [0.9, 0.2, 0.4]], [[0.6, 0.2, -1.0], [0.9, 0.3, -0.5]]]
start: [-2.4143699999999999, -1.7175800000000001, 1.45, 0.998, -1.3821099999999999, 1.54989, -2.8816899999999999]
tajectories: [[-2.41437, -1.71758, 1.45, 0.998, -1.38211, 1.54989, -2.88169], [-2.22842, -1.78589, 1.63279, 1.21325, -1.14561, 1.43239, -2.63415], [-2.04247, -1.85419, 1.81558, 1.4285, -0.90911, 1.3149, -2.38661], [-1.86414, -1.91971, 1.99089, 1.63494, -0.68228, 1.20221, -2.14921], [-1.67141, -1.67893, 1.85014, 1.85942, -0.61635, 0.96101, -2.00037], [-1.47868, -1.43816, 1.70939, 2.0839, -0.55043, 0.7198, -1.85152], [-1.28595, -1.19738, 1.56864, 2.30838, -0.4845, 0.4786, -1.70268], [-1.09322, -0.95661, 1.42788, 2.53286, -0.41857, 0.23739, -1.55384], [-0.90049, -0.71583, 1.28713, 2.75733, -0.35265, -0.00381, -1.40499], [-0.77446, -0.55838, 1.19509, 2.90413, -0.30953, -0.16154, -1.30766], [-0.9162, -0.40721, 1.10091, 2.60262, -0.60173, -0.07068, -1.19086], [-1.05795, -0.25603, 1.00674, 2.30112, -0.89393, 0.02019, -1.07406], [-1.14371, -0.16457, 0.94976, 2.11871, -1.07072, 0.07517, -1.00339], [-1.04272, -0.10418, 0.70885, 2.00671, -0.84136, -0.11897, -0.72901], [-0.94173, -0.0438, 0.46795, 1.8947, -0.612, -0.31311, -0.45464], [-0.84074, 0.01659, 0.22705, 1.7827, -0.38265, -0.50724, -0.18026], [-0.73975, 0.07697, -0.01385, 1.6707, -0.15329, -0.70138, 0.09411], [-0.71278, 0.0931, -0.07821, 1.64078, -0.09202, -0.75324, 0.16741], [-0.76654, 0.27932, 0.28082, 1.47763, -0.28996, -0.87515, 0.11385], [-0.82031, 0.46554, 0.63985, 1.31448, -0.48791, -0.99706, 0.06029], [-0.87407, 0.65176, 0.99888, 1.15133, -0.68585, -1.11897, 0.00672], [-0.92784, 0.83797, 1.3579, 0.98818, -0.88379, -1.24088, -0.04684]]
end: [-0.94162999999999997, 0.88573999999999997, 1.45, 0.94633, -0.93457000000000001, -1.2721499999999999, -0.060580000000000002]
obtacles: [[[0.6, 0.5, -1.0], [0.9, 0.6, 1.0]], [[0.6, -0.6, -1.0], [0.9, -0.5, 1.0]], [[0.6, -0.6, 0.9], [0.9, 0.6, 1.0]], [[0.6, -0.6, -1.0], [0.9, 0.6, -0.9]], [[0.6, -0.6, 0.3], [0.9, 0.6, 0.4]], [[0.6, -0.6, -0.6], [0.9, 0.6, -0.5]], [[0.6, -0.1, 0.4], [0.9, 0.0, 1.0]], [[0.6, 0.1, -0.6], [0.9, 0.2, 0.4]], [[0.6, 0.2, -1.0], [0.9, 0.3, -0.5]]]
start: [-2.2349000000000001, -1.9363300000000001, 1.45, 1.2986500000000001, -1.18686, 1.5584800000000001, -2.7743799999999998]
tajectories: [[-2.2349, -1.93633, 1.45, 1.29865, -1.18686, 1.55848, -2.77438], [-2.03346, -1.79476, 1.57392, 1.5157, -0.98826, 1.30882, -2.61582], [-1.83203, -1.65319, 1.69785, 1.73275, -0.78966, 1.05916, -2.45725], [-1.63059, -1.51162, 1.82177, 1.9498, -0.59106, 0.8095, -2.29868], [-1.42916, -1.37006, 1.94569, 2.16684, -0.39246, 0.55984, -2.14012], [-1.22772, -1.22849, 2.06961, 2.38389, -0.19386, 0.31018, -1.98155], [-1.02629, -1.08692, 2.19354, 2.60094, 0.00475, 0.06052, -1.82299], [-0.91389, -1.00793, 2.26268, 2.72204, 0.11556, -0.07877, -1.73451], [-0.9591, -0.90265, 1.92824, 2.5142, 0.28767, -0.16106, -1.52137], [-1.0043, -0.79737, 1.5938, 2.30636, 0.45978, -0.24335, -1.30823], [-1.04951, -0.69209, 1.25936, 2.09852, 0.63189, -0.32564, -1.09509], [-1.09471, -0.58682, 0.92492, 1.89067, 0.80401, -0.40793, -0.88195], [-1.13992, -0.48154, 0.59047, 1.68283, 0.97612, -0.49022, -0.6688], [-1.16542, -0.42214, 0.40179, 1.56557, 1.07322, -0.53664, -0.54855], [-1.10271, -0.20435, 0.60048, 1.44474, 0.71896, -0.65801, -0.48281], [-1.04001, 0.01344, 0.79918, 1.3239, 0.36469, -0.77937, -0.41708], [-0.9773, 0.23123, 0.99788, 1.20307, 0.01043, -0.90073, -0.35134], [-0.91459, 0.44902, 1.19657, 1.08223, -0.34384, -1.0221, -0.2856], [-0.85189, 0.66681, 1.39527, 0.9614, -0.6981, -1.14346, -0.21987]]
end: [-0.83460999999999996, 0.7268, 1.45, 0.92811999999999995, -0.79569000000000001, -1.17689, -0.20175999999999999]
obtacles: [[[0.6, 0.5, -1.0], [0.9, 0.6, 1.0]], [[0.6, -0.6, -1.0], [0.9, -0.5, 1.0]], [[0.6, -0.6, 0.9], [0.9, 0.6, 1.0]], [[0.6, -0.6, -1.0], [0.9, 0.6, -0.9]], [[0.6, -0.6, 0.3], [0.9, 0.6, 0.4]], [[0.6, -0.6, -0.6], [0.9, 0.6, -0.5]], [[0.6, -0.1, 0.4], [0.9, 0.0, 1.0]], [[0.6, 0.1, -0.6], [0.9, 0.2, 0.4]], [[0.6, 0.2, -1.0], [0.9, 0.3, -0.5]]]
start: [-0.68347000000000002, 1.80684, 1.75, 1.02915, -1.8648499999999999, -1.5428599999999999, -0.32023000000000001]
tajectories: [[-0.68347, 1.80684, 1.75, 1.02915, -1.86485, -1.54286, -0.32023], [-0.93176, 1.83698, 1.51728, 1.22931, -1.9285, -1.25438, -0.39742], [-1.18005, 1.86713, 1.28457, 1.42946, -1.99214, -0.96591, -0.47461], [-1.42834, 1.89727, 1.05185, 1.62962, -2.05579, -0.67744, -0.55179], [-1.67663, 1.92742, 0.81914, 1.82977, -2.11943, -0.38896, -0.62898], [-1.92492, 1.95756, 0.58642, 2.02993, -2.18308, -0.10049, -0.70617], [-2.01333, 1.9683, 0.50355, 2.1012, -2.20574, 0.00224, -0.73365], [-2.00885, 1.60652, 0.72974, 1.92431, -2.3008, -0.15482, -0.7879], [-2.00437, 1.24475, 0.95593, 1.74741, -2.39586, -0.31188, -0.84215], [-1.99989, 0.88298, 1.18212, 1.57051, -2.49092, -0.46894, -0.8964], [-1.9954, 0.52121, 1.40831, 1.39361, -2.58598, -0.626, -0.95065], [-1.99092, 0.15944, 1.6345, 1.21672, -2.68104, -0.78306, -1.00491], [-1.99021, 0.10196, 1.67044, 1.18861, -2.69614, -0.80802, -1.01352], [-1.58381, 0.27572, 1.74897, 1.35335, -2.84166, -0.82078, -1.01528], [-1.17741, 0.44947, 1.82749, 1.5181, -2.98718, -0.83354, -1.01704], [-0.77101, 0.62323, 1.90602, 1.68284, -3.1327, -0.8463, -1.0188], [-0.4147, 0.77556, 1.97487, 1.82728, -3.26028, -0.85749, -1.02034], [-0.20925, 0.80806, 1.93844, 1.4414, -3.06369, -0.90662, -0.89605], [-0.0038, 0.84055, 1.902, 1.05553, -2.8671, -0.95574, -0.77176], [0.20165, 0.87304, 1.86556, 0.66966, -2.67051, -1.00487, -0.64747], [0.40711, 0.90553, 1.82913, 0.28379, -2.47392, -1.054, -0.52318], [0.61256, 0.93802, 1.79269, -0.10209, -2.27733, -1.10313, -0.39889], [0.81801, 0.97051, 1.75625, -0.48796, -2.08074, -1.15226, -0.2746]]
end: [0.85328000000000004, 0.97609000000000001, 1.75, -0.55420000000000003, -2.0469900000000001, -1.16069, -0.25325999999999999]
obtacles: [[[0.6, 0.5, -1.0], [0.9, 0.6, 1.0]], [[0.6, -0.6, -1.0], [0.9, -0.5, 1.0]], [[0.6, -0.6, 0.9], [0.9, 0.6, 1.0]], [[0.6, -0.6, -1.0], [0.9, 0.6, -0.9]], [[0.6, -0.6, 0.3], [0.9, 0.6, 0.4]], [[0.6, -0.6, -0.6], [0.9, 0.6, -0.5]], [[0.6, -0.1, 0.4], [0.9, 0.0, 1.0]], [[0.6, 0.1, -0.6], [0.9, 0.2, 0.4]], [[0.6, 0.2, -1.0], [0.9, 0.3, -0.5]]]
start: [-0.84636, 1.7959799999999999, 1.7, 1.48645, -1.8073999999999999, -1.4642599999999999, -0.61278999999999995]
tajectories: [[-0.84636, 1.79598, 1.7, 1.48645, -1.8074, -1.46426, -0.61279], [-0.91659, 1.56413, 1.43693, 1.57343, -2.02354, -1.27906, -0.7959], [-0.98682, 1.33228, 1.17387, 1.66041, -2.23968, -1.09386, -0.97901], [-1.05705, 1.10043, 0.9108, 1.74739, -2.45582, -0.90866, -1.16212], [-1.12729, 0.86858, 0.64773, 1.83437, -2.67196, -0.72347, -1.34522], [-1.19752, 0.63673, 0.38467, 1.92135, -2.8881, -0.53827, -1.52833], [-1.26775, 0.40488, 0.1216, 2.00834, -3.10424, -0.35307, -1.71144], [-1.33799, 0.17303, -0.14147, 2.09532, -3.32038, -0.16787, -1.89454], [-1.33855, 0.17118, -0.14357, 2.09601, -3.32211, -0.16639, -1.89601], [-1.08149, -0.12081, -0.12032, 1.88001, -3.2467, 0.00389, -1.76643], [-0.82444, -0.41279, -0.09708, 1.66402, -3.17129, 0.17417, -1.63685], [-0.56739, -0.70478, -0.07383, 1.44802, -3.09589, 0.34446, -1.50727], [-0.31033, -0.99676, -0.05059, 1.23203, -3.02048, 0.51474, -1.37769], [-0.05328, -1.28875, -0.02734, 1.01603, -2.94507, 0.68502, -1.24811], [0.10163, -1.46471, -0.01333, 0.88587, -2.89963, 0.78764, -1.17002], [0.13661, -1.19744, 0.03723, 0.85489, -2.50693, 0.85636, -1.04797], [0.17158, -0.93017, 0.08779, 0.82392, -2.11423, 0.92508, -0.92592], [0.20656, -0.6629, 0.13834, 0.79295, -1.72154, 0.9938, -0.80388], [0.24153, -0.39564, 0.1889, 0.76197, -1.32884, 1.06252, -0.68183], [0.27651, -0.12837, 0.23946, 0.731, -0.93614, 1.13124, -0.55978], [0.31149, 0.1389, 0.29002, 0.70003, -0.54345, 1.19996, -0.43774], [0.32299, 0.22679, 0.30665, 0.68984, -0.41431, 1.22256, -0.3976], [0.30763, 0.35544, 0.54086, 0.6878, -0.5579, 0.83981, -0.5036], [0.29228, 0.4841, 0.77506, 0.68576, -0.70149, 0.45706, -0.6096], [0.27693, 0.61275, 1.00927, 0.68372, -0.84508, 0.0743, -0.71561], [0.26157, 0.74141, 1.24348, 0.68168, -0.98867, -0.30845, -0.82161], [0.24622, 0.87006, 1.47769, 0.67964, -1.13227, -0.6912, -0.92761]]
end: [0.23164999999999999, 0.99217999999999995, 1.7, 0.67771000000000003, -1.2685599999999999, -1.0545100000000001, -1.02823]
obtacles: [[[0.6, 0.5, -1.0], [0.9, 0.6, 1.0]], [[0.6, -0.6, -1.0], [0.9, -0.5, 1.0]], [[0.6, -0.6, 0.9], [0.9, 0.6, 1.0]], [[0.6, -0.6, -1.0], [0.9, 0.6, -0.9]], [[0.6, -0.6, 0.3], [0.9, 0.6, 0.4]], [[0.6, -0.6, -0.6], [0.9, 0.6, -0.5]], [[0.6, -0.1, 0.4], [0.9, 0.0, 1.0]], [[0.6, 0.1, -0.6], [0.9, 0.2, 0.4]], [[0.6, 0.2, -1.0], [0.9, 0.3, -0.5]]]
start: [-0.79063000000000005, 1.95231, 1.5, 1.9812799999999999, 1.19282, 1.4823, 1.9541999999999999]
tajectories: [[-0.79063, 1.95231, 1.5, 1.98128, 1.19282, 1.4823, 1.9542], [-0.87678, 1.70242, 1.30575, 2.01289, 1.06363, 1.26676, 1.67446], [-0.96293, 1.45253, 1.11149, 2.0445, 0.93445, 1.05123, 1.39472], [-1.04908, 1.20265, 0.91724, 2.07611, 0.80526, 0.83569, 1.11498], [-1.13522, 0.95276, 0.72299, 2.10772, 0.67607, 0.62015, 0.83524], [-1.22137, 0.70287, 0.52873, 2.13933, 0.54688, 0.40462, 0.5555], [-1.30752, 0.45298, 0.33448, 2.17094, 0.41769, 0.18908, 0.27576], [-1.39367, 0.20309, 0.14023, 2.20255, 0.28851, -0.02646, -0.00398], [-1.40799, 0.16157, 0.10795, 2.2078, 0.26704, -0.06228, -0.05047], [-1.26082, 0.0265, -0.02664, 2.22389, -0.05437, -0.35952, -0.04221], [-1.11365, -0.10857, -0.16123, 2.23998, -0.37578, -0.65676, -0.03395], [-0.96648, -0.24364, -0.29582, 2.25607, -0.69719, -0.954, -0.02569], [-0.81931, -0.37871, -0.4304, 2.27217, -1.0186, -1.25124, -0.01743], [-0.67214, -0.51379, -0.56499, 2.28826, -1.34, -1.54848, -0.00917], [-0.66295, -0.52222, -0.5734, 2.28926, -1.36007, -1.56704, -0.00866], [-0.50716, -0.30529, -0.27131, 2.05939, -1.32258, -1.50887, -0.18123], [-0.35138, -0.08836, 0.03079, 1.82951, -1.28509, -1.4507, -0.3538], [-0.19559, 0.12857, 0.33288, 1.59964, -1.24759, -1.39253, -0.52636], [-0.0398, 0.34551, 0.63497, 1.36977, -1.2101, -1.33436, -0.69893], [0.11599, 0.56244, 0.93706, 1.13989, -1.17261, -1.27618, -0.8715], [0.27178, 0.77937, 1.23915, 0.91002, -1.13511, -1.21801, -1.04407]]
end: [0.40629999999999999, 0.96669000000000005, 1.5, 0.71152000000000004, -1.1027400000000001, -1.16778, -1.1930799999999999]
