obtacles: [[[0.6, 0.5, -1.0], [0.9, 0.6, 1.0]], [[0.6, -0.6, -1.0], [0.9, -0.5, 1.0]], [[0.6, -0.6, 0.9], [0.9, 0.6, 1.0]], [[0.6, -0.6, -1.0], [0.9, 0.6, -0.9]], [[0.6, -0.6, 0.4], [0.9, 0.6, 0.5]], [[0.6, -0.6, -0.6], [0.9, 0.6, -0.5]], [[0.6, 0.1, 0.5], [0.9, 0.2, 1.0]], [[0.6, -0.1, -0.6], [0.9, 0.0, 0.5]], [[0.6, 0.2, -1.0], [0.9, 0.3, -0.5]]]
start: [-2.1979199999999999, -1.96875, 1.55, 1.69364, -1.17763, 1.50424, -2.4090799999999999]
tajectories: [[-2.19792, -1.96875, 1.55, 1.69364, -1.17763, 1.50424, -2.40908], [-2.02664, -1.88565, 1.55303, 1.95492, -1.50425, 1.31906, -2.34198], [-1.85535, -1.80254, 1.55607, 2.2162, -1.83088, 1.13387, -2.27488], [-1.68406, -1.71943, 1.5591, 2.47748, -2.1575, 0.94869, -2.20779], [-1.51277, -1.63633, 1.56213, 2.73877, -2.48412, 0.76351, -2.14069], [-1.34149, -1.55322, 1.56516, 3.00005, -2.81074, 0.57833, -2.07359], [-1.32027, -1.54292, 1.56554, 3.03241, -2.8512, 0.5554, -2.06528], [-1.3375, -1.56733, 1.3898, 2.62071, -2.94408, 0.56028, -1.86508], [-1.35474, -1.59174, 1.21407, 2.20902, -3.03696, 0.56516, -1.66488], [-1.37197, -1.61614, 1.03834, 1.79732, -3.12984, 0.57004, -1.46468], [-1.38921, -1.64055, 0.8626, 1.38563, -3.22272, 0.57492, -1.26447], [-1.39484, -1.64852, 0.80518, 1.25109, -3.25307, 0.57652, -1.19905], [-1.35147, -1.42565, 0.55439, 1.30989, -3.23767, 0.39895, -0.88231], [-1.3081, -1.20277, 0.3036, 1.3687, -3.22226, 0.22139, -0.56556], [-1.26473, -0.97989, 0.05282, 1.42751, -3.20686, 0.04383, -0.24882], [-1.22136, -0.75701, -0.19797, 1.48631, -3.19145, -0.13373, 0.06793], [-1.17799, -0.53414, -0.44875, 1.54512, -3.17605, -0.3113, 0.38467], [-1.13462, -0.31126, -0.69954, 1.60393, -3.16064, -0.48886, 0.70142], [-1.12129, -0.24276, -0.77661, 1.622, -3.15591, -0.54343, 0.79876], [-1.08262, -0.09225, -0.44934, 1.47571, -2.86515, -0.60484, 0.70374], [-1.04395, 0.05827, -0.12206, 1.32941, -2.5744, -0.66624, 0.60871], [-1.00527, 0.20878, 0.20521, 1.18312, -2.28364, -0.72765, 0.51368], [-0.9666, 0.35929, 0.53249, 1.03683, -1.99289, -0.78905, 0.41866], [-0.92793, 0.50981, 0.85977, 0.89053, -1.70213, -0.85046, 0.32363], [-0.88926, 0.66032, 1.18704, 0.74424, -1.41138, -0.91186, 0.2286], [-0.85059, 0.81083, 1.51432, 0.59795, -1.12063, -0.97327, 0.13357]]
end: [-0.84636999999999996, 0.82725000000000004, 1.55, 0.58199999999999996, -1.0889200000000001, -0.97997000000000001, 0.12321]
obtacles: [[[0.6, 0.5, -1.0], [0.9, 0.6, 1.0]], [[0.6, -0.6, -1.0], [0.9, -0.5, 1.0]], [[0.6, -0.6, 0.9], [0.9, 0.6, 1.0]], [[0.6, -0.6, -1.0], [0.9, 0.6, -0.9]], [[0.6, -0.6, 0.4], [0.9, 0.6, 0.5]], [[0.6, -0.6, -0.6], [0.9, 0.6, -0.5]], [[0.6, 0.1, 0.5], [0.9, 0.2, 1.0]], [[0.6, -0.1, -0.6], [0.9, 0.0, 0.5]], [[0.6, 0.2, -1.0], [0.9, 0.3, -0.5]]]
start: [-0.83852000000000004, 1.81732, 1.6499999999999999, 1.3743799999999999, -1.82803, -1.5431600000000001, -0.52248000000000006]
tajectories: [[-0.83852, 1.81732, 1.65, 1.37438, -1.82803, -1.54316, -0.52248], [-1.1362, 1.71097, 1.74241, 1.60535, -1.74628, -1.39671, -0.27741], [-1.43388, 1.60462, 1.83483, 1.83631, -1.66452, -1.25026, -0.03234], [-1.73156, 1.49827, 1.92724, 2.06727, -1.58276, -1.1038, 0.21273], [-1.91505, 1.43272, 1.98421, 2.20964, -1.53237, -1.01353, 0.36379], [-1.97244, 1.20829, 1.98063, 2.12739, -1.69441, -0.75104, 0.05655], [-2.02982, 0.98385, 1.97705, 2.04514, -1.85646, -0.48855, -0.2507], [-2.08721, 0.75941, 1.97347, 1.9629, -2.0185, -0.22606, -0.55794], [-2.14459, 0.53498, 1.9699, 1.88065, -2.18055, 0.03643, -0.86518], [-2.15, 0.51383, 1.96956, 1.8729, -2.19582, 0.06116, -0.89412], [-1.95416, 0.34309, 1.92115, 2.05472, -2.09321, 0.38702, -1.06843], [-1.75832, 0.17235, 1.87273, 2.23653, -1.9906, 0.71288, -1.24273], [-1.56248, 0.00161, 1.82432, 2.41834, -1.88799, 1.03873, -1.41704], [-1.37097, -0.16536, 1.77698, 2.59614, -1.78765, 1.35739, -1.58749], [-1.14567, -0.21734, 1.63402, 2.28729, -1.58428, 1.30819, -1.77967], [-0.92036, -0.26933, 1.49107, 1.97845, -1.3809, 1.259, -1.97185], [-0.69506, -0.32132, 1.34811, 1.66961, -1.17753, 1.2098, -2.16403], [-0.46976, -0.37331, 1.20516, 1.36076, -0.97415, 1.16061, -2.35622], [-0.46513, -0.37438, 1.20222, 1.35442, -0.96997, 1.1596, -2.36016], [-0.83319, -0.47521, 1.30555, 1.2815, -1.23498, 1.18855, -2.49171], [-1.20125, -0.57604, 1.40889, 1.20858, -1.49999, 1.2175, -2.62326], [-1.56931, -0.67687, 1.51222, 1.13567, -1.76499, 1.24645, -2.75481], [-1.93737, -0.7777, 1.61555, 1.06275, -2.03, 1.2754, -2.88636]]
end: [-2.2381600000000001, -0.86009999999999998, 1.7, 1.0031600000000001, -2.2465799999999998, 1.2990600000000001, -2.9938699999999998]
obtacles: [[[0.6, 0.5, -1.0], [0.9, 0.6, 1.0]], [[0.6, -0.6, -1.0], [0.9, -0.5, 1.0]], [[0.6, -0.6, 0.9], [0.9, 0.6, 1.0]], [[0.6, -0.6, -1.0], [0.9, 0.6, -0.9]], [[0.6, -0.6, 0.4], [0.9, 0.6, 0.5]], [[0.6, -0.6, -0.6], [0.9, 0.6, -0.5]], [[0.6, 0.1, 0.5], [0.9, 0.2, 1.0]], [[0.6, -0.1, -0.6], [0.9, 0.0, 0.5]], [[0.6, 0.2, -1.0], [0.9, 0.3, -0.5]]]
start: [-2.1838600000000001, -1.81819, 1.6000000000000001, 1.7771399999999999, -1.3227199999999999, 1.54833, -2.3213599999999999]
tajectories: [[-2.18386, -1.81819, 1.6, 1.77714, -1.32272, 1.54833, -2.32136], [-1.95735, -1.8195, 1.52121, 1.9299, -1.26835, 1.20906, -2.09533], [-1.73084, -1.82081, 1.44241, 2.08266, -1.21399, 0.86979, -1.86931], [-1.50433, -1.82213, 1.36362, 2.23543, -1.15962, 0.53052, -1.64329], [-1.27782, -1.82344, 1.28482, 2.38819, -1.10526, 0.19125, -1.41727], [-1.0513, -1.82475, 1.20603, 2.54095, -1.05089, -0.14802, -1.19124], [-0.82479, -1.82607, 1.12723, 2.69371, -0.99653, -0.48729, -0.96522], [-0.59828, -1.82738, 1.04844, 2.84647, -0.94217, -0.82656, -0.7392], [-0.37177, -1.82869, 0.96964, 2.99924, -0.8878, -1.16583, -0.51317], [-0.21939, -1.82957, 0.91663, 3.10201, -0.85123, -1.39407, -0.36111], [-0.40527, -1.61274, 0.74148, 2.9377, -0.89469, -1.15667, -0.13198], [-0.59116, -1.3959, 0.56632, 2.7734, -0.93816, -0.91927, 0.09716], [-0.77704, -1.17907, 0.39116, 2.60909, -0.98162, -0.68187, 0.32629], [-0.96293, -0.96223, 0.21601, 2.44478, -1.02509, -0.44447, 0.55543], [-1.14882, -0.7454, 0.04085, 2.28048, -1.06855, -0.20707, 0.78457], [-1.3347, -0.52856, -0.13431, 2.11617, -1.11202, 0.03034, 1.0137], [-1.52059, -0.31173, -0.30947, 1.95187, -1.15548, 0.26774, 1.24284], [-1.57446, -0.24888, -0.36023, 1.90424, -1.16808, 0.33654, 1.30925], [-1.6733, -0.19053, 0.00732, 1.79578, -1.4353, 0.44279, 1.39452], [-1.77214, -0.13218, 0.37487, 1.68731, -1.70252, 0.54904, 1.47979], [-1.87098, -0.07382, 0.74242, 1.57884, -1.96974, 0.65528, 1.56507], [-1.96982, -0.01547, 1.10997, 1.47038, -2.23696, 0.76153, 1.65034], [-2.06866, 0.04288, 1.47752, 1.36191, -2.50418, 0.86777, 1.73561], [-2.09374, 0.05769, 1.57078, 1.33439, -2.57198, 0.89473, 1.75725], [-1.85652, 0.17367, 1.57501, 1.18414, -2.39501, 0.63666, 1.51278], [-1.6193, 0.28964, 1.57924, 1.03388, -2.21803, 0.37859, 1.26832], [-1.38207, 0.40562, 1.58347, 0.88363, -2.04106, 0.12053, 1.02386], [-1.14485, 0.52159, 1.5877, 0.73338, -1.86408, -0.13754, 0.77939], [-0.90763, 0.63757, 1.59194, 0.58313, -1.68711, -0.39561, 0.53493], [-0.67041, 0.75355, 1.59617, 0.43288, -1.51013, -0.65368, 0.29047]]
end: [-0.45551999999999998, 0.85860000000000003, 1.6000000000000001, 0.29676999999999998, -1.34982, -0.88744999999999996, 0.069019999999999998]
obtacles: [[[0.6, 0.5, -1.0], [0.9, 0.6, 1.0]], [[0.6, -0.6, -1.0], [0.9, -0.5, 1.0]], [[0.6, -0.6, 0.9], [0.9, 0.6, 1.0]], [[0.6, -0.6, -1.0], [0.9, 0.6, -0.9]], [[0.6, -0.6, 0.4], [0.9, 0.6, 0.5]], [[0.6, -0.6, -0.6], [0.9, 0.6, -0.5]], [[0.6, 0.1, 0.5], [0.9, 0.2, 1.0]], [[0.6, -0.1, -0.6], [0.9, 0.0, 0.5]], [[0.6, 0.2, -1.0], [0.9, 0.3, -0.5]]]
start: [-0.23261000000000001, 0.73921000000000003, 2.5, -0.37998999999999999, -2.6620599999999999, -1.06318, 0.48942999999999998]
tajectories: [[-0.23261, 0.73921, 2.5, -0.37999, -2.66206, -1.06318, 0.48943], [-0.58128, 0.59025, 2.45093, -0.46429, -2.84341, -0.82663, 0.40069], [-0.92995, 0.44129, 2.40186, -0.54859, -3.02477, -0.59007, 0.31194], [-1.27862, 0.29232, 2.35278, -0.63289, -3.20612, -0.35351, 0.2232], [-1.62729, 0.14336, 2.30371, -0.71719, -3.38748, -0.11696, 0.13445], [-1.97596, -0.0056, 2.25464, -0.80149, -3.56883, 0.1196, 0.04571], [-2.16117, -0.08473, 2.22857, -0.84626, -3.66516, 0.24525, -0.00143], [-2.02646, -0.19379, 2.34275, -0.63742, -3.9737, 0.41381, 0.19783], [-1.89175, -0.30286, 2.45692, -0.42859, -4.28223, 0.58237, 0.39709], [-1.75704, -0.41193, 2.5711, -0.21975, -4.59076, 0.75093, 0.59634], [-1.68309, -0.47181, 2.63378, -0.10509, -4.76015, 0.84348, 0.70574], [-1.50555, -0.56359, 2.48511, 0.2396, -4.52472, 0.7301, 0.67636], [-1.32802, -0.65537, 2.33643, 0.58429, -4.28929, 0.61672, 0.64698], [-1.15049, -0.74715, 2.18776, 0.92898, -4.05387, 0.50334, 0.6176], [-0.97295, -0.83893, 2.03908, 1.27366, -3.81844, 0.38996, 0.58822], [-0.79542, -0.93071, 1.89041, 1.61835, -3.58301, 0.27658, 0.55884], [-0.7898, -0.93362, 1.8857, 1.62927, -3.57556, 0.27299, 0.55791], [-1.05722, -1.08823, 1.94902, 1.80252, -3.85023, 0.1867, 0.36385], [-1.32465, -1.24284, 2.01234, 1.97578, -4.12491, 0.1004, 0.16979], [-1.59207, -1.39745, 2.07566, 2.14903, -4.39959, 0.01411, -0.02427], [-1.85359, -1.54865, 2.13758, 2.31847, -4.6682, -0.07028, -0.21405], [-1.97628, -1.63043, 1.95755, 2.03813, -4.5821, -0.38691, -0.11614], [-2.09896, -1.71221, 1.77751, 1.75778, -4.49599, -0.70355, -0.01823], [-2.22165, -1.79398, 1.59747, 1.47744, -4.40988, -1.02018, 0.07968], [-2.34433, -1.87576, 1.41744, 1.1971, -4.32377, -1.33681, 0.17759]]
end: [-2.4243600000000001, -1.9291, 1.3, 1.01423, -4.2676100000000003, -1.54335, 0.24146000000000001]
obtacles: [[[0.6, 0.5, -1.0], [0.9, 0.6, 1.0]], [[0.6, -0.6, -1.0], [0.9, -0.5, 1.0]], [[0.6, -0.6, 0.9], [0.9, 0.6, 1.0]], [[0.6, -0.6, -1.0], [0.9, 0.6, -0.9]], [[0.6, -0.6, 0.4], [0.9, 0.6, 0.5]], [[0.6, -0.6, -0.6], [0.9, 0.6, -0.5]], [[0.6, 0.1, 0.5], [0.9, 0.2, 1.0]], [[0.6, -0.1, -0.6], [0.9, 0.0, 0.5]], [[0.6, 0.2, -1.0], [0.9, 0.3, -0.5]]]
start: [-0.59623999999999999, 0.79137999999999997, 1.55, 1.3492500000000001, -0.80127000000000004, -1.43032, -0.80144000000000004]
tajectories: [[-0.59624, 0.79138, 1.55, 1.34925, -0.80127, -1.43032, -0.80144], [-0.79908, 0.65396, 1.46654, 1.30231, -0.57177, -1.20617, -1.08052], [-1.00193, 0.51654, 1.38307, 1.25537, -0.34228, -0.98203, -1.35961], [-1.20478, 0.37912, 1.29961, 1.20842, -0.11278, -0.75788, -1.63869], [-1.40763, 0.2417, 1.21615, 1.16148, 0.11672, -0.53374, -1.91778], [-1.61047, 0.10428, 1.13268, 1.11454, 0.34622, -0.30959, -2.19686], [-1.81332, -0.03314, 1.04922, 1.06759, 0.57571, -0.08545, -2.47595], [-1.90433, -0.0948, 1.01177, 1.04653, 0.67868, 0.01512, -2.60116], [-1.78323, -0.1574, 0.88785, 1.22817, 0.30453, 0.08289, -2.40499], [-1.66212, -0.21999, 0.76392, 1.40982, -0.06962, 0.15066, -2.20883], [-1.54102, -0.28259, 0.64, 1.59146, -0.44378, 0.21844, -2.01266], [-1.41992, -0.34519, 0.51607, 1.7731, -0.81793, 0.28621, -1.81649], [-1.30953, -0.40225, 0.40311, 1.93868, -1.15898, 0.34799, -1.63768], [-1.3683, -0.08029, 0.26432, 1.94941, -1.3377, 0.36753, -1.3357], [-1.42706, 0.24166, 0.12553, 1.96015, -1.51643, 0.38707, -1.03373], [-1.48583, 0.56362, -0.01326, 1.97088, -1.69515, 0.40662, -0.73175], [-1.5446, 0.88557, -0.15205, 1.98161, -1.87388, 0.42616, -0.42977], [-1.60337, 1.20752, -0.29084, 1.99235, -2.05261, 0.4457, -0.1278], [-1.61786, 1.28689, -0.32505, 1.99499, -2.09666, 0.45052, -0.05336], [-1.54546, 1.3985, 0.00512, 1.89776, -2.07415, 0.11491, -0.07962], [-1.47306, 1.51012, 0.3353, 1.80053, -2.05164, -0.2207, -0.10589], [-1.40067, 1.62174, 0.66548, 1.70331, -2.02914, -0.55631, -0.13215], [-1.32827, 1.73335, 0.99565, 1.60608, -2.00663, -0.89192, -0.15842], [-1.25588, 1.84497, 1.32583, 1.50885, -1.98412, -1.22753, -0.18468]]
end: [-1.1848000000000001, 1.9545600000000001, 1.6499999999999999, 1.4133899999999999, -1.9620200000000001, -1.5570299999999999, -0.21046999999999999]
obtacles: [[[0.6, 0.5, -1.0], [0.9, 0.6, 1.0]], [[0.6, -0.6, -1.0], [0.9, -0.5, 1.0]], [[0.6, -0.6, 0.9], [0.9, 0.6, 1.0]], [[0.6, -0.6, -1.0], [0.9, 0.6, -0.9]], [[0.6, -0.6, 0.4], [0.9, 0.6, 0.5]], [[0.6, -0.6, -0.6], [0.9, 0.6, -0.5]], [[0.6, 0.1, 0.5], [0.9, 0.2, 1.0]], [[0.6, -0.1, -0.6], [0.9, 0.0, 0.5]], [[0.6, 0.2, -1.0], [0.9, 0.3, -0.5]]]
start: [-2.4483999999999999, -0.78269999999999995, 2.25, 0.77585000000000004, 0.59382000000000001, -1.37364, -0.10403]
tajectories: [[-2.4484, -0.7827, 2.25, 0.77585, 0.59382, -1.37364, -0.10403], [-2.13727, -0.61613, 2.23987, 1.12276, 0.64943, -1.37202, -0.14773], [-1.82615, -0.44956, 2.22973, 1.46967, 0.70505, -1.3704, -0.19143], [-1.51502, -0.283, 2.2196, 1.81658, 0.76066, -1.36877, -0.23513], [-1.20389, -0.11643, 2.20946, 2.1635, 0.81627, -1.36715, -0.27883], [-1.06837, -0.04388, 2.20505, 2.31461, 0.8405, -1.36644, -0.29786], [-1.0988, 0.01784, 2.07578, 2.37256, 0.74481, -0.97019, -0.05492], [-1.12924, 0.07955, 1.9465, 2.43051, 0.64912, -0.57393, 0.18801], [-1.15967, 0.14127, 1.81723, 2.48846, 0.55343, -0.17767, 0.43095], [-1.18001, 0.18251, 1.73085, 2.52718, 0.48949, 0.08712, 0.59329], [-1.1936, 0.31362, 1.5912, 2.50496, 0.39124, 0.5266, 0.69244], [-1.20719, 0.44474, 1.45155, 2.48273, 0.29298, 0.96608, 0.79159], [-1.22078, 0.57585, 1.3119, 2.46051, 0.19472, 1.40556, 0.89074], [-1.22453, 0.61207, 1.27333, 2.45437, 0.16758, 1.52696, 0.91813], [-1.21412, 0.86136, 1.33423, 2.28578, 0.35853, 1.5315, 1.26329], [-1.2037, 1.11064, 1.39513, 2.11719, 0.54948, 1.53604, 1.60845], [-1.19329, 1.35992, 1.45604, 1.94861, 0.74044, 1.54058, 1.95361], [-1.18287, 1.60921, 1.51694, 1.78002, 0.93139, 1.54512, 2.29877], [-1.17246, 1.85849, 1.57784, 1.61143, 1.12234, 1.54966, 2.64392]]
end: [-1.1686700000000001, 1.9491799999999999, 1.6000000000000001, 1.55009, 1.19181, 1.55131, 2.7694999999999999]
obtacles: [[[0.6, 0.5, -1.0], [0.9, 0.6, 1.0]], [[0.6, -0.6, -1.0], [0.9, -0.5, 1.0]], [[0.6, -0.6, 0.9], [0.9, 0.6, 1.0]], [[0.6, -0.6, -1.0], [0.9, 0.6, -0.9]], [[0.6, -0.6, 0.4], [0.9, 0.6, 0.5]], [[0.6, -0.6, -0.6], [0.9, 0.6, -0.5]], [[0.6, 0.1, 0.5], [0.9, 0.2, 1.0]], [[0.6, -0.1, -0.6], [0.9, 0.0, 0.5]], [[0.6, 0.2, -1.0], [0.9, 0.3, -0.5]]]
start: [-1.12527, 1.70363, 1.55, 1.7427600000000001, -1.7052099999999999, -1.5684400000000001, -0.61870999999999998]
tajectories: [[-1.12527, 1.70363, 1.55, 1.74276, -1.70521, -1.56844, -0.61871], [-1.22941, 1.71122, 1.34751, 1.79493, -1.91047, -1.23322, -0.41655], [-1.33354, 1.71882, 1.14502, 1.84711, -2.11572, -0.89799, -0.21439], [-1.43768, 1.72642, 0.94253, 1.89929, -2.32098, -0.56277, -0.01224], [-1.54181, 1.73401, 0.74004, 1.95146, -2.52623, -0.22754, 0.18992], [-1.64595, 1.74161, 0.53754, 2.00364, -2.73149, 0.10768, 0.39208], [-1.75008, 1.74921, 0.33505, 2.05581, -2.93674, 0.44291, 0.59424], [-1.77504, 1.75103, 0.28653, 2.06832, -2.98593, 0.52324, 0.64268], [-1.64051, 1.45583, 0.28351, 1.92832, -2.82305, 0.40232, 0.35285], [-1.50598, 1.16063, 0.2805, 1.78832, -2.66017, 0.28139, 0.06303], [-1.37145, 0.86543, 0.27749, 1.64832, -2.49729, 0.16047, -0.2268], [-1.23692, 0.57024, 0.27447, 1.50832, -2.33441, 0.03955, -0.51663], [-1.10239, 0.27504, 0.27146, 1.36833, -2.17153, -0.08137, -0.80645], [-0.96787, -0.02016, 0.26844, 1.22833, -2.00866, -0.2023, -1.09628], [-0.89904, -0.1712, 0.2669, 1.1567, -1.92532, -0.26417, -1.24457], [-0.92705, -0.34457, 0.2783, 1.33575, -1.72119, -0.02994, -1.5453], [-0.95506, -0.51795, 0.2897, 1.5148, -1.51705, 0.20428, -1.84602], [-0.98307, -0.69133, 0.30111, 1.69385, -1.31292, 0.4385, -2.14675], [-1.01108, -0.8647, 0.31251, 1.8729, -1.10878, 0.67272, -2.44747], [-1.03516, -1.01372, 0.32231, 2.02679, -0.93332, 0.87404, -2.70595], [-1.27744, -0.98501, 0.58016, 1.80548, -1.19206, 0.94008, -2.76676], [-1.51973, -0.9563, 0.83802, 1.58416, -1.4508, 1.00612, -2.82758], [-1.76201, -0.92758, 1.09588, 1.36284, -1.70953, 1.07217, -2.88839], [-2.00429, -0.89887, 1.35373, 1.14153, -1.96827, 1.13821, -2.9492]]
end: [-2.1887099999999999, -0.87700999999999996, 1.55, 0.97306999999999999, -2.1652, 1.18848, -2.9954800000000001]
obtacles: [[[0.6, 0.5, -1.0], [0.9, 0.6, 1.0]], [[0.6, -0.6, -1.0], [0.9, -0.5, 1.0]], [[0.6, -0.6, 0.9], [0.9, 0.6, 1.0]], [[0.6, -0.6, -1.0], [0.9, 0.6, -0.9]], [[0.6, -0.6, 0.4], [0.9, 0.6, 0.5]], [[0.6, -0.6, -0.6], [0.9, 0.6, -0.5]], [[0.6, 0.1, 0.5], [0.9, 0.2, 1.0]], [[0.6, -0.1, -0.6], [0.9, 0.0, 0.5]], [[0.6, 0.2, -1.0], [0.9, 0.3, -0.5]]]
start: [0.23716999999999999, 1.54508, 1.55, -0.019949999999999999, -1.5505199999999999, -1.54467, -0.21720999999999999]
tajectories: [[0.23717, 1.54508, 1.55, -0.01995, -1.55052, -1.54467, -0.21721], [0.21251, 1.52528, 1.3221, -0.03738, -1.47208, -1.11519, -0.13879], [0.18786, 1.50548, 1.09421, -0.0548, -1.39365, -0.6857, -0.06038], [0.1632, 1.48567, 0.86631, -0.07222, -1.31521, -0.25621, 0.01804], [0.13855, 1.46587, 0.63841, -0.08964, -1.23678, 0.17327, 0.09645], [0.13196, 1.46058, 0.57752, -0.0943, -1.21582, 0.28804, 0.11741], [0.16587, 1.43283, 0.4724, 0.06949, -1.66697, 0.35981, 0.15632], [0.19978, 1.40508, 0.36728, 0.23328, -2.11813, 0.43158, 0.19524], [0.23369, 1.37733, 0.26217, 0.39706, -2.56928, 0.50336, 0.23416], [0.26621, 1.35072, 0.16135, 0.55415, -3.002, 0.57219, 0.27148], [0.30793, 1.46707, 0.03313, 0.58146, -2.81175, 0.76504, 0.65116], [0.34965, 1.58343, -0.09509, 0.60877, -2.62151, 0.95788, 1.03084], [0.39137, 1.69979, -0.22331, 0.63608, -2.43127, 1.15072, 1.41051], [0.41445, 1.76415, -0.29423, 0.65118, -2.32604, 1.25739, 1.62053], [0.42989, 1.53122, -0.21245, 1.01465, -2.23504, 1.26906, 1.84028], [0.44533, 1.2983, -0.13067, 1.37812, -2.14404, 1.28072, 2.06004], [0.46077, 1.06538, -0.04889, 1.74159, -2.05304, 1.29239, 2.2798], [0.47621, 0.83245, 0.03289, 2.10506, -1.96204, 1.30406, 2.49955], [0.47825, 0.80168, 0.04369, 2.15309, -1.95001, 1.3056, 2.52859], [0.28202, 0.70212, 0.33863, 2.25256, -1.99444, 1.04738, 2.3387], [0.0858, 0.60257, 0.63356, 2.35203, -2.03886, 0.78917, 2.14881], [-0.11042, 0.50301, 0.92849, 2.4515, -2.08329, 0.53096, 1.95893], [-0.23814, 0.43821, 1.12045, 2.51624, -2.1122, 0.3629, 1.83534], [-0.49428, 0.20837, 1.11539, 2.59857, -1.93497, 0.39547, 1.53156], [-0.74747, -0.01883, 1.11038, 2.67996, -1.75979, 0.42767, 1.23129], [-0.93961, -0.00956, 1.3346, 2.67856, -1.7236, 0.13218, 0.95908], [-1.13176, -0.00029, 1.55882, 2.67715, -1.68741, -0.16331, 0.68688], [-1.3239, 0.00897, 1.78304, 2.67575, -1.65123, -0.4588, 0.41468], [-1.51605, 0.01824, 2.00726, 2.67434, -1.61504, -0.75429, 0.14248], [-1.53132, 0.01898, 2.02508, 2.67423, -1.61217, -0.77777, 0.12084], [-1.35714, 0.16527, 2.01383, 2.27826, -1.76667, -0.889, 0.19225], [-1.18296, 0.31157, 2.00258, 1.8823, -1.92118, -1.00022, 0.26365], [-1.00878, 0.45787, 1.99133, 1.48633, -2.07569, -1.11145, 0.33505], [-0.83504, 0.6038, 1.9801, 1.09135, -2.22981, -1.2224, 0.40627], [-0.86127, 0.72992, 1.81759, 0.91293, -1.82324, -1.16823, 0.32307], [-0.88751, 0.85604, 1.65508, 0.7345, -1.41666, -1.11407, 0.23987]]
end: [-0.90447999999999995, 0.93759000000000003, 1.55, 0.61912999999999996, -1.15377, -1.0790500000000001, 0.18607000000000001]
obtacles: [[[0.6, 0.5, -1.0], [0.9, 0.6, 1.0]], [[0.6, -0.6, -1.0], [0.9, -0.5, 1.0]], [[0.6, -0.6, 0.9], [0.9, 0.6, 1.0]], [[0.6, -0.6, -1.0], [0.9, 0.6, -0.9]], [[0.6, -0.6, 0.4], [0.9, 0.6, 0.5]], [[0.6, -0.6, -0.6], [0.9, 0.6, -0.5]], [[0.6, 0.1, 0.5], [0.9, 0.2, 1.0]], [[0.6, -0.1, -0.6], [0.9, 0.0, 0.5]], [[0.6, 0.2, -1.0], [0.9, 0.3, -0.5]]]
start: [-2.1490800000000001, -1.9477800000000001, 1.1499999999999999, 1.7778, -1.2497799999999999, 1.1069899999999999, -2.51416]
tajectories: [[-2.14908, -1.94778, 1.15, 1.7778, -1.24978, 1.10699, -2.51416], [-2.10856, -1.87374, 1.16093, 1.77838, -1.41165, 0.70333, -2.28262], [-2.06803, -1.7997, 1.17187, 1.77896, -1.57352, 0.29967, -2.05108], [-2.02751, -1.72566, 1.1828, 1.77954, -1.73539, -0.10399, -1.81954], [-1.98698, -1.65162, 1.19373, 1.78012, -1.89726, -0.50766, -1.588], [-1.94645, -1.57758, 1.20466, 1.78071, -2.05913, -0.91132, -1.35646], [-1.90593, -1.50353, 1.2156, 1.78129, -2.221, -1.31498, -1.12493], [-1.88982, -1.47411, 1.21994, 1.78152, -2.28533, -1.4754, -1.03291], [-1.59168, -1.24823, 1.13914, 1.89286, -2.09723, -1.40772, -0.80663], [-1.29354, -1.02236, 1.05834, 2.0042, -1.90913, -1.34005, -0.58034], [-0.99539, -0.79648, 0.97754, 2.11553, -1.72103, -1.27238, -0.35406], [-0.69725, -0.5706, 0.89674, 2.22687, -1.53293, -1.2047, -0.12777], [-0.39911, -0.34473, 0.81594, 2.33821, -1.34483, -1.13703, 0.09851], [-0.10097, -0.11885, 0.73514, 2.44955, -1.15673, -1.06936, 0.32479], [0.1372, 0.06159, 0.67059, 2.53849, -1.00647, -1.0153, 0.50556], [-0.1043, -0.20078, 0.40716, 2.46068, -0.80684, -1.09631, 0.47437], [-0.34579, -0.46316, 0.14374, 2.38286, -0.6072, -1.17733, 0.44319], [-0.58729, -0.72553, -0.11969, 2.30504, -0.40756, -1.25834, 0.412], [-0.82879, -0.9879, -0.38312, 2.22722, -0.20792, -1.33935, 0.38082], [-1.07028, -1.25027, -0.64654, 2.14941, -0.00828, -1.42037, 0.34964], [-1.31178, -1.51264, -0.90997, 2.07159, 0.19135, -1.50138, 0.31845], [-1.38226, -1.58922, -0.98685, 2.04888, 0.24962, -1.52502, 0.30935], [-1.3279, -1.25176, -0.67876, 1.91081, 0.11619, -1.51866, 0.27279], [-1.27353, -0.91431, -0.37066, 1.77274, -0.01725, -1.51229, 0.23622], [-1.21917, -0.57685, -0.06256, 1.63467, -0.15068, -1.50592, 0.19966], [-1.16481, -0.2394, 0.24554, 1.4966, -0.28411, -1.49956, 0.16309], [-1.11044, 0.09806, 0.55363, 1.35853, -0.41754, -1.49319, 0.12653], [-1.05608, 0.43551, 0.86173, 1.22046, -0.55097, -1.48682, 0.08996]]
end: [-1.0052099999999999, 0.75124999999999997, 1.1499999999999999, 1.09127, -0.67581999999999998, -1.4808699999999999, 0.055750000000000001]
obtacles: [[[0.6, 0.5, -1.0], [0.9, 0.6, 1.0]], [[0.6, -0.6, -1.0], [0.9, -0.5, 1.0]], [[0.6, -0.6, 0.9], [0.9, 0.6, 1.0]], [[0.6, -0.6, -1.0], [0.9, 0.6, -0.9]], [[0.6, -0.6, 0.4], [0.9, 0.6, 0.5]], [[0.6, -0.6, -0.6], [0.9, 0.6, -0.5]], [[0.6, 0.1, 0.5], [0.9, 0.2, 1.0]], [[0.6, -0.1, -0.6], [0.9, 0.0, 0.5]], [[0.6, 0.2, -1.0], [0.9, 0.3, -0.5]]]
start: [-2.1964000000000001, -1.73848, 1.55, 1.58081, -1.4032899999999999, 1.5486200000000001, -2.5095900000000002]
tajectories: [[-2.1964, -1.73848, 1.55, 1.58081, -1.40329, 1.54862, -2.50959], [-2.09959, -1.58894, 1.52072, 1.75842, -1.32306, 1.1345, -2.59866], [-2.00279, -1.4394, 1.49143, 1.93602, -1.24283, 0.72038, -2.68774], [-1.90598, -1.28986, 1.46215, 2.11363, -1.1626, 0.30627, -2.77682], [-1.80917, -1.14033, 1.43287, 2.29123, -1.08238, -0.10785, -2.8659], [-1.73065, -1.01903, 1.40911, 2.4353, -1.0173, -0.44376, -2.93815], [-1.60891, -1.01112, 1.18754, 2.27405, -1.10535, -0.5878, -2.57549], [-1.48717, -1.00321, 0.96597, 2.11281, -1.1934, -0.73183, -2.21283], [-1.36543, -0.9953, 0.74439, 1.95156, -1.28144, -0.87587, -1.85017], [-1.28731, -0.99023, 0.60222, 1.8481, -1.33794, -0.96829, -1.61746], [-1.28087, -0.77781, 0.6466, 1.85543, -1.45202, -0.829, -1.20467], [-1.27442, -0.5654, 0.69099, 1.86276, -1.56611, -0.6897, -0.79188], [-1.26798, -0.35298, 0.73537, 1.87009, -1.6802, -0.5504, -0.3791], [-1.26153, -0.14056, 0.77976, 1.87742, -1.79428, -0.41111, 0.03369], [-1.26031, -0.10045, 0.78814, 1.8788, -1.81582, -0.3848, 0.11164], [-1.12505, 0.13203, 0.97104, 1.58795, -1.63799, -0.54439, 0.06143], [-0.9898, 0.3645, 1.15394, 1.2971, -1.46016, -0.70398, 0.01122], [-0.85454, 0.59698, 1.33684, 1.00625, -1.28233, -0.86357, -0.039], [-0.71928, 0.82945, 1.51974, 0.7154, -1.1045, -1.02316, -0.08921]]
end: [-0.69689999999999996, 0.86790999999999996, 1.55, 0.66727000000000003, -1.07508, -1.04956, -0.097519999999999996]
obtacles: [[[0.6, 0.5, -1.0], [0.9, 0.6, 1.0]], [[0.6, -0.6, -1.0], [0.9, -0.5, 1.0]], [[0.6, -0.6, 0.9], [0.9, 0.6, 1.0]], [[0.6, -0.6, -1.0], [0.9, 0.6, -0.9]], [[0.6, -0.6, 0.4], [0.9, 0.6, 0.5]], [[0.6, -0.6, -0.6], [0.9, 0.6, -0.5]], [[0.6, 0.1, 0.5], [0.9, 0.2, 1.0]], [[0.6, -0.1, -0.6], [0.9, 0.0, 0.5]], [[0.6, 0.2, -1.0], [0.9, 0.3, -0.5]]]
start: [-2.2532800000000002, -1.9532700000000001, 1.6000000000000001, 1.68207, -1.1875199999999999, 1.55627, -2.3449900000000001]
tajectories: [[-2.25328, -1.95327, 1.6, 1.68207, -1.18752, 1.55627, -2.34499], [-1.95098, -1.72168, 1.59266, 1.86904, -1.26224, 1.49553, -2.09863], [-1.64868, -1.49009, 1.58532, 2.05601, -1.33696, 1.43478, -1.85227], [-1.34637, -1.2585, 1.57799, 2.24297, -1.41168, 1.37403, -1.6059], [-1.04407, -1.02691, 1.57065, 2.42994, -1.48641, 1.31328, -1.35954], [-0.74177, -0.79532, 1.56331, 2.6169, -1.56113, 1.25253, -1.11318], [-0.43947, -0.56373, 1.55597, 2.80387, -1.63585, 1.19178, -0.86681], [-0.28802, -0.44771, 1.5523, 2.89754, -1.67328, 1.16135, -0.74339], [-0.18029, -0.30061, 1.76292, 2.80122, -1.85082, 0.98195, -0.4281], [-0.07256, -0.15351, 1.97354, 2.7049, -2.02836, 0.80255, -0.1128], [0.03517, -0.0064, 2.18417, 2.60859, -2.2059, 0.62315, 0.2025], [0.09813, 0.07957, 2.30726, 2.5523, -2.30966, 0.5183, 0.38677], [-0.18012, 0.28839, 2.37755, 2.39403, -2.33426, 0.2357, 0.2507], [-0.45837, 0.4972, 2.44784, 2.23576, -2.35885, -0.04689, 0.11462], [-0.73661, 0.70602, 2.51812, 2.07749, -2.38345, -0.32949, -0.02146], [-1.01486, 0.91484, 2.58841, 1.91922, -2.40805, -0.61209, -0.15754], [-1.19641, 1.05109, 2.63427, 1.81595, -2.4241, -0.79648, -0.24633], [-1.03066, 1.00209, 2.40006, 1.53884, -2.12922, -0.83472, -0.25427], [-0.8649, 0.95309, 2.16585, 1.26173, -1.83434, -0.87295, -0.26222], [-0.69915, 0.90409, 1.93164, 0.98462, -1.53946, -0.91119, -0.27017], [-0.53339, 0.85509, 1.69743, 0.70751, -1.24458, -0.94943, -0.27811]]
end: [-0.46443000000000001, 0.8347, 1.6000000000000001, 0.59223000000000003, -1.1218999999999999, -0.96533999999999998, -0.28142]
obtacles: [[[0.6, 0.5, -1.0], [0.9, 0.6, 1.0]], [[0.6, -0.6, -1.0], [0.9, -0.5, 1.0]], [[0.6, -0.6, 0.9], [0.9, 0.6, 1.0]], [[0.6, -0.6, -1.0], [0.9, 0.6, -0.9]], [[0.6, -0.6, 0.4], [0.9, 0.6, 0.5]], [[0.6, -0.6, -0.6], [0.9, 0.6, -0.5]], [[0.6, 0.1, 0.5], [0.9, 0.2, 1.0]], [[0.6, -0.1, -0.6], [0.9, 0.0, 0.5]], [[0.6, 0.2, -1.0], [0.9, 0.3, -0.5]]]
start: [-0.78291999999999995, 1.77949, 1.7, 1.07603, -1.8154399999999999, -1.5582400000000001, -0.27801999999999999]
tajectories: [[-0.78292, 1.77949, 1.7, 1.07603, -1.81544, -1.55824, -0.27802], [-0.89474, 1.70355, 1.64262, 1.26685, -1.66523, -1.42386, -0.66712], [-1.00655, 1.62761, 1.58524, 1.45768, -1.51501, -1.28947, -1.05622], [-1.11837, 1.55167, 1.52786, 1.64851, -1.3648, -1.15509, -1.44532], [-1.23019, 1.47572, 1.47048, 1.83933, -1.21459, -1.02071, -1.83442], [-1.342, 1.39978, 1.41309, 2.03016, -1.06437, -0.88632, -2.22352], [-1.43492, 1.33668, 1.36541, 2.18872, -0.93955, -0.77466, -2.54685], [-1.58282, 1.34621, 1.36352, 2.17097, -1.4023, -0.7404, -2.43547], [-1.73071, 1.35574, 1.36164, 2.15321, -1.86505, -0.70615, -2.32408], [-1.87861, 1.36527, 1.35975, 2.13545, -2.3278, -0.6719, -2.21269], [-2.02651, 1.3748, 1.35786, 2.1177, -2.79054, -0.63764, -2.1013], [-2.17441, 1.38433, 1.35597, 2.09994, -3.25329, -0.60339, -1.98992], [-2.32231, 1.39386, 1.35408, 2.08218, -3.71604, -0.56914, -1.87853], [-2.40506, 1.39919, 1.35303, 2.07225, -3.97495, -0.54997, -1.81621], [-2.21931, 1.27552, 1.44808, 2.15545, -3.66799, -0.32561, -1.617], [-2.03355, 1.15185, 1.54314, 2.23865, -3.36103, -0.10125, -1.41779], [-1.8478, 1.02818, 1.63819, 2.32185, -3.05408, 0.1231, -1.21858], [-1.66205, 0.90451, 1.73325, 2.40505, -2.74712, 0.34746, -1.01938], [-1.4763, 0.78084, 1.8283, 2.48826, -2.44016, 0.57182, -0.82017], [-1.3859, 0.72066, 1.87456, 2.52875, -2.29078, 0.68101, -0.72322], [-1.15931, 0.81603, 2.00386, 2.54619, -2.44575, 0.58886, -1.09743], [-0.93273, 0.9114, 2.13317, 2.56363, -2.60073, 0.49671, -1.47164], [-0.70614, 1.00676, 2.26247, 2.58107, -2.7557, 0.40456, -1.84585], [-0.47956, 1.10213, 2.39177, 2.59851, -2.91067, 0.31241, -2.22006], [-0.33412, 1.16335, 2.47477, 2.6097, -3.01013, 0.25326, -2.46025], [-0.60443, 0.8846, 2.36659, 2.38303, -2.90639, 0.3959, -2.53124], [-0.87475, 0.60585, 2.25842, 2.15635, -2.80266, 0.53854, -2.60224], [-1.14506, 0.3271, 2.15024, 1.92968, -2.69892, 0.68117, -2.67323], [-1.41537, 0.04835, 2.04206, 1.703, -2.59518, 0.82381, -2.74423], [-1.68568, -0.23039, 1.93389, 1.47633, -2.49144, 0.96644, -2.81523], [-1.95599, -0.50914, 1.82571, 1.24965, -2.3877, 1.10908, -2.88622], [-2.2263, -0.78789, 1.71754, 1.02298, -2.28396, 1.25172, -2.95722]]
end: [-2.27013, -0.83308000000000004, 1.7, 0.98623000000000005, -2.2671399999999999, 1.27484, -2.9687299999999999]
obtacles: [[[0.6, 0.5, -1.0], [0.9, 0.6, 1.0]], [[0.6, -0.6, -1.0], [0.9, -0.5, 1.0]], [[0.6, -0.6, 0.9], [0.9, 0.6, 1.0]], [[0.6, -0.6, -1.0], [0.9, 0.6, -0.9]], [[0.6, -0.6, 0.4], [0.9, 0.6, 0.5]], [[0.6, -0.6, -0.6], [0.9, 0.6, -0.5]], [[0.6, 0.1, 0.5], [0.9, 0.2, 1.0]], [[0.6, -0.1, -0.6], [0.9, 0.0, 0.5]], [[0.6, 0.2, -1.0], [0.9, 0.3, -0.5]]]
start: [-0.85101000000000004, 1.92886, 2.0, 0.79583000000000004, 1.0199800000000001, 1.53755, -2.99817]
tajectories: [[-0.85101, 1.92886, 2.0, 0.79583, 1.01998, 1.53755, -2.99817], [-0.77497, 1.80728, 1.79425, 0.65673, 0.69575, 1.38635, -2.79875], [-0.69892, 1.68569, 1.5885, 0.51763, 0.37152, 1.23516, -2.59933], [-0.62288, 1.56411, 1.38275, 0.37853, 0.04729, 1.08397, -2.39991], [-0.54683, 1.44253, 1.177, 0.23943, -0.27694, 0.93277, -2.20049], [-0.47383, 1.32581, 0.97948, 0.1059, -0.58819, 0.78763, -2.00906], [-0.56727, 1.38785, 0.91694, 0.38778, -0.77872, 0.5565, -2.2627], [-0.66071, 1.44988, 0.8544, 0.66966, -0.96925, 0.32538, -2.51634], [-0.75416, 1.51192, 0.79186, 0.95153, -1.15978, 0.09425, -2.76998], [-0.82361, 1.55803, 0.74538, 1.16105, -1.3014, -0.07755, -2.95851], [-0.96713, 1.57531, 0.67063, 1.4975, -1.3408, -0.31537, -2.73001], [-1.11066, 1.59258, 0.59588, 1.83394, -1.3802, -0.55319, -2.50152], [-1.25418, 1.60985, 0.52112, 2.17038, -1.41961, -0.79102, -2.27303], [-1.3977, 1.62713, 0.44637, 2.50683, -1.45901, -1.02884, -2.04453], [-1.4074, 1.6283, 0.44132, 2.52957, -1.46167, -1.04491, -2.02909], [-1.40221, 1.49314, 0.82908, 2.70764, -1.24474, -0.99878, -2.05041], [-1.39708, 1.35959, 1.21225, 2.8836, -1.03038, -0.9532, -2.07149], [-1.51068, 1.30629, 1.50811, 2.68256, -1.05639, -0.82744, -1.77181], [-1.62427, 1.25299, 1.80398, 2.48152, -1.0824, -0.70168, -1.47213], [-1.73787, 1.19969, 2.09984, 2.28047, -1.1084, -0.57592, -1.17245], [-1.80953, 1.16607, 2.28648, 2.15365, -1.12481, -0.49658, -0.9834], [-1.45558, 1.0942, 2.19759, 1.86812, -1.09203, -0.66293, -0.94626], [-1.10164, 1.02232, 2.10869, 1.58258, -1.05926, -0.82927, -0.90911], [-0.74769, 0.95045, 2.0198, 1.29704, -1.02649, -0.99562, -0.87196]]
end: [-0.66884999999999994, 0.93444000000000005, 2.0, 1.2334400000000001, -1.01919, -1.03267, -0.86368999999999996]
obtacles: [[[0.6, 0.5, -1.0], [0.9, 0.6, 1.0]], [[0.6, -0.6, -1.0], [0.9, -0.5, 1.0]], [[0.6, -0.6, 0.9], [0.9, 0.6, 1.0]], [[0.6, -0.6, -1.0], [0.9, 0.6, -0.9]], [[0.6, -0.6, 0.4], [0.9, 0.6, 0.5]], [[0.6, -0.6, -0.6], [0.9, 0.6, -0.5]], [[0.6, 0.1, 0.5], [0.9, 0.2, 1.0]], [[0.6, -0.1, -0.6], [0.9, 0.0, 0.5]], [[0.6, 0.2, -1.0], [0.9, 0.3, -0.5]]]
start: [-2.0592600000000001, -1.698, 1.6000000000000001, 1.89276, -1.4409099999999999, 1.55813, -2.33013]
tajectories: [[-2.05926, -1.698, 1.6, 1.89276, -1.44091, 1.55813, -2.33013], [-1.78806, -1.5826, 1.37446, 1.99793, -1.60131, 1.28354, -2.32141], [-1.51687, -1.46719, 1.14891, 2.1031, -1.76172, 1.00896, -2.31269], [-1.24567, -1.35179, 0.92337, 2.20828, -1.92213, 0.73437, -2.30397], [-0.97447, -1.23638, 0.69783, 2.31345, -2.08253, 0.45979, -2.29525], [-0.70328, -1.12098, 0.47228, 2.41862, -2.24294, 0.1852, -2.28654], [-0.43208, -1.00557, 0.24674, 2.52379, -2.40334, -0.08938, -2.27782], [-0.16088, -0.89017, 0.0212, 2.62896, -2.56375, -0.36397, -2.2691], [-0.03786, -0.83782, -0.08111, 2.67667, -2.63651, -0.48852, -2.26515], [-0.15222, -0.61508, 0.03853, 2.43029, -2.77551, -0.19784, -2.35722], [-0.26658, -0.39234, 0.15817, 2.18391, -2.91451, 0.09284, -2.44929], [-0.38094, -0.1696, 0.27781, 1.93753, -3.05351, 0.38352, -2.54136], [-0.4953, 0.05314, 0.39745, 1.69115, -3.19251, 0.6742, -2.63343], [-0.60966, 0.27588, 0.5171, 1.44478, -3.33151, 0.96488, -2.7255], [-0.72402, 0.49862, 0.63674, 1.1984, -3.47051, 1.25556, -2.81757]]
end: [-0.83228000000000002, 0.70948, 0.75, 0.96516000000000002, -3.6021000000000001, 1.53074, -2.9047299999999998]
obtacles: [[[0.6, 0.5, -1.0], [0.9, 0.6, 1.0]], [[0.6, -0.6, -1.0], [0.9, -0.5, 1.0]], [[0.6, -0.6, 0.9], [0.9, 0.6, 1.0]], [[0.6, -0.6, -1.0], [0.9, 0.6, -0.9]], [[0.6, -0.6, 0.4], [0.9, 0.6, 0.5]], [[0.6, -0.6, -0.6], [0.9, 0.6, -0.5]], [[0.6, 0.1, 0.5], [0.9, 0.2, 1.0]], [[0.6, -0.1, -0.6], [0.9, 0.0, 0.5]], [[0.6, 0.2, -1.0], [0.9, 0.3, -0.5]]]
start: [-2.5190299999999999, -1.9720299999999999, 0.75, 0.77381, -3.83521, -1.37822, -0.11581]
tajectories: [[-2.51903, -1.97203, 0.75, 0.77381, -3.83521, -1.37822, -0.11581], [-2.30873, -1.90184, 0.84871, 1.12531, -3.58831, -1.29792, -0.128], [-2.09844, -1.83165, 0.94741, 1.47681, -3.34142, -1.21762, -0.14018], [-1.88815, -1.76145, 1.04612, 1.82831, -3.09452, -1.13732, -0.15236], [-1.67786, -1.69126, 1.14482, 2.17981, -2.84763, -1.05701, -0.16455], [-1.57772, -1.65784, 1.19182, 2.34719, -2.73006, -1.01878, -0.17035], [-1.68207, -1.64533, 1.02609, 2.31002, -2.46651, -0.69927, -0.36672], [-1.78642, -1.63282, 0.86036, 2.27285, -2.20295, -0.37976, -0.56308], [-1.89077, -1.62031, 0.69463, 2.23568, -1.9394, -0.06025, -0.75945], [-1.91075, -1.61791, 0.66291, 2.22856, -1.88896, 0.0009, -0.79703], [-2.00658, -1.42303, 0.65886, 2.19395, -1.68687, 0.03704, -1.19638], [-2.10242, -1.22814, 0.65482, 2.15934, -1.48479, 0.07318, -1.59572], [-2.19826, -1.03325, 0.65077, 2.12472, -1.2827, 0.10931, -1.99507], [-2.29409, -0.83837, 0.64673, 2.09011, -1.08062, 0.14545, -2.39441], [-2.35716, -0.71013, 0.64406, 2.06734, -0.94764, 0.16923, -2.6572], [-2.14305, -0.52894, 0.65786, 1.91557, -1.29161, 0.33607, -2.70149], [-1.92895, -0.34776, 0.67166, 1.76381, -1.63557, 0.50292, -2.74578], [-1.71484, -0.16658, 0.68546, 1.61204, -1.97953, 0.66976, -2.79007], [-1.50074, 0.01461, 0.69925, 1.46028, -2.3235, 0.8366, -2.83437], [-1.28663, 0.19579, 0.71305, 1.30851, -2.66746, 1.00344, -2.87866], [-1.07253, 0.37697, 0.72685, 1.15675, -3.01142, 1.17028, -2.92295], [-0.85842, 0.55815, 0.74064, 1.00498, -3.35539, 1.33712, -2.96725]]
end: [-0.71325000000000005, 0.68101, 0.75, 0.90207999999999999, -3.5886100000000001, 1.45025, -2.9972799999999999]
obtacles: [[[0.6, 0.5, -1.0], [0.9, 0.6, 1.0]], [[0.6, -0.6, -1.0], [0.9, -0.5, 1.0]], [[0.6, -0.6, 0.9], [0.9, 0.6, 1.0]], [[0.6, -0.6, -1.0], [0.9, 0.6, -0.9]], [[0.6, -0.6, 0.4], [0.9, 0.6, 0.5]], [[0.6, -0.6, -0.6], [0.9, 0.6, -0.5]], [[0.6, 0.1, 0.5], [0.9, 0.2, 1.0]], [[0.6, -0.1, -0.6], [0.9, 0.0, 0.5]], [[0.6, 0.2, -1.0], [0.9, 0.3, -0.5]]]
start: [-2.3436499999999998, -1.9516800000000001, 1.1000000000000001, 1.45096, -4.2432100000000004, -1.18788, 0.46803]
tajectories: [[-2.34365, -1.95168, 1.1, 1.45096, -4.24321, -1.18788, 0.46803], [-2.07378, -1.75068, 1.32389, 1.66934, -4.24783, -1.04227, 0.33486], [-1.80391, -1.54968, 1.54778, 1.88771, -4.25245, -0.89666, 0.20169], [-1.53404, -1.34868, 1.77167, 2.10608, -4.25707, -0.75105, 0.06852], [-1.26417, -1.14768, 1.99556, 2.32445, -4.26169, -0.60544, -0.06465], [-0.9943, -0.94668, 2.21944, 2.54282, -4.26631, -0.45983, -0.19782], [-0.72443, -0.74568, 2.44333, 2.76119, -4.27093, -0.31422, -0.33099], [-0.56536, -0.62721, 2.5753, 2.88991, -4.27365, -0.2284, -0.40948], [-0.51906, -0.52958, 2.36969, 2.7996, -4.06576, -0.10065, -0.05121], [-0.47277, -0.43195, 2.16408, 2.70929, -3.85787, 0.0271, 0.30705], [-0.42648, -0.33432, 1.95847, 2.61898, -3.64998, 0.15485, 0.66532], [-0.38018, -0.23669, 1.75286, 2.52868, -3.44208, 0.2826, 1.02359], [-0.33389, -0.13906, 1.54725, 2.43837, -3.23419, 0.41035, 1.38186], [-0.29454, -0.05608, 1.37248, 2.3616, -3.05748, 0.51894, 1.68639], [-0.26352, 0.04199, 1.03339, 2.37846, -2.88058, 0.27972, 1.4976], [-0.2325, 0.14006, 0.69431, 2.39532, -2.70369, 0.0405, 1.30881], [-0.20148, 0.23813, 0.35523, 2.41218, -2.52679, -0.19871, 1.12002], [-0.17047, 0.33619, 0.01614, 2.42904, -2.34989, -0.43793, 0.93123], [-0.13945, 0.43426, -0.32294, 2.4459, -2.173, -0.67715, 0.74244], [-0.10843, 0.53233, -0.66203, 2.46276, -1.9961, -0.91637, 0.55365], [-0.09325, 0.58034, -0.82803, 2.47101, -1.9095, -1.03348, 0.46123], [-0.29281, 0.24707, -0.88834, 2.50993, -1.60946, -0.98849, 0.50491], [-0.49237, -0.0862, -0.94865, 2.54884, -1.30942, -0.94351, 0.54859], [-0.69194, -0.41947, -1.00896, 2.58776, -1.00939, -0.89852, 0.59227], [-0.8915, -0.75274, -1.06927, 2.62667, -0.70935, -0.85354, 0.63595], [-0.89478, -0.75822, -1.07026, 2.62731, -0.70442, -0.8528, 0.63666], [-0.84486, -0.54367, -0.75453, 2.3236, -0.70936, -0.88211, 0.5436], [-0.79493, -0.32912, -0.4388, 2.01989, -0.71431, -0.91143, 0.45053], [-0.745, -0.11457, -0.12306, 1.71618, -0.71926, -0.94075, 0.35746], [-0.69508, 0.09998, 0.19267, 1.41246, -0.72421, -0.97007, 0.26439], [-0.64515, 0.31453, 0.50841, 1.10875, -0.72916, -0.99939, 0.17132], [-0.59522, 0.52908, 0.82414, 0.80504, -0.7341, -1.0287, 0.07825]]
end: [-0.55159999999999998, 0.71653999999999995, 1.1000000000000001, 0.53968000000000005, -0.73843000000000003, -1.0543199999999999, -0.0030599999999999998]
obtacles: [[[0.6, 0.5, -1.0], [0.9, 0.6, 1.0]], [[0.6, -0.6, -1.0], [0.9, -0.5, 1.0]], [[0.6, -0.6, 0.9], [0.9, 0.6, 1.0]], [[0.6, -0.6, -1.0], [0.9, 0.6, -0.9]], [[0.6, -0.6, 0.4], [0.9, 0.6, 0.5]], [[0.6, -0.6, -0.6], [0.9, 0.6, -0.5]], [[0.6, 0.1, 0.5], [0.9, 0.2, 1.0]], [[0.6, -0.1, -0.6], [0.9, 0.0, 0.5]], [[0.6, 0.2, -1.0], [0.9, 0.3, -0.5]]]
start: [-1.1551100000000001, 1.66205, 1.6000000000000001, 1.71235, -1.6571, -1.5291399999999999, -0.55410999999999999]
tajectories: [[-1.15511, 1.66205, 1.6, 1.71235, -1.6571, -1.52914, -0.55411], [-1.29962, 1.51765, 1.469, 1.81335, -1.88864, -1.52371, -0.19737], [-1.44412, 1.37326, 1.338, 1.91435, -2.12018, -1.51829, 0.15937], [-1.58862, 1.22886, 1.207, 2.01534, -2.35173, -1.51286, 0.51611], [-1.73312, 1.08446, 1.076, 2.11634, -2.58327, -1.50744, 0.87286], [-1.87763, 0.94006, 0.945, 2.21734, -2.81482, -1.50201, 1.2296], [-2.01208, 0.80569, 0.82311, 2.31131, -3.03027, -1.49696, 1.56154], [-1.97299, 0.97553, 0.88996, 1.90195, -2.91671, -1.314, 1.5268], [-1.93389, 1.14537, 0.95681, 1.49259, -2.80315, -1.13104, 1.49205], [-1.8948, 1.31521, 1.02367, 1.08322, -2.68959, -0.94808, 1.45731], [-1.8557, 1.48505, 1.09052, 0.67386, -2.57603, -0.76512, 1.42256], [-1.82622, 1.61316, 1.14094, 0.36509, -2.49038, -0.62712, 1.39635], [-1.80793, 1.52301, 1.33789, 0.55595, -2.13688, -0.46001, 1.51227], [-1.78964, 1.43287, 1.53483, 0.74682, -1.78339, -0.29289, 1.62819], [-1.77135, 1.34272, 1.73177, 0.93769, -1.42989, -0.12578, 1.74411], [-1.75306, 1.25258, 1.92872, 1.12855, -1.0764, 0.04133, 1.86003], [-1.73477, 1.16244, 2.12566, 1.31942, -0.7229, 0.20844, 1.97595], [-1.71648, 1.07229, 2.3226, 1.51029, -0.36941, 0.37555, 2.09187], [-1.69819, 0.98215, 2.51955, 1.70115, -0.01591, 0.54267, 2.20779], [-1.6859, 0.92154, 2.65195, 1.82947, 0.22174, 0.65501, 2.28573], [-1.7739, 0.70537, 2.63954, 1.66137, 0.25077, 0.42383, 1.94984], [-1.86191, 0.48919, 2.62714, 1.49327, 0.27979, 0.19264, 1.61395], [-1.94992, 0.27302, 2.61473, 1.32516, 0.30882, -0.03855, 1.27807], [-2.03793, 0.05684, 2.60233, 1.15706, 0.33784, -0.26974, 0.94218], [-2.12594, -0.15933, 2.58992, 0.98896, 0.36687, -0.50092, 0.60629], [-2.21395, -0.37551, 2.57752, 0.82085, 0.39589, -0.73211, 0.2704], [-2.30196, -0.59168, 2.56511, 0.65275, 0.42492, -0.9633, -0.06548], [-2.38996, -0.80786, 2.5527, 0.48465, 0.45394, -1.19448, -0.40137]]
end: [-2.4091499999999999, -0.85499000000000003, 2.5499999999999998, 0.44799, 0.46027000000000001, -1.2448900000000001, -0.47460000000000002]
obtacles: [[[0.6, 0.5, -1.0], [0.9, 0.6, 1.0]], [[0.6, -0.6, -1.0], [0.9, -0.5, 1.0]], [[0.6, -0.6, 0.9], [0.9, 0.6, 1.0]], [[0.6, -0.6, -1.0], [0.9, 0.6, -0.9]], [[0.6, -0.6, 0.4], [0.9, 0.6, 0.5]], [[0.6, -0.6, -0.6], [0.9, 0.6, -0.5]], [[0.6, 0.1, 0.5], [0.9, 0.2, 1.0]], [[0.6, -0.1, -0.6], [0.9, 0.0, 0.5]], [[0.6, 0.2, -1.0], [0.9, 0.3, -0.5]]]
start: [-0.86080000000000001, 0.73234999999999995, 1.1499999999999999, 1.1490199999999999, -0.65761000000000003, -1.5155400000000001, -0.12559999999999999]
tajectories: [[-0.8608, 0.73235, 1.15, 1.14902, -0.65761, -1.51554, -0.1256], [-0.81001, 0.57223, 1.00544, 1.19025, -0.51832, -1.33601, 0.25852], [-0.75921, 0.41211, 0.86089, 1.23147, -0.37903, -1.15648, 0.64265], [-0.70842, 0.25199, 0.71633, 1.2727, -0.23974, -0.97695, 1.02677], [-0.67231, 0.13818, 0.61359, 1.302, -0.14073, -0.84934, 1.29981], [-1.02996, 0.0636, 0.62868, 1.54186, -0.3365, -0.70646, 1.30427], [-1.3876, -0.01098, 0.64378, 1.78173, -0.53228, -0.56357, 1.30873], [-1.74525, -0.08556, 0.65888, 2.0216, -0.72805, -0.42069, 1.31319], [-2.1029, -0.16013, 0.67398, 2.26146, -0.92383, -0.2778, 1.31765], [-2.36579, -0.21495, 0.68507, 2.43778, -1.06773, -0.17277, 1.32093], [-2.02203, -0.3305, 0.71292, 2.43189, -1.28793, -0.39082, 1.17383], [-1.67828, -0.44604, 0.74077, 2.42601, -1.50812, -0.60887, 1.02672], [-1.33452, -0.56159, 0.76861, 2.42013, -1.72831, -0.82692, 0.87962], [-0.99076, -0.67713, 0.79646, 2.41425, -1.94851, -1.04496, 0.73252], [-0.856, -0.72243, 0.80737, 2.41194, -2.03483, -1.13044, 0.67485], [-0.91776, -0.74403, 0.90219, 2.4569, -2.02246, -0.9145, 0.24135], [-0.97953, -0.76564, 0.997, 2.50186, -2.0101, -0.69855, -0.19215], [-1.04129, -0.78724, 1.09181, 2.54682, -1.99774, -0.4826, -0.62565], [-1.10305, -0.80885, 1.18663, 2.59178, -1.98537, -0.26666, -1.05915], [-1.16481, -0.83045, 1.28144, 2.63674, -1.97301, -0.05071, -1.49265], [-1.171, -0.83262, 1.29093, 2.64124, -1.97177, -0.02909, -1.53606], [-1.27851, -0.92161, 1.51621, 2.5748, -2.3476, -0.06846, -1.35563], [-1.38602, -1.01061, 1.74149, 2.50836, -2.72343, -0.10783, -1.17519], [-1.49353, -1.09961, 1.96677, 2.44192, -3.09926, -0.14721, -0.99475], [-1.60105, -1.18861, 2.19205, 2.37548, -3.47509, -0.18658, -0.81432], [-1.70856, -1.27761, 2.41733, 2.30903, -3.85092, -0.22595, -0.63388], [-1.7641, -1.32359, 2.53372, 2.27471, -4.04508, -0.2463, -0.54066], [-1.90321, -1.39613, 2.28031, 1.95577, -4.08699, -0.47464, -0.46617], [-2.04231, -1.46867, 2.0269, 1.63682, -4.12889, -0.70299, -0.39169], [-2.18141, -1.54121, 1.77349, 1.31788, -4.1708, -0.93133, -0.3172], [-2.32052, -1.61375, 1.52008, 0.99894, -4.2127, -1.15968, -0.24271], [-2.45962, -1.68629, 1.26666, 0.67999, -4.25461, -1.38802, -0.16822]]
end: [-2.52366, -1.7196800000000001, 1.1499999999999999, 0.53315999999999997, -4.2739000000000003, -1.49315, -0.13392999999999999]
obtacles: [[[0.6, 0.5, -1.0], [0.9, 0.6, 1.0]], [[0.6, -0.6, -1.0], [0.9, -0.5, 1.0]], [[0.6, -0.6, 0.9], [0.9, 0.6, 1.0]], [[0.6, -0.6, -1.0], [0.9, 0.6, -0.9]], [[0.6, -0.6, 0.4], [0.9, 0.6, 0.5]], [[0.6, -0.6, -0.6], [0.9, 0.6, -0.5]], [[0.6, 0.1, 0.5], [0.9, 0.2, 1.0]], [[0.6, -0.1, -0.6], [0.9, 0.0, 0.5]], [[0.6, 0.2, -1.0], [0.9, 0.3, -0.5]]]
start: [-2.3505799999999999, -1.9553700000000001, 1.45, 1.4412700000000001, -4.3148, -1.5084500000000001, 0.61414000000000002]
tajectories: [[-2.35058, -1.95537, 1.45, 1.44127, -4.3148, -1.50845, 0.61414], [-1.9946, -1.75483, 1.62384, 1.58134, -4.22614, -1.44308, 0.46891], [-1.63862, -1.5543, 1.79768, 1.72141, -4.13748, -1.37772, 0.32367], [-1.28265, -1.35377, 1.97152, 1.86149, -4.04882, -1.31235, 0.17843], [-0.92667, -1.15324, 2.14536, 2.00156, -3.96017, -1.24698, 0.0332], [-0.5707, -0.9527, 2.3192, 2.14163, -3.87151, -1.18162, -0.11204], [-0.21472, -0.75217, 2.49304, 2.28171, -3.78285, -1.11625, -0.25728], [0.14126, -0.55164, 2.66688, 2.42178, -3.69419, -1.05089, -0.40251], [0.24755, -0.49176, 2.71879, 2.46361, -3.66772, -1.03137, -0.44588], [0.48409, -0.38325, 2.47956, 2.51309, -3.69833, -0.68341, -0.47007], [0.72062, -0.27475, 2.24033, 2.56257, -3.72894, -0.33545, -0.49425], [0.95715, -0.16624, 2.00109, 2.61205, -3.75955, 0.01251, -0.51844], [1.19368, -0.05774, 1.76186, 2.66153, -3.79016, 0.36047, -0.54263], [1.43022, 0.05077, 1.52263, 2.71102, -3.82078, 0.70843, -0.56682], [1.66675, 0.15927, 1.2834, 2.7605, -3.85139, 1.05639, -0.591], [1.87089, 0.25291, 1.07693, 2.8032, -3.87781, 1.3567, -0.61188], [1.53154, 0.21643, 0.82725, 2.72773, -3.98347, 1.35072, -0.3789], [1.19219, 0.17994, 0.57758, 2.65225, -4.08913, 1.34473, -0.14592], [0.85285, 0.14345, 0.32791, 2.57678, -4.1948, 1.33875, 0.08706], [0.5135, 0.10697, 0.07824, 2.5013, -4.30046, 1.33277, 0.32004], [0.17415, 0.07048, -0.17144, 2.42583, -4.40613, 1.32678, 0.55302], [-0.16519, 0.034, -0.42111, 2.35036, -4.51179, 1.3208, 0.78599], [-0.50454, -0.00249, -0.67078, 2.27488, -4.61746, 1.31482, 1.01897], [-0.84389, -0.03898, -0.92046, 2.19941, -4.72312, 1.30883, 1.25195], [-0.96971, -0.05251, -1.01303, 2.17142, -4.7623, 1.30662, 1.33834], [-0.93817, 0.05657, -0.63578, 2.00301, -4.62055, 1.29828, 1.55342], [-0.90664, 0.16564, -0.25852, 1.83461, -4.4788, 1.28995, 1.76851], [-0.8751, 0.27471, 0.11874, 1.6662, -4.33705, 1.28162, 1.9836], [-0.84356, 0.38379, 0.49599, 1.49779, -4.1953, 1.27328, 2.19869], [-0.81202, 0.49286, 0.87325, 1.32939, -4.05355, 1.26495, 2.41378], [-0.78048, 0.60193, 1.25051, 1.16098, -3.9118, 1.25661, 2.62886]]
end: [-0.76380999999999999, 0.65961000000000003, 1.45, 1.07193, -3.8368500000000001, 1.25221, 2.7425999999999999]
obtacles: [[[0.6, 0.5, -1.0], [0.9, 0.6, 1.0]], [[0.6, -0.6, -1.0], [0.9, -0.5, 1.0]], [[0.6, -0.6, 0.9], [0.9, 0.6, 1.0]], [[0.6, -0.6, -1.0], [0.9, 0.6, -0.9]], [[0.6, -0.6, 0.4], [0.9, 0.6, 0.5]], [[0.6, -0.6, -0.6], [0.9, 0.6, -0.5]], [[0.6, 0.1, 0.5], [0.9, 0.2, 1.0]], [[0.6, -0.1, -0.6], [0.9, 0.0, 0.5]], [[0.6, 0.2, -1.0], [0.9, 0.3, -0.5]]]
start: [-2.2799200000000002, -0.76851000000000003, 1.8500000000000001, 0.85033000000000003, 0.78651000000000004, -1.23411, 0.0099399999999999992]
tajectories: [[-2.27992, -0.76851, 1.85, 0.85033, 0.78651, -1.23411, 0.00994], [-1.94439, -0.56322, 1.89336, 1.11157, 0.71822, -1.19407, -0.12746], [-1.60886, -0.35793, 1.93671, 1.37282, 0.64993, -1.15404, -0.26487], [-1.27333, -0.15264, 1.98007, 1.63407, 0.58164, -1.114, -0.40227], [-0.9378, 0.05265, 2.02342, 1.89532, 0.51335, -1.07397, -0.53967], [-0.60227, 0.25794, 2.06678, 2.15656, 0.44506, -1.03393, -0.67707], [-0.32871, 0.42531, 2.10213, 2.36956, 0.38938, -1.00129, -0.78909], [-0.7176, 0.54661, 2.11904, 2.45698, 0.25192, -0.767, -0.74069], [-1.10648, 0.66791, 2.13595, 2.54439, 0.11446, -0.53271, -0.69229], [-1.49537, 0.7892, 2.15286, 2.63181, -0.02299, -0.29843, -0.64389], [-1.79426, 0.88243, 2.16585, 2.699, -0.12864, -0.11835, -0.60669], [-1.62382, 1.06156, 2.07945, 2.51324, -0.43398, -0.34812, -0.63613], [-1.45337, 1.24068, 1.99305, 2.32749, -0.73931, -0.57789, -0.66558], [-1.28293, 1.41981, 1.90664, 2.14173, -1.04465, -0.80766, -0.69502], [-1.11248, 1.59894, 1.82024, 1.95597, -1.34999, -1.03743, -0.72447], [-0.94204, 1.77807, 1.73384, 1.77021, -1.65532, -1.2672, -0.75391]]
end: [-0.77666000000000002, 1.95187, 1.6499999999999999, 1.5899799999999999, -1.9515800000000001, -1.49014, -0.78247999999999995]
obtacles: [[[0.6, 0.5, -1.0], [0.9, 0.6, 1.0]], [[0.6, -0.6, -1.0], [0.9, -0.5, 1.0]], [[0.6, -0.6, 0.9], [0.9, 0.6, 1.0]], [[0.6, -0.6, -1.0], [0.9, 0.6, -0.9]], [[0.6, -0.6, 0.4], [0.9, 0.6, 0.5]], [[0.6, -0.6, -0.6], [0.9, 0.6, -0.5]], [[0.6, 0.1, 0.5], [0.9, 0.2, 1.0]], [[0.6, -0.1, -0.6], [0.9, 0.0, 0.5]], [[0.6, 0.2, -1.0], [0.9, 0.3, -0.5]]]
start: [-2.0905300000000002, -1.95811, 1.3999999999999999, 1.5693299999999999, -1.1781200000000001, 1.4133199999999999, -2.6882899999999998]
tajectories: [[-2.09053, -1.95811, 1.4, 1.56933, -1.17812, 1.41332, -2.68829], [-1.8682, -1.87741, 1.49019, 1.7052, -0.96936, 1.3012, -2.35465], [-1.64587, -1.79671, 1.58037, 1.84108, -0.7606, 1.18907, -2.02102], [-1.42355, -1.71602, 1.67056, 1.97695, -0.55185, 1.07695, -1.68738], [-1.20122, -1.63532, 1.76074, 2.11282, -0.34309, 0.96482, -1.35375], [-0.97889, -1.55463, 1.85093, 2.24869, -0.13433, 0.85269, -1.02011], [-0.85846, -1.51091, 1.89978, 2.32229, -0.02125, 0.79196, -0.83939], [-0.95898, -1.28289, 1.81021, 2.15164, -0.10792, 0.43532, -0.71269], [-1.0595, -1.05486, 1.72064, 1.98098, -0.19459, 0.07868, -0.586], [-1.16002, -0.82684, 1.63107, 1.81033, -0.28126, -0.27796, -0.4593], [-1.17975, -0.78209, 1.61349, 1.77684, -0.29827, -0.34795, -0.43444], [-1.39661, -0.62048, 1.30001, 1.93379, -0.33653, -0.56974, -0.49186], [-1.61347, -0.45887, 0.98654, 2.09075, -0.37479, -0.79152, -0.54929], [-1.75368, -0.35438, 0.78387, 2.19222, -0.39952, -0.93491, -0.58642], [-1.5917, -0.08672, 0.91671, 1.89053, -0.51892, -0.99505, -0.42647], [-1.42972, 0.18093, 1.04955, 1.58883, -0.63832, -1.05518, -0.26652], [-1.26774, 0.44859, 1.18239, 1.28713, -0.75771, -1.11531, -0.10658], [-1.10576, 0.71625, 1.31523, 0.98543, -0.87711, -1.17544, 0.05337]]
end: [-1.0024, 0.88704000000000005, 1.3999999999999999, 0.79291, -0.95330000000000004, -1.2138100000000001, 0.15543999999999999]
