obtacles: [[[0.6, 0.5, -1.0], [0.9, 0.6, 1.0]], [[0.6, -0.6, -1.0], [0.9, -0.5, 1.0]], [[0.6, -0.6, 0.9], [0.9, 0.6, 1.0]], [[0.6, -0.6, -1.0], [0.9, 0.6, -0.9]], [[0.6, -0.6, 0.4], [0.9, 0.6, 0.5]], [[0.6, -0.6, -0.4], [0.9, 0.6, -0.3]], [[0.6, 0.0, 0.5], [0.9, 0.1, 1.0]], [[0.6, 0.2, -0.4], [0.9, 0.3, 0.5]], [[0.6, -0.1, -1.0], [0.9, 0.0, -0.3]]]
start: [-0.86543000000000003, 1.73865, 1.6000000000000001, 1.7339899999999999, -1.7319100000000001, -1.51522, -0.86162000000000005]
tajectories: [[-0.86543, 1.73865, 1.6, 1.73399, -1.73191, -1.51522, -0.86162], [-1.05499, 1.58852, 1.66499, 1.95995, -1.41245, -1.33966, -0.9197], [-1.24455, 1.4384, 1.72998, 2.1859, -1.09299, -1.1641, -0.97779], [-1.43411, 1.28827, 1.79497, 2.41186, -0.77353, -0.98854, -1.03587], [-1.62367, 1.13814, 1.85996, 2.63781, -0.45407, -0.81298, -1.09396], [-1.81323, 0.98801, 1.92495, 2.86377, -0.13461, -0.63742, -1.15204], [-1.90832, 0.9127, 1.95755, 2.97712, 0.02565, -0.54935, -1.18118], [-1.62383, 0.78196, 2.09089, 2.97877, 0.15467, -0.68306, -0.86548], [-1.33934, 0.65122, 2.22423, 2.98041, 0.28369, -0.81678, -0.54979], [-1.05485, 0.52047, 2.35757, 2.98205, 0.41271, -0.9505, -0.2341], [-0.77036, 0.38973, 2.49091, 2.9837, 0.54173, -1.08421, 0.0816], [-0.49584, 0.26358, 2.61957, 2.98528, 0.66623, -1.21324, 0.38622], [-0.40175, 0.34266, 2.47281, 2.6519, 0.41818, -1.18049, 0.1872], [-0.30766, 0.42175, 2.32606, 2.31852, 0.17014, -1.14775, -0.01183], [-0.21357, 0.50083, 2.1793, 1.98513, -0.07791, -1.115, -0.21086], [-0.11948, 0.57992, 2.03255, 1.65175, -0.32595, -1.08225, -0.40989], [-0.02539, 0.659, 1.88579, 1.31837, -0.574, -1.0495, -0.60892], [0.0687, 0.73809, 1.73904, 0.98499, -0.82204, -1.01676, -0.80795]]
end: [0.15784000000000001, 0.81301000000000001, 1.6000000000000001, 0.66913999999999996, -1.05704, -0.98573, -0.99651000000000001]
obtacles: [[[0.6, 0.5, -1.0], [0.9, 0.6, 1.0]], [[0.6, -0.6, -1.0], [0.9, -0.5, 1.0]], [[0.6, -0.6, 0.9], [0.9, 0.6, 1.0]], [[0.6, -0.6, -1.0], [0.9, 0.6, -0.9]], [[0.6, -0.6, 0.4], [0.9, 0.6, 0.5]], [[0.6, -0.6, -0.4], [0.9, 0.6, -0.3]], [[0.6, 0.0, 0.5], [0.9, 0.1, 1.0]], [[0.6, 0.2, -0.4], [0.9, 0.3, 0.5]], [[0.6, -0.1, -1.0], [0.9, 0.0, -0.3]]]
start: [-0.36188999999999999, 1.44265, 1.6499999999999999, 1.95678, -1.4222699999999999, -1.5462100000000001, -1.6017999999999999]
tajectories: [[-0.36189, 1.44265, 1.65, 1.95678, -1.42227, -1.54621, -1.6018], [-0.63146, 1.56455, 1.65, 1.86484, -1.54775, -1.51878, -1.23097], [-0.90102, 1.68646, 1.65, 1.77289, -1.67324, -1.49135, -0.86013]]
end: [-1.13761, 1.79345, 1.6499999999999999, 1.6921900000000001, -1.78338, -1.4672700000000001, -0.53466999999999998]
obtacles: [[[0.6, 0.5, -1.0], [0.9, 0.6, 1.0]], [[0.6, -0.6, -1.0], [0.9, -0.5, 1.0]], [[0.6, -0.6, 0.9], [0.9, 0.6, 1.0]], [[0.6, -0.6, -1.0], [0.9, 0.6, -0.9]], [[0.6, -0.6, 0.4], [0.9, 0.6, 0.5]], [[0.6, -0.6, -0.4], [0.9, 0.6, -0.3]], [[0.6, 0.0, 0.5], [0.9, 0.1, 1.0]], [[0.6, 0.2, -0.4], [0.9, 0.3, 0.5]], [[0.6, -0.1, -1.0], [0.9, 0.0, -0.3]]]
start: [-1.1343700000000001, 1.58396, 1.6499999999999999, 1.7862, -1.56674, -1.49061, -0.65146999999999999]
tajectories: [[-1.13437, 1.58396, 1.65, 1.7862, -1.56674, -1.49061, -0.65147], [-1.12834, 1.41042, 1.64578, 1.96059, -1.65926, -1.08854, -0.51293], [-1.12231, 1.23687, 1.64155, 2.13498, -1.75179, -0.68647, -0.37439], [-1.11628, 1.06333, 1.63733, 2.30937, -1.84431, -0.2844, -0.23584], [-1.11025, 0.88978, 1.63311, 2.48376, -1.93684, 0.11767, -0.0973], [-1.10499, 0.73854, 1.62943, 2.63574, -2.01747, 0.46807, 0.02343], [-0.7887, 0.61511, 1.77179, 2.46659, -1.81288, 0.37504, 0.21141], [-0.47241, 0.49167, 1.91415, 2.29745, -1.60829, 0.28202, 0.39938], [-0.15612, 0.36823, 2.05651, 2.1283, -1.40369, 0.189, 0.58736], [0.14346, 0.25132, 2.19135, 1.96809, -1.20991, 0.10089, 0.7654], [0.12654, 0.36432, 2.08982, 1.78368, -1.16502, -0.13275, 0.39659], [0.10961, 0.47733, 1.9883, 1.59926, -1.12013, -0.36638, 0.02777], [0.09268, 0.59034, 1.88678, 1.41485, -1.07523, -0.60002, -0.34105], [0.07576, 0.70334, 1.78526, 1.23044, -1.03034, -0.83366, -0.70986], [0.05883, 0.81635, 1.68374, 1.04602, -0.98545, -1.0673, -1.07868]]
end: [0.05321, 0.85389999999999999, 1.6499999999999999, 0.98472999999999999, -0.97053, -1.1449499999999999, -1.2012499999999999]
obtacles: [[[0.6, 0.5, -1.0], [0.9, 0.6, 1.0]], [[0.6, -0.6, -1.0], [0.9, -0.5, 1.0]], [[0.6, -0.6, 0.9], [0.9, 0.6, 1.0]], [[0.6, -0.6, -1.0], [0.9, 0.6, -0.9]], [[0.6, -0.6, 0.4], [0.9, 0.6, 0.5]], [[0.6, -0.6, -0.4], [0.9, 0.6, -0.3]], [[0.6, 0.0, 0.5], [0.9, 0.1, 1.0]], [[0.6, 0.2, -0.4], [0.9, 0.3, 0.5]], [[0.6, -0.1, -1.0], [0.9, 0.0, -0.3]]]
start: [-0.69762999999999997, 1.91561, 1.75, 1.11496, -1.95773, -1.56897, -0.38568000000000002]
tajectories: [[-0.69763, 1.91561, 1.75, 1.11496, -1.95773, -1.56897, -0.38568], [-0.96059, 1.76475, 1.51972, 1.41703, -2.06995, -1.53501, -0.39411], [-1.22354, 1.61389, 1.28944, 1.71911, -2.18216, -1.50104, -0.40253], [-1.4865, 1.46303, 1.05917, 2.02119, -2.29438, -1.46708, -0.41095], [-1.74946, 1.31217, 0.82889, 2.32326, -2.40659, -1.43312, -0.41937], [-1.99602, 1.17071, 0.61296, 2.60651, -2.51181, -1.40127, -0.42727], [-2.11088, 1.01583, 0.82967, 2.52809, -2.17503, -1.18957, -0.38893], [-2.22573, 0.86094, 1.04638, 2.44967, -1.83825, -0.97786, -0.35059], [-2.34059, 0.70606, 1.26309, 2.37124, -1.50148, -0.76616, -0.31225], [-2.45544, 0.55117, 1.4798, 2.29282, -1.1647, -0.55446, -0.27391], [-2.5703, 0.39629, 1.6965, 2.2144, -0.82792, -0.34276, -0.23558], [-2.57145, 0.39474, 1.69867, 2.21362, -0.82455, -0.34064, -0.23519], [-2.19164, 0.46598, 1.70734, 1.91912, -0.90589, -0.42456, -0.24961], [-1.81183, 0.53722, 1.71601, 1.62463, -0.98724, -0.50848, -0.26403], [-1.43202, 0.60846, 1.72468, 1.33013, -1.06858, -0.5924, -0.27845], [-1.05221, 0.67971, 1.73335, 1.03564, -1.14992, -0.67633, -0.29287], [-0.6724, 0.75095, 1.74202, 0.74115, -1.23126, -0.76025, -0.30729]]
end: [-0.32279000000000002, 0.81652999999999998, 1.75, 0.47006999999999999, -1.3061400000000001, -0.83750000000000002, -0.32056000000000001]
obtacles: [[[0.6, 0.5, -1.0], [0.9, 0.6, 1.0]], [[0.6, -0.6, -1.0], [0.9, -0.5, 1.0]], [[0.6, -0.6, 0.9], [0.9, 0.6, 1.0]], [[0.6, -0.6, -1.0], [0.9, 0.6, -0.9]], [[0.6, -0.6, 0.4], [0.9, 0.6, 0.5]], [[0.6, -0.6, -0.4], [0.9, 0.6, -0.3]], [[0.6, 0.0, 0.5], [0.9, 0.1, 1.0]], [[0.6, 0.2, -0.4], [0.9, 0.3, 0.5]], [[0.6, -0.1, -1.0], [0.9, 0.0, -0.3]]]
start: [-0.98685999999999996, 1.84606, 1.8, 1.5584100000000001, -1.85571, -1.3538300000000001, -0.50841999999999998]
tajectories: [[-0.98686, 1.84606, 1.8, 1.55841, -1.85571, -1.35383, -0.50842], [-1.07164, 1.5189, 1.7131, 1.7854, -2.03144, -1.30294, -0.3005], [-1.15642, 1.19174, 1.6262, 2.01239, -2.20717, -1.25204, -0.09258], [-1.24119, 0.86458, 1.53929, 2.23938, -2.3829, -1.20115, 0.11534], [-1.32597, 0.53742, 1.45239, 2.46638, -2.55863, -1.15025, 0.32326], [-1.33968, 0.48449, 1.43833, 2.5031, -2.58706, -1.14202, 0.3569], [-1.32835, 0.33095, 1.36791, 2.49779, -2.1352, -1.11346, 0.48461], [-1.31701, 0.17741, 1.29748, 2.49249, -1.68333, -1.0849, 0.61233], [-1.30568, 0.02387, 1.22706, 2.48718, -1.23146, -1.05634, 0.74004], [-1.30445, 0.00717, 1.2194, 2.4866, -1.18231, -1.05323, 0.75393], [-1.07234, -0.22512, 1.28833, 2.50335, -0.96518, -0.94475, 0.47425], [-0.84023, -0.4574, 1.35727, 2.52011, -0.74805, -0.83627, 0.19457], [-0.80582, -0.49184, 1.36749, 2.52259, -0.71587, -0.82019, 0.15311], [-1.06709, -0.55225, 1.43458, 2.20952, -0.4465, -0.86033, 0.11565], [-1.32836, -0.61266, 1.50167, 1.89644, -0.17714, -0.90047, 0.0782], [-1.58963, -0.67308, 1.56877, 1.58336, 0.09222, -0.94061, 0.04075], [-1.85089, -0.73349, 1.63586, 1.27029, 0.36159, -0.98075, 0.0033], [-2.11216, -0.7939, 1.70295, 0.95721, 0.63095, -1.02089, -0.03415], [-2.37343, -0.85431, 1.77004, 0.64413, 0.90031, -1.06103, -0.0716]]
end: [-2.49011, -0.88129000000000002, 1.8, 0.50431999999999999, 1.02061, -1.0789599999999999, -0.088330000000000006]
obtacles: [[[0.6, 0.5, -1.0], [0.9, 0.6, 1.0]], [[0.6, -0.6, -1.0], [0.9, -0.5, 1.0]], [[0.6, -0.6, 0.9], [0.9, 0.6, 1.0]], [[0.6, -0.6, -1.0], [0.9, 0.6, -0.9]], [[0.6, -0.6, 0.4], [0.9, 0.6, 0.5]], [[0.6, -0.6, -0.4], [0.9, 0.6, -0.3]], [[0.6, 0.0, 0.5], [0.9, 0.1, 1.0]], [[0.6, 0.2, -0.4], [0.9, 0.3, 0.5]], [[0.6, -0.1, -1.0], [0.9, 0.0, -0.3]]]
start: [-1.0643100000000001, 1.9584699999999999, 1.75, 1.8029900000000001, 1.22332, 1.3206100000000001, 2.4823200000000001]
tajectories: [[-1.06431, 1.95847, 1.75, 1.80299, 1.22332, 1.32061, 2.48232], [-1.00984, 1.72559, 1.34595, 1.85927, 1.14535, 1.26649, 2.35054], [-0.95537, 1.49271, 0.9419, 1.91556, 1.06737, 1.21236, 2.21876], [-0.9009, 1.25983, 0.53785, 1.97184, 0.9894, 1.15824, 2.08698], [-0.84643, 1.02694, 0.1338, 2.02812, 0.91143, 1.10411, 1.9552], [-0.79196, 0.79406, -0.27024, 2.08441, 0.83345, 1.04999, 1.82342], [-0.73748, 0.56118, -0.67429, 2.14069, 0.75548, 0.99586, 1.69165], [-0.68301, 0.32829, -1.07834, 2.19698, 0.6775, 0.94174, 1.55987], [-0.67599, 0.29825, -1.13047, 2.20424, 0.66744, 0.93475, 1.54287], [-0.86701, 0.02533, -0.97613, 1.95627, 0.5678, 0.8348, 1.35902], [-1.05803, -0.24759, -0.8218, 1.70831, 0.46816, 0.73485, 1.17516], [-1.24905, -0.52051, -0.66747, 1.46034, 0.36852, 0.6349, 0.99131], [-1.44008, -0.79342, -0.51313, 1.21238, 0.26888, 0.53494, 0.80746], [-1.6311, -1.06634, -0.3588, 0.96441, 0.16924, 0.43499, 0.6236], [-1.82212, -1.33926, -0.20447, 0.71645, 0.0696, 0.33504, 0.43975], [-2.01314, -1.61218, -0.05013, 0.46848, -0.03004, 0.23509, 0.2559], [-2.07392, -1.69902, -0.00103, 0.38958, -0.06175, 0.20328, 0.1974], [-1.99655, -1.60574, 0.06691, 0.67734, -0.11752, 0.05448, -0.1528], [-1.91918, -1.51246, 0.13484, 0.96509, -0.1733, -0.09433, -0.503], [-1.8418, -1.41917, 0.20277, 1.25284, -0.22908, -0.24314, -0.85321], [-1.76443, -1.32589, 0.2707, 1.54059, -0.28485, -0.39195, -1.20341], [-1.68705, -1.23261, 0.33863, 1.82834, -0.34063, -0.54075, -1.55361], [-1.60968, -1.13932, 0.40656, 2.11609, -0.3964, -0.68956, -1.90381], [-1.5323, -1.04604, 0.4745, 2.40385, -0.45218, -0.83837, -2.25401], [-1.51478, -1.02492, 0.48988, 2.469, -0.46481, -0.87206, -2.3333], [-1.60758, -0.99476, 0.67452, 2.23987, -0.27053, -0.92684, -1.99693], [-1.70038, -0.96461, 0.85917, 2.01075, -0.07626, -0.98163, -1.66057], [-1.79317, -0.93445, 1.04382, 1.78162, 0.11802, -1.03641, -1.3242], [-1.88597, -0.90429, 1.22846, 1.5525, 0.3123, -1.09119, -0.98783], [-1.97876, -0.87414, 1.41311, 1.32338, 0.50657, -1.14597, -0.65147], [-2.07156, -0.84398, 1.59775, 1.09425, 0.70085, -1.20075, -0.3151]]
end: [-2.1480700000000001, -0.81911, 1.75, 0.90532999999999997, 0.86104000000000003, -1.2459199999999999, -0.037760000000000002]
obtacles: [[[0.6, 0.5, -1.0], [0.9, 0.6, 1.0]], [[0.6, -0.6, -1.0], [0.9, -0.5, 1.0]], [[0.6, -0.6, 0.9], [0.9, 0.6, 1.0]], [[0.6, -0.6, -1.0], [0.9, 0.6, -0.9]], [[0.6, -0.6, 0.4], [0.9, 0.6, 0.5]], [[0.6, -0.6, -0.4], [0.9, 0.6, -0.3]], [[0.6, 0.0, 0.5], [0.9, 0.1, 1.0]], [[0.6, 0.2, -0.4], [0.9, 0.3, 0.5]], [[0.6, -0.1, -1.0], [0.9, 0.0, -0.3]]]
start: [-0.42591000000000001, 1.9577599999999999, 1.75, 1.18418, -1.9952099999999999, -1.5602100000000001, -0.72079000000000004]
tajectories: [[-0.42591, 1.95776, 1.75, 1.18418, -1.99521, -1.56021, -0.72079], [-0.62836, 1.92767, 1.67997, 1.25698, -2.16265, -1.44916, -0.32388], [-0.83081, 1.89758, 1.60995, 1.32977, -2.33009, -1.33812, 0.07303], [-1.03327, 1.86748, 1.53992, 1.40256, -2.49753, -1.22708, 0.46994], [-1.1687, 1.84735, 1.49308, 1.45125, -2.60954, -1.1528, 0.73547], [-1.24066, 1.56709, 1.50341, 1.69656, -2.28453, -1.13401, 0.73261], [-1.31262, 1.28683, 1.51375, 1.94186, -1.95951, -1.11523, 0.72976], [-1.38458, 1.00657, 1.52409, 2.18717, -1.6345, -1.09645, 0.72691], [-1.43491, 0.81054, 1.53132, 2.35875, -1.40717, -1.08331, 0.72491], [-1.38378, 0.87654, 1.78986, 1.9637, -1.50944, -0.98574, 0.7368], [-1.33266, 0.94253, 2.04841, 1.56865, -1.61171, -0.88816, 0.74869], [-1.28697, 1.00152, 2.27951, 1.21555, -1.70313, -0.80095, 0.75932], [-1.06808, 0.96573, 2.111, 0.80357, -1.73768, -0.83423, 0.73982], [-0.8492, 0.92994, 1.94248, 0.39159, -1.77223, -0.86752, 0.72031], [-0.63031, 0.89415, 1.77397, -0.02039, -1.80678, -0.90081, 0.7008]]
end: [-0.59918000000000005, 0.88905999999999996, 1.75, -0.078990000000000005, -1.81169, -0.90554000000000001, 0.69803000000000004]
obtacles: [[[0.6, 0.5, -1.0], [0.9, 0.6, 1.0]], [[0.6, -0.6, -1.0], [0.9, -0.5, 1.0]], [[0.6, -0.6, 0.9], [0.9, 0.6, 1.0]], [[0.6, -0.6, -1.0], [0.9, 0.6, -0.9]], [[0.6, -0.6, 0.4], [0.9, 0.6, 0.5]], [[0.6, -0.6, -0.4], [0.9, 0.6, -0.3]], [[0.6, 0.0, 0.5], [0.9, 0.1, 1.0]], [[0.6, 0.2, -0.4], [0.9, 0.3, 0.5]], [[0.6, -0.1, -1.0], [0.9, 0.0, -0.3]]]
start: [-1.05301, 1.9224300000000001, 1.75, 1.4922599999999999, -1.9391099999999999, -1.4305399999999999, -0.38116]
tajectories: [[-1.05301, 1.92243, 1.75, 1.49226, -1.93911, -1.43054, -0.38116], [-1.1262, 1.79283, 1.5669, 1.65794, -1.96032, -1.11559, -0.64044], [-1.1994, 1.66322, 1.3838, 1.82363, -1.98154, -0.80065, -0.89973], [-1.27259, 1.53362, 1.2007, 1.98931, -2.00275, -0.4857, -1.15901], [-1.34578, 1.40401, 1.0176, 2.15499, -2.02397, -0.17075, -1.41829], [-1.41897, 1.27441, 0.8345, 2.32068, -2.04519, 0.14419, -1.67757], [-1.49216, 1.1448, 0.6514, 2.48636, -2.0664, 0.45914, -1.93686], [-1.54355, 1.05379, 0.52283, 2.60271, -2.0813, 0.68029, -2.11893], [-1.4414, 0.8118, 0.49707, 2.33959, -2.13386, 0.78361, -1.8064], [-1.33924, 0.56981, 0.47131, 2.07648, -2.18642, 0.88694, -1.49387], [-1.23708, 0.32782, 0.44556, 1.81337, -2.23897, 0.99026, -1.18134], [-1.13492, 0.08582, 0.4198, 1.55026, -2.29153, 1.09358, -0.86881], [-1.03276, -0.15617, 0.39404, 1.28715, -2.34409, 1.1969, -0.55628], [-0.9306, -0.39816, 0.36829, 1.02403, -2.39665, 1.30022, -0.24375], [-0.86087, -0.56334, 0.35071, 0.84444, -2.43252, 1.37075, -0.03042], [-0.66898, -0.43537, 0.50981, 0.56582, -2.32989, 1.1488, -0.21499], [-0.47708, -0.30739, 0.66891, 0.2872, -2.22726, 0.92686, -0.39955], [-0.28519, -0.17941, 0.82801, 0.00858, -2.12463, 0.70491, -0.58411], [-0.0933, -0.05143, 0.98711, -0.27004, -2.02199, 0.48297, -0.76868], [0.09826, 0.07632, 1.14593, -0.54818, -1.91954, 0.26141, -0.95291], [0.30764, 0.12756, 1.24807, -0.58188, -2.13395, 0.443, -0.61673], [0.51701, 0.1788, 1.35022, -0.61557, -2.34835, 0.6246, -0.28054], [0.72639, 0.23003, 1.45236, -0.64927, -2.56275, 0.80619, 0.05565], [0.93577, 0.28127, 1.5545, -0.68297, -2.77715, 0.98778, 0.39184], [1.14514, 0.33251, 1.65665, -0.71667, -2.99156, 1.16937, 0.72803], [1.18228, 0.3416, 1.67477, -0.72265, -3.02959, 1.20158, 0.78767], [1.04866, 0.42784, 1.68889, -0.64439, -2.83807, 0.80779, 0.62449], [0.91503, 0.51409, 1.70302, -0.56613, -2.64654, 0.414, 0.46131], [0.78141, 0.60033, 1.71715, -0.48786, -2.45502, 0.0202, 0.29813], [0.64779, 0.68658, 1.73128, -0.4096, -2.26349, -0.37359, 0.13495], [0.51416, 0.77282, 1.74541, -0.33134, -2.07197, -0.76738, -0.02823]]
end: [0.47073999999999999, 0.80084999999999995, 1.75, -0.30591000000000002, -2.0097299999999998, -0.89536000000000004, -0.081259999999999999]
obtacles: [[[0.6, 0.5, -1.0], [0.9, 0.6, 1.0]], [[0.6, -0.6, -1.0], [0.9, -0.5, 1.0]], [[0.6, -0.6, 0.9], [0.9, 0.6, 1.0]], [[0.6, -0.6, -1.0], [0.9, 0.6, -0.9]], [[0.6, -0.6, 0.4], [0.9, 0.6, 0.5]], [[0.6, -0.6, -0.4], [0.9, 0.6, -0.3]], [[0.6, 0.0, 0.5], [0.9, 0.1, 1.0]], [[0.6, 0.2, -0.4], [0.9, 0.3, 0.5]], [[0.6, -0.1, -1.0], [0.9, 0.0, -0.3]]]
start: [-0.87907999999999997, 1.8358300000000001, 1.75, 1.2964500000000001, -1.8755900000000001, -1.47603, -0.37885000000000002]
tajectories: [[-0.87908, 1.83583, 1.75, 1.29645, -1.87559, -1.47603, -0.37885], [-0.9781, 1.66102, 1.50348, 1.51448, -1.72614, -1.41292, -0.65273], [-1.07713, 1.48621, 1.25697, 1.73252, -1.57669, -1.3498, -0.92661], [-1.17615, 1.3114, 1.01045, 1.95056, -1.42724, -1.28669, -1.20048], [-1.27517, 1.13659, 0.76394, 2.16859, -1.27779, -1.22358, -1.47436], [-1.37419, 0.96178, 0.51742, 2.38663, -1.12834, -1.16046, -1.74824], [-1.4619, 0.80696, 0.29908, 2.57974, -0.99597, -1.10457, -1.99081], [-1.12135, 0.53752, 0.48956, 2.66649, -1.00485, -1.04295, -1.87356], [-0.7808, 0.26807, 0.68003, 2.75325, -1.01373, -0.98133, -1.75632], [-0.44026, -0.00137, 0.8705, 2.84, -1.02261, -0.91971, -1.63907], [-0.09971, -0.27081, 1.06098, 2.92675, -1.03149, -0.85809, -1.52183], [0.24084, -0.54026, 1.25145, 3.0135, -1.04037, -0.79648, -1.40458], [0.52889, -0.76817, 1.41256, 3.08689, -1.04789, -0.74435, -1.30541], [0.48894, -0.46496, 1.56576, 2.76531, -1.03245, -0.65522, -1.45173], [0.44899, -0.16176, 1.71895, 2.44374, -1.01702, -0.56609, -1.59805], [0.40904, 0.14145, 1.87214, 2.12216, -1.00158, -0.47696, -1.74437], [0.36908, 0.44466, 2.02533, 1.80059, -0.98615, -0.38783, -1.89069], [0.32913, 0.74786, 2.17852, 1.47901, -0.97072, -0.2987, -2.03701], [0.29127, 1.0352, 2.32369, 1.17427, -0.95609, -0.21423, -2.17567], [0.33112, 1.00089, 2.22254, 0.91885, -1.13472, -0.33862, -1.82299], [0.37098, 0.96658, 2.12138, 0.66342, -1.31335, -0.46301, -1.47032], [0.41083, 0.93227, 2.02022, 0.40799, -1.49197, -0.58739, -1.11765], [0.45068, 0.89796, 1.91907, 0.15256, -1.6706, -0.71178, -0.76497], [0.49054, 0.86365, 1.81791, -0.10286, -1.84923, -0.83616, -0.4123]]
end: [0.51729000000000003, 0.84060999999999997, 1.75, -0.27433000000000002, -1.96915, -0.91966000000000003, -0.17554]
obtacles: [[[0.6, 0.5, -1.0], [0.9, 0.6, 1.0]], [[0.6, -0.6, -1.0], [0.9, -0.5, 1.0]], [[0.6, -0.6, 0.9], [0.9, 0.6, 1.0]], [[0.6, -0.6, -1.0], [0.9, 0.6, -0.9]], [[0.6, -0.6, 0.4], [0.9, 0.6, 0.5]], [[0.6, -0.6, -0.4], [0.9, 0.6, -0.3]], [[0.6, 0.0, 0.5], [0.9, 0.1, 1.0]], [[0.6, 0.2, -0.4], [0.9, 0.3, 0.5]], [[0.6, -0.1, -1.0], [0.9, 0.0, -0.3]]]
start: [-0.65554000000000001, 1.69885, 1.8500000000000001, 0.44957999999999998, -1.8772500000000001, -1.5670299999999999, 0.22456000000000001]
tajectories: [[-0.65554, 1.69885, 1.85, 0.44958, -1.87725, -1.56703, 0.22456], [-0.8162, 1.6739, 1.81839, 0.7986, -1.98187, -1.26754, 0.23502], [-0.97685, 1.64895, 1.78678, 1.14763, -2.08649, -0.96805, 0.24549], [-1.13751, 1.62399, 1.75516, 1.49666, -2.19111, -0.66856, 0.25595], [-1.29816, 1.59904, 1.72355, 1.84568, -2.29574, -0.36907, 0.26641], [-1.45882, 1.57409, 1.69194, 2.19471, -2.40036, -0.06958, 0.27687], [-1.61947, 1.54913, 1.66033, 2.54373, -2.50498, 0.22991, 0.28733], [-1.64724, 1.54482, 1.65486, 2.60407, -2.52307, 0.28168, 0.28914], [-1.43226, 1.34639, 1.72934, 2.61102, -2.84783, 0.36371, 0.07324], [-1.21728, 1.14796, 1.80382, 2.61798, -3.17259, 0.44575, -0.14267], [-1.0023, 0.94953, 1.8783, 2.62493, -3.49735, 0.52778, -0.35858], [-0.78732, 0.7511, 1.95279, 2.63188, -3.8221, 0.60981, -0.57448], [-0.57234, 0.55267, 2.02727, 2.63884, -4.14686, 0.69184, -0.79039], [-0.48571, 0.47272, 2.05728, 2.64164, -4.27772, 0.7249, -0.87739], [-0.31741, 0.33539, 2.00449, 2.46288, -3.92161, 0.68666, -1.07688], [-0.1491, 0.19806, 1.95171, 2.28411, -3.5655, 0.64843, -1.27637], [0.0192, 0.06073, 1.89893, 2.10535, -3.2094, 0.61019, -1.47587], [0.1875, -0.0766, 1.84615, 1.92659, -2.85329, 0.57196, -1.67536], [0.35581, -0.21393, 1.79337, 1.74783, -2.49718, 0.53372, -1.87485], [0.52411, -0.35126, 1.74058, 1.56907, -2.14107, 0.49549, -2.07434], [0.56764, -0.38678, 1.72693, 1.52284, -2.04898, 0.4856, -2.12594], [0.70235, -0.19809, 1.65934, 1.14073, -2.01402, 0.31646, -2.2518], [0.83706, -0.0094, 1.59176, 0.75862, -1.97906, 0.14732, -2.37767], [0.97178, 0.17928, 1.52417, 0.3765, -1.9441, -0.02182, -2.50354], [1.10649, 0.36797, 1.45658, -0.00561, -1.90914, -0.19096, -2.62941], [1.2412, 0.55666, 1.38899, -0.38772, -1.87418, -0.3601, -2.75528], [1.32134, 0.6689, 1.34878, -0.61503, -1.85339, -0.46072, -2.83016], [1.22012, 0.6877, 1.42727, -0.63879, -1.92587, -0.57491, -2.36714], [1.1189, 0.70651, 1.50576, -0.66256, -1.99835, -0.68911, -1.90413], [1.01769, 0.72531, 1.58425, -0.68632, -2.07083, -0.8033, -1.44111], [0.91647, 0.74411, 1.66274, -0.71009, -2.14331, -0.9175, -0.9781], [0.81525, 0.76291, 1.74123, -0.73385, -2.21579, -1.03169, -0.51508], [0.71403, 0.78171, 1.81972, -0.75762, -2.28827, -1.14589, -0.05207]]
end: [0.67498000000000002, 0.78896999999999995, 1.8500000000000001, -0.76678999999999997, -2.31623, -1.1899500000000001, 0.12656999999999999]
obtacles: [[[0.6, 0.5, -1.0], [0.9, 0.6, 1.0]], [[0.6, -0.6, -1.0], [0.9, -0.5, 1.0]], [[0.6, -0.6, 0.9], [0.9, 0.6, 1.0]], [[0.6, -0.6, -1.0], [0.9, 0.6, -0.9]], [[0.6, -0.6, 0.4], [0.9, 0.6, 0.5]], [[0.6, -0.6, -0.4], [0.9, 0.6, -0.3]], [[0.6, 0.0, 0.5], [0.9, 0.1, 1.0]], [[0.6, 0.2, -0.4], [0.9, 0.3, 0.5]], [[0.6, -0.1, -1.0], [0.9, 0.0, -0.3]]]
start: [-1.9384300000000001, -1.6654100000000001, 1.55, 1.50362, -4.6165900000000004, -1.5564800000000001, 0.29877999999999999]
tajectories: [[-1.93843, -1.66541, 1.55, 1.50362, -4.61659, -1.55648, 0.29878], [-1.77916, -1.55434, 1.7747, 1.72737, -4.47051, -1.466, 0.58552], [-1.61989, -1.44328, 1.9994, 1.95113, -4.32444, -1.37552, 0.87225], [-1.46063, -1.33221, 2.2241, 2.17489, -4.17837, -1.28504, 1.15898], [-1.30136, -1.22114, 2.4488, 2.39865, -4.0323, -1.19456, 1.44572], [-1.20098, -1.15115, 2.59041, 2.53967, -3.94024, -1.13754, 1.62642], [-0.9777, -1.18498, 2.55784, 2.32751, -3.6157, -1.14958, 1.40857], [-0.75442, -1.21881, 2.52527, 2.11535, -3.29116, -1.16161, 1.19073], [-0.53114, -1.25264, 2.49271, 1.90319, -2.96662, -1.17365, 0.97288], [-0.30786, -1.28647, 2.46014, 1.69103, -2.64208, -1.18569, 0.75504], [-0.19718, -1.30323, 2.444, 1.58586, -2.4812, -1.19166, 0.64705], [-0.18509, -0.89253, 2.39278, 1.72845, -2.41392, -1.26546, 0.42739], [-0.17301, -0.48183, 2.34157, 1.87104, -2.34664, -1.33925, 0.20773], [-0.16093, -0.07113, 2.29035, 2.01363, -2.27936, -1.41305, -0.01193], [-0.14884, 0.33957, 2.23914, 2.15622, -2.21208, -1.48684, -0.23159], [-0.14684, 0.40768, 2.23064, 2.17986, -2.20092, -1.49908, -0.26801], [-0.18517, 0.81861, 2.21328, 2.38818, -2.06583, -1.41707, -0.16317], [-0.2235, 1.22954, 2.19592, 2.5965, -1.93073, -1.33505, -0.05833], [-0.26183, 1.64047, 2.17855, 2.80482, -1.79564, -1.25303, 0.04651], [-0.28166, 1.853, 2.16957, 2.91256, -1.72577, -1.21062, 0.10073], [-0.39074, 1.84543, 2.09767, 2.43904, -1.77436, -1.28645, 0.0776], [-0.49983, 1.83786, 2.02577, 1.96551, -1.82295, -1.36229, 0.05447], [-0.60892, 1.83028, 1.95386, 1.49199, -1.87155, -1.43812, 0.03134], [-0.718, 1.82271, 1.88196, 1.01846, -1.92014, -1.51396, 0.00822]]
end: [-0.76649, 1.81935, 1.8500000000000001, 0.80800000000000005, -1.94174, -1.54766, -0.0020600000000000002]
