obtacles: [[[0.6, 0.5, -1.0], [0.9, 0.6, 1.0]], [[0.6, -0.6, -1.0], [0.9, -0.5, 1.0]], [[0.6, -0.6, 0.9], [0.9, 0.6, 1.0]], [[0.6, -0.6, -1.0], [0.9, 0.6, -0.9]], [[0.6, -0.6, 0.5], [0.9, 0.6, 0.6]], [[0.6, -0.6, -0.5], [0.9, 0.6, -0.4]], [[0.6, 0.1, 0.6], [0.9, 0.2, 1.0]], [[0.6, 0.1, -0.5], [0.9, 0.2, 0.6]], [[0.6, -0.3, -1.0], [0.9, -0.2, -0.4]]]
start: [-0.93803000000000003, 1.3403, 1.6000000000000001, 1.51553, -1.3420700000000001, -1.5297799999999999, -0.58560000000000001]
tajectories: [[-0.93803, 1.3403, 1.6, 1.51553, -1.34207, -1.52978, -0.5856]]
end: [-0.93013000000000001, 1.51326, 1.6000000000000001, 1.7209700000000001, -1.50952, -1.5505800000000001, -0.7923]
obtacles: [[[0.6, 0.5, -1.0], [0.9, 0.6, 1.0]], [[0.6, -0.6, -1.0], [0.9, -0.5, 1.0]], [[0.6, -0.6, 0.9], [0.9, 0.6, 1.0]], [[0.6, -0.6, -1.0], [0.9, 0.6, -0.9]], [[0.6, -0.6, 0.5], [0.9, 0.6, 0.6]], [[0.6, -0.6, -0.5], [0.9, 0.6, -0.4]], [[0.6, 0.1, 0.6], [0.9, 0.2, 1.0]], [[0.6, 0.1, -0.5], [0.9, 0.2, 0.6]], [[0.6, -0.3, -1.0], [0.9, -0.2, -0.4]]]
start: [-0.55808999999999997, 1.27919, 1.55, 1.4036299999999999, -4.4213800000000001, 1.5426, 2.2949700000000002]
tajectories: [[-0.55809, 1.27919, 1.55, 1.40363, -4.42138, 1.5426, 2.29497], [-0.5047, 1.2813, 1.30897, 1.17692, -4.07657, 1.40578, 2.30115], [-0.45131, 1.28342, 1.06793, 0.95021, -3.73176, 1.26897, 2.30732], [-0.39792, 1.28554, 0.8269, 0.7235, -3.38695, 1.13216, 2.3135], [-0.34453, 1.28765, 0.58587, 0.49679, -3.04214, 0.99535, 2.31968], [-0.31559, 1.2888, 0.45519, 0.37387, -2.8552, 0.92117, 2.32302], [-0.33877, 1.22847, 0.44741, 0.78175, -2.6283, 0.81457, 2.19439], [-0.36195, 1.16813, 0.43963, 1.18964, -2.4014, 0.70797, 2.06576], [-0.38514, 1.1078, 0.43185, 1.59752, -2.1745, 0.60137, 1.93713], [-0.40345, 1.06016, 0.42571, 1.9196, -1.99534, 0.51719, 1.83556], [-0.48277, 1.15169, 0.402, 1.72785, -2.00399, 0.25655, 1.47502], [-0.5621, 1.24322, 0.37829, 1.5361, -2.01265, -0.00409, 1.11447], [-0.64142, 1.33475, 0.35459, 1.34435, -2.0213, -0.26473, 0.75393], [-0.72075, 1.42628, 0.33088, 1.1526, -2.02996, -0.52537, 0.39339], [-0.73936, 1.44775, 0.32532, 1.10761, -2.03199, -0.58653, 0.30879], [-0.63882, 1.54917, 0.66449, 1.0952, -2.00566, -0.82061, 0.06604], [-0.53828, 1.65059, 1.00366, 1.0828, -1.97932, -1.05469, -0.1767], [-0.43774, 1.75201, 1.34284, 1.07039, -1.95299, -1.28878, -0.41944], [-0.33721, 1.85343, 1.68201, 1.05799, -1.92666, -1.52286, -0.66219]]
end: [-0.31705, 1.8737600000000001, 1.75, 1.0555000000000001, -1.9213800000000001, -1.56978, -0.71084000000000003]
obtacles: [[[0.6, 0.5, -1.0], [0.9, 0.6, 1.0]], [[0.6, -0.6, -1.0], [0.9, -0.5, 1.0]], [[0.6, -0.6, 0.9], [0.9, 0.6, 1.0]], [[0.6, -0.6, -1.0], [0.9, 0.6, -0.9]], [[0.6, -0.6, 0.5], [0.9, 0.6, 0.6]], [[0.6, -0.6, -0.5], [0.9, 0.6, -0.4]], [[0.6, 0.1, 0.6], [0.9, 0.2, 1.0]], [[0.6, 0.1, -0.5], [0.9, 0.2, 0.6]], [[0.6, -0.3, -1.0], [0.9, -0.2, -0.4]]]
start: [-2.1473200000000001, -1.6883900000000001, 1.5, 1.159, -1.43472, 1.55338, -2.9822299999999999]
tajectories: [[-2.14732, -1.68839, 1.5, 1.159, -1.43472, 1.55338, -2.98223], [-2.04298, -1.55169, 1.5629, 1.41404, -1.27676, 1.21462, -2.87402], [-1.93863, -1.41498, 1.62581, 1.66909, -1.11879, 0.87586, -2.76582], [-1.83429, -1.27828, 1.68871, 1.92414, -0.96083, 0.5371, -2.65761], [-1.72995, -1.14157, 1.75162, 2.17919, -0.80287, 0.19835, -2.54941], [-1.62561, -1.00486, 1.81452, 2.43424, -0.6449, -0.14041, -2.4412], [-1.55993, -0.9188, 1.85412, 2.59479, -0.54546, -0.35367, -2.37309], [-1.51824, -1.11083, 1.48873, 2.43656, -0.56944, -0.34919, -2.1445], [-1.47655, -1.30286, 1.12335, 2.27833, -0.59341, -0.3447, -1.91592], [-1.45293, -1.41166, 0.91632, 2.18868, -0.607, -0.34216, -1.78641], [-1.25227, -1.03745, 0.75619, 2.24918, -0.77533, -0.42452, -1.71371], [-1.05162, -0.66325, 0.59606, 2.30968, -0.94367, -0.50688, -1.64101], [-0.85096, -0.28904, 0.43594, 2.37018, -1.112, -0.58924, -1.56831], [-0.65031, 0.08516, 0.27581, 2.43068, -1.28034, -0.6716, -1.49561], [-0.57891, 0.21831, 0.21883, 2.4522, -1.34024, -0.70091, -1.46974], [-0.52475, 0.48759, 0.20504, 2.25395, -1.35272, -0.83899, -1.12939], [-0.47059, 0.75687, 0.19124, 2.0557, -1.3652, -0.97707, -0.78904], [-0.41644, 1.02615, 0.17744, 1.85744, -1.37768, -1.11515, -0.44869], [-0.36228, 1.29543, 0.16364, 1.65919, -1.39016, -1.25324, -0.10835], [-0.34814, 1.36573, 0.16004, 1.60743, -1.39342, -1.28929, -0.01949], [-0.42888, 1.45771, 0.56117, 1.37367, -1.51434, -1.35358, 0.00726], [-0.50963, 1.54969, 0.9623, 1.1399, -1.63526, -1.41787, 0.03402], [-0.59037, 1.64167, 1.36343, 0.90614, -1.75618, -1.48217, 0.06077], [-0.67111, 1.73365, 1.76455, 0.67237, -1.8771, -1.54646, 0.08752]]
end: [-0.68830999999999998, 1.75325, 1.8500000000000001, 0.62258000000000002, -1.9028499999999999, -1.56016, 0.093219999999999997]
obtacles: [[[0.6, 0.5, -1.0], [0.9, 0.6, 1.0]], [[0.6, -0.6, -1.0], [0.9, -0.5, 1.0]], [[0.6, -0.6, 0.9], [0.9, 0.6, 1.0]], [[0.6, -0.6, -1.0], [0.9, 0.6, -0.9]], [[0.6, -0.6, 0.5], [0.9, 0.6, 0.6]], [[0.6, -0.6, -0.5], [0.9, 0.6, -0.4]], [[0.6, 0.1, 0.6], [0.9, 0.2, 1.0]], [[0.6, 0.1, -0.5], [0.9, 0.2, 0.6]], [[0.6, -0.3, -1.0], [0.9, -0.2, -0.4]]]
start: [-0.64154999999999995, 1.29389, 1.6000000000000001, 1.4259200000000001, -1.3004500000000001, -1.5034799999999999, -0.79759999999999998]
tajectories: [[-0.64155, 1.29389, 1.6, 1.42592, -1.30045, -1.50348, -0.7976], [-0.74031, 1.56531, 1.6, 1.7005, -1.55499, -1.48106, -0.95849]]
end: [-0.82633999999999996, 1.80175, 1.6000000000000001, 1.9396800000000001, -1.7767299999999999, -1.46153, -1.0986499999999999]
obtacles: [[[0.6, 0.5, -1.0], [0.9, 0.6, 1.0]], [[0.6, -0.6, -1.0], [0.9, -0.5, 1.0]], [[0.6, -0.6, 0.9], [0.9, 0.6, 1.0]], [[0.6, -0.6, -1.0], [0.9, 0.6, -0.9]], [[0.6, -0.6, 0.5], [0.9, 0.6, 0.6]], [[0.6, -0.6, -0.5], [0.9, 0.6, -0.4]], [[0.6, 0.1, 0.6], [0.9, 0.2, 1.0]], [[0.6, 0.1, -0.5], [0.9, 0.2, 0.6]], [[0.6, -0.3, -1.0], [0.9, -0.2, -0.4]]]
start: [-0.53573000000000004, 1.65866, 1.6000000000000001, 1.5239199999999999, -1.6599600000000001, -1.5458499999999999, -0.98579000000000006]
tajectories: [[-0.53573, 1.65866, 1.6, 1.52392, -1.65996, -1.54585, -0.98579], [-0.67843, 1.58542, 1.6, 1.27021, -1.5949, -1.53993, -0.59128]]
end: [-0.73926000000000003, 1.55419, 1.6000000000000001, 1.16205, -1.5671600000000001, -1.5374000000000001, -0.42309000000000002]
obtacles: [[[0.6, 0.5, -1.0], [0.9, 0.6, 1.0]], [[0.6, -0.6, -1.0], [0.9, -0.5, 1.0]], [[0.6, -0.6, 0.9], [0.9, 0.6, 1.0]], [[0.6, -0.6, -1.0], [0.9, 0.6, -0.9]], [[0.6, -0.6, 0.5], [0.9, 0.6, 0.6]], [[0.6, -0.6, -0.5], [0.9, 0.6, -0.4]], [[0.6, 0.1, 0.6], [0.9, 0.2, 1.0]], [[0.6, 0.1, -0.5], [0.9, 0.2, 0.6]], [[0.6, -0.3, -1.0], [0.9, -0.2, -0.4]]]
start: [-2.1960999999999999, -1.81837, 1.5, 1.4674199999999999, -1.3170299999999999, 1.52786, -2.6339600000000001]
tajectories: [[-2.1961, -1.81837, 1.5, 1.46742, -1.31703, 1.52786, -2.63396], [-2.09461, -1.68044, 1.37871, 1.56451, -0.93904, 1.43503, -2.42173], [-1.99313, -1.5425, 1.25742, 1.6616, -0.56105, 1.3422, -2.20949], [-1.89165, -1.40457, 1.13613, 1.75869, -0.18306, 1.24937, -1.99725], [-1.79016, -1.26663, 1.01485, 1.85579, 0.19493, 1.15654, -1.78502], [-1.68868, -1.1287, 0.89356, 1.95288, 0.57292, 1.06371, -1.57278], [-1.5872, -0.99076, 0.77227, 2.04997, 0.9509, 0.97089, -1.36054], [-1.54977, -0.9399, 0.72754, 2.08577, 1.09029, 0.93665, -1.28228], [-1.35208, -0.82319, 0.61744, 2.06454, 1.06778, 0.65585, -0.95769], [-1.15438, -0.70648, 0.50734, 2.0433, 1.04527, 0.37504, -0.6331], [-0.95668, -0.58977, 0.39723, 2.02207, 1.02276, 0.09423, -0.30851], [-0.75898, -0.47306, 0.28713, 2.00083, 1.00025, -0.18658, 0.01609], [-0.56128, -0.35635, 0.17702, 1.9796, 0.97774, -0.46739, 0.34068], [-0.49886, -0.3195, 0.14226, 1.97289, 0.97063, -0.55604, 0.44316], [-0.48298, -0.13396, 0.32283, 1.72794, 0.66339, -0.66132, 0.31185], [-0.4671, 0.05158, 0.50339, 1.48299, 0.35616, -0.7666, 0.18055], [-0.45122, 0.23712, 0.68396, 1.23804, 0.04892, -0.87187, 0.04925], [-0.43534, 0.42266, 0.86452, 0.99309, -0.25832, -0.97715, -0.08205], [-0.41946, 0.60819, 1.04509, 0.74814, -0.56556, -1.08243, -0.21336]]
end: [-0.41463, 0.66461999999999999, 1.1000000000000001, 0.67364000000000002, -0.65900000000000003, -1.1144499999999999, -0.25329000000000002]
obtacles: [[[0.6, 0.5, -1.0], [0.9, 0.6, 1.0]], [[0.6, -0.6, -1.0], [0.9, -0.5, 1.0]], [[0.6, -0.6, 0.9], [0.9, 0.6, 1.0]], [[0.6, -0.6, -1.0], [0.9, 0.6, -0.9]], [[0.6, -0.6, 0.5], [0.9, 0.6, 0.6]], [[0.6, -0.6, -0.5], [0.9, 0.6, -0.4]], [[0.6, 0.1, 0.6], [0.9, 0.2, 1.0]], [[0.6, 0.1, -0.5], [0.9, 0.2, 0.6]], [[0.6, -0.3, -1.0], [0.9, -0.2, -0.4]]]
start: [-0.59655999999999998, 1.9278599999999999, 1.6499999999999999, 1.48014, -1.93384, -1.5286, -0.86153999999999997]
tajectories: [[-0.59656, 1.92786, 1.65, 1.48014, -1.93384, -1.5286, -0.86154], [-0.96602, 1.76571, 1.5948, 1.56472, -2.10949, -1.51497, -0.64714], [-1.33549, 1.60356, 1.53961, 1.6493, -2.28514, -1.50134, -0.43275], [-1.70495, 1.4414, 1.48441, 1.73387, -2.46079, -1.48771, -0.21836], [-2.07441, 1.27925, 1.42921, 1.81845, -2.63644, -1.47408, -0.00397], [-2.11918, 1.2596, 1.42253, 1.8287, -2.65772, -1.47243, 0.02201], [-1.94956, 1.02864, 1.61579, 1.61028, -2.50357, -1.29026, 0.1829], [-1.77994, 0.79769, 1.80905, 1.39186, -2.34941, -1.1081, 0.34378], [-1.67885, 0.66004, 1.92422, 1.26169, -2.25753, -0.99953, 0.43967], [-1.53188, 0.70016, 2.06517, 1.37138, -1.9759, -0.66379, 0.4931], [-1.38491, 0.74029, 2.20612, 1.48107, -1.69427, -0.32806, 0.54653], [-1.23794, 0.78041, 2.34707, 1.59076, -1.41264, 0.00768, 0.59996], [-1.23754, 0.78052, 2.34745, 1.59106, -1.41189, 0.00857, 0.6001], [-1.09264, 0.77203, 2.15799, 1.36517, -1.29192, -0.25633, 0.36041], [-0.94774, 0.76355, 1.96854, 1.13929, -1.17195, -0.52123, 0.12073], [-0.80284, 0.75507, 1.77909, 0.91341, -1.05199, -0.78614, -0.11896]]
end: [-0.70411000000000001, 0.74927999999999995, 1.6499999999999999, 0.75949, -0.97024999999999995, -0.96664000000000005, -0.28227999999999998]
obtacles: [[[0.6, 0.5, -1.0], [0.9, 0.6, 1.0]], [[0.6, -0.6, -1.0], [0.9, -0.5, 1.0]], [[0.6, -0.6, 0.9], [0.9, 0.6, 1.0]], [[0.6, -0.6, -1.0], [0.9, 0.6, -0.9]], [[0.6, -0.6, 0.5], [0.9, 0.6, 0.6]], [[0.6, -0.6, -0.5], [0.9, 0.6, -0.4]], [[0.6, 0.1, 0.6], [0.9, 0.2, 1.0]], [[0.6, 0.1, -0.5], [0.9, 0.2, 0.6]], [[0.6, -0.3, -1.0], [0.9, -0.2, -0.4]]]
start: [-2.1539199999999998, -1.48641, 1.55, 1.4258900000000001, -1.65134, 1.5381199999999999, -2.7011799999999999]
tajectories: [[-2.15392, -1.48641, 1.55, 1.42589, -1.65134, 1.53812, -2.70118], [-2.03243, -1.35647, 1.73869, 1.61993, -1.47908, 1.39833, -2.39153], [-1.91093, -1.22653, 1.92739, 1.81398, -1.30682, 1.25854, -2.08189], [-1.78943, -1.09659, 2.11608, 2.00803, -1.13456, 1.11875, -1.77224], [-1.66793, -0.96665, 2.30478, 2.20207, -0.9623, 0.97896, -1.4626], [-1.54643, -0.83671, 2.49347, 2.39612, -0.79004, 0.83918, -1.15295], [-1.42494, -0.70677, 2.68216, 2.59017, -0.61778, 0.69939, -0.8433], [-1.42023, -0.70174, 2.68947, 2.59768, -0.61111, 0.69398, -0.83132], [-1.49412, -0.38007, 2.58166, 2.47845, -0.43067, 0.78528, -0.55868], [-1.56801, -0.0584, 2.47384, 2.35923, -0.25023, 0.87659, -0.28604], [-1.6419, 0.26328, 2.36603, 2.24, -0.06978, 0.9679, -0.0134], [-1.71578, 0.58495, 2.25821, 2.12077, 0.11066, 1.05921, 0.25924], [-1.72737, 0.6354, 2.2413, 2.10207, 0.13896, 1.07353, 0.302], [-1.71396, 0.91447, 2.14629, 1.93911, 0.21196, 1.14402, 0.65705], [-1.70055, 1.19354, 2.05128, 1.77615, 0.28495, 1.2145, 1.0121], [-1.69409, 1.32794, 2.00552, 1.69766, 0.32011, 1.24845, 1.18309], [-1.53161, 1.49374, 2.02279, 1.90642, 0.46849, 1.01188, 1.45558], [-1.41687, 1.61083, 2.03498, 2.05383, 0.57327, 0.84482, 1.64801], [-1.34758, 1.68936, 1.9301, 1.86991, 0.75317, 1.03934, 2.00015], [-1.27829, 1.7679, 1.82522, 1.68599, 0.93308, 1.23386, 2.35228], [-1.209, 1.84643, 1.72034, 1.50206, 1.11298, 1.42838, 2.70442]]
end: [-1.1625399999999999, 1.8990899999999999, 1.6499999999999999, 1.3787199999999999, 1.2336199999999999, 1.5588299999999999, 2.9405700000000001]
obtacles: [[[0.6, 0.5, -1.0], [0.9, 0.6, 1.0]], [[0.6, -0.6, -1.0], [0.9, -0.5, 1.0]], [[0.6, -0.6, 0.9], [0.9, 0.6, 1.0]], [[0.6, -0.6, -1.0], [0.9, 0.6, -0.9]], [[0.6, -0.6, 0.5], [0.9, 0.6, 0.6]], [[0.6, -0.6, -0.5], [0.9, 0.6, -0.4]], [[0.6, 0.1, 0.6], [0.9, 0.2, 1.0]], [[0.6, 0.1, -0.5], [0.9, 0.2, 0.6]], [[0.6, -0.3, -1.0], [0.9, -0.2, -0.4]]]
start: [-0.81067, 1.87764, 1.8999999999999999, 0.78634000000000004, -2.0169600000000001, -1.5660499999999999, 0.076759999999999995]
tajectories: [[-0.81067, 1.87764, 1.9, 0.78634, -2.01696, -1.56605, 0.07676], [-0.82078, 1.86911, 1.88599, 1.03677, -2.11925, -1.16002, -0.03092], [-0.83089, 1.86058, 1.87198, 1.28719, -2.22154, -0.75399, -0.1386], [-0.83935, 1.85344, 1.86025, 1.4968, -2.30716, -0.41413, -0.22873], [-1.03719, 1.82334, 1.78638, 1.73269, -1.94709, -0.54649, -0.26976], [-1.23504, 1.79323, 1.71251, 1.96858, -1.58703, -0.67885, -0.31079], [-1.43289, 1.76313, 1.63864, 2.20447, -1.22696, -0.81121, -0.35182], [-1.63073, 1.73302, 1.56477, 2.44036, -0.8669, -0.94357, -0.39285], [-1.82858, 1.70292, 1.49091, 2.67625, -0.50683, -1.07593, -0.43388], [-2.02642, 1.67281, 1.41704, 2.91214, -0.14676, -1.20829, -0.47491], [-2.09638, 1.66217, 1.39091, 2.99556, -0.01944, -1.25509, -0.48942], [-2.07705, 1.44367, 1.55145, 2.92359, -0.29257, -0.97856, -0.63036], [-2.05771, 1.22517, 1.71198, 2.85162, -0.5657, -0.70202, -0.77129], [-2.03837, 1.00667, 1.87252, 2.77965, -0.83883, -0.42549, -0.91223], [-2.01903, 0.78818, 2.03305, 2.70768, -1.11196, -0.14895, -1.05316], [-1.99969, 0.56968, 2.19359, 2.63571, -1.38509, 0.12758, -1.1941], [-1.98036, 0.35118, 2.35412, 2.56374, -1.65822, 0.40411, -1.33504], [-1.97196, 0.25629, 2.42384, 2.53249, -1.77684, 0.52422, -1.39625], [-1.85493, 0.04137, 2.32553, 2.52211, -1.38557, 0.65716, -1.49408], [-1.73789, -0.17354, 2.22722, 2.51174, -0.99429, 0.79011, -1.59192], [-1.62086, -0.38846, 2.1289, 2.50137, -0.60302, 0.92306, -1.68976], [-1.50383, -0.60337, 2.03059, 2.491, -0.21175, 1.05601, -1.7876], [-1.3868, -0.81829, 1.93228, 2.48062, 0.17953, 1.18895, -1.88544], [-1.32703, -0.92804, 1.88207, 2.47533, 0.37935, 1.25685, -1.93541], [-1.45542, -1.00737, 1.83103, 2.27489, -0.0108, 1.31131, -2.10645], [-1.58381, -1.08669, 1.77999, 2.07445, -0.40096, 1.36578, -2.27749], [-1.7122, -1.16602, 1.72895, 1.87401, -0.79112, 1.42025, -2.44853], [-1.84059, -1.24534, 1.67791, 1.67358, -1.18127, 1.47471, -2.61957], [-1.96898, -1.32467, 1.62687, 1.47314, -1.57143, 1.52918, -2.79061]]
end: [-2.0365700000000002, -1.36642, 1.6000000000000001, 1.3676200000000001, -1.77681, 1.55785, -2.8806500000000002]
obtacles: [[[0.6, 0.5, -1.0], [0.9, 0.6, 1.0]], [[0.6, -0.6, -1.0], [0.9, -0.5, 1.0]], [[0.6, -0.6, 0.9], [0.9, 0.6, 1.0]], [[0.6, -0.6, -1.0], [0.9, 0.6, -0.9]], [[0.6, -0.6, 0.5], [0.9, 0.6, 0.6]], [[0.6, -0.6, -0.5], [0.9, 0.6, -0.4]], [[0.6, 0.1, 0.6], [0.9, 0.2, 1.0]], [[0.6, 0.1, -0.5], [0.9, 0.2, 0.6]], [[0.6, -0.3, -1.0], [0.9, -0.2, -0.4]]]
start: [-0.89776, 1.9588000000000001, 1.6000000000000001, 1.97468, -1.92035, -1.3963699999999999, -1.0403]
tajectories: [[-0.89776, 1.9588, 1.6, 1.97468, -1.92035, -1.39637, -1.0403], [-1.11992, 1.72061, 1.50927, 2.07639, -1.65676, -1.40828, -0.80426], [-1.34208, 1.48242, 1.41854, 2.17809, -1.39317, -1.42019, -0.56823], [-1.56424, 1.24422, 1.32781, 2.2798, -1.12959, -1.4321, -0.33219], [-1.7864, 1.00603, 1.23709, 2.38151, -0.866, -1.44401, -0.09615], [-2.00856, 0.76784, 1.14636, 2.48321, -0.60241, -1.45591, 0.13988], [-2.08783, 0.68285, 1.11398, 2.5195, -0.50836, -1.46016, 0.2241], [-1.99094, 0.35335, 1.04733, 2.30101, -0.44302, -1.22051, 0.35885], [-1.89406, 0.02385, 0.98067, 2.08253, -0.37767, -0.98085, 0.4936], [-1.79717, -0.30565, 0.91401, 1.86404, -0.31232, -0.74119, 0.62835], [-1.70029, -0.63515, 0.84736, 1.64555, -0.24698, -0.50154, 0.76309], [-1.60341, -0.96466, 0.7807, 1.42706, -0.18163, -0.26188, 0.89784], [-1.59337, -0.99878, 0.7738, 1.40443, -0.17486, -0.23706, 0.9118], [-1.76366, -0.95451, 0.96132, 1.22466, 0.10235, -0.40601, 0.69694], [-1.93394, -0.91023, 1.14885, 1.04489, 0.37957, -0.57497, 0.48207], [-2.10422, -0.86595, 1.33638, 0.86512, 0.65678, -0.74392, 0.26721], [-2.27451, -0.82168, 1.5239, 0.68535, 0.934, -0.91288, 0.05235]]
end: [-2.34361, -0.80371000000000004, 1.6000000000000001, 0.61240000000000006, 1.0464899999999999, -0.98143999999999998, -0.034849999999999999]
obtacles: [[[0.6, 0.5, -1.0], [0.9, 0.6, 1.0]], [[0.6, -0.6, -1.0], [0.9, -0.5, 1.0]], [[0.6, -0.6, 0.9], [0.9, 0.6, 1.0]], [[0.6, -0.6, -1.0], [0.9, 0.6, -0.9]], [[0.6, -0.6, 0.5], [0.9, 0.6, 0.6]], [[0.6, -0.6, -0.5], [0.9, 0.6, -0.4]], [[0.6, 0.1, 0.6], [0.9, 0.2, 1.0]], [[0.6, 0.1, -0.5], [0.9, 0.2, 0.6]], [[0.6, -0.3, -1.0], [0.9, -0.2, -0.4]]]
start: [-0.44073000000000001, 1.3771100000000001, 1.75, 0.90159, -1.5268600000000001, -1.3112999999999999, -0.48404999999999998]
tajectories: [[-0.44073, 1.37711, 1.75, 0.90159, -1.52686, -1.3113, -0.48405], [-0.51939, 1.35932, 1.75, 1.27507, -1.42846, -1.36661, -0.78616], [-0.59804, 1.34152, 1.75, 1.64855, -1.33006, -1.42191, -1.08827]]
end: [-0.61195999999999995, 1.3383700000000001, 1.75, 1.7145999999999999, -1.3126599999999999, -1.4316899999999999, -1.1416999999999999]
