obtacles: [[[0.6, 0.5, -1.0], [0.9, 0.6, 1.0]], [[0.6, -0.6, -1.0], [0.9, -0.5, 1.0]], [[0.6, -0.6, 0.9], [0.9, 0.6, 1.0]], [[0.6, -0.6, -1.0], [0.9, 0.6, -0.9]], [[0.6, -0.6, 0.4], [0.9, 0.6, 0.5]], [[0.6, -0.6, -0.6], [0.9, 0.6, -0.5]], [[0.6, 0.1, 0.5], [0.9, 0.2, 1.0]], [[0.6, -0.3, -0.6], [0.9, -0.2, 0.5]], [[0.6, -0.2, -1.0], [0.9, -0.1, -0.5]]]
start: [0.17998, 1.6416200000000001, -0.90000000000000002, -0.42527999999999999, 0.92078000000000004, -1.37825, -0.51551000000000002]
tajectories: [[0.17998, 1.64162, -0.9, -0.42528, 0.92078, -1.37825, -0.51551], [0.26982, 1.57993, -0.92874, -0.25238, 0.86671, -0.99601, -0.2739], [0.35966, 1.51824, -0.95747, -0.07947, 0.81264, -0.61377, -0.0323], [0.4495, 1.45655, -0.98621, 0.09343, 0.75856, -0.23153, 0.2093], [0.53934, 1.39486, -1.01495, 0.26633, 0.70449, 0.15071, 0.4509], [0.62918, 1.33316, -1.04368, 0.43924, 0.65042, 0.53294, 0.6925], [0.71903, 1.27147, -1.07242, 0.61214, 0.59634, 0.91518, 0.9341], [0.79991, 1.21594, -1.09829, 0.7678, 0.54766, 1.25929, 1.15161], [0.65926, 1.39232, -0.68562, 0.70726, 0.39099, 1.27042, 1.12977], [0.51862, 1.5687, -0.27295, 0.64672, 0.23432, 1.28154, 1.10793], [0.37798, 1.74508, 0.13973, 0.58618, 0.07765, 1.29267, 1.0861], [0.36946, 1.75577, 0.16474, 0.58251, 0.06815, 1.29334, 1.08477], [0.37092, 1.6758, 0.26626, 0.96412, -0.16384, 1.1116, 1.05613], [0.37237, 1.59584, 0.36778, 1.34573, -0.39583, 0.92985, 1.02748], [0.37383, 1.51587, 0.4693, 1.72734, -0.62782, 0.74811, 0.99883], [0.37529, 1.43591, 0.57082, 2.10895, -0.8598, 0.56636, 0.97018], [0.37675, 1.35594, 0.67235, 2.49056, -1.09179, 0.38462, 0.94153], [0.37696, 1.34439, 0.68702, 2.54571, -1.12532, 0.35835, 0.93739], [0.05546, 1.17155, 0.42079, 2.59709, -1.30866, 0.45651, 0.93817], [-0.26604, 0.99872, 0.15456, 2.64847, -1.492, 0.55467, 0.93895], [-0.58754, 0.82588, -0.11167, 2.69985, -1.67534, 0.65282, 0.93974], [-0.90904, 0.65305, -0.37789, 2.75123, -1.85868, 0.75098, 0.94052], [-1.20935, 0.4916, -0.62657, 2.79923, -2.02994, 0.84267, 0.94125], [-1.24403, 0.23752, -0.87549, 2.61933, -1.87806, 0.61369, 1.06132], [-1.27872, -0.01657, -1.1244, 2.43943, -1.72617, 0.38471, 1.18139], [-1.31341, -0.27065, -1.37331, 2.25953, -1.57429, 0.15573, 1.30146], [-1.34147, -0.47623, -1.5747, 2.11397, -1.4514, -0.02954, 1.39861], [-1.08869, -0.41721, -1.65052, 2.22277, -1.18948, -0.32288, 1.29673], [-0.8359, -0.35819, -1.72634, 2.33157, -0.92755, -0.61622, 1.19485], [-0.58312, -0.29918, -1.80216, 2.44037, -0.66563, -0.90956, 1.09298], [-0.33033, -0.24016, -1.87798, 2.54916, -0.4037, -1.20289, 0.9911], [-0.18505, -0.20624, -1.92155, 2.61169, -0.25317, -1.37148, 0.93255], [-0.21764, -0.02616, -1.72668, 2.22467, -0.08881, -1.33356, 0.91539], [-0.25022, 0.15392, -1.5318, 1.83765, 0.07555, -1.29565, 0.89823], [-0.2828, 0.334, -1.33693, 1.45063, 0.23992, -1.25773, 0.88108], [-0.31539, 0.51408, -1.14205, 1.06361, 0.40428, -1.21982, 0.86392], [-0.34797, 0.69416, -0.94717, 0.67658, 0.56864, -1.18191, 0.84676]]
end: [-0.35586000000000001, 0.73775000000000002, -0.90000000000000002, 0.58289999999999997, 0.60843000000000003, -1.1727300000000001, 0.84260999999999997]
obtacles: [[[0.6, 0.5, -1.0], [0.9, 0.6, 1.0]], [[0.6, -0.6, -1.0], [0.9, -0.5, 1.0]], [[0.6, -0.6, 0.9], [0.9, 0.6, 1.0]], [[0.6, -0.6, -1.0], [0.9, 0.6, -0.9]], [[0.6, -0.6, 0.4], [0.9, 0.6, 0.5]], [[0.6, -0.6, -0.6], [0.9, 0.6, -0.5]], [[0.6, 0.1, 0.5], [0.9, 0.2, 1.0]], [[0.6, -0.3, -0.6], [0.9, -0.2, 0.5]], [[0.6, -0.2, -1.0], [0.9, -0.1, -0.5]]]
start: [2.4237600000000001, -0.80025000000000002, -1.75, 1.0018199999999999, -0.82235000000000003, -1.2999799999999999, -0.31806000000000001]
tajectories: [[2.42376, -0.80025, -1.75, 1.00182, -0.82235, -1.29998, -0.31806], [2.24428, -0.82315, -1.53202, 1.15271, -1.1282, -1.28784, -0.54891], [2.06479, -0.84604, -1.31404, 1.3036, -1.43404, -1.2757, -0.77976], [1.88531, -0.86894, -1.09605, 1.45449, -1.73988, -1.26356, -1.01061], [1.70583, -0.89184, -0.87807, 1.60538, -2.04573, -1.25142, -1.24145], [1.52635, -0.91473, -0.66009, 1.75627, -2.35157, -1.23928, -1.4723], [1.34687, -0.93763, -0.44211, 1.90716, -2.65741, -1.22714, -1.70315], [1.33222, -0.9395, -0.42431, 1.91948, -2.68238, -1.22615, -1.722], [1.52809, -0.70524, -0.51174, 2.05662, -2.47014, -0.9861, -1.88824], [1.72395, -0.47098, -0.59916, 2.19376, -2.2579, -0.74605, -2.05448], [1.91982, -0.23672, -0.68659, 2.3309, -2.04566, -0.506, -2.22072], [2.11569, -0.00246, -0.77401, 2.46804, -1.83342, -0.26595, -2.38697], [2.31156, 0.2318, -0.86144, 2.60518, -1.62118, -0.02589, -2.55321], [2.46713, 0.41786, -0.93088, 2.71411, -1.4526, 0.16477, -2.68525], [2.20188, 0.65929, -1.06362, 2.48045, -1.41101, 0.38231, -2.6945], [1.93664, 0.90072, -1.19636, 2.2468, -1.36941, 0.59986, -2.70374], [1.67139, 1.14215, -1.3291, 2.01314, -1.32781, 0.8174, -2.71299], [1.40614, 1.38358, -1.46184, 1.77948, -1.28622, 1.03494, -2.72223], [1.1409, 1.62501, -1.59458, 1.54583, -1.24462, 1.25248, -2.73147], [0.87565, 1.86644, -1.72732, 1.31217, -1.20302, 1.47003, -2.74072]]
end: [0.83033000000000001, 1.9076900000000001, -1.75, 1.2722500000000001, -1.1959200000000001, 1.5072000000000001, -2.7423000000000002]
obtacles: [[[0.6, 0.5, -1.0], [0.9, 0.6, 1.0]], [[0.6, -0.6, -1.0], [0.9, -0.5, 1.0]], [[0.6, -0.6, 0.9], [0.9, 0.6, 1.0]], [[0.6, -0.6, -1.0], [0.9, 0.6, -0.9]], [[0.6, -0.6, 0.4], [0.9, 0.6, 0.5]], [[0.6, -0.6, -0.6], [0.9, 0.6, -0.5]], [[0.6, 0.1, 0.5], [0.9, 0.2, 1.0]], [[0.6, -0.3, -0.6], [0.9, -0.2, 0.5]], [[0.6, -0.2, -1.0], [0.9, -0.1, -0.5]]]
start: [1.1137600000000001, 1.9512799999999999, -1.6499999999999999, 1.6275999999999999, -1.1936800000000001, 1.4762299999999999, -2.66107]
tajectories: [[1.11376, 1.95128, -1.65, 1.6276, -1.19368, 1.47623, -2.66107], [1.17475, 1.81731, -1.61035, 1.83288, -0.95361, 1.23778, -2.39625], [1.23574, 1.68335, -1.57071, 2.03816, -0.71354, 0.99933, -2.13142], [1.29673, 1.54938, -1.53106, 2.24344, -0.47347, 0.76089, -1.8666], [1.35772, 1.41542, -1.49141, 2.44872, -0.2334, 0.52244, -1.60178], [1.38745, 1.35011, -1.47209, 2.54879, -0.11638, 0.40621, -1.47269], [1.40354, 0.96668, -1.35686, 2.47239, -0.07397, 0.19956, -1.27494], [1.41963, 0.58325, -1.24162, 2.39599, -0.03157, -0.00709, -1.07719], [1.43572, 0.19982, -1.12639, 2.3196, 0.01083, -0.21374, -0.87945], [1.45182, -0.18361, -1.01116, 2.2432, 0.05323, -0.42039, -0.6817], [1.46576, -0.51588, -0.9113, 2.17699, 0.08998, -0.59947, -0.51033], [1.67578, -0.56689, -1.1749, 1.91267, -0.06053, -0.77836, -0.41399], [1.8858, -0.6179, -1.43851, 1.64835, -0.21103, -0.95726, -0.31765], [2.09582, -0.66891, -1.70211, 1.38403, -0.36154, -1.13615, -0.22132], [2.30584, -0.71992, -1.96571, 1.1197, -0.51204, -1.31505, -0.12498]]
end: [2.4526599999999998, -0.75558000000000003, -2.1499999999999999, 0.93491000000000002, -0.61726000000000003, -1.4401200000000001, -0.057630000000000001]
obtacles: [[[0.6, 0.5, -1.0], [0.9, 0.6, 1.0]], [[0.6, -0.6, -1.0], [0.9, -0.5, 1.0]], [[0.6, -0.6, 0.9], [0.9, 0.6, 1.0]], [[0.6, -0.6, -1.0], [0.9, 0.6, -0.9]], [[0.6, -0.6, 0.4], [0.9, 0.6, 0.5]], [[0.6, -0.6, -0.6], [0.9, 0.6, -0.5]], [[0.6, 0.1, 0.5], [0.9, 0.2, 1.0]], [[0.6, -0.3, -0.6], [0.9, -0.2, 0.5]], [[0.6, -0.2, -1.0], [0.9, -0.1, -0.5]]]
start: [0.092230000000000006, 1.72492, -2.1499999999999999, 0.92813999999999997, -1.0752200000000001, 1.22285, -2.4405600000000001]
tajectories: [[0.09223, 1.72492, -2.15, 0.92814, -1.07522, 1.22285, -2.44056], [0.28101, 1.84105, -1.99942, 1.29774, -1.13581, 1.25011, -2.24772]]
end: [0.46834999999999999, 1.9562900000000001, -1.8500000000000001, 1.6645000000000001, -1.19594, 1.2771699999999999, -2.0563500000000001]
obtacles: [[[0.6, 0.5, -1.0], [0.9, 0.6, 1.0]], [[0.6, -0.6, -1.0], [0.9, -0.5, 1.0]], [[0.6, -0.6, 0.9], [0.9, 0.6, 1.0]], [[0.6, -0.6, -1.0], [0.9, 0.6, -0.9]], [[0.6, -0.6, 0.4], [0.9, 0.6, 0.5]], [[0.6, -0.6, -0.6], [0.9, 0.6, -0.5]], [[0.6, 0.1, 0.5], [0.9, 0.2, 1.0]], [[0.6, -0.3, -0.6], [0.9, -0.2, 0.5]], [[0.6, -0.2, -1.0], [0.9, -0.1, -0.5]]]
start: [0.28162999999999999, 0.80722000000000005, -1.8500000000000001, 0.70679000000000003, -1.9757899999999999, 0.85643000000000002, -2.45078]
tajectories: [[0.28163, 0.80722, -1.85, 0.70679, -1.97579, 0.85643, -2.45078], [0.25115, 0.83685, -1.89804, 0.93468, -1.64903, 0.56416, -2.40887], [0.22066, 0.86649, -1.94608, 1.16257, -1.32227, 0.27188, -2.36697], [0.19018, 0.89612, -1.99412, 1.39045, -0.99551, -0.02039, -2.32506], [0.1597, 0.92576, -2.04216, 1.61834, -0.66875, -0.31267, -2.28315], [0.12921, 0.95539, -2.0902, 1.84623, -0.34199, -0.60494, -2.24125], [0.1, 0.98379, -2.13623, 2.06458, -0.02889, -0.88499, -2.20109], [0.05963, 0.94758, -1.91578, 2.14501, -0.33256, -0.8024, -1.89621], [0.01926, 0.91138, -1.69533, 2.22544, -0.63623, -0.71981, -1.59132], [-0.02112, 0.87517, -1.47488, 2.30586, -0.9399, -0.63722, -1.28644], [-0.06149, 0.83897, -1.25443, 2.38629, -1.24358, -0.55463, -0.98155], [-0.10186, 0.80277, -1.03398, 2.46672, -1.54725, -0.47205, -0.67666], [-0.14224, 0.76656, -0.81353, 2.54714, -1.85092, -0.38946, -0.37178], [-0.17893, 0.73366, -0.61318, 2.62024, -2.1269, -0.3144, -0.09469], [-0.03268, 0.92388, -0.49152, 2.4223, -2.24972, -0.28512, 0.25531], [0.11357, 1.11411, -0.36985, 2.22435, -2.37253, -0.25585, 0.60532], [0.25983, 1.30433, -0.24819, 2.02641, -2.49535, -0.22657, 0.95532], [0.40608, 1.49455, -0.12652, 1.82847, -2.61816, -0.1973, 1.30532], [0.4582, 1.56234, -0.08316, 1.75793, -2.66193, -0.18687, 1.43005], [0.57479, 1.48131, -0.33098, 1.91287, -2.74558, -0.12597, 1.06437], [0.69138, 1.40027, -0.5788, 2.0678, -2.82923, -0.06507, 0.6987], [0.78493, 1.33525, -0.77763, 2.19211, -2.89634, -0.01622, 0.40532], [0.83704, 1.4604, -1.06804, 2.02349, -3.15265, -0.23584, 0.33514], [0.88915, 1.58555, -1.35845, 1.85488, -3.40896, -0.45545, 0.26497], [0.94126, 1.7107, -1.64886, 1.68627, -3.66527, -0.67507, 0.19479], [0.99338, 1.83585, -1.93928, 1.51766, -3.92158, -0.89469, 0.12462]]
end: [1.04016, 1.94821, -2.2000000000000002, 1.3662799999999999, -4.1516900000000003, -1.0918600000000001, 0.061620000000000001]
obtacles: [[[0.6, 0.5, -1.0], [0.9, 0.6, 1.0]], [[0.6, -0.6, -1.0], [0.9, -0.5, 1.0]], [[0.6, -0.6, 0.9], [0.9, 0.6, 1.0]], [[0.6, -0.6, -1.0], [0.9, 0.6, -0.9]], [[0.6, -0.6, 0.4], [0.9, 0.6, 0.5]], [[0.6, -0.6, -0.6], [0.9, 0.6, -0.5]], [[0.6, 0.1, 0.5], [0.9, 0.2, 1.0]], [[0.6, -0.3, -0.6], [0.9, -0.2, 0.5]], [[0.6, -0.2, -1.0], [0.9, -0.1, -0.5]]]
start: [-0.11387, 0.85851, -1.8, 0.74438000000000004, -1.9761899999999999, 0.93078000000000005, -2.0617399999999999]
tajectories: [[-0.11387, 0.85851, -1.8, 0.74438, -1.97619, 0.93078, -2.06174], [-0.23625, 0.72672, -1.75995, 1.16584, -1.814, 0.88142, -1.96333], [-0.35863, 0.59494, -1.71991, 1.5873, -1.65181, 0.83206, -1.86491], [-0.48101, 0.46315, -1.67986, 2.00875, -1.48962, 0.7827, -1.7665], [-0.51216, 0.42961, -1.66967, 2.11602, -1.44834, 0.77014, -1.74145], [-0.20361, 0.55528, -1.78058, 2.24575, -1.50815, 0.94906, -1.46889], [0.10493, 0.68094, -1.89149, 2.37548, -1.56796, 1.12797, -1.19632], [0.28307, 0.75349, -1.95552, 2.45037, -1.60249, 1.23126, -1.03896], [0.41174, 1.10814, -1.79035, 2.62008, -1.53576, 1.22593, -1.25601], [0.54042, 1.46278, -1.62519, 2.78978, -1.46904, 1.22061, -1.47306], [0.6691, 1.81742, -1.46002, 2.95949, -1.40231, 1.21528, -1.6901], [0.69273, 1.88256, -1.42968, 2.99066, -1.39005, 1.2143, -1.72997], [0.79367, 1.88208, -1.52617, 2.59259, -1.42937, 1.21001, -1.99545], [0.89461, 1.88159, -1.62266, 2.19453, -1.4687, 1.20572, -2.26093], [0.99555, 1.88111, -1.71915, 1.79646, -1.50802, 1.20143, -2.52641], [1.01359, 1.88102, -1.73639, 1.72535, -1.51504, 1.20066, -2.57384], [1.12095, 1.96573, -1.79783, 1.55139, -1.17059, 1.36419, -2.80159]]
end: [1.1247400000000001, 1.96872, -1.8, 1.54525, -1.15842, 1.3699699999999999, -2.8096399999999999]
obtacles: [[[0.6, 0.5, -1.0], [0.9, 0.6, 1.0]], [[0.6, -0.6, -1.0], [0.9, -0.5, 1.0]], [[0.6, -0.6, 0.9], [0.9, 0.6, 1.0]], [[0.6, -0.6, -1.0], [0.9, 0.6, -0.9]], [[0.6, -0.6, 0.4], [0.9, 0.6, 0.5]], [[0.6, -0.6, -0.6], [0.9, 0.6, -0.5]], [[0.6, 0.1, 0.5], [0.9, 0.2, 1.0]], [[0.6, -0.3, -0.6], [0.9, -0.2, 0.5]], [[0.6, -0.2, -1.0], [0.9, -0.1, -0.5]]]
start: [0.79298000000000002, 1.83768, -1.8500000000000001, 1.92727, -4.5474100000000002, -1.22265, 1.06749]
tajectories: [[0.79298, 1.83768, -1.85, 1.92727, -4.54741, -1.22265, 1.06749], [0.73873, 1.84505, -1.93572, 1.57613, -4.41955, -1.30573, 0.76236], [0.68447, 1.85242, -2.02144, 1.22499, -4.29169, -1.38882, 0.45723], [0.63021, 1.85978, -2.10717, 0.87385, -4.16383, -1.4719, 0.1521], [0.57595, 1.86715, -2.19289, 0.52271, -4.03597, -1.55498, -0.15303]]
end: [0.57145000000000001, 1.8677600000000001, -2.2000000000000002, 0.49358000000000002, -4.0253699999999997, -1.5618700000000001, -0.17834]
obtacles: [[[0.6, 0.5, -1.0], [0.9, 0.6, 1.0]], [[0.6, -0.6, -1.0], [0.9, -0.5, 1.0]], [[0.6, -0.6, 0.9], [0.9, 0.6, 1.0]], [[0.6, -0.6, -1.0], [0.9, 0.6, -0.9]], [[0.6, -0.6, 0.4], [0.9, 0.6, 0.5]], [[0.6, -0.6, -0.6], [0.9, 0.6, -0.5]], [[0.6, 0.1, 0.5], [0.9, 0.2, 1.0]], [[0.6, -0.3, -0.6], [0.9, -0.2, 0.5]], [[0.6, -0.2, -1.0], [0.9, -0.1, -0.5]]]
start: [0.90171000000000001, 1.9676199999999999, -1.8500000000000001, 1.55985, -4.2986800000000001, -1.31819, 0.54837000000000002]
tajectories: [[0.90171, 1.96762, -1.85, 1.55985, -4.29868, -1.31819, 0.54837], [0.94091, 1.6165, -1.56267, 1.59664, -4.10156, -1.33935, 0.50404], [0.9801, 1.26538, -1.27534, 1.63343, -3.90445, -1.36051, 0.45972], [1.01929, 0.91427, -0.98801, 1.67023, -3.70733, -1.38167, 0.4154], [1.05848, 0.56315, -0.70067, 1.70702, -3.51021, -1.40283, 0.37107], [1.09768, 0.21203, -0.41334, 1.74381, -3.31309, -1.42399, 0.32675], [1.13687, -0.13908, -0.12601, 1.7806, -3.11597, -1.44516, 0.28243], [1.17606, -0.4902, 0.16132, 1.8174, -2.91886, -1.46632, 0.2381], [1.17957, -0.52164, 0.18705, 1.82069, -2.9012, -1.46821, 0.23413], [0.94042, -0.49264, 0.23925, 1.81626, -2.6906, -1.13429, 0.05149], [0.70126, -0.46363, 0.29144, 1.81182, -2.47999, -0.80036, -0.13115], [0.4621, -0.43462, 0.34364, 1.80738, -2.26938, -0.46643, -0.31379], [0.22295, -0.40562, 0.39583, 1.80295, -2.05878, -0.13251, -0.49643], [-0.01621, -0.37661, 0.44803, 1.79851, -1.84817, 0.20142, -0.67907], [-0.25536, -0.3476, 0.50022, 1.79408, -1.63757, 0.53534, -0.86171], [-0.31592, -0.34026, 0.51344, 1.79295, -1.58424, 0.6199, -0.90796], [-0.24228, -0.15239, 0.13003, 1.65927, -1.67456, 0.67912, -1.08891], [-0.16864, 0.03548, -0.25338, 1.5256, -1.76488, 0.73834, -1.26986], [-0.09499, 0.22335, -0.63679, 1.39192, -1.85521, 0.79755, -1.45081], [-0.02135, 0.41122, -1.0202, 1.25824, -1.94553, 0.85677, -1.63176], [0.0523, 0.59909, -1.40361, 1.12456, -2.03586, 0.91599, -1.81271], [0.12594, 0.78696, -1.78702, 0.99088, -2.12618, 0.97521, -1.99365]]
end: [0.13804, 0.81781999999999999, -1.8500000000000001, 0.96892, -2.1410200000000001, 0.98494000000000004, -2.0233699999999999]
obtacles: [[[0.6, 0.5, -1.0], [0.9, 0.6, 1.0]], [[0.6, -0.6, -1.0], [0.9, -0.5, 1.0]], [[0.6, -0.6, 0.9], [0.9, 0.6, 1.0]], [[0.6, -0.6, -1.0], [0.9, 0.6, -0.9]], [[0.6, -0.6, 0.4], [0.9, 0.6, 0.5]], [[0.6, -0.6, -0.6], [0.9, 0.6, -0.5]], [[0.6, 0.1, 0.5], [0.9, 0.2, 1.0]], [[0.6, -0.3, -0.6], [0.9, -0.2, 0.5]], [[0.6, -0.2, -1.0], [0.9, -0.1, -0.5]]]
start: [0.34715000000000001, 1.90178, -1.7, 1.52834, -1.2325900000000001, 1.4626399999999999, -2.0005000000000002]
tajectories: [[0.34715, 1.90178, -1.7, 1.52834, -1.23259, 1.46264, -2.0005], [0.63808, 1.90805, -1.89188, 1.72391, -1.4432, 1.25672, -2.05963], [0.92902, 1.91431, -2.08376, 1.91948, -1.65381, 1.05081, -2.11877], [1.21995, 1.92058, -2.27564, 2.11505, -1.86441, 0.8449, -2.1779], [1.51088, 1.92685, -2.46752, 2.31063, -2.07502, 0.63898, -2.23703], [1.79207, 1.9329, -2.65297, 2.49965, -2.27857, 0.43996, -2.29419], [1.78062, 1.64435, -2.61868, 2.1634, -2.15626, 0.32994, -2.13512], [1.76916, 1.3558, -2.58439, 1.82715, -2.03395, 0.21991, -1.97605], [1.75771, 1.06726, -2.55011, 1.4909, -1.91164, 0.10988, -1.81698], [1.74626, 0.77871, -2.51582, 1.15465, -1.78933, -0.00015, -1.65791], [1.7348, 0.49016, -2.48153, 0.8184, -1.66702, -0.11018, -1.49884], [1.72428, 0.22498, -2.45002, 0.50939, -1.55462, -0.21129, -1.35266], [1.60684, 0.31988, -2.36018, 0.33608, -1.73061, -0.03891, -0.99432], [1.4894, 0.41478, -2.27034, 0.16276, -1.9066, 0.13348, -0.63599], [1.37196, 0.50968, -2.1805, -0.01056, -2.08258, 0.30586, -0.27766], [1.25452, 0.60458, -2.09065, -0.18388, -2.25857, 0.47825, 0.08068], [1.2416, 0.61503, -2.08077, -0.20295, -2.27794, 0.49722, 0.12011], [1.08438, 0.6638, -2.00964, -0.232, -2.07212, 0.58567, 0.52853], [0.92716, 0.71258, -1.9385, -0.26106, -1.86629, 0.67413, 0.93696], [0.76994, 0.76136, -1.86737, -0.29011, -1.66047, 0.76259, 1.34538], [0.61273, 0.81014, -1.79624, -0.31917, -1.45465, 0.85105, 1.75381], [0.45551, 0.85892, -1.72511, -0.34823, -1.24883, 0.9395, 2.16224]]
end: [0.40000999999999998, 0.87614000000000003, -1.7, -0.35848000000000002, -1.1761900000000001, 0.97072999999999998, 2.3063899999999999]
obtacles: [[[0.6, 0.5, -1.0], [0.9, 0.6, 1.0]], [[0.6, -0.6, -1.0], [0.9, -0.5, 1.0]], [[0.6, -0.6, 0.9], [0.9, 0.6, 1.0]], [[0.6, -0.6, -1.0], [0.9, 0.6, -0.9]], [[0.6, -0.6, 0.4], [0.9, 0.6, 0.5]], [[0.6, -0.6, -0.6], [0.9, 0.6, -0.5]], [[0.6, 0.1, 0.5], [0.9, 0.2, 1.0]], [[0.6, -0.3, -0.6], [0.9, -0.2, 0.5]], [[0.6, -0.2, -1.0], [0.9, -0.1, -0.5]]]
start: [0.98446999999999996, 0.95481000000000005, -1.8500000000000001, 0.97874000000000005, -1.9945200000000001, 1.03668, -2.94042]
tajectories: [[0.98447, 0.95481, -1.85, 0.97874, -1.99452, 1.03668, -2.94042], [1.3691, 0.83689, -2.04269, 1.16716, -1.97565, 1.10039, -2.83503], [1.75373, 0.71898, -2.23539, 1.35558, -1.95677, 1.1641, -2.72964], [2.13836, 0.60106, -2.42808, 1.54399, -1.93789, 1.22781, -2.62426], [2.523, 0.48314, -2.62077, 1.73241, -1.91902, 1.29152, -2.51887], [2.56887, 0.46907, -2.64376, 1.75489, -1.91676, 1.29912, -2.5063], [2.3732, 0.52771, -2.47733, 2.10908, -1.74246, 1.32489, -2.66147], [2.17753, 0.58636, -2.31091, 2.46327, -1.56816, 1.35065, -2.81664], [1.98279, 0.64472, -2.14527, 2.81578, -1.39469, 1.3763, -2.97108], [1.76645, 0.80261, -1.91327, 2.66916, -1.36422, 1.20569, -2.70106], [1.5501, 0.9605, -1.68127, 2.52253, -1.33374, 1.03509, -2.43105], [1.33376, 1.11839, -1.44927, 2.37591, -1.30327, 0.86448, -2.16103], [1.11742, 1.27628, -1.21727, 2.22928, -1.2728, 0.69388, -1.89101], [1.05807, 1.31959, -1.15362, 2.18906, -1.26444, 0.64708, -1.81694], [0.83617, 1.47426, -1.34289, 1.91231, -1.23804, 0.8656, -1.94332], [0.61426, 1.62893, -1.53216, 1.63556, -1.21164, 1.08413, -2.06971], [0.39236, 1.7836, -1.72143, 1.35881, -1.18525, 1.30265, -2.1961]]
end: [0.24162, 1.88866, -1.8500000000000001, 1.1708000000000001, -1.1673199999999999, 1.4511000000000001, -2.2819500000000001]
obtacles: [[[0.6, 0.5, -1.0], [0.9, 0.6, 1.0]], [[0.6, -0.6, -1.0], [0.9, -0.5, 1.0]], [[0.6, -0.6, 0.9], [0.9, 0.6, 1.0]], [[0.6, -0.6, -1.0], [0.9, 0.6, -0.9]], [[0.6, -0.6, 0.4], [0.9, 0.6, 0.5]], [[0.6, -0.6, -0.6], [0.9, 0.6, -0.5]], [[0.6, 0.1, 0.5], [0.9, 0.2, 1.0]], [[0.6, -0.3, -0.6], [0.9, -0.2, 0.5]], [[0.6, -0.2, -1.0], [0.9, -0.1, -0.5]]]
start: [0.59511000000000003, 1.6675599999999999, -1.6499999999999999, 0.96299000000000001, -4.5877800000000004, -1.56132, 0.36345]
tajectories: [[0.59511, 1.66756, -1.65, 0.96299, -4.58778, -1.56132, 0.36345], [0.71549, 1.48376, -1.45738, 1.12853, -4.33893, -1.38208, 0.57121], [0.83588, 1.29996, -1.26476, 1.29408, -4.09009, -1.20283, 0.77897], [0.95627, 1.11616, -1.07214, 1.45962, -3.84125, -1.02358, 0.98673], [1.07665, 0.93236, -0.87953, 1.62517, -3.59241, -0.84433, 1.19449], [1.19704, 0.74855, -0.68691, 1.79071, -3.34356, -0.66508, 1.40225], [1.31742, 0.56475, -0.49429, 1.95626, -3.09472, -0.48583, 1.61001], [1.37751, 0.47301, -0.39815, 2.03889, -2.97052, -0.39637, 1.71371], [1.2676, 0.50887, -0.76588, 2.10968, -2.79568, -0.20588, 1.54183], [1.15768, 0.54473, -1.13361, 2.18047, -2.62084, -0.0154, 1.36994], [1.04777, 0.58059, -1.50134, 2.25126, -2.446, 0.17508, 1.19806], [0.93786, 0.61645, -1.86907, 2.32205, -2.27116, 0.36557, 1.02617], [0.82795, 0.6523, -2.2368, 2.39285, -2.09632, 0.55605, 0.85428], [0.74258, 0.68016, -2.52241, 2.44783, -1.96053, 0.704, 0.72078], [0.59465, 0.70754, -2.40482, 2.19016, -1.95368, 0.73796, 0.33875], [0.44673, 0.73492, -2.28724, 1.9325, -1.94684, 0.77193, -0.04329], [0.2988, 0.7623, -2.16965, 1.67484, -1.93999, 0.8059, -0.42532], [0.15088, 0.78968, -2.05206, 1.41717, -1.93315, 0.83986, -0.80736], [0.00295, 0.81706, -1.93447, 1.15951, -1.9263, 0.87383, -1.18939], [-0.14497, 0.84444, -1.81689, 0.90184, -1.91945, 0.9078, -1.57142], [-0.2929, 0.87182, -1.6993, 0.64418, -1.91261, 0.94176, -1.95346]]
end: [-0.35491, 0.88329999999999997, -1.6499999999999999, 0.53615000000000002, -1.90974, 0.95599999999999996, -2.1136200000000001]
obtacles: [[[0.6, 0.5, -1.0], [0.9, 0.6, 1.0]], [[0.6, -0.6, -1.0], [0.9, -0.5, 1.0]], [[0.6, -0.6, 0.9], [0.9, 0.6, 1.0]], [[0.6, -0.6, -1.0], [0.9, 0.6, -0.9]], [[0.6, -0.6, 0.4], [0.9, 0.6, 0.5]], [[0.6, -0.6, -0.6], [0.9, 0.6, -0.5]], [[0.6, 0.1, 0.5], [0.9, 0.2, 1.0]], [[0.6, -0.3, -0.6], [0.9, -0.2, 0.5]], [[0.6, -0.2, -1.0], [0.9, -0.1, -0.5]]]
start: [0.75119000000000002, 1.9610300000000001, -1.6499999999999999, 1.4235599999999999, -1.17334, 1.5542199999999999, -2.4882200000000001]
tajectories: [[0.75119, 1.96103, -1.65, 1.42356, -1.17334, 1.55422, -2.48822], [0.73367, 1.76135, -1.4228, 1.65879, -1.45397, 1.44684, -2.37603], [0.71615, 1.56168, -1.19559, 1.89402, -1.7346, 1.33946, -2.26384], [0.69864, 1.36201, -0.96839, 2.12926, -2.01523, 1.23208, -2.15166], [0.68112, 1.16234, -0.74119, 2.36449, -2.29586, 1.1247, -2.03947], [0.66361, 0.96267, -0.51398, 2.59972, -2.57649, 1.01732, -1.92729], [0.64609, 0.763, -0.28678, 2.83495, -2.85713, 0.90994, -1.8151], [0.62857, 0.56333, -0.05957, 3.07018, -3.13776, 0.80256, -1.70292], [0.62642, 0.53883, -0.03169, 3.09905, -3.1722, 0.78939, -1.68915], [0.6013, 0.26606, -0.23226, 3.10477, -3.35053, 0.77656, -2.00967], [0.57862, 0.01981, -0.41334, 3.10993, -3.51153, 0.76498, -2.29904], [0.31509, 0.06165, -0.65089, 2.78008, -3.5561, 0.65994, -2.32245], [0.05155, 0.10349, -0.88844, 2.45023, -3.60067, 0.55491, -2.34586], [-0.21199, 0.14533, -1.12599, 2.12039, -3.64524, 0.44987, -2.36927], [-0.47553, 0.18717, -1.36354, 1.79054, -3.68981, 0.34483, -2.39267], [-0.72458, 0.22671, -1.58803, 1.47882, -3.73193, 0.24557, -2.41479], [-0.48105, 0.35264, -1.60189, 1.33269, -3.38167, 0.41999, -2.42861], [-0.23752, 0.47856, -1.61575, 1.18657, -3.03142, 0.59441, -2.44242], [0.00601, 0.60448, -1.62961, 1.04045, -2.68116, 0.76883, -2.45624], [0.24954, 0.7304, -1.64347, 0.89433, -2.33091, 0.94325, -2.47005]]
end: [0.36423, 0.78969999999999996, -1.6499999999999999, 0.82550999999999997, -2.1659600000000001, 1.02539, -2.4765600000000001]
obtacles: [[[0.6, 0.5, -1.0], [0.9, 0.6, 1.0]], [[0.6, -0.6, -1.0], [0.9, -0.5, 1.0]], [[0.6, -0.6, 0.9], [0.9, 0.6, 1.0]], [[0.6, -0.6, -1.0], [0.9, 0.6, -0.9]], [[0.6, -0.6, 0.4], [0.9, 0.6, 0.5]], [[0.6, -0.6, -0.6], [0.9, 0.6, -0.5]], [[0.6, 0.1, 0.5], [0.9, 0.2, 1.0]], [[0.6, -0.3, -0.6], [0.9, -0.2, 0.5]], [[0.6, -0.2, -1.0], [0.9, -0.1, -0.5]]]
start: [0.81554000000000004, 0.90986, -1.6499999999999999, 0.89456000000000002, -2.0802999999999998, 1.1230899999999999, -2.9169499999999999]
tajectories: [[0.81554, 0.90986, -1.65, 0.89456, -2.0803, 1.12309, -2.91695], [1.15448, 0.83782, -1.8316, 0.77088, -1.83435, 0.97766, -2.9204], [1.49342, 0.76578, -2.0132, 0.64721, -1.58839, 0.83223, -2.92384], [1.83235, 0.69373, -2.1948, 0.52353, -1.34243, 0.6868, -2.92729], [2.04161, 0.64925, -2.30692, 0.44717, -1.19058, 0.59701, -2.92941], [1.91399, 0.9755, -2.21088, 0.76325, -1.07322, 0.64123, -2.88028], [1.78636, 1.30175, -2.11484, 1.07933, -0.95585, 0.68545, -2.83115], [1.67545, 1.58528, -2.03137, 1.35402, -0.85386, 0.72388, -2.78845], [1.70594, 1.572, -1.91102, 1.76271, -0.80826, 0.92967, -2.63696], [1.73644, 1.55871, -1.79067, 2.17141, -0.76266, 1.13545, -2.48547], [1.7601, 1.5484, -1.69728, 2.48857, -0.72727, 1.29514, -2.36791], [1.37929, 1.65956, -1.64232, 2.33108, -0.85707, 1.35375, -2.1569], [0.99848, 1.77072, -1.58737, 2.17359, -0.98686, 1.41236, -1.94589], [0.61767, 1.88187, -1.53241, 2.01611, -1.11665, 1.47097, -1.73488]]
end: [0.39307999999999998, 1.94743, -1.5, 1.9232199999999999, -1.1932100000000001, 1.50553, -1.61042]
obtacles: [[[0.6, 0.5, -1.0], [0.9, 0.6, 1.0]], [[0.6, -0.6, -1.0], [0.9, -0.5, 1.0]], [[0.6, -0.6, 0.9], [0.9, 0.6, 1.0]], [[0.6, -0.6, -1.0], [0.9, 0.6, -0.9]], [[0.6, -0.6, 0.4], [0.9, 0.6, 0.5]], [[0.6, -0.6, -0.6], [0.9, 0.6, -0.5]], [[0.6, 0.1, 0.5], [0.9, 0.2, 1.0]], [[0.6, -0.3, -0.6], [0.9, -0.2, 0.5]], [[0.6, -0.2, -1.0], [0.9, -0.1, -0.5]]]
start: [0.32780999999999999, 1.67984, -0.25, -0.42381000000000002, 0.26047999999999999, -1.26936, -0.43456]
tajectories: [[0.32781, 1.67984, -0.25, -0.42381, 0.26048, -1.26936, -0.43456], [0.35032, 1.65645, -0.38096, -0.17155, 0.27336, -1.19735, -0.03106], [0.37282, 1.63305, -0.51191, 0.0807, 0.28623, -1.12533, 0.37244], [0.39533, 1.60966, -0.64287, 0.33296, 0.2991, -1.05332, 0.77594], [0.41783, 1.58627, -0.77382, 0.58522, 0.31198, -0.98131, 1.17944], [0.44034, 1.56288, -0.90478, 0.83748, 0.32485, -0.90929, 1.58294], [0.45149, 1.55129, -0.96968, 0.9625, 0.33123, -0.8736, 1.78291], [0.55766, 1.54147, -1.09368, 1.3545, 0.08294, -0.87572, 1.69382], [0.66382, 1.53165, -1.21768, 1.74651, -0.16534, -0.87785, 1.60474], [0.76999, 1.52183, -1.34169, 2.13851, -0.41363, -0.87997, 1.51565], [0.87615, 1.512, -1.46569, 2.53051, -0.66192, -0.88209, 1.42656], [0.87848, 1.51179, -1.46841, 2.5391, -0.66736, -0.88214, 1.42461], [0.7464, 1.2815, -1.64897, 2.59291, -0.40622, -1.01425, 1.66622], [0.61432, 1.05122, -1.82953, 2.64672, -0.14508, -1.14636, 1.90784], [0.48223, 0.82094, -2.0101, 2.70053, 0.11606, -1.27847, 2.14945], [0.35015, 0.59065, -2.19066, 2.75434, 0.3772, -1.41058, 2.39106], [0.30205, 0.50678, -2.25643, 2.77394, 0.47231, -1.4587, 2.47906], [0.27862, 0.41923, -2.05938, 2.37648, 0.42395, -1.28489, 2.36754], [0.25519, 0.33169, -1.86232, 1.97903, 0.37559, -1.11107, 2.25601], [0.23176, 0.24415, -1.66527, 1.58158, 0.32723, -0.93726, 2.14448], [0.21689, 0.18857, -1.54016, 1.32923, 0.29653, -0.8269, 2.07368], [0.04821, 0.29797, -1.25207, 1.21953, 0.26521, -0.97763, 1.77227], [-0.12046, 0.40737, -0.96398, 1.10983, 0.23389, -1.12836, 1.47086], [-0.28914, 0.51677, -0.67588, 1.00013, 0.20258, -1.2791, 1.16945], [-0.45782, 0.62617, -0.38779, 0.89043, 0.17126, -1.42983, 0.86804]]
end: [-0.53849000000000002, 0.67849000000000004, -0.25, 0.83796000000000004, 0.15628, -1.5019199999999999, 0.72387999999999997]
obtacles: [[[0.6, 0.5, -1.0], [0.9, 0.6, 1.0]], [[0.6, -0.6, -1.0], [0.9, -0.5, 1.0]], [[0.6, -0.6, 0.9], [0.9, 0.6, 1.0]], [[0.6, -0.6, -1.0], [0.9, 0.6, -0.9]], [[0.6, -0.6, 0.4], [0.9, 0.6, 0.5]], [[0.6, -0.6, -0.6], [0.9, 0.6, -0.5]], [[0.6, 0.1, 0.5], [0.9, 0.2, 1.0]], [[0.6, -0.3, -0.6], [0.9, -0.2, 0.5]], [[0.6, -0.2, -1.0], [0.9, -0.1, -0.5]]]
start: [0.0253, 0.54745999999999995, -0.65000000000000002, 1.11497, 0.32046999999999998, -1.5669999999999999, 0.54918]
tajectories: [[0.0253, 0.54746, -0.65, 1.11497, 0.32047, -1.567, 0.54918], [-0.19992, 0.24767, -0.69594, 1.24737, 0.42121, -1.28489, 0.55486], [-0.42515, -0.05211, -0.74187, 1.37978, 0.52194, -1.00279, 0.56055], [-0.65037, -0.35189, -0.78781, 1.51218, 0.62268, -0.72068, 0.56623], [-0.8756, -0.65168, -0.83375, 1.64458, 0.72342, -0.43858, 0.57191], [-1.10082, -0.95146, -0.87969, 1.77698, 0.82415, -0.15647, 0.5776], [-1.32605, -1.25124, -0.92562, 1.90938, 0.92489, 0.12563, 0.58328], [-1.47741, -1.45271, -0.95649, 1.99836, 0.99259, 0.31523, 0.5871], [-1.28179, -1.42192, -0.80944, 2.12129, 0.59986, 0.34948, 0.45058], [-1.08618, -1.39113, -0.66238, 2.24422, 0.20713, 0.38374, 0.31407], [-0.89056, -1.36033, -0.51532, 2.36715, -0.18559, 0.418, 0.17755], [-0.69494, -1.32954, -0.36826, 2.49008, -0.57832, 0.45226, 0.04103], [-0.49932, -1.29875, -0.2212, 2.61302, -0.97105, 0.48652, -0.09549], [-0.30371, -1.26796, -0.07414, 2.73595, -1.36378, 0.52078, -0.23201], [-0.10809, -1.23716, 0.07292, 2.85888, -1.75651, 0.55504, -0.36853], [-0.08666, -1.23379, 0.08903, 2.87235, -1.79953, 0.55879, -0.38348], [0.13386, -0.90053, 0.12281, 2.83514, -1.98272, 0.69147, -0.57485], [0.35437, -0.56727, 0.15659, 2.79794, -2.16591, 0.82416, -0.76622], [0.57489, -0.23401, 0.19037, 2.76073, -2.3491, 0.95684, -0.95759], [0.7954, 0.09925, 0.22415, 2.72353, -2.53229, 1.08953, -1.14896], [0.86864, 0.20993, 0.23536, 2.71117, -2.59313, 1.13359, -1.21252], [0.89035, 0.44625, -0.02774, 2.52414, -2.40281, 1.19342, -1.4354], [0.91206, 0.68258, -0.29084, 2.33711, -2.21249, 1.25325, -1.65828], [0.93377, 0.9189, -0.55394, 2.15007, -2.02217, 1.31308, -1.88116], [0.95548, 1.15523, -0.81704, 1.96304, -1.83186, 1.37291, -2.10404], [0.9772, 1.39155, -1.08014, 1.77601, -1.64154, 1.43275, -2.32692], [0.99891, 1.62787, -1.34324, 1.58898, -1.45122, 1.49258, -2.5498], [1.02062, 1.8642, -1.60634, 1.40194, -1.2609, 1.55241, -2.77268]]
end: [1.0242199999999999, 1.9034199999999999, -1.6499999999999999, 1.3709100000000001, -1.22932, 1.5623400000000001, -2.8096700000000001]
obtacles: [[[0.6, 0.5, -1.0], [0.9, 0.6, 1.0]], [[0.6, -0.6, -1.0], [0.9, -0.5, 1.0]], [[0.6, -0.6, 0.9], [0.9, 0.6, 1.0]], [[0.6, -0.6, -1.0], [0.9, 0.6, -0.9]], [[0.6, -0.6, 0.4], [0.9, 0.6, 0.5]], [[0.6, -0.6, -0.6], [0.9, 0.6, -0.5]], [[0.6, 0.1, 0.5], [0.9, 0.2, 1.0]], [[0.6, -0.3, -0.6], [0.9, -0.2, 0.5]], [[0.6, -0.2, -1.0], [0.9, -0.1, -0.5]]]
start: [1.07402, 1.5616000000000001, -1.6499999999999999, 1.8419099999999999, -1.60093, 1.4969699999999999, -2.37222]
tajectories: [[1.07402, 1.5616, -1.65, 1.84191, -1.60093, 1.49697, -2.37222], [1.0182, 1.33923, -1.43494, 2.01744, -1.80593, 1.38046, -2.11771], [0.96238, 1.11686, -1.21989, 2.19298, -2.01093, 1.26396, -1.86319], [0.90656, 0.89449, -1.00483, 2.36852, -2.21593, 1.14746, -1.60868], [0.85074, 0.67212, -0.78978, 2.54405, -2.42093, 1.03096, -1.35416], [0.79492, 0.44976, -0.57472, 2.71959, -2.62593, 0.91446, -1.09965], [0.7391, 0.22739, -0.35967, 2.89512, -2.83093, 0.79796, -0.84513], [0.68328, 0.00502, -0.14461, 3.07066, -3.03592, 0.68146, -0.59062], [0.66935, -0.05047, -0.09095, 3.11446, -3.08708, 0.65239, -0.52711], [0.41762, -0.32007, -0.25135, 2.89493, -2.95191, 0.66708, -0.67386], [0.16589, -0.58968, -0.41175, 2.6754, -2.81675, 0.68178, -0.82061], [-0.08584, -0.85928, -0.57216, 2.45586, -2.68158, 0.69647, -0.96736], [-0.33757, -1.12889, -0.73256, 2.23633, -2.54641, 0.71117, -1.11411], [-0.5893, -1.39849, -0.89296, 2.01679, -2.41125, 0.72586, -1.26085], [-0.61167, -1.42244, -0.90722, 1.99729, -2.39924, 0.72717, -1.27389], [-0.4198, -1.09856, -1.03123, 1.94052, -2.20607, 0.54741, -1.41554], [-0.22793, -0.77469, -1.15524, 1.88376, -2.0129, 0.36766, -1.55718], [-0.03606, -0.45081, -1.27926, 1.82699, -1.81973, 0.18791, -1.69882], [0.15581, -0.12693, -1.40327, 1.77022, -1.62657, 0.00815, -1.84047], [0.34768, 0.19694, -1.52728, 1.71346, -1.4334, -0.1716, -1.98211], [0.53955, 0.52082, -1.6513, 1.65669, -1.24023, -0.35136, -2.12375], [0.54942, 0.53748, -1.65767, 1.65377, -1.23029, -0.3606, -2.13104], [0.32281, 0.61283, -1.65591, 1.34373, -1.3489, -0.07579, -2.17169], [0.0962, 0.68818, -1.65415, 1.03368, -1.4675, 0.20903, -2.21233], [-0.13041, 0.76353, -1.65239, 0.72364, -1.5861, 0.49384, -2.25298], [-0.35703, 0.83888, -1.65063, 0.41359, -1.70471, 0.77866, -2.29363]]
end: [-0.43833, 0.86592000000000002, -1.6499999999999999, 0.30235000000000001, -1.74726, 0.88085000000000002, -2.3082099999999999]
obtacles: [[[0.6, 0.5, -1.0], [0.9, 0.6, 1.0]], [[0.6, -0.6, -1.0], [0.9, -0.5, 1.0]], [[0.6, -0.6, 0.9], [0.9, 0.6, 1.0]], [[0.6, -0.6, -1.0], [0.9, 0.6, -0.9]], [[0.6, -0.6, 0.4], [0.9, 0.6, 0.5]], [[0.6, -0.6, -0.6], [0.9, 0.6, -0.5]], [[0.6, 0.1, 0.5], [0.9, 0.2, 1.0]], [[0.6, -0.3, -0.6], [0.9, -0.2, 0.5]], [[0.6, -0.2, -1.0], [0.9, -0.1, -0.5]]]
start: [0.23715, 1.93007, -1.75, 1.2860499999999999, -4.3171400000000002, -1.5093799999999999, 1.00397]
tajectories: [[0.23715, 1.93007, -1.75, 1.28605, -4.31714, -1.50938, 1.00397], [0.37148, 1.68576, -1.57196, 1.4436, -4.13452, -1.29063, 1.18983], [0.50582, 1.44145, -1.39392, 1.60116, -3.95191, -1.07188, 1.37569], [0.64016, 1.19714, -1.21588, 1.75871, -3.76929, -0.85313, 1.56156], [0.64633, 1.18592, -1.20769, 1.76595, -3.7609, -0.84308, 1.5701], [0.73909, 1.05294, -0.83302, 2.00767, -3.73641, -0.6926, 1.61093], [0.83185, 0.91996, -0.45835, 2.24938, -3.71193, -0.54212, 1.65177], [0.9246, 0.78699, -0.08368, 2.49109, -3.68745, -0.39164, 1.6926], [0.96081, 0.73509, 0.06256, 2.58543, -3.67789, -0.33291, 1.70854], [0.97211, 0.57327, 0.07289, 2.6555, -3.59372, 0.11078, 1.58719], [0.98341, 0.41146, 0.08322, 2.72557, -3.50954, 0.55447, 1.46583], [0.98634, 0.36947, 0.0859, 2.74375, -3.4877, 0.66959, 1.43435], [0.9441, 0.2186, 0.1491, 2.46061, -3.28176, 0.85562, 1.68786], [0.90185, 0.06773, 0.21231, 2.17746, -3.07583, 1.04165, 1.94138], [0.85961, -0.08315, 0.27551, 1.89431, -2.86989, 1.22767, 2.1949], [0.8186, -0.22962, 0.33687, 1.61942, -2.66996, 1.40828, 2.44103], [0.85164, 0.02817, -0.01399, 1.41545, -2.59216, 1.38435, 2.54648], [0.88468, 0.28596, -0.36485, 1.21149, -2.51435, 1.36041, 2.65194], [0.91772, 0.54375, -0.71572, 1.00753, -2.43655, 1.33648, 2.75739], [0.95076, 0.80154, -1.06658, 0.80356, -2.35875, 1.31255, 2.86285]]
end: [0.95862000000000003, 0.86282999999999999, -1.1499999999999999, 0.75507000000000002, -2.3402500000000002, 1.3068599999999999, 2.8879199999999998]
obtacles: [[[0.6, 0.5, -1.0], [0.9, 0.6, 1.0]], [[0.6, -0.6, -1.0], [0.9, -0.5, 1.0]], [[0.6, -0.6, 0.9], [0.9, 0.6, 1.0]], [[0.6, -0.6, -1.0], [0.9, 0.6, -0.9]], [[0.6, -0.6, 0.4], [0.9, 0.6, 0.5]], [[0.6, -0.6, -0.6], [0.9, 0.6, -0.5]], [[0.6, 0.1, 0.5], [0.9, 0.2, 1.0]], [[0.6, -0.3, -0.6], [0.9, -0.2, 0.5]], [[0.6, -0.2, -1.0], [0.9, -0.1, -0.5]]]
start: [0.84892000000000001, 1.8725700000000001, -1.55, 1.82931, -1.27355, 1.5139800000000001, -2.16655]
tajectories: [[0.84892, 1.87257, -1.55, 1.82931, -1.27355, 1.51398, -2.16655], [0.95218, 1.80778, -1.15641, 1.73416, -1.17537, 1.42334, -1.93564], [1.05543, 1.74299, -0.76282, 1.63901, -1.07719, 1.3327, -1.70473], [1.15869, 1.67819, -0.36923, 1.54387, -0.97902, 1.24206, -1.47383], [1.26195, 1.6134, 0.02436, 1.44872, -0.88084, 1.15142, -1.24292], [1.3652, 1.54861, 0.41795, 1.35357, -0.78266, 1.06078, -1.01201], [1.46846, 1.48382, 0.81154, 1.25842, -0.68448, 0.97014, -0.7811], [1.57172, 1.41902, 1.20513, 1.16328, -0.5863, 0.8795, -0.55019], [1.63272, 1.38074, 1.43767, 1.10706, -0.5283, 0.82595, -0.41377], [1.777, 1.26634, 1.19533, 1.01914, -0.83712, 0.90176, -0.63405], [1.92129, 1.15194, 0.95299, 0.93122, -1.14594, 0.97756, -0.85432], [2.06557, 1.03753, 0.71065, 0.8433, -1.45476, 1.05337, -1.07459], [2.20986, 0.92313, 0.46832, 0.75538, -1.76358, 1.12917, -1.29486], [2.35414, 0.80873, 0.22598, 0.66746, -2.0724, 1.20498, -1.51513], [2.49843, 0.69432, -0.01636, 0.57953, -2.38122, 1.28079, -1.7354], [2.60883, 0.60678, -0.2018, 0.51226, -2.61753, 1.33879, -1.90396], [2.22208, 0.49274, -0.16882, 0.69008, -2.84872, 1.32765, -1.93762], [1.83532, 0.3787, -0.13583, 0.86791, -3.07991, 1.3165, -1.97129], [1.44857, 0.26466, -0.10285, 1.04574, -3.31109, 1.30535, -2.00496], [1.06181, 0.15062, -0.06987, 1.22357, -3.54228, 1.2942, -2.03863], [0.67506, 0.03658, -0.03689, 1.4014, -3.77347, 1.28305, -2.07229], [0.2883, -0.07746, -0.00391, 1.57922, -4.00465, 1.27191, -2.10596], [-0.06063, -0.18035, 0.02585, 1.73966, -4.21323, 1.26185, -2.13634], [-0.03914, -0.01982, -0.25434, 1.57939, -3.86943, 1.22544, -2.14395], [-0.01765, 0.14071, -0.53453, 1.41913, -3.52564, 1.18903, -2.15156], [0.00383, 0.30124, -0.81471, 1.25886, -3.18184, 1.15261, -2.15917], [0.02532, 0.46177, -1.0949, 1.09859, -2.83805, 1.1162, -2.16678], [0.04681, 0.6223, -1.37508, 0.93832, -2.49425, 1.07979, -2.17439]]
end: [0.060220000000000003, 0.72252000000000005, -1.55, 0.83826999999999996, -2.27963, 1.0570600000000001, -2.1791499999999999]
obtacles: [[[0.6, 0.5, -1.0], [0.9, 0.6, 1.0]], [[0.6, -0.6, -1.0], [0.9, -0.5, 1.0]], [[0.6, -0.6, 0.9], [0.9, 0.6, 1.0]], [[0.6, -0.6, -1.0], [0.9, 0.6, -0.9]], [[0.6, -0.6, 0.4], [0.9, 0.6, 0.5]], [[0.6, -0.6, -0.6], [0.9, 0.6, -0.5]], [[0.6, 0.1, 0.5], [0.9, 0.2, 1.0]], [[0.6, -0.3, -0.6], [0.9, -0.2, 0.5]], [[0.6, -0.2, -1.0], [0.9, -0.1, -0.5]]]
start: [0.65856999999999999, 1.7563599999999999, -1.7, 1.04488, -1.3457300000000001, 1.5539000000000001, -2.7692199999999998]
tajectories: [[0.65857, 1.75636, -1.7, 1.04488, -1.34573, 1.5539, -2.76922], [0.69433, 1.51817, -1.49883, 1.26439, -1.19909, 1.37431, -2.54656], [0.73008, 1.27998, -1.29765, 1.48389, -1.05246, 1.19472, -2.3239], [0.76584, 1.04178, -1.09648, 1.70339, -0.90582, 1.01512, -2.10124], [0.8016, 0.80359, -0.8953, 1.92289, -0.75919, 0.83553, -1.87858], [0.83736, 0.56539, -0.69413, 2.14239, -0.61255, 0.65594, -1.65592], [0.87312, 0.3272, -0.49295, 2.36189, -0.46592, 0.47635, -1.43325], [0.90888, 0.089, -0.29178, 2.58139, -0.31928, 0.29676, -1.21059], [0.92724, -0.03328, -0.1885, 2.69408, -0.244, 0.20456, -1.09628], [0.67862, 0.04229, -0.49329, 2.63243, -0.19323, 0.45149, -1.24537], [0.43001, 0.11787, -0.79808, 2.57078, -0.14246, 0.69843, -1.39445], [0.18139, 0.19345, -1.10287, 2.50912, -0.0917, 0.94536, -1.54354], [-0.06722, 0.26902, -1.40766, 2.44747, -0.04093, 1.19229, -1.69263], [-0.31584, 0.3446, -1.71245, 2.38582, 0.00984, 1.43923, -1.84172], [-0.37069, 0.36127, -1.7797, 2.37222, 0.02104, 1.49371, -1.87461], [-0.30969, 0.44592, -1.76513, 2.09517, -0.37139, 1.40864, -1.9047], [-0.24868, 0.53056, -1.75056, 1.81812, -0.76382, 1.32357, -1.9348], [-0.18768, 0.61521, -1.73599, 1.54106, -1.15625, 1.2385, -1.96489], [-0.12668, 0.69986, -1.72142, 1.26401, -1.54868, 1.15343, -1.99499], [-0.06567, 0.7845, -1.70685, 0.98696, -1.94111, 1.06836, -2.02508]]
end: [-0.036979999999999999, 0.82430999999999999, -1.7, 0.85667000000000004, -2.1256499999999998, 1.0283500000000001, -2.0392399999999999]
obtacles: [[[0.6, 0.5, -1.0], [0.9, 0.6, 1.0]], [[0.6, -0.6, -1.0], [0.9, -0.5, 1.0]], [[0.6, -0.6, 0.9], [0.9, 0.6, 1.0]], [[0.6, -0.6, -1.0], [0.9, 0.6, -0.9]], [[0.6, -0.6, 0.4], [0.9, 0.6, 0.5]], [[0.6, -0.6, -0.6], [0.9, 0.6, -0.5]], [[0.6, 0.1, 0.5], [0.9, 0.2, 1.0]], [[0.6, -0.3, -0.6], [0.9, -0.2, 0.5]], [[0.6, -0.2, -1.0], [0.9, -0.1, -0.5]]]
start: [2.6001500000000002, -0.85560999999999998, -1.7, 0.37420999999999999, -1.15537, -0.95840999999999998, 0.08251]
tajectories: [[2.60015, -0.85561, -1.7, 0.37421, -1.15537, -0.95841, 0.08251], [2.39126, -0.84838, -1.51911, 0.78181, -1.12016, -0.97683, 0.15913], [2.18236, -0.84114, -1.33823, 1.18942, -1.08495, -0.99525, 0.23575], [1.97347, -0.8339, -1.15734, 1.59703, -1.04974, -1.01367, 0.31236], [1.76458, -0.82667, -0.97645, 2.00463, -1.01453, -1.03208, 0.38898], [1.55569, -0.81943, -0.79557, 2.41224, -0.97933, -1.0505, 0.46559], [1.34679, -0.8122, -0.61468, 2.81985, -0.94412, -1.06892, 0.54221], [1.28515, -0.81006, -0.5613, 2.94012, -0.93373, -1.07435, 0.56482], [1.14562, -0.56166, -0.54875, 2.80789, -1.12033, -0.82482, 0.33224], [1.00609, -0.31325, -0.5362, 2.67565, -1.30694, -0.57529, 0.09965], [0.86656, -0.06484, -0.52365, 2.54342, -1.49354, -0.32575, -0.13293], [0.72703, 0.18356, -0.5111, 2.41118, -1.68014, -0.07622, -0.36552], [0.5875, 0.43197, -0.49855, 2.27895, -1.86674, 0.17331, -0.5981], [0.44797, 0.68037, -0.48599, 2.14671, -2.05335, 0.42284, -0.83068], [0.40261, 0.76113, -0.48191, 2.10372, -2.11401, 0.50397, -0.9063], [0.48291, 0.95043, -0.69797, 1.97814, -1.96854, 0.67929, -1.21185], [0.56322, 1.13974, -0.91403, 1.85255, -1.82307, 0.85462, -1.5174], [0.64352, 1.32904, -1.13009, 1.72697, -1.6776, 1.02994, -1.82295], [0.72383, 1.51834, -1.34615, 1.60138, -1.53213, 1.20527, -2.1285], [0.80413, 1.70765, -1.56221, 1.4758, -1.38666, 1.38059, -2.43405]]
end: [0.85533999999999999, 1.8283700000000001, -1.7, 1.39571, -1.29389, 1.4923999999999999, -2.6289099999999999]
obtacles: [[[0.6, 0.5, -1.0], [0.9, 0.6, 1.0]], [[0.6, -0.6, -1.0], [0.9, -0.5, 1.0]], [[0.6, -0.6, 0.9], [0.9, 0.6, 1.0]], [[0.6, -0.6, -1.0], [0.9, 0.6, -0.9]], [[0.6, -0.6, 0.4], [0.9, 0.6, 0.5]], [[0.6, -0.6, -0.6], [0.9, 0.6, -0.5]], [[0.6, 0.1, 0.5], [0.9, 0.2, 1.0]], [[0.6, -0.3, -0.6], [0.9, -0.2, 0.5]], [[0.6, -0.2, -1.0], [0.9, -0.1, -0.5]]]
start: [0.58901999999999999, 1.53416, -1.7, 0.93840000000000001, -1.5238499999999999, 1.44496, -2.7928000000000002]
tajectories: [[0.58902, 1.53416, -1.7, 0.9384, -1.52385, 1.44496, -2.7928], [0.79278, 1.62399, -1.5322, 1.10866, -1.57767, 1.08765, -2.6801], [0.99655, 1.71383, -1.3644, 1.27892, -1.6315, 0.73034, -2.5674], [1.20031, 1.80366, -1.1966, 1.44918, -1.68532, 0.37304, -2.4547], [1.40407, 1.89349, -1.0288, 1.61944, -1.73915, 0.01573, -2.34199], [1.57277, 1.96786, -0.88987, 1.76041, -1.78371, -0.2801, -2.24868], [1.67738, 1.7149, -1.18954, 1.83183, -1.81876, -0.24521, -1.9699], [1.78199, 1.46193, -1.4892, 1.90325, -1.85382, -0.21033, -1.69112], [1.86809, 1.25371, -1.73585, 1.96204, -1.88267, -0.18162, -1.46166], [1.93655, 0.91375, -1.9265, 1.96352, -1.59284, -0.09913, -1.51254], [2.00501, 0.57379, -2.11714, 1.96499, -1.30301, -0.01665, -1.56343], [2.07348, 0.23383, -2.30778, 1.96647, -1.01318, 0.06584, -1.61431], [2.12391, -0.01663, -2.44823, 1.96755, -0.79964, 0.12661, -1.6518], [1.77223, 0.11924, -2.24439, 1.81987, -0.90727, 0.29937, -1.70721], [1.42056, 0.2551, -2.04055, 1.67218, -1.0149, 0.47213, -1.76261], [1.06888, 0.39097, -1.83671, 1.5245, -1.12253, 0.64489, -1.81802], [0.7172, 0.52684, -1.63287, 1.37682, -1.23016, 0.81765, -1.87342], [0.38537, 0.65504, -1.44053, 1.23747, -1.33172, 0.98066, -1.9257], [0.06406, 0.76155, -1.54051, 0.93885, -1.50662, 0.96959, -2.00012], [-0.25725, 0.86807, -1.64048, 0.64024, -1.68153, 0.95852, -2.07455]]
end: [-0.44852999999999998, 0.93147000000000002, -1.7, 0.46246999999999999, -1.78565, 0.95193000000000005, -2.1188500000000001]
