obtacles: [[[0.6, 0.5, -1.0], [0.9, 0.6, 1.0]], [[0.6, -0.6, -1.0], [0.9, -0.5, 1.0]], [[0.6, -0.6, 0.9], [0.9, 0.6, 1.0]], [[0.6, -0.6, -1.0], [0.9, 0.6, -0.9]], [[0.6, -0.6, 0.3], [0.9, 0.6, 0.4]], [[0.6, -0.6, -0.6], [0.9, 0.6, -0.5]], [[0.6, -0.1, 0.4], [0.9, 0.0, 1.0]], [[0.6, 0.0, -0.6], [0.9, 0.1, 0.4]], [[0.6, 0.2, -1.0], [0.9, 0.3, -0.5]]]
start: [-2.2084700000000002, -1.9654700000000001, 1.45, 1.46685, -1.1647700000000001, 1.4999899999999999, -2.64663]
tajectories: [[-2.20847, -1.96547, 1.45, 1.46685, -1.16477, 1.49999, -2.64663], [-2.09097, -1.89429, 1.58269, 1.65635, -1.25144, 1.10666, -2.77068], [-1.97348, -1.82311, 1.71539, 1.84584, -1.33811, 0.71332, -2.89473], [-1.89032, -1.77273, 1.8093, 1.97995, -1.39945, 0.43494, -2.98253], [-1.78845, -1.6011, 1.67328, 2.19166, -1.22749, 0.1005, -2.9089], [-1.68658, -1.42948, 1.53726, 2.40337, -1.05554, -0.23395, -2.83527], [-1.58471, -1.25785, 1.40124, 2.61507, -0.88358, -0.56839, -2.76164], [-1.48284, -1.08622, 1.26522, 2.82678, -0.71162, -0.90284, -2.68801], [-1.4328, -1.00192, 1.19841, 2.93077, -0.62717, -1.0671, -2.65185], [-1.29024, -0.89617, 1.0764, 2.6928, -0.31099, -1.07735, -2.43526], [-1.14769, -0.79042, 0.95438, 2.45484, 0.00518, -1.0876, -2.21867], [-1.00513, -0.68466, 0.83236, 2.21688, 0.32135, -1.09785, -2.00209], [-0.92418, -0.62461, 0.76307, 2.08175, 0.5009, -1.10367, -1.87909], [-0.82525, -0.30741, 0.62074, 1.79628, 0.40568, -1.19606, -1.7368], [-0.72632, 0.00978, 0.47841, 1.51081, 0.31047, -1.28846, -1.59451], [-0.62739, 0.32698, 0.33608, 1.22534, 0.21525, -1.38085, -1.45222], [-0.52845, 0.64417, 0.19375, 0.93987, 0.12003, -1.47324, -1.30993], [-0.52316, 0.66113, 0.18614, 0.9246, 0.11494, -1.47818, -1.30232], [-0.59103, 0.69202, 0.52875, 0.97527, -0.13247, -1.43728, -1.05411], [-0.65889, 0.7229, 0.87136, 1.02594, -0.37988, -1.39637, -0.80591], [-0.72675, 0.75378, 1.21397, 1.0766, -0.62729, -1.35547, -0.5577]]
end: [-0.77351000000000003, 0.77505999999999997, 1.45, 1.11151, -0.79773000000000005, -1.3272900000000001, -0.38669999999999999]
obtacles: [[[0.6, 0.5, -1.0], [0.9, 0.6, 1.0]], [[0.6, -0.6, -1.0], [0.9, -0.5, 1.0]], [[0.6, -0.6, 0.9], [0.9, 0.6, 1.0]], [[0.6, -0.6, -1.0], [0.9, 0.6, -0.9]], [[0.6, -0.6, 0.3], [0.9, 0.6, 0.4]], [[0.6, -0.6, -0.6], [0.9, 0.6, -0.5]], [[0.6, -0.1, 0.4], [0.9, 0.0, 1.0]], [[0.6, 0.0, -0.6], [0.9, 0.1, 0.4]], [[0.6, 0.2, -1.0], [0.9, 0.3, -0.5]]]
start: [-0.53010999999999997, 1.8649500000000001, 1.75, 1.0763499999999999, -1.9136599999999999, -1.5582199999999999, -0.51744999999999997]
tajectories: [[-0.53011, 1.86495, 1.75, 1.07635, -1.91366, -1.55822, -0.51745], [-0.6343, 1.75764, 1.48767, 1.17941, -2.06275, -1.33697, -0.23994], [-0.73849, 1.65034, 1.22533, 1.28246, -2.21185, -1.11573, 0.03757], [-0.84269, 1.54303, 0.963, 1.38551, -2.36095, -0.89449, 0.31508], [-0.87633, 1.50838, 0.8783, 1.41878, -2.4091, -0.82305, 0.40468], [-0.82794, 1.44498, 0.7242, 1.6325, -2.69732, -0.9491, 0.13036], [-0.77954, 1.38158, 0.5701, 1.84622, -2.98554, -1.07515, -0.14397], [-0.73115, 1.31818, 0.416, 2.05994, -3.27376, -1.20119, -0.4183], [-0.70606, 1.28531, 0.3361, 2.17075, -3.4232, -1.26655, -0.56053], [-0.59457, 1.0509, 0.66207, 2.23695, -3.29212, -1.11536, -0.73925], [-0.48307, 0.81649, 0.98804, 2.30314, -3.16104, -0.96417, -0.91796], [-0.37158, 0.58207, 1.31402, 2.36933, -3.02996, -0.81298, -1.09668], [-0.34679, 0.52996, 1.38649, 2.38404, -3.00081, -0.77936, -1.13642], [-0.2755, 0.59042, 1.45732, 2.07588, -2.62738, -0.81796, -1.11797], [-0.20421, 0.65087, 1.52815, 1.76772, -2.25394, -0.85655, -1.09952], [-0.13291, 0.71133, 1.59898, 1.45956, -1.88051, -0.89514, -1.08108], [-0.06162, 0.77179, 1.66981, 1.1514, -1.50708, -0.93373, -1.06263], [0.00967, 0.83225, 1.74064, 0.84324, -1.13364, -0.97233, -1.04419]]
end: [0.019089999999999999, 0.84023000000000003, 1.75, 0.80252999999999997, -1.0843100000000001, -0.97741999999999996, -1.04175]
obtacles: [[[0.6, 0.5, -1.0], [0.9, 0.6, 1.0]], [[0.6, -0.6, -1.0], [0.9, -0.5, 1.0]], [[0.6, -0.6, 0.9], [0.9, 0.6, 1.0]], [[0.6, -0.6, -1.0], [0.9, 0.6, -0.9]], [[0.6, -0.6, 0.3], [0.9, 0.6, 0.4]], [[0.6, -0.6, -0.6], [0.9, 0.6, -0.5]], [[0.6, -0.1, 0.4], [0.9, 0.0, 1.0]], [[0.6, 0.0, -0.6], [0.9, 0.1, 0.4]], [[0.6, 0.2, -1.0], [0.9, 0.3, -0.5]]]
start: [-2.1948500000000002, -1.0229200000000001, 1.5, 0.70679999999999998, -1.9015200000000001, 1.1204099999999999, 2.99797]
tajectories: [[-2.19485, -1.02292, 1.5, 0.7068, -1.90152, 1.12041, 2.99797], [-2.06472, -0.71637, 1.6596, 0.80506, -1.84758, 0.92385, 2.74814], [-1.93459, -0.40981, 1.8192, 0.90332, -1.79365, 0.72728, 2.4983], [-1.80446, -0.10326, 1.97879, 1.00158, -1.73972, 0.53072, 2.24846], [-1.67433, 0.20329, 2.13839, 1.09984, -1.68578, 0.33416, 1.99862], [-1.54419, 0.50984, 2.29799, 1.1981, -1.63185, 0.13759, 1.74878], [-1.41406, 0.81639, 2.45759, 1.29636, -1.57792, -0.05897, 1.49894], [-1.31584, 1.04779, 2.57806, 1.37053, -1.53721, -0.20735, 1.31035], [-1.20269, 1.0518, 2.31735, 1.18107, -1.46025, -0.44553, 1.04453], [-1.08955, 1.05581, 2.05663, 0.9916, -1.3833, -0.68372, 0.7787], [-0.9764, 1.05983, 1.79592, 0.80214, -1.30635, -0.9219, 0.51288], [-0.86326, 1.06384, 1.53521, 0.61268, -1.2294, -1.16009, 0.24706]]
end: [-0.84797999999999996, 1.0643800000000001, 1.5, 0.58709, -1.2190099999999999, -1.1922600000000001, 0.21115]
obtacles: [[[0.6, 0.5, -1.0], [0.9, 0.6, 1.0]], [[0.6, -0.6, -1.0], [0.9, -0.5, 1.0]], [[0.6, -0.6, 0.9], [0.9, 0.6, 1.0]], [[0.6, -0.6, -1.0], [0.9, 0.6, -0.9]], [[0.6, -0.6, 0.3], [0.9, 0.6, 0.4]], [[0.6, -0.6, -0.6], [0.9, 0.6, -0.5]], [[0.6, -0.1, 0.4], [0.9, 0.0, 1.0]], [[0.6, 0.0, -0.6], [0.9, 0.1, 0.4]], [[0.6, 0.2, -1.0], [0.9, 0.3, -0.5]]]
start: [-1.0580099999999999, 1.78392, 1.6000000000000001, 1.5353300000000001, -1.78487, -1.5497700000000001, -0.47194000000000003]
tajectories: [[-1.05801, 1.78392, 1.6, 1.53533, -1.78487, -1.54977, -0.47194], [-1.12062, 1.80799, 1.72517, 1.82069, -1.45608, -1.49298, -0.66448], [-1.18322, 1.83205, 1.85034, 2.10605, -1.12728, -1.43619, -0.85703], [-1.24582, 1.85612, 1.97552, 2.39141, -0.79849, -1.3794, -1.04958], [-1.30842, 1.88018, 2.10069, 2.67676, -0.4697, -1.3226, -1.24213], [-1.33507, 1.89043, 2.15399, 2.79827, -0.3297, -1.29842, -1.32411], [-1.12482, 1.64113, 2.18604, 2.75354, -0.66766, -1.18287, -1.43835], [-0.91458, 1.39183, 2.21809, 2.70881, -1.00561, -1.06731, -1.55259], [-0.70433, 1.14254, 2.25015, 2.66408, -1.34357, -0.95176, -1.66683], [-0.64312, 1.06996, 2.25948, 2.65106, -1.44196, -0.91812, -1.70009], [-0.46217, 0.89534, 1.89404, 2.49909, -1.55055, -1.03722, -1.76453], [-0.28123, 0.72073, 1.52861, 2.34711, -1.65915, -1.15632, -1.82897], [-0.10028, 0.54611, 1.16318, 2.19513, -1.76774, -1.27543, -1.89341], [-0.03798, 0.48599, 1.03736, 2.14281, -1.80513, -1.31643, -1.9156], [-0.00408, 0.63178, 1.20002, 1.81142, -1.59533, -1.29629, -1.69904], [0.02983, 0.77757, 1.36269, 1.48004, -1.38553, -1.27614, -1.48248], [0.06374, 0.92336, 1.52536, 1.14866, -1.17573, -1.25599, -1.26592]]
end: [0.079299999999999995, 0.99026000000000003, 1.6000000000000001, 0.99660000000000004, -1.0794600000000001, -1.24675, -1.1665399999999999]
obtacles: [[[0.6, 0.5, -1.0], [0.9, 0.6, 1.0]], [[0.6, -0.6, -1.0], [0.9, -0.5, 1.0]], [[0.6, -0.6, 0.9], [0.9, 0.6, 1.0]], [[0.6, -0.6, -1.0], [0.9, 0.6, -0.9]], [[0.6, -0.6, 0.3], [0.9, 0.6, 0.4]], [[0.6, -0.6, -0.6], [0.9, 0.6, -0.5]], [[0.6, -0.1, 0.4], [0.9, 0.0, 1.0]], [[0.6, 0.0, -0.6], [0.9, 0.1, 0.4]], [[0.6, 0.2, -1.0], [0.9, 0.3, -0.5]]]
start: [-2.1859999999999999, -1.8968700000000001, 1.5, 1.37405, -1.2374099999999999, 1.5677000000000001, -2.7353100000000001]
tajectories: [[-2.186, -1.89687, 1.5, 1.37405, -1.23741, 1.5677, -2.73531], [-2.0217, -1.69168, 1.62175, 1.63794, -1.54223, 1.50828, -2.73578], [-1.85739, -1.4865, 1.7435, 1.90183, -1.84704, 1.44887, -2.73626], [-1.69309, -1.28131, 1.86525, 2.16572, -2.15186, 1.38946, -2.73674], [-1.56142, -1.11689, 1.96281, 2.37718, -2.39612, 1.34185, -2.73712], [-1.3535, -0.84542, 1.65425, 2.34028, -2.30678, 1.27144, -2.58363], [-1.14557, -0.57395, 1.34569, 2.30337, -2.21743, 1.20102, -2.43014], [-0.93765, -0.30248, 1.03713, 2.26647, -2.12808, 1.1306, -2.27666], [-0.92187, -0.28189, 1.01372, 2.26367, -2.1213, 1.12526, -2.26501], [-1.16873, -0.20976, 1.01644, 2.16026, -2.12343, 0.87724, -1.93089], [-1.41559, -0.13763, 1.01916, 2.05685, -2.12555, 0.62923, -1.59676], [-1.66245, -0.0655, 1.02188, 1.95343, -2.12768, 0.38121, -1.26263], [-1.90931, 0.00663, 1.02461, 1.85002, -2.1298, 0.1332, -0.92851], [-2.05587, 0.04945, 1.02622, 1.78863, -2.13107, -0.01405, -0.73014], [-2.13298, 0.07816, 0.85745, 1.94208, -1.9404, -0.30913, -0.46981], [-2.21008, 0.10687, 0.68868, 2.09553, -1.74973, -0.60421, -0.20949], [-2.28719, 0.13558, 0.51991, 2.24899, -1.55906, -0.8993, 0.05084], [-2.35521, 0.1609, 0.37102, 2.38436, -1.39086, -1.15961, 0.28049], [-2.07397, 0.31946, 0.62006, 2.1638, -1.27799, -1.23607, 0.152], [-1.79274, 0.47802, 0.86911, 1.94324, -1.16512, -1.31254, 0.02352], [-1.5115, 0.63658, 1.11815, 1.72268, -1.05225, -1.38901, -0.10497], [-1.23027, 0.79514, 1.36719, 1.50212, -0.93938, -1.46548, -0.23345]]
end: [-1.08029, 0.87970000000000004, 1.5, 1.3845000000000001, -0.87919000000000003, -1.5062599999999999, -0.30197000000000002]
obtacles: [[[0.6, 0.5, -1.0], [0.9, 0.6, 1.0]], [[0.6, -0.6, -1.0], [0.9, -0.5, 1.0]], [[0.6, -0.6, 0.9], [0.9, 0.6, 1.0]], [[0.6, -0.6, -1.0], [0.9, 0.6, -0.9]], [[0.6, -0.6, 0.3], [0.9, 0.6, 0.4]], [[0.6, -0.6, -0.6], [0.9, 0.6, -0.5]], [[0.6, -0.1, 0.4], [0.9, 0.0, 1.0]], [[0.6, 0.0, -0.6], [0.9, 0.1, 0.4]], [[0.6, 0.2, -1.0], [0.9, 0.3, -0.5]]]
start: [-2.0052400000000001, -1.7566900000000001, 1.55, 1.7069000000000001, -1.38927, 1.52545, -2.5771000000000002]
tajectories: [[-2.00524, -1.75669, 1.55, 1.7069, -1.38927, 1.52545, -2.5771], [-1.85448, -1.5303, 1.69033, 1.79124, -1.12175, 1.28017, -2.44488], [-1.70371, -1.3039, 1.83066, 1.87558, -0.85424, 1.03489, -2.31265], [-1.55295, -1.07751, 1.97098, 1.95992, -0.58672, 0.78962, -2.18043], [-1.40219, -0.85111, 2.11131, 2.04426, -0.31921, 0.54434, -2.0482], [-1.25142, -0.62472, 2.25164, 2.1286, -0.05169, 0.29906, -1.91598], [-1.10066, -0.39832, 2.39197, 2.21294, 0.21583, 0.05378, -1.78376], [-0.94989, -0.17193, 2.5323, 2.29728, 0.48334, -0.1915, -1.65153], [-0.87617, -0.06122, 2.60092, 2.33852, 0.61416, -0.31144, -1.58687], [-0.8691, 0.1167, 2.60207, 2.21015, 0.35685, -0.47359, -1.25624], [-0.86202, 0.29462, 2.60323, 2.08179, 0.09954, -0.63574, -0.92561], [-0.85494, 0.47254, 2.60438, 1.95342, -0.15777, -0.79788, -0.59498], [-0.84787, 0.65046, 2.60554, 1.82505, -0.41507, -0.96003, -0.26435], [-0.84079, 0.82837, 2.60669, 1.69668, -0.67238, -1.12218, 0.06628], [-0.83372, 1.00629, 2.60784, 1.56831, -0.92969, -1.28432, 0.39691], [-0.82664, 1.18421, 2.609, 1.43994, -1.18699, -1.44647, 0.72754], [-0.82229, 1.29365, 2.60971, 1.36098, -1.34527, -1.54621, 0.93091], [-0.81169, 1.19021, 2.30351, 1.23395, -1.25435, -1.4514, 0.59619], [-0.8011, 1.08677, 1.99731, 1.10693, -1.16343, -1.35658, 0.26147], [-0.7905, 0.98333, 1.69111, 0.9799, -1.07251, -1.26177, -0.07325]]
end: [-0.78561999999999999, 0.93566000000000005, 1.55, 0.92135999999999996, -1.03061, -1.2180800000000001, -0.22750000000000001]
obtacles: [[[0.6, 0.5, -1.0], [0.9, 0.6, 1.0]], [[0.6, -0.6, -1.0], [0.9, -0.5, 1.0]], [[0.6, -0.6, 0.9], [0.9, 0.6, 1.0]], [[0.6, -0.6, -1.0], [0.9, 0.6, -0.9]], [[0.6, -0.6, 0.3], [0.9, 0.6, 0.4]], [[0.6, -0.6, -0.6], [0.9, 0.6, -0.5]], [[0.6, -0.1, 0.4], [0.9, 0.0, 1.0]], [[0.6, 0.0, -0.6], [0.9, 0.1, 0.4]], [[0.6, 0.2, -1.0], [0.9, 0.3, -0.5]]]
start: [-2.1572900000000002, -1.9007799999999999, 1.25, 1.98109, -1.3749199999999999, 1.15622, -2.2399900000000001]
tajectories: [[-2.15729, -1.90078, 1.25, 1.98109, -1.37492, 1.15622, -2.23999], [-1.80503, -1.89704, 1.29061, 2.23998, -1.45366, 0.93475, -2.19556], [-1.45277, -1.8933, 1.33122, 2.49888, -1.53241, 0.71328, -2.15113], [-1.10051, -1.88956, 1.37183, 2.75777, -1.61116, 0.49181, -2.10669], [-1.00422, -1.88853, 1.38293, 2.82853, -1.63268, 0.43128, -2.09455], [-1.28604, -1.83684, 1.12199, 2.71877, -1.5138, 0.25379, -1.88929], [-1.56786, -1.78515, 0.86104, 2.60901, -1.39491, 0.07631, -1.68403], [-1.84968, -1.73346, 0.6001, 2.49924, -1.27602, -0.10117, -1.47877], [-2.1315, -1.68177, 0.33916, 2.38948, -1.15714, -0.27866, -1.27351], [-2.41332, -1.63008, 0.07822, 2.27971, -1.03825, -0.45614, -1.06825], [-2.43099, -1.62684, 0.06186, 2.27283, -1.0308, -0.46727, -1.05538], [-2.45864, -1.45712, 0.14685, 2.21919, -0.61634, -0.61543, -0.92651], [-2.48629, -1.28741, 0.23184, 2.16556, -0.20189, -0.7636, -0.79764], [-2.51393, -1.11769, 0.31683, 2.11192, 0.21256, -0.91176, -0.66877], [-2.54158, -0.94797, 0.40183, 2.05829, 0.62702, -1.05992, -0.53991], [-2.56923, -0.77826, 0.48682, 2.00465, 1.04147, -1.20809, -0.41104], [-2.57539, -0.74046, 0.50575, 1.99271, 1.13377, -1.24109, -0.38234], [-2.33301, -0.50945, 0.6127, 1.80427, 0.84393, -1.23691, -0.29918], [-2.09063, -0.27844, 0.71965, 1.61583, 0.55409, -1.23274, -0.21603], [-1.84826, -0.04743, 0.82661, 1.4274, 0.26425, -1.22856, -0.13287], [-1.60588, 0.18358, 0.93356, 1.23896, -0.02559, -1.22439, -0.04971], [-1.3635, 0.41459, 1.04051, 1.05053, -0.31544, -1.22021, 0.03344], [-1.12113, 0.6456, 1.14747, 0.86209, -0.60528, -1.21604, 0.1166]]
end: [-0.88876999999999995, 0.86706000000000005, 1.25, 0.68144000000000005, -0.88314000000000004, -1.2120299999999999, 0.19631999999999999]
obtacles: [[[0.6, 0.5, -1.0], [0.9, 0.6, 1.0]], [[0.6, -0.6, -1.0], [0.9, -0.5, 1.0]], [[0.6, -0.6, 0.9], [0.9, 0.6, 1.0]], [[0.6, -0.6, -1.0], [0.9, 0.6, -0.9]], [[0.6, -0.6, 0.3], [0.9, 0.6, 0.4]], [[0.6, -0.6, -0.6], [0.9, 0.6, -0.5]], [[0.6, -0.1, 0.4], [0.9, 0.0, 1.0]], [[0.6, 0.0, -0.6], [0.9, 0.1, 0.4]], [[0.6, 0.2, -1.0], [0.9, 0.3, -0.5]]]
start: [-2.0526599999999999, -1.9483299999999999, 1.3999999999999999, 1.5008900000000001, -1.17872, 1.43855, -2.78864]
tajectories: [[-2.05266, -1.94833, 1.4, 1.50089, -1.17872, 1.43855, -2.78864], [-1.90664, -1.90168, 1.4564, 1.68813, -0.74494, 1.44015, -2.77937], [-1.76062, -1.85502, 1.5128, 1.87537, -0.31115, 1.44174, -2.7701], [-1.6146, -1.80837, 1.56921, 2.06262, 0.12264, 1.44334, -2.76083], [-1.46858, -1.76172, 1.62561, 2.24986, 0.55643, 1.44493, -2.75156], [-1.32255, -1.71506, 1.68201, 2.4371, 0.99021, 1.44653, -2.74229], [-1.23842, -1.68818, 1.71451, 2.54499, 1.24015, 1.44745, -2.73695], [-1.2077, -1.578, 1.66338, 2.50939, 1.16195, 1.37193, -2.26661], [-1.17699, -1.46782, 1.61226, 2.47379, 1.08374, 1.29642, -1.79627], [-1.14627, -1.35764, 1.56113, 2.4382, 1.00554, 1.22091, -1.32594], [-1.11556, -1.24747, 1.51, 2.4026, 0.92733, 1.14539, -0.8556], [-1.10488, -1.20918, 1.49224, 2.39023, 0.90016, 1.11916, -0.69216], [-1.23453, -0.83864, 1.61988, 2.30385, 0.69186, 0.96665, -0.76627], [-1.36417, -0.46809, 1.74753, 2.21748, 0.48357, 0.81414, -0.84037], [-1.49381, -0.09755, 1.87518, 2.1311, 0.27528, 0.66164, -0.91448], [-1.62345, 0.273, 2.00282, 2.04472, 0.06699, 0.50913, -0.98858], [-1.74892, 0.63162, 2.12636, 1.96113, -0.1346, 0.36153, -1.0603], [-1.59562, 0.69019, 2.00596, 1.86618, -0.29701, -0.03734, -0.94164], [-1.44232, 0.74876, 1.88556, 1.77123, -0.45942, -0.43622, -0.82297], [-1.28902, 0.80733, 1.76517, 1.67627, -0.62182, -0.83509, -0.70431], [-1.13572, 0.8659, 1.64477, 1.58132, -0.78423, -1.23396, -0.58564]]
end: [-1.0150600000000001, 0.91200000000000003, 1.55, 1.5065900000000001, -0.91205999999999998, -1.54792, -0.49224000000000001]
obtacles: [[[0.6, 0.5, -1.0], [0.9, 0.6, 1.0]], [[0.6, -0.6, -1.0], [0.9, -0.5, 1.0]], [[0.6, -0.6, 0.9], [0.9, 0.6, 1.0]], [[0.6, -0.6, -1.0], [0.9, 0.6, -0.9]], [[0.6, -0.6, 0.3], [0.9, 0.6, 0.4]], [[0.6, -0.6, -0.6], [0.9, 0.6, -0.5]], [[0.6, -0.1, 0.4], [0.9, 0.0, 1.0]], [[0.6, 0.0, -0.6], [0.9, 0.1, 0.4]], [[0.6, 0.2, -1.0], [0.9, 0.3, -0.5]]]
start: [-1.0833600000000001, 1.9566600000000001, 2.0, 1.7967, -1.89215, -1.09274, -0.54928999999999994]
tajectories: [[-1.08336, 1.95666, 2.0, 1.7967, -1.89215, -1.09274, -0.54929], [-1.19026, 1.95305, 2.09631, 1.89977, -1.74959, -0.72524, -0.29773], [-1.29716, 1.94945, 2.19261, 2.00284, -1.60704, -0.35773, -0.04617], [-1.40406, 1.94584, 2.28892, 2.10591, -1.46449, 0.00977, 0.20539], [-1.51096, 1.94223, 2.38522, 2.20898, -1.32194, 0.37727, 0.45694], [-1.61786, 1.93862, 2.48153, 2.31205, -1.17938, 0.74478, 0.7085], [-1.72476, 1.93502, 2.57783, 2.41512, -1.03683, 1.11228, 0.96006], [-1.83166, 1.93141, 2.67414, 2.51819, -0.89428, 1.47978, 1.21161], [-1.83831, 1.93118, 2.68013, 2.5246, -0.88542, 1.50263, 1.22725], [-1.50936, 1.63621, 2.56431, 2.62929, -1.028, 1.46723, 1.32123], [-1.18041, 1.34124, 2.4485, 2.73398, -1.17057, 1.43184, 1.41521], [-0.85147, 1.04628, 2.33269, 2.83867, -1.31315, 1.39645, 1.50919], [-0.52252, 0.75131, 2.21687, 2.94336, -1.45573, 1.36106, 1.60317], [-0.19662, 0.45907, 2.10213, 3.04708, -1.59699, 1.32599, 1.69628], [-0.03685, 0.4071, 1.90564, 3.02836, -1.42776, 1.11074, 1.36789], [0.12292, 0.35514, 1.70915, 3.00964, -1.25853, 0.8955, 1.03949], [0.2827, 0.30317, 1.51266, 2.99092, -1.0893, 0.68025, 0.7111], [0.44247, 0.2512, 1.31617, 2.97219, -0.92006, 0.465, 0.38271], [0.60224, 0.19923, 1.11968, 2.95347, -0.75083, 0.24975, 0.05432], [0.76202, 0.14726, 0.92319, 2.93475, -0.5816, 0.0345, -0.27408], [0.92179, 0.09529, 0.7267, 2.91603, -0.41237, -0.18075, -0.60247], [1.08157, 0.04332, 0.53021, 2.89731, -0.24314, -0.396, -0.93086], [1.1355, 0.02578, 0.46389, 2.89099, -0.18602, -0.46865, -1.04171], [0.96645, 0.17081, 0.71202, 2.5671, -0.35473, -0.53481, -1.07448], [0.79739, 0.31584, 0.96015, 2.2432, -0.52343, -0.60096, -1.10725], [0.62834, 0.46087, 1.20828, 1.91931, -0.69214, -0.66711, -1.14002], [0.45929, 0.6059, 1.45641, 1.59541, -0.86084, -0.73326, -1.17278], [0.29024, 0.75093, 1.70454, 1.27152, -1.02955, -0.79941, -1.20555], [0.12119, 0.89596, 1.95267, 0.94762, -1.19826, -0.86556, -1.23832]]
end: [0.088940000000000005, 0.92362, 2.0, 0.88583000000000001, -1.23044, -0.87817999999999996, -1.24457]
obtacles: [[[0.6, 0.5, -1.0], [0.9, 0.6, 1.0]], [[0.6, -0.6, -1.0], [0.9, -0.5, 1.0]], [[0.6, -0.6, 0.9], [0.9, 0.6, 1.0]], [[0.6, -0.6, -1.0], [0.9, 0.6, -0.9]], [[0.6, -0.6, 0.3], [0.9, 0.6, 0.4]], [[0.6, -0.6, -0.6], [0.9, 0.6, -0.5]], [[0.6, -0.1, 0.4], [0.9, 0.0, 1.0]], [[0.6, 0.0, -0.6], [0.9, 0.1, 0.4]], [[0.6, 0.2, -1.0], [0.9, 0.3, -0.5]]]
start: [-2.2547799999999998, -0.95552000000000004, 1.3, 0.96152000000000004, -1.9875400000000001, 1.0362499999999999, -2.8647100000000001]
tajectories: [[-2.25478, -0.95552, 1.3, 0.96152, -1.98754, 1.03625, -2.86471], [-2.1288, -0.9384, 1.24855, 1.04406, -1.51416, 1.01932, -2.86634], [-2.00282, -0.92127, 1.19711, 1.12661, -1.04079, 1.00238, -2.86797], [-1.87684, -0.90415, 1.14566, 1.20915, -0.56741, 0.98545, -2.8696], [-1.75086, -0.88703, 1.09422, 1.2917, -0.09403, 0.96851, -2.87123], [-1.62489, -0.86991, 1.04277, 1.37425, 0.37935, 0.95158, -2.87286], [-1.49891, -0.85279, 0.99133, 1.45679, 0.85273, 0.93464, -2.87449], [-1.41076, -0.84081, 0.95533, 1.51455, 1.18397, 0.92279, -2.87563], [-1.42723, -0.74418, 1.00811, 1.55115, 0.81428, 0.6075, -2.88919], [-1.44371, -0.64754, 1.06089, 1.58776, 0.44459, 0.2922, -2.90274], [-1.46018, -0.55091, 1.11368, 1.62436, 0.0749, -0.0231, -2.9163], [-1.47666, -0.45428, 1.16646, 1.66096, -0.29478, -0.3384, -2.92986], [-1.49313, -0.35765, 1.21924, 1.69757, -0.66447, -0.65369, -2.94342], [-1.50961, -0.26101, 1.27202, 1.73417, -1.03416, -0.96899, -2.95697], [-1.5145, -0.23232, 1.2877, 1.74504, -1.14394, -1.06262, -2.961], [-1.61458, -0.00439, 1.41544, 1.86175, -1.31096, -1.16015, -2.6136], [-1.71465, 0.22354, 1.54319, 1.97846, -1.47799, -1.25769, -2.26621], [-1.81473, 0.45148, 1.67094, 2.09516, -1.64501, -1.35522, -1.91882], [-1.9148, 0.67941, 1.79868, 2.21187, -1.81203, -1.45276, -1.57142], [-2.01488, 0.90734, 1.92643, 2.32858, -1.97905, -1.55029, -1.22403], [-2.0271, 0.93518, 1.94203, 2.34284, -1.99946, -1.56221, -1.18159], [-2.01804, 0.86527, 1.81047, 2.26692, -2.29687, -1.31629, -0.91136], [-2.00898, 0.79536, 1.67891, 2.191, -2.59429, -1.07037, -0.64113], [-1.99992, 0.72545, 1.54734, 2.11509, -2.8917, -0.82445, -0.37089], [-1.99086, 0.65554, 1.41578, 2.03917, -3.18912, -0.57853, -0.10066], [-1.9818, 0.58562, 1.28422, 1.96325, -3.48653, -0.33261, 0.16958], [-1.97838, 0.55925, 1.2346, 1.93462, -3.59871, -0.23986, 0.2715], [-1.80104, 0.77305, 1.27847, 1.91909, -3.31144, -0.45845, 0.07059], [-1.62369, 0.98684, 1.32234, 1.90356, -3.02417, -0.67704, -0.13033], [-1.44635, 1.20064, 1.36622, 1.88803, -2.7369, -0.89563, -0.33125], [-1.269, 1.41443, 1.41009, 1.87251, -2.44963, -1.11422, -0.53217], [-1.09165, 1.62823, 1.45397, 1.85698, -2.16236, -1.33281, -0.73308], [-0.91431, 1.84202, 1.49784, 1.84145, -1.87509, -1.5514, -0.934]]
end: [-0.90558000000000005, 1.8525499999999999, 1.5, 1.8406899999999999, -1.8609500000000001, -1.5621499999999999, -0.94389000000000001]
obtacles: [[[0.6, 0.5, -1.0], [0.9, 0.6, 1.0]], [[0.6, -0.6, -1.0], [0.9, -0.5, 1.0]], [[0.6, -0.6, 0.9], [0.9, 0.6, 1.0]], [[0.6, -0.6, -1.0], [0.9, 0.6, -0.9]], [[0.6, -0.6, 0.3], [0.9, 0.6, 0.4]], [[0.6, -0.6, -0.6], [0.9, 0.6, -0.5]], [[0.6, -0.1, 0.4], [0.9, 0.0, 1.0]], [[0.6, 0.0, -0.6], [0.9, 0.1, 0.4]], [[0.6, 0.2, -1.0], [0.9, 0.3, -0.5]]]
start: [-1.0457700000000001, 1.71898, 1.55, 1.71374, -1.7204200000000001, -1.57012, -0.66946000000000006]
tajectories: [[-1.04577, 1.71898, 1.55, 1.71374, -1.72042, -1.57012, -0.66946], [-1.1799, 1.40876, 1.29081, 1.84718, -1.56588, -1.44053, -0.56894], [-1.31404, 1.09854, 1.03161, 1.98063, -1.41133, -1.31095, -0.46842], [-1.44817, 0.78832, 0.77242, 2.11407, -1.25679, -1.18136, -0.3679], [-1.5823, 0.4781, 0.51322, 2.24752, -1.10224, -1.05178, -0.26737], [-1.71644, 0.16788, 0.25403, 2.38097, -0.94769, -0.92219, -0.16685], [-1.7888, 0.00052, 0.1142, 2.45296, -0.86432, -0.85228, -0.11262], [-1.84812, 0.17175, 0.28303, 2.36026, -0.51089, -0.77455, -0.33423], [-1.90743, 0.34299, 0.45187, 2.26755, -0.15747, -0.69682, -0.55584], [-1.96674, 0.51423, 0.62071, 2.17485, 0.19596, -0.6191, -0.77744], [-1.96955, 0.52232, 0.62869, 2.17047, 0.21266, -0.61542, -0.78792], [-1.89143, 0.38858, 0.83582, 1.89511, 0.42101, -0.38951, -0.6746], [-1.81331, 0.25484, 1.04296, 1.61976, 0.62935, -0.16359, -0.56129], [-1.73519, 0.1211, 1.25009, 1.34441, 0.8377, 0.06233, -0.44797], [-1.65708, -0.01264, 1.45723, 1.06905, 1.04604, 0.28825, -0.33465], [-1.60419, -0.10319, 1.59747, 0.88262, 1.18711, 0.44121, -0.25793], [-1.7757, -0.33725, 1.58589, 0.85601, 1.19337, 0.04049, -0.19204], [-1.94722, -0.5713, 1.57432, 0.82939, 1.19964, -0.36023, -0.12614], [-2.11873, -0.80536, 1.56274, 0.80278, 1.2059, -0.76095, -0.06025], [-2.29025, -1.03941, 1.55116, 0.77617, 1.21217, -1.16167, 0.00564]]
end: [-2.30742, -1.06284, 1.55, 0.77349999999999997, 1.2128000000000001, -1.2017899999999999, 0.012239999999999999]
obtacles: [[[0.6, 0.5, -1.0], [0.9, 0.6, 1.0]], [[0.6, -0.6, -1.0], [0.9, -0.5, 1.0]], [[0.6, -0.6, 0.9], [0.9, 0.6, 1.0]], [[0.6, -0.6, -1.0], [0.9, 0.6, -0.9]], [[0.6, -0.6, 0.3], [0.9, 0.6, 0.4]], [[0.6, -0.6, -0.6], [0.9, 0.6, -0.5]], [[0.6, -0.1, 0.4], [0.9, 0.0, 1.0]], [[0.6, 0.0, -0.6], [0.9, 0.1, 0.4]], [[0.6, 0.2, -1.0], [0.9, 0.3, -0.5]]]
start: [-0.50688, 1.9000900000000001, 1.7, 1.2421199999999999, -1.9235, -1.5597799999999999, -0.71179000000000003]
tajectories: [[-0.50688, 1.90009, 1.7, 1.24212, -1.9235, -1.55978, -0.71179], [-0.8252, 1.84062, 1.70295, 1.53997, -1.9709, -1.33478, -0.65228], [-1.14352, 1.78116, 1.7059, 1.83782, -2.0183, -1.10978, -0.59277], [-1.46185, 1.72169, 1.70885, 2.13566, -2.0657, -0.88478, -0.53326], [-1.65282, 1.68601, 1.71062, 2.31435, -2.09413, -0.7498, -0.49756], [-1.39335, 1.46084, 1.79926, 2.29238, -1.92022, -0.85531, -0.78436], [-1.13387, 1.23566, 1.88789, 2.27041, -1.74631, -0.96083, -1.07115], [-0.8744, 1.01049, 1.97653, 2.24844, -1.57239, -1.06634, -1.35795], [-0.81899, 0.9624, 1.99546, 2.24374, -1.53525, -1.08888, -1.4192], [-0.5716, 0.92334, 1.90609, 1.86368, -1.36268, -1.09344, -1.34822], [-0.32421, 0.88428, 1.81671, 1.48362, -1.19012, -1.098, -1.27723], [-0.07682, 0.84522, 1.72734, 1.10356, -1.01755, -1.10256, -1.20625]]
end: [-0.00116, 0.83328000000000002, 1.7, 0.98731000000000002, -0.96477000000000002, -1.1039600000000001, -1.1845399999999999]
obtacles: [[[0.6, 0.5, -1.0], [0.9, 0.6, 1.0]], [[0.6, -0.6, -1.0], [0.9, -0.5, 1.0]], [[0.6, -0.6, 0.9], [0.9, 0.6, 1.0]], [[0.6, -0.6, -1.0], [0.9, 0.6, -0.9]], [[0.6, -0.6, 0.3], [0.9, 0.6, 0.4]], [[0.6, -0.6, -0.6], [0.9, 0.6, -0.5]], [[0.6, -0.1, 0.4], [0.9, 0.0, 1.0]], [[0.6, 0.0, -0.6], [0.9, 0.1, 0.4]], [[0.6, 0.2, -1.0], [0.9, 0.3, -0.5]]]
start: [-2.0679599999999998, -1.8146800000000001, 1.6000000000000001, 1.8671, -1.3289899999999999, 1.52738, -2.3498199999999998]
tajectories: [[-2.06796, -1.81468, 1.6, 1.8671, -1.32899, 1.52738, -2.34982], [-1.9106, -1.69388, 1.59113, 1.97199, -0.89531, 1.52128, -2.45681], [-1.75324, -1.57307, 1.58227, 2.07688, -0.46163, 1.51517, -2.5638], [-1.59588, -1.45227, 1.5734, 2.18177, -0.02795, 1.50907, -2.67079], [-1.43852, -1.33146, 1.56453, 2.28666, 0.40573, 1.50297, -2.77777], [-1.41918, -1.31661, 1.56344, 2.29955, 0.45903, 1.50222, -2.79092], [-1.55941, -1.12364, 1.5106, 2.32613, 0.50463, 1.18236, -2.49902], [-1.69964, -0.93066, 1.45775, 2.3527, 0.55023, 0.8625, -2.20712], [-1.83987, -0.73769, 1.4049, 2.37928, 0.59583, 0.54264, -1.91523], [-1.9801, -0.54471, 1.35206, 2.40586, 0.64144, 0.22277, -1.62333], [-2.12033, -0.35174, 1.29921, 2.43243, 0.68704, -0.09709, -1.33143], [-2.18431, -0.2637, 1.2751, 2.44456, 0.70784, -0.24301, -1.19826], [-2.10553, -0.00433, 1.51394, 2.59327, 0.65315, -0.47783, -1.0002], [-2.02675, 0.25505, 1.75278, 2.74199, 0.59845, -0.71265, -0.80214], [-1.94797, 0.51442, 1.99162, 2.8907, 0.54375, -0.94747, -0.60408], [-1.92657, 0.58488, 2.05651, 2.9311, 0.52889, -1.01127, -0.55028], [-1.75304, 0.65474, 1.96512, 2.57381, 0.27124, -1.03892, -0.44141], [-1.57951, 0.7246, 1.87373, 2.21652, 0.0136, -1.06657, -0.33254], [-1.40597, 0.79446, 1.78234, 1.85923, -0.24405, -1.09422, -0.22368], [-1.23244, 0.86432, 1.69096, 1.50194, -0.5017, -1.12187, -0.11481], [-1.05891, 0.93417, 1.59957, 1.14465, -0.75934, -1.14952, -0.00594], [-0.88537, 1.00403, 1.50818, 0.78737, -1.01699, -1.17717, 0.10292]]
end: [-0.77490000000000003, 1.0485, 1.45, 0.55991999999999997, -1.181, -1.1947700000000001, 0.17222999999999999]
obtacles: [[[0.6, 0.5, -1.0], [0.9, 0.6, 1.0]], [[0.6, -0.6, -1.0], [0.9, -0.5, 1.0]], [[0.6, -0.6, 0.9], [0.9, 0.6, 1.0]], [[0.6, -0.6, -1.0], [0.9, 0.6, -0.9]], [[0.6, -0.6, 0.3], [0.9, 0.6, 0.4]], [[0.6, -0.6, -0.6], [0.9, 0.6, -0.5]], [[0.6, -0.1, 0.4], [0.9, 0.0, 1.0]], [[0.6, 0.0, -0.6], [0.9, 0.1, 0.4]], [[0.6, 0.2, -1.0], [0.9, 0.3, -0.5]]]
start: [-2.3453499999999998, -0.88239000000000001, 1.45, 1.0699000000000001, -2.1601400000000002, 1.17374, -2.70262]
tajectories: [[-2.34535, -0.88239, 1.45, 1.0699, -2.16014, 1.17374, -2.70262], [-2.25854, -0.78671, 1.45903, 0.97273, -2.44739, 0.80043, -2.74647], [-2.17174, -0.69103, 1.46805, 0.87556, -2.73463, 0.42712, -2.79031], [-2.08493, -0.59536, 1.47708, 0.77839, -3.02187, 0.05382, -2.83416], [-1.99813, -0.49968, 1.4861, 0.68122, -3.30911, -0.31949, -2.87801], [-1.91132, -0.40401, 1.49513, 0.58405, -3.59635, -0.69279, -2.92185], [-1.82452, -0.30833, 1.50416, 0.48687, -3.88359, -1.0661, -2.9657], [-1.75707, -0.234, 1.51117, 0.41138, -4.10676, -1.35614, -2.99977], [-1.88932, -0.10235, 1.4186, 0.80581, -3.9558, -1.18888, -2.98348], [-2.02157, 0.0293, 1.32604, 1.20025, -3.80484, -1.02162, -2.96719], [-2.15381, 0.16096, 1.23347, 1.59469, -3.65388, -0.85436, -2.9509], [-2.28606, 0.29261, 1.1409, 1.98913, -3.50292, -0.6871, -2.93461], [-2.4183, 0.42426, 1.04834, 2.38356, -3.35196, -0.51984, -2.91832], [-2.50675, 0.51231, 0.98643, 2.64737, -3.251, -0.40797, -2.90742], [-2.31099, 0.69837, 1.0644, 2.52664, -3.05795, -0.56363, -2.59935], [-2.11524, 0.88444, 1.14236, 2.40592, -2.8649, -0.71928, -2.29128], [-1.91948, 1.07051, 1.22033, 2.2852, -2.67185, -0.87493, -1.98321], [-1.72372, 1.25658, 1.2983, 2.16448, -2.4788, -1.03059, -1.67514], [-1.52796, 1.44265, 1.37627, 2.04375, -2.28575, -1.18624, -1.36707], [-1.3322, 1.62872, 1.45423, 1.92303, -2.0927, -1.3419, -1.05899], [-1.13645, 1.81478, 1.5322, 1.80231, -1.89966, -1.49755, -0.75092]]
end: [-1.09175, 1.85727, 1.55, 1.77475, -1.85558, -1.5330900000000001, -0.68059000000000003]
obtacles: [[[0.6, 0.5, -1.0], [0.9, 0.6, 1.0]], [[0.6, -0.6, -1.0], [0.9, -0.5, 1.0]], [[0.6, -0.6, 0.9], [0.9, 0.6, 1.0]], [[0.6, -0.6, -1.0], [0.9, 0.6, -0.9]], [[0.6, -0.6, 0.3], [0.9, 0.6, 0.4]], [[0.6, -0.6, -0.6], [0.9, 0.6, -0.5]], [[0.6, -0.1, 0.4], [0.9, 0.0, 1.0]], [[0.6, 0.0, -0.6], [0.9, 0.1, 0.4]], [[0.6, 0.2, -1.0], [0.9, 0.3, -0.5]]]
start: [-2.4896099999999999, -1.8649199999999999, 1.45, 1.2257400000000001, -1.2536700000000001, 1.5603199999999999, -2.5874199999999998]
tajectories: [[-2.48961, -1.86492, 1.45, 1.22574, -1.25367, 1.56032, -2.58742], [-2.21388, -1.78545, 1.5943, 1.48085, -1.05079, 1.37331, -2.51245], [-1.93814, -1.70599, 1.73859, 1.73595, -0.84791, 1.1863, -2.43748], [-1.66241, -1.62652, 1.88289, 1.99106, -0.64503, 0.99928, -2.36251], [-1.38667, -1.54706, 2.02719, 2.24616, -0.44215, 0.81227, -2.28754], [-1.27266, -1.5142, 2.08685, 2.35164, -0.35826, 0.73494, -2.25654], [-1.27795, -1.53755, 1.92791, 2.12138, -0.34554, 0.40183, -2.01155], [-1.28323, -1.56089, 1.76896, 1.89112, -0.33282, 0.06871, -1.76656], [-1.28852, -1.58424, 1.61002, 1.66087, -0.32009, -0.2644, -1.52158], [-1.29308, -1.60439, 1.4728, 1.46207, -0.30911, -0.55199, -1.31007], [-1.20938, -1.50411, 1.32687, 1.21457, -0.00555, -0.73186, -1.14918], [-1.19742, -1.48978, 1.30603, 1.17921, 0.03782, -0.75756, -1.1262], [-1.3644, -1.04662, 1.27894, 1.23562, -0.04886, -0.70295, -1.01981], [-1.53139, -0.60346, 1.25184, 1.29202, -0.13553, -0.64834, -0.91343], [-1.69837, -0.16031, 1.22475, 1.34843, -0.2222, -0.59374, -0.80704], [-1.79907, 0.10695, 1.20841, 1.38244, -0.27447, -0.5608, -0.74289], [-1.4726, 0.28831, 1.28259, 1.2148, -0.43548, -0.7255, -0.58839], [-1.14613, 0.46966, 1.35677, 1.04715, -0.5965, -0.89019, -0.43389], [-0.81966, 0.65101, 1.43095, 0.87951, -0.75751, -1.05489, -0.2794]]
end: [-0.73580999999999996, 0.69759000000000004, 1.45, 0.83645000000000003, -0.79886000000000001, -1.0971900000000001, -0.23971999999999999]
obtacles: [[[0.6, 0.5, -1.0], [0.9, 0.6, 1.0]], [[0.6, -0.6, -1.0], [0.9, -0.5, 1.0]], [[0.6, -0.6, 0.9], [0.9, 0.6, 1.0]], [[0.6, -0.6, -1.0], [0.9, 0.6, -0.9]], [[0.6, -0.6, 0.3], [0.9, 0.6, 0.4]], [[0.6, -0.6, -0.6], [0.9, 0.6, -0.5]], [[0.6, -0.1, 0.4], [0.9, 0.0, 1.0]], [[0.6, 0.0, -0.6], [0.9, 0.1, 0.4]], [[0.6, 0.2, -1.0], [0.9, 0.3, -0.5]]]
start: [-1.0226500000000001, 1.6908399999999999, 1.6000000000000001, 1.6489199999999999, -1.68828, -1.53254, -0.62226000000000004]
tajectories: [[-1.02265, 1.69084, 1.6, 1.64892, -1.68828, -1.53254, -0.62226], [-1.25112, 1.59852, 1.30876, 1.90684, -1.59189, -1.41524, -0.50027], [-1.47959, 1.5062, 1.01751, 2.16476, -1.4955, -1.29794, -0.37828], [-1.70806, 1.41388, 0.72627, 2.42269, -1.39911, -1.18064, -0.25629], [-1.93653, 1.32156, 0.43503, 2.68061, -1.30272, -1.06335, -0.1343], [-2.02426, 1.28611, 0.3232, 2.77964, -1.26571, -1.01831, -0.08746], [-1.85732, 1.0998, 0.61328, 2.76668, -1.03978, -1.04945, -0.31351], [-1.69039, 0.91348, 0.90335, 2.75371, -0.81386, -1.08058, -0.53955], [-1.52345, 0.72717, 1.19342, 2.74075, -0.58793, -1.11172, -0.7656], [-1.35651, 0.54085, 1.4835, 2.72778, -0.36201, -1.14286, -0.99164], [-1.18957, 0.35454, 1.77357, 2.71481, -0.13608, -1.174, -1.21768], [-1.02264, 0.16822, 2.06365, 2.70185, 0.08984, -1.20514, -1.44373], [-1.02008, 0.16537, 2.06809, 2.70165, 0.0933, -1.20562, -1.44719], [-0.80084, 0.30501, 1.96967, 2.34863, -0.11909, -1.20267, -1.39241], [-0.58161, 0.44466, 1.87124, 1.99561, -0.33149, -1.19971, -1.33763], [-0.36237, 0.58431, 1.77281, 1.64259, -0.54389, -1.19676, -1.28285], [-0.14313, 0.72396, 1.67439, 1.28957, -0.75629, -1.19381, -1.22807]]
end: [0.02256, 0.82950000000000002, 1.6000000000000001, 1.02277, -0.91681000000000001, -1.1915800000000001, -1.1866699999999999]
obtacles: [[[0.6, 0.5, -1.0], [0.9, 0.6, 1.0]], [[0.6, -0.6, -1.0], [0.9, -0.5, 1.0]], [[0.6, -0.6, 0.9], [0.9, 0.6, 1.0]], [[0.6, -0.6, -1.0], [0.9, 0.6, -0.9]], [[0.6, -0.6, 0.3], [0.9, 0.6, 0.4]], [[0.6, -0.6, -0.6], [0.9, 0.6, -0.5]], [[0.6, -0.1, 0.4], [0.9, 0.0, 1.0]], [[0.6, 0.0, -0.6], [0.9, 0.1, 0.4]], [[0.6, 0.2, -1.0], [0.9, 0.3, -0.5]]]
start: [-0.76022000000000001, 1.7907500000000001, 1.6499999999999999, 1.3287100000000001, -1.8032699999999999, -1.5481400000000001, -0.55708999999999997]
tajectories: [[-0.76022, 1.79075, 1.65, 1.32871, -1.80327, -1.54814, -0.55709], [-0.78988, 1.72134, 1.28571, 1.3417, -1.9351, -1.37967, -0.30083], [-0.81955, 1.65193, 0.92143, 1.35469, -2.06692, -1.2112, -0.04457], [-0.84922, 1.58251, 0.55714, 1.36768, -2.19875, -1.04274, 0.2117], [-0.87889, 1.5131, 0.19286, 1.38067, -2.33057, -0.87427, 0.46796], [-0.90855, 1.44369, -0.17143, 1.39366, -2.4624, -0.7058, 0.72422], [-0.93822, 1.37428, -0.53571, 1.40665, -2.59422, -0.53733, 0.98048], [-0.9675, 1.30577, -0.89529, 1.41947, -2.72434, -0.37104, 1.23344], [-1.00863, 0.85374, -0.78788, 1.28635, -2.61061, -0.411, 1.24725], [-1.04976, 0.40171, -0.68047, 1.15323, -2.49689, -0.45096, 1.26106], [-1.09089, -0.05032, -0.57306, 1.02012, -2.38316, -0.49092, 1.27487], [-1.13202, -0.50234, -0.46565, 0.887, -2.26943, -0.53089, 1.28868], [-1.17315, -0.95437, -0.35824, 0.75388, -2.1557, -0.57085, 1.3025], [-1.21428, -1.4064, -0.25083, 0.62076, -2.04197, -0.61081, 1.31631], [-1.2284, -1.56162, -0.21395, 0.57505, -2.00292, -0.62453, 1.32105], [-1.09472, -1.26566, 0.05509, 0.39877, -1.84362, -0.59212, 1.2], [-0.96103, -0.9697, 0.32414, 0.2225, -1.68433, -0.55971, 1.07895], [-0.82734, -0.67374, 0.59318, 0.04622, -1.52503, -0.52731, 0.95791], [-0.69365, -0.37779, 0.86223, -0.13005, -1.36573, -0.4949, 0.83686], [-0.64289, -0.2654, 0.96439, -0.19699, -1.30524, -0.48259, 0.79089], [-0.19454, -0.37428, 0.87418, -0.08483, -1.34535, -0.5703, 0.87521], [0.25381, -0.48316, 0.78396, 0.02733, -1.38547, -0.65802, 0.95953], [0.70215, -0.59204, 0.69375, 0.13948, -1.42558, -0.74573, 1.04385], [1.1505, -0.70092, 0.60353, 0.25164, -1.46569, -0.83344, 1.12817], [1.59885, -0.80981, 0.51331, 0.3638, -1.5058, -0.92116, 1.21248], [1.8851, -0.87932, 0.45571, 0.4354, -1.53141, -0.97716, 1.26632], [1.72303, -0.57184, 0.64894, 0.26484, -1.60227, -1.00903, 1.02816], [1.56096, -0.26435, 0.84216, 0.09427, -1.67312, -1.0409, 0.79], [1.39888, 0.04314, 1.03538, -0.0763, -1.74398, -1.07277, 0.55184], [1.23681, 0.35062, 1.22861, -0.24686, -1.81484, -1.10464, 0.31368], [1.07474, 0.65811, 1.42183, -0.41743, -1.88569, -1.13651, 0.07552], [0.91267, 0.96559, 1.61506, -0.588, -1.95655, -1.16838, -0.16265]]
end: [0.88334999999999997, 1.0212000000000001, 1.6499999999999999, -0.61885000000000001, -1.96936, -1.17414, -0.20571999999999999]
obtacles: [[[0.6, 0.5, -1.0], [0.9, 0.6, 1.0]], [[0.6, -0.6, -1.0], [0.9, -0.5, 1.0]], [[0.6, -0.6, 0.9], [0.9, 0.6, 1.0]], [[0.6, -0.6, -1.0], [0.9, 0.6, -0.9]], [[0.6, -0.6, 0.3], [0.9, 0.6, 0.4]], [[0.6, -0.6, -0.6], [0.9, 0.6, -0.5]], [[0.6, -0.1, 0.4], [0.9, 0.0, 1.0]], [[0.6, 0.0, -0.6], [0.9, 0.1, 0.4]], [[0.6, 0.2, -1.0], [0.9, 0.3, -0.5]]]
start: [-0.87646000000000002, 1.8179799999999999, 1.55, 1.85632, -1.81393, -1.52121, -0.97638000000000003]
tajectories: [[-0.87646, 1.81798, 1.55, 1.85632, -1.81393, -1.52121, -0.97638], [-1.12354, 1.73826, 1.56729, 2.05047, -1.90283, -1.51766, -0.60667], [-1.37062, 1.65855, 1.58458, 2.24461, -1.99173, -1.51412, -0.23695], [-1.6177, 1.57883, 1.60187, 2.43875, -2.08062, -1.51058, 0.13277], [-1.86477, 1.49911, 1.61916, 2.6329, -2.16952, -1.50703, 0.50249], [-1.93176, 1.4775, 1.62385, 2.68553, -2.19362, -1.50607, 0.60272], [-1.62754, 1.23126, 1.70275, 2.55491, -2.45775, -1.44747, 0.58457], [-1.32331, 0.98503, 1.78165, 2.42429, -2.72188, -1.38887, 0.56642], [-1.01909, 0.73879, 1.86056, 2.29366, -2.98601, -1.33027, 0.54826], [-0.71487, 0.49256, 1.93946, 2.16304, -3.25014, -1.27167, 0.53011], [-0.41064, 0.24633, 2.01836, 2.03241, -3.51427, -1.21306, 0.51195], [-0.10642, 9e-05, 2.09726, 1.90179, -3.7784, -1.15446, 0.4938], [0.19781, -0.24614, 2.17617, 1.77117, -4.04253, -1.09586, 0.47564], [0.20858, -0.25486, 2.17896, 1.76654, -4.05188, -1.09379, 0.475], [0.14748, -0.20605, 2.05551, 1.96906, -3.92004, -0.98084, 0.07814], [0.08639, -0.15724, 1.93207, 2.17157, -3.78821, -0.86789, -0.31872], [0.02529, -0.10842, 1.80862, 2.37408, -3.65638, -0.75494, -0.71557], [-0.0358, -0.05961, 1.68517, 2.5766, -3.52454, -0.64199, -1.11243], [-0.09689, -0.0108, 1.56173, 2.77911, -3.39271, -0.52904, -1.50929], [-0.14184, 0.02511, 1.47091, 2.92809, -3.29573, -0.44595, -1.80125], [-0.0923, 0.14231, 1.48253, 2.61271, -2.9558, -0.53896, -1.70123], [-0.04276, 0.25952, 1.49415, 2.29732, -2.61587, -0.63197, -1.60121], [0.00678, 0.37673, 1.50577, 1.98194, -2.27594, -0.72499, -1.50119], [0.05632, 0.49393, 1.51739, 1.66656, -1.93601, -0.818, -1.40117], [0.10586, 0.61114, 1.529, 1.35118, -1.59608, -0.91101, -1.30115], [0.1554, 0.72835, 1.54062, 1.03579, -1.25615, -1.00402, -1.20113]]
end: [0.19538, 0.82294, 1.55, 0.78125999999999995, -0.98180000000000001, -1.0790900000000001, -1.1204000000000001]
obtacles: [[[0.6, 0.5, -1.0], [0.9, 0.6, 1.0]], [[0.6, -0.6, -1.0], [0.9, -0.5, 1.0]], [[0.6, -0.6, 0.9], [0.9, 0.6, 1.0]], [[0.6, -0.6, -1.0], [0.9, 0.6, -0.9]], [[0.6, -0.6, 0.3], [0.9, 0.6, 0.4]], [[0.6, -0.6, -0.6], [0.9, 0.6, -0.5]], [[0.6, -0.1, 0.4], [0.9, 0.0, 1.0]], [[0.6, 0.0, -0.6], [0.9, 0.1, 0.4]], [[0.6, 0.2, -1.0], [0.9, 0.3, -0.5]]]
start: [-2.2047599999999998, -1.85545, 1.3500000000000001, 0.97004999999999997, -4.3542699999999996, -1.5561400000000001, -0.0011999999999999999]
tajectories: [[-2.20476, -1.85545, 1.35, 0.97005, -4.35427, -1.55614, -0.0012], [-2.15111, -1.80398, 1.38043, 1.1412, -3.98704, -1.42605, -0.25113], [-2.09746, -1.75251, 1.41086, 1.31235, -3.6198, -1.29595, -0.50105], [-2.04381, -1.70104, 1.44129, 1.4835, -3.25256, -1.16585, -0.75098], [-1.99016, -1.64957, 1.47172, 1.65466, -2.88532, -1.03575, -1.00091], [-1.93651, -1.5981, 1.50216, 1.82581, -2.51808, -0.90565, -1.25083], [-1.88988, -1.55336, 1.52861, 1.97457, -2.19889, -0.79257, -1.46807], [-1.77736, -1.24564, 1.6224, 2.19105, -2.35744, -0.62649, -1.65316], [-1.66485, -0.93792, 1.7162, 2.40754, -2.516, -0.46041, -1.83825], [-1.55233, -0.63019, 1.80999, 2.62403, -2.67456, -0.29433, -2.02334], [-1.43981, -0.32247, 1.90379, 2.84051, -2.83312, -0.12825, -2.20843], [-1.36511, -0.11818, 1.96606, 2.98423, -2.93838, -0.01799, -2.3313], [-1.57257, 0.03244, 2.01192, 2.93737, -3.14555, 0.16672, -2.01047], [-1.78003, 0.18306, 2.05778, 2.8905, -3.35272, 0.35144, -1.68964], [-1.98749, 0.33369, 2.10364, 2.84363, -3.55989, 0.53615, -1.3688], [-2.19495, 0.48431, 2.1495, 2.79677, -3.76707, 0.72087, -1.04797], [-2.39514, 0.62965, 2.19376, 2.75154, -3.96698, 0.89911, -0.73838], [-2.21784, 0.73261, 2.20135, 2.65794, -3.88464, 0.94418, -0.30211], [-2.04054, 0.83556, 2.20893, 2.56434, -3.8023, 0.98925, 0.13417], [-1.86324, 0.93852, 2.21652, 2.47075, -3.71996, 1.03432, 0.57044], [-1.68594, 1.04148, 2.2241, 2.37715, -3.63762, 1.07938, 1.00672], [-1.50864, 1.14443, 2.23169, 2.28355, -3.55528, 1.12445, 1.44299], [-1.42661, 1.19207, 2.2352, 2.24024, -3.51719, 1.1453, 1.64485], [-1.29129, 1.11525, 2.01815, 2.005, -3.6635, 1.25839, 1.94342], [-1.15597, 1.03843, 1.80111, 1.76975, -3.80982, 1.37148, 2.24199], [-1.02065, 0.96161, 1.58407, 1.53451, -3.95614, 1.48456, 2.54056]]
end: [-0.93706999999999996, 0.91415000000000002, 1.45, 1.3892, -4.0465200000000001, 1.5544199999999999, 2.72499]
obtacles: [[[0.6, 0.5, -1.0], [0.9, 0.6, 1.0]], [[0.6, -0.6, -1.0], [0.9, -0.5, 1.0]], [[0.6, -0.6, 0.9], [0.9, 0.6, 1.0]], [[0.6, -0.6, -1.0], [0.9, 0.6, -0.9]], [[0.6, -0.6, 0.3], [0.9, 0.6, 0.4]], [[0.6, -0.6, -0.6], [0.9, 0.6, -0.5]], [[0.6, -0.1, 0.4], [0.9, 0.0, 1.0]], [[0.6, 0.0, -0.6], [0.9, 0.1, 0.4]], [[0.6, 0.2, -1.0], [0.9, 0.3, -0.5]]]
start: [-0.97668999999999995, 1.9566399999999999, 1.7, 1.3507899999999999, -1.97529, -1.5364199999999999, -0.34177999999999997]
tajectories: [[-0.97669, 1.95664, 1.7, 1.35079, -1.97529, -1.53642, -0.34178], [-1.00024, 1.88518, 1.36555, 1.36573, -2.30672, -1.48921, -0.48385], [-1.02379, 1.81373, 1.0311, 1.38066, -2.63815, -1.442, -0.62593], [-1.04734, 1.74228, 0.69665, 1.3956, -2.96958, -1.39479, -0.768], [-1.0709, 1.67083, 0.3622, 1.41053, -3.30101, -1.34758, -0.91007], [-1.09445, 1.59937, 0.02775, 1.42547, -3.63244, -1.30037, -1.05215], [-1.118, 1.52792, -0.3067, 1.4404, -3.96387, -1.25316, -1.19422], [-1.14155, 1.45647, -0.64115, 1.45534, -4.2953, -1.20595, -1.33629], [-1.1424, 1.45389, -0.6532, 1.45587, -4.30724, -1.20425, -1.34141], [-1.20132, 1.0499, -0.57505, 1.57116, -4.22958, -0.96672, -1.37971], [-1.26025, 0.64591, -0.4969, 1.68645, -4.15192, -0.72918, -1.41801], [-1.31917, 0.24192, -0.41875, 1.80174, -4.07426, -0.49165, -1.45631], [-1.3781, -0.16207, -0.3406, 1.91703, -3.9966, -0.25411, -1.49461], [-1.43702, -0.56606, -0.26246, 2.03233, -3.91893, -0.01657, -1.53291], [-1.49594, -0.97005, -0.18431, 2.14762, -3.84127, 0.22096, -1.57121], [-1.53171, -1.21524, -0.13688, 2.21759, -3.79414, 0.36513, -1.59445], [-1.64172, -1.14415, 0.16173, 2.07444, -3.56246, 0.54858, -1.78382], [-1.75174, -1.07306, 0.46033, 1.93129, -3.33078, 0.73203, -1.97318], [-1.86175, -1.00197, 0.75893, 1.78814, -3.09911, 0.91548, -2.16254], [-1.97177, -0.93087, 1.05754, 1.64498, -2.86743, 1.09893, -2.3519], [-2.08178, -0.85978, 1.35614, 1.50183, -2.63575, 1.28238, -2.54126], [-2.1918, -0.78869, 1.65474, 1.35868, -2.40407, 1.46583, -2.73062]]
end: [-2.2084700000000002, -0.77791999999999994, 1.7, 1.3369899999999999, -2.36896, 1.49363, -2.7593200000000002]
obtacles: [[[0.6, 0.5, -1.0], [0.9, 0.6, 1.0]], [[0.6, -0.6, -1.0], [0.9, -0.5, 1.0]], [[0.6, -0.6, 0.9], [0.9, 0.6, 1.0]], [[0.6, -0.6, -1.0], [0.9, 0.6, -0.9]], [[0.6, -0.6, 0.3], [0.9, 0.6, 0.4]], [[0.6, -0.6, -0.6], [0.9, 0.6, -0.5]], [[0.6, -0.1, 0.4], [0.9, 0.0, 1.0]], [[0.6, 0.0, -0.6], [0.9, 0.1, 0.4]], [[0.6, 0.2, -1.0], [0.9, 0.3, -0.5]]]
start: [-0.64085999999999999, 1.8572900000000001, 1.6000000000000001, 1.5683499999999999, -1.85747, -1.5434699999999999, -0.91934000000000005]
tajectories: [[-0.64086, 1.85729, 1.6, 1.56835, -1.85747, -1.54347, -0.91934], [-0.89125, 1.85308, 1.56865, 1.64118, -1.71692, -1.53205, -0.51794], [-1.14163, 1.84887, 1.5373, 1.714, -1.57636, -1.52063, -0.11655], [-1.39202, 1.84466, 1.50596, 1.78682, -1.43581, -1.50922, 0.28485], [-1.6424, 1.84045, 1.47461, 1.85964, -1.29525, -1.4978, 0.68624], [-1.89279, 1.83624, 1.44326, 1.93246, -1.1547, -1.48638, 1.08764], [-2.01947, 1.83411, 1.4274, 1.9693, -1.08358, -1.4806, 1.29073], [-1.88437, 1.60153, 1.53577, 2.19963, -1.05939, -1.45457, 0.95667], [-1.74927, 1.36894, 1.64414, 2.42995, -1.03519, -1.42853, 0.6226], [-1.61417, 1.13636, 1.75251, 2.66028, -1.011, -1.4025, 0.28854], [-1.47908, 0.90378, 1.86088, 2.8906, -0.9868, -1.37647, -0.04552], [-1.39027, 0.7509, 1.93212, 3.042, -0.9709, -1.35936, -0.2651], [-1.15289, 0.74798, 1.87188, 2.62625, -0.96497, -1.29069, -0.37653], [-0.91551, 0.74506, 1.81165, 2.21051, -0.95905, -1.22203, -0.48796], [-0.67812, 0.74214, 1.75141, 1.79476, -0.95313, -1.15336, -0.59939], [-0.44074, 0.73922, 1.69118, 1.37901, -0.9472, -1.0847, -0.71082], [-0.20336, 0.73629, 1.63095, 0.96326, -0.94128, -1.01603, -0.82225]]
end: [-0.0814, 0.73479000000000005, 1.6000000000000001, 0.74966999999999995, -0.93823999999999996, -0.98075000000000001, -0.87948999999999999]
