obtacles: [[[0.6, 0.5, -1.0], [0.9, 0.6, 1.0]], [[0.6, -0.6, -1.0], [0.9, -0.5, 1.0]], [[0.6, -0.6, 0.9], [0.9, 0.6, 1.0]], [[0.6, -0.6, -1.0], [0.9, 0.6, -0.9]], [[0.6, -0.6, 0.4], [0.9, 0.6, 0.5]], [[0.6, -0.6, -0.4], [0.9, 0.6, -0.3]], [[0.6, -0.2, 0.5], [0.9, -0.1, 1.0]], [[0.6, -0.2, -0.4], [0.9, -0.1, 0.5]], [[0.6, 0.2, -1.0], [0.9, 0.3, -0.3]]]
start: [0.01993, 0.57930999999999999, 0.25, 1.00499, -0.13586000000000001, -1.56993, -0.23032]
tajectories: [[0.01993, 0.57931, 0.25, 1.00499, -0.13586, -1.56993, -0.23032], [0.10229, 0.46382, 0.34923, 1.32021, -0.45705, -1.46888, -0.3157], [0.18465, 0.34833, 0.44846, 1.63544, -0.77825, -1.36784, -0.40108], [0.267, 0.23283, 0.54769, 1.95066, -1.09944, -1.2668, -0.48646], [0.34936, 0.11734, 0.64692, 2.26589, -1.42064, -1.16575, -0.57184], [0.43172, 0.00185, 0.74616, 2.58111, -1.74183, -1.06471, -0.65722], [0.49047, -0.08052, 0.81694, 2.80595, -1.97093, -0.99263, -0.71812], [0.22907, -0.17864, 1.00666, 2.81465, -1.70301, -0.74976, -0.79026], [-0.03234, -0.27676, 1.19638, 2.82335, -1.43508, -0.5069, -0.8624], [-0.29374, -0.37488, 1.3861, 2.83204, -1.16716, -0.26403, -0.93453], [-0.55514, -0.47299, 1.57582, 2.84074, -0.89923, -0.02116, -1.00667], [-0.81654, -0.57111, 1.76554, 2.84944, -0.63131, 0.22171, -1.07881], [-0.99805, -0.63924, 1.89728, 2.85548, -0.44526, 0.39036, -1.1289], [-1.25404, -0.45192, 2.02431, 2.55052, -0.52753, 0.33173, -0.95559], [-1.51003, -0.2646, 2.15134, 2.24555, -0.6098, 0.27311, -0.78227], [-1.76602, -0.07727, 2.27837, 1.94059, -0.69207, 0.21448, -0.60896], [-2.022, 0.11005, 2.40539, 1.63563, -0.77434, 0.15586, -0.43565], [-2.27799, 0.29738, 2.53242, 1.33067, -0.8566, 0.09724, -0.26234], [-2.53398, 0.4847, 2.65945, 1.0257, -0.93887, 0.03861, -0.08903], [-2.54522, 0.49293, 2.66502, 1.01231, -0.94248, 0.03604, -0.08142], [-2.45493, 0.58012, 2.53164, 1.30185, -1.02427, -0.15894, 0.21509], [-2.36464, 0.6673, 2.39826, 1.59139, -1.10606, -0.35391, 0.5116], [-2.27436, 0.75449, 2.26487, 1.88093, -1.18785, -0.54889, 0.80811], [-2.18407, 0.84168, 2.13149, 2.17047, -1.26964, -0.74387, 1.10461], [-2.09378, 0.92887, 1.9981, 2.46, -1.35143, -0.93884, 1.40112], [-2.00349, 1.01606, 1.86472, 2.74954, -1.43322, -1.13382, 1.69763], [-1.92301, 1.09377, 1.74583, 3.00762, -1.50612, -1.30761, 1.96192], [-1.79261, 1.23081, 1.7298, 2.73433, -1.57563, -1.3504, 1.59777], [-1.66221, 1.36785, 1.71377, 2.46104, -1.64514, -1.39319, 1.23361], [-1.53181, 1.50488, 1.69775, 2.18775, -1.71465, -1.43598, 0.86945], [-1.40141, 1.64192, 1.68172, 1.91446, -1.78416, -1.47877, 0.5053], [-1.27101, 1.77896, 1.66569, 1.64117, -1.85367, -1.52156, 0.14114]]
end: [-1.14337, 1.91309, 1.6499999999999999, 1.3736699999999999, -1.92171, -1.56345, -0.21531]
obtacles: [[[0.6, 0.5, -1.0], [0.9, 0.6, 1.0]], [[0.6, -0.6, -1.0], [0.9, -0.5, 1.0]], [[0.6, -0.6, 0.9], [0.9, 0.6, 1.0]], [[0.6, -0.6, -1.0], [0.9, 0.6, -0.9]], [[0.6, -0.6, 0.4], [0.9, 0.6, 0.5]], [[0.6, -0.6, -0.4], [0.9, 0.6, -0.3]], [[0.6, -0.2, 0.5], [0.9, -0.1, 1.0]], [[0.6, -0.2, -0.4], [0.9, -0.1, 0.5]], [[0.6, 0.2, -1.0], [0.9, 0.3, -0.3]]]
start: [0.18331, 1.62985, 1.6499999999999999, 1.5048699999999999, -1.6351100000000001, -1.4958, -1.68343]
tajectories: [[0.18331, 1.62985, 1.65, 1.50487, -1.63511, -1.4958, -1.68343], [0.12318, 1.65937, 1.63854, 1.56102, -1.14767, -1.50452, -1.61596], [0.06304, 1.68889, 1.62708, 1.61717, -0.66023, -1.51324, -1.54849], [0.00291, 1.71841, 1.61563, 1.67332, -0.17279, -1.52196, -1.48102], [-0.05722, 1.74794, 1.60417, 1.72947, 0.31466, -1.53067, -1.41355], [-0.11008, 1.77389, 1.5941, 1.77883, 0.74312, -1.53834, -1.35425], [-0.12061, 1.44262, 1.37742, 2.01984, 0.83015, -1.37439, -1.32852], [-0.13113, 1.11136, 1.16074, 2.26086, 0.91718, -1.21045, -1.30278], [-0.14166, 0.78009, 0.94406, 2.50187, 1.00422, -1.04651, -1.27705], [-0.15219, 0.44883, 0.72738, 2.74288, 1.09125, -0.88256, -1.25132], [-0.16272, 0.11756, 0.5107, 2.9839, 1.17829, -0.71862, -1.22559], [-0.16416, 0.07227, 0.48107, 3.01685, 1.19019, -0.6962, -1.22207], [-0.36213, 0.29758, 0.52708, 3.01821, 1.02619, -0.76179, -0.86609], [-0.56011, 0.52289, 0.5731, 3.01958, 0.86219, -0.82737, -0.5101], [-0.75809, 0.74821, 0.61911, 3.02094, 0.69819, -0.89295, -0.15412], [-0.92791, 0.94148, 0.65858, 3.02211, 0.55751, -0.94921, 0.15124], [-1.05058, 0.92593, 0.596, 2.792, 0.13772, -0.9538, 0.11123], [-1.17324, 0.91038, 0.53343, 2.56189, -0.28206, -0.9584, 0.07121], [-1.2959, 0.89484, 0.47085, 2.33178, -0.70185, -0.96299, 0.0312], [-1.37991, 0.88419, 0.428, 2.17419, -0.98934, -0.96614, 0.0038], [-1.30778, 1.05674, 0.78145, 2.0274, -1.12935, -1.12081, -0.1544], [-1.23565, 1.2293, 1.13489, 1.88062, -1.26935, -1.27549, -0.31259], [-1.16352, 1.40186, 1.48834, 1.73383, -1.40935, -1.43016, -0.47079]]
end: [-1.13053, 1.4807900000000001, 1.6499999999999999, 1.6667000000000001, -1.4733799999999999, -1.50091, -0.54315000000000002]
obtacles: [[[0.6, 0.5, -1.0], [0.9, 0.6, 1.0]], [[0.6, -0.6, -1.0], [0.9, -0.5, 1.0]], [[0.6, -0.6, 0.9], [0.9, 0.6, 1.0]], [[0.6, -0.6, -1.0], [0.9, 0.6, -0.9]], [[0.6, -0.6, 0.4], [0.9, 0.6, 0.5]], [[0.6, -0.6, -0.4], [0.9, 0.6, -0.3]], [[0.6, -0.2, 0.5], [0.9, -0.1, 1.0]], [[0.6, -0.2, -0.4], [0.9, -0.1, 0.5]], [[0.6, 0.2, -1.0], [0.9, 0.3, -0.3]]]
start: [-2.4958200000000001, -1.61307, 1.55, 1.1651899999999999, -1.5237499999999999, 1.5683800000000001, -2.6226699999999998]
tajectories: [[-2.49582, -1.61307, 1.55, 1.16519, -1.52375, 1.56838, -2.62267], [-2.43037, -1.64688, 1.6918, 1.34038, -1.68706, 1.46638, -2.22682], [-2.36491, -1.6807, 1.8336, 1.51557, -1.85037, 1.36438, -1.83096], [-2.29946, -1.71451, 1.97539, 1.69076, -2.01368, 1.26239, -1.43511], [-2.24632, -1.74196, 2.09051, 1.83299, -2.14626, 1.17958, -1.11373], [-2.29865, -1.51787, 2.13943, 1.95749, -2.56906, 1.19889, -1.10904], [-2.35098, -1.29377, 2.18834, 2.08199, -2.99185, 1.21821, -1.10435], [-2.4033, -1.06968, 2.23726, 2.20649, -3.41465, 1.23752, -1.09966], [-2.45563, -0.84558, 2.28617, 2.33098, -3.83744, 1.25683, -1.09497], [-2.50796, -0.62149, 2.33509, 2.45548, -4.26024, 1.27614, -1.09028], [-2.55353, -0.42633, 2.37769, 2.5639, -4.62845, 1.29296, -1.0862], [-2.40441, -0.09449, 2.38077, 2.39378, -4.53087, 1.09192, -0.88933], [-2.25529, 0.23736, 2.38386, 2.22365, -4.4333, 0.89088, -0.69247], [-2.10618, 0.5692, 2.38694, 2.05353, -4.33572, 0.68984, -0.49561], [-1.95706, 0.90104, 2.39002, 1.8834, -4.23815, 0.4888, -0.29875], [-1.80794, 1.23288, 2.39311, 1.71328, -4.14057, 0.28776, -0.10189], [-1.65882, 1.56473, 2.39619, 1.54315, -4.043, 0.08672, 0.09497], [-1.50971, 1.89657, 2.39927, 1.37303, -3.94543, -0.11432, 0.29183], [-1.48996, 1.94052, 2.39968, 1.3505, -3.9325, -0.14095, 0.31791], [-1.62315, 1.65797, 2.20929, 1.39289, -3.6695, -0.23332, 0.50942], [-1.75634, 1.37543, 2.0189, 1.43529, -3.4065, -0.32569, 0.70094], [-1.88953, 1.09288, 1.8285, 1.47768, -3.1435, -0.41806, 0.89246], [-2.02272, 0.81034, 1.63811, 1.52008, -2.88049, -0.51043, 1.08398], [-2.15591, 0.52779, 1.44772, 1.56247, -2.61749, -0.60281, 1.27549], [-2.2891, 0.24525, 1.25732, 1.60487, -2.35449, -0.69518, 1.46701], [-2.292, 0.23908, 1.25317, 1.60579, -2.34875, -0.69719, 1.47119], [-1.99762, 0.36121, 1.30912, 1.3609, -2.15311, -0.74118, 1.2588], [-1.70324, 0.48335, 1.36508, 1.116, -1.95747, -0.78516, 1.04641], [-1.40886, 0.60548, 1.42103, 0.8711, -1.76183, -0.82914, 0.83402], [-1.11447, 0.72761, 1.47699, 0.62621, -1.56619, -0.87312, 0.62164], [-0.82009, 0.84974, 1.53294, 0.38131, -1.37055, -0.9171, 0.40925]]
end: [-0.73035000000000005, 0.88697000000000004, 1.55, 0.30664999999999998, -1.31091, -0.93050999999999995, 0.34449999999999997]
obtacles: [[[0.6, 0.5, -1.0], [0.9, 0.6, 1.0]], [[0.6, -0.6, -1.0], [0.9, -0.5, 1.0]], [[0.6, -0.6, 0.9], [0.9, 0.6, 1.0]], [[0.6, -0.6, -1.0], [0.9, 0.6, -0.9]], [[0.6, -0.6, 0.4], [0.9, 0.6, 0.5]], [[0.6, -0.6, -0.4], [0.9, 0.6, -0.3]], [[0.6, -0.2, 0.5], [0.9, -0.1, 1.0]], [[0.6, -0.2, -0.4], [0.9, -0.1, 0.5]], [[0.6, 0.2, -1.0], [0.9, 0.3, -0.3]]]
start: [-0.94535999999999998, 1.62676, 1.6000000000000001, 1.63737, -1.6247199999999999, -1.5379799999999999, -0.69030000000000002]
tajectories: [[-0.94536, 1.62676, 1.6, 1.63737, -1.62472, -1.53798, -0.6903], [-1.13405, 1.51328, 1.34249, 1.76776, -1.5708, -1.48245, -0.35532], [-1.32274, 1.39979, 1.08498, 1.89815, -1.51687, -1.42692, -0.02034], [-1.51143, 1.28631, 0.82748, 2.02854, -1.46294, -1.37138, 0.31465], [-1.70012, 1.17283, 0.56997, 2.15893, -1.40902, -1.31585, 0.64963], [-1.88881, 1.05934, 0.31246, 2.28932, -1.35509, -1.26032, 0.98461], [-2.0547, 0.95957, 0.08607, 2.40396, -1.30768, -1.21149, 1.27913], [-2.12103, 0.95791, 0.52728, 2.4202, -1.40386, -1.16858, 1.47804], [-2.18735, 0.95625, 0.9685, 2.43645, -1.50004, -1.12566, 1.67696], [-2.25368, 0.95458, 1.40972, 2.4527, -1.59623, -1.08274, 1.87588], [-2.32, 0.95292, 1.85093, 2.46895, -1.69241, -1.03982, 2.0748], [-2.38633, 0.95126, 2.29215, 2.48519, -1.78859, -0.9969, 2.27372], [-2.44361, 0.94982, 2.67324, 2.49923, -1.87167, -0.95983, 2.44553], [-2.42941, 0.68912, 2.55042, 2.22981, -1.90944, -0.66454, 2.51994], [-2.41521, 0.42841, 2.42761, 1.9604, -1.94722, -0.36924, 2.59435], [-2.40102, 0.1677, 2.30479, 1.69099, -1.985, -0.07394, 2.66876], [-2.38682, -0.09301, 2.18197, 1.42158, -2.02277, 0.22135, 2.74317], [-2.37262, -0.35371, 2.05916, 1.15217, -2.06055, 0.51665, 2.81758], [-2.35842, -0.61442, 1.93634, 0.88275, -2.09832, 0.81195, 2.89199], [-2.34422, -0.87513, 1.81353, 0.61334, -2.1361, 1.10724, 2.9664]]
end: [-2.34266, -0.90383999999999998, 1.8, 0.58367000000000002, -2.1402600000000001, 1.1397699999999999, 2.9745900000000001]
obtacles: [[[0.6, 0.5, -1.0], [0.9, 0.6, 1.0]], [[0.6, -0.6, -1.0], [0.9, -0.5, 1.0]], [[0.6, -0.6, 0.9], [0.9, 0.6, 1.0]], [[0.6, -0.6, -1.0], [0.9, 0.6, -0.9]], [[0.6, -0.6, 0.4], [0.9, 0.6, 0.5]], [[0.6, -0.6, -0.4], [0.9, 0.6, -0.3]], [[0.6, -0.2, 0.5], [0.9, -0.1, 1.0]], [[0.6, -0.2, -0.4], [0.9, -0.1, 0.5]], [[0.6, 0.2, -1.0], [0.9, 0.3, -0.3]]]
start: [-2.38931, -1.7645999999999999, 1.3999999999999999, 1.2734300000000001, -1.3343499999999999, 1.4675800000000001, -2.6493600000000002]
tajectories: [[-2.38931, -1.7646, 1.4, 1.27343, -1.33435, 1.46758, -2.64936], [-2.29872, -1.71833, 1.4064, 1.35798, -1.45021, 1.25476, -2.23253], [-2.20813, -1.67207, 1.41279, 1.44254, -1.56607, 1.04195, -1.8157], [-2.11754, -1.6258, 1.41919, 1.52709, -1.68193, 0.82914, -1.39886], [-2.02695, -1.57954, 1.42559, 1.61165, -1.7978, 0.61632, -0.98203], [-1.94438, -1.53737, 1.43142, 1.68872, -1.90341, 0.42234, -0.60209], [-1.75171, -1.60067, 1.36965, 2.00391, -1.87425, 0.28562, -0.30854], [-1.55903, -1.66397, 1.30789, 2.3191, -1.84509, 0.1489, -0.015], [-1.36636, -1.72728, 1.24612, 2.63429, -1.81593, 0.01219, 0.27854], [-1.21927, -1.77561, 1.19897, 2.87492, -1.79367, -0.09219, 0.50264], [-1.41427, -1.50094, 1.01407, 2.78876, -1.64968, -0.12938, 0.77247], [-1.60926, -1.22628, 0.82917, 2.70261, -1.50569, -0.16658, 1.0423], [-1.80426, -0.95161, 0.64427, 2.61645, -1.3617, -0.20377, 1.31213], [-1.99926, -0.67694, 0.45937, 2.53029, -1.21771, -0.24096, 1.58196], [-2.19425, -0.40228, 0.27448, 2.44413, -1.07371, -0.27815, 1.85179], [-2.35023, -0.18257, 0.12658, 2.37522, -0.95854, -0.3079, 2.06762], [-2.05384, -0.05361, 0.08817, 2.00052, -0.92279, -0.3564, 2.06381], [-1.75745, 0.07535, 0.04976, 1.62581, -0.88704, -0.40491, 2.05999], [-1.46106, 0.20431, 0.01135, 1.25111, -0.85129, -0.45341, 2.05618], [-1.16467, 0.33328, -0.02706, 0.87641, -0.81554, -0.50191, 2.05236], [-0.86828, 0.46224, -0.06547, 0.5017, -0.77979, -0.55041, 2.04855], [-0.71845, 0.52744, -0.08489, 0.31228, -0.76172, -0.57493, 2.04662], [-0.7544, 0.57974, 0.19016, 0.41405, -0.78155, -0.69205, 1.66472], [-0.79035, 0.63205, 0.46521, 0.51583, -0.80138, -0.80917, 1.28281], [-0.82631, 0.68436, 0.74025, 0.61761, -0.82121, -0.9263, 0.90091], [-0.86226, 0.73667, 1.0153, 0.71939, -0.84104, -1.04342, 0.51901], [-0.89821, 0.78898, 1.29035, 0.82117, -0.86087, -1.16054, 0.1371]]
end: [-0.91254999999999997, 0.80983000000000005, 1.3999999999999999, 0.86173999999999995, -0.86878, -1.20723, -0.01515]
obtacles: [[[0.6, 0.5, -1.0], [0.9, 0.6, 1.0]], [[0.6, -0.6, -1.0], [0.9, -0.5, 1.0]], [[0.6, -0.6, 0.9], [0.9, 0.6, 1.0]], [[0.6, -0.6, -1.0], [0.9, 0.6, -0.9]], [[0.6, -0.6, 0.4], [0.9, 0.6, 0.5]], [[0.6, -0.6, -0.4], [0.9, 0.6, -0.3]], [[0.6, -0.2, 0.5], [0.9, -0.1, 1.0]], [[0.6, -0.2, -0.4], [0.9, -0.1, 0.5]], [[0.6, 0.2, -1.0], [0.9, 0.3, -0.3]]]
start: [-2.4443600000000001, -1.92903, 1.55, 1.5681400000000001, -1.21245, 1.5522499999999999, -2.2778100000000001]
tajectories: [[-2.44436, -1.92903, 1.55, 1.56814, -1.21245, 1.55225, -2.27781], [-2.37545, -1.917, 1.38582, 1.57992, -1.42542, 1.1527, -2.16372], [-2.30655, -1.90496, 1.22164, 1.5917, -1.63839, 0.75315, -2.04962], [-2.23764, -1.89293, 1.05746, 1.60347, -1.85136, 0.3536, -1.93552], [-2.16874, -1.8809, 0.89328, 1.61525, -2.06433, -0.04595, -1.82143], [-2.09983, -1.86887, 0.7291, 1.62703, -2.27729, -0.4455, -1.70733], [-2.03093, -1.85684, 0.56492, 1.63881, -2.49026, -0.84505, -1.59323], [-1.98761, -1.84928, 0.46172, 1.64621, -2.62414, -1.09621, -1.52151], [-1.7254, -1.8752, 0.23746, 1.53555, -2.64376, -0.87964, -1.25553], [-1.46319, -1.90113, 0.0132, 1.4249, -2.66339, -0.66307, -0.98955], [-1.20098, -1.92705, -0.21106, 1.31424, -2.68301, -0.4465, -0.72356], [-0.93877, -1.95297, -0.43532, 1.20358, -2.70264, -0.22993, -0.45758], [-0.84776, -1.96197, -0.51316, 1.16518, -2.70945, -0.15476, -0.36526], [-1.00103, -1.65566, -0.19031, 1.00657, -2.73355, -0.10305, -0.35951], [-1.1543, -1.34934, 0.13255, 0.84795, -2.75766, -0.05133, -0.35375], [-1.30758, -1.04303, 0.4554, 0.68934, -2.78176, 0.00038, -0.348], [-1.46085, -0.73672, 0.77826, 0.53073, -2.80586, 0.05209, -0.34224], [-1.54367, -0.5712, 0.95271, 0.44502, -2.81889, 0.08003, -0.33913], [-1.53568, -0.30404, 1.07233, 0.70655, -2.62727, -0.09614, -0.50675], [-1.52769, -0.03688, 1.19195, 0.96809, -2.43565, -0.27231, -0.67437], [-1.51971, 0.23028, 1.31158, 1.22963, -2.24403, -0.44849, -0.84199], [-1.51172, 0.49744, 1.4312, 1.49116, -2.05241, -0.62466, -1.00961], [-1.50872, 0.59767, 1.47607, 1.58928, -1.98052, -0.69076, -1.0725], [-1.31259, 0.66099, 1.49498, 1.32492, -1.76007, -0.76521, -0.78416], [-1.11645, 0.7243, 1.51389, 1.06056, -1.53963, -0.83965, -0.49583], [-0.92032, 0.78762, 1.5328, 0.79619, -1.31918, -0.9141, -0.2075]]
end: [-0.7419, 0.84521000000000002, 1.55, 0.55571999999999999, -1.1186499999999999, -0.98182000000000003, 0.054780000000000002]
obtacles: [[[0.6, 0.5, -1.0], [0.9, 0.6, 1.0]], [[0.6, -0.6, -1.0], [0.9, -0.5, 1.0]], [[0.6, -0.6, 0.9], [0.9, 0.6, 1.0]], [[0.6, -0.6, -1.0], [0.9, 0.6, -0.9]], [[0.6, -0.6, 0.4], [0.9, 0.6, 0.5]], [[0.6, -0.6, -0.4], [0.9, 0.6, -0.3]], [[0.6, -0.2, 0.5], [0.9, -0.1, 1.0]], [[0.6, -0.2, -0.4], [0.9, -0.1, 0.5]], [[0.6, 0.2, -1.0], [0.9, 0.3, -0.3]]]
start: [-2.21983, -1.5099100000000001, 1.5, 1.5517399999999999, -1.6304799999999999, 1.49898, -2.50732]
tajectories: [[-2.21983, -1.50991, 1.5, 1.55174, -1.63048, 1.49898, -2.50732], [-1.95753, -1.49791, 1.71467, 1.9157, -1.64795, 1.51022, -2.55289], [-1.69523, -1.48591, 1.92935, 2.27965, -1.66541, 1.52147, -2.59846], [-1.43294, -1.47392, 2.14402, 2.64361, -1.68287, 1.53271, -2.64404], [-1.17885, -1.46229, 2.35199, 2.99619, -1.69979, 1.5436, -2.68819], [-1.1543, -1.18949, 2.38835, 2.89791, -1.80698, 1.54018, -2.29768], [-1.12976, -0.91668, 2.42472, 2.79963, -1.91417, 1.53676, -1.90718], [-1.10522, -0.64388, 2.46108, 2.70136, -2.02136, 1.53334, -1.51668], [-1.08067, -0.37107, 2.49745, 2.60308, -2.12855, 1.52992, -1.12617], [-1.05613, -0.09826, 2.53382, 2.50481, -2.23574, 1.5265, -0.73567], [-1.03158, 0.17454, 2.57018, 2.40653, -2.34293, 1.52308, -0.34517], [-1.00704, 0.44735, 2.60655, 2.30826, -2.45012, 1.51966, 0.04533], [-0.9825, 0.72015, 2.64292, 2.20998, -2.55731, 1.51624, 0.43584], [-0.96676, 0.89507, 2.66623, 2.14697, -2.62604, 1.51405, 0.68622], [-1.1499, 0.80061, 2.67621, 2.09802, -2.71923, 1.2016, 1.00044], [-1.33304, 0.70615, 2.68619, 2.04906, -2.81242, 0.88914, 1.31465], [-1.51617, 0.61169, 2.69616, 2.00011, -2.9056, 0.57669, 1.62887], [-1.69931, 0.51723, 2.70614, 1.95116, -2.99879, 0.26424, 1.94308], [-1.88245, 0.42277, 2.71611, 1.9022, -3.09198, -0.04821, 2.2573], [-2.06558, 0.32831, 2.72609, 1.85325, -3.18517, -0.36067, 2.57152], [-2.24872, 0.23385, 2.73606, 1.8043, -3.27835, -0.67312, 2.88573], [-2.28094, 0.21723, 2.73782, 1.79569, -3.29475, -0.72808, 2.941], [-2.11638, 0.30608, 2.58928, 1.64867, -3.03805, -0.77279, 2.61935], [-1.95181, 0.39493, 2.44074, 1.50166, -2.78136, -0.81749, 2.2977], [-1.78725, 0.48378, 2.29219, 1.35465, -2.52467, -0.8622, 1.97605], [-1.62269, 0.57263, 2.14365, 1.20764, -2.26798, -0.90691, 1.6544], [-1.45813, 0.66148, 1.99511, 1.06063, -2.01129, -0.95161, 1.33275], [-1.29357, 0.75033, 1.84657, 0.91362, -1.7546, -0.99632, 1.0111], [-1.12901, 0.83918, 1.69803, 0.76661, -1.49791, -1.04103, 0.68944], [-0.96445, 0.92803, 1.54949, 0.6196, -1.24121, -1.08573, 0.36779]]
end: [-0.90961999999999998, 0.95762999999999998, 1.5, 0.57062000000000002, -1.1556999999999999, -1.10063, 0.26062999999999997]
obtacles: [[[0.6, 0.5, -1.0], [0.9, 0.6, 1.0]], [[0.6, -0.6, -1.0], [0.9, -0.5, 1.0]], [[0.6, -0.6, 0.9], [0.9, 0.6, 1.0]], [[0.6, -0.6, -1.0], [0.9, 0.6, -0.9]], [[0.6, -0.6, 0.4], [0.9, 0.6, 0.5]], [[0.6, -0.6, -0.4], [0.9, 0.6, -0.3]], [[0.6, -0.2, 0.5], [0.9, -0.1, 1.0]], [[0.6, -0.2, -0.4], [0.9, -0.1, 0.5]], [[0.6, 0.2, -1.0], [0.9, 0.3, -0.3]]]
start: [-2.47011, -1.6927099999999999, 1.45, 0.79834000000000005, -4.5409800000000002, -1.5700099999999999, 0.11941]
tajectories: [[-2.47011, -1.69271, 1.45, 0.79834, -4.54098, -1.57001, 0.11941], [-2.40238, -1.52868, 1.56402, 1.07633, -4.29677, -1.33799, 0.2409], [-2.33465, -1.36464, 1.67804, 1.35431, -4.05257, -1.10596, 0.3624], [-2.26692, -1.20061, 1.79206, 1.6323, -3.80837, -0.87394, 0.48389], [-2.19918, -1.03657, 1.90608, 1.91028, -3.56417, -0.64192, 0.60538], [-2.13145, -0.87254, 2.0201, 2.18826, -3.31997, -0.4099, 0.72687], [-2.12535, -0.85777, 2.03037, 2.2133, -3.29798, -0.389, 0.73781], [-1.9053, -0.69567, 1.78757, 2.44083, -3.06854, -0.31548, 0.81866], [-1.68525, -0.53358, 1.54477, 2.66836, -2.83911, -0.24197, 0.89951], [-1.46521, -0.37148, 1.30197, 2.89589, -2.60967, -0.16845, 0.98036], [-1.35001, -0.28663, 1.17487, 3.015, -2.48956, -0.12996, 1.02268], [-1.32246, -0.374, 1.12774, 2.70192, -2.20633, -0.33808, 0.88915], [-1.29492, -0.46138, 1.08061, 2.38884, -1.9231, -0.5462, 0.75561], [-1.26737, -0.54875, 1.03349, 2.07576, -1.63987, -0.75432, 0.62208], [-1.23982, -0.63613, 0.98636, 1.76268, -1.35663, -0.96245, 0.48854], [-1.23316, -0.65724, 0.97498, 1.68704, -1.2882, -1.01273, 0.45628], [-1.34675, -0.28557, 0.85806, 1.50347, -1.42479, -1.18955, 0.41536], [-1.46034, 0.0861, 0.74115, 1.31991, -1.56138, -1.36637, 0.37444], [-1.54367, 0.35877, 0.65538, 1.18524, -1.66159, -1.49609, 0.34441], [-1.33716, 0.50269, 0.9244, 1.1014, -1.38532, -1.40015, 0.19707], [-1.13065, 0.6466, 1.19342, 1.01755, -1.10905, -1.30421, 0.04972]]
end: [-0.93369000000000002, 0.78386, 1.45, 0.93759000000000003, -0.84555000000000002, -1.21271, -0.090810000000000002]
obtacles: [[[0.6, 0.5, -1.0], [0.9, 0.6, 1.0]], [[0.6, -0.6, -1.0], [0.9, -0.5, 1.0]], [[0.6, -0.6, 0.9], [0.9, 0.6, 1.0]], [[0.6, -0.6, -1.0], [0.9, 0.6, -0.9]], [[0.6, -0.6, 0.4], [0.9, 0.6, 0.5]], [[0.6, -0.6, -0.4], [0.9, 0.6, -0.3]], [[0.6, -0.2, 0.5], [0.9, -0.1, 1.0]], [[0.6, -0.2, -0.4], [0.9, -0.1, 0.5]], [[0.6, 0.2, -1.0], [0.9, 0.3, -0.3]]]
start: [-2.53538, -1.8835999999999999, 1.45, 1.2554799999999999, -1.2364599999999999, 1.55722, -2.51369]
tajectories: [[-2.53538, -1.8836, 1.45, 1.25548, -1.23646, 1.55722, -2.51369], [-2.43406, -1.73819, 1.76479, 1.40554, -1.28095, 1.5349, -2.20627], [-2.33275, -1.59278, 2.07959, 1.55559, -1.32545, 1.51258, -1.89886], [-2.23143, -1.44737, 2.39438, 1.70564, -1.36994, 1.49025, -1.59145], [-2.20835, -1.41424, 2.46611, 1.73983, -1.38008, 1.48517, -1.52141], [-1.96053, -1.24967, 2.42231, 1.94885, -1.35591, 1.29258, -1.24173], [-1.71272, -1.08511, 2.37851, 2.15787, -1.33173, 1.09998, -0.96204], [-1.4649, -0.92054, 2.33472, 2.36689, -1.30756, 0.90739, -0.68236], [-1.21708, -0.75598, 2.29092, 2.5759, -1.28338, 0.7148, -0.40268], [-0.96927, -0.59141, 2.24712, 2.78492, -1.2592, 0.52221, -0.12299], [-0.72145, -0.42685, 2.20333, 2.99394, -1.23503, 0.32962, 0.15669], [-0.71919, -0.42535, 2.20293, 2.99585, -1.23481, 0.32786, 0.15924], [-0.62653, -0.41816, 2.24847, 2.71599, -1.27069, 0.28403, 0.55643], [-0.53386, -0.41098, 2.29401, 2.43613, -1.30658, 0.2402, 0.95362], [-0.4412, -0.40379, 2.33956, 2.15627, -1.34246, 0.19637, 1.3508], [-0.34854, -0.39661, 2.3851, 1.87641, -1.37835, 0.15254, 1.74799], [-0.25587, -0.38942, 2.43064, 1.59656, -1.41423, 0.10871, 2.14518], [-0.16321, -0.38224, 2.47619, 1.3167, -1.45012, 0.06488, 2.54237], [-0.12515, -0.37929, 2.49489, 1.20175, -1.46486, 0.04687, 2.7055], [-0.47871, -0.29551, 2.42975, 0.9519, -1.46401, -0.10808, 2.54029], [-0.83226, -0.21173, 2.36462, 0.70205, -1.46316, -0.26304, 2.37507], [-1.18582, -0.12795, 2.29948, 0.4522, -1.4623, -0.418, 2.20986], [-1.53938, -0.04417, 2.23434, 0.20235, -1.46145, -0.57296, 2.04464], [-1.89294, 0.03961, 2.1692, -0.0475, -1.4606, -0.72792, 1.87943], [-2.21298, 0.11545, 2.11024, -0.27366, -1.45983, -0.86818, 1.72988], [-1.95619, 0.26096, 1.92692, -0.09899, -1.34079, -0.93932, 1.44785], [-1.6994, 0.40646, 1.74361, 0.07569, -1.22175, -1.01046, 1.16582], [-1.44261, 0.55197, 1.56029, 0.25037, -1.10272, -1.08159, 0.8838], [-1.18583, 0.69747, 1.37697, 0.42505, -0.98368, -1.15273, 0.60177], [-0.92904, 0.84298, 1.19365, 0.59973, -0.86464, -1.22387, 0.31974]]
end: [-0.8679, 0.87761999999999996, 1.1499999999999999, 0.64132, -0.83628999999999998, -1.2407999999999999, 0.25258999999999998]
obtacles: [[[0.6, 0.5, -1.0], [0.9, 0.6, 1.0]], [[0.6, -0.6, -1.0], [0.9, -0.5, 1.0]], [[0.6, -0.6, 0.9], [0.9, 0.6, 1.0]], [[0.6, -0.6, -1.0], [0.9, 0.6, -0.9]], [[0.6, -0.6, 0.4], [0.9, 0.6, 0.5]], [[0.6, -0.6, -0.4], [0.9, 0.6, -0.3]], [[0.6, -0.2, 0.5], [0.9, -0.1, 1.0]], [[0.6, -0.2, -0.4], [0.9, -0.1, 0.5]], [[0.6, 0.2, -1.0], [0.9, 0.3, -0.3]]]
start: [-2.4650400000000001, -1.8141400000000001, 1.55, 1.6735500000000001, -1.3306500000000001, 1.52599, -2.1525400000000001]
tajectories: [[-2.46504, -1.81414, 1.55, 1.67355, -1.33065, 1.52599, -2.15254], [-2.33997, -1.75813, 1.51993, 1.82162, -0.91372, 1.43188, -1.99222], [-2.21489, -1.70212, 1.48985, 1.96969, -0.49679, 1.33777, -1.8319], [-2.08982, -1.64611, 1.45978, 2.11776, -0.07985, 1.24367, -1.67158], [-1.96475, -1.59011, 1.42971, 2.26582, 0.33708, 1.14956, -1.51126], [-1.83968, -1.5341, 1.39964, 2.41389, 0.75401, 1.05545, -1.35094], [-1.82796, -1.52885, 1.39682, 2.42777, 0.79308, 1.04663, -1.33592], [-1.60877, -1.17887, 1.52949, 2.22979, 0.66158, 1.09967, -1.2853], [-1.38957, -0.82888, 1.66217, 2.03182, 0.53009, 1.15271, -1.23468], [-1.17038, -0.47889, 1.79484, 1.83384, 0.39859, 1.20576, -1.18406], [-0.95119, -0.12891, 1.92752, 1.63586, 0.26709, 1.2588, -1.13344], [-0.732, 0.22108, 2.0602, 1.43789, 0.13559, 1.31184, -1.08282], [-0.55447, 0.50455, 2.16766, 1.27754, 0.02908, 1.3548, -1.04182], [-0.72408, 0.45194, 1.91583, 1.00676, 0.14403, 1.38839, -0.78224], [-0.89369, 0.39933, 1.66399, 0.73598, 0.25898, 1.42198, -0.52266], [-1.06331, 0.34672, 1.41216, 0.4652, 0.37393, 1.45557, -0.26308], [-1.23292, 0.29411, 1.16033, 0.19442, 0.48887, 1.48916, -0.0035], [-1.40254, 0.2415, 0.9085, -0.07637, 0.60382, 1.52275, 0.25607], [-1.44538, 0.22821, 0.84489, -0.14477, 0.63286, 1.53123, 0.32165], [-1.33931, 0.32295, 0.94979, -0.07204, 0.34933, 1.16644, 0.31767], [-1.23323, 0.41769, 1.0547, 0.00069, 0.06581, 0.80165, 0.31369], [-1.12715, 0.51242, 1.15961, 0.07342, -0.21772, 0.43685, 0.30971], [-1.02108, 0.60716, 1.26452, 0.14616, -0.50124, 0.07206, 0.30573], [-0.915, 0.70189, 1.36943, 0.21889, -0.78477, -0.29273, 0.30175], [-0.80893, 0.79663, 1.47433, 0.29162, -1.0683, -0.65753, 0.29777]]
end: [-0.73241999999999996, 0.86495999999999995, 1.55, 0.34408, -1.2727900000000001, -0.92064000000000001, 0.2949]
obtacles: [[[0.6, 0.5, -1.0], [0.9, 0.6, 1.0]], [[0.6, -0.6, -1.0], [0.9, -0.5, 1.0]], [[0.6, -0.6, 0.9], [0.9, 0.6, 1.0]], [[0.6, -0.6, -1.0], [0.9, 0.6, -0.9]], [[0.6, -0.6, 0.4], [0.9, 0.6, 0.5]], [[0.6, -0.6, -0.4], [0.9, 0.6, -0.3]], [[0.6, -0.2, 0.5], [0.9, -0.1, 1.0]], [[0.6, -0.2, -0.4], [0.9, -0.1, 0.5]], [[0.6, 0.2, -1.0], [0.9, 0.3, -0.3]]]
start: [-2.3609499999999999, -1.9143300000000001, 1.55, 1.91337, -1.25203, 1.4388300000000001, -2.0337100000000001]
tajectories: [[-2.36095, -1.91433, 1.55, 1.91337, -1.25203, 1.43883, -2.03371], [-2.13554, -1.90192, 1.47942, 1.99571, -1.1226, 1.1025, -1.79412], [-1.91013, -1.8895, 1.40885, 2.07805, -0.99317, 0.76617, -1.55453], [-1.68471, -1.87709, 1.33827, 2.16039, -0.86374, 0.42985, -1.31494], [-1.4593, -1.86468, 1.26769, 2.24272, -0.73431, 0.09352, -1.07534], [-1.23388, -1.85226, 1.19711, 2.32506, -0.60488, -0.24281, -0.83575], [-1.00847, -1.83985, 1.12654, 2.4074, -0.47544, -0.57914, -0.59616], [-0.78306, -1.82744, 1.05596, 2.48974, -0.34601, -0.91547, -0.35657], [-0.60044, -1.81738, 0.99878, 2.55645, -0.24116, -1.18794, -0.16247], [-0.78657, -1.46655, 1.06968, 2.53687, -0.40806, -1.22601, 0.07745], [-0.9727, -1.11572, 1.14057, 2.5173, -0.57497, -1.26408, 0.31736], [-1.15884, -0.76489, 1.21147, 2.49772, -0.74188, -1.30215, 0.55727], [-1.34497, -0.41407, 1.28237, 2.47815, -0.90878, -1.34022, 0.79718], [-1.5311, -0.06324, 1.35326, 2.45857, -1.07569, -1.37829, 1.03709], [-1.71723, 0.28759, 1.42416, 2.439, -1.2426, -1.41636, 1.27701], [-1.87203, 0.57936, 1.48312, 2.42272, -1.38141, -1.44802, 1.47653], [-1.95685, 0.63778, 1.71703, 2.26917, -1.0672, -1.32335, 1.69293], [-2.04167, 0.6962, 1.95095, 2.11562, -0.75299, -1.19868, 1.90933], [-2.12649, 0.75463, 2.18487, 1.96207, -0.43878, -1.07401, 2.12573], [-2.20727, 0.81026, 2.40763, 1.81584, -0.13955, -0.95529, 2.33181], [-1.99246, 0.82998, 2.2698, 1.61092, -0.30849, -0.9697, 1.99457], [-1.77766, 0.84969, 2.13197, 1.406, -0.47743, -0.98412, 1.65732], [-1.56286, 0.86941, 1.99414, 1.20108, -0.64636, -0.99853, 1.32008], [-1.34806, 0.88913, 1.85631, 0.99616, -0.8153, -1.01295, 0.98283], [-1.13325, 0.90884, 1.71848, 0.79124, -0.98424, -1.02737, 0.64559], [-0.91845, 0.92856, 1.58065, 0.58632, -1.15318, -1.04178, 0.30835]]
end: [-0.87068999999999996, 0.93293999999999999, 1.55, 0.54074999999999995, -1.1907399999999999, -1.0449900000000001, 0.23336000000000001]
obtacles: [[[0.6, 0.5, -1.0], [0.9, 0.6, 1.0]], [[0.6, -0.6, -1.0], [0.9, -0.5, 1.0]], [[0.6, -0.6, 0.9], [0.9, 0.6, 1.0]], [[0.6, -0.6, -1.0], [0.9, 0.6, -0.9]], [[0.6, -0.6, 0.4], [0.9, 0.6, 0.5]], [[0.6, -0.6, -0.4], [0.9, 0.6, -0.3]], [[0.6, -0.2, 0.5], [0.9, -0.1, 1.0]], [[0.6, -0.2, -0.4], [0.9, -0.1, 0.5]], [[0.6, 0.2, -1.0], [0.9, 0.3, -0.3]]]
start: [-1.0064500000000001, 1.5669999999999999, 1.6000000000000001, 1.45346, -1.5704400000000001, -1.54135, -0.44707999999999998]
tajectories: [[-1.00645, 1.567, 1.6, 1.45346, -1.57044, -1.54135, -0.44708], [-1.19199, 1.40887, 1.27213, 1.70301, -1.56238, -1.46772, -0.32335], [-1.37752, 1.25073, 0.94425, 1.95256, -1.55432, -1.39409, -0.19963], [-1.56306, 1.0926, 0.61638, 2.20211, -1.54625, -1.32045, -0.07591], [-1.7486, 0.93447, 0.28851, 2.45166, -1.53819, -1.24682, 0.04782], [-1.93414, 0.77633, -0.03937, 2.70121, -1.53012, -1.17319, 0.17154], [-2.09873, 0.63605, -0.33023, 2.92258, -1.52297, -1.10787, 0.2813], [-2.07327, 0.39423, -0.57658, 2.98635, -1.17967, -1.19096, 0.31826], [-2.04796, 0.15376, -0.82155, 3.04977, -0.8383, -1.27358, 0.35502], [-2.03548, -0.03657, -0.64591, 2.87208, -0.66167, -1.01119, 0.12886], [-2.023, -0.2269, -0.47026, 2.69439, -0.48504, -0.7488, -0.0973], [-2.01052, -0.41723, -0.29462, 2.5167, -0.30841, -0.48641, -0.32346], [-1.99803, -0.60756, -0.11897, 2.33901, -0.13178, -0.22402, -0.54962], [-1.98555, -0.79789, 0.05667, 2.16133, 0.04485, 0.03837, -0.77578], [-1.97642, -0.93709, 0.18514, 2.03137, 0.17404, 0.23028, -0.94119], [-2.00814, -0.93076, 0.45407, 1.81457, 0.33255, -0.03978, -0.76352], [-2.03986, -0.92442, 0.72301, 1.59777, 0.49105, -0.30985, -0.58584], [-2.07157, -0.91808, 0.99194, 1.38098, 0.64956, -0.57991, -0.40817], [-2.10329, -0.91174, 1.26088, 1.16418, 0.80807, -0.84998, -0.2305], [-2.13501, -0.90541, 1.52981, 0.94739, 0.96657, -1.12004, -0.05282]]
end: [-2.1432899999999999, -0.90375000000000005, 1.6000000000000001, 0.89080999999999999, 1.0079400000000001, -1.1905300000000001, -0.00645]
obtacles: [[[0.6, 0.5, -1.0], [0.9, 0.6, 1.0]], [[0.6, -0.6, -1.0], [0.9, -0.5, 1.0]], [[0.6, -0.6, 0.9], [0.9, 0.6, 1.0]], [[0.6, -0.6, -1.0], [0.9, 0.6, -0.9]], [[0.6, -0.6, 0.4], [0.9, 0.6, 0.5]], [[0.6, -0.6, -0.4], [0.9, 0.6, -0.3]], [[0.6, -0.2, 0.5], [0.9, -0.1, 1.0]], [[0.6, -0.2, -0.4], [0.9, -0.1, 0.5]], [[0.6, 0.2, -1.0], [0.9, 0.3, -0.3]]]
start: [-1.03115, 1.6133999999999999, 1.6000000000000001, 1.72736, -1.6083499999999999, -1.5353300000000001, -0.69491999999999998]
tajectories: [[-1.03115, 1.6134, 1.6, 1.72736, -1.60835, -1.53533, -0.69492], [-1.33962, 1.48274, 1.4134, 1.95367, -1.50756, -1.33202, -0.67936], [-1.64809, 1.35207, 1.22679, 2.17998, -1.40676, -1.12872, -0.66381], [-1.95656, 1.22141, 1.04019, 2.40629, -1.30596, -0.92541, -0.64825], [-2.26503, 1.09074, 0.85358, 2.6326, -1.20517, -0.7221, -0.6327], [-2.41588, 1.02684, 0.76233, 2.74328, -1.15588, -0.62268, -0.62509], [-2.35699, 1.05401, 0.87514, 2.39141, -0.85784, -0.71442, -0.73469], [-2.2981, 1.08118, 0.98795, 2.03954, -0.5598, -0.80615, -0.84429], [-2.23921, 1.10835, 1.10077, 1.68767, -0.26176, -0.89789, -0.95389], [-2.18032, 1.13551, 1.21358, 1.3358, 0.03627, -0.98963, -1.06349], [-2.16345, 1.1433, 1.2459, 1.23499, 0.12166, -1.01591, -1.09489], [-2.0268, 0.77994, 1.26528, 1.19604, 0.2285, -0.73487, -1.17861], [-1.89014, 0.41659, 1.28466, 1.15709, 0.33533, -0.45383, -1.26232], [-1.75349, 0.05324, 1.30403, 1.11815, 0.44217, -0.17278, -1.34604], [-1.61683, -0.31011, 1.32341, 1.0792, 0.54901, 0.10826, -1.42976], [-1.59073, -0.37953, 1.32711, 1.07176, 0.56941, 0.16195, -1.44575], [-1.72161, -0.51113, 1.39075, 1.00576, 0.68842, -0.14703, -1.13348], [-1.8525, -0.64273, 1.4544, 0.93976, 0.80742, -0.456, -0.82121], [-1.98339, -0.77434, 1.51804, 0.87376, 0.92643, -0.76498, -0.50893], [-2.11428, -0.90594, 1.58168, 0.80776, 1.04543, -1.07396, -0.19666]]
end: [-2.1519499999999998, -0.94382999999999995, 1.6000000000000001, 0.78876000000000002, 1.07969, -1.1629, -0.10677]
obtacles: [[[0.6, 0.5, -1.0], [0.9, 0.6, 1.0]], [[0.6, -0.6, -1.0], [0.9, -0.5, 1.0]], [[0.6, -0.6, 0.9], [0.9, 0.6, 1.0]], [[0.6, -0.6, -1.0], [0.9, 0.6, -0.9]], [[0.6, -0.6, 0.4], [0.9, 0.6, 0.5]], [[0.6, -0.6, -0.4], [0.9, 0.6, -0.3]], [[0.6, -0.2, 0.5], [0.9, -0.1, 1.0]], [[0.6, -0.2, -0.4], [0.9, -0.1, 0.5]], [[0.6, 0.2, -1.0], [0.9, 0.3, -0.3]]]
start: [-2.0606499999999999, -1.8454699999999999, 1.6000000000000001, 1.7116499999999999, -1.2948, 1.56054, -2.50827]
tajectories: [[-2.06065, -1.84547, 1.6, 1.71165, -1.2948, 1.56054, -2.50827], [-2.07877, -1.45496, 1.73737, 1.8683, -1.16763, 1.37147, -2.46533], [-2.0969, -1.06445, 1.87474, 2.02494, -1.04046, 1.18239, -2.4224], [-2.11502, -0.67394, 2.01212, 2.18158, -0.91329, 0.99331, -2.37947], [-2.13315, -0.28343, 2.14949, 2.33822, -0.78612, 0.80423, -2.33653], [-2.15127, 0.10708, 2.28686, 2.49487, -0.65895, 0.61516, -2.2936], [-2.1694, 0.49759, 2.42423, 2.65151, -0.53178, 0.42608, -2.25067], [-2.18752, 0.8881, 2.5616, 2.80815, -0.40461, 0.237, -2.20773], [-2.18803, 0.89912, 2.56548, 2.81257, -0.40102, 0.23166, -2.20652], [-2.01431, 0.88982, 2.43455, 2.5344, -0.48544, 0.05872, -1.90958], [-1.84059, 0.88052, 2.30362, 2.25623, -0.56986, -0.11422, -1.61263], [-1.66686, 0.87123, 2.17268, 1.97806, -0.65428, -0.28716, -1.31569], [-1.49314, 0.86193, 2.04175, 1.69989, -0.7387, -0.46011, -1.01875], [-1.31942, 0.85264, 1.91082, 1.42172, -0.82312, -0.63305, -0.7218], [-1.14569, 0.84334, 1.77989, 1.14354, -0.90754, -0.80599, -0.42486], [-0.97197, 0.83404, 1.64896, 0.86537, -0.99196, -0.97894, -0.12792]]
end: [-0.90700999999999998, 0.83057000000000003, 1.6000000000000001, 0.76136000000000004, -1.02352, -1.0436000000000001, -0.016889999999999999]
obtacles: [[[0.6, 0.5, -1.0], [0.9, 0.6, 1.0]], [[0.6, -0.6, -1.0], [0.9, -0.5, 1.0]], [[0.6, -0.6, 0.9], [0.9, 0.6, 1.0]], [[0.6, -0.6, -1.0], [0.9, 0.6, -0.9]], [[0.6, -0.6, 0.4], [0.9, 0.6, 0.5]], [[0.6, -0.6, -0.4], [0.9, 0.6, -0.3]], [[0.6, -0.2, 0.5], [0.9, -0.1, 1.0]], [[0.6, -0.2, -0.4], [0.9, -0.1, 0.5]], [[0.6, 0.2, -1.0], [0.9, 0.3, -0.3]]]
start: [-0.86711000000000005, 1.7919, 1.6499999999999999, 1.3991, -1.8023, -1.5322, -0.51870000000000005]
tajectories: [[-0.86711, 1.7919, 1.65, 1.3991, -1.8023, -1.5322, -0.5187], [-0.98715, 1.62287, 1.56746, 1.49625, -2.11722, -1.51734, -0.82098], [-1.10718, 1.45384, 1.48491, 1.59341, -2.43213, -1.50249, -1.12327], [-1.22722, 1.28481, 1.40237, 1.69057, -2.74705, -1.48763, -1.42555], [-1.34725, 1.11578, 1.31983, 1.78773, -3.06196, -1.47278, -1.72783], [-1.46729, 0.94675, 1.23728, 1.88488, -3.37688, -1.45792, -2.03011], [-1.58732, 0.77772, 1.15474, 1.98204, -3.69179, -1.44307, -2.3324], [-1.6193, 0.73269, 1.13275, 2.00793, -3.7757, -1.43911, -2.41294], [-1.56321, 0.66736, 1.2807, 2.09494, -3.42705, -1.42098, -2.11088], [-1.50711, 0.60204, 1.42865, 2.18195, -3.07839, -1.40285, -1.80882], [-1.45102, 0.53672, 1.5766, 2.26896, -2.72974, -1.38472, -1.50677], [-1.39492, 0.4714, 1.72455, 2.35597, -2.38109, -1.3666, -1.20471], [-1.33883, 0.40607, 1.8725, 2.44298, -2.03243, -1.34847, -0.90265], [-1.28273, 0.34075, 2.02046, 2.52999, -1.68378, -1.33034, -0.6006], [-1.23921, 0.29007, 2.13524, 2.5975, -1.41329, -1.31627, -0.36626], [-1.4299, 0.12317, 2.16745, 2.28972, -1.1141, -1.30649, -0.34607], [-1.62058, -0.04373, 2.19966, 1.98195, -0.8149, -1.29671, -0.32589], [-1.81127, -0.21063, 2.23187, 1.67417, -0.51571, -1.28693, -0.3057], [-2.00195, -0.37753, 2.26408, 1.3664, -0.21651, -1.27715, -0.28551], [-2.19264, -0.54443, 2.29629, 1.05863, 0.08269, -1.26737, -0.26533], [-2.38332, -0.71133, 2.3285, 0.75085, 0.38188, -1.25759, -0.24514]]
end: [-2.5106000000000002, -0.82274000000000003, 2.3500000000000001, 0.54540999999999995, 0.58160000000000001, -1.2510699999999999, -0.23166999999999999]
obtacles: [[[0.6, 0.5, -1.0], [0.9, 0.6, 1.0]], [[0.6, -0.6, -1.0], [0.9, -0.5, 1.0]], [[0.6, -0.6, 0.9], [0.9, 0.6, 1.0]], [[0.6, -0.6, -1.0], [0.9, 0.6, -0.9]], [[0.6, -0.6, 0.4], [0.9, 0.6, 0.5]], [[0.6, -0.6, -0.4], [0.9, 0.6, -0.3]], [[0.6, -0.2, 0.5], [0.9, -0.1, 1.0]], [[0.6, -0.2, -0.4], [0.9, -0.1, 0.5]], [[0.6, 0.2, -1.0], [0.9, 0.3, -0.3]]]
start: [0.63243000000000005, 0.74209000000000003, -1.6000000000000001, 1.0198700000000001, -2.3114699999999999, 1.15639, -2.5784400000000001]
tajectories: [[0.63243, 0.74209, -1.6, 1.01987, -2.31147, 1.15639, -2.57844], [0.92812, 0.73769, -1.79114, 1.17579, -2.48011, 1.15743, -2.30775], [1.2238, 0.73328, -1.98227, 1.3317, -2.64875, 1.15847, -2.03707], [1.51948, 0.72888, -2.17341, 1.48762, -2.81739, 1.15951, -1.76639], [1.81517, 0.72447, -2.36455, 1.64354, -2.98602, 1.16054, -1.4957], [2.05662, 0.72087, -2.52063, 1.77086, -3.12373, 1.16139, -1.27467], [1.84531, 0.52454, -2.40467, 1.83787, -2.95902, 0.84409, -1.12955], [1.634, 0.32822, -2.28871, 1.90487, -2.79431, 0.52679, -0.98443], [1.42269, 0.13189, -2.17276, 1.97188, -2.6296, 0.20949, -0.83931], [1.21138, -0.06444, -2.0568, 2.03889, -2.46489, -0.10781, -0.6942], [1.00007, -0.26077, -1.94084, 2.1059, -2.30018, -0.42511, -0.54908], [0.82244, -0.42581, -1.84337, 2.16223, -2.16172, -0.69184, -0.42709], [1.08682, -0.77394, -1.77721, 2.03557, -2.11824, -0.88313, -0.43076], [1.35119, -1.12207, -1.71105, 1.90891, -2.07476, -1.07442, -0.43443], [1.61557, -1.47019, -1.64489, 1.78226, -2.03128, -1.2657, -0.4381], [1.87995, -1.81832, -1.57873, 1.6556, -1.9878, -1.45699, -0.44178]]
end: [1.99478, -1.9695199999999999, -1.55, 1.60059, -1.9689099999999999, -1.5400700000000001, -0.44336999999999999]
obtacles: [[[0.6, 0.5, -1.0], [0.9, 0.6, 1.0]], [[0.6, -0.6, -1.0], [0.9, -0.5, 1.0]], [[0.6, -0.6, 0.9], [0.9, 0.6, 1.0]], [[0.6, -0.6, -1.0], [0.9, 0.6, -0.9]], [[0.6, -0.6, 0.4], [0.9, 0.6, 0.5]], [[0.6, -0.6, -0.4], [0.9, 0.6, -0.3]], [[0.6, -0.2, 0.5], [0.9, -0.1, 1.0]], [[0.6, -0.2, -0.4], [0.9, -0.1, 0.5]], [[0.6, 0.2, -1.0], [0.9, 0.3, -0.3]]]
start: [2.5787900000000001, -0.69679999999999997, -1.5, 1.1719599999999999, -0.74861, -1.2242500000000001, -0.79454999999999998]
tajectories: [[2.57879, -0.6968, -1.5, 1.17196, -0.74861, -1.22425, -0.79455], [2.54883, -0.72742, -1.32512, 1.35491, -0.56326, -1.15168, -0.41443], [2.51887, -0.75803, -1.15023, 1.53785, -0.3779, -1.07912, -0.03431], [2.48892, -0.78865, -0.97535, 1.72079, -0.19255, -1.00656, 0.34581], [2.45896, -0.81927, -0.80047, 1.90374, -0.0072, -0.93399, 0.72593], [2.429, -0.84988, -0.62559, 2.08668, 0.17816, -0.86143, 1.10605], [2.39904, -0.8805, -0.4507, 2.26963, 0.36351, -0.78887, 1.48617], [2.39565, -0.88396, -0.43092, 2.29032, 0.38448, -0.78066, 1.52917], [2.25278, -0.71317, -0.12053, 2.12933, 0.25105, -0.61129, 1.35121], [2.10991, -0.54238, 0.18986, 1.96834, 0.11762, -0.44191, 1.17326], [1.96704, -0.37159, 0.50025, 1.80735, -0.0158, -0.27254, 0.9953], [1.82417, -0.2008, 0.81064, 1.64636, -0.14923, -0.10317, 0.81734], [1.6813, -0.03001, 1.12103, 1.48537, -0.28266, 0.0662, 0.63938], [1.53843, 0.14079, 1.43141, 1.32439, -0.41609, 0.23558, 0.46142], [1.39567, 0.31145, 1.74157, 1.16352, -0.54941, 0.40482, 0.2836], [1.2818, 0.28591, 1.44678, 1.35213, -0.83498, 0.43966, 0.10713], [1.16793, 0.26037, 1.15199, 1.54073, -1.12055, 0.47451, -0.06935], [1.05405, 0.23483, 0.8572, 1.72934, -1.40612, 0.50935, -0.24583], [0.94018, 0.20929, 0.56241, 1.91795, -1.69169, 0.54419, -0.4223], [0.91801, 0.20432, 0.50503, 1.95466, -1.74728, 0.55097, -0.45666], [0.9359, 0.33433, 0.3438, 2.02723, -1.87927, 0.5944, -0.88352], [0.95378, 0.46434, 0.18257, 2.09979, -2.01126, 0.63783, -1.31038], [0.97167, 0.59435, 0.02135, 2.17236, -2.14325, 0.68125, -1.73724], [0.98955, 0.72436, -0.13988, 2.24492, -2.27524, 0.72468, -2.1641], [1.00055, 0.80435, -0.23908, 2.28957, -2.35645, 0.7514, -2.42673], [1.00223, 1.03489, -0.52275, 2.11485, -2.12055, 0.9127, -2.49143], [1.0039, 1.26544, -0.80642, 1.94013, -1.88466, 1.07401, -2.55612], [1.00558, 1.49598, -1.0901, 1.76541, -1.64877, 1.23532, -2.62082], [1.00725, 1.72652, -1.37377, 1.5907, -1.41287, 1.39662, -2.68552]]
end: [1.00888, 1.95102, -1.6499999999999999, 1.42056, -1.1831700000000001, 1.5537000000000001, -2.7485200000000001]
