obtacles: [[[0.6, 0.5, -1.0], [0.9, 0.6, 1.0]], [[0.6, -0.6, -1.0], [0.9, -0.5, 1.0]], [[0.6, -0.6, 0.9], [0.9, 0.6, 1.0]], [[0.6, -0.6, -1.0], [0.9, 0.6, -0.9]], [[0.6, -0.6, 0.4], [0.9, 0.6, 0.5]], [[0.6, -0.6, -0.4], [0.9, 0.6, -0.3]], [[0.6, -0.2, 0.5], [0.9, -0.1, 1.0]], [[0.6, 0.0, -0.4], [0.9, 0.1, 0.5]], [[0.6, -0.1, -1.0], [0.9, 0.0, -0.3]]]
start: [2.20825, -1.9135500000000001, -1.6000000000000001, 1.8703700000000001, -1.9072199999999999, -1.4978199999999999, -0.92969000000000002]
tajectories: [[2.20825, -1.91355, -1.6, 1.87037, -1.90722, -1.49782, -0.92969], [1.98808, -1.9007, -1.49451, 1.93795, -2.30218, -1.44477, -1.09357], [1.76791, -1.88786, -1.38903, 2.00553, -2.69714, -1.39171, -1.25746], [1.54774, -1.87501, -1.28354, 2.0731, -3.0921, -1.33865, -1.42134], [1.32757, -1.86216, -1.17806, 2.14068, -3.48706, -1.28559, -1.58522], [1.1074, -1.84931, -1.07257, 2.20825, -3.88201, -1.23253, -1.74911], [1.03995, -1.84537, -1.04026, 2.22895, -4.00301, -1.21628, -1.79932], [1.19817, -1.76662, -0.9067, 2.13421, -3.6687, -0.94563, -1.8826], [1.3564, -1.68788, -0.77314, 2.03947, -3.33439, -0.67498, -1.96588], [1.51463, -1.60913, -0.63958, 1.94474, -3.00009, -0.40433, -2.04916], [1.67285, -1.53038, -0.50602, 1.85, -2.66578, -0.13368, -2.13245], [1.83108, -1.45163, -0.37246, 1.75526, -2.33147, 0.13696, -2.21573], [1.98931, -1.37288, -0.2389, 1.66052, -1.99716, 0.40761, -2.29901], [2.14753, -1.29413, -0.10534, 1.56578, -1.66285, 0.67826, -2.3823], [2.28325, -1.22658, 0.00922, 1.48451, -1.37609, 0.91042, -2.45373], [2.08766, -0.90364, -0.27904, 1.4283, -1.25408, 0.84294, -2.41177], [1.89207, -0.5807, -0.5673, 1.37209, -1.13208, 0.77546, -2.36981], [1.69648, -0.25776, -0.85556, 1.31588, -1.01007, 0.70799, -2.32784], [1.50089, 0.06518, -1.14382, 1.25967, -0.88806, 0.64051, -2.28588], [1.30529, 0.38812, -1.43208, 1.20345, -0.76606, 0.57304, -2.24392], [1.1097, 0.71106, -1.72034, 1.14724, -0.64405, 0.50556, -2.20196], [1.01703, 0.86407, -1.85692, 1.12061, -0.58625, 0.47359, -2.18207], [1.00079, 0.86163, -1.8164, 1.06816, -0.33178, 0.23045, -1.83356], [0.98456, 0.85919, -1.77588, 1.0157, -0.07732, -0.0127, -1.48504], [0.96832, 0.85675, -1.73536, 0.96325, 0.17715, -0.25585, -1.13652], [0.95208, 0.85431, -1.69484, 0.91079, 0.43162, -0.499, -0.78801], [0.93584, 0.85187, -1.65433, 0.85834, 0.68608, -0.74214, -0.43949], [0.91961, 0.84942, -1.61381, 0.80589, 0.94055, -0.98529, -0.09097]]
end: [0.91407000000000005, 0.84858999999999996, -1.6000000000000001, 0.78800999999999999, 1.0272699999999999, -1.06816, 0.027810000000000001]
obtacles: [[[0.6, 0.5, -1.0], [0.9, 0.6, 1.0]], [[0.6, -0.6, -1.0], [0.9, -0.5, 1.0]], [[0.6, -0.6, 0.9], [0.9, 0.6, 1.0]], [[0.6, -0.6, -1.0], [0.9, 0.6, -0.9]], [[0.6, -0.6, 0.4], [0.9, 0.6, 0.5]], [[0.6, -0.6, -0.4], [0.9, 0.6, -0.3]], [[0.6, -0.2, 0.5], [0.9, -0.1, 1.0]], [[0.6, 0.0, -0.4], [0.9, 0.1, 0.5]], [[0.6, -0.1, -1.0], [0.9, 0.0, -0.3]]]
start: [0.60067000000000004, 1.58247, -1.6000000000000001, 0.99811000000000005, -1.5451600000000001, 1.5525800000000001, -2.7445499999999998]
tajectories: [[0.60067, 1.58247, -1.6, 0.99811, -1.54516, 1.55258, -2.74455], [0.81559, 1.53826, -1.30239, 1.28513, -1.41729, 1.52952, -2.62613], [1.03051, 1.49405, -1.00478, 1.57214, -1.28941, 1.50645, -2.5077], [1.24543, 1.44984, -0.70717, 1.85915, -1.16154, 1.48338, -2.38928], [1.46035, 1.40564, -0.40956, 2.14616, -1.03367, 1.46032, -2.27086], [1.67527, 1.36143, -0.11195, 2.43318, -0.9058, 1.43725, -2.15244], [1.70803, 1.35469, -0.06659, 2.47692, -0.88631, 1.43374, -2.13439], [1.57435, 1.02319, -0.39608, 2.4665, -0.88381, 1.31799, -2.14723], [1.44068, 0.69168, -0.72556, 2.45607, -0.88131, 1.20224, -2.16008], [1.30701, 0.36018, -1.05504, 2.44564, -0.87882, 1.0865, -2.17292], [1.17333, 0.02868, -1.38453, 2.43521, -0.87632, 0.97075, -2.18577], [1.1506, -0.0277, -1.44056, 2.43344, -0.87589, 0.95107, -2.18795], [0.79743, 0.11129, -1.67105, 2.35185, -0.86801, 1.03831, -1.99175], [0.44425, 0.25027, -1.90154, 2.27026, -0.86012, 1.12556, -1.79555], [0.09108, 0.38925, -2.13203, 2.18867, -0.85224, 1.2128, -1.59935], [-0.26209, 0.52824, -2.36252, 2.10708, -0.84435, 1.30005, -1.40315], [-0.61527, 0.66722, -2.59301, 2.02549, -0.83647, 1.38729, -1.20694], [-0.65141, 0.68145, -2.6166, 2.01714, -0.83566, 1.39622, -1.18686], [-0.57615, 0.73087, -2.39262, 1.72483, -1.09571, 1.32176, -1.36883], [-0.5009, 0.78029, -2.16864, 1.43252, -1.35576, 1.24729, -1.5508], [-0.42564, 0.8297, -1.94466, 1.14021, -1.6158, 1.17283, -1.73277], [-0.35039, 0.87912, -1.72069, 0.8479, -1.87585, 1.09836, -1.91474]]
end: [-0.30984, 0.90575000000000006, -1.6000000000000001, 0.69040000000000001, -2.0159699999999998, 1.0582400000000001, -2.0127899999999999]
obtacles: [[[0.6, 0.5, -1.0], [0.9, 0.6, 1.0]], [[0.6, -0.6, -1.0], [0.9, -0.5, 1.0]], [[0.6, -0.6, 0.9], [0.9, 0.6, 1.0]], [[0.6, -0.6, -1.0], [0.9, 0.6, -0.9]], [[0.6, -0.6, 0.4], [0.9, 0.6, 0.5]], [[0.6, -0.6, -0.4], [0.9, 0.6, -0.3]], [[0.6, -0.2, 0.5], [0.9, -0.1, 1.0]], [[0.6, 0.0, -0.4], [0.9, 0.1, 0.5]], [[0.6, -0.1, -1.0], [0.9, 0.0, -0.3]]]
start: [0.71784000000000003, 0.74831999999999999, -1.6000000000000001, 1.1589499999999999, -2.3439000000000001, 1.25396, -2.5578799999999999]
tajectories: [[0.71784, 0.74832, -1.6, 1.15895, -2.3439, 1.25396, -2.55788], [0.8699, 0.8217, -1.80741, 1.13646, -2.24473, 1.13953, -2.16413], [1.02195, 0.89508, -2.01481, 1.11398, -2.14555, 1.02509, -1.77038], [1.174, 0.96846, -2.22222, 1.0915, -2.04638, 0.91066, -1.37662], [1.32606, 1.04184, -2.42962, 1.06901, -1.94721, 0.79622, -0.98287], [1.43391, 1.09389, -2.57674, 1.05306, -1.87686, 0.71505, -0.70357], [1.07215, 1.07777, -2.45597, 1.35694, -1.98537, 0.70211, -0.70472], [0.71039, 1.06165, -2.3352, 1.66082, -2.09387, 0.68917, -0.70588], [0.34863, 1.04553, -2.21443, 1.9647, -2.20238, 0.67623, -0.70703], [-0.01313, 1.02941, -2.09366, 2.26858, -2.31088, 0.6633, -0.70818], [-0.37489, 1.01329, -1.9729, 2.57246, -2.41938, 0.65036, -0.70933], [-0.38255, 1.01294, -1.97034, 2.5789, -2.42168, 0.65008, -0.70936], [-0.41817, 1.07386, -2.01905, 2.57001, -2.16293, 0.86081, -0.34713], [-0.45378, 1.13477, -2.06776, 2.56112, -1.90418, 1.07155, 0.0151], [-0.4894, 1.19568, -2.11648, 2.55224, -1.64543, 1.28228, 0.37733], [-0.50277, 1.21855, -2.13476, 2.5489, -1.54832, 1.36137, 0.51329], [-0.42551, 1.35314, -2.04096, 2.33768, -1.48489, 1.39495, 0.1042], [-0.34825, 1.48773, -1.94717, 2.12645, -1.42147, 1.42853, -0.30489], [-0.27099, 1.62233, -1.85337, 1.91522, -1.35805, 1.46211, -0.71397], [-0.19373, 1.75692, -1.75958, 1.704, -1.29463, 1.49569, -1.12306], [-0.11647, 1.89151, -1.66578, 1.49277, -1.2312, 1.52926, -1.53215]]
end: [-0.10347000000000001, 1.91415, -1.6499999999999999, 1.4572400000000001, -1.2205299999999999, 1.53491, -1.60097]
obtacles: [[[0.6, 0.5, -1.0], [0.9, 0.6, 1.0]], [[0.6, -0.6, -1.0], [0.9, -0.5, 1.0]], [[0.6, -0.6, 0.9], [0.9, 0.6, 1.0]], [[0.6, -0.6, -1.0], [0.9, 0.6, -0.9]], [[0.6, -0.6, 0.4], [0.9, 0.6, 0.5]], [[0.6, -0.6, -0.4], [0.9, 0.6, -0.3]], [[0.6, -0.2, 0.5], [0.9, -0.1, 1.0]], [[0.6, 0.0, -0.4], [0.9, 0.1, 0.5]], [[0.6, -0.1, -1.0], [0.9, 0.0, -0.3]]]
start: [0.77768000000000004, 1.8607199999999999, -1.8999999999999999, 1.2520800000000001, -1.18475, 1.36473, -2.7561]
tajectories: [[0.77768, 1.86072, -1.9, 1.25208, -1.18475, 1.36473, -2.7561], [1.09248, 1.77882, -1.89437, 1.5665, -1.20759, 1.18841, -2.63909], [1.40727, 1.69692, -1.88875, 1.88093, -1.23043, 1.0121, -2.52208], [1.72207, 1.61501, -1.88312, 2.19536, -1.25328, 0.83578, -2.40507], [2.03686, 1.53311, -1.8775, 2.50979, -1.27612, 0.65947, -2.28806], [2.316, 1.46049, -1.87251, 2.7886, -1.29637, 0.50312, -2.1843], [2.30883, 1.33403, -1.82323, 2.57567, -1.45975, 0.25486, -1.87147], [2.30166, 1.20758, -1.77394, 2.36273, -1.62313, 0.0066, -1.55864], [2.29449, 1.08112, -1.72466, 2.1498, -1.78651, -0.24166, -1.24581], [2.28732, 0.95467, -1.67538, 1.93687, -1.94989, -0.48992, -0.93298], [2.28015, 0.82821, -1.6261, 1.72394, -2.11327, -0.73818, -0.62015], [2.27298, 0.70176, -1.57681, 1.51101, -2.27665, -0.98644, -0.30732], [2.26854, 0.62336, -1.54626, 1.379, -2.37794, -1.14035, -0.11338], [1.97108, 0.42614, -1.5831, 1.07635, -2.34634, -1.23267, 0.02855], [1.67361, 0.22891, -1.61994, 0.7737, -2.31473, -1.32498, 0.17047], [1.37615, 0.03169, -1.65678, 0.47104, -2.28312, -1.4173, 0.31239], [1.07869, -0.16554, -1.69363, 0.16839, -2.25151, -1.50962, 0.45432], [0.91861, -0.27168, -1.71345, 0.00552, -2.2345, -1.5593, 0.53069], [1.18786, -0.37803, -1.75245, 0.23007, -1.92144, -1.53352, 0.40588], [1.45711, -0.48437, -1.79144, 0.45462, -1.60838, -1.50773, 0.28108], [1.72636, -0.59072, -1.83043, 0.67918, -1.29532, -1.48194, 0.15627], [1.99562, -0.69707, -1.86943, 0.90373, -0.98226, -1.45615, 0.03146]]
end: [2.2067299999999999, -0.78044999999999998, -1.8999999999999999, 1.0798000000000001, -0.73680000000000001, -1.4359299999999999, -0.066400000000000001]
obtacles: [[[0.6, 0.5, -1.0], [0.9, 0.6, 1.0]], [[0.6, -0.6, -1.0], [0.9, -0.5, 1.0]], [[0.6, -0.6, 0.9], [0.9, 0.6, 1.0]], [[0.6, -0.6, -1.0], [0.9, 0.6, -0.9]], [[0.6, -0.6, 0.4], [0.9, 0.6, 0.5]], [[0.6, -0.6, -0.4], [0.9, 0.6, -0.3]], [[0.6, -0.2, 0.5], [0.9, -0.1, 1.0]], [[0.6, 0.0, -0.4], [0.9, 0.1, 0.5]], [[0.6, -0.1, -1.0], [0.9, 0.0, -0.3]]]
start: [2.4846400000000002, -1.7079, -1.5, 1.2744500000000001, -1.72262, -1.54369, -0.61056999999999995]
tajectories: [[2.48464, -1.7079, -1.5, 1.27445, -1.72262, -1.54369, -0.61057], [2.30655, -1.57715, -1.69591, 1.51662, -1.60798, -1.41958, -0.33559], [2.12846, -1.44641, -1.89182, 1.7588, -1.49335, -1.29548, -0.06061], [1.95037, -1.31566, -2.08773, 2.00098, -1.37872, -1.17137, 0.21437], [1.77228, -1.18491, -2.28364, 2.24316, -1.26408, -1.04727, 0.48935], [1.73255, -1.15574, -2.32736, 2.2972, -1.23851, -1.01958, 0.55071], [1.50382, -0.99375, -2.41353, 2.34276, -1.01564, -1.00075, 0.88525], [1.2751, -0.83176, -2.4997, 2.38832, -0.79277, -0.98193, 1.21979], [1.04637, -0.66977, -2.58587, 2.43389, -0.5699, -0.96311, 1.55433], [0.86912, -0.54423, -2.65265, 2.4692, -0.39718, -0.94852, 1.81359], [0.95713, -0.26301, -2.53433, 2.25244, -0.50003, -0.64595, 1.82167], [1.04513, 0.01821, -2.41602, 2.03568, -0.60289, -0.34339, 1.82975], [1.13314, 0.29942, -2.29771, 1.81892, -0.70574, -0.04083, 1.83783], [1.22115, 0.58064, -2.17939, 1.60216, -0.8086, 0.26174, 1.84591], [1.29394, 0.81326, -2.08153, 1.42286, -0.89368, 0.51202, 1.85259], [1.13697, 0.80315, -1.94485, 1.17327, -1.14853, 0.59329, 2.12227], [0.98, 0.79304, -1.80817, 0.92369, -1.40339, 0.67457, 2.39195], [0.82303, 0.78293, -1.67149, 0.67411, -1.65824, 0.75585, 2.66163], [0.66605, 0.77283, -1.53481, 0.42453, -1.9131, 0.83713, 2.93131]]
end: [0.62607999999999997, 0.77024999999999999, -1.5, 0.36097000000000001, -1.978, 0.85782000000000003, 2.9999899999999999]
obtacles: [[[0.6, 0.5, -1.0], [0.9, 0.6, 1.0]], [[0.6, -0.6, -1.0], [0.9, -0.5, 1.0]], [[0.6, -0.6, 0.9], [0.9, 0.6, 1.0]], [[0.6, -0.6, -1.0], [0.9, 0.6, -0.9]], [[0.6, -0.6, 0.4], [0.9, 0.6, 0.5]], [[0.6, -0.6, -0.4], [0.9, 0.6, -0.3]], [[0.6, -0.2, 0.5], [0.9, -0.1, 1.0]], [[0.6, 0.0, -0.4], [0.9, 0.1, 0.5]], [[0.6, -0.1, -1.0], [0.9, 0.0, -0.3]]]
start: [-2.5936499999999998, -0.78464, 1.45, 1.26885, -2.3184, 1.2747599999999999, -2.2537099999999999]
tajectories: [[-2.59365, -0.78464, 1.45, 1.26885, -2.3184, 1.27476, -2.25371], [-2.49994, -0.92616, 1.11705, 1.38305, -2.47963, 1.04091, -2.12483], [-2.40623, -1.06768, 0.78409, 1.49725, -2.64085, 0.80705, -1.99595], [-2.31253, -1.20919, 0.45114, 1.61145, -2.80207, 0.5732, -1.86707], [-2.21882, -1.35071, 0.11818, 1.72565, -2.9633, 0.33934, -1.73819], [-2.12511, -1.49223, -0.21477, 1.83985, -3.12452, 0.10549, -1.60931], [-2.03141, -1.63375, -0.54773, 1.95405, -3.28575, -0.12836, -1.48043], [-1.9377, -1.77527, -0.88068, 2.06825, -3.44697, -0.36222, -1.35155], [-1.86053, -1.89181, -1.15488, 2.1623, -3.57974, -0.5548, -1.24541], [-1.7735, -1.85612, -0.77103, 2.29842, -3.41529, -0.35394, -1.15658], [-1.68648, -1.82043, -0.38718, 2.43455, -3.25085, -0.15307, -1.06775], [-1.59946, -1.78475, -0.00333, 2.57068, -3.0864, 0.04779, -0.97892], [-1.51244, -1.74906, 0.38052, 2.70681, -2.92195, 0.24866, -0.89009], [-1.42541, -1.71337, 0.76436, 2.84294, -2.7575, 0.44953, -0.80126], [-1.33839, -1.67768, 1.14821, 2.97907, -2.59305, 0.65039, -0.71243], [-1.3261, -1.67264, 1.20243, 2.9983, -2.56982, 0.67876, -0.69988], [-1.44408, -1.71888, 1.24976, 2.75818, -2.34773, 0.81528, -1.02558], [-1.56207, -1.76513, 1.2971, 2.51806, -2.12564, 0.9518, -1.35129], [-1.68006, -1.81137, 1.34443, 2.27795, -1.90354, 1.08831, -1.67699], [-1.79804, -1.85761, 1.39176, 2.03783, -1.68145, 1.22483, -2.00269], [-1.91603, -1.90385, 1.4391, 1.79771, -1.45936, 1.36135, -2.32839], [-2.03401, -1.9501, 1.48643, 1.5576, -1.23726, 1.49786, -2.6541]]
end: [-2.0678399999999999, -1.9633499999999999, 1.5, 1.4887600000000001, -1.1735899999999999, 1.5369999999999999, -2.7474699999999999]
obtacles: [[[0.6, 0.5, -1.0], [0.9, 0.6, 1.0]], [[0.6, -0.6, -1.0], [0.9, -0.5, 1.0]], [[0.6, -0.6, 0.9], [0.9, 0.6, 1.0]], [[0.6, -0.6, -1.0], [0.9, 0.6, -0.9]], [[0.6, -0.6, 0.4], [0.9, 0.6, 0.5]], [[0.6, -0.6, -0.4], [0.9, 0.6, -0.3]], [[0.6, -0.2, 0.5], [0.9, -0.1, 1.0]], [[0.6, 0.0, -0.4], [0.9, 0.1, 0.5]], [[0.6, -0.1, -1.0], [0.9, 0.0, -0.3]]]
start: [-0.62012999999999996, 1.5229200000000001, 1.55, 0.86046999999999996, -1.52094, -1.5553399999999999, -0.24023]
tajectories: [[-0.62013, 1.52292, 1.55, 0.86047, -1.52094, -1.55534, -0.24023], [-0.76395, 1.41737, 1.31397, 1.14322, -1.54304, -1.45459, 0.02788], [-0.90777, 1.31181, 1.07795, 1.42597, -1.56514, -1.35385, 0.29599], [-1.05158, 1.20626, 0.84192, 1.70872, -1.58724, -1.25311, 0.56409], [-1.1954, 1.10071, 0.6059, 1.99147, -1.60934, -1.15236, 0.8322], [-1.33922, 0.99516, 0.36987, 2.27422, -1.63144, -1.05162, 1.10031], [-1.34733, 0.98921, 0.35657, 2.29016, -1.63269, -1.04594, 1.11542], [-1.65093, 0.85016, 0.52044, 2.5149, -1.6685, -1.16687, 0.90275], [-1.89057, 0.74041, 0.64978, 2.69229, -1.69676, -1.26232, 0.73488], [-1.769, 0.83161, 1.06819, 2.61597, -1.65077, -1.21615, 0.5305], [-1.64744, 0.92281, 1.4866, 2.53965, -1.60478, -1.16998, 0.32613], [-1.52587, 1.014, 1.905, 2.46333, -1.55879, -1.12381, 0.12176], [-1.40431, 1.1052, 2.32341, 2.38701, -1.5128, -1.07764, -0.08262], [-1.39937, 1.10891, 2.34041, 2.38391, -1.51093, -1.07576, -0.09092], [-0.95926, 1.02069, 2.32407, 2.23826, -1.52787, -1.03216, -0.24857], [-0.51915, 0.93247, 2.30772, 2.09261, -1.54481, -0.98857, -0.40622], [-0.26427, 0.88138, 2.29826, 2.00826, -1.55462, -0.96332, -0.49752], [-0.10132, 0.87886, 2.10514, 1.59741, -1.46979, -0.95973, -0.5982], [0.06163, 0.87635, 1.91202, 1.18655, -1.38497, -0.95615, -0.69888], [0.22457, 0.87383, 1.71889, 0.7757, -1.30014, -0.95256, -0.79955]]
end: [0.36708000000000002, 0.87163000000000002, 1.55, 0.41638999999999998, -1.2259599999999999, -0.94942000000000004, -0.88759999999999994]
obtacles: [[[0.6, 0.5, -1.0], [0.9, 0.6, 1.0]], [[0.6, -0.6, -1.0], [0.9, -0.5, 1.0]], [[0.6, -0.6, 0.9], [0.9, 0.6, 1.0]], [[0.6, -0.6, -1.0], [0.9, 0.6, -0.9]], [[0.6, -0.6, 0.4], [0.9, 0.6, 0.5]], [[0.6, -0.6, -0.4], [0.9, 0.6, -0.3]], [[0.6, -0.2, 0.5], [0.9, -0.1, 1.0]], [[0.6, 0.0, -0.4], [0.9, 0.1, 0.5]], [[0.6, -0.1, -1.0], [0.9, 0.0, -0.3]]]
start: [-0.75980000000000003, 1.80264, 1.8, 0.84557000000000004, -1.8951, -1.5577300000000001, -0.056829999999999999]
tajectories: [[-0.7598, 1.80264, 1.8, 0.84557, -1.8951, -1.55773, -0.05683], [-0.84142, 1.74871, 1.92362, 1.0938, -2.14173, -1.51475, 0.26076], [-0.92303, 1.69477, 2.04723, 1.34202, -2.38836, -1.47177, 0.57834], [-1.00464, 1.64084, 2.17085, 1.59025, -2.635, -1.4288, 0.89593], [-1.08625, 1.5869, 2.29447, 1.83847, -2.88163, -1.38582, 1.21351], [-1.16527, 1.53467, 2.41417, 2.07883, -3.12044, -1.3442, 1.52104], [-1.29069, 1.42355, 2.38657, 2.06234, -3.08525, -0.91386, 1.33541], [-1.41611, 1.31243, 2.35898, 2.04584, -3.05005, -0.48352, 1.14978], [-1.54153, 1.20131, 2.33139, 2.02934, -3.01486, -0.05318, 0.96415], [-1.66695, 1.09019, 2.3038, 2.01284, -2.97967, 0.37716, 0.77852], [-1.79237, 0.97907, 2.2762, 1.99635, -2.94447, 0.8075, 0.5929], [-1.83755, 0.93905, 2.26627, 1.99041, -2.9318, 0.96249, 0.52604], [-1.91665, 0.66664, 2.00305, 1.91442, -2.94928, 0.71756, 0.34115], [-1.99575, 0.39424, 1.73983, 1.83844, -2.96676, 0.47263, 0.15626], [-2.07486, 0.12183, 1.47661, 1.76246, -2.98425, 0.2277, -0.02863], [-2.15396, -0.15057, 1.2134, 1.68648, -3.00173, -0.01723, -0.21352], [-2.23306, -0.42298, 0.95018, 1.61049, -3.01921, -0.26216, -0.39841], [-2.23915, -0.44393, 0.92993, 1.60465, -3.02056, -0.28101, -0.41263], [-2.10222, -0.54558, 0.84612, 1.65642, -3.1862, 0.04797, -0.68749], [-1.96529, -0.64723, 0.76232, 1.7082, -3.35184, 0.37695, -0.96235], [-1.82836, -0.74887, 0.67851, 1.75998, -3.51748, 0.70593, -1.23722], [-1.69143, -0.85052, 0.59471, 1.81175, -3.68312, 1.03491, -1.51208], [-1.61682, -0.90591, 0.54904, 1.83996, -3.77338, 1.21418, -1.66186], [-1.75933, -0.85445, 0.82203, 1.7313, -3.49363, 1.28319, -1.90204], [-1.90183, -0.80298, 1.09502, 1.62263, -3.21388, 1.35221, -2.14223], [-2.04434, -0.75152, 1.368, 1.51396, -2.93414, 1.42123, -2.38242], [-2.18685, -0.70006, 1.64099, 1.40529, -2.65439, 1.49024, -2.62261]]
end: [-2.26986, -0.67008999999999996, 1.8, 1.34199, -2.4914399999999999, 1.53044, -2.7625199999999999]
obtacles: [[[0.6, 0.5, -1.0], [0.9, 0.6, 1.0]], [[0.6, -0.6, -1.0], [0.9, -0.5, 1.0]], [[0.6, -0.6, 0.9], [0.9, 0.6, 1.0]], [[0.6, -0.6, -1.0], [0.9, 0.6, -0.9]], [[0.6, -0.6, 0.4], [0.9, 0.6, 0.5]], [[0.6, -0.6, -0.4], [0.9, 0.6, -0.3]], [[0.6, -0.2, 0.5], [0.9, -0.1, 1.0]], [[0.6, 0.0, -0.4], [0.9, 0.1, 0.5]], [[0.6, -0.1, -1.0], [0.9, 0.0, -0.3]]]
start: [-2.56176, -0.82842000000000005, 1.6000000000000001, 1.15208, -2.2755399999999999, 1.3127200000000001, -2.48536]
tajectories: [[-2.56176, -0.82842, 1.6, 1.15208, -2.27554, 1.31272, -2.48536], [-2.33465, -0.68359, 1.68882, 1.2856, -2.36496, 1.17772, -2.13109], [-2.10753, -0.53877, 1.77765, 1.41913, -2.45438, 1.04272, -1.77682], [-1.88041, -0.39395, 1.86647, 1.55265, -2.54379, 0.90772, -1.42256], [-1.65329, -0.24913, 1.95529, 1.68618, -2.63321, 0.77272, -1.06829], [-1.42617, -0.10431, 2.04411, 1.8197, -2.72262, 0.63772, -0.71402], [-1.19906, 0.04051, 2.13294, 1.95323, -2.81204, 0.50272, -0.35975], [-1.16171, 0.06433, 2.14754, 1.97518, -2.82674, 0.48052, -0.3015], [-1.18734, 0.32763, 2.26161, 2.04686, -2.97295, 0.10678, -0.27318], [-1.21297, 0.59094, 2.37569, 2.11854, -3.11915, -0.26696, -0.24486], [-1.2386, 0.85424, 2.48976, 2.19022, -3.26536, -0.6407, -0.21654], [-1.25584, 1.03135, 2.56649, 2.23844, -3.36371, -0.8921, -0.19749], [-1.29354, 1.32804, 2.62304, 2.07649, -3.07972, -1.06278, -0.3436], [-1.33123, 1.62474, 2.67959, 1.91454, -2.79574, -1.23347, -0.48971], [-1.33193, 1.63023, 2.68064, 1.91154, -2.79048, -1.23663, -0.49241], [-1.26519, 1.74072, 2.3237, 1.77733, -2.51807, -1.34643, -0.4517], [-1.19845, 1.8512, 1.96676, 1.64312, -2.24565, -1.45622, -0.41099], [-1.13172, 1.96169, 1.60982, 1.50891, -1.97324, -1.56602, -0.37028]]
end: [-1.12988, 1.9647300000000001, 1.6000000000000001, 1.50522, -1.9657500000000001, -1.56904, -0.36915999999999999]
obtacles: [[[0.6, 0.5, -1.0], [0.9, 0.6, 1.0]], [[0.6, -0.6, -1.0], [0.9, -0.5, 1.0]], [[0.6, -0.6, 0.9], [0.9, 0.6, 1.0]], [[0.6, -0.6, -1.0], [0.9, 0.6, -0.9]], [[0.6, -0.6, 0.4], [0.9, 0.6, 0.5]], [[0.6, -0.6, -0.4], [0.9, 0.6, -0.3]], [[0.6, -0.2, 0.5], [0.9, -0.1, 1.0]], [[0.6, 0.0, -0.4], [0.9, 0.1, 0.5]], [[0.6, -0.1, -1.0], [0.9, 0.0, -0.3]]]
start: [-2.5511300000000001, -0.81261000000000005, 1.8, 0.75210999999999995, -2.2663500000000001, 1.17079, -2.9248799999999999]
tajectories: [[-2.55113, -0.81261, 1.8, 0.75211, -2.26635, 1.17079, -2.92488], [-2.42989, -0.8254, 1.68741, 0.96123, -2.40639, 1.00007, -2.56436], [-2.30865, -0.8382, 1.57482, 1.17034, -2.54643, 0.82935, -2.20384], [-2.18741, -0.85099, 1.46223, 1.37946, -2.68648, 0.65863, -1.84332], [-2.06617, -0.86378, 1.34964, 1.58858, -2.82652, 0.48791, -1.4828], [-1.95186, -0.87584, 1.24349, 1.78574, -2.95855, 0.32694, -1.14289], [-1.82923, -0.50948, 1.19532, 1.95425, -3.16529, 0.45364, -1.03691], [-1.70659, -0.14312, 1.14715, 2.12276, -3.37203, 0.58033, -0.93093], [-1.58396, 0.22324, 1.09898, 2.29127, -3.57877, 0.70702, -0.82495], [-1.46132, 0.5896, 1.05081, 2.45979, -3.78551, 0.83372, -0.71896], [-1.36977, 0.8631, 1.01485, 2.58559, -3.93984, 0.9283, -0.63984], [-1.31172, 1.0026, 1.12077, 2.39856, -3.67261, 0.60254, -0.58122], [-1.25367, 1.1421, 1.22668, 2.21154, -3.40537, 0.27678, -0.52259], [-1.19563, 1.2816, 1.33259, 2.02451, -3.13813, -0.04899, -0.46396], [-1.13758, 1.4211, 1.4385, 1.83748, -2.87089, -0.37475, -0.40533], [-1.07953, 1.5606, 1.54441, 1.65046, -2.60365, -0.70051, -0.34671], [-1.02148, 1.7001, 1.65032, 1.46343, -2.33642, -1.02627, -0.28808], [-0.96344, 1.8396, 1.75623, 1.27641, -2.06918, -1.35203, -0.22945]]
end: [-0.93945000000000001, 1.8972500000000001, 1.8, 1.19912, -1.9587399999999999, -1.4866600000000001, -0.20522000000000001]
obtacles: [[[0.6, 0.5, -1.0], [0.9, 0.6, 1.0]], [[0.6, -0.6, -1.0], [0.9, -0.5, 1.0]], [[0.6, -0.6, 0.9], [0.9, 0.6, 1.0]], [[0.6, -0.6, -1.0], [0.9, 0.6, -0.9]], [[0.6, -0.6, 0.4], [0.9, 0.6, 0.5]], [[0.6, -0.6, -0.4], [0.9, 0.6, -0.3]], [[0.6, -0.2, 0.5], [0.9, -0.1, 1.0]], [[0.6, 0.0, -0.4], [0.9, 0.1, 0.5]], [[0.6, -0.1, -1.0], [0.9, 0.0, -0.3]]]
start: [-0.83969000000000005, 1.8621000000000001, 1.6499999999999999, 1.3364199999999999, -1.8723000000000001, -1.5637799999999999, -0.48404000000000003]
tajectories: [[-0.83969, 1.8621, 1.65, 1.33642, -1.8723, -1.56378, -0.48404], [-0.95798, 1.70112, 1.71997, 1.71692, -1.86986, -1.32635, -0.42053], [-1.07628, 1.54014, 1.78993, 2.09743, -1.86741, -1.08891, -0.35702], [-1.19457, 1.37917, 1.8599, 2.47793, -1.86496, -0.85148, -0.29351], [-1.26246, 1.28678, 1.90005, 2.6963, -1.86356, -0.71522, -0.25706], [-1.18734, 0.91084, 1.84172, 2.62408, -1.76008, -0.94627, -0.43117], [-1.11222, 0.5349, 1.7834, 2.55186, -1.65659, -1.17733, -0.60528], [-1.0371, 0.15896, 1.72508, 2.47963, -1.55311, -1.40838, -0.77939], [-0.99425, -0.05549, 1.69181, 2.43843, -1.49407, -1.54019, -0.87871], [-0.7514, 0.15045, 1.68218, 2.09193, -1.37491, -1.44107, -0.94523], [-0.50855, 0.35639, 1.67256, 1.74542, -1.25574, -1.34195, -1.01176], [-0.2657, 0.56233, 1.66294, 1.39891, -1.13658, -1.24283, -1.07829], [-0.02285, 0.76828, 1.65332, 1.0524, -1.01741, -1.14371, -1.14481]]
end: [0.060920000000000002, 0.83931, 1.6499999999999999, 0.93288000000000004, -0.97631000000000001, -1.1095200000000001, -1.1677599999999999]
obtacles: [[[0.6, 0.5, -1.0], [0.9, 0.6, 1.0]], [[0.6, -0.6, -1.0], [0.9, -0.5, 1.0]], [[0.6, -0.6, 0.9], [0.9, 0.6, 1.0]], [[0.6, -0.6, -1.0], [0.9, 0.6, -0.9]], [[0.6, -0.6, 0.4], [0.9, 0.6, 0.5]], [[0.6, -0.6, -0.4], [0.9, 0.6, -0.3]], [[0.6, -0.2, 0.5], [0.9, -0.1, 1.0]], [[0.6, 0.0, -0.4], [0.9, 0.1, 0.5]], [[0.6, -0.1, -1.0], [0.9, 0.0, -0.3]]]
start: [-2.1522700000000001, -1.8267199999999999, 1.3500000000000001, 1.48678, -4.43377, -1.37975, 0.44207000000000002]
tajectories: [[-2.15227, -1.82672, 1.35, 1.48678, -4.43377, -1.37975, 0.44207], [-2.02833, -1.61482, 1.44514, 1.59503, -4.07984, -1.21166, 0.56637], [-1.90439, -1.40292, 1.54029, 1.70327, -3.72592, -1.04357, 0.69066], [-1.78045, -1.19101, 1.63543, 1.81152, -3.37199, -0.87548, 0.81496], [-1.65652, -0.97911, 1.73057, 1.91976, -3.01806, -0.70739, 0.93926], [-1.53258, -0.76721, 1.82571, 2.02801, -2.66414, -0.5393, 1.06356], [-1.40864, -0.55531, 1.92086, 2.13625, -2.31021, -0.37121, 1.18785], [-1.2847, -0.3434, 2.016, 2.2445, -1.95629, -0.20312, 1.31215], [-1.16076, -0.1315, 2.11114, 2.35274, -1.60236, -0.03503, 1.43645], [-1.11659, -0.05598, 2.14505, 2.39132, -1.47623, 0.02487, 1.48074], [-1.13167, 0.07612, 2.09731, 2.01602, -1.63175, -0.13767, 1.28431], [-1.14674, 0.20823, 2.04957, 1.64072, -1.78727, -0.30021, 1.08788], [-1.16182, 0.34033, 2.00184, 1.26542, -1.94279, -0.46276, 0.89145], [-1.1769, 0.47244, 1.9541, 0.89012, -2.09831, -0.6253, 0.69502], [-1.19197, 0.60455, 1.90636, 0.51482, -2.25383, -0.78784, 0.49859], [-1.20705, 0.73665, 1.85862, 0.13952, -2.40936, -0.95038, 0.30216], [-1.2197, 0.84756, 1.81854, -0.17556, -2.53992, -1.08684, 0.13725], [-1.1669, 0.84017, 1.71118, 0.09786, -2.14506, -1.14584, 0.09881], [-1.1141, 0.83278, 1.60382, 0.37128, -1.7502, -1.20484, 0.06037], [-1.0613, 0.82539, 1.49646, 0.6447, -1.35534, -1.26384, 0.02193], [-1.0085, 0.818, 1.3891, 0.91812, -0.96048, -1.32284, -0.01652]]
end: [-0.98926999999999998, 0.81530999999999998, 1.3500000000000001, 1.01769, -0.81667999999999996, -1.34433, -0.030519999999999999]
obtacles: [[[0.6, 0.5, -1.0], [0.9, 0.6, 1.0]], [[0.6, -0.6, -1.0], [0.9, -0.5, 1.0]], [[0.6, -0.6, 0.9], [0.9, 0.6, 1.0]], [[0.6, -0.6, -1.0], [0.9, 0.6, -0.9]], [[0.6, -0.6, 0.4], [0.9, 0.6, 0.5]], [[0.6, -0.6, -0.4], [0.9, 0.6, -0.3]], [[0.6, -0.2, 0.5], [0.9, -0.1, 1.0]], [[0.6, 0.0, -0.4], [0.9, 0.1, 0.5]], [[0.6, -0.1, -1.0], [0.9, 0.0, -0.3]]]
start: [-0.16397, 0.77037999999999995, 1.1000000000000001, 0.76566999999999996, -0.70794999999999997, -1.26773, -0.53981999999999997]
tajectories: [[-0.16397, 0.77038, 1.1, 0.76567, -0.70795, -1.26773, -0.53982], [-0.1235, 0.66679, 1.0871, 1.0917, -0.86636, -1.31514, -0.86205], [-0.08302, 0.5632, 1.0742, 1.41773, -1.02477, -1.36254, -1.18428], [-0.04254, 0.45961, 1.06129, 1.74375, -1.18318, -1.40995, -1.5065], [-0.00207, 0.35601, 1.04839, 2.06978, -1.34158, -1.45735, -1.82873], [0.03841, 0.25242, 1.03549, 2.39581, -1.49999, -1.50475, -2.15095], [0.04594, 0.23314, 1.03309, 2.45649, -1.52948, -1.51358, -2.21093], [-0.24213, 0.2636, 0.93492, 2.47465, -1.76509, -1.19895, -2.25115], [-0.53021, 0.29407, 0.83675, 2.49281, -2.0007, -0.88433, -2.29136], [-0.81828, 0.32453, 0.73859, 2.51097, -2.23631, -0.56971, -2.33158], [-1.10636, 0.35499, 0.64042, 2.52913, -2.47192, -0.25508, -2.37179], [-1.39443, 0.38546, 0.54225, 2.54729, -2.70754, 0.05954, -2.41201], [-1.68251, 0.41592, 0.44409, 2.56545, -2.94315, 0.37416, -2.45222], [-1.7598, 0.42409, 0.41775, 2.57032, -3.00636, 0.45858, -2.46301], [-1.75889, 0.45618, 0.39806, 2.5541, -2.80778, 0.22343, -2.07111], [-1.75798, 0.48827, 0.37837, 2.53788, -2.6092, -0.01172, -1.6792], [-1.75707, 0.52035, 0.35868, 2.52166, -2.41062, -0.24686, -1.28729], [-1.75616, 0.55244, 0.33899, 2.50544, -2.21205, -0.48201, -0.89539], [-1.75525, 0.58453, 0.3193, 2.48922, -2.01347, -0.71716, -0.50348], [-1.75434, 0.61661, 0.29961, 2.473, -1.81489, -0.9523, -0.11157], [-1.75343, 0.6487, 0.27992, 2.45678, -1.61631, -1.18745, 0.28034], [-1.753, 0.66362, 0.27077, 2.44924, -1.52398, -1.29678, 0.46255], [-1.59138, 0.90957, 0.55191, 2.21645, -1.6134, -1.3437, 0.32128], [-1.42975, 1.15552, 0.83305, 1.98366, -1.70282, -1.39061, 0.18], [-1.26812, 1.40147, 1.11419, 1.75087, -1.79224, -1.43753, 0.03873], [-1.1065, 1.64742, 1.39532, 1.51808, -1.88165, -1.48444, -0.10254], [-0.94487, 1.89337, 1.67646, 1.28529, -1.97107, -1.53136, -0.24382]]
end: [-0.90259999999999996, 1.9577, 1.75, 1.22441, -1.9944599999999999, -1.5436300000000001, -0.28077000000000002]
obtacles: [[[0.6, 0.5, -1.0], [0.9, 0.6, 1.0]], [[0.6, -0.6, -1.0], [0.9, -0.5, 1.0]], [[0.6, -0.6, 0.9], [0.9, 0.6, 1.0]], [[0.6, -0.6, -1.0], [0.9, 0.6, -0.9]], [[0.6, -0.6, 0.4], [0.9, 0.6, 0.5]], [[0.6, -0.6, -0.4], [0.9, 0.6, -0.3]], [[0.6, -0.2, 0.5], [0.9, -0.1, 1.0]], [[0.6, 0.0, -0.4], [0.9, 0.1, 0.5]], [[0.6, -0.1, -1.0], [0.9, 0.0, -0.3]]]
start: [-2.2500399999999998, -1.5525100000000001, 1.55, 1.4188700000000001, -1.5857300000000001, 1.5474699999999999, -2.6139000000000001]
tajectories: [[-2.25004, -1.55251, 1.55, 1.41887, -1.58573, 1.54747, -2.6139], [-2.06309, -1.45719, 1.72136, 1.6789, -1.5528, 1.46491, -2.29597], [-1.87615, -1.36187, 1.89272, 1.93894, -1.51987, 1.38235, -1.97803], [-1.6892, -1.26655, 2.06409, 2.19897, -1.48695, 1.29979, -1.6601], [-1.50225, -1.17124, 2.23545, 2.459, -1.45402, 1.21723, -1.34216], [-1.45215, -1.14569, 2.28137, 2.52868, -1.4452, 1.19511, -1.25697], [-1.29955, -0.88507, 2.32361, 2.41869, -1.48885, 0.81769, -1.23331], [-1.14695, -0.62445, 2.36584, 2.3087, -1.53251, 0.44028, -1.20966], [-0.99435, -0.36382, 2.40808, 2.19872, -1.57616, 0.06286, -1.186], [-0.84175, -0.1032, 2.45032, 2.08873, -1.61982, -0.31455, -1.16234], [-0.68915, 0.15742, 2.49255, 1.97874, -1.66347, -0.69197, -1.13869], [-0.5764, 0.34999, 2.52376, 1.89748, -1.69573, -0.97083, -1.12121], [-0.67995, 0.56421, 2.53273, 1.69549, -1.61317, -0.95738, -0.73976], [-0.7835, 0.77844, 2.5417, 1.4935, -1.5306, -0.94394, -0.3583], [-0.88705, 0.99266, 2.55067, 1.29151, -1.44804, -0.9305, 0.02315], [-0.9906, 1.20689, 2.55964, 1.08952, -1.36548, -0.91705, 0.40461], [-1.00219, 1.23087, 2.56064, 1.06691, -1.35624, -0.91555, 0.44731], [-0.97343, 1.09001, 2.15526, 0.95391, -1.22564, -0.99587, 0.27783], [-0.94467, 0.94914, 1.74988, 0.8409, -1.09504, -1.07618, 0.10835]]
end: [-0.93049999999999999, 0.87968999999999997, 1.55, 0.78519000000000005, -1.0306500000000001, -1.1157900000000001, 0.02479]
obtacles: [[[0.6, 0.5, -1.0], [0.9, 0.6, 1.0]], [[0.6, -0.6, -1.0], [0.9, -0.5, 1.0]], [[0.6, -0.6, 0.9], [0.9, 0.6, 1.0]], [[0.6, -0.6, -1.0], [0.9, 0.6, -0.9]], [[0.6, -0.6, 0.4], [0.9, 0.6, 0.5]], [[0.6, -0.6, -0.4], [0.9, 0.6, -0.3]], [[0.6, -0.2, 0.5], [0.9, -0.1, 1.0]], [[0.6, 0.0, -0.4], [0.9, 0.1, 0.5]], [[0.6, -0.1, -1.0], [0.9, 0.0, -0.3]]]
start: [-0.91839000000000004, 1.7672600000000001, 1.6499999999999999, 1.2605599999999999, -1.78196, -1.5564899999999999, -0.33284999999999998]
tajectories: [[-0.91839, 1.76726, 1.65, 1.26056, -1.78196, -1.55649, -0.33285], [-1.0304, 1.73041, 1.71662, 1.59762, -1.72227, -1.35713, -0.60625], [-1.14241, 1.69357, 1.78323, 1.93467, -1.66258, -1.15777, -0.87964], [-1.25442, 1.65672, 1.84985, 2.27173, -1.6029, -0.9584, -1.15303], [-1.36643, 1.61987, 1.91647, 2.60878, -1.54321, -0.75904, -1.42642], [-1.39418, 1.61074, 1.93297, 2.69228, -1.52842, -0.70965, -1.49415], [-1.5539, 1.43555, 1.8235, 2.53329, -1.28032, -0.85358, -1.22162], [-1.71361, 1.26037, 1.71404, 2.37431, -1.03222, -0.99751, -0.94909], [-1.87333, 1.08518, 1.60457, 2.21532, -0.78413, -1.14143, -0.67657], [-2.03305, 0.91, 1.4951, 2.05633, -0.53603, -1.28536, -0.40404], [-2.19276, 0.73481, 1.38564, 1.89734, -0.28793, -1.42929, -0.13151], [-2.2909, 0.62717, 1.31837, 1.79965, -0.13549, -1.51773, 0.03595], [-2.26516, 0.41088, 1.43714, 1.726, -0.13817, -1.41414, 0.45103], [-2.23941, 0.19459, 1.55591, 1.65235, -0.14085, -1.31055, 0.8661], [-2.21367, -0.0217, 1.67468, 1.57871, -0.14353, -1.20696, 1.28118], [-2.18793, -0.23799, 1.79345, 1.50506, -0.14621, -1.10336, 1.69626], [-2.16218, -0.45428, 1.91221, 1.43141, -0.14888, -0.99977, 2.11133], [-2.15909, -0.48023, 1.92647, 1.42257, -0.14921, -0.98734, 2.16114], [-2.23082, -0.54817, 1.87767, 1.2466, 0.08342, -0.98417, 1.77028], [-2.30256, -0.61611, 1.82888, 1.07062, 0.31604, -0.98099, 1.37942], [-2.37429, -0.68404, 1.78009, 0.89465, 0.54866, -0.97782, 0.98857], [-2.44602, -0.75198, 1.7313, 0.71868, 0.78128, -0.97465, 0.59771], [-2.51775, -0.81992, 1.68251, 0.5427, 1.01391, -0.97147, 0.20686]]
end: [-2.5655600000000001, -0.86519000000000001, 1.6499999999999999, 0.42542999999999997, 1.16893, -0.96936, -0.053620000000000001]
obtacles: [[[0.6, 0.5, -1.0], [0.9, 0.6, 1.0]], [[0.6, -0.6, -1.0], [0.9, -0.5, 1.0]], [[0.6, -0.6, 0.9], [0.9, 0.6, 1.0]], [[0.6, -0.6, -1.0], [0.9, 0.6, -0.9]], [[0.6, -0.6, 0.4], [0.9, 0.6, 0.5]], [[0.6, -0.6, -0.4], [0.9, 0.6, -0.3]], [[0.6, -0.2, 0.5], [0.9, -0.1, 1.0]], [[0.6, 0.0, -0.4], [0.9, 0.1, 0.5]], [[0.6, -0.1, -1.0], [0.9, 0.0, -0.3]]]
start: [-0.84260999999999997, 1.44373, 1.6000000000000001, 1.60321, -1.4428099999999999, -1.5459499999999999, -0.76405000000000001]
tajectories: [[-0.84261, 1.44373, 1.6, 1.60321, -1.44281, -1.54595, -0.76405]]
end: [-0.70416000000000001, 1.6905699999999999, 1.6000000000000001, 1.6169199999999999, -1.6891700000000001, -1.5363199999999999, -0.90895999999999999]
obtacles: [[[0.6, 0.5, -1.0], [0.9, 0.6, 1.0]], [[0.6, -0.6, -1.0], [0.9, -0.5, 1.0]], [[0.6, -0.6, 0.9], [0.9, 0.6, 1.0]], [[0.6, -0.6, -1.0], [0.9, 0.6, -0.9]], [[0.6, -0.6, 0.4], [0.9, 0.6, 0.5]], [[0.6, -0.6, -0.4], [0.9, 0.6, -0.3]], [[0.6, -0.2, 0.5], [0.9, -0.1, 1.0]], [[0.6, 0.0, -0.4], [0.9, 0.1, 0.5]], [[0.6, -0.1, -1.0], [0.9, 0.0, -0.3]]]
start: [-0.76437999999999995, 1.80752, 1.7, 1.21078, -1.83772, -1.5361899999999999, -0.42636000000000002]
tajectories: [[-0.76438, 1.80752, 1.7, 1.21078, -1.83772, -1.53619, -0.42636], [-0.90846, 1.69659, 1.50777, 1.43272, -1.5038, -1.40931, -0.48228], [-1.05253, 1.58566, 1.31554, 1.65467, -1.16988, -1.28244, -0.53819], [-1.19661, 1.47473, 1.12332, 1.87662, -0.83597, -1.15557, -0.59411], [-1.30948, 1.38783, 0.97273, 2.05049, -0.57438, -1.05618, -0.63792], [-1.40107, 1.40045, 1.39571, 2.25794, -0.44194, -1.08227, -0.67381], [-1.49267, 1.41307, 1.81868, 2.46538, -0.3095, -1.10837, -0.7097], [-1.58427, 1.42569, 2.24166, 2.67282, -0.17707, -1.13446, -0.74559], [-1.6052, 1.42857, 2.33828, 2.72021, -0.14681, -1.14042, -0.75379], [-1.34422, 1.19262, 2.32784, 2.46198, -0.36612, -1.19685, -0.66354], [-1.08325, 0.95667, 2.3174, 2.20374, -0.58544, -1.25327, -0.57329], [-0.82228, 0.72072, 2.30696, 1.94551, -0.80475, -1.30969, -0.48304], [-0.66257, 0.57632, 2.30057, 1.78747, -0.93897, -1.34422, -0.42781], [-0.43526, 0.67083, 2.09315, 1.5343, -0.94481, -1.27656, -0.70651], [-0.20795, 0.76533, 1.88573, 1.28114, -0.95064, -1.2089, -0.98521]]
end: [-0.0044000000000000003, 0.84996000000000005, 1.7, 1.05444, -0.95586000000000004, -1.1483099999999999, -1.2347699999999999]
obtacles: [[[0.6, 0.5, -1.0], [0.9, 0.6, 1.0]], [[0.6, -0.6, -1.0], [0.9, -0.5, 1.0]], [[0.6, -0.6, 0.9], [0.9, 0.6, 1.0]], [[0.6, -0.6, -1.0], [0.9, 0.6, -0.9]], [[0.6, -0.6, 0.4], [0.9, 0.6, 0.5]], [[0.6, -0.6, -0.4], [0.9, 0.6, -0.3]], [[0.6, -0.2, 0.5], [0.9, -0.1, 1.0]], [[0.6, 0.0, -0.4], [0.9, 0.1, 0.5]], [[0.6, -0.1, -1.0], [0.9, 0.0, -0.3]]]
start: [-2.5219999999999998, -1.61334, 1.55, 1.12504, -1.52345, 1.57039, -2.63659]
tajectories: [[-2.522, -1.61334, 1.55, 1.12504, -1.52345, 1.57039, -2.63659], [-2.29954, -1.58049, 1.64964, 1.36334, -1.75928, 1.3073, -2.54781], [-2.07707, -1.54765, 1.74929, 1.60163, -1.99512, 1.04421, -2.45902], [-1.8546, -1.51481, 1.84893, 1.83992, -2.23095, 0.78112, -2.37024], [-1.63213, -1.48196, 1.94858, 2.07822, -2.46679, 0.51803, -2.28146], [-1.40966, -1.44912, 2.04822, 2.31651, -2.70262, 0.25494, -2.19267], [-1.1872, -1.41627, 2.14787, 2.55481, -2.93846, -0.00815, -2.10389], [-1.08691, -1.40147, 2.19278, 2.66222, -3.04476, -0.12674, -2.06387], [-1.0558, -1.24829, 1.87346, 2.44102, -2.77774, -0.06998, -2.05179], [-1.02468, -1.09511, 1.55413, 2.21982, -2.51072, -0.01323, -2.03971], [-0.99356, -0.94193, 1.2348, 1.99862, -2.2437, 0.04353, -2.02763], [-0.96244, -0.78875, 0.91548, 1.77742, -1.97667, 0.10029, -2.01555], [-0.95744, -0.76417, 0.86424, 1.74192, -1.93383, 0.1094, -2.01361], [-0.98011, -0.71939, 0.55347, 1.86015, -1.63937, -0.11384, -1.99374], [-1.00277, -0.67461, 0.24271, 1.97838, -1.34492, -0.33707, -1.97387], [-1.02544, -0.62983, -0.06805, 2.09661, -1.05047, -0.5603, -1.954], [-1.0481, -0.58506, -0.37881, 2.21484, -0.75602, -0.78354, -1.93413], [-1.05806, -0.56538, -0.51537, 2.2668, -0.62662, -0.88163, -1.9254], [-1.26594, -0.52735, -0.4142, 2.11902, -0.6106, -1.00418, -1.52791], [-1.47382, -0.48931, -0.31304, 1.97125, -0.59457, -1.12673, -1.13043], [-1.6817, -0.45128, -0.21187, 1.82347, -0.57855, -1.24928, -0.73295], [-1.88958, -0.41324, -0.1107, 1.67569, -0.56252, -1.37182, -0.33547], [-2.03747, -0.38619, -0.03872, 1.57056, -0.55112, -1.459, -0.05269], [-1.82508, -0.13615, 0.25891, 1.38908, -0.66711, -1.38808, -0.00402], [-1.61269, 0.11388, 0.55654, 1.2076, -0.7831, -1.31715, 0.04465], [-1.4003, 0.36391, 0.85418, 1.02612, -0.89909, -1.24623, 0.09332], [-1.18791, 0.61394, 1.15181, 0.84463, -1.01508, -1.1753, 0.142], [-0.97552, 0.86397, 1.44945, 0.66315, -1.13106, -1.10438, 0.19067]]
end: [-0.90376000000000001, 0.94843999999999995, 1.55, 0.60184000000000004, -1.17025, -1.0804199999999999, 0.20710999999999999]
obtacles: [[[0.6, 0.5, -1.0], [0.9, 0.6, 1.0]], [[0.6, -0.6, -1.0], [0.9, -0.5, 1.0]], [[0.6, -0.6, 0.9], [0.9, 0.6, 1.0]], [[0.6, -0.6, -1.0], [0.9, 0.6, -0.9]], [[0.6, -0.6, 0.4], [0.9, 0.6, 0.5]], [[0.6, -0.6, -0.4], [0.9, 0.6, -0.3]], [[0.6, -0.2, 0.5], [0.9, -0.1, 1.0]], [[0.6, 0.0, -0.4], [0.9, 0.1, 0.5]], [[0.6, -0.1, -1.0], [0.9, 0.0, -0.3]]]
start: [-1.0117499999999999, 1.95377, 1.7, 1.9464900000000001, 1.25183, 1.31989, 2.2724899999999999]
tajectories: [[-1.01175, 1.95377, 1.7, 1.94649, 1.25183, 1.31989, 2.27249], [-1.05443, 1.76521, 1.36879, 2.02575, 1.01357, 1.25221, 2.08463], [-1.09712, 1.57666, 1.03757, 2.10501, 0.7753, 1.18454, 1.89677], [-1.1398, 1.3881, 0.70636, 2.18426, 0.53704, 1.11687, 1.70891], [-1.18249, 1.19955, 0.37515, 2.26352, 0.29877, 1.0492, 1.52105], [-1.22517, 1.01099, 0.04394, 2.34278, 0.06051, 0.98152, 1.33319], [-1.26786, 0.82244, -0.28728, 2.42204, -0.17776, 0.91385, 1.14533], [-1.31055, 0.63388, -0.61849, 2.50129, -0.41602, 0.84618, 0.95747], [-1.35323, 0.44533, -0.9497, 2.58055, -0.65429, 0.7785, 0.76961], [-1.39592, 0.25677, -1.28091, 2.65981, -0.89255, 0.71083, 0.58175], [-1.40365, 0.22261, -1.34092, 2.67416, -0.93571, 0.69857, 0.54771], [-1.30924, 0.25046, -1.07982, 2.2947, -0.83008, 0.82787, 0.56419], [-1.21484, 0.2783, -0.81873, 1.91523, -0.72445, 0.95716, 0.58066], [-1.12043, 0.30614, -0.55764, 1.53576, -0.61882, 1.08646, 0.59713], [-1.02602, 0.33398, -0.29655, 1.15629, -0.51319, 1.21575, 0.6136], [-0.9661, 0.35165, -0.13083, 0.91544, -0.44614, 1.29782, 0.62405], [-1.03426, 0.35234, 0.06243, 0.87371, -0.53176, 1.03342, 0.26485], [-1.10242, 0.35302, 0.25569, 0.83199, -0.61738, 0.76903, -0.09436], [-1.17057, 0.3537, 0.44894, 0.79026, -0.70301, 0.50464, -0.45357], [-1.23873, 0.35439, 0.6422, 0.74853, -0.78863, 0.24025, -0.81277], [-1.30689, 0.35507, 0.83546, 0.7068, -0.87425, -0.02415, -1.17198], [-1.37505, 0.35576, 1.02872, 0.66508, -0.95987, -0.28854, -1.53119], [-1.42991, 0.35631, 1.18428, 0.63149, -1.02878, -0.50136, -1.82032], [-1.20936, 0.20192, 1.29112, 1.00336, -0.86562, -0.49709, -1.85462], [-0.9888, 0.04753, 1.39796, 1.37523, -0.70245, -0.49282, -1.88891], [-0.76825, -0.10687, 1.50479, 1.7471, -0.53928, -0.48855, -1.9232], [-0.5477, -0.26126, 1.61163, 2.11897, -0.37612, -0.48428, -1.95749], [-0.32714, -0.41565, 1.71847, 2.49084, -0.21295, -0.48001, -1.99178], [-0.21517, -0.49403, 1.77271, 2.67963, -0.13011, -0.47784, -2.00919], [-0.15988, -0.23596, 1.7589, 2.3437, -0.30118, -0.59134, -1.85059], [-0.10458, 0.02211, 1.74509, 2.00777, -0.47224, -0.70485, -1.69198], [-0.04929, 0.28018, 1.73129, 1.67184, -0.64331, -0.81836, -1.53337], [0.00601, 0.53825, 1.71748, 1.33592, -0.81437, -0.93187, -1.37477], [0.0613, 0.79632, 1.70367, 0.99999, -0.98544, -1.04537, -1.21616]]
end: [0.075999999999999998, 0.86495, 1.7, 0.91066000000000003, -1.0309200000000001, -1.0755600000000001, -1.1739900000000001]
obtacles: [[[0.6, 0.5, -1.0], [0.9, 0.6, 1.0]], [[0.6, -0.6, -1.0], [0.9, -0.5, 1.0]], [[0.6, -0.6, 0.9], [0.9, 0.6, 1.0]], [[0.6, -0.6, -1.0], [0.9, 0.6, -0.9]], [[0.6, -0.6, 0.4], [0.9, 0.6, 0.5]], [[0.6, -0.6, -0.4], [0.9, 0.6, -0.3]], [[0.6, -0.2, 0.5], [0.9, -0.1, 1.0]], [[0.6, 0.0, -0.4], [0.9, 0.1, 0.5]], [[0.6, -0.1, -1.0], [0.9, 0.0, -0.3]]]
start: [-0.86212999999999995, 1.7090700000000001, 1.7, 1.60486, -1.7058, -1.4381699999999999, -0.72479000000000005]
tajectories: [[-0.86213, 1.70907, 1.7, 1.60486, -1.7058, -1.43817, -0.72479], [-1.12022, 1.53408, 1.56908, 1.75167, -1.94604, -1.29393, -0.53623], [-1.37831, 1.3591, 1.43816, 1.89849, -2.18628, -1.14969, -0.34767], [-1.6364, 1.18411, 1.30724, 2.04531, -2.42651, -1.00545, -0.15912], [-1.89449, 1.00912, 1.17632, 2.19212, -2.66675, -0.8612, 0.02944], [-2.15258, 0.83414, 1.0454, 2.33894, -2.90699, -0.71696, 0.218], [-2.30711, 0.72937, 0.96701, 2.42684, -3.05083, -0.6306, 0.33089], [-1.91683, 0.72227, 1.23109, 2.44133, -2.97628, -0.70069, 0.19968], [-1.52655, 0.71518, 1.49516, 2.45583, -2.90172, -0.77078, 0.06848], [-1.13627, 0.70809, 1.75924, 2.47032, -2.82717, -0.84087, -0.06273], [-0.74599, 0.70099, 2.02331, 2.48481, -2.75261, -0.91096, -0.19394], [-0.35571, 0.6939, 2.28739, 2.4993, -2.67806, -0.98105, -0.32514], [-0.04981, 0.68834, 2.49437, 2.51066, -2.61962, -1.03599, -0.42798], [0.03981, 0.72979, 2.34573, 2.11805, -2.38727, -1.01491, -0.52583], [0.12943, 0.77124, 2.19708, 1.72543, -2.15491, -0.99384, -0.62368], [0.21905, 0.81269, 2.04844, 1.33282, -1.92256, -0.97276, -0.72153], [0.30867, 0.85414, 1.89979, 0.9402, -1.6902, -0.95168, -0.81938], [0.3983, 0.89559, 1.75115, 0.54758, -1.45785, -0.93061, -0.91723]]
end: [0.42913000000000001, 0.90985000000000005, 1.7, 0.41249000000000002, -1.3778900000000001, -0.92335, -0.95089999999999997]
obtacles: [[[0.6, 0.5, -1.0], [0.9, 0.6, 1.0]], [[0.6, -0.6, -1.0], [0.9, -0.5, 1.0]], [[0.6, -0.6, 0.9], [0.9, 0.6, 1.0]], [[0.6, -0.6, -1.0], [0.9, 0.6, -0.9]], [[0.6, -0.6, 0.4], [0.9, 0.6, 0.5]], [[0.6, -0.6, -0.4], [0.9, 0.6, -0.3]], [[0.6, -0.2, 0.5], [0.9, -0.1, 1.0]], [[0.6, 0.0, -0.4], [0.9, 0.1, 0.5]], [[0.6, -0.1, -1.0], [0.9, 0.0, -0.3]]]
start: [-2.2271100000000001, -1.6180000000000001, 1.55, 1.3196099999999999, -4.6615000000000002, -1.5624, 0.40442]
tajectories: [[-2.22711, -1.618, 1.55, 1.31961, -4.6615, -1.5624, 0.40442], [-2.30646, -1.60286, 1.76497, 1.04024, -4.40584, -1.45032, 0.6076], [-2.38582, -1.58773, 1.97994, 0.76086, -4.15017, -1.33823, 0.81079], [-2.46517, -1.5726, 2.19491, 0.48149, -3.89451, -1.22614, 1.01397], [-2.53919, -1.55849, 2.39542, 0.2209, -3.65604, -1.1216, 1.20349], [-2.50049, -1.48726, 2.46772, 0.53349, -3.36006, -0.89233, 1.18552], [-2.46178, -1.41604, 2.54001, 0.84607, -3.06408, -0.66306, 1.16754], [-2.42308, -1.34481, 2.61231, 1.15866, -2.7681, -0.43379, 1.14957], [-2.38437, -1.27359, 2.6846, 1.47124, -2.47212, -0.20452, 1.1316], [-2.37599, -1.25818, 2.70025, 1.53888, -2.40808, -0.15491, 1.12771], [-2.25436, -1.04223, 2.60964, 1.8221, -2.65034, -0.17179, 1.33063], [-2.13273, -0.82629, 2.51904, 2.10531, -2.8926, -0.18867, 1.53355], [-2.0111, -0.61034, 2.42843, 2.38853, -3.13486, -0.20556, 1.73647], [-1.92244, -0.45293, 2.36239, 2.59498, -3.31144, -0.21786, 1.88438], [-1.66796, -0.26042, 2.42407, 2.55808, -3.643, -0.0824, 1.763], [-1.41348, -0.0679, 2.48575, 2.52119, -3.97455, 0.05306, 1.64161], [-1.15899, 0.12462, 2.54743, 2.4843, -4.3061, 0.18852, 1.52023], [-0.92636, 0.3006, 2.60381, 2.45057, -4.60918, 0.31236, 1.40926], [-1.00653, 0.44756, 2.4392, 2.08502, -4.6211, 0.51974, 1.54382], [-1.08671, 0.59451, 2.2746, 1.71947, -4.63301, 0.72712, 1.67838], [-1.16688, 0.74146, 2.10999, 1.35393, -4.64493, 0.93451, 1.81294], [-1.20503, 0.81139, 2.03166, 1.17997, -4.6506, 1.0332, 1.87697], [-1.08219, 0.82994, 1.85689, 1.0924, -4.45057, 1.09009, 2.26825], [-0.95935, 0.84848, 1.68211, 1.00482, -4.25054, 1.14698, 2.65953]]
end: [-0.86648999999999998, 0.86248999999999998, 1.55, 0.93862000000000001, -4.0993300000000001, 1.1899900000000001, 2.9552999999999998]
