obtacles: [[[0.6, 0.5, -1.0], [0.9, 0.6, 1.0]], [[0.6, -0.6, -1.0], [0.9, -0.5, 1.0]], [[0.6, -0.6, 0.9], [0.9, 0.6, 1.0]], [[0.6, -0.6, -1.0], [0.9, 0.6, -0.9]], [[0.6, -0.6, 0.5], [0.9, 0.6, 0.6]], [[0.6, -0.6, -0.5], [0.9, 0.6, -0.4]], [[0.6, -0.1, 0.6], [0.9, 0.0, 1.0]], [[0.6, -0.3, -0.5], [0.9, -0.2, 0.6]], [[0.6, -0.3, -1.0], [0.9, -0.2, -0.4]]]
start: [-0.2341, 1.75783, 1.6000000000000001, 1.4184099999999999, -1.76007, -1.5706599999999999, -1.1815599999999999]
tajectories: [[-0.2341, 1.75783, 1.6, 1.41841, -1.76007, -1.57066, -1.18156], [-0.24323, 1.76238, 1.45815, 1.57258, -1.32678, -1.55729, -1.04707], [-0.25236, 1.76694, 1.3163, 1.72675, -0.89349, -1.54391, -0.91258], [-0.26149, 1.77149, 1.17445, 1.88091, -0.4602, -1.53053, -0.77809], [-0.27061, 1.77605, 1.03261, 2.03508, -0.02691, -1.51716, -0.6436], [-0.27974, 1.78061, 0.89076, 2.18925, 0.40639, -1.50378, -0.50912], [-0.28887, 1.78516, 0.74891, 2.34342, 0.83968, -1.4904, -0.37463], [-0.29459, 1.78802, 0.66005, 2.44, 1.11111, -1.48202, -0.29038], [-0.03418, 1.49411, 0.47622, 2.44245, 1.04894, -1.34343, -0.48769], [0.22624, 1.20021, 0.2924, 2.44489, 0.98677, -1.20484, -0.68501], [0.48665, 0.9063, 0.10857, 2.44733, 0.9246, -1.06624, -0.88232], [0.74707, 0.6124, -0.07525, 2.44977, 0.86242, -0.92765, -1.07964], [1.00748, 0.31849, -0.25908, 2.45222, 0.80025, -0.78906, -1.27695], [1.26789, 0.02459, -0.44291, 2.45466, 0.73808, -0.65046, -1.47427], [1.52831, -0.26931, -0.62673, 2.4571, 0.67591, -0.51187, -1.67158], [1.66074, -0.41878, -0.72021, 2.45834, 0.64429, -0.44139, -1.77193], [1.60505, -0.50649, -0.55973, 2.09632, 0.67459, -0.39541, -1.49023], [1.54937, -0.59421, -0.39924, 1.7343, 0.7049, -0.34944, -1.20852], [1.49368, -0.68192, -0.23876, 1.37227, 0.7352, -0.30347, -0.92682], [1.43799, -0.76963, -0.07827, 1.01025, 0.76551, -0.25749, -0.64512], [1.3823, -0.85735, 0.08221, 0.64822, 0.79581, -0.21152, -0.36342], [1.32661, -0.94506, 0.2427, 0.2862, 0.82611, -0.16555, -0.08172], [1.28993, -1.00285, 0.34842, 0.04771, 0.84608, -0.13526, 0.10386], [0.89542, -0.8678, 0.36226, 0.23307, 0.7955, 0.007, 0.24089], [0.50091, -0.73275, 0.3761, 0.41844, 0.74491, 0.14926, 0.37791], [0.1064, -0.5977, 0.38994, 0.6038, 0.69433, 0.29152, 0.51494], [-0.28811, -0.46265, 0.40377, 0.78917, 0.64375, 0.43377, 0.65196], [-0.68262, -0.3276, 0.41761, 0.97453, 0.59317, 0.57603, 0.78899], [-1.07713, -0.19255, 0.43145, 1.1599, 0.54258, 0.71829, 0.92601], [-1.24714, -0.13435, 0.43741, 1.23978, 0.52079, 0.77959, 0.98506], [-1.18314, 0.01421, 0.62752, 1.1776, 0.28462, 0.47752, 0.79322], [-1.11914, 0.16278, 0.81763, 1.11543, 0.04844, 0.17546, 0.60138], [-1.05515, 0.31135, 1.00775, 1.05326, -0.18773, -0.12661, 0.40955], [-0.99115, 0.45992, 1.19786, 0.99108, -0.4239, -0.42868, 0.21771], [-0.92716, 0.60849, 1.38797, 0.92891, -0.66007, -0.73075, 0.02587], [-0.86316, 0.75706, 1.57808, 0.86674, -0.89624, -1.03282, -0.16597]]
end: [-0.85577999999999999, 0.77419000000000004, 1.6000000000000001, 0.85956999999999995, -0.92347000000000001, -1.06765, -0.18809000000000001]
obtacles: [[[0.6, 0.5, -1.0], [0.9, 0.6, 1.0]], [[0.6, -0.6, -1.0], [0.9, -0.5, 1.0]], [[0.6, -0.6, 0.9], [0.9, 0.6, 1.0]], [[0.6, -0.6, -1.0], [0.9, 0.6, -0.9]], [[0.6, -0.6, 0.5], [0.9, 0.6, 0.6]], [[0.6, -0.6, -0.5], [0.9, 0.6, -0.4]], [[0.6, -0.1, 0.6], [0.9, 0.0, 1.0]], [[0.6, -0.3, -0.5], [0.9, -0.2, 0.6]], [[0.6, -0.3, -1.0], [0.9, -0.2, -0.4]]]
start: [0.69572999999999996, 1.4556899999999999, -1.6499999999999999, 1.11572, -1.63998, 1.4494199999999999, -2.7128299999999999]
tajectories: [[0.69573, 1.45569, -1.65, 1.11572, -1.63998, 1.44942, -2.71283], [0.66198, 1.45889, -1.65, 0.98497, -1.62444, 1.45572, -2.23172], [0.62824, 1.4621, -1.65, 0.85423, -1.60889, 1.46202, -1.7506], [0.59449, 1.46531, -1.65, 0.72348, -1.59335, 1.46832, -1.26948], [0.56074, 1.46852, -1.65, 0.59274, -1.57781, 1.47462, -0.78836], [0.52699, 1.47173, -1.65, 0.46199, -1.56226, 1.48092, -0.30724], [0.49325, 1.47493, -1.65, 0.33125, -1.54672, 1.48721, 0.17388], [0.4595, 1.47814, -1.65, 0.2005, -1.53117, 1.49351, 0.655], [0.42575, 1.48135, -1.65, 0.06976, -1.51563, 1.49981, 1.13612], [0.392, 1.48456, -1.65, -0.06099, -1.50009, 1.50611, 1.61723], [0.35826, 1.48777, -1.65, -0.19173, -1.48454, 1.51241, 2.09835]]
end: [0.32943, 1.49051, -1.6499999999999999, -0.30341000000000001, -1.4712700000000001, 1.51779, 2.5093000000000001]
obtacles: [[[0.6, 0.5, -1.0], [0.9, 0.6, 1.0]], [[0.6, -0.6, -1.0], [0.9, -0.5, 1.0]], [[0.6, -0.6, 0.9], [0.9, 0.6, 1.0]], [[0.6, -0.6, -1.0], [0.9, 0.6, -0.9]], [[0.6, -0.6, 0.5], [0.9, 0.6, 0.6]], [[0.6, -0.6, -0.5], [0.9, 0.6, -0.4]], [[0.6, -0.1, 0.6], [0.9, 0.0, 1.0]], [[0.6, -0.3, -0.5], [0.9, -0.2, 0.6]], [[0.6, -0.3, -1.0], [0.9, -0.2, -0.4]]]
start: [0.89439999999999997, 1.31772, -1.6499999999999999, 1.7982499999999999, -1.8351200000000001, 1.55263, -2.22525]
tajectories: [[0.8944, 1.31772, -1.65, 1.79825, -1.83512, 1.55263, -2.22525], [0.75257, 1.47598, -1.67021, 1.44725, -1.65225, 1.55198, -2.44385], [0.61073, 1.63425, -1.69042, 1.09624, -1.46939, 1.55134, -2.66245]]
end: [0.54351000000000005, 1.70926, -1.7, 0.92988000000000004, -1.3827199999999999, 1.55104, -2.76606]
obtacles: [[[0.6, 0.5, -1.0], [0.9, 0.6, 1.0]], [[0.6, -0.6, -1.0], [0.9, -0.5, 1.0]], [[0.6, -0.6, 0.9], [0.9, 0.6, 1.0]], [[0.6, -0.6, -1.0], [0.9, 0.6, -0.9]], [[0.6, -0.6, 0.5], [0.9, 0.6, 0.6]], [[0.6, -0.6, -0.5], [0.9, 0.6, -0.4]], [[0.6, -0.1, 0.6], [0.9, 0.0, 1.0]], [[0.6, -0.3, -0.5], [0.9, -0.2, 0.6]], [[0.6, -0.3, -1.0], [0.9, -0.2, -0.4]]]
start: [0.58040999999999998, 1.40479, -1.6000000000000001, 0.95152999999999999, -1.68977, 1.4511499999999999, -2.76091]
tajectories: [[0.58041, 1.40479, -1.6, 0.95153, -1.68977, 1.45115, -2.76091], [0.90536, 1.55817, -1.6, 1.27028, -1.56147, 1.50262, -2.77404]]
end: [1.17733, 1.6865399999999999, -1.6000000000000001, 1.53705, -1.4540999999999999, 1.5457000000000001, -2.7850299999999999]
obtacles: [[[0.6, 0.5, -1.0], [0.9, 0.6, 1.0]], [[0.6, -0.6, -1.0], [0.9, -0.5, 1.0]], [[0.6, -0.6, 0.9], [0.9, 0.6, 1.0]], [[0.6, -0.6, -1.0], [0.9, 0.6, -0.9]], [[0.6, -0.6, 0.5], [0.9, 0.6, 0.6]], [[0.6, -0.6, -0.5], [0.9, 0.6, -0.4]], [[0.6, -0.1, 0.6], [0.9, 0.0, 1.0]], [[0.6, -0.3, -0.5], [0.9, -0.2, 0.6]], [[0.6, -0.3, -1.0], [0.9, -0.2, -0.4]]]
start: [0.76490000000000002, 1.4379, -1.6499999999999999, 1.8317399999999999, -1.71973, 1.5291999999999999, -2.0663800000000001]
tajectories: [[0.7649, 1.4379, -1.65, 1.83174, -1.71973, 1.5292, -2.06638], [0.73031, 1.55518, -1.65, 1.48993, -1.58139, 1.52895, -2.38114]]
end: [0.70050000000000001, 1.6562399999999999, -1.6499999999999999, 1.1954199999999999, -1.4621900000000001, 1.5287299999999999, -2.6523500000000002]
obtacles: [[[0.6, 0.5, -1.0], [0.9, 0.6, 1.0]], [[0.6, -0.6, -1.0], [0.9, -0.5, 1.0]], [[0.6, -0.6, 0.9], [0.9, 0.6, 1.0]], [[0.6, -0.6, -1.0], [0.9, 0.6, -0.9]], [[0.6, -0.6, 0.5], [0.9, 0.6, 0.6]], [[0.6, -0.6, -0.5], [0.9, 0.6, -0.4]], [[0.6, -0.1, 0.6], [0.9, 0.0, 1.0]], [[0.6, -0.3, -0.5], [0.9, -0.2, 0.6]], [[0.6, -0.3, -1.0], [0.9, -0.2, -0.4]]]
start: [0.63214999999999999, 1.4830399999999999, -1.7, 1.85365, -1.6916599999999999, 1.4718500000000001, -1.90842]
tajectories: [[0.63215, 1.48304, -1.7, 1.85365, -1.69166, 1.47185, -1.90842]]
end: [0.90907000000000004, 1.6789099999999999, -1.7, 1.8800300000000001, -1.50617, 1.4153100000000001, -2.1826699999999999]
obtacles: [[[0.6, 0.5, -1.0], [0.9, 0.6, 1.0]], [[0.6, -0.6, -1.0], [0.9, -0.5, 1.0]], [[0.6, -0.6, 0.9], [0.9, 0.6, 1.0]], [[0.6, -0.6, -1.0], [0.9, 0.6, -0.9]], [[0.6, -0.6, 0.5], [0.9, 0.6, 0.6]], [[0.6, -0.6, -0.5], [0.9, 0.6, -0.4]], [[0.6, -0.1, 0.6], [0.9, 0.0, 1.0]], [[0.6, -0.3, -0.5], [0.9, -0.2, 0.6]], [[0.6, -0.3, -1.0], [0.9, -0.2, -0.4]]]
start: [0.42401, 1.73702, -1.75, 1.18529, -4.4900200000000003, -1.4699599999999999, 0.73504999999999998]
tajectories: [[0.42401, 1.73702, -1.75, 1.18529, -4.49002, -1.46996, 0.73505], [0.57338, 1.57387, -1.75, 0.95224, -4.59129, -1.40621, 0.37114]]
end: [0.69199999999999995, 1.44431, -1.75, 0.76717000000000002, -4.67171, -1.3555900000000001, 0.082150000000000001]
obtacles: [[[0.6, 0.5, -1.0], [0.9, 0.6, 1.0]], [[0.6, -0.6, -1.0], [0.9, -0.5, 1.0]], [[0.6, -0.6, 0.9], [0.9, 0.6, 1.0]], [[0.6, -0.6, -1.0], [0.9, 0.6, -0.9]], [[0.6, -0.6, 0.5], [0.9, 0.6, 0.6]], [[0.6, -0.6, -0.5], [0.9, 0.6, -0.4]], [[0.6, -0.1, 0.6], [0.9, 0.0, 1.0]], [[0.6, -0.3, -0.5], [0.9, -0.2, 0.6]], [[0.6, -0.3, -1.0], [0.9, -0.2, -0.4]]]
start: [0.84472999999999998, 1.6221699999999999, -1.75, 0.77576000000000001, -4.5479799999999999, -1.48268, -0.080850000000000005]
tajectories: [[0.84473, 1.62217, -1.75, 0.77576, -4.54798, -1.48268, -0.08085], [0.75819, 1.55799, -1.86062, 1.0078, -4.25867, -1.44877, -0.3766], [0.67165, 1.49382, -1.97125, 1.23983, -3.96936, -1.41485, -0.67234], [0.58511, 1.42964, -2.08187, 1.47186, -3.68005, -1.38093, -0.96809], [0.49857, 1.36547, -2.19249, 1.70389, -3.39074, -1.34701, -1.26383], [0.41203, 1.3013, -2.30311, 1.93592, -3.10143, -1.31309, -1.55958], [0.32549, 1.23712, -2.41374, 2.16796, -2.81212, -1.27917, -1.85533], [0.27479, 1.19952, -2.47855, 2.30391, -2.64261, -1.2593, -2.02861], [0.42043, 0.86595, -2.28729, 2.33987, -2.53504, -1.29807, -1.77061], [0.56607, 0.53237, -2.09603, 2.37582, -2.42747, -1.33684, -1.5126], [0.71172, 0.1988, -1.90477, 2.41178, -2.31991, -1.37562, -1.25459], [0.85736, -0.13477, -1.7135, 2.44774, -2.21234, -1.41439, -0.99659], [1.003, -0.46835, -1.52224, 2.48369, -2.10477, -1.45317, -0.73858], [1.14865, -0.80192, -1.33098, 2.51965, -1.9972, -1.49194, -0.48057], [1.29429, -1.1355, -1.13971, 2.55561, -1.88963, -1.53071, -0.22257], [1.42086, -1.4254, -0.97349, 2.58685, -1.79615, -1.56441, 0.00166], [1.62675, -1.56355, -1.16771, 2.22202, -1.80966, -1.56571, -0.13069], [1.83263, -1.7017, -1.36193, 1.85719, -1.82318, -1.567, -0.26304]]
end: [2.032, -1.83548, -1.55, 1.5038899999999999, -1.8362700000000001, -1.56826, -0.39119999999999999]
obtacles: [[[0.6, 0.5, -1.0], [0.9, 0.6, 1.0]], [[0.6, -0.6, -1.0], [0.9, -0.5, 1.0]], [[0.6, -0.6, 0.9], [0.9, 0.6, 1.0]], [[0.6, -0.6, -1.0], [0.9, 0.6, -0.9]], [[0.6, -0.6, 0.5], [0.9, 0.6, 0.6]], [[0.6, -0.6, -0.5], [0.9, 0.6, -0.4]], [[0.6, -0.1, 0.6], [0.9, 0.0, 1.0]], [[0.6, -0.3, -0.5], [0.9, -0.2, 0.6]], [[0.6, -0.3, -1.0], [0.9, -0.2, -0.4]]]
start: [0.75710999999999995, 1.4765200000000001, -1.7, 1.9513100000000001, -1.7067399999999999, 1.4865600000000001, -1.9355500000000001]
tajectories: [[0.75711, 1.47652, -1.7, 1.95131, -1.70674, 1.48656, -1.93555], [0.77219, 1.47927, -1.7, 1.85204, -2.02206, 1.17996, -1.71997], [0.78728, 1.48202, -1.7, 1.75277, -2.33739, 0.87335, -1.50439], [0.80236, 1.48478, -1.7, 1.6535, -2.65271, 0.56675, -1.28881], [0.81745, 1.48753, -1.7, 1.55423, -2.96804, 0.26015, -1.07323], [0.83253, 1.49028, -1.7, 1.45496, -3.28337, -0.04646, -0.85765], [0.84762, 1.49303, -1.7, 1.35569, -3.59869, -0.35306, -0.64207], [0.8627, 1.49578, -1.7, 1.25642, -3.91402, -0.65966, -0.42649], [0.87779, 1.49853, -1.7, 1.15716, -4.22934, -0.96627, -0.21091], [0.89288, 1.50128, -1.7, 1.05789, -4.54467, -1.27287, 0.00467]]
end: [0.90037, 1.50265, -1.7, 1.0085599999999999, -4.7013600000000002, -1.42523, 0.11179]
obtacles: [[[0.6, 0.5, -1.0], [0.9, 0.6, 1.0]], [[0.6, -0.6, -1.0], [0.9, -0.5, 1.0]], [[0.6, -0.6, 0.9], [0.9, 0.6, 1.0]], [[0.6, -0.6, -1.0], [0.9, 0.6, -0.9]], [[0.6, -0.6, 0.5], [0.9, 0.6, 0.6]], [[0.6, -0.6, -0.5], [0.9, 0.6, -0.4]], [[0.6, -0.1, 0.6], [0.9, 0.0, 1.0]], [[0.6, -0.3, -0.5], [0.9, -0.2, 0.6]], [[0.6, -0.3, -1.0], [0.9, -0.2, -0.4]]]
start: [0.30557000000000001, 1.75851, -1.8, 0.72328000000000003, -4.4172799999999999, -1.5629599999999999, 0.39488000000000001]
tajectories: [[0.30557, 1.75851, -1.8, 0.72328, -4.41728, -1.56296, 0.39488], [0.59273, 1.71169, -1.53475, 1.01987, -4.3766, -1.51635, 0.33832], [0.8799, 1.66486, -1.26951, 1.31645, -4.33591, -1.46974, 0.28176], [1.16707, 1.61803, -1.00426, 1.61303, -4.29523, -1.42313, 0.2252], [1.45423, 1.57121, -0.73902, 1.90961, -4.25455, -1.37652, 0.16864], [1.7414, 1.52438, -0.47377, 2.2062, -4.21387, -1.32991, 0.11207], [2.00237, 1.48183, -0.23273, 2.47572, -4.1769, -1.28755, 0.06067], [1.93446, 1.31219, -0.30488, 2.14342, -4.03672, -1.08849, -0.14355], [1.86655, 1.14256, -0.37703, 1.81112, -3.89654, -0.88943, -0.34778], [1.79864, 0.97292, -0.44919, 1.47882, -3.75637, -0.69037, -0.55201], [1.73073, 0.80328, -0.52134, 1.14653, -3.61619, -0.49131, -0.75624], [1.70039, 0.72749, -0.55358, 0.99806, -3.55356, -0.40237, -0.84748], [1.59528, 0.47313, -0.55213, 1.23475, -3.66315, -0.27913, -1.14919], [1.49016, 0.21877, -0.55067, 1.47145, -3.77274, -0.1559, -1.4509], [1.38505, -0.03559, -0.54921, 1.70814, -3.88232, -0.03266, -1.75261], [1.27993, -0.28994, -0.54776, 1.94484, -3.99191, 0.09057, -2.05433], [1.25266, -0.35594, -0.54738, 2.00625, -4.02034, 0.12255, -2.1326], [1.15257, -0.53128, -0.5716, 1.94337, -3.95642, 0.50403, -2.36729], [1.05248, -0.70663, -0.59582, 1.88048, -3.89249, 0.88551, -2.60198], [0.95239, -0.88197, -0.62004, 1.8176, -3.82856, 1.267, -2.83666], [0.89063, -0.99018, -0.63499, 1.7788, -3.78911, 1.5024, -2.98148], [1.20541, -0.94772, -0.86323, 1.50038, -3.86604, 1.38612, -2.9742], [1.5202, -0.90527, -1.09148, 1.22196, -3.94298, 1.26984, -2.96692], [1.83499, -0.86282, -1.31972, 0.94354, -4.01991, 1.15356, -2.95964], [2.14977, -0.82036, -1.54796, 0.66511, -4.09685, 1.03728, -2.95236], [2.46456, -0.77791, -1.77621, 0.38669, -4.17378, 0.921, -2.94508]]
end: [2.4973700000000001, -0.77347999999999995, -1.8, 0.35766999999999999, -4.1818, 0.90888000000000002, -2.9443199999999998]
obtacles: [[[0.6, 0.5, -1.0], [0.9, 0.6, 1.0]], [[0.6, -0.6, -1.0], [0.9, -0.5, 1.0]], [[0.6, -0.6, 0.9], [0.9, 0.6, 1.0]], [[0.6, -0.6, -1.0], [0.9, 0.6, -0.9]], [[0.6, -0.6, 0.5], [0.9, 0.6, 0.6]], [[0.6, -0.6, -0.5], [0.9, 0.6, -0.4]], [[0.6, -0.1, 0.6], [0.9, 0.0, 1.0]], [[0.6, -0.3, -0.5], [0.9, -0.2, 0.6]], [[0.6, -0.3, -1.0], [0.9, -0.2, -0.4]]]
start: [1.02817, 1.51332, -1.95, 1.2286600000000001, -4.6371799999999999, -1.1945600000000001, 0.19719999999999999]
tajectories: [[1.02817, 1.51332, -1.95, 1.22866, -4.63718, -1.19456, 0.1972], [0.98622, 1.48016, -1.63116, 1.35235, -4.40127, -0.98569, 0.02142], [0.94427, 1.44699, -1.31232, 1.47604, -4.16535, -0.77683, -0.15437], [0.90232, 1.41383, -0.99349, 1.59973, -3.92943, -0.56796, -0.33015], [0.86037, 1.38066, -0.67465, 1.72342, -3.69351, -0.35909, -0.50594], [0.81842, 1.34749, -0.35581, 1.84711, -3.45759, -0.15023, -0.68172], [0.78791, 1.32337, -0.12392, 1.93706, -3.28601, 0.00168, -0.80957], [0.82368, 1.26128, -0.20482, 1.99725, -2.94557, -0.12637, -1.12957], [0.85944, 1.19919, -0.28572, 2.05744, -2.60513, -0.25442, -1.44957], [0.89521, 1.13709, -0.36662, 2.11762, -2.26468, -0.38248, -1.76957], [0.93098, 1.075, -0.44752, 2.17781, -1.92424, -0.51053, -2.08957], [0.96674, 1.01291, -0.52842, 2.238, -1.5838, -0.63858, -2.40957], [1.00251, 0.95081, -0.60932, 2.29818, -1.24336, -0.76663, -2.72957], [1.02052, 0.91956, -0.65004, 2.32848, -1.07199, -0.83109, -2.89065], [1.06627, 0.54604, -0.37876, 2.41492, -0.96262, -0.7624, -2.78747], [1.11202, 0.17252, -0.10748, 2.50137, -0.85324, -0.69371, -2.68429], [1.15778, -0.20099, 0.1638, 2.58781, -0.74387, -0.62501, -2.5811], [1.20353, -0.57451, 0.43507, 2.67425, -0.6345, -0.55632, -2.47792], [1.24929, -0.94803, 0.70635, 2.7607, -0.52513, -0.48763, -2.37474], [1.28958, -1.27694, 0.94523, 2.83682, -0.42883, -0.42714, -2.28389], [1.38838, -1.33025, 0.61328, 2.68037, -0.59467, -0.57527, -2.05306], [1.48718, -1.38357, 0.28132, 2.52393, -0.76052, -0.7234, -1.82224], [1.58598, -1.43689, -0.05063, 2.36749, -0.92636, -0.87153, -1.59141], [1.68478, -1.4902, -0.38259, 2.21104, -1.09221, -1.01966, -1.36058], [1.78358, -1.54352, -0.71454, 2.0546, -1.25805, -1.16779, -1.12976], [1.88238, -1.59684, -1.04649, 1.89816, -1.4239, -1.31592, -0.89893], [1.98118, -1.65015, -1.37845, 1.74171, -1.58974, -1.46405, -0.66811]]
end: [2.0322399999999998, -1.67771, -1.55, 1.66086, -1.6754500000000001, -1.5406, -0.54881999999999997]
