obtacles: [[[0.6, 0.5, -1.0], [0.9, 0.6, 1.0]], [[0.6, -0.6, -1.0], [0.9, -0.5, 1.0]], [[0.6, -0.6, 0.9], [0.9, 0.6, 1.0]], [[0.6, -0.6, -1.0], [0.9, 0.6, -0.9]], [[0.6, -0.6, 0.5], [0.9, 0.6, 0.6]], [[0.6, -0.6, -0.4], [0.9, 0.6, -0.3]], [[0.6, 0.0, 0.6], [0.9, 0.1, 1.0]], [[0.6, -0.1, -0.4], [0.9, 0.0, 0.6]], [[0.6, 0.2, -1.0], [0.9, 0.3, -0.3]]]
start: [-2.35276, -1.89724, 1.45, 1.31799, -1.2247399999999999, 1.5404899999999999, -2.6376499999999998]
tajectories: [[-2.35276, -1.89724, 1.45, 1.31799, -1.22474, 1.54049, -2.63765], [-2.31716, -1.86666, 1.05401, 1.45328, -1.10682, 1.4224, -2.42591], [-2.28156, -1.83608, 0.65803, 1.58858, -0.9889, 1.30431, -2.21416], [-2.24596, -1.8055, 0.26204, 1.72387, -0.87097, 1.18621, -2.00241], [-2.21036, -1.77492, -0.13394, 1.85917, -0.75305, 1.06812, -1.79067], [-2.17476, -1.74434, -0.52993, 1.99446, -0.63513, 0.95003, -1.57892], [-2.13916, -1.71376, -0.92591, 2.12976, -0.5172, 0.83194, -1.36717], [-2.10356, -1.68318, -1.3219, 2.26505, -0.39928, 0.71385, -1.15543], [-2.06796, -1.6526, -1.71788, 2.40035, -0.28136, 0.59576, -0.94368], [-2.05286, -1.63963, -1.88594, 2.45777, -0.23131, 0.54564, -0.85381], [-1.96759, -1.44961, -1.628, 2.42603, -0.09737, 0.33462, -0.57702], [-1.88231, -1.2596, -1.37006, 2.39429, 0.03656, 0.1236, -0.30023], [-1.79704, -1.06958, -1.11212, 2.36255, 0.1705, -0.08742, -0.02344], [-1.71177, -0.87957, -0.85418, 2.33081, 0.30444, -0.29844, 0.25336], [-1.6265, -0.68955, -0.59624, 2.29907, 0.43837, -0.50947, 0.53015], [-1.59493, -0.61919, -0.50073, 2.28732, 0.48797, -0.5876, 0.63264], [-1.46115, -0.4238, -0.20224, 2.09913, 0.30671, -0.68748, 0.4696], [-1.32738, -0.2284, 0.09625, 1.91095, 0.12545, -0.78737, 0.30655], [-1.1936, -0.033, 0.39474, 1.72276, -0.05581, -0.88725, 0.14351], [-1.05983, 0.1624, 0.69323, 1.53457, -0.23707, -0.98713, -0.01953], [-0.92605, 0.3578, 0.99171, 1.34638, -0.41833, -1.08701, -0.18257], [-0.79228, 0.55319, 1.2902, 1.15819, -0.59959, -1.1869, -0.34562]]
end: [-0.72065999999999997, 0.65780000000000005, 1.45, 1.05745, -0.69662999999999997, -1.24037, -0.43290000000000001]
obtacles: [[[0.6, 0.5, -1.0], [0.9, 0.6, 1.0]], [[0.6, -0.6, -1.0], [0.9, -0.5, 1.0]], [[0.6, -0.6, 0.9], [0.9, 0.6, 1.0]], [[0.6, -0.6, -1.0], [0.9, 0.6, -0.9]], [[0.6, -0.6, 0.5], [0.9, 0.6, 0.6]], [[0.6, -0.6, -0.4], [0.9, 0.6, -0.3]], [[0.6, 0.0, 0.6], [0.9, 0.1, 1.0]], [[0.6, -0.1, -0.4], [0.9, 0.0, 0.6]], [[0.6, 0.2, -1.0], [0.9, 0.3, -0.3]]]
start: [-0.93867, 1.44754, 1.6000000000000001, 1.175, -1.46807, -1.4965900000000001, -0.24193999999999999]
tajectories: [[-0.93867, 1.44754, 1.6, 1.175, -1.46807, -1.49659, -0.24194], [-1.07055, 1.24416, 1.31722, 1.46278, -1.36569, -1.44755, -0.11717], [-1.20243, 1.04078, 1.03443, 1.75057, -1.26331, -1.39852, 0.0076], [-1.33431, 0.83739, 0.75165, 2.03836, -1.16093, -1.34948, 0.13237], [-1.46619, 0.63401, 0.46886, 2.32615, -1.05856, -1.30044, 0.25713], [-1.59807, 0.43063, 0.18608, 2.61394, -0.95618, -1.25141, 0.3819], [-1.63549, 0.37292, 0.10583, 2.6956, -0.92713, -1.23749, 0.41731], [-1.64309, 0.26688, 0.1487, 2.4225, -1.22692, -1.12557, 0.17262], [-1.65069, 0.16084, 0.19158, 2.14939, -1.52671, -1.01365, -0.07207], [-1.6583, 0.0548, 0.23445, 1.87629, -1.82649, -0.90173, -0.31676], [-1.6659, -0.05124, 0.27732, 1.60318, -2.12628, -0.78981, -0.56145], [-1.6735, -0.15728, 0.32019, 1.33007, -2.42607, -0.67789, -0.80614], [-1.6811, -0.26331, 0.36306, 1.05697, -2.72586, -0.56596, -1.05084], [-1.68671, -0.34145, 0.39465, 0.85572, -2.94677, -0.48349, -1.23115], [-1.40873, -0.37694, 0.40909, 1.11961, -3.10481, -0.53765, -1.50265], [-1.13076, -0.41243, 0.42353, 1.3835, -3.26285, -0.59181, -1.77416], [-0.85278, -0.44791, 0.43797, 1.64739, -3.42089, -0.64596, -2.04566], [-0.57481, -0.4834, 0.45241, 1.91129, -3.57892, -0.70012, -2.31716], [-0.29683, -0.51889, 0.46685, 2.17518, -3.73696, -0.75428, -2.58867], [-0.1677, -0.53537, 0.47356, 2.29777, -3.81038, -0.77944, -2.7148], [-0.11958, -0.24927, 0.62666, 2.17407, -3.50655, -0.88306, -2.55974], [-0.07146, 0.03683, 0.77976, 2.05038, -3.20272, -0.98669, -2.40469], [-0.02334, 0.32293, 0.93286, 1.92669, -2.89889, -1.09032, -2.24964], [0.02479, 0.60903, 1.08596, 1.80299, -2.59506, -1.19394, -2.09459], [0.07291, 0.89513, 1.23906, 1.6793, -2.29123, -1.29757, -1.93954], [0.12103, 1.18123, 1.39216, 1.55561, -1.9874, -1.40119, -1.78449], [0.16915, 1.46733, 1.54526, 1.43191, -1.68358, -1.50482, -1.62944]]
end: [0.18636, 1.56962, 1.6000000000000001, 1.3876900000000001, -1.5749500000000001, -1.5418700000000001, -1.5740099999999999]
obtacles: [[[0.6, 0.5, -1.0], [0.9, 0.6, 1.0]], [[0.6, -0.6, -1.0], [0.9, -0.5, 1.0]], [[0.6, -0.6, 0.9], [0.9, 0.6, 1.0]], [[0.6, -0.6, -1.0], [0.9, 0.6, -0.9]], [[0.6, -0.6, 0.5], [0.9, 0.6, 0.6]], [[0.6, -0.6, -0.4], [0.9, 0.6, -0.3]], [[0.6, 0.0, 0.6], [0.9, 0.1, 1.0]], [[0.6, -0.1, -0.4], [0.9, 0.0, 0.6]], [[0.6, 0.2, -1.0], [0.9, 0.3, -0.3]]]
start: [-0.78586, 1.5495399999999999, 1.6000000000000001, 1.0628299999999999, -1.5664199999999999, -1.53494, -0.27736]
tajectories: [[-0.78586, 1.54954, 1.6, 1.06283, -1.56642, -1.53494, -0.27736], [-0.97633, 1.32143, 1.33595, 1.34886, -1.603, -1.44326, -0.25707], [-1.16679, 1.09332, 1.07191, 1.63489, -1.63957, -1.35157, -0.23679], [-1.35725, 0.86521, 0.80786, 1.92092, -1.67614, -1.25988, -0.2165], [-1.54772, 0.63709, 0.54382, 2.20695, -1.71271, -1.16819, -0.19621], [-1.73575, 0.4119, 0.28315, 2.48932, -1.74882, -1.07768, -0.17619], [-1.75715, 0.35448, 0.57373, 2.40513, -1.84945, -0.98894, -0.54593], [-1.77856, 0.29705, 0.86432, 2.32094, -1.95009, -0.90021, -0.91568], [-1.79996, 0.23963, 1.15491, 2.23674, -2.05073, -0.81147, -1.28543], [-1.82137, 0.18221, 1.4455, 2.15255, -2.15136, -0.72273, -1.65518], [-1.83472, 0.14639, 1.6268, 2.10002, -2.21415, -0.66737, -1.88587], [-1.4631, 0.27158, 1.52337, 2.1761, -2.11524, -0.8246, -2.09855], [-1.09147, 0.39677, 1.41994, 2.25218, -2.01632, -0.98183, -2.31122], [-0.71985, 0.52196, 1.31651, 2.32826, -1.91741, -1.13906, -2.5239], [-0.34823, 0.64716, 1.21308, 2.40434, -1.81849, -1.2963, -2.73657], [0.02339, 0.77235, 1.10965, 2.48043, -1.71957, -1.45353, -2.94925], [0.08153, 0.79193, 1.09347, 2.49233, -1.7041, -1.47812, -2.98252], [0.10179, 1.05791, 1.21922, 2.25123, -1.76557, -1.49546, -2.66499], [0.12205, 1.32389, 1.34498, 2.01013, -1.82704, -1.5128, -2.34746], [0.14231, 1.58987, 1.47073, 1.76904, -1.88851, -1.53014, -2.02993], [0.16258, 1.85584, 1.59648, 1.52794, -1.94998, -1.54747, -1.7124]]
end: [0.17119999999999999, 1.96905, 1.6499999999999999, 1.4253199999999999, -1.97614, -1.5548500000000001, -1.57725]
obtacles: [[[0.6, 0.5, -1.0], [0.9, 0.6, 1.0]], [[0.6, -0.6, -1.0], [0.9, -0.5, 1.0]], [[0.6, -0.6, 0.9], [0.9, 0.6, 1.0]], [[0.6, -0.6, -1.0], [0.9, 0.6, -0.9]], [[0.6, -0.6, 0.5], [0.9, 0.6, 0.6]], [[0.6, -0.6, -0.4], [0.9, 0.6, -0.3]], [[0.6, 0.0, 0.6], [0.9, 0.1, 1.0]], [[0.6, -0.1, -0.4], [0.9, 0.0, 0.6]], [[0.6, 0.2, -1.0], [0.9, 0.3, -0.3]]]
start: [-0.78800999999999999, 1.7013499999999999, 1.6499999999999999, 1.1571899999999999, -1.72214, -1.5512900000000001, -0.36252000000000001]
tajectories: [[-0.78801, 1.70135, 1.65, 1.15719, -1.72214, -1.55129, -0.36252], [-0.87442, 1.72745, 1.63224, 1.30698, -1.54484, -1.35381, 0.02305], [-0.96084, 1.75355, 1.61447, 1.45677, -1.36755, -1.15633, 0.40863], [-1.04725, 1.77964, 1.59671, 1.60657, -1.19025, -0.95886, 0.7942], [-1.13366, 1.80574, 1.57895, 1.75636, -1.01295, -0.76138, 1.17978], [-1.22006, 1.83183, 1.56119, 1.90612, -0.83569, -0.56394, 1.56528], [-1.1203, 1.60526, 1.35299, 1.8446, -0.57396, -0.37708, 1.76064], [-1.02055, 1.37868, 1.14479, 1.78308, -0.31223, -0.19022, 1.95599], [-0.92079, 1.15211, 0.93659, 1.72156, -0.05051, -0.00336, 2.15135], [-0.82104, 0.92554, 0.72839, 1.66004, 0.21122, 0.18349, 2.3467], [-0.73888, 0.73893, 0.55691, 1.60937, 0.42678, 0.33739, 2.5076], [-0.84353, 0.58667, 0.52199, 1.84533, 0.52887, 0.2883, 2.12532], [-0.94819, 0.43442, 0.48707, 2.08129, 0.63096, 0.23921, 1.74304], [-1.05284, 0.28217, 0.45214, 2.31726, 0.73304, 0.19013, 1.36076], [-1.15749, 0.12991, 0.41722, 2.55322, 0.83513, 0.14104, 0.97849], [-1.26007, -0.01932, 0.38299, 2.78451, 0.93519, 0.09292, 0.60379], [-1.25186, -0.15243, 0.56537, 2.62876, 0.95495, -0.28253, 0.42121], [-1.24364, -0.28554, 0.74775, 2.47301, 0.97471, -0.65799, 0.23863], [-1.23542, -0.41864, 0.93013, 2.31726, 0.99447, -1.03345, 0.05605], [-1.2272, -0.55175, 1.11251, 2.16151, 1.01423, -1.40891, -0.12653], [-1.22526, -0.5831, 1.15547, 2.12483, 1.01888, -1.49733, -0.16954], [-1.51522, -0.60742, 1.35615, 1.79262, 0.94319, -1.41174, -0.12902], [-1.80518, -0.63174, 1.55683, 1.46041, 0.8675, -1.32615, -0.08849], [-2.09514, -0.65606, 1.75752, 1.1282, 0.79181, -1.24056, -0.04797], [-2.38509, -0.68038, 1.9582, 0.79599, 0.71611, -1.15497, -0.00745]]
end: [-2.5177299999999998, -0.6915, 2.0499999999999998, 0.64402999999999999, 0.68149000000000004, -1.11581, 0.01108]
obtacles: [[[0.6, 0.5, -1.0], [0.9, 0.6, 1.0]], [[0.6, -0.6, -1.0], [0.9, -0.5, 1.0]], [[0.6, -0.6, 0.9], [0.9, 0.6, 1.0]], [[0.6, -0.6, -1.0], [0.9, 0.6, -0.9]], [[0.6, -0.6, 0.5], [0.9, 0.6, 0.6]], [[0.6, -0.6, -0.4], [0.9, 0.6, -0.3]], [[0.6, 0.0, 0.6], [0.9, 0.1, 1.0]], [[0.6, -0.1, -0.4], [0.9, 0.0, 0.6]], [[0.6, 0.2, -1.0], [0.9, 0.3, -0.3]]]
start: [-2.3728199999999999, -1.8526400000000001, 1.6499999999999999, 2.0017900000000002, -1.2820400000000001, 1.5236400000000001, -1.90419]
tajectories: [[-2.37282, -1.85264, 1.65, 2.00179, -1.28204, 1.52364, -1.90419], [-2.41529, -1.7406, 1.60829, 1.64959, -1.39394, 1.53758, -2.21587], [-2.45776, -1.62857, 1.56659, 1.29738, -1.50584, 1.55152, -2.52755]]
end: [-2.47465, -1.5840099999999999, 1.55, 1.1573100000000001, -1.5503400000000001, 1.5570600000000001, -2.6515]
obtacles: [[[0.6, 0.5, -1.0], [0.9, 0.6, 1.0]], [[0.6, -0.6, -1.0], [0.9, -0.5, 1.0]], [[0.6, -0.6, 0.9], [0.9, 0.6, 1.0]], [[0.6, -0.6, -1.0], [0.9, 0.6, -0.9]], [[0.6, -0.6, 0.5], [0.9, 0.6, 0.6]], [[0.6, -0.6, -0.4], [0.9, 0.6, -0.3]], [[0.6, 0.0, 0.6], [0.9, 0.1, 1.0]], [[0.6, -0.1, -0.4], [0.9, 0.0, 0.6]], [[0.6, 0.2, -1.0], [0.9, 0.3, -0.3]]]
start: [-0.84735000000000005, 1.7565200000000001, 1.6000000000000001, 1.4630000000000001, -1.75858, -1.56213, -0.61211000000000004]
tajectories: [[-0.84735, 1.75652, 1.6, 1.463, -1.75858, -1.56213, -0.61211], [-1.00919, 1.46883, 1.50978, 1.6862, -1.65233, -1.29441, -0.60125], [-1.17103, 1.18114, 1.41956, 1.9094, -1.54608, -1.02669, -0.59039], [-1.33287, 0.89344, 1.32934, 2.13261, -1.43984, -0.75897, -0.57953], [-1.49472, 0.60575, 1.23912, 2.35581, -1.33359, -0.49124, -0.56866], [-1.65656, 0.31806, 1.1489, 2.57901, -1.22734, -0.22352, -0.5578], [-1.71103, 0.22123, 1.11853, 2.65413, -1.19158, -0.13342, -0.55415], [-1.37449, -0.1064, 1.20168, 2.7304, -1.31287, -0.10068, -0.52429], [-1.03796, -0.43403, 1.28484, 2.80667, -1.43416, -0.06793, -0.49444], [-0.70143, -0.76166, 1.36799, 2.88294, -1.55545, -0.03519, -0.46458], [-0.56143, -0.89796, 1.40258, 2.91467, -1.60591, -0.02157, -0.45216], [-0.57147, -0.65057, 1.56998, 2.65715, -1.84783, -0.09837, -0.62518], [-0.58152, -0.40318, 1.73738, 2.39963, -2.08976, -0.17516, -0.7982], [-0.59156, -0.1558, 1.90478, 2.14211, -2.33168, -0.25196, -0.97122], [-0.6016, 0.09159, 2.07217, 1.88459, -2.5736, -0.32875, -1.14424], [-0.61103, 0.32376, 2.22927, 1.64291, -2.80064, -0.40082, -1.30661], [-0.51612, 0.22417, 2.20019, 1.56696, -2.85073, -0.06566, -1.63769], [-0.42121, 0.12458, 2.17111, 1.49102, -2.90082, 0.26951, -1.96877], [-0.3263, 0.025, 2.14203, 1.41507, -2.95092, 0.60468, -2.29985], [-0.23139, -0.07459, 2.11294, 1.33912, -3.00101, 0.93985, -2.63093], [-0.17249, -0.13639, 2.0949, 1.29199, -3.03209, 1.14785, -2.83639], [-0.61705, -0.25742, 1.99343, 1.2169, -2.88462, 1.14255, -2.83972], [-1.06161, -0.37844, 1.89197, 1.1418, -2.73715, 1.13726, -2.84304], [-1.50617, -0.49947, 1.79051, 1.06671, -2.58968, 1.13196, -2.84636], [-1.95073, -0.62049, 1.68905, 0.99161, -2.44222, 1.12666, -2.84969]]
end: [-2.3408799999999998, -0.72670999999999997, 1.6000000000000001, 0.92571000000000003, -2.3128000000000002, 1.12202, -2.8525999999999998]
obtacles: [[[0.6, 0.5, -1.0], [0.9, 0.6, 1.0]], [[0.6, -0.6, -1.0], [0.9, -0.5, 1.0]], [[0.6, -0.6, 0.9], [0.9, 0.6, 1.0]], [[0.6, -0.6, -1.0], [0.9, 0.6, -0.9]], [[0.6, -0.6, 0.5], [0.9, 0.6, 0.6]], [[0.6, -0.6, -0.4], [0.9, 0.6, -0.3]], [[0.6, 0.0, 0.6], [0.9, 0.1, 1.0]], [[0.6, -0.1, -0.4], [0.9, 0.0, 0.6]], [[0.6, 0.2, -1.0], [0.9, 0.3, -0.3]]]
start: [-0.82274000000000003, 1.85318, 1.6000000000000001, 1.6232899999999999, -1.85151, -1.52816, -0.79037000000000002]
tajectories: [[-0.82274, 1.85318, 1.6, 1.62329, -1.85151, -1.52816, -0.79037], [-0.88855, 1.86414, 1.74979, 1.73249, -1.56357, -1.26477, -0.54767], [-0.95435, 1.8751, 1.89958, 1.84168, -1.27564, -1.00137, -0.30496], [-1.02016, 1.88606, 2.04937, 1.95088, -0.98771, -0.73798, -0.06225], [-1.08597, 1.89702, 2.19916, 2.06008, -0.69978, -0.47459, 0.18046], [-1.15177, 1.90798, 2.34895, 2.16927, -0.41184, -0.2112, 0.42317], [-1.1531, 1.9082, 2.35197, 2.17148, -0.40602, -0.20587, 0.42807], [-1.25034, 1.76398, 2.27291, 2.43811, -0.14757, -0.45707, 0.5399], [-1.34758, 1.61976, 2.19385, 2.70474, 0.11088, -0.70827, 0.65172], [-1.40488, 1.53478, 2.14726, 2.86186, 0.26318, -0.85629, 0.71761], [-1.51703, 1.39779, 1.92909, 2.61169, -0.02469, -0.73091, 0.81703], [-1.62918, 1.26079, 1.71092, 2.36151, -0.31255, -0.60552, 0.91644], [-1.74132, 1.1238, 1.49275, 2.11134, -0.60041, -0.48014, 1.01586], [-1.85347, 0.9868, 1.27458, 1.86117, -0.88828, -0.35475, 1.11528], [-1.94393, 0.87631, 1.09862, 1.65939, -1.12045, -0.25362, 1.19546], [-2.00355, 0.59967, 1.2668, 1.42982, -1.03485, -0.39067, 1.4461], [-2.06317, 0.32304, 1.43498, 1.20024, -0.94924, -0.52772, 1.69673], [-2.1228, 0.04641, 1.60316, 0.97067, -0.86364, -0.66478, 1.94737], [-2.18242, -0.23023, 1.77134, 0.7411, -0.77804, -0.80183, 2.19801], [-2.19577, -0.29219, 1.80901, 0.68968, -0.75886, -0.83252, 2.25415], [-2.20432, -0.37569, 1.77985, 0.7284, -0.46577, -0.88979, 1.86502], [-2.21286, -0.45919, 1.75069, 0.76713, -0.17268, -0.94706, 1.47589], [-2.2214, -0.54269, 1.72153, 0.80586, 0.12042, -1.00433, 1.08676], [-2.22994, -0.62619, 1.69237, 0.84459, 0.41351, -1.06159, 0.69763], [-2.23848, -0.70969, 1.6632, 0.88331, 0.7066, -1.11886, 0.3085]]
end: [-2.2423500000000001, -0.74750000000000005, 1.6499999999999999, 0.90085000000000004, 0.83931999999999995, -1.14479, 0.1323]
