obtacles: [[[0.6, 0.5, -1.0], [0.9, 0.6, 1.0]], [[0.6, -0.6, -1.0], [0.9, -0.5, 1.0]], [[0.6, -0.6, 0.9], [0.9, 0.6, 1.0]], [[0.6, -0.6, -1.0], [0.9, 0.6, -0.9]], [[0.6, -0.6, 0.5], [0.9, 0.6, 0.6]], [[0.6, -0.6, -0.5], [0.9, 0.6, -0.4]], [[0.6, 0.2, 0.6], [0.9, 0.3, 1.0]], [[0.6, 0.1, -0.5], [0.9, 0.2, 0.6]], [[0.6, 0.1, -1.0], [0.9, 0.2, -0.4]]]
start: [-2.1940400000000002, -1.56237, 1.55, 1.23858, -1.5719799999999999, 1.5483899999999999, -2.85046]
tajectories: [[-2.19404, -1.56237, 1.55, 1.23858, -1.57198, 1.54839, -2.85046], [-1.99813, -1.3431, 1.59313, 1.42428, -1.27678, 1.3501, -2.82332], [-1.80222, -1.12383, 1.63627, 1.60998, -0.98159, 1.15181, -2.79618], [-1.60631, -0.90456, 1.6794, 1.79568, -0.68639, 0.95352, -2.76904], [-1.4104, -0.68529, 1.72253, 1.98138, -0.3912, 0.75523, -2.7419], [-1.21449, -0.46602, 1.76567, 2.16708, -0.09601, 0.55695, -2.71476], [-1.01858, -0.24675, 1.8088, 2.35278, 0.19919, 0.35866, -2.68762], [-0.93274, -0.15067, 1.8277, 2.43414, 0.32853, 0.27177, -2.67573], [-1.02083, 0.13922, 1.71063, 2.35827, 0.44744, 0.39013, -2.34318], [-1.10892, 0.42911, 1.59356, 2.2824, 0.56636, 0.50849, -2.01063], [-1.197, 0.71901, 1.47649, 2.20653, 0.68527, 0.62685, -1.67807], [-1.28509, 1.0089, 1.35942, 2.13066, 0.80418, 0.74521, -1.34552], [-1.29112, 1.02873, 1.35141, 2.12547, 0.81232, 0.75331, -1.32277], [-1.18221, 1.15935, 1.21386, 2.06113, 0.54682, 0.39691, -1.34549], [-1.0733, 1.28997, 1.07632, 1.9968, 0.28133, 0.04052, -1.36821], [-0.96439, 1.42059, 0.93877, 1.93246, 0.01583, -0.31587, -1.39093], [-0.85548, 1.55121, 0.80122, 1.86813, -0.24966, -0.67226, -1.41364], [-0.81308, 1.60206, 0.74768, 1.84308, -0.35301, -0.81099, -1.42249], [-0.85951, 1.53317, 0.93828, 1.66826, -0.58499, -0.96855, -1.11013], [-0.90594, 1.46428, 1.12888, 1.49343, -0.81698, -1.12611, -0.79778], [-0.95237, 1.39539, 1.31948, 1.31861, -1.04896, -1.28366, -0.48543], [-0.9988, 1.32651, 1.51009, 1.14378, -1.28095, -1.44122, -0.17307]]
end: [-1.0085200000000001, 1.3120799999999999, 1.55, 1.10717, -1.3295300000000001, -1.4742200000000001, -0.10766000000000001]
obtacles: [[[0.6, 0.5, -1.0], [0.9, 0.6, 1.0]], [[0.6, -0.6, -1.0], [0.9, -0.5, 1.0]], [[0.6, -0.6, 0.9], [0.9, 0.6, 1.0]], [[0.6, -0.6, -1.0], [0.9, 0.6, -0.9]], [[0.6, -0.6, 0.5], [0.9, 0.6, 0.6]], [[0.6, -0.6, -0.5], [0.9, 0.6, -0.4]], [[0.6, 0.2, 0.6], [0.9, 0.3, 1.0]], [[0.6, 0.1, -0.5], [0.9, 0.2, 0.6]], [[0.6, 0.1, -1.0], [0.9, 0.2, -0.4]]]
start: [-2.0375999999999999, -1.8944000000000001, 1.55, 1.6239399999999999, -1.24855, 1.5342100000000001, -2.6309900000000002]
tajectories: [[-2.0376, -1.8944, 1.55, 1.62394, -1.24855, 1.53421, -2.63099], [-1.9032, -1.71496, 1.42144, 1.77267, -1.38533, 1.15983, -2.6781], [-1.7688, -1.53552, 1.29288, 1.92141, -1.52211, 0.78545, -2.72521], [-1.6344, -1.35608, 1.16432, 2.07015, -1.65889, 0.41108, -2.77232], [-1.5, -1.17664, 1.03576, 2.21889, -1.79567, 0.0367, -2.81943], [-1.3656, -0.99721, 0.9072, 2.36763, -1.93245, -0.33768, -2.86654], [-1.2312, -0.81777, 0.77864, 2.51637, -2.06924, -0.71206, -2.91365], [-1.13087, -0.68382, 0.68268, 2.62739, -2.17134, -0.99152, -2.94882], [-1.03167, -0.66325, 0.47302, 2.57444, -2.35019, -0.8294, -2.5818], [-0.93247, -0.64267, 0.26337, 2.5215, -2.52905, -0.66729, -2.21477], [-0.83327, -0.62209, 0.05371, 2.46855, -2.70791, -0.50517, -1.84775], [-0.73407, -0.60151, -0.15594, 2.4156, -2.88677, -0.34306, -1.48073], [-0.63487, -0.58093, -0.3656, 2.36265, -3.06562, -0.18094, -1.11371], [-0.58425, -0.57043, -0.47259, 2.33563, -3.1569, -0.09821, -0.92641], [-0.68904, -0.42765, -0.24965, 2.37173, -3.25981, -0.24948, -0.56014], [-0.79384, -0.28486, -0.02672, 2.40783, -3.36272, -0.40075, -0.19387], [-0.89863, -0.14207, 0.19622, 2.44393, -3.46564, -0.55201, 0.1724], [-1.00343, 0.00072, 0.41916, 2.48003, -3.56855, -0.70328, 0.53867], [-1.10823, 0.1435, 0.64209, 2.51613, -3.67146, -0.85455, 0.90494], [-1.21302, 0.28629, 0.86503, 2.55223, -3.77438, -1.00582, 1.27121], [-1.2458, 0.33094, 0.93475, 2.56352, -3.80656, -1.05312, 1.38575], [-1.21892, 0.53312, 1.08696, 2.38062, -3.50157, -1.07966, 1.1448], [-1.19204, 0.7353, 1.23917, 2.19772, -3.19658, -1.1062, 0.90385], [-1.16517, 0.93748, 1.39138, 2.01482, -2.89159, -1.13274, 0.66291], [-1.13829, 1.13966, 1.54359, 1.83191, -2.5866, -1.15928, 0.42196], [-1.11141, 1.34184, 1.6958, 1.64901, -2.2816, -1.18583, 0.18101], [-1.08454, 1.54402, 1.84801, 1.46611, -1.97661, -1.21237, -0.05994]]
end: [-1.06653, 1.6794899999999999, 1.95, 1.34355, -1.7722500000000001, -1.2301500000000001, -0.22139]
obtacles: [[[0.6, 0.5, -1.0], [0.9, 0.6, 1.0]], [[0.6, -0.6, -1.0], [0.9, -0.5, 1.0]], [[0.6, -0.6, 0.9], [0.9, 0.6, 1.0]], [[0.6, -0.6, -1.0], [0.9, 0.6, -0.9]], [[0.6, -0.6, 0.5], [0.9, 0.6, 0.6]], [[0.6, -0.6, -0.5], [0.9, 0.6, -0.4]], [[0.6, 0.2, 0.6], [0.9, 0.3, 1.0]], [[0.6, 0.1, -0.5], [0.9, 0.2, 0.6]], [[0.6, 0.1, -1.0], [0.9, 0.2, -0.4]]]
start: [-0.74997000000000003, 1.94787, 1.6000000000000001, 1.7407699999999999, -1.9387799999999999, -1.4816400000000001, -0.96862999999999999]
tajectories: [[-0.74997, 1.94787, 1.6, 1.74077, -1.93878, -1.48164, -0.96863], [-1.00396, 1.63661, 1.36356, 1.83862, -1.9589, -1.33422, -1.00005], [-1.25795, 1.32534, 1.12713, 1.93647, -1.97903, -1.1868, -1.03147], [-1.51194, 1.01408, 0.89069, 2.03432, -1.99915, -1.03937, -1.06289], [-1.76593, 0.70281, 0.65425, 2.13217, -2.01927, -0.89195, -1.09432], [-2.01992, 0.39154, 0.41781, 2.23002, -2.0394, -0.74453, -1.12574], [-2.22583, 0.1392, 0.22614, 2.30935, -2.05571, -0.62502, -1.15121], [-2.02329, 0.01597, 0.47832, 2.20793, -1.93889, -0.30408, -1.09418], [-1.82074, -0.10727, 0.73051, 2.10652, -1.82208, 0.01687, -1.03715], [-1.6182, -0.23051, 0.9827, 2.0051, -1.70526, 0.33781, -0.98012], [-1.41565, -0.35375, 1.23489, 1.90369, -1.58844, 0.65876, -0.92309], [-1.21545, -0.47555, 1.48415, 1.80345, -1.47298, 0.97598, -0.86672], [-1.11051, -0.26377, 1.48707, 1.62112, -1.20128, 0.6886, -0.79987], [-1.00556, -0.05199, 1.48999, 1.43878, -0.92957, 0.40122, -0.73303], [-0.90062, 0.1598, 1.4929, 1.25644, -0.65786, 0.11384, -0.66619], [-0.79568, 0.37158, 1.49582, 1.07411, -0.38616, -0.17354, -0.59934], [-0.75152, 0.46068, 1.49705, 0.99739, -0.27184, -0.29444, -0.57122], [-0.50477, 0.5722, 1.53922, 0.9163, -0.5335, -0.58745, -0.68956], [-0.25803, 0.68373, 1.5814, 0.83521, -0.79517, -0.88046, -0.80789]]
end: [-0.14918000000000001, 0.73292000000000002, 1.6000000000000001, 0.79944999999999999, -0.91059000000000001, -1.0097, -0.86009000000000002]
obtacles: [[[0.6, 0.5, -1.0], [0.9, 0.6, 1.0]], [[0.6, -0.6, -1.0], [0.9, -0.5, 1.0]], [[0.6, -0.6, 0.9], [0.9, 0.6, 1.0]], [[0.6, -0.6, -1.0], [0.9, 0.6, -0.9]], [[0.6, -0.6, 0.5], [0.9, 0.6, 0.6]], [[0.6, -0.6, -0.5], [0.9, 0.6, -0.4]], [[0.6, 0.2, 0.6], [0.9, 0.3, 1.0]], [[0.6, 0.1, -0.5], [0.9, 0.2, 0.6]], [[0.6, 0.1, -1.0], [0.9, 0.2, -0.4]]]
start: [-0.54883000000000004, 1.6687399999999999, 1.6000000000000001, 1.3158399999999999, -1.67293, -1.56734, -0.76539999999999997]
tajectories: [[-0.54883, 1.66874, 1.6, 1.31584, -1.67293, -1.56734, -0.7654], [-0.60324, 1.59338, 1.6, 0.99863, -1.62178, -1.53368, -0.39527], [-0.65765, 1.51802, 1.6, 0.68141, -1.57062, -1.50003, -0.02515]]
end: [-0.67696999999999996, 1.49126, 1.6000000000000001, 0.56877999999999995, -1.55246, -1.4880800000000001, 0.10627]
obtacles: [[[0.6, 0.5, -1.0], [0.9, 0.6, 1.0]], [[0.6, -0.6, -1.0], [0.9, -0.5, 1.0]], [[0.6, -0.6, 0.9], [0.9, 0.6, 1.0]], [[0.6, -0.6, -1.0], [0.9, 0.6, -0.9]], [[0.6, -0.6, 0.5], [0.9, 0.6, 0.6]], [[0.6, -0.6, -0.5], [0.9, 0.6, -0.4]], [[0.6, 0.2, 0.6], [0.9, 0.3, 1.0]], [[0.6, 0.1, -0.5], [0.9, 0.2, 0.6]], [[0.6, 0.1, -1.0], [0.9, 0.2, -0.4]]]
start: [-0.44957999999999998, 1.7684599999999999, 1.75, 0.89907000000000004, -1.8364199999999999, -1.5562100000000001, -0.42973]
tajectories: [[-0.44958, 1.76846, 1.75, 0.89907, -1.83642, -1.55621, -0.42973], [-0.77553, 1.6579, 1.75, 1.22068, -1.7004, -1.45834, -0.43425]]
end: [-0.98326999999999998, 1.5874299999999999, 1.75, 1.4256500000000001, -1.6136999999999999, -1.3959699999999999, -0.43713000000000002]
obtacles: [[[0.6, 0.5, -1.0], [0.9, 0.6, 1.0]], [[0.6, -0.6, -1.0], [0.9, -0.5, 1.0]], [[0.6, -0.6, 0.9], [0.9, 0.6, 1.0]], [[0.6, -0.6, -1.0], [0.9, 0.6, -0.9]], [[0.6, -0.6, 0.5], [0.9, 0.6, 0.6]], [[0.6, -0.6, -0.5], [0.9, 0.6, -0.4]], [[0.6, 0.2, 0.6], [0.9, 0.3, 1.0]], [[0.6, 0.1, -0.5], [0.9, 0.2, 0.6]], [[0.6, 0.1, -1.0], [0.9, 0.2, -0.4]]]
start: [-2.1583000000000001, -1.3342400000000001, 1.6000000000000001, 1.4303399999999999, -1.80907, 1.5661, -2.6974499999999999]
tajectories: [[-2.1583, -1.33424, 1.6, 1.43034, -1.80907, 1.5661, -2.69745], [-2.07533, -1.29848, 1.68363, 1.62374, -2.19415, 1.50606, -2.48404], [-1.99235, -1.26272, 1.76726, 1.81715, -2.57923, 1.44602, -2.27062], [-1.90938, -1.22695, 1.85089, 2.01055, -2.96432, 1.38598, -2.05721], [-1.8264, -1.19119, 1.93452, 2.20395, -3.3494, 1.32594, -1.8438], [-1.74343, -1.15543, 2.01815, 2.39735, -3.73448, 1.2659, -1.63039], [-1.66045, -1.11967, 2.10178, 2.59075, -4.11957, 1.20586, -1.41697], [-1.63903, -1.11043, 2.12337, 2.64069, -4.219, 1.19036, -1.36187], [-1.5803, -0.82321, 2.13391, 2.62116, -4.11527, 0.94016, -1.06153], [-1.52158, -0.53599, 2.14444, 2.60162, -4.01154, 0.68996, -0.76119], [-1.46286, -0.24876, 2.15497, 2.58209, -3.90781, 0.43976, -0.46085], [-1.40413, 0.03846, 2.16551, 2.56256, -3.80409, 0.18956, -0.16052], [-1.34541, 0.32568, 2.17604, 2.54303, -3.70036, -0.06064, 0.13982], [-1.28669, 0.6129, 2.18657, 2.5235, -3.59663, -0.31084, 0.44016], [-1.22797, 0.90013, 2.1971, 2.50396, -3.4929, -0.56104, 0.7405], [-1.16924, 1.18735, 2.20764, 2.48443, -3.38917, -0.81123, 1.04084], [-1.11052, 1.47457, 2.21817, 2.4649, -3.28544, -1.06143, 1.34118], [-1.10348, 1.50899, 2.21943, 2.46256, -3.27302, -1.09141, 1.37716], [-1.04933, 1.5733, 2.14853, 2.1425, -3.02082, -1.18334, 1.12535], [-0.99518, 1.63762, 2.07762, 1.82244, -2.76862, -1.27528, 0.87353], [-0.94103, 1.70194, 2.00672, 1.50238, -2.51643, -1.36721, 0.62172], [-0.88688, 1.76626, 1.93582, 1.18232, -2.26423, -1.45914, 0.3699], [-0.83272, 1.83058, 1.86491, 0.86226, -2.01204, -1.55107, 0.11809]]
end: [-0.82133, 1.8441099999999999, 1.8500000000000001, 0.79493000000000003, -1.95899, -1.5704100000000001, 0.065119999999999997]
obtacles: [[[0.6, 0.5, -1.0], [0.9, 0.6, 1.0]], [[0.6, -0.6, -1.0], [0.9, -0.5, 1.0]], [[0.6, -0.6, 0.9], [0.9, 0.6, 1.0]], [[0.6, -0.6, -1.0], [0.9, 0.6, -0.9]], [[0.6, -0.6, 0.5], [0.9, 0.6, 0.6]], [[0.6, -0.6, -0.5], [0.9, 0.6, -0.4]], [[0.6, 0.2, 0.6], [0.9, 0.3, 1.0]], [[0.6, 0.1, -0.5], [0.9, 0.2, 0.6]], [[0.6, 0.1, -1.0], [0.9, 0.2, -0.4]]]
start: [-2.0392899999999998, -1.65761, 1.55, 1.5725899999999999, -1.484, 1.54992, -2.6731099999999999]
tajectories: [[-2.03929, -1.65761, 1.55, 1.57259, -1.484, 1.54992, -2.67311], [-1.94937, -1.40248, 1.75048, 1.69444, -1.42703, 1.38789, -2.36933], [-1.85945, -1.14735, 1.95095, 1.81629, -1.37006, 1.22586, -2.06555], [-1.76952, -0.89221, 2.15143, 1.93814, -1.3131, 1.06383, -1.76177], [-1.6796, -0.63708, 2.3519, 2.05999, -1.25613, 0.9018, -1.45798], [-1.59523, -0.39771, 2.54, 2.17431, -1.20268, 0.74977, -1.17297], [-1.75692, -0.25385, 2.36192, 2.20749, -0.95081, 0.43351, -1.09], [-1.91861, -0.10999, 2.18384, 2.24067, -0.69893, 0.11724, -1.00704], [-2.0803, 0.03387, 2.00576, 2.27385, -0.44706, -0.19902, -0.92407], [-2.24199, 0.17773, 1.82768, 2.30703, -0.19519, -0.51529, -0.84111], [-2.40368, 0.32159, 1.6496, 2.34021, 0.05669, -0.83155, -0.75814], [-2.40425, 0.3221, 1.64897, 2.34033, 0.05758, -0.83267, -0.75785], [-2.09314, 0.41914, 1.28913, 2.3724, -0.02045, -0.86675, -0.68023], [-1.78202, 0.51618, 0.92928, 2.40446, -0.09847, -0.90083, -0.6026], [-1.4709, 0.61321, 0.56944, 2.43653, -0.1765, -0.93491, -0.52498], [-1.15978, 0.71025, 0.2096, 2.4686, -0.25453, -0.96899, -0.44736], [-0.99598, 0.76134, 0.02014, 2.48548, -0.29561, -0.98693, -0.40649], [-1.0238, 0.88783, 0.35678, 2.25935, -0.5244, -1.11406, -0.39047], [-1.05162, 1.01433, 0.69341, 2.03322, -0.7532, -1.24119, -0.37445], [-1.07944, 1.14082, 1.03005, 1.80709, -0.98199, -1.36833, -0.35843], [-1.10726, 1.26732, 1.36669, 1.58097, -1.21079, -1.49546, -0.34242]]
end: [-1.1224000000000001, 1.3362000000000001, 1.55, 1.45783, -1.33538, -1.5646899999999999, -0.33368999999999999]
obtacles: [[[0.6, 0.5, -1.0], [0.9, 0.6, 1.0]], [[0.6, -0.6, -1.0], [0.9, -0.5, 1.0]], [[0.6, -0.6, 0.9], [0.9, 0.6, 1.0]], [[0.6, -0.6, -1.0], [0.9, 0.6, -0.9]], [[0.6, -0.6, 0.5], [0.9, 0.6, 0.6]], [[0.6, -0.6, -0.5], [0.9, 0.6, -0.4]], [[0.6, 0.2, 0.6], [0.9, 0.3, 1.0]], [[0.6, 0.1, -0.5], [0.9, 0.2, 0.6]], [[0.6, 0.1, -1.0], [0.9, 0.2, -0.4]]]
start: [-0.59184000000000003, 1.49088, 1.55, 0.42207, -1.5190600000000001, -1.5064200000000001, 0.16893]
tajectories: [[-0.59184, 1.49088, 1.55, 0.42207, -1.51906, -1.50642, 0.16893], [-0.6056, 1.46413, 1.37178, 0.59496, -1.44006, -1.15739, 0.41261], [-0.61935, 1.43737, 1.19356, 0.76786, -1.36107, -0.80836, 0.65629], [-0.63311, 1.41061, 1.01535, 0.94075, -1.28207, -0.45933, 0.89997], [-0.64687, 1.38385, 0.83713, 1.11364, -1.20308, -0.1103, 1.14364], [-0.66062, 1.35709, 0.65891, 1.28653, -1.12408, 0.23873, 1.38732], [-0.6676, 1.34353, 0.56857, 1.37418, -1.08404, 0.41567, 1.51085], [-0.65861, 0.98965, 0.66747, 1.65133, -1.12958, 0.58174, 1.41899], [-0.64962, 0.63576, 0.76637, 1.92848, -1.17512, 0.74782, 1.32714], [-0.64064, 0.28188, 0.86526, 2.20563, -1.22066, 0.91389, 1.23528], [-0.63165, -0.072, 0.96416, 2.48278, -1.26619, 1.07997, 1.14343], [-0.62267, -0.42588, 1.06306, 2.75994, -1.31173, 1.24604, 1.05158], [-0.61728, -0.63798, 1.12233, 2.92604, -1.33903, 1.34558, 0.99652], [-0.62778, -0.55059, 1.203, 2.78943, -1.01154, 1.305, 0.6676], [-0.63827, -0.4632, 1.28366, 2.65283, -0.68406, 1.26443, 0.33867], [-0.64877, -0.37582, 1.36433, 2.51622, -0.35657, 1.22386, 0.00975], [-0.65926, -0.28843, 1.44499, 2.37961, -0.02908, 1.18328, -0.31917], [-0.66976, -0.20104, 1.52565, 2.243, 0.2984, 1.14271, -0.6481], [-0.67149, -0.18666, 1.53893, 2.22052, 0.35229, 1.13603, -0.70222], [-0.9744, -0.33159, 1.20256, 2.24524, 0.295, 1.16207, -0.84194], [-1.27732, -0.47652, 0.86618, 2.26996, 0.23772, 1.1881, -0.98166], [-1.58023, -0.62145, 0.52981, 2.29469, 0.18043, 1.21413, -1.12137], [-1.88315, -0.76638, 0.19344, 2.31941, 0.12314, 1.24016, -1.26109], [-2.09989, -0.87008, -0.04724, 2.3371, 0.08216, 1.25879, -1.36106], [-2.08562, -1.05333, 0.2264, 2.18911, -0.15007, 1.30629, -1.61256], [-2.07135, -1.23658, 0.50004, 2.04111, -0.38229, 1.35378, -1.86406], [-2.05708, -1.41983, 0.77368, 1.89312, -0.61451, 1.40128, -2.11556], [-2.04281, -1.60308, 1.04732, 1.74513, -0.84674, 1.44877, -2.36707], [-2.02854, -1.78633, 1.32095, 1.59713, -1.07896, 1.49626, -2.61857]]
end: [-2.0192100000000002, -1.9062300000000001, 1.5, 1.5003, -1.2309099999999999, 1.5273399999999999, -2.7831299999999999]
obtacles: [[[0.6, 0.5, -1.0], [0.9, 0.6, 1.0]], [[0.6, -0.6, -1.0], [0.9, -0.5, 1.0]], [[0.6, -0.6, 0.9], [0.9, 0.6, 1.0]], [[0.6, -0.6, -1.0], [0.9, 0.6, -0.9]], [[0.6, -0.6, 0.5], [0.9, 0.6, 0.6]], [[0.6, -0.6, -0.5], [0.9, 0.6, -0.4]], [[0.6, 0.2, 0.6], [0.9, 0.3, 1.0]], [[0.6, 0.1, -0.5], [0.9, 0.2, 0.6]], [[0.6, 0.1, -1.0], [0.9, 0.2, -0.4]]]
start: [-1.9812099999999999, -1.88106, 1.5, 1.6879500000000001, -1.2693399999999999, 1.4680299999999999, -2.64072]
tajectories: [[-1.98121, -1.88106, 1.5, 1.68795, -1.26934, 1.46803, -2.64072], [-1.93204, -1.67168, 1.36128, 1.84588, -1.16776, 1.19813, -2.36434], [-1.88287, -1.46229, 1.22256, 2.00381, -1.06618, 0.92823, -2.08795], [-1.83369, -1.2529, 1.08385, 2.16175, -0.96461, 0.65833, -1.81156], [-1.78452, -1.04351, 0.94513, 2.31968, -0.86303, 0.38843, -1.53518], [-1.73535, -0.83412, 0.80641, 2.47761, -0.76145, 0.11853, -1.25879], [-1.70287, -0.69584, 0.7148, 2.58191, -0.69437, -0.05971, -1.07626], [-1.60334, -0.69677, 0.59169, 2.71425, -1.04495, -0.32576, -1.19346], [-1.5038, -0.6977, 0.46859, 2.8466, -1.39553, -0.59181, -1.31066], [-1.40427, -0.69863, 0.34548, 2.97894, -1.74611, -0.85785, -1.42786], [-1.34221, -0.6992, 0.26872, 3.06145, -1.96469, -1.02373, -1.50093], [-1.41296, -0.32257, 0.53285, 2.98658, -1.81192, -1.09033, -1.49974], [-1.48371, 0.05406, 0.79698, 2.91171, -1.65916, -1.15694, -1.49854], [-1.55446, 0.43069, 1.06111, 2.83683, -1.5064, -1.22354, -1.49735], [-1.62521, 0.80732, 1.32524, 2.76196, -1.35364, -1.29014, -1.49615], [-1.69596, 1.18395, 1.58937, 2.68709, -1.20087, -1.35674, -1.49495], [-1.72431, 1.3349, 1.69524, 2.65708, -1.13965, -1.38344, -1.49447], [-1.55229, 1.33434, 1.65834, 2.29578, -1.18062, -1.39473, -1.20002], [-1.38027, 1.33377, 1.62144, 1.93447, -1.22159, -1.40603, -0.90557], [-1.20824, 1.33321, 1.58454, 1.57317, -1.26257, -1.41733, -0.61113], [-1.03622, 1.33265, 1.54764, 1.21187, -1.30354, -1.42862, -0.31668], [-0.86419, 1.33208, 1.51074, 0.85057, -1.34451, -1.43992, -0.02223]]
end: [-0.81413000000000002, 1.33192, 1.5, 0.74543000000000004, -1.3564400000000001, -1.4432100000000001, 0.063460000000000003]
obtacles: [[[0.6, 0.5, -1.0], [0.9, 0.6, 1.0]], [[0.6, -0.6, -1.0], [0.9, -0.5, 1.0]], [[0.6, -0.6, 0.9], [0.9, 0.6, 1.0]], [[0.6, -0.6, -1.0], [0.9, 0.6, -0.9]], [[0.6, -0.6, 0.5], [0.9, 0.6, 0.6]], [[0.6, -0.6, -0.5], [0.9, 0.6, -0.4]], [[0.6, 0.2, 0.6], [0.9, 0.3, 1.0]], [[0.6, 0.1, -0.5], [0.9, 0.2, 0.6]], [[0.6, 0.1, -1.0], [0.9, 0.2, -0.4]]]
start: [-0.66376000000000002, 1.49753, 1.6000000000000001, 1.85348, -1.4922899999999999, -1.56325, -1.19109]
tajectories: [[-0.66376, 1.49753, 1.6, 1.85348, -1.49229, -1.56325, -1.19109], [-0.89258, 1.45366, 1.6, 1.67719, -1.45143, -1.55162, -0.78756]]
end: [-0.97814999999999996, 1.43726, 1.6000000000000001, 1.6112599999999999, -1.43615, -1.5472600000000001, -0.63665000000000005]
obtacles: [[[0.6, 0.5, -1.0], [0.9, 0.6, 1.0]], [[0.6, -0.6, -1.0], [0.9, -0.5, 1.0]], [[0.6, -0.6, 0.9], [0.9, 0.6, 1.0]], [[0.6, -0.6, -1.0], [0.9, 0.6, -0.9]], [[0.6, -0.6, 0.5], [0.9, 0.6, 0.6]], [[0.6, -0.6, -0.5], [0.9, 0.6, -0.4]], [[0.6, 0.2, 0.6], [0.9, 0.3, 1.0]], [[0.6, 0.1, -0.5], [0.9, 0.2, 0.6]], [[0.6, 0.1, -1.0], [0.9, 0.2, -0.4]]]
start: [-2.2365699999999999, -1.669, 1.5, 1.09236, -1.45105, 1.5534399999999999, -2.95878]
tajectories: [[-2.23657, -1.669, 1.5, 1.09236, -1.45105, 1.55344, -2.95878], [-2.07752, -1.606, 1.37262, 1.40863, -1.65857, 1.38071, -2.78106], [-1.91847, -1.54301, 1.24524, 1.7249, -1.86608, 1.20799, -2.60335], [-1.75942, -1.48001, 1.11786, 2.04118, -2.0736, 1.03526, -2.42563], [-1.60037, -1.41701, 0.99048, 2.35745, -2.28112, 0.86253, -2.24792], [-1.44133, -1.35402, 0.8631, 2.67372, -2.48864, 0.6898, -2.0702], [-1.42835, -1.34888, 0.85271, 2.69952, -2.50557, 0.67571, -2.05571], [-1.66576, -1.34538, 0.64491, 2.45416, -2.34487, 0.59049, -1.81663], [-1.90317, -1.34188, 0.43712, 2.2088, -2.18418, 0.50527, -1.57755], [-2.14058, -1.33837, 0.22932, 1.96344, -2.02348, 0.42005, -1.33847], [-2.37725, -1.33488, 0.02218, 1.71886, -1.86329, 0.3351, -1.10015], [-2.37852, -1.24506, -0.04626, 1.6927, -1.45033, 0.10645, -0.98292], [-2.3798, -1.15523, -0.11469, 1.66654, -1.03736, -0.1222, -0.8657], [-2.38056, -1.10132, -0.15577, 1.65084, -0.7895, -0.25943, -0.79535], [-2.04649, -0.86412, -0.06284, 1.70858, -0.74101, -0.41172, -0.58411], [-1.71242, -0.62692, 0.03009, 1.76632, -0.69251, -0.564, -0.37287], [-1.37835, -0.38972, 0.12302, 1.82406, -0.64402, -0.71629, -0.16163], [-1.08244, -0.17962, 0.20533, 1.8752, -0.60106, -0.85118, 0.02549], [-1.0141, 0.06391, 0.4964, 1.56976, -0.65437, -0.92298, 0.02801], [-0.94575, 0.30744, 0.78747, 1.26432, -0.70768, -0.99479, 0.03053], [-0.8774, 0.55097, 1.07855, 0.95888, -0.76098, -1.06659, 0.03304]]
end: [-0.82540000000000002, 0.73624999999999996, 1.3, 0.72650000000000003, -0.80154000000000003, -1.1212299999999999, 0.034959999999999998]
