obtacles: [[[0.6, 0.5, -1.0], [0.9, 0.6, 1.0]], [[0.6, -0.6, -1.0], [0.9, -0.5, 1.0]], [[0.6, -0.6, 0.9], [0.9, 0.6, 1.0]], [[0.6, -0.6, -1.0], [0.9, 0.6, -0.9]], [[0.6, -0.6, 0.3], [0.9, 0.6, 0.4]], [[0.6, -0.6, -0.5], [0.9, 0.6, -0.4]], [[0.6, 0.0, 0.4], [0.9, 0.1, 1.0]], [[0.6, 0.0, -0.5], [0.9, 0.1, 0.4]], [[0.6, 0.1, -1.0], [0.9, 0.2, -0.4]]]
start: [2.2519100000000001, -1.80392, -1.45, 1.52332, -1.8107599999999999, -1.46445, -0.60663999999999996]
tajectories: [[2.25191, -1.80392, -1.45, 1.52332, -1.81076, -1.46445, -0.60664], [2.02273, -1.68207, -1.49702, 1.70205, -1.64914, -1.29084, -0.30299], [1.79354, -1.56021, -1.54404, 1.88079, -1.48752, -1.11722, 0.00067], [1.56436, -1.43836, -1.59106, 2.05952, -1.3259, -0.94361, 0.30432], [1.33517, -1.31651, -1.63807, 2.23825, -1.16428, -0.77, 0.60798], [1.10599, -1.19465, -1.68509, 2.41698, -1.00266, -0.59638, 0.91163], [0.8768, -1.0728, -1.73211, 2.59572, -0.84104, -0.42277, 1.21529], [0.78373, -1.02331, -1.75121, 2.6683, -0.7754, -0.35227, 1.3386], [1.00143, -0.73479, -1.85161, 2.62204, -0.53621, -0.15828, 1.22771], [1.21912, -0.44627, -1.95202, 2.57578, -0.29701, 0.0357, 1.11683], [1.43682, -0.15775, -2.05243, 2.52952, -0.05781, 0.22969, 1.00594], [1.65452, 0.13077, -2.15284, 2.48327, 0.18139, 0.42368, 0.89506], [1.87222, 0.4193, -2.25324, 2.43701, 0.42059, 0.61766, 0.78417], [2.08991, 0.70782, -2.35365, 2.39075, 0.65978, 0.81165, 0.67328], [2.22348, 0.88484, -2.41525, 2.36237, 0.80654, 0.93067, 0.60525], [2.02223, 0.88323, -2.26134, 2.12071, 0.82985, 0.58973, 0.50217], [1.82097, 0.88161, -2.10742, 1.87906, 0.85316, 0.24879, 0.39909], [1.61972, 0.88, -1.95351, 1.6374, 0.87646, -0.09214, 0.29602], [1.41846, 0.87839, -1.79959, 1.39575, 0.89977, -0.43308, 0.19294], [1.21721, 0.87678, -1.64567, 1.15409, 0.92307, -0.77402, 0.08986], [1.01595, 0.87516, -1.49176, 0.91244, 0.94638, -1.11496, -0.01321]]
end: [0.96135000000000004, 0.87473000000000001, -1.45, 0.84687999999999997, 0.95269999999999999, -1.2074499999999999, -0.041180000000000001]
obtacles: [[[0.6, 0.5, -1.0], [0.9, 0.6, 1.0]], [[0.6, -0.6, -1.0], [0.9, -0.5, 1.0]], [[0.6, -0.6, 0.9], [0.9, 0.6, 1.0]], [[0.6, -0.6, -1.0], [0.9, 0.6, -0.9]], [[0.6, -0.6, 0.3], [0.9, 0.6, 0.4]], [[0.6, -0.6, -0.5], [0.9, 0.6, -0.4]], [[0.6, 0.0, 0.4], [0.9, 0.1, 1.0]], [[0.6, 0.0, -0.5], [0.9, 0.1, 0.4]], [[0.6, 0.1, -1.0], [0.9, 0.2, -0.4]]]
start: [1.01623, 1.84196, -1.6499999999999999, 1.84693, -1.32894, 1.4238999999999999, -2.3395899999999998]
tajectories: [[1.01623, 1.84196, -1.65, 1.84693, -1.32894, 1.4239, -2.33959], [1.1999, 1.76329, -1.61144, 1.9276, -1.05874, 1.07196, -2.41178], [1.38356, 1.68462, -1.57289, 2.00827, -0.78854, 0.72002, -2.48396], [1.56723, 1.60594, -1.53433, 2.08895, -0.51833, 0.36808, -2.55615], [1.7509, 1.52727, -1.49578, 2.16962, -0.24813, 0.01614, -2.62834], [1.93456, 1.4486, -1.45722, 2.25029, 0.02207, -0.3358, -2.70052], [2.11823, 1.36993, -1.41867, 2.33096, 0.29228, -0.68774, -2.77271], [2.13499, 1.36275, -1.41515, 2.33833, 0.31694, -0.71987, -2.7793], [2.11806, 1.37568, -1.50323, 2.26923, 0.11208, -0.50205, -2.39511], [2.10112, 1.38861, -1.5913, 2.20014, -0.09279, -0.28424, -2.01092], [2.08419, 1.40154, -1.67938, 2.13105, -0.29765, -0.06642, -1.62673], [2.06725, 1.41446, -1.76746, 2.06196, -0.50252, 0.15139, -1.24254], [2.05032, 1.42739, -1.85554, 1.99286, -0.70738, 0.36921, -0.85835], [2.03338, 1.44032, -1.94361, 1.92377, -0.91225, 0.58702, -0.47416], [2.03154, 1.44173, -1.95322, 1.91624, -0.93459, 0.61078, -0.43227], [1.70791, 1.22309, -1.90968, 1.98004, -0.93912, 0.81731, -0.21132], [1.38428, 1.00444, -1.86613, 2.04385, -0.94365, 1.02385, 0.00962], [1.06066, 0.7858, -1.82259, 2.10765, -0.94818, 1.23038, 0.23056], [0.8029, 0.61165, -1.78791, 2.15847, -0.95178, 1.39488, 0.40653], [0.58721, 0.57375, -1.5415, 2.05716, -1.2294, 1.34576, 0.17943], [0.37152, 0.53585, -1.29509, 1.95584, -1.50702, 1.29665, -0.04767], [0.15582, 0.49795, -1.04869, 1.85453, -1.78464, 1.24753, -0.27477], [0.01895, 0.4739, -0.89232, 1.79023, -1.9608, 1.21636, -0.41887], [-0.04307, 0.58983, -1.05502, 1.53702, -1.93834, 1.18703, -0.79405], [-0.1051, 0.70576, -1.21772, 1.2838, -1.91587, 1.1577, -1.16923], [-0.16712, 0.82169, -1.38042, 1.03058, -1.89341, 1.12837, -1.54441], [-0.22915, 0.93763, -1.54311, 0.77736, -1.87095, 1.09904, -1.91958]]
end: [-0.26989999999999997, 1.01379, -1.6499999999999999, 0.61101000000000005, -1.85619, 1.0797699999999999, -2.1660699999999999]
obtacles: [[[0.6, 0.5, -1.0], [0.9, 0.6, 1.0]], [[0.6, -0.6, -1.0], [0.9, -0.5, 1.0]], [[0.6, -0.6, 0.9], [0.9, 0.6, 1.0]], [[0.6, -0.6, -1.0], [0.9, 0.6, -0.9]], [[0.6, -0.6, 0.3], [0.9, 0.6, 0.4]], [[0.6, -0.6, -0.5], [0.9, 0.6, -0.4]], [[0.6, 0.0, 0.4], [0.9, 0.1, 1.0]], [[0.6, 0.0, -0.5], [0.9, 0.1, 0.4]], [[0.6, 0.1, -1.0], [0.9, 0.2, -0.4]]]
start: [2.4957799999999999, -1.90479, -1.3999999999999999, 1.2005699999999999, -1.94323, -1.5397099999999999, -0.52003999999999995]
tajectories: [[2.49578, -1.90479, -1.4, 1.20057, -1.94323, -1.53971, -0.52004], [2.41598, -1.89138, -1.40703, 1.43438, -1.5283, -1.51123, -0.64557], [2.33618, -1.87798, -1.41406, 1.6682, -1.11337, -1.48275, -0.77109], [2.25639, -1.86458, -1.42108, 1.90201, -0.69844, -1.45427, -0.89662], [2.17659, -1.85118, -1.42811, 2.13583, -0.28351, -1.42579, -1.02215], [2.09679, -1.83777, -1.43514, 2.36964, 0.13142, -1.39732, -1.14768], [2.09225, -1.83701, -1.43554, 2.38295, 0.15502, -1.3957, -1.15482], [1.89633, -1.59151, -1.29156, 2.4976, 0.24186, -1.25757, -0.85341], [1.7004, -1.346, -1.14758, 2.61225, 0.32869, -1.11944, -0.552], [1.50448, -1.1005, -1.0036, 2.7269, 0.41553, -0.98131, -0.25059], [1.30855, -0.855, -0.85962, 2.84155, 0.50236, -0.84318, 0.05082], [1.15062, -0.6571, -0.74357, 2.93397, 0.57236, -0.73184, 0.29378], [1.16624, -0.5771, -0.79307, 2.61466, 0.3822, -0.68241, 0.61054], [1.18186, -0.49711, -0.84258, 2.29534, 0.19203, -0.63298, 0.9273], [1.19747, -0.41711, -0.89208, 1.97603, 0.00187, -0.58356, 1.24406], [1.21309, -0.33711, -0.94159, 1.65671, -0.18829, -0.53413, 1.56082], [1.22687, -0.26651, -0.98528, 1.37494, -0.3561, -0.49051, 1.84035], [1.32607, -0.18218, -1.04147, 1.27177, -0.74756, -0.35265, 2.05713], [1.42528, -0.09784, -1.09767, 1.1686, -1.13902, -0.21479, 2.27392], [1.52448, -0.01351, -1.15387, 1.06543, -1.53048, -0.07693, 2.49071], [1.61132, 0.06032, -1.20306, 0.97512, -1.87317, 0.04375, 2.68049], [1.38808, 0.31416, -1.26422, 0.85551, -1.94986, 0.37017, 2.75294], [1.16484, 0.568, -1.32538, 0.7359, -2.02655, 0.69659, 2.82538], [0.9416, 0.82185, -1.38654, 0.6163, -2.10324, 1.02302, 2.89783]]
end: [0.89246000000000003, 0.87773000000000001, -1.3999999999999999, 0.58996999999999999, -2.1201300000000001, 1.09487, 2.91378]
obtacles: [[[0.6, 0.5, -1.0], [0.9, 0.6, 1.0]], [[0.6, -0.6, -1.0], [0.9, -0.5, 1.0]], [[0.6, -0.6, 0.9], [0.9, 0.6, 1.0]], [[0.6, -0.6, -1.0], [0.9, 0.6, -0.9]], [[0.6, -0.6, 0.3], [0.9, 0.6, 0.4]], [[0.6, -0.6, -0.5], [0.9, 0.6, -0.4]], [[0.6, 0.0, 0.4], [0.9, 0.1, 1.0]], [[0.6, 0.0, -0.5], [0.9, 0.1, 0.4]], [[0.6, 0.1, -1.0], [0.9, 0.2, -0.4]]]
start: [2.2839900000000002, -0.99116000000000004, -1.5, 1.5318400000000001, -4.1338900000000001, 1.49024, 2.42225]
tajectories: [[2.28399, -0.99116, -1.5, 1.53184, -4.13389, 1.49024, 2.42225], [2.11746, -0.81705, -1.33333, 1.70051, -3.80656, 1.45461, 2.257], [1.95094, -0.64295, -1.16667, 1.86919, -3.47922, 1.41898, 2.09174], [1.78441, -0.46884, -1.0, 2.03786, -3.15189, 1.38335, 1.92648], [1.61788, -0.29473, -0.83334, 2.20654, -2.82456, 1.34772, 1.76123], [1.45135, -0.12062, -0.66667, 2.37522, -2.49722, 1.31209, 1.59597], [1.29669, 0.04108, -0.51189, 2.53187, -2.19322, 1.279, 1.44249], [1.2678, 0.21634, -0.35361, 2.48612, -2.42106, 0.95497, 1.25702], [1.23891, 0.3916, -0.19534, 2.44037, -2.6489, 0.63095, 1.07155], [1.21002, 0.56687, -0.03707, 2.39461, -2.87674, 0.30692, 0.88607], [1.18113, 0.74213, 0.12121, 2.34886, -3.10458, -0.01711, 0.7006], [1.17833, 0.75912, 0.13655, 2.34442, -3.12667, -0.04853, 0.68262], [1.1437, 0.9346, -0.15535, 2.14518, -3.30271, -0.27767, 0.58463], [1.10907, 1.11008, -0.44725, 1.94593, -3.47874, -0.50682, 0.48664], [1.07444, 1.28556, -0.73915, 1.74668, -3.65478, -0.73597, 0.38865], [1.03981, 1.46105, -1.03106, 1.54743, -3.83082, -0.96512, 0.29066], [1.00519, 1.63653, -1.32296, 1.34818, -4.00685, -1.19427, 0.19267], [0.97056, 1.81201, -1.61486, 1.14893, -4.18289, -1.42342, 0.09468]]
end: [0.94859000000000004, 1.9233100000000001, -1.8, 1.0225500000000001, -4.2945399999999996, -1.5687599999999999, 0.032530000000000003]
obtacles: [[[0.6, 0.5, -1.0], [0.9, 0.6, 1.0]], [[0.6, -0.6, -1.0], [0.9, -0.5, 1.0]], [[0.6, -0.6, 0.9], [0.9, 0.6, 1.0]], [[0.6, -0.6, -1.0], [0.9, 0.6, -0.9]], [[0.6, -0.6, 0.3], [0.9, 0.6, 0.4]], [[0.6, -0.6, -0.5], [0.9, 0.6, -0.4]], [[0.6, 0.0, 0.4], [0.9, 0.1, 1.0]], [[0.6, 0.0, -0.5], [0.9, 0.1, 0.4]], [[0.6, 0.1, -1.0], [0.9, 0.2, -0.4]]]
start: [2.1955800000000001, -1.80884, -1.55, 1.6440600000000001, -1.8068299999999999, -1.5333699999999999, -0.69113000000000002]
tajectories: [[2.19558, -1.80884, -1.55, 1.64406, -1.80683, -1.53337, -0.69113], [2.02404, -1.54856, -1.66013, 1.90734, -1.63313, -1.43353, -0.51436], [1.85249, -1.28829, -1.77026, 2.17061, -1.45943, -1.33368, -0.33759], [1.68095, -1.02802, -1.88039, 2.43389, -1.28573, -1.23383, -0.16082], [1.5094, -0.76775, -1.99052, 2.69716, -1.11203, -1.13399, 0.01595], [1.33786, -0.50748, -2.10064, 2.96044, -0.93833, -1.03414, 0.19271], [1.30875, -0.46331, -2.11933, 3.00511, -0.90885, -1.0172, 0.22271], [1.33977, -0.13228, -1.98951, 2.8894, -0.59933, -1.12899, 0.19253], [1.3708, 0.19875, -1.85969, 2.77369, -0.28981, -1.24078, 0.16236], [1.40182, 0.52979, -1.72987, 2.65798, 0.01972, -1.35257, 0.13218], [1.40843, 0.60031, -1.70222, 2.63333, 0.08565, -1.37638, 0.12575], [1.37143, 0.80206, -2.03469, 2.41094, 0.29851, -1.38763, 0.07578], [1.33443, 1.0038, -2.36717, 2.18855, 0.51136, -1.39887, 0.02582], [1.30342, 1.1729, -2.64583, 2.00215, 0.68976, -1.4083, -0.01606], [1.18829, 1.07706, -2.34238, 1.65683, 0.77488, -1.31381, -0.00861], [1.07316, 0.98122, -2.03893, 1.3115, 0.86, -1.21933, -0.00116], [0.95803, 0.88537, -1.73548, 0.96618, 0.94512, -1.12484, 0.00629]]
end: [0.88766, 0.82679000000000002, -1.55, 0.75510999999999995, 0.99714000000000003, -1.0670900000000001, 0.010840000000000001]
obtacles: [[[0.6, 0.5, -1.0], [0.9, 0.6, 1.0]], [[0.6, -0.6, -1.0], [0.9, -0.5, 1.0]], [[0.6, -0.6, 0.9], [0.9, 0.6, 1.0]], [[0.6, -0.6, -1.0], [0.9, 0.6, -0.9]], [[0.6, -0.6, 0.3], [0.9, 0.6, 0.4]], [[0.6, -0.6, -0.5], [0.9, 0.6, -0.4]], [[0.6, 0.0, 0.4], [0.9, 0.1, 1.0]], [[0.6, 0.0, -0.5], [0.9, 0.1, 0.4]], [[0.6, 0.1, -1.0], [0.9, 0.2, -0.4]]]
start: [2.41065, -1.8078700000000001, -1.55, 1.5531999999999999, -1.80823, -1.5547200000000001, -0.81786000000000003]
tajectories: [[2.41065, -1.80787, -1.55, 1.5532, -1.80823, -1.55472, -0.81786], [2.28241, -1.79052, -1.50989, 1.84061, -2.09275, -1.37877, -1.01055], [2.15417, -1.77317, -1.46979, 2.12803, -2.37726, -1.20281, -1.20324], [2.02593, -1.75582, -1.42968, 2.41544, -2.66178, -1.02686, -1.39593], [1.90041, -1.73883, -1.39042, 2.69676, -2.94026, -0.85464, -1.58453], [1.7928, -1.44245, -1.27663, 2.6344, -2.84492, -0.82943, -1.23238], [1.68519, -1.14606, -1.16285, 2.57203, -2.74958, -0.80423, -0.88022], [1.57758, -0.84967, -1.04906, 2.50967, -2.65424, -0.77902, -0.52807], [1.46997, -0.55329, -0.93527, 2.44731, -2.55891, -0.75381, -0.17591], [1.36236, -0.2569, -0.82148, 2.38494, -2.46357, -0.72861, 0.17625], [1.34003, -0.19541, -0.79787, 2.372, -2.44379, -0.72338, 0.24931], [1.36346, -0.06864, -0.70922, 2.16733, -2.44972, -0.46196, 0.58881], [1.3869, 0.05812, -0.62057, 1.96266, -2.45565, -0.20055, 0.92832], [1.41033, 0.18489, -0.53193, 1.75799, -2.46158, 0.06086, 1.26782], [1.43377, 0.31166, -0.44328, 1.55332, -2.4675, 0.32227, 1.60732], [1.43521, 0.31947, -0.43781, 1.5407, -2.46787, 0.33839, 1.62826], [1.28301, 0.43941, -0.66721, 1.31032, -2.3513, 0.47017, 1.90358], [1.13082, 0.55934, -0.8966, 1.07994, -2.23473, 0.60195, 2.17889], [0.97862, 0.67928, -1.12599, 0.84955, -2.11816, 0.73373, 2.45421], [0.82642, 0.79921, -1.35538, 0.61917, -2.0016, 0.86551, 2.72953]]
end: [0.69728999999999997, 0.90095999999999998, -1.55, 0.42370999999999998, -1.9027000000000001, 0.97731000000000001, 2.9631099999999999]
obtacles: [[[0.6, 0.5, -1.0], [0.9, 0.6, 1.0]], [[0.6, -0.6, -1.0], [0.9, -0.5, 1.0]], [[0.6, -0.6, 0.9], [0.9, 0.6, 1.0]], [[0.6, -0.6, -1.0], [0.9, 0.6, -0.9]], [[0.6, -0.6, 0.3], [0.9, 0.6, 0.4]], [[0.6, -0.6, -0.5], [0.9, 0.6, -0.4]], [[0.6, 0.0, 0.4], [0.9, 0.1, 1.0]], [[0.6, 0.0, -0.5], [0.9, 0.1, 0.4]], [[0.6, 0.1, -1.0], [0.9, 0.2, -0.4]]]
start: [0.88414999999999999, 1.04514, -1.55, 0.72080999999999995, 1.1915199999999999, -1.1970499999999999, -0.096390000000000003]
tajectories: [[0.88415, 1.04514, -1.55, 0.72081, 1.19152, -1.19705, -0.09639], [1.07392, 0.97031, -1.65172, 0.94662, 1.00509, -0.98937, 0.1666], [1.2637, 0.89549, -1.75343, 1.17244, 0.81867, -0.78168, 0.42959], [1.45347, 0.82067, -1.85515, 1.39826, 0.63224, -0.574, 0.69257], [1.64324, 0.74585, -1.95687, 1.62407, 0.44582, -0.36632, 0.95556], [1.83301, 0.67102, -2.05858, 1.84989, 0.25939, -0.15863, 1.21855], [1.97639, 0.61449, -2.13543, 2.0205, 0.11854, -0.00172, 1.41724], [1.77103, 0.25189, -2.27781, 2.09997, 0.24399, 0.18271, 1.41936], [1.56567, -0.11071, -2.4202, 2.17944, 0.36945, 0.36714, 1.42148], [1.36032, -0.47331, -2.56258, 2.25892, 0.49491, 0.55158, 1.4236], [1.15496, -0.83591, -2.70496, 2.33839, 0.62037, 0.73601, 1.42572], [1.10698, -0.92064, -2.73823, 2.35696, 0.64968, 0.77911, 1.42622], [1.33673, -1.12241, -2.48979, 2.22574, 0.77781, 0.93032, 1.62186], [1.56648, -1.32419, -2.24135, 2.09451, 0.90595, 1.08153, 1.81751], [1.79623, -1.52597, -1.99292, 1.96329, 1.03408, 1.23274, 2.01315], [2.02599, -1.72774, -1.74448, 1.83207, 1.16221, 1.38395, 2.2088]]
end: [2.2058399999999998, -1.8856900000000001, -1.55, 1.7293499999999999, 1.26251, 1.5023200000000001, 2.3619500000000002]
obtacles: [[[0.6, 0.5, -1.0], [0.9, 0.6, 1.0]], [[0.6, -0.6, -1.0], [0.9, -0.5, 1.0]], [[0.6, -0.6, 0.9], [0.9, 0.6, 1.0]], [[0.6, -0.6, -1.0], [0.9, 0.6, -0.9]], [[0.6, -0.6, 0.3], [0.9, 0.6, 0.4]], [[0.6, -0.6, -0.5], [0.9, 0.6, -0.4]], [[0.6, 0.0, 0.4], [0.9, 0.1, 1.0]], [[0.6, 0.0, -0.5], [0.9, 0.1, 0.4]], [[0.6, 0.1, -1.0], [0.9, 0.2, -0.4]]]
start: [1.01519, 1.9621, -1.6499999999999999, 1.58429, -4.3209200000000001, -1.49244, 0.53785000000000005]
tajectories: [[1.01519, 1.9621, -1.65, 1.58429, -4.32092, -1.49244, 0.53785], [1.19462, 1.8488, -1.29196, 1.64934, -4.20465, -1.31963, 0.36708], [1.37405, 1.7355, -0.93392, 1.71439, -4.08838, -1.14682, 0.1963], [1.55349, 1.62221, -0.57589, 1.77944, -3.97211, -0.97402, 0.02553], [1.73292, 1.50891, -0.21785, 1.84449, -3.85583, -0.80121, -0.14525], [1.91235, 1.39561, 0.14019, 1.90954, -3.73956, -0.62841, -0.31602], [2.09178, 1.28231, 0.49823, 1.97459, -3.62329, -0.4556, -0.4868], [2.27121, 1.16901, 0.85627, 2.03964, -3.50702, -0.2828, -0.65757], [2.45064, 1.05571, 1.21431, 2.10469, -3.39074, -0.10999, -0.82835], [2.50824, 1.01935, 1.32923, 2.12557, -3.35342, -0.05452, -0.88317], [2.51429, 1.07518, 1.36062, 2.18113, -3.43423, 0.18282, -0.45901], [2.52035, 1.131, 1.39201, 2.23669, -3.51505, 0.42016, -0.03485], [2.52641, 1.18683, 1.42341, 2.29226, -3.59586, 0.65751, 0.38931], [2.53246, 1.24266, 1.4548, 2.34782, -3.67667, 0.89485, 0.81347], [2.53852, 1.29849, 1.48619, 2.40338, -3.75749, 1.13219, 1.23763], [2.54457, 1.35432, 1.51758, 2.45895, -3.8383, 1.36953, 1.66179], [2.54683, 1.37513, 1.52927, 2.47965, -3.86842, 1.45798, 1.81985], [2.47143, 1.1351, 1.14898, 2.3767, -3.85095, 1.43194, 1.99449], [2.39603, 0.89508, 0.76869, 2.27376, -3.83349, 1.40591, 2.16913], [2.32063, 0.65505, 0.38839, 2.17081, -3.81603, 1.37988, 2.34377], [2.24523, 0.41503, 0.0081, 2.06786, -3.79857, 1.35384, 2.5184], [2.21961, 0.33344, -0.12117, 2.03286, -3.79264, 1.34499, 2.57777], [2.18538, 0.03773, -0.46939, 1.86501, -3.86447, 1.37544, 2.65434], [2.15115, -0.25798, -0.81762, 1.69716, -3.93631, 1.40589, 2.73091], [2.11692, -0.55369, -1.16584, 1.52931, -4.00815, 1.43634, 2.80749], [2.0827, -0.84939, -1.51407, 1.36146, -4.07998, 1.46679, 2.88406]]
end: [2.06934, -0.96482999999999997, -1.6499999999999999, 1.2959400000000001, -4.1080300000000003, 1.4786699999999999, 2.9139499999999998]
obtacles: [[[0.6, 0.5, -1.0], [0.9, 0.6, 1.0]], [[0.6, -0.6, -1.0], [0.9, -0.5, 1.0]], [[0.6, -0.6, 0.9], [0.9, 0.6, 1.0]], [[0.6, -0.6, -1.0], [0.9, 0.6, -0.9]], [[0.6, -0.6, 0.3], [0.9, 0.6, 0.4]], [[0.6, -0.6, -0.5], [0.9, 0.6, -0.4]], [[0.6, 0.0, 0.4], [0.9, 0.1, 1.0]], [[0.6, 0.0, -0.5], [0.9, 0.1, 0.4]], [[0.6, 0.1, -1.0], [0.9, 0.2, -0.4]]]
start: [1.0143200000000001, 1.8236699999999999, -1.55, 1.8992500000000001, -4.4661299999999997, -1.50911, 0.87994000000000006]
tajectories: [[1.01432, 1.82367, -1.55, 1.89925, -4.46613, -1.50911, 0.87994], [1.10999, 1.68171, -1.34249, 1.79894, -4.24787, -1.4677, 0.5361], [1.20566, 1.53975, -1.13498, 1.69864, -4.02962, -1.42628, 0.19227], [1.30133, 1.39779, -0.92747, 1.59833, -3.81136, -1.38487, -0.15156], [1.397, 1.25583, -0.71996, 1.49803, -3.5931, -1.34346, -0.49539], [1.49267, 1.11386, -0.51245, 1.39772, -3.37484, -1.30205, -0.83922], [1.58834, 0.9719, -0.30493, 1.29741, -3.15659, -1.26064, -1.18306], [1.62085, 0.92367, -0.23443, 1.26333, -3.08243, -1.24657, -1.29987], [1.63341, 0.70772, -0.35795, 1.24967, -2.86426, -0.87603, -1.35349], [1.64598, 0.49178, -0.48147, 1.236, -2.6461, -0.5055, -1.40711], [1.65855, 0.27583, -0.60498, 1.22233, -2.42793, -0.13497, -1.46073], [1.67111, 0.05989, -0.7285, 1.20866, -2.20976, 0.23556, -1.51435], [1.68368, -0.15606, -0.85202, 1.19499, -1.99159, 0.60609, -1.56797], [1.6858, -0.19255, -0.87289, 1.19268, -1.95473, 0.66871, -1.57704], [1.47346, -0.15512, -0.94687, 1.44851, -1.60737, 0.77793, -1.57814], [1.26113, -0.11769, -1.02085, 1.70434, -1.26, 0.88715, -1.57925], [1.04879, -0.08026, -1.09483, 1.96017, -0.91264, 0.99637, -1.58035], [0.83645, -0.04283, -1.16881, 2.216, -0.56528, 1.10559, -1.58146], [0.73362, -0.0247, -1.20464, 2.33989, -0.39705, 1.15849, -1.58199], [0.57432, 0.15135, -1.27094, 2.07939, -0.73737, 1.17215, -1.65524], [0.41501, 0.3274, -1.33725, 1.81888, -1.07769, 1.18581, -1.7285], [0.25571, 0.50345, -1.40355, 1.55838, -1.41802, 1.19948, -1.80175], [0.09641, 0.6795, -1.46985, 1.29788, -1.75834, 1.21314, -1.875], [-0.06289, 0.85555, -1.53616, 1.03737, -2.09866, 1.2268, -1.94825]]
end: [-0.096149999999999999, 0.89231000000000005, -1.55, 0.98299000000000003, -2.1697099999999998, 1.2296499999999999, -1.9635400000000001]
obtacles: [[[0.6, 0.5, -1.0], [0.9, 0.6, 1.0]], [[0.6, -0.6, -1.0], [0.9, -0.5, 1.0]], [[0.6, -0.6, 0.9], [0.9, 0.6, 1.0]], [[0.6, -0.6, -1.0], [0.9, 0.6, -0.9]], [[0.6, -0.6, 0.3], [0.9, 0.6, 0.4]], [[0.6, -0.6, -0.5], [0.9, 0.6, -0.4]], [[0.6, 0.0, 0.4], [0.9, 0.1, 1.0]], [[0.6, 0.0, -0.5], [0.9, 0.1, 0.4]], [[0.6, 0.1, -1.0], [0.9, 0.2, -0.4]]]
start: [2.2924799999999999, -1.85792, -1.3500000000000001, 1.41926, 1.2493099999999999, 1.40516, 2.6303999999999998]
tajectories: [[2.29248, -1.85792, -1.35, 1.41926, 1.24931, 1.40516, 2.6304], [2.31026, -1.81097, -1.47718, 1.34644, 1.07039, 1.06085, 2.35573], [2.32804, -1.76403, -1.60436, 1.27361, 0.89146, 0.71655, 2.08106], [2.34582, -1.71709, -1.73154, 1.20079, 0.71254, 0.37224, 1.80639], [2.36359, -1.67015, -1.85872, 1.12797, 0.53362, 0.02794, 1.53172], [2.38137, -1.62321, -1.9859, 1.05515, 0.3547, -0.31637, 1.25705], [2.38283, -1.61936, -1.99631, 1.04918, 0.34004, -0.34457, 1.23455], [2.40749, -1.62987, -2.07247, 1.06612, 0.4511, -0.13533, 0.80203], [2.43216, -1.64038, -2.14863, 1.08305, 0.56216, 0.07391, 0.3695], [2.45682, -1.65089, -2.22479, 1.09998, 0.67322, 0.28316, -0.06302], [2.48148, -1.6614, -2.30095, 1.11691, 0.78428, 0.4924, -0.49555], [2.49139, -1.66562, -2.33155, 1.12371, 0.82889, 0.57645, -0.66929], [2.26496, -1.56626, -2.31479, 1.48844, 0.64038, 0.68633, -0.7584], [2.03853, -1.46689, -2.29803, 1.85317, 0.45187, 0.79621, -0.8475], [1.81211, -1.36753, -2.28127, 2.2179, 0.26336, 0.90609, -0.9366], [1.58568, -1.26817, -2.2645, 2.58263, 0.07486, 1.01598, -1.0257], [1.49799, -1.22969, -2.25801, 2.72388, 0.00186, 1.05853, -1.06021], [1.35138, -1.19038, -2.23642, 2.59295, 0.1397, 0.6554, -0.89337], [1.20476, -1.15108, -2.21482, 2.46202, 0.27755, 0.25227, -0.72653], [1.05815, -1.11177, -2.19323, 2.33109, 0.41539, -0.15086, -0.55969], [0.9209, -1.07498, -2.17302, 2.20853, 0.54443, -0.52822, -0.40351], [1.0831, -0.97434, -2.04078, 1.87738, 0.44567, -0.8051, -0.40182], [1.24529, -0.8737, -1.90854, 1.54624, 0.34691, -1.08198, -0.40013], [1.26291, -0.86277, -1.89417, 1.51027, 0.33618, -1.11206, -0.39994], [1.48363, -0.50713, -1.97182, 1.39633, 0.51752, -1.14668, -0.54726], [1.70436, -0.15148, -2.04947, 1.2824, 0.69886, -1.18131, -0.69458], [1.92509, 0.20416, -2.12712, 1.16847, 0.88021, -1.21593, -0.84189], [2.12884, 0.53246, -2.1988, 1.0633, 1.0476, -1.24789, -0.97788], [1.78441, 0.62039, -1.96265, 0.96666, 1.012, -1.22599, -0.73959], [1.43998, 0.70832, -1.7265, 0.87002, 0.9764, -1.20408, -0.50129], [1.09556, 0.79626, -1.49035, 0.77338, 0.9408, -1.18218, -0.263]]
end: [0.89085999999999999, 0.84852000000000005, -1.3500000000000001, 0.71594999999999998, 0.91964000000000001, -1.16916, -0.12137000000000001]
obtacles: [[[0.6, 0.5, -1.0], [0.9, 0.6, 1.0]], [[0.6, -0.6, -1.0], [0.9, -0.5, 1.0]], [[0.6, -0.6, 0.9], [0.9, 0.6, 1.0]], [[0.6, -0.6, -1.0], [0.9, 0.6, -0.9]], [[0.6, -0.6, 0.3], [0.9, 0.6, 0.4]], [[0.6, -0.6, -0.5], [0.9, 0.6, -0.4]], [[0.6, 0.0, 0.4], [0.9, 0.1, 1.0]], [[0.6, 0.0, -0.5], [0.9, 0.1, 0.4]], [[0.6, 0.1, -1.0], [0.9, 0.2, -0.4]]]
start: [0.70176000000000005, 1.8099799999999999, -1.8, 0.89717000000000002, -1.24194, 1.5460700000000001, -2.9779499999999999]
tajectories: [[0.70176, 1.80998, -1.8, 0.89717, -1.24194, 1.54607, -2.97795], [0.78258, 1.71077, -1.63591, 1.13384, -1.6127, 1.48295, -2.88182], [0.8634, 1.61156, -1.47182, 1.37051, -1.98347, 1.41984, -2.7857], [0.94421, 1.51235, -1.30772, 1.60718, -2.35423, 1.35672, -2.68957], [1.02503, 1.41314, -1.14363, 1.84385, -2.72499, 1.29361, -2.59345], [1.10585, 1.31393, -0.97954, 2.08052, -3.09575, 1.2305, -2.49732], [1.13231, 1.28145, -0.92581, 2.15801, -3.21714, 1.20983, -2.46585], [1.4302, 1.28788, -1.20823, 2.34591, -3.03947, 1.11848, -2.38684], [1.7281, 1.2943, -1.49064, 2.53381, -2.86179, 1.02713, -2.30783], [2.02599, 1.30073, -1.77305, 2.72171, -2.68412, 0.93578, -2.22883], [2.27986, 1.3062, -2.01372, 2.88184, -2.53271, 0.85793, -2.16149], [1.94047, 1.33762, -2.23006, 2.64945, -2.45561, 0.85119, -1.9971], [1.64814, 1.36468, -2.41639, 2.44929, -2.38921, 0.8454, -1.85551], [1.24572, 1.13788, -2.30027, 2.4062, -2.37757, 0.98372, -1.90029], [0.84329, 0.91108, -2.18414, 2.36312, -2.36593, 1.12204, -1.94507], [0.44086, 0.68428, -2.06802, 2.32003, -2.35429, 1.26037, -1.98986], [0.03844, 0.45749, -1.95189, 2.27694, -2.34264, 1.39869, -2.03464], [-0.17879, 0.33506, -1.88921, 2.25368, -2.33636, 1.47335, -2.05881], [-0.10145, 0.55774, -1.85785, 1.84623, -2.23596, 1.35287, -2.00554], [-0.02411, 0.78041, -1.82649, 1.43878, -2.13555, 1.2324, -1.95228]]
end: [0.041200000000000001, 0.96847000000000005, -1.8, 1.09466, -2.0507599999999999, 1.1306499999999999, -1.9072899999999999]
obtacles: [[[0.6, 0.5, -1.0], [0.9, 0.6, 1.0]], [[0.6, -0.6, -1.0], [0.9, -0.5, 1.0]], [[0.6, -0.6, 0.9], [0.9, 0.6, 1.0]], [[0.6, -0.6, -1.0], [0.9, 0.6, -0.9]], [[0.6, -0.6, 0.3], [0.9, 0.6, 0.4]], [[0.6, -0.6, -0.5], [0.9, 0.6, -0.4]], [[0.6, 0.0, 0.4], [0.9, 0.1, 1.0]], [[0.6, 0.0, -0.5], [0.9, 0.1, 0.4]], [[0.6, 0.1, -1.0], [0.9, 0.2, -0.4]]]
start: [0.81289999999999996, 1.8896500000000001, -1.95, 0.75553999999999999, -4.2221200000000003, -1.5579499999999999, -0.12227]
tajectories: [[0.8129, 1.88965, -1.95, 0.75554, -4.22212, -1.55795, -0.12227], [0.8866, 1.85543, -1.88979, 1.05671, -4.00699, -1.26152, -0.00015], [0.9603, 1.8212, -1.82958, 1.35789, -3.79187, -0.96509, 0.12197], [1.034, 1.78697, -1.76936, 1.65906, -3.57674, -0.66866, 0.24409], [1.1077, 1.75274, -1.70915, 1.96024, -3.36161, -0.37223, 0.36621], [1.1814, 1.71851, -1.64894, 2.26141, -3.14648, -0.0758, 0.48833], [1.20789, 1.70621, -1.6273, 2.36968, -3.06915, 0.03076, 0.53223], [1.40985, 1.40358, -1.55116, 2.34406, -3.28772, 0.2622, 0.63144], [1.6118, 1.10096, -1.47502, 2.31844, -3.50628, 0.49364, 0.73065], [1.81375, 0.79833, -1.39888, 2.29282, -3.72485, 0.72509, 0.82985], [2.0157, 0.49571, -1.32274, 2.2672, -3.94342, 0.95653, 0.92906], [2.15383, 0.28872, -1.27067, 2.24968, -4.09291, 1.11483, 0.99691], [2.17762, 0.3455, -1.15093, 1.92577, -3.77241, 1.19103, 1.13268], [2.20142, 0.40228, -1.0312, 1.60186, -3.45192, 1.26723, 1.26846], [2.22522, 0.45905, -0.91147, 1.27796, -3.13142, 1.34343, 1.40423], [2.24902, 0.51583, -0.79174, 0.95405, -2.81092, 1.41963, 1.54], [2.27213, 0.57098, -0.67543, 0.63939, -2.49957, 1.49366, 1.6719], [1.87853, 0.47795, -0.78658, 0.74406, -2.55479, 1.41151, 1.9028], [1.48493, 0.38492, -0.89774, 0.84874, -2.61, 1.32937, 2.1337], [1.09133, 0.29189, -1.00889, 0.95342, -2.66522, 1.24723, 2.36459], [0.69772, 0.19886, -1.12005, 1.0581, -2.72044, 1.16509, 2.59549], [0.57315, 0.16941, -1.15523, 1.09123, -2.73792, 1.13909, 2.66857], [0.88297, -0.05487, -1.2814, 1.14464, -3.00778, 1.22901, 2.73201], [1.19278, -0.27916, -1.40758, 1.19804, -3.27764, 1.31893, 2.79544], [1.5026, -0.50344, -1.53376, 1.25145, -3.54751, 1.40885, 2.85888], [1.81242, -0.72773, -1.65993, 1.30486, -3.81737, 1.49877, 2.92232]]
end: [2.0335700000000001, -0.88782000000000005, -1.75, 1.3429800000000001, -4.0099999999999998, 1.5629599999999999, 2.9676]
obtacles: [[[0.6, 0.5, -1.0], [0.9, 0.6, 1.0]], [[0.6, -0.6, -1.0], [0.9, -0.5, 1.0]], [[0.6, -0.6, 0.9], [0.9, 0.6, 1.0]], [[0.6, -0.6, -1.0], [0.9, 0.6, -0.9]], [[0.6, -0.6, 0.3], [0.9, 0.6, 0.4]], [[0.6, -0.6, -0.5], [0.9, 0.6, -0.4]], [[0.6, 0.0, 0.4], [0.9, 0.1, 1.0]], [[0.6, 0.0, -0.5], [0.9, 0.1, 0.4]], [[0.6, 0.1, -1.0], [0.9, 0.2, -0.4]]]
start: [1.0024999999999999, 1.85639, -1.6000000000000001, 1.64896, -1.2880100000000001, 1.52085, -2.50644]
tajectories: [[1.0025, 1.85639, -1.6, 1.64896, -1.28801, 1.52085, -2.50644], [1.31539, 1.80228, -1.36831, 1.87431, -1.30092, 1.48726, -2.29808], [1.62829, 1.74816, -1.13662, 2.09966, -1.31383, 1.45368, -2.08973], [1.94118, 1.69405, -0.90492, 2.325, -1.32674, 1.4201, -1.88137], [2.25407, 1.63994, -0.67323, 2.55035, -1.33964, 1.38652, -1.67301], [2.56696, 1.58582, -0.44154, 2.7757, -1.35255, 1.35294, -1.46465], [2.6082, 1.57869, -0.411, 2.80539, -1.35425, 1.34852, -1.43719], [2.30188, 1.31727, -0.59544, 2.70459, -1.31388, 1.14711, -1.39902], [1.99557, 1.05584, -0.77988, 2.60378, -1.27351, 0.94571, -1.36085], [1.68925, 0.79442, -0.96431, 2.50297, -1.23314, 0.7443, -1.32268], [1.38294, 0.53299, -1.14875, 2.40216, -1.19278, 0.5429, -1.28451], [1.07663, 0.27157, -1.33318, 2.30135, -1.15241, 0.3415, -1.24633], [0.91229, 0.13132, -1.43213, 2.24727, -1.13075, 0.23345, -1.22585], [0.66461, 0.30412, -1.465, 1.96594, -1.2966, 0.41849, -1.35553], [0.41692, 0.47693, -1.49787, 1.68461, -1.46246, 0.60354, -1.4852], [0.16924, 0.64974, -1.53073, 1.40328, -1.62832, 0.78859, -1.61487], [-0.07844, 0.82254, -1.5636, 1.12195, -1.79417, 0.97363, -1.74454], [-0.32613, 0.99535, -1.59647, 0.84062, -1.96003, 1.15868, -1.87421]]
end: [-0.35276000000000002, 1.01393, -1.6000000000000001, 0.81037000000000003, -1.97786, 1.17858, -1.88815]
obtacles: [[[0.6, 0.5, -1.0], [0.9, 0.6, 1.0]], [[0.6, -0.6, -1.0], [0.9, -0.5, 1.0]], [[0.6, -0.6, 0.9], [0.9, 0.6, 1.0]], [[0.6, -0.6, -1.0], [0.9, 0.6, -0.9]], [[0.6, -0.6, 0.3], [0.9, 0.6, 0.4]], [[0.6, -0.6, -0.5], [0.9, 0.6, -0.4]], [[0.6, 0.0, 0.4], [0.9, 0.1, 1.0]], [[0.6, 0.0, -0.5], [0.9, 0.1, 0.4]], [[0.6, 0.1, -1.0], [0.9, 0.2, -0.4]]]
start: [2.1512699999999998, -0.92923999999999995, -1.5, 0.89129999999999998, -1.07725, -1.1371899999999999, -0.035369999999999999]
tajectories: [[2.15127, -0.92924, -1.5, 0.8913, -1.07725, -1.13719, -0.03537], [1.88479, -0.80707, -1.26508, 0.85913, -1.07092, -0.93114, -0.29099], [1.61832, -0.6849, -1.03015, 0.82696, -1.06459, -0.72509, -0.54662], [1.35185, -0.56273, -0.79523, 0.79479, -1.05826, -0.51904, -0.80225], [1.08537, -0.44056, -0.56031, 0.76261, -1.05193, -0.31299, -1.05787], [0.99456, -0.39892, -0.48025, 0.75165, -1.04978, -0.24277, -1.14498], [0.91065, -0.22736, -0.37382, 0.86411, -1.33684, 0.00692, -1.35664], [0.82673, -0.0558, -0.26739, 0.97658, -1.6239, 0.25661, -1.5683], [0.77454, 0.05091, -0.20119, 1.04653, -1.80245, 0.41192, -1.69994], [0.87018, 0.18583, -0.02067, 1.38407, -1.59494, 0.50102, -1.85845], [0.96582, 0.32075, 0.15986, 1.72162, -1.38744, 0.59012, -2.01696], [1.06146, 0.45567, 0.34038, 2.05917, -1.17993, 0.67922, -2.17546], [1.15711, 0.59059, 0.5209, 2.39672, -0.97242, 0.76832, -2.33397], [1.17388, 0.61425, 0.55256, 2.45591, -0.93604, 0.78394, -2.36177], [1.12017, 0.8308, 0.17593, 2.26399, -0.98193, 0.9103, -2.42065], [1.06646, 1.04736, -0.20069, 2.07207, -1.02782, 1.03667, -2.47954], [1.01275, 1.26391, -0.57731, 1.88015, -1.07371, 1.16303, -2.53843], [0.95905, 1.48047, -0.95393, 1.68823, -1.1196, 1.2894, -2.59732], [0.90534, 1.69702, -1.33056, 1.49632, -1.16549, 1.41577, -2.6562]]
end: [0.85265999999999997, 1.9094500000000001, -1.7, 1.30806, -1.2104999999999999, 1.53972, -2.7139700000000002]
obtacles: [[[0.6, 0.5, -1.0], [0.9, 0.6, 1.0]], [[0.6, -0.6, -1.0], [0.9, -0.5, 1.0]], [[0.6, -0.6, 0.9], [0.9, 0.6, 1.0]], [[0.6, -0.6, -1.0], [0.9, 0.6, -0.9]], [[0.6, -0.6, 0.3], [0.9, 0.6, 0.4]], [[0.6, -0.6, -0.5], [0.9, 0.6, -0.4]], [[0.6, 0.0, 0.4], [0.9, 0.1, 1.0]], [[0.6, 0.0, -0.5], [0.9, 0.1, 0.4]], [[0.6, 0.1, -1.0], [0.9, 0.2, -0.4]]]
start: [2.4832700000000001, -1.6893899999999999, -1.5, 1.0931599999999999, -1.7085999999999999, -1.5628, -0.43008000000000002]
tajectories: [[2.48327, -1.68939, -1.5, 1.09316, -1.7086, -1.5628, -0.43008], [2.49156, -1.71611, -1.55217, 0.94063, -1.93159, -1.47717, -0.02244], [2.49985, -1.74282, -1.60434, 0.7881, -2.15458, -1.39154, 0.3852], [2.50815, -1.76954, -1.6565, 0.63556, -2.37757, -1.3059, 0.79285], [2.51644, -1.79626, -1.70867, 0.48303, -2.60055, -1.22027, 1.20049], [2.52473, -1.82297, -1.76084, 0.3305, -2.82354, -1.13463, 1.60813], [2.52597, -1.82697, -1.76864, 0.30768, -2.85689, -1.12183, 1.6691], [2.53057, -1.78556, -1.71622, 0.49155, -2.76159, -0.67222, 1.6911], [2.53516, -1.74415, -1.66381, 0.67542, -2.6663, -0.22262, 1.7131], [2.53975, -1.70273, -1.61139, 0.85929, -2.571, 0.22699, 1.7351], [2.54435, -1.66132, -1.55898, 1.04315, -2.4757, 0.67659, 1.7571], [2.54894, -1.61991, -1.50656, 1.22702, -2.3804, 1.12619, 1.77911], [2.54968, -1.61325, -1.49813, 1.25659, -2.36508, 1.1985, 1.78264], [2.36429, -1.51669, -1.71162, 1.48202, -2.67674, 1.14488, 1.88214], [2.1789, -1.42013, -1.92512, 1.70745, -2.9884, 1.09126, 1.98164], [1.99351, -1.32357, -2.13861, 1.93288, -3.30007, 1.03765, 2.08113], [1.80811, -1.227, -2.35211, 2.15831, -3.61173, 0.98403, 2.18063], [1.68062, -1.1606, -2.49892, 2.31333, -3.82606, 0.94715, 2.24905], [1.5042, -0.86166, -2.48047, 1.96957, -3.76578, 0.92205, 2.16697], [1.32777, -0.56273, -2.46201, 1.62581, -3.7055, 0.89695, 2.08488], [1.15135, -0.26379, -2.44356, 1.28205, -3.64523, 0.87185, 2.0028], [0.97492, 0.03514, -2.4251, 0.9383, -3.58495, 0.84675, 1.92071], [0.7985, 0.33408, -2.40665, 0.59454, -3.52467, 0.82165, 1.83863], [0.75927, 0.40054, -2.40255, 0.51811, -3.51127, 0.81607, 1.82038], [0.95443, 0.43667, -2.06527, 0.59699, -3.30011, 0.64907, 1.95512], [1.14958, 0.47279, -1.72799, 0.67587, -3.08896, 0.48206, 2.08985], [1.34473, 0.50891, -1.39071, 0.75474, -2.8778, 0.31506, 2.22459], [1.45874, 0.53002, -1.19367, 0.80083, -2.75444, 0.21749, 2.3033], [1.26929, 0.65466, -1.29758, 0.71534, -2.5041, 0.4977, 2.50148], [1.07983, 0.7793, -1.4015, 0.62984, -2.25375, 0.7779, 2.69967]]
end: [0.90024000000000004, 0.89744999999999997, -1.5, 0.54879999999999995, -2.0164399999999998, 1.04352, 2.8875299999999999]
obtacles: [[[0.6, 0.5, -1.0], [0.9, 0.6, 1.0]], [[0.6, -0.6, -1.0], [0.9, -0.5, 1.0]], [[0.6, -0.6, 0.9], [0.9, 0.6, 1.0]], [[0.6, -0.6, -1.0], [0.9, 0.6, -0.9]], [[0.6, -0.6, 0.3], [0.9, 0.6, 0.4]], [[0.6, -0.6, -0.5], [0.9, 0.6, -0.4]], [[0.6, 0.0, 0.4], [0.9, 0.1, 1.0]], [[0.6, 0.0, -0.5], [0.9, 0.1, 0.4]], [[0.6, 0.1, -1.0], [0.9, 0.2, -0.4]]]
start: [0.65800000000000003, 1.8298300000000001, -1.75, 1.0079899999999999, -1.2571000000000001, 1.5617399999999999, -2.8164400000000001]
tajectories: [[0.658, 1.82983, -1.75, 1.00799, -1.2571, 1.56174, -2.81644], [0.8308, 1.77564, -1.79541, 1.17707, -1.00643, 1.21001, -2.81476], [1.00359, 1.72146, -1.84083, 1.34615, -0.75575, 0.85827, -2.81307], [1.05814, 1.70435, -1.85517, 1.39952, -0.67662, 0.74723, -2.81254], [1.2879, 1.64803, -1.68232, 1.79953, -0.69048, 0.68534, -2.8239], [1.51766, 1.59171, -1.50948, 2.19955, -0.70435, 0.62344, -2.83525], [1.74743, 1.53538, -1.33664, 2.59956, -0.71821, 0.56154, -2.84661], [1.88859, 1.50078, -1.23045, 2.84532, -0.72673, 0.52351, -2.85359], [1.6077, 1.32968, -1.50301, 2.70447, -0.76035, 0.46212, -2.64672], [1.3268, 1.15857, -1.77557, 2.56362, -0.79397, 0.40074, -2.43984], [1.04591, 0.98747, -2.04814, 2.42278, -0.82759, 0.33936, -2.23297], [0.86244, 0.87571, -2.22616, 2.33078, -0.84955, 0.29926, -2.09785], [0.50436, 0.90187, -2.19895, 2.27973, -0.88601, 0.63801, -2.13862], [0.14627, 0.92802, -2.17173, 2.22868, -0.92248, 0.97676, -2.17938], [-0.21182, 0.95418, -2.14452, 2.17763, -0.95895, 1.31551, -2.22015], [-0.35738, 0.96481, -2.13345, 2.15688, -0.97377, 1.45321, -2.23672], [-0.22961, 0.92636, -2.03041, 1.8287, -1.2897, 1.34127, -2.19755], [-0.10183, 0.8879, -1.92737, 1.50051, -1.60563, 1.22933, -2.15837], [0.02594, 0.84945, -1.82433, 1.17233, -1.92156, 1.11739, -2.1192]]
end: [0.1181, 0.82171000000000005, -1.75, 0.93561000000000005, -2.1494399999999998, 1.0366500000000001, -2.0909399999999998]
obtacles: [[[0.6, 0.5, -1.0], [0.9, 0.6, 1.0]], [[0.6, -0.6, -1.0], [0.9, -0.5, 1.0]], [[0.6, -0.6, 0.9], [0.9, 0.6, 1.0]], [[0.6, -0.6, -1.0], [0.9, 0.6, -0.9]], [[0.6, -0.6, 0.3], [0.9, 0.6, 0.4]], [[0.6, -0.6, -0.5], [0.9, 0.6, -0.4]], [[0.6, 0.0, 0.4], [0.9, 0.1, 1.0]], [[0.6, 0.0, -0.5], [0.9, 0.1, 0.4]], [[0.6, 0.1, -1.0], [0.9, 0.2, -0.4]]]
start: [1.0121199999999999, 1.9485600000000001, -1.8, 1.8183100000000001, -4.3865299999999996, -1.27122, 0.71258999999999995]
tajectories: [[1.01212, 1.94856, -1.8, 1.81831, -4.38653, -1.27122, 0.71259], [1.05739, 1.65478, -1.42154, 1.89382, -4.32784, -1.18612, 0.75755], [1.10265, 1.36099, -1.04309, 1.96933, -4.26915, -1.10101, 0.80251], [1.14792, 1.0672, -0.66463, 2.04483, -4.21045, -1.01591, 0.84747], [1.19319, 0.77341, -0.28617, 2.12034, -4.15176, -0.9308, 0.89243], [1.23846, 0.47963, 0.09229, 2.19585, -4.09307, -0.8457, 0.93739], [1.27034, 0.27272, 0.35883, 2.24903, -4.05173, -0.78576, 0.96905], [1.17967, 0.11187, 0.21126, 2.32189, -3.98105, -0.64393, 0.56445], [1.08901, -0.04898, 0.06369, 2.39476, -3.91037, -0.50209, 0.15984], [0.99834, -0.20983, -0.08388, 2.46763, -3.83969, -0.36025, -0.24477], [0.90768, -0.37068, -0.23145, 2.54049, -3.76901, -0.21842, -0.64938], [0.86236, -0.45107, -0.30521, 2.57691, -3.73368, -0.14753, -0.8516], [0.73643, -0.44497, -0.37065, 2.42103, -3.30178, -0.11388, -0.98521], [0.6105, -0.43888, -0.43609, 2.26515, -2.86988, -0.08023, -1.11881], [0.48456, -0.43278, -0.50154, 2.10926, -2.43798, -0.04658, -1.25242], [0.35863, -0.42668, -0.56698, 1.95338, -2.00608, -0.01294, -1.38603], [0.2971, -0.4237, -0.59895, 1.87723, -1.79507, 0.0035, -1.45131], [0.19605, -0.13164, -0.84073, 1.67499, -1.81326, 0.21788, -1.54537], [0.09499, 0.16041, -1.0825, 1.47276, -1.83146, 0.43227, -1.63943], [-0.00607, 0.45247, -1.32428, 1.27053, -1.84965, 0.64665, -1.73349], [-0.10712, 0.74453, -1.56605, 1.0683, -1.86784, 0.86103, -1.82755]]
end: [-0.20491000000000001, 1.0271300000000001, -1.8, 0.87261999999999995, -1.88544, 1.06847, -1.91856]
obtacles: [[[0.6, 0.5, -1.0], [0.9, 0.6, 1.0]], [[0.6, -0.6, -1.0], [0.9, -0.5, 1.0]], [[0.6, -0.6, 0.9], [0.9, 0.6, 1.0]], [[0.6, -0.6, -1.0], [0.9, 0.6, -0.9]], [[0.6, -0.6, 0.3], [0.9, 0.6, 0.4]], [[0.6, -0.6, -0.5], [0.9, 0.6, -0.4]], [[0.6, 0.0, 0.4], [0.9, 0.1, 1.0]], [[0.6, 0.0, -0.5], [0.9, 0.1, 0.4]], [[0.6, 0.1, -1.0], [0.9, 0.2, -0.4]]]
start: [1.0121199999999999, 1.7526600000000001, -1.6499999999999999, 1.38652, -1.3773599999999999, 1.52742, -2.7786300000000002]
tajectories: [[1.01212, 1.75266, -1.65, 1.38652, -1.37736, 1.52742, -2.77863], [1.07507, 1.71945, -1.3411, 1.62202, -1.67933, 1.47796, -2.75815], [1.13802, 1.68625, -1.0322, 1.85753, -1.9813, 1.42849, -2.73766], [1.20098, 1.65305, -0.7233, 2.09303, -2.28327, 1.37902, -2.71717], [1.26393, 1.61985, -0.4144, 2.32854, -2.58524, 1.32955, -2.69668], [1.2966, 1.60261, -0.25407, 2.45077, -2.74198, 1.30388, -2.68605], [1.34792, 1.14043, -0.21856, 2.42011, -2.78551, 1.17363, -2.57338], [1.39925, 0.67825, -0.18304, 2.38945, -2.82904, 1.04338, -2.46071], [1.45057, 0.21607, -0.14753, 2.35878, -2.87257, 0.91314, -2.34804], [1.5019, -0.24611, -0.11202, 2.32812, -2.9161, 0.78289, -2.23537], [1.54215, -0.60864, -0.08417, 2.30407, -2.95024, 0.68073, -2.14699], [1.18701, -0.48353, -0.27966, 2.17901, -3.04359, 0.61325, -1.94425], [0.83188, -0.35843, -0.47515, 2.05396, -3.13694, 0.54577, -1.74152], [0.47674, -0.23332, -0.67064, 1.9289, -3.23028, 0.47829, -1.53878], [0.1216, -0.10821, -0.86613, 1.80385, -3.32363, 0.41081, -1.33604], [-0.06187, -0.04358, -0.96712, 1.73925, -3.37185, 0.37595, -1.23131], [-0.05408, 0.14989, -1.12171, 1.52395, -3.08973, 0.52097, -1.43535], [-0.04629, 0.34336, -1.2763, 1.30864, -2.80761, 0.66598, -1.6394], [-0.03851, 0.53683, -1.4309, 1.09334, -2.52549, 0.81099, -1.84344], [-0.03072, 0.7303, -1.58549, 0.87804, -2.24336, 0.956, -2.04748]]
end: [-0.027470000000000001, 0.81103000000000003, -1.6499999999999999, 0.78820000000000001, -2.1256400000000002, 1.01651, -2.1326299999999998]
obtacles: [[[0.6, 0.5, -1.0], [0.9, 0.6, 1.0]], [[0.6, -0.6, -1.0], [0.9, -0.5, 1.0]], [[0.6, -0.6, 0.9], [0.9, 0.6, 1.0]], [[0.6, -0.6, -1.0], [0.9, 0.6, -0.9]], [[0.6, -0.6, 0.3], [0.9, 0.6, 0.4]], [[0.6, -0.6, -0.5], [0.9, 0.6, -0.4]], [[0.6, 0.0, 0.4], [0.9, 0.1, 1.0]], [[0.6, 0.0, -0.5], [0.9, 0.1, 0.4]], [[0.6, 0.1, -1.0], [0.9, 0.2, -0.4]]]
start: [2.3393099999999998, -0.73758000000000001, -1.6499999999999999, 1.4238999999999999, -0.73614000000000002, -1.51508, -0.61126000000000003]
tajectories: [[2.33931, -0.73758, -1.65, 1.4239, -0.73614, -1.51508, -0.61126], [1.95458, -0.80255, -1.54634, 1.57182, -0.9549, -1.38788, -0.64451], [1.56986, -0.86752, -1.44267, 1.71974, -1.17367, -1.26069, -0.67775], [1.18513, -0.93249, -1.33901, 1.86765, -1.39243, -1.1335, -0.711], [0.80041, -0.99746, -1.23534, 2.01557, -1.61119, -1.0063, -0.74424], [0.41568, -1.06243, -1.13168, 2.16349, -1.82995, -0.87911, -0.77749], [0.16534, -1.1047, -1.06422, 2.25974, -1.97231, -0.79634, -0.79912], [-0.08462, -0.92192, -0.94631, 2.21435, -2.31981, -0.6646, -0.8046], [-0.33459, -0.73913, -0.8284, 2.16897, -2.66731, -0.53285, -0.81009], [-0.58455, -0.55634, -0.71048, 2.12359, -3.01481, -0.4011, -0.81558], [-0.83452, -0.37356, -0.59257, 2.07821, -3.36231, -0.26936, -0.82106], [-1.08448, -0.19077, -0.47466, 2.03282, -3.70981, -0.13761, -0.82655], [-1.08811, -0.18811, -0.47294, 2.03216, -3.71486, -0.1357, -0.82663], [-0.8393, -0.33249, -0.17439, 2.06812, -3.98307, -0.07315, -0.85783], [-0.59049, -0.47687, 0.12416, 2.10407, -4.25127, -0.0106, -0.88903], [-0.34167, -0.62125, 0.42272, 2.14002, -4.51948, 0.05195, -0.92023], [-0.09558, -0.76404, 0.71801, 2.17558, -4.78475, 0.11382, -0.95109], [-0.3758, -0.86537, 0.94858, 2.17442, -4.76819, -0.07262, -0.68088], [-0.65602, -0.96669, 1.17915, 2.17325, -4.75163, -0.25906, -0.41067], [-0.93624, -1.06801, 1.40973, 2.17209, -4.73507, -0.44549, -0.14047], [-1.21646, -1.16933, 1.6403, 2.17093, -4.71851, -0.63193, 0.12974], [-1.49668, -1.27065, 1.87088, 2.16976, -4.70195, -0.81837, 0.39995], [-1.60107, -1.3084, 1.95677, 2.16933, -4.69578, -0.88782, 0.50061], [-1.79927, -1.47681, 1.77705, 1.85955, -4.57106, -1.05887, 0.40428], [-1.99747, -1.64522, 1.59734, 1.54977, -4.44634, -1.22991, 0.30795], [-2.19568, -1.81363, 1.41762, 1.23999, -4.32161, -1.40096, 0.21162]]
end: [-2.3805299999999998, -1.9706900000000001, 1.25, 0.95106999999999997, -4.2052899999999998, -1.5604899999999999, 0.12178]
obtacles: [[[0.6, 0.5, -1.0], [0.9, 0.6, 1.0]], [[0.6, -0.6, -1.0], [0.9, -0.5, 1.0]], [[0.6, -0.6, 0.9], [0.9, 0.6, 1.0]], [[0.6, -0.6, -1.0], [0.9, 0.6, -0.9]], [[0.6, -0.6, 0.3], [0.9, 0.6, 0.4]], [[0.6, -0.6, -0.5], [0.9, 0.6, -0.4]], [[0.6, 0.0, 0.4], [0.9, 0.1, 1.0]], [[0.6, 0.0, -0.5], [0.9, 0.1, 0.4]], [[0.6, 0.1, -1.0], [0.9, 0.2, -0.4]]]
start: [-2.0238100000000001, -1.9130100000000001, 1.25, 1.55654, -4.34917, -1.2742500000000001, 0.32801000000000002]
tajectories: [[-2.02381, -1.91301, 1.25, 1.55654, -4.34917, -1.27425, 0.32801], [-2.00011, -1.90102, 1.47153, 1.59753, -4.38908, -1.18904, 0.76354], [-1.9764, -1.88902, 1.69305, 1.63853, -4.429, -1.10384, 1.19907], [-1.9527, -1.87703, 1.91458, 1.67953, -4.46891, -1.01863, 1.6346], [-1.929, -1.86503, 2.1361, 1.72053, -4.50883, -0.93343, 2.07013], [-1.90529, -1.85304, 2.35763, 1.76152, -4.54874, -0.84822, 2.50566], [-1.8977, -1.8492, 2.42858, 1.77466, -4.56152, -0.82093, 2.64515], [-1.77077, -1.47509, 2.41592, 1.67714, -4.27455, -0.78937, 2.61499], [-1.64383, -1.10097, 2.40326, 1.57962, -3.98758, -0.75781, 2.58482], [-1.5169, -0.72686, 2.3906, 1.4821, -3.70061, -0.72625, 2.55465], [-1.38996, -0.35275, 2.37795, 1.38458, -3.41364, -0.69468, 2.52449], [-1.26302, 0.02136, 2.36529, 1.28706, -3.12667, -0.66312, 2.49432], [-1.13609, 0.39547, 2.35263, 1.18954, -2.8397, -0.63156, 2.46415], [-1.00915, 0.76958, 2.33997, 1.09202, -2.55273, -0.6, 2.43399], [-0.96523, 0.89901, 2.33559, 1.05828, -2.45345, -0.58908, 2.42355], [-1.02419, 0.77615, 1.97884, 0.83972, -2.40819, -0.6045, 2.19095], [-1.08315, 0.6533, 1.62208, 0.62117, -2.36293, -0.61993, 1.95835], [-1.1421, 0.53044, 1.26533, 0.40261, -2.31768, -0.63535, 1.72575], [-1.20106, 0.40758, 0.90857, 0.18405, -2.27242, -0.65077, 1.49315], [-1.26001, 0.28472, 0.55182, -0.0345, -2.22716, -0.6662, 1.26056], [-1.31897, 0.16186, 0.19506, -0.25306, -2.1819, -0.68162, 1.02796], [-1.33391, 0.13071, 0.10462, -0.30847, -2.17043, -0.68553, 0.96899], [-1.28262, 0.24846, 0.30707, -0.03796, -1.91872, -0.83724, 0.7874], [-1.23133, 0.36621, 0.50951, 0.23255, -1.66702, -0.98895, 0.60582], [-1.18004, 0.48396, 0.71195, 0.50306, -1.41531, -1.14066, 0.42423], [-1.12875, 0.60171, 0.9144, 0.77357, -1.16361, -1.29237, 0.24264], [-1.07746, 0.71946, 1.11684, 1.04408, -0.9119, -1.44408, 0.06105]]
end: [-1.04373, 0.79691000000000001, 1.25, 1.222, -0.74634999999999996, -1.5438700000000001, -0.058389999999999997]
obtacles: [[[0.6, 0.5, -1.0], [0.9, 0.6, 1.0]], [[0.6, -0.6, -1.0], [0.9, -0.5, 1.0]], [[0.6, -0.6, 0.9], [0.9, 0.6, 1.0]], [[0.6, -0.6, -1.0], [0.9, 0.6, -0.9]], [[0.6, -0.6, 0.3], [0.9, 0.6, 0.4]], [[0.6, -0.6, -0.5], [0.9, 0.6, -0.4]], [[0.6, 0.0, 0.4], [0.9, 0.1, 1.0]], [[0.6, 0.0, -0.5], [0.9, 0.1, 0.4]], [[0.6, 0.1, -1.0], [0.9, 0.2, -0.4]]]
start: [-0.82477, 0.91069, 1.25, 0.95621999999999996, -0.86056999999999995, -1.42015, -0.076670000000000002]
tajectories: [[-0.82477, 0.91069, 1.25, 0.95622, -0.86057, -1.42015, -0.07667], [-1.0078, 0.79634, 1.28846, 1.11962, -1.11313, -1.16999, -0.29776], [-1.19083, 0.68198, 1.32692, 1.28302, -1.36569, -0.91984, -0.51885], [-1.37386, 0.56763, 1.36538, 1.44642, -1.61824, -0.66968, -0.73994], [-1.55689, 0.45328, 1.40385, 1.60982, -1.8708, -0.41952, -0.96103], [-1.73992, 0.33893, 1.44231, 1.77322, -2.12336, -0.16936, -1.18211], [-1.92295, 0.22458, 1.48077, 1.93662, -2.37592, 0.0808, -1.4032], [-2.02305, 0.16204, 1.5018, 2.02599, -2.51404, 0.21761, -1.52412], [-2.02056, -0.06572, 1.58795, 2.10648, -2.25133, 0.41762, -1.2499], [-2.01808, -0.29349, 1.6741, 2.18698, -1.98861, 0.61763, -0.97569], [-2.01559, -0.52125, 1.76025, 2.26748, -1.7259, 0.81764, -0.70148], [-2.0131, -0.74902, 1.84639, 2.34797, -1.46318, 1.01765, -0.42727], [-2.01061, -0.97678, 1.93254, 2.42847, -1.20047, 1.21766, -0.15305], [-2.00867, -1.15512, 1.99999, 2.4915, -0.99476, 1.37427, 0.06165], [-2.03151, -1.30706, 1.92439, 2.36782, -1.03134, 1.3975, -0.38946], [-2.05436, -1.45899, 1.84878, 2.24415, -1.06792, 1.42073, -0.84058], [-2.0772, -1.61093, 1.77318, 2.12047, -1.1045, 1.44396, -1.29169], [-2.10004, -1.76287, 1.69757, 1.99679, -1.14107, 1.46719, -1.7428], [-2.12289, -1.9148, 1.62197, 1.87312, -1.17765, 1.49042, -2.19392]]
end: [-2.1295299999999999, -1.95895, 1.6000000000000001, 1.83718, -1.18828, 1.4971699999999999, -2.3250000000000002]
