obtacles: [[[0.6, 0.5, -1.0], [0.9, 0.6, 1.0]], [[0.6, -0.6, -1.0], [0.9, -0.5, 1.0]], [[0.6, -0.6, 0.9], [0.9, 0.6, 1.0]], [[0.6, -0.6, -1.0], [0.9, 0.6, -0.9]], [[0.6, -0.6, 0.5], [0.9, 0.6, 0.6]], [[0.6, -0.6, -0.6], [0.9, 0.6, -0.5]], [[0.6, -0.1, 0.6], [0.9, 0.0, 1.0]], [[0.6, -0.3, -0.6], [0.9, -0.2, 0.6]], [[0.6, -0.3, -1.0], [0.9, -0.2, -0.5]]]
start: [2.0432600000000001, -1.7607600000000001, -1.55, 1.5390200000000001, -1.7613399999999999, -1.5563800000000001, -0.43734000000000001]
tajectories: [[2.04326, -1.76076, -1.55, 1.53902, -1.76134, -1.55638, -0.43734], [1.79791, -1.55903, -1.5583, 1.77379, -1.87047, -1.31452, -0.28399], [1.55256, -1.3573, -1.5666, 2.00856, -1.97959, -1.07266, -0.13064], [1.3072, -1.15558, -1.5749, 2.24333, -2.08872, -0.83079, 0.02271], [1.06185, -0.95385, -1.5832, 2.47809, -2.19785, -0.58893, 0.17607], [0.99631, -0.89996, -1.58542, 2.5408, -2.227, -0.52432, 0.21703], [1.12914, -0.45607, -1.55439, 2.58435, -2.26029, -0.34744, 0.20902], [1.26196, -0.01218, -1.52336, 2.6279, -2.29358, -0.17057, 0.20101], [1.39479, 0.43171, -1.49233, 2.67144, -2.32688, 0.00631, 0.19301], [1.49371, 0.7623, -1.46922, 2.70387, -2.35167, 0.13804, 0.18704], [1.69199, 0.85658, -1.37313, 2.78831, -2.59848, -0.10686, 0.44111], [1.89026, 0.95085, -1.27704, 2.87275, -2.84528, -0.35176, 0.69517], [1.92722, 0.96842, -1.25913, 2.88848, -2.89128, -0.3974, 0.74253], [1.71841, 1.15921, -1.25454, 2.74344, -3.04818, -0.74539, 0.79936], [1.5096, 1.35, -1.24996, 2.5984, -3.20507, -1.09337, 0.8562], [1.30079, 1.54078, -1.24537, 2.45336, -3.36197, -1.44136, 0.91304], [1.23066, 1.60486, -1.24383, 2.40465, -3.41466, -1.55823, 0.93213], [1.21414, 1.67522, -1.36613, 2.10565, -3.72202, -1.55195, 0.71786], [1.19762, 1.74557, -1.48843, 1.80665, -4.02939, -1.54567, 0.5036], [1.1811, 1.81593, -1.61074, 1.50766, -4.33675, -1.53939, 0.28933]]
end: [1.1757899999999999, 1.8385199999999999, -1.6499999999999999, 1.41167, -4.4354300000000002, -1.5373699999999999, 0.22054000000000001]
obtacles: [[[0.6, 0.5, -1.0], [0.9, 0.6, 1.0]], [[0.6, -0.6, -1.0], [0.9, -0.5, 1.0]], [[0.6, -0.6, 0.9], [0.9, 0.6, 1.0]], [[0.6, -0.6, -1.0], [0.9, 0.6, -0.9]], [[0.6, -0.6, 0.5], [0.9, 0.6, 0.6]], [[0.6, -0.6, -0.6], [0.9, 0.6, -0.5]], [[0.6, -0.1, 0.6], [0.9, 0.0, 1.0]], [[0.6, -0.3, -0.6], [0.9, -0.2, 0.6]], [[0.6, -0.3, -1.0], [0.9, -0.2, -0.5]]]
start: [-0.06479, 1.56131, -1.5, -0.50934999999999997, -1.62801, 1.5280100000000001, 2.6979299999999999]
tajectories: [[-0.06479, 1.56131, -1.5, -0.50935, -1.62801, 1.52801, 2.69793], [0.00699, 1.55678, -1.5094, -0.29031, -1.62856, 1.53071, 2.25436], [0.07876, 1.55226, -1.51881, -0.07128, -1.62911, 1.53341, 1.81078], [0.15054, 1.54773, -1.52821, 0.14775, -1.62965, 1.53611, 1.36721], [0.22232, 1.5432, -1.53762, 0.36678, -1.6302, 1.53882, 0.92364], [0.2941, 1.53868, -1.54702, 0.58581, -1.63075, 1.54152, 0.48007], [0.36588, 1.53415, -1.55642, 0.80485, -1.6313, 1.54422, 0.0365], [0.43766, 1.52962, -1.56583, 1.02388, -1.63185, 1.54692, -0.40707], [0.50944, 1.5251, -1.57523, 1.24291, -1.6324, 1.54962, -0.85065], [0.58122, 1.52057, -1.58463, 1.46194, -1.63295, 1.55232, -1.29422], [0.653, 1.51604, -1.59404, 1.68098, -1.6335, 1.55503, -1.73779]]
end: [0.69850999999999996, 1.5131699999999999, -1.6000000000000001, 1.8198300000000001, -1.63384, 1.55674, -2.01898]
obtacles: [[[0.6, 0.5, -1.0], [0.9, 0.6, 1.0]], [[0.6, -0.6, -1.0], [0.9, -0.5, 1.0]], [[0.6, -0.6, 0.9], [0.9, 0.6, 1.0]], [[0.6, -0.6, -1.0], [0.9, 0.6, -0.9]], [[0.6, -0.6, 0.5], [0.9, 0.6, 0.6]], [[0.6, -0.6, -0.6], [0.9, 0.6, -0.5]], [[0.6, -0.1, 0.6], [0.9, 0.0, 1.0]], [[0.6, -0.3, -0.6], [0.9, -0.2, 0.6]], [[0.6, -0.3, -1.0], [0.9, -0.2, -0.5]]]
start: [0.51034000000000002, 1.95095, -1.75, 2.0468700000000002, -1.29972, 1.2480500000000001, -1.6840200000000001]
tajectories: [[0.51034, 1.95095, -1.75, 2.04687, -1.29972, 1.24805, -1.68402], [0.69153, 1.86641, -1.7641, 2.08024, -1.03276, 1.12547, -1.33414], [0.87273, 1.78186, -1.7782, 2.1136, -0.76581, 1.00288, -0.98427], [1.05393, 1.69732, -1.7923, 2.14697, -0.49885, 0.88029, -0.63439], [1.23513, 1.61278, -1.80641, 2.18034, -0.23189, 0.7577, -0.28451], [1.30084, 1.58212, -1.81152, 2.19244, -0.13507, 0.71324, -0.15762], [1.38381, 1.37837, -2.0159, 2.1004, -0.48557, 0.81554, -0.0233], [1.46678, 1.17462, -2.22028, 2.00837, -0.83608, 0.91784, 0.11101], [1.54975, 0.97087, -2.42467, 1.91633, -1.18659, 1.02014, 0.24532], [1.63091, 0.77155, -2.62461, 1.82629, -1.52949, 1.12022, 0.37672], [1.47307, 0.7839, -2.48607, 1.55368, -1.52241, 1.07513, 0.73635], [1.31522, 0.79625, -2.34753, 1.28107, -1.51534, 1.03004, 1.09599], [1.15738, 0.80861, -2.20898, 1.00846, -1.50826, 0.98495, 1.45563], [0.99953, 0.82096, -2.07044, 0.73585, -1.50118, 0.93987, 1.81527], [0.84169, 0.83331, -1.9319, 0.46324, -1.49411, 0.89478, 2.1749], [0.68384, 0.84567, -1.79335, 0.19063, -1.48703, 0.84969, 2.53454]]
end: [0.63444999999999996, 0.84953000000000001, -1.75, 0.10532999999999999, -1.48481, 0.83557999999999999, 2.6470799999999999]
obtacles: [[[0.6, 0.5, -1.0], [0.9, 0.6, 1.0]], [[0.6, -0.6, -1.0], [0.9, -0.5, 1.0]], [[0.6, -0.6, 0.9], [0.9, 0.6, 1.0]], [[0.6, -0.6, -1.0], [0.9, 0.6, -0.9]], [[0.6, -0.6, 0.5], [0.9, 0.6, 0.6]], [[0.6, -0.6, -0.6], [0.9, 0.6, -0.5]], [[0.6, -0.1, 0.6], [0.9, 0.0, 1.0]], [[0.6, -0.3, -0.6], [0.9, -0.2, 0.6]], [[0.6, -0.3, -1.0], [0.9, -0.2, -0.5]]]
start: [0.73795999999999995, 1.8039700000000001, -1.7, 1.0922000000000001, -1.30484, 1.5659400000000001, -2.80315]
tajectories: [[0.73796, 1.80397, -1.7, 1.0922, -1.30484, 1.56594, -2.80315], [0.80813, 1.74648, -1.69556, 1.36008, -1.05666, 1.27655, -2.64614], [0.8783, 1.689, -1.69112, 1.62797, -0.80847, 0.98717, -2.48912], [0.94846, 1.63151, -1.68668, 1.89585, -0.56029, 0.69779, -2.3321], [1.01863, 1.57403, -1.68224, 2.16373, -0.31211, 0.40841, -2.17508], [1.06165, 1.53878, -1.67952, 2.32798, -0.15995, 0.23098, -2.07881], [1.04167, 1.27244, -1.93191, 2.16381, -0.36839, 0.27228, -1.87179], [1.02169, 1.00609, -2.1843, 1.99965, -0.57684, 0.31358, -1.66478], [1.00171, 0.73975, -2.43669, 1.83548, -0.78528, 0.35488, -1.45776], [0.98173, 0.47341, -2.68908, 1.67132, -0.99373, 0.39617, -1.25075], [0.97853, 0.43073, -2.72953, 1.64501, -1.02713, 0.40279, -1.21758], [1.17614, 0.23452, -2.41772, 1.49213, -0.91082, 0.25684, -1.08709], [1.37375, 0.0383, -2.10592, 1.33925, -0.79451, 0.11089, -0.95661], [1.57136, -0.15791, -1.79412, 1.18637, -0.6782, -0.03506, -0.82613], [1.76897, -0.35412, -1.48232, 1.03348, -0.56188, -0.18101, -0.69564], [1.77851, -0.36359, -1.46727, 1.02611, -0.55627, -0.18805, -0.68935], [2.02935, -0.49402, -1.55573, 0.94739, -0.65283, -0.5327, -0.52218], [2.28019, -0.62445, -1.64419, 0.86868, -0.74938, -0.87734, -0.35502]]
end: [2.4384399999999999, -0.70674000000000003, -1.7, 0.81901999999999997, -0.81028999999999995, -1.09477, -0.24956]
obtacles: [[[0.6, 0.5, -1.0], [0.9, 0.6, 1.0]], [[0.6, -0.6, -1.0], [0.9, -0.5, 1.0]], [[0.6, -0.6, 0.9], [0.9, 0.6, 1.0]], [[0.6, -0.6, -1.0], [0.9, 0.6, -0.9]], [[0.6, -0.6, 0.5], [0.9, 0.6, 0.6]], [[0.6, -0.6, -0.6], [0.9, 0.6, -0.5]], [[0.6, -0.1, 0.6], [0.9, 0.0, 1.0]], [[0.6, -0.3, -0.6], [0.9, -0.2, 0.6]], [[0.6, -0.3, -1.0], [0.9, -0.2, -0.5]]]
start: [0.35524, 1.6650100000000001, -1.55, 2.0111699999999999, -4.6182999999999996, -1.54942, 1.6558999999999999]
tajectories: [[0.35524, 1.66501, -1.55, 2.01117, -4.6183, -1.54942, 1.6559], [0.50757, 1.74388, -1.5986, 1.7771, -4.5322, -1.54839, 1.26092], [0.65989, 1.82275, -1.6472, 1.54302, -4.4461, -1.54737, 0.86594], [0.81222, 1.90162, -1.69579, 1.30895, -4.36, -1.54634, 0.47096]]
end: [0.82540999999999998, 1.90845, -1.7, 1.2886899999999999, -4.3525499999999999, -1.5462499999999999, 0.43675999999999998]
obtacles: [[[0.6, 0.5, -1.0], [0.9, 0.6, 1.0]], [[0.6, -0.6, -1.0], [0.9, -0.5, 1.0]], [[0.6, -0.6, 0.9], [0.9, 0.6, 1.0]], [[0.6, -0.6, -1.0], [0.9, 0.6, -0.9]], [[0.6, -0.6, 0.5], [0.9, 0.6, 0.6]], [[0.6, -0.6, -0.6], [0.9, 0.6, -0.5]], [[0.6, -0.1, 0.6], [0.9, 0.0, 1.0]], [[0.6, -0.3, -0.6], [0.9, -0.2, 0.6]], [[0.6, -0.3, -1.0], [0.9, -0.2, -0.5]]]
start: [0.37070999999999998, 1.79826, -1.7, 1.52613, -4.4778099999999998, -1.4552099999999999, 1.1270100000000001]
tajectories: [[0.37071, 1.79826, -1.7, 1.52613, -4.47781, -1.45521, 1.12701], [0.2316, 1.7305, -1.7, 1.12658, -4.51631, -1.50625, 0.87735]]
end: [0.10413, 1.6684099999999999, -1.7, 0.76044999999999996, -4.55159, -1.5530200000000001, 0.64856999999999998]
obtacles: [[[0.6, 0.5, -1.0], [0.9, 0.6, 1.0]], [[0.6, -0.6, -1.0], [0.9, -0.5, 1.0]], [[0.6, -0.6, 0.9], [0.9, 0.6, 1.0]], [[0.6, -0.6, -1.0], [0.9, 0.6, -0.9]], [[0.6, -0.6, 0.5], [0.9, 0.6, 0.6]], [[0.6, -0.6, -0.6], [0.9, 0.6, -0.5]], [[0.6, -0.1, 0.6], [0.9, 0.0, 1.0]], [[0.6, -0.3, -0.6], [0.9, -0.2, 0.6]], [[0.6, -0.3, -1.0], [0.9, -0.2, -0.5]]]
start: [2.3515700000000002, -0.71152000000000004, -1.75, 0.86850000000000005, -0.77705999999999997, -1.15886, -0.17088]
tajectories: [[2.35157, -0.71152, -1.75, 0.8685, -0.77706, -1.15886, -0.17088], [2.09665, -0.67122, -1.60344, 1.0978, -0.75679, -1.07745, -0.49072], [1.84173, -0.63092, -1.45687, 1.3271, -0.73652, -0.99603, -0.81055], [1.58681, -0.59061, -1.31031, 1.5564, -0.71625, -0.91462, -1.13039], [1.33189, -0.55031, -1.16374, 1.7857, -0.69598, -0.83321, -1.45022], [1.07697, -0.51001, -1.01718, 2.015, -0.67571, -0.7518, -1.77005], [0.82204, -0.46971, -0.87061, 2.24429, -0.65544, -0.67039, -2.08989], [0.76195, -0.46021, -0.83607, 2.29834, -0.65066, -0.6512, -2.16528], [0.81977, -0.33274, -0.87697, 2.39387, -0.50257, -0.2201, -2.27407], [0.87758, -0.20527, -0.91787, 2.4894, -0.35448, 0.21099, -2.38287], [0.9354, -0.0778, -0.95877, 2.58493, -0.20638, 0.64209, -2.49166], [0.9731, 0.00532, -0.98544, 2.64722, -0.10982, 0.92319, -2.5626], [0.98019, 0.29617, -1.1267, 2.38856, -0.36758, 1.01199, -2.62718], [0.98728, 0.58702, -1.26797, 2.12989, -0.62534, 1.10079, -2.69176], [0.99438, 0.87787, -1.40923, 1.87123, -0.88309, 1.18959, -2.75634], [1.00147, 1.16872, -1.55049, 1.61257, -1.14085, 1.27839, -2.82092], [1.00856, 1.45958, -1.69175, 1.35391, -1.39861, 1.36718, -2.8855]]
end: [1.01149, 1.57951, -1.75, 1.24725, -1.5048999999999999, 1.4037999999999999, -2.9121299999999999]
obtacles: [[[0.6, 0.5, -1.0], [0.9, 0.6, 1.0]], [[0.6, -0.6, -1.0], [0.9, -0.5, 1.0]], [[0.6, -0.6, 0.9], [0.9, 0.6, 1.0]], [[0.6, -0.6, -1.0], [0.9, 0.6, -0.9]], [[0.6, -0.6, 0.5], [0.9, 0.6, 0.6]], [[0.6, -0.6, -0.6], [0.9, 0.6, -0.5]], [[0.6, -0.1, 0.6], [0.9, 0.0, 1.0]], [[0.6, -0.3, -0.6], [0.9, -0.2, 0.6]], [[0.6, -0.3, -1.0], [0.9, -0.2, -0.5]]]
start: [0.41477999999999998, 1.8329, -1.75, 1.02288, -1.25468, 1.55881, -2.5590899999999999]
tajectories: [[0.41478, 1.8329, -1.75, 1.02288, -1.25468, 1.55881, -2.55909], [0.54667, 1.71138, -1.43624, 1.31303, -1.44145, 1.54716, -2.54537], [0.67856, 1.58987, -1.12249, 1.60318, -1.62822, 1.5355, -2.53164], [0.81045, 1.46836, -0.80873, 1.89333, -1.81499, 1.52385, -2.51792], [0.94234, 1.34685, -0.49497, 2.18349, -2.00176, 1.51219, -2.50419], [1.06427, 1.23451, -0.20491, 2.45173, -2.17443, 1.50141, -2.49151], [1.0089, 0.99457, -0.10994, 2.46518, -2.10826, 1.35868, -2.09729], [0.95352, 0.75462, -0.01498, 2.47864, -2.04208, 1.21596, -1.70307], [0.89815, 0.51467, 0.07999, 2.49209, -1.97591, 1.07323, -1.30885], [0.84277, 0.27472, 0.17496, 2.50555, -1.90973, 0.9305, -0.91464], [0.7874, 0.03477, 0.26992, 2.519, -1.84356, 0.78777, -0.52042], [0.73202, -0.20518, 0.36489, 2.53246, -1.77738, 0.64504, -0.1262], [0.67665, -0.44513, 0.45986, 2.54592, -1.71121, 0.50231, 0.26802], [0.65221, -0.55101, 0.50176, 2.55185, -1.68201, 0.43933, 0.44197], [0.57264, -0.68339, 0.21637, 2.23239, -1.77859, 0.27006, 0.5102], [0.49307, -0.81576, -0.06903, 1.91292, -1.87518, 0.1008, 0.57843], [0.4135, -0.94814, -0.35442, 1.59345, -1.97176, -0.06847, 0.64666], [0.33393, -1.08051, -0.63982, 1.27398, -2.06835, -0.23773, 0.71489], [0.25435, -1.21289, -0.92522, 0.95452, -2.16494, -0.407, 0.78312], [0.23898, -1.23847, -0.98036, 0.89279, -2.1836, -0.4397, 0.7963], [0.31264, -1.01858, -1.2384, 1.03207, -2.07063, -0.40391, 1.10645], [0.3863, -0.79869, -1.49644, 1.17135, -1.95766, -0.36812, 1.41661], [0.45997, -0.5788, -1.75448, 1.31063, -1.84469, -0.33233, 1.72677], [0.53363, -0.35892, -2.01252, 1.44991, -1.73172, -0.29654, 2.03692], [0.60729, -0.13903, -2.27056, 1.58919, -1.61875, -0.26075, 2.34708], [0.68095, 0.08086, -2.5286, 1.72847, -1.50578, -0.22496, 2.65724], [0.68663, 0.0978, -2.54848, 1.7392, -1.49708, -0.2222, 2.68114], [0.93798, -0.01351, -2.52793, 1.56508, -1.36102, -0.34382, 2.34889], [1.18934, -0.12482, -2.50738, 1.39095, -1.22497, -0.46544, 2.01665], [1.4407, -0.23613, -2.48683, 1.21683, -1.08891, -0.58706, 1.6844], [1.69205, -0.34743, -2.46628, 1.0427, -0.95285, -0.70867, 1.35216], [1.94341, -0.45874, -2.44572, 0.86857, -0.8168, -0.83029, 1.01992], [2.19477, -0.57005, -2.42517, 0.69445, -0.68074, -0.95191, 0.68767], [2.44612, -0.68136, -2.40462, 0.52032, -0.54468, -1.07353, 0.35543]]
end: [2.50265, -0.70638999999999996, -2.3999999999999999, 0.48116999999999999, -0.51409000000000005, -1.1008800000000001, 0.28071000000000002]
