obtacles: [[[0.6, 0.5, -1.0], [0.9, 0.6, 1.0]], [[0.6, -0.6, -1.0], [0.9, -0.5, 1.0]], [[0.6, -0.6, 0.9], [0.9, 0.6, 1.0]], [[0.6, -0.6, -1.0], [0.9, 0.6, -0.9]], [[0.6, -0.6, 0.5], [0.9, 0.6, 0.6]], [[0.6, -0.6, -0.4], [0.9, 0.6, -0.3]], [[0.6, 0.0, 0.6], [0.9, 0.1, 1.0]], [[0.6, -0.1, -0.4], [0.9, 0.0, 0.6]], [[0.6, 0.0, -1.0], [0.9, 0.1, -0.3]]]
start: [-0.57762000000000002, 1.7710300000000001, 1.7, 1.1156299999999999, -1.8072299999999999, -1.54481, -0.52193999999999996]
tajectories: [[-0.57762, 1.77103, 1.7, 1.11563, -1.80723, -1.54481, -0.52194], [-0.83768, 1.70016, 1.80243, 1.32132, -1.78642, -1.32669, -0.24528], [-1.09774, 1.62929, 1.90485, 1.52701, -1.76562, -1.10857, 0.03137], [-1.35781, 1.55842, 2.00728, 1.7327, -1.74481, -0.89045, 0.30802], [-1.61787, 1.48755, 2.10971, 1.93839, -1.724, -0.67234, 0.58467], [-1.87793, 1.41669, 2.21213, 2.14408, -1.7032, -0.45422, 0.86133], [-1.88974, 1.41347, 2.21678, 2.15341, -1.70225, -0.44431, 0.87389], [-1.5977, 1.19989, 2.29131, 2.11801, -1.37438, -0.50716, 0.84487], [-1.30567, 0.98632, 2.36583, 2.0826, -1.04651, -0.57, 0.81585], [-1.01363, 0.77274, 2.44036, 2.0472, -0.71863, -0.63284, 0.78683], [-0.72159, 0.55917, 2.51488, 2.01179, -0.39076, -0.69569, 0.75782], [-0.42955, 0.34559, 2.58941, 1.97639, -0.06289, -0.75853, 0.7288], [-0.3427, 0.28207, 2.61157, 1.96586, 0.03463, -0.77722, 0.72017], [-0.70065, 0.10884, 2.49293, 1.7601, 0.15037, -0.85371, 0.5929], [-1.05861, -0.06439, 2.37428, 1.55434, 0.26612, -0.9302, 0.46564], [-1.41657, -0.23763, 2.25563, 1.34858, 0.38186, -1.0067, 0.33838], [-1.77452, -0.41086, 2.13699, 1.14282, 0.4976, -1.08319, 0.21111], [-2.13248, -0.58409, 2.01834, 0.93705, 0.61335, -1.15968, 0.08385]]
end: [-2.33866, -0.68386999999999998, 1.95, 0.81854000000000005, 0.68001, -1.20374, 0.01055]
obtacles: [[[0.6, 0.5, -1.0], [0.9, 0.6, 1.0]], [[0.6, -0.6, -1.0], [0.9, -0.5, 1.0]], [[0.6, -0.6, 0.9], [0.9, 0.6, 1.0]], [[0.6, -0.6, -1.0], [0.9, 0.6, -0.9]], [[0.6, -0.6, 0.5], [0.9, 0.6, 0.6]], [[0.6, -0.6, -0.4], [0.9, 0.6, -0.3]], [[0.6, 0.0, 0.6], [0.9, 0.1, 1.0]], [[0.6, -0.1, -0.4], [0.9, 0.0, 0.6]], [[0.6, 0.0, -1.0], [0.9, 0.1, -0.3]]]
start: [-1.03098, 1.9224399999999999, 1.5, 1.8665, -1.9273899999999999, -1.5339400000000001, -0.84147000000000005]
tajectories: [[-1.03098, 1.92244, 1.5, 1.8665, -1.92739, -1.53394, -0.84147], [-1.21556, 1.51957, 1.4295, 1.81207, -2.13154, -1.47499, -0.81826], [-1.40014, 1.1167, 1.359, 1.75764, -2.33568, -1.41605, -0.79506], [-1.58472, 0.71382, 1.2885, 1.70321, -2.53983, -1.3571, -0.77185], [-1.7693, 0.31095, 1.21799, 1.64878, -2.74398, -1.29815, -0.74865], [-1.92658, -0.03232, 1.15792, 1.6024, -2.91792, -1.24793, -0.72888], [-1.82266, -0.20985, 0.98264, 1.47851, -2.8964, -0.91644, -0.50247], [-1.71875, -0.38738, 0.80735, 1.35462, -2.87489, -0.58494, -0.27606], [-1.61484, -0.56491, 0.63207, 1.23074, -2.85337, -0.25345, -0.04965], [-1.56867, -0.64378, 0.5542, 1.1757, -2.84381, -0.10619, 0.05093], [-1.48137, -0.72091, 0.61069, 1.03338, -2.82116, -0.02708, 0.50504], [-1.39406, -0.79803, 0.66717, 0.89105, -2.7985, 0.05202, 0.95915], [-1.30676, -0.87516, 0.72366, 0.74873, -2.77585, 0.13112, 1.41325], [-1.28744, -0.89223, 0.73616, 0.71723, -2.77084, 0.14863, 1.51376], [-1.53429, -0.86129, 1.01508, 0.65624, -2.70957, 0.31193, 1.78976], [-1.78114, -0.83034, 1.29399, 0.59525, -2.64831, 0.47522, 2.06576], [-2.02799, -0.7994, 1.5729, 0.53427, -2.58705, 0.63852, 2.34177], [-2.27484, -0.76846, 1.85181, 0.47328, -2.52579, 0.80181, 2.61777], [-2.52169, -0.73751, 2.13072, 0.41229, -2.46452, 0.96511, 2.89377]]
end: [-2.5830099999999998, -0.72982999999999998, 2.2000000000000002, 0.39713999999999999, -2.4493100000000001, 1.0056700000000001, 2.9623200000000001]
obtacles: [[[0.6, 0.5, -1.0], [0.9, 0.6, 1.0]], [[0.6, -0.6, -1.0], [0.9, -0.5, 1.0]], [[0.6, -0.6, 0.9], [0.9, 0.6, 1.0]], [[0.6, -0.6, -1.0], [0.9, 0.6, -0.9]], [[0.6, -0.6, 0.5], [0.9, 0.6, 0.6]], [[0.6, -0.6, -0.4], [0.9, 0.6, -0.3]], [[0.6, 0.0, 0.6], [0.9, 0.1, 1.0]], [[0.6, -0.1, -0.4], [0.9, 0.0, 0.6]], [[0.6, 0.0, -1.0], [0.9, 0.1, -0.3]]]
start: [-2.31847, -1.94642, 1.6000000000000001, 1.68181, -1.1943299999999999, 1.55715, -2.27996]
tajectories: [[-2.31847, -1.94642, 1.6, 1.68181, -1.19433, 1.55715, -2.27996], [-2.10059, -1.77363, 1.44131, 1.81838, -1.08871, 1.41763, -1.96656], [-1.88272, -1.60085, 1.28261, 1.95495, -0.98309, 1.2781, -1.65316], [-1.66485, -1.42807, 1.12392, 2.09153, -0.87746, 1.13858, -1.33976], [-1.44697, -1.25529, 0.96523, 2.2281, -0.77184, 0.99905, -1.02637], [-1.2291, -1.0825, 0.80654, 2.36467, -0.66622, 0.85953, -0.71297], [-1.01122, -0.90972, 0.64784, 2.50124, -0.56059, 0.72, -0.39957], [-0.91624, -0.8344, 0.57866, 2.56078, -0.51455, 0.65918, -0.26294], [-0.44591, -0.77987, 0.54415, 2.47652, -0.47837, 0.78414, -0.28741], [0.02442, -0.72534, 0.50965, 2.39226, -0.44219, 0.90911, -0.31188], [0.49475, -0.67081, 0.47514, 2.30799, -0.40602, 1.03408, -0.33634], [0.96508, -0.61628, 0.44063, 2.22373, -0.36984, 1.15904, -0.36081], [1.21411, -0.58741, 0.42236, 2.17912, -0.35069, 1.22521, -0.37377], [1.06234, -0.39757, 0.41897, 1.90905, -0.34034, 0.88189, -0.37591], [0.91057, -0.20773, 0.41558, 1.63899, -0.33, 0.53856, -0.37805], [0.75881, -0.0179, 0.4122, 1.36893, -0.31966, 0.19524, -0.38019], [0.60704, 0.17194, 0.40881, 1.09886, -0.30932, -0.14809, -0.38233], [0.45528, 0.36178, 0.40542, 0.8288, -0.29897, -0.49141, -0.38447], [0.30351, 0.55161, 0.40203, 0.55874, -0.28863, -0.83474, -0.38661]]
end: [0.21253, 0.66542000000000001, 0.40000000000000002, 0.39684000000000003, -0.28243000000000001, -1.0405599999999999, -0.38789000000000001]
obtacles: [[[0.6, 0.5, -1.0], [0.9, 0.6, 1.0]], [[0.6, -0.6, -1.0], [0.9, -0.5, 1.0]], [[0.6, -0.6, 0.9], [0.9, 0.6, 1.0]], [[0.6, -0.6, -1.0], [0.9, 0.6, -0.9]], [[0.6, -0.6, 0.5], [0.9, 0.6, 0.6]], [[0.6, -0.6, -0.4], [0.9, 0.6, -0.3]], [[0.6, 0.0, 0.6], [0.9, 0.1, 1.0]], [[0.6, -0.1, -0.4], [0.9, 0.0, 0.6]], [[0.6, 0.0, -1.0], [0.9, 0.1, -0.3]]]
start: [-2.0971099999999998, -1.7550399999999999, 1.55, 1.6336599999999999, -1.3881300000000001, 1.53888, -2.5572599999999999]
tajectories: [[-2.09711, -1.75504, 1.55, 1.63366, -1.38813, 1.53888, -2.55726], [-1.94433, -1.47173, 1.60703, 1.76865, -1.25189, 1.30729, -2.32765], [-1.79154, -1.18841, 1.66406, 1.90364, -1.11565, 1.0757, -2.09804], [-1.63875, -0.9051, 1.72109, 2.03863, -0.97941, 0.84412, -1.86843], [-1.48597, -0.62179, 1.77812, 2.17361, -0.84317, 0.61253, -1.63881], [-1.33318, -0.33848, 1.83515, 2.3086, -0.70692, 0.38094, -1.4092], [-1.29029, -0.25895, 1.85116, 2.3465, -0.66868, 0.31593, -1.34475], [-1.30411, -0.30126, 1.98236, 2.09711, -0.6675, 0.23701, -0.94178], [-1.31794, -0.34357, 2.11355, 1.84772, -0.66631, 0.15809, -0.53881], [-1.33177, -0.38588, 2.24474, 1.59833, -0.66513, 0.07917, -0.13584], [-1.34559, -0.42819, 2.37594, 1.34895, -0.66395, 0.00024, 0.26712], [-1.35942, -0.4705, 2.50713, 1.09956, -0.66277, -0.07868, 0.67009], [-1.36075, -0.47456, 2.51971, 1.07565, -0.66266, -0.08624, 0.70872], [-1.43875, -0.13237, 2.40977, 1.20218, -0.40346, -0.23173, 0.81058], [-1.51675, 0.20982, 2.29983, 1.3287, -0.14426, -0.37722, 0.91244], [-1.59475, 0.55201, 2.18989, 1.45523, 0.11494, -0.52271, 1.0143], [-1.67275, 0.8942, 2.07995, 1.58176, 0.37414, -0.6682, 1.11615], [-1.69426, 0.98861, 2.04962, 1.61666, 0.44565, -0.70833, 1.14426], [-1.50814, 0.95189, 1.94556, 1.39106, 0.12222, -0.75794, 0.93162], [-1.32201, 0.91518, 1.8415, 1.16546, -0.20122, -0.80754, 0.71899], [-1.13589, 0.87847, 1.73744, 0.93987, -0.52466, -0.85714, 0.50636], [-0.94976, 0.84176, 1.63337, 0.71427, -0.8481, -0.90675, 0.29373]]
end: [-0.80064000000000002, 0.81233999999999995, 1.55, 0.53351999999999999, -1.10724, -0.94649000000000005, 0.12336999999999999]
obtacles: [[[0.6, 0.5, -1.0], [0.9, 0.6, 1.0]], [[0.6, -0.6, -1.0], [0.9, -0.5, 1.0]], [[0.6, -0.6, 0.9], [0.9, 0.6, 1.0]], [[0.6, -0.6, -1.0], [0.9, 0.6, -0.9]], [[0.6, -0.6, 0.5], [0.9, 0.6, 0.6]], [[0.6, -0.6, -0.4], [0.9, 0.6, -0.3]], [[0.6, 0.0, 0.6], [0.9, 0.1, 1.0]], [[0.6, -0.1, -0.4], [0.9, 0.0, 0.6]], [[0.6, 0.0, -1.0], [0.9, 0.1, -0.3]]]
start: [-0.61219000000000001, 0.65663000000000005, 0.84999999999999998, 0.65610000000000002, -0.51924000000000003, -1.17902, 0.093350000000000002]
tajectories: [[-0.61219, 0.65663, 0.85, 0.6561, -0.51924, -1.17902, 0.09335], [-0.7827, 0.41349, 0.74573, 0.97692, -0.43897, -1.24845, 0.28505], [-0.95321, 0.17035, 0.64146, 1.29774, -0.3587, -1.31788, 0.47675], [-1.12371, -0.07279, 0.53719, 1.61856, -0.27843, -1.38731, 0.66845], [-1.29422, -0.31593, 0.43293, 1.93938, -0.19815, -1.45674, 0.86014], [-1.43583, -0.51787, 0.34633, 2.20583, -0.13149, -1.5144, 1.01936], [-1.25267, -0.47808, 0.01209, 2.26975, 0.06629, -1.28363, 1.10117], [-1.06951, -0.43828, -0.32215, 2.33366, 0.26407, -1.05285, 1.18297], [-0.88634, -0.39849, -0.65639, 2.39758, 0.46185, -0.82207, 1.26478], [-0.70318, -0.35869, -0.99062, 2.46149, 0.65963, -0.59129, 1.34659], [-0.52002, -0.3189, -1.32486, 2.5254, 0.85741, -0.36051, 1.4284], [-0.43459, -0.30033, -1.48075, 2.55521, 0.94966, -0.25288, 1.46656], [-0.23488, -0.2292, -1.28621, 2.52229, 0.84346, 0.01312, 1.17657], [-0.03517, -0.15808, -1.09166, 2.48937, 0.73726, 0.27912, 0.88659], [0.16454, -0.08695, -0.89711, 2.45645, 0.63107, 0.54512, 0.5966], [0.36424, -0.01582, -0.70256, 2.42353, 0.52487, 0.81112, 0.30661], [0.56395, 0.05531, -0.50802, 2.39061, 0.41867, 1.07712, 0.01663], [0.57959, 0.06088, -0.49278, 2.38803, 0.41035, 1.09795, -0.00608], [0.64923, 0.31434, -0.78896, 2.38902, 0.31103, 1.06156, -0.29244], [0.71887, 0.5678, -1.08513, 2.39001, 0.21171, 1.02517, -0.57879], [0.78851, 0.82126, -1.38131, 2.39099, 0.11238, 0.98878, -0.86515], [0.85815, 1.07472, -1.67748, 2.39198, 0.01306, 0.95239, -1.1515], [0.92779, 1.32817, -1.97366, 2.39296, -0.08627, 0.91601, -1.43786], [0.99742, 1.58163, -2.26984, 2.39395, -0.18559, 0.87962, -1.72421], [1.00175, 1.59738, -2.28823, 2.39401, -0.19176, 0.87736, -1.742], [0.92777, 1.71243, -2.01192, 2.25826, -0.48704, 1.09293, -1.79538], [0.85378, 1.82748, -1.7356, 2.12252, -0.78232, 1.3085, -1.84876], [0.7798, 1.94253, -1.45928, 1.98677, -1.0776, 1.52408, -1.90214]]
end: [0.76392000000000004, 1.96722, -1.3999999999999999, 1.9576499999999999, -1.1409400000000001, 1.5703199999999999, -1.9135899999999999]
obtacles: [[[0.6, 0.5, -1.0], [0.9, 0.6, 1.0]], [[0.6, -0.6, -1.0], [0.9, -0.5, 1.0]], [[0.6, -0.6, 0.9], [0.9, 0.6, 1.0]], [[0.6, -0.6, -1.0], [0.9, 0.6, -0.9]], [[0.6, -0.6, 0.5], [0.9, 0.6, 0.6]], [[0.6, -0.6, -0.4], [0.9, 0.6, -0.3]], [[0.6, 0.0, 0.6], [0.9, 0.1, 1.0]], [[0.6, -0.1, -0.4], [0.9, 0.0, 0.6]], [[0.6, 0.0, -1.0], [0.9, 0.1, -0.3]]]
start: [0.80793000000000004, 1.3608100000000001, -1.6499999999999999, 1.75118, -1.7917000000000001, 1.53206, -2.1856900000000001]
tajectories: [[0.80793, 1.36081, -1.65, 1.75118, -1.7917, 1.53206, -2.18569], [0.80418, 1.62425, -1.67247, 1.53121, -1.51412, 1.54837, -2.41888], [0.80043, 1.88768, -1.69495, 1.31125, -1.23653, 1.56468, -2.65207]]
end: [0.79959000000000002, 1.94693, -1.7, 1.2617799999999999, -1.1740999999999999, 1.5683499999999999, -2.70452]
obtacles: [[[0.6, 0.5, -1.0], [0.9, 0.6, 1.0]], [[0.6, -0.6, -1.0], [0.9, -0.5, 1.0]], [[0.6, -0.6, 0.9], [0.9, 0.6, 1.0]], [[0.6, -0.6, -1.0], [0.9, 0.6, -0.9]], [[0.6, -0.6, 0.5], [0.9, 0.6, 0.6]], [[0.6, -0.6, -0.4], [0.9, 0.6, -0.3]], [[0.6, 0.0, 0.6], [0.9, 0.1, 1.0]], [[0.6, -0.1, -0.4], [0.9, 0.0, 0.6]], [[0.6, 0.0, -1.0], [0.9, 0.1, -0.3]]]
start: [0.65637000000000001, 1.8146199999999999, -2.0, 0.56213000000000002, -1.0810599999999999, 1.55982, 2.9912100000000001]
tajectories: [[0.65637, 1.81462, -2.0, 0.56213, -1.08106, 1.55982, 2.99121], [0.70846, 1.80564, -2.05883, 0.78354, -0.96518, 1.28624, 2.66494], [0.76055, 1.79665, -2.11765, 1.00495, -0.84931, 1.01267, 2.33867], [0.81264, 1.78767, -2.17648, 1.22636, -0.73344, 0.73909, 2.0124], [0.86473, 1.77868, -2.23531, 1.44776, -0.61757, 0.46551, 1.68613], [0.91682, 1.7697, -2.29413, 1.66917, -0.5017, 0.19193, 1.35986], [0.96891, 1.76071, -2.35296, 1.89058, -0.38582, -0.08165, 1.03359], [0.9746, 1.75973, -2.35938, 1.91473, -0.37318, -0.11149, 0.99799], [1.01941, 1.7957, -2.35266, 2.13433, -0.22455, -0.44405, 0.74159], [1.06423, 1.83167, -2.34595, 2.35393, -0.07592, -0.7766, 0.48519], [1.10905, 1.86764, -2.33923, 2.57354, 0.07271, -1.10916, 0.22878], [1.12189, 1.87795, -2.33731, 2.63648, 0.11531, -1.20448, 0.15529], [1.03801, 1.45321, -2.16475, 2.55085, 0.25301, -1.22676, 0.23276], [0.95412, 1.02848, -1.9922, 2.46523, 0.39072, -1.24905, 0.31022], [0.87024, 0.60375, -1.81965, 2.3796, 0.52842, -1.27134, 0.38768], [0.78636, 0.17902, -1.6471, 2.29397, 0.66612, -1.29363, 0.46515], [0.74793, -0.01556, -1.56805, 2.25474, 0.72921, -1.30384, 0.50063], [0.58857, 0.13135, -1.35499, 1.86944, 0.65184, -1.26589, 0.45893], [0.42921, 0.27827, -1.14193, 1.48413, 0.57447, -1.22794, 0.41723], [0.26986, 0.42518, -0.92887, 1.09882, 0.4971, -1.18999, 0.37553], [0.1105, 0.57209, -0.71582, 0.71351, 0.41972, -1.15204, 0.33383]]
end: [0.061269999999999998, 0.61748000000000003, -0.65000000000000002, 0.59448000000000001, 0.39582000000000001, -1.1403099999999999, 0.32095000000000001]
obtacles: [[[0.6, 0.5, -1.0], [0.9, 0.6, 1.0]], [[0.6, -0.6, -1.0], [0.9, -0.5, 1.0]], [[0.6, -0.6, 0.9], [0.9, 0.6, 1.0]], [[0.6, -0.6, -1.0], [0.9, 0.6, -0.9]], [[0.6, -0.6, 0.5], [0.9, 0.6, 0.6]], [[0.6, -0.6, -0.4], [0.9, 0.6, -0.3]], [[0.6, 0.0, 0.6], [0.9, 0.1, 1.0]], [[0.6, -0.1, -0.4], [0.9, 0.0, 0.6]], [[0.6, 0.0, -1.0], [0.9, 0.1, -0.3]]]
start: [0.23472999999999999, 1.9229400000000001, -0.65000000000000002, -0.79991999999999996, 0.63680999999999999, -1.27064, -0.70643999999999996]
tajectories: [[0.23473, 1.92294, -0.65, -0.79992, 0.63681, -1.27064, -0.70644], [0.22566, 1.86384, -0.49187, -0.65578, 0.35129, -0.95299, -0.84144], [0.21659, 1.80474, -0.33374, -0.51164, 0.06577, -0.63535, -0.97643], [0.20753, 1.74564, -0.17561, -0.36751, -0.21975, -0.3177, -1.11143], [0.19846, 1.68654, -0.01749, -0.22337, -0.50527, -5e-05, -1.24642], [0.18939, 1.62744, 0.14064, -0.07923, -0.79079, 0.31759, -1.38141], [0.18033, 1.56834, 0.29877, 0.0649, -1.07632, 0.63524, -1.51641], [0.17126, 1.50924, 0.4569, 0.20904, -1.36184, 0.95288, -1.6514], [0.16219, 1.45015, 0.61503, 0.35318, -1.64736, 1.27053, -1.7864], [0.15696, 1.41604, 0.70628, 0.43635, -1.81212, 1.45383, -1.8643], [0.16492, 1.33182, 0.65945, 0.67943, -2.20678, 1.46479, -1.70403], [0.17287, 1.24759, 0.61263, 0.92252, -2.60143, 1.47574, -1.54376], [0.18083, 1.16336, 0.56581, 1.1656, -2.99609, 1.4867, -1.38349], [0.18878, 1.07914, 0.51899, 1.40868, -3.39075, 1.49766, -1.22322], [0.19674, 0.99491, 0.47217, 1.65177, -3.78541, 1.50862, -1.06295], [0.2047, 0.91069, 0.42535, 1.89485, -4.18007, 1.51958, -0.90269], [0.21265, 0.82646, 0.37853, 2.13793, -4.57472, 1.53054, -0.74242], [0.21514, 0.80013, 0.36389, 2.21391, -4.69808, 1.53396, -0.69232], [0.29034, 0.63973, 0.10285, 2.26506, -4.60708, 1.33352, -0.37705], [0.36553, 0.47933, -0.15819, 2.3162, -4.51609, 1.13307, -0.06177], [0.44073, 0.31893, -0.41924, 2.36735, -4.4251, 0.93263, 0.25351], [0.51593, 0.15854, -0.68028, 2.4185, -4.3341, 0.73219, 0.56879], [0.59113, -0.00186, -0.94132, 2.46964, -4.24311, 0.53174, 0.88407], [0.66632, -0.16226, -1.20236, 2.52079, -4.15212, 0.3313, 1.19935], [0.74152, -0.32266, -1.46341, 2.57194, -4.06112, 0.13086, 1.51463], [0.75514, -0.35172, -1.51069, 2.5812, -4.04464, 0.09455, 1.57174], [0.69906, -0.34375, -1.673, 2.54763, -3.67295, -0.1516, 1.71518], [0.64298, -0.33578, -1.83531, 2.51406, -3.30126, -0.39776, 1.85863], [0.5869, -0.32782, -1.99761, 2.4805, -2.92957, -0.64391, 2.00208], [0.53082, -0.31985, -2.15992, 2.44693, -2.55789, -0.89006, 2.14553], [0.47474, -0.31188, -2.32223, 2.41336, -2.1862, -1.13622, 2.28897], [0.41866, -0.30391, -2.48453, 2.37979, -1.81451, -1.38237, 2.43242], [0.38253, -0.29878, -2.58911, 2.35816, -1.57502, -1.54097, 2.52485], [0.31551, -0.18204, -2.3499, 2.13427, -1.32924, -1.4892, 2.27697], [0.24849, -0.06531, -2.11069, 1.91039, -1.08346, -1.43742, 2.02909], [0.18147, 0.05143, -1.87147, 1.6865, -0.83768, -1.38565, 1.78121], [0.11445, 0.16816, -1.63226, 1.46261, -0.5919, -1.33388, 1.53333], [0.04743, 0.2849, -1.39305, 1.23872, -0.34612, -1.2821, 1.28546], [-0.01959, 0.40163, -1.15383, 1.01483, -0.10034, -1.23033, 1.03758], [-0.08661, 0.51837, -0.91462, 0.79094, 0.14543, -1.17856, 0.7897], [-0.15363, 0.63511, -0.67541, 0.56705, 0.39121, -1.12678, 0.54182]]
end: [-0.16075, 0.64751000000000003, -0.65000000000000002, 0.54327000000000003, 0.41732000000000002, -1.1212800000000001, 0.51549]
obtacles: [[[0.6, 0.5, -1.0], [0.9, 0.6, 1.0]], [[0.6, -0.6, -1.0], [0.9, -0.5, 1.0]], [[0.6, -0.6, 0.9], [0.9, 0.6, 1.0]], [[0.6, -0.6, -1.0], [0.9, 0.6, -0.9]], [[0.6, -0.6, 0.5], [0.9, 0.6, 0.6]], [[0.6, -0.6, -0.4], [0.9, 0.6, -0.3]], [[0.6, 0.0, 0.6], [0.9, 0.1, 1.0]], [[0.6, -0.1, -0.4], [0.9, 0.0, 0.6]], [[0.6, 0.0, -1.0], [0.9, 0.1, -0.3]]]
start: [1.13622, 1.4762200000000001, -1.6000000000000001, 1.68238, -1.66805, 1.5524199999999999, -2.5931600000000001]
tajectories: [[1.13622, 1.47622, -1.6, 1.68238, -1.66805, 1.55242, -2.59316], [1.3507, 1.2286, -1.51712, 1.87231, -1.5078, 1.32121, -2.44961], [1.56517, 0.98098, -1.43424, 2.06224, -1.34756, 1.09, -2.30607], [1.77964, 0.73336, -1.35136, 2.25217, -1.18731, 0.85879, -2.16252], [1.99412, 0.48574, -1.26848, 2.4421, -1.02707, 0.62758, -2.01898], [2.20859, 0.23812, -1.1856, 2.63203, -0.86682, 0.39636, -1.87543], [2.27029, 0.16688, -1.16176, 2.68667, -0.82072, 0.32984, -1.83414], [2.09471, -0.08607, -1.48562, 2.74033, -0.60547, 0.30498, -1.85584], [1.91913, -0.33903, -1.80948, 2.79398, -0.39022, 0.28011, -1.87754], [1.74354, -0.59198, -2.13334, 2.84764, -0.17497, 0.25525, -1.89924], [1.56796, -0.84493, -2.4572, 2.90129, 0.04028, 0.23038, -1.92094], [1.49113, -0.95562, -2.59892, 2.92477, 0.13447, 0.2195, -1.93044], [1.57361, -1.07172, -2.44837, 2.70542, -0.12034, 0.00741, -1.70902], [1.6561, -1.18781, -2.29781, 2.48608, -0.37515, -0.20468, -1.4876], [1.73859, -1.30391, -2.14726, 2.26673, -0.62996, -0.41677, -1.26617], [1.82107, -1.42, -1.99671, 2.04738, -0.88477, -0.62886, -1.04475], [1.90356, -1.5361, -1.84616, 1.82804, -1.13958, -0.84095, -0.82333], [1.98604, -1.65219, -1.6956, 1.60869, -1.39439, -1.05303, -0.6019], [2.06853, -1.76829, -1.54505, 1.38934, -1.64921, -1.26512, -0.38048], [2.15102, -1.88439, -1.3945, 1.16999, -1.90402, -1.47721, -0.15906]]
end: [2.1753900000000002, -1.9187000000000001, -1.3500000000000001, 1.10517, -1.97933, -1.5399, -0.093609999999999999]
obtacles: [[[0.6, 0.5, -1.0], [0.9, 0.6, 1.0]], [[0.6, -0.6, -1.0], [0.9, -0.5, 1.0]], [[0.6, -0.6, 0.9], [0.9, 0.6, 1.0]], [[0.6, -0.6, -1.0], [0.9, 0.6, -0.9]], [[0.6, -0.6, 0.5], [0.9, 0.6, 0.6]], [[0.6, -0.6, -0.4], [0.9, 0.6, -0.3]], [[0.6, 0.0, 0.6], [0.9, 0.1, 1.0]], [[0.6, -0.1, -0.4], [0.9, 0.0, 0.6]], [[0.6, 0.0, -1.0], [0.9, 0.1, -0.3]]]
start: [2.2023999999999999, -1.85164, -1.6000000000000001, 1.7538899999999999, -1.8522099999999999, -1.54792, -0.81559000000000004]
tajectories: [[2.2024, -1.85164, -1.6, 1.75389, -1.85221, -1.54792, -0.81559], [1.98179, -1.65607, -1.40554, 1.94558, -1.63673, -1.4987, -1.01474], [1.76117, -1.4605, -1.21108, 2.13727, -1.42124, -1.44948, -1.2139], [1.54055, -1.26494, -1.01663, 2.32897, -1.20576, -1.40026, -1.41305], [1.31993, -1.06937, -0.82217, 2.52066, -0.99027, -1.35104, -1.61221], [1.09931, -0.8738, -0.62771, 2.71236, -0.77479, -1.30182, -1.81137], [0.95828, -0.74879, -0.50341, 2.83489, -0.63705, -1.27036, -1.93867], [1.02886, -0.51768, -0.46497, 2.46711, -0.68359, -1.35981, -1.72724], [1.09943, -0.28658, -0.42654, 2.09933, -0.73013, -1.44926, -1.51581], [1.17, -0.05548, -0.3881, 1.73154, -0.77667, -1.53871, -1.30438], [1.18768, 0.00242, -0.37847, 1.6394, -0.78833, -1.56111, -1.25141], [1.08574, 0.13779, -0.53116, 1.47349, -0.49485, -1.49418, -0.96887], [0.98379, 0.27316, -0.68385, 1.30759, -0.20137, -1.42725, -0.68632], [0.88185, 0.40853, -0.83655, 1.14168, 0.09211, -1.36032, -0.40378], [0.7799, 0.5439, -0.98924, 0.97577, 0.38559, -1.29339, -0.12124]]
end: [0.70594999999999997, 0.6421, -1.1000000000000001, 0.85543000000000002, 0.59848000000000001, -1.2448399999999999, 0.083720000000000003]
obtacles: [[[0.6, 0.5, -1.0], [0.9, 0.6, 1.0]], [[0.6, -0.6, -1.0], [0.9, -0.5, 1.0]], [[0.6, -0.6, 0.9], [0.9, 0.6, 1.0]], [[0.6, -0.6, -1.0], [0.9, 0.6, -0.9]], [[0.6, -0.6, 0.5], [0.9, 0.6, 0.6]], [[0.6, -0.6, -0.4], [0.9, 0.6, -0.3]], [[0.6, 0.0, 0.6], [0.9, 0.1, 1.0]], [[0.6, -0.1, -0.4], [0.9, 0.0, 0.6]], [[0.6, 0.0, -1.0], [0.9, 0.1, -0.3]]]
start: [0.71384999999999998, 1.6131599999999999, -1.6000000000000001, 1.94438, -1.5419799999999999, 1.52817, -1.9123000000000001]
tajectories: [[0.71385, 1.61316, -1.6, 1.94438, -1.54198, 1.52817, -1.9123], [0.7897, 1.79107, -1.62645, 1.69408, -1.35364, 1.53145, -2.24958]]
end: [0.85721999999999998, 1.94946, -1.6499999999999999, 1.4712700000000001, -1.18597, 1.53437, -2.54983]
obtacles: [[[0.6, 0.5, -1.0], [0.9, 0.6, 1.0]], [[0.6, -0.6, -1.0], [0.9, -0.5, 1.0]], [[0.6, -0.6, 0.9], [0.9, 0.6, 1.0]], [[0.6, -0.6, -1.0], [0.9, 0.6, -0.9]], [[0.6, -0.6, 0.5], [0.9, 0.6, 0.6]], [[0.6, -0.6, -0.4], [0.9, 0.6, -0.3]], [[0.6, 0.0, 0.6], [0.9, 0.1, 1.0]], [[0.6, -0.1, -0.4], [0.9, 0.0, 0.6]], [[0.6, 0.0, -1.0], [0.9, 0.1, -0.3]]]
start: [0.71819, 1.83294, -1.6000000000000001, 1.4775100000000001, -1.3070999999999999, 1.5668599999999999, -2.3866499999999999]
tajectories: [[0.71819, 1.83294, -1.6, 1.47751, -1.3071, 1.56686, -2.38665], [0.91711, 1.85391, -1.71243, 1.77554, -1.37435, 1.44901, -2.08646], [1.11603, 1.87488, -1.82487, 2.07358, -1.4416, 1.33116, -1.78627], [1.31495, 1.89584, -1.9373, 2.37161, -1.50885, 1.21331, -1.48608], [1.51387, 1.91681, -2.04974, 2.66965, -1.5761, 1.09546, -1.1859], [1.71279, 1.93778, -2.16217, 2.96768, -1.64335, 0.97761, -0.88571], [1.74454, 1.94113, -2.18012, 3.01525, -1.65409, 0.9588, -0.8378], [1.61186, 1.64828, -1.97684, 2.93802, -1.88064, 0.86935, -1.03786], [1.47919, 1.35543, -1.77356, 2.86078, -2.10718, 0.7799, -1.23792], [1.34651, 1.06259, -1.57028, 2.78355, -2.33373, 0.69044, -1.43798], [1.21384, 0.76974, -1.367, 2.70631, -2.56028, 0.60099, -1.63804], [1.08116, 0.47689, -1.16373, 2.62908, -2.78683, 0.51154, -1.83811], [0.94848, 0.18405, -0.96045, 2.55184, -3.01337, 0.42208, -2.03817], [0.81581, -0.1088, -0.75717, 2.47461, -3.23992, 0.33263, -2.23823], [0.77149, -0.20662, -0.68927, 2.44881, -3.3156, 0.30275, -2.30506], [0.73466, -0.39817, -0.5782, 2.17599, -3.25182, -0.00452, -2.14165], [0.69784, -0.58972, -0.46714, 1.90316, -3.18805, -0.31179, -1.97823], [0.66101, -0.78127, -0.35607, 1.63034, -3.12428, -0.61906, -1.81482], [0.62419, -0.97282, -0.24501, 1.35752, -3.06051, -0.92632, -1.6514], [0.58736, -1.16437, -0.13394, 1.0847, -2.99673, -1.23359, -1.48799], [0.57722, -1.21712, -0.10335, 1.00956, -2.97917, -1.31821, -1.44298], [0.84057, -1.15038, -0.32308, 0.97891, -2.67588, -1.2803, -1.25982], [1.10393, -1.08364, -0.5428, 0.94825, -2.37258, -1.24238, -1.07667], [1.36728, -1.0169, -0.76252, 0.91759, -2.06928, -1.20446, -0.89351], [1.63063, -0.95016, -0.98225, 0.88693, -1.76599, -1.16655, -0.71035], [1.89399, -0.88342, -1.20197, 0.85627, -1.46269, -1.12863, -0.52719], [2.15734, -0.81668, -1.42169, 0.82562, -1.1594, -1.09071, -0.34404]]
end: [2.3710499999999999, -0.76251999999999998, -1.6000000000000001, 0.80074000000000001, -0.91327000000000003, -1.0599400000000001, -0.19539999999999999]
obtacles: [[[0.6, 0.5, -1.0], [0.9, 0.6, 1.0]], [[0.6, -0.6, -1.0], [0.9, -0.5, 1.0]], [[0.6, -0.6, 0.9], [0.9, 0.6, 1.0]], [[0.6, -0.6, -1.0], [0.9, 0.6, -0.9]], [[0.6, -0.6, 0.5], [0.9, 0.6, 0.6]], [[0.6, -0.6, -0.4], [0.9, 0.6, -0.3]], [[0.6, 0.0, 0.6], [0.9, 0.1, 1.0]], [[0.6, -0.1, -0.4], [0.9, 0.0, 0.6]], [[0.6, 0.0, -1.0], [0.9, 0.1, -0.3]]]
start: [0.76734000000000002, 1.9338900000000001, -1.7, 1.40263, -1.1907399999999999, 1.51146, -2.5414699999999999]
tajectories: [[0.76734, 1.93389, -1.7, 1.40263, -1.19074, 1.51146, -2.54147], [1.03509, 1.82891, -1.47613, 1.63416, -1.04007, 1.46994, -2.34362], [1.30283, 1.72392, -1.25226, 1.86569, -0.8894, 1.42843, -2.14577], [1.57058, 1.61894, -1.0284, 2.09721, -0.73873, 1.38691, -1.94792], [1.83833, 1.51395, -0.80453, 2.32874, -0.58806, 1.3454, -1.75007], [2.10607, 1.40897, -0.58066, 2.56027, -0.43739, 1.30388, -1.55223], [2.16116, 1.38737, -0.5346, 2.6079, -0.4064, 1.29534, -1.51152], [2.23136, 1.2082, -0.51986, 2.55817, -0.42995, 0.9398, -1.22288], [2.30157, 1.02903, -0.50512, 2.50843, -0.4535, 0.58426, -0.93423], [2.37178, 0.84987, -0.49038, 2.45869, -0.47706, 0.22872, -0.64559], [2.43353, 0.69228, -0.47742, 2.41495, -0.49777, -0.08399, -0.39172], [2.14793, 0.43537, -0.55262, 2.19432, -0.60451, -0.11334, -0.20239], [1.86234, 0.17846, -0.62782, 1.97369, -0.71125, -0.14269, -0.01307], [1.57675, -0.07845, -0.70302, 1.75305, -0.818, -0.17204, 0.17626], [1.29116, -0.33536, -0.77822, 1.53242, -0.92474, -0.20139, 0.36559], [1.19807, -0.4191, -0.80273, 1.46051, -0.95953, -0.21096, 0.4273], [1.50511, -0.50204, -1.02781, 1.26672, -0.94545, -0.41793, 0.29464], [1.81215, -0.58499, -1.25289, 1.07293, -0.93136, -0.6249, 0.16199], [2.1192, -0.66793, -1.47797, 0.87914, -0.91728, -0.83186, 0.02933]]
end: [2.4220799999999998, -0.74975000000000003, -1.7, 0.68796999999999997, -0.90339000000000003, -1.03603, -0.10153]
