obtacles: [[[0.6, 0.5, -1.0], [0.9, 0.6, 1.0]], [[0.6, -0.6, -1.0], [0.9, -0.5, 1.0]], [[0.6, -0.6, 0.9], [0.9, 0.6, 1.0]], [[0.6, -0.6, -1.0], [0.9, 0.6, -0.9]], [[0.6, -0.6, 0.5], [0.9, 0.6, 0.6]], [[0.6, -0.6, -0.4], [0.9, 0.6, -0.3]], [[0.6, -0.3, 0.6], [0.9, -0.2, 1.0]], [[0.6, -0.2, -0.4], [0.9, -0.1, 0.6]], [[0.6, -0.2, -1.0], [0.9, -0.1, -0.3]]]
start: [0.65436000000000005, 1.4008799999999999, -1.6000000000000001, 1.6507499999999999, -1.74251, 1.5556099999999999, -2.14141]
tajectories: [[0.65436, 1.40088, -1.6, 1.65075, -1.74251, 1.55561, -2.14141], [1.04744, 1.4412, -1.6, 1.7634, -1.70356, 1.56664, -2.42343]]
end: [1.0901099999999999, 1.4455800000000001, -1.6000000000000001, 1.77563, -1.69933, 1.5678399999999999, -2.4540500000000001]
obtacles: [[[0.6, 0.5, -1.0], [0.9, 0.6, 1.0]], [[0.6, -0.6, -1.0], [0.9, -0.5, 1.0]], [[0.6, -0.6, 0.9], [0.9, 0.6, 1.0]], [[0.6, -0.6, -1.0], [0.9, 0.6, -0.9]], [[0.6, -0.6, 0.5], [0.9, 0.6, 0.6]], [[0.6, -0.6, -0.4], [0.9, 0.6, -0.3]], [[0.6, -0.3, 0.6], [0.9, -0.2, 1.0]], [[0.6, -0.2, -0.4], [0.9, -0.1, 0.6]], [[0.6, -0.2, -1.0], [0.9, -0.1, -0.3]]]
start: [2.0850399999999998, -1.7903199999999999, -1.5, 1.3461000000000001, -1.80053, -1.5520099999999999, -0.27956999999999999]
tajectories: [[2.08504, -1.79032, -1.5, 1.3461, -1.80053, -1.55201, -0.27957], [2.05983, -1.63601, -1.66077, 1.5437, -1.41753, -1.46442, -0.35897], [2.03463, -1.48169, -1.82153, 1.7413, -1.03454, -1.37683, -0.43836], [2.00942, -1.32738, -1.9823, 1.9389, -0.65154, -1.28924, -0.51776], [1.98421, -1.17307, -2.14306, 2.13651, -0.26855, -1.20166, -0.59715], [1.97363, -1.10826, -2.21058, 2.2195, -0.10769, -1.16487, -0.6305], [1.84011, -0.82822, -2.20901, 2.22581, -0.10986, -0.88387, -0.90389], [1.70659, -0.54817, -2.20743, 2.23211, -0.11203, -0.60287, -1.17727], [1.57307, -0.26813, -2.20586, 2.23842, -0.1142, -0.32186, -1.45066], [1.4737, -0.0597, -2.20469, 2.24312, -0.11582, -0.11271, -1.65414], [1.47652, 0.1965, -2.16649, 2.40969, 0.0315, 0.05417, -1.97911], [1.47935, 0.45269, -2.12829, 2.57626, 0.17881, 0.22105, -2.30407], [1.47972, 0.48592, -2.12333, 2.59786, 0.19791, 0.24269, -2.34621], [1.42786, 0.64736, -1.95958, 2.5726, -0.10894, 0.55831, -2.3419], [1.376, 0.80881, -1.79583, 2.54733, -0.4158, 0.87393, -2.33759], [1.32415, 0.97025, -1.63208, 2.52207, -0.72265, 1.18955, -2.33328], [1.29149, 1.07193, -1.52896, 2.50616, -0.9159, 1.38831, -2.33057], [1.2313, 1.22157, -1.5536, 2.14251, -1.16507, 1.43891, -2.49331], [1.17112, 1.37121, -1.57823, 1.77886, -1.41425, 1.48952, -2.65606]]
end: [1.1179300000000001, 1.50345, -1.6000000000000001, 1.45749, -1.63445, 1.53423, -2.7998799999999999]
obtacles: [[[0.6, 0.5, -1.0], [0.9, 0.6, 1.0]], [[0.6, -0.6, -1.0], [0.9, -0.5, 1.0]], [[0.6, -0.6, 0.9], [0.9, 0.6, 1.0]], [[0.6, -0.6, -1.0], [0.9, 0.6, -0.9]], [[0.6, -0.6, 0.5], [0.9, 0.6, 0.6]], [[0.6, -0.6, -0.4], [0.9, 0.6, -0.3]], [[0.6, -0.3, 0.6], [0.9, -0.2, 1.0]], [[0.6, -0.2, -0.4], [0.9, -0.1, 0.6]], [[0.6, -0.2, -1.0], [0.9, -0.1, -0.3]]]
start: [0.49842999999999998, 1.7291399999999999, -1.6000000000000001, 1.6661600000000001, -1.41581, 1.5270600000000001, -1.9795799999999999]
tajectories: [[0.49843, 1.72914, -1.6, 1.66616, -1.41581, 1.52706, -1.97958], [0.68092, 1.52716, -1.47381, 1.799, -1.63782, 1.22216, -1.97121], [0.86341, 1.32517, -1.34761, 1.93184, -1.85983, 0.91725, -1.96285], [1.0459, 1.12319, -1.22142, 2.06468, -2.08184, 0.61234, -1.95449], [1.22839, 0.9212, -1.09522, 2.19752, -2.30386, 0.30743, -1.94613], [1.31192, 0.82874, -1.03746, 2.25832, -2.40549, 0.16786, -1.9423], [1.2121, 0.54585, -1.0834, 2.34145, -2.12229, 0.12405, -1.67988], [1.11228, 0.26295, -1.12934, 2.42458, -1.8391, 0.08024, -1.41746], [1.01558, -0.01112, -1.17385, 2.50511, -1.56473, 0.03781, -1.16322], [1.21738, -0.25593, -1.38055, 2.34701, -1.64083, -0.15475, -0.96635], [1.41918, -0.50074, -1.58725, 2.18891, -1.71694, -0.34731, -0.76948], [1.45749, -0.54722, -1.62649, 2.1589, -1.73138, -0.38387, -0.7321], [1.47481, -0.90706, -1.60385, 2.13313, -1.88088, -0.68561, -0.657], [1.49213, -1.2669, -1.58121, 2.10736, -2.03037, -0.98735, -0.58189], [1.5036, -1.5053, -1.56621, 2.09029, -2.12941, -1.18725, -0.53213], [1.81276, -1.56038, -1.55756, 1.93158, -1.84876, -1.37653, -0.63955]]
end: [2.0833599999999999, -1.60859, -1.55, 1.7926599999999999, -1.6031, -1.5422100000000001, -0.73358000000000001]
obtacles: [[[0.6, 0.5, -1.0], [0.9, 0.6, 1.0]], [[0.6, -0.6, -1.0], [0.9, -0.5, 1.0]], [[0.6, -0.6, 0.9], [0.9, 0.6, 1.0]], [[0.6, -0.6, -1.0], [0.9, 0.6, -0.9]], [[0.6, -0.6, 0.5], [0.9, 0.6, 0.6]], [[0.6, -0.6, -0.4], [0.9, 0.6, -0.3]], [[0.6, -0.3, 0.6], [0.9, -0.2, 1.0]], [[0.6, -0.2, -0.4], [0.9, -0.1, 0.6]], [[0.6, -0.2, -1.0], [0.9, -0.1, -0.3]]]
start: [0.47606999999999999, 1.8468199999999999, -1.7, 1.20255, -1.26722, 1.55325, -2.4357700000000002]
tajectories: [[0.47607, 1.84682, -1.7, 1.20255, -1.26722, 1.55325, -2.43577], [0.64731, 1.53173, -1.7, 1.31187, -1.58342, 1.4604, -2.46465]]
end: [0.75344999999999995, 1.33643, -1.7, 1.37964, -1.7794099999999999, 1.4028499999999999, -2.4825499999999998]
obtacles: [[[0.6, 0.5, -1.0], [0.9, 0.6, 1.0]], [[0.6, -0.6, -1.0], [0.9, -0.5, 1.0]], [[0.6, -0.6, 0.9], [0.9, 0.6, 1.0]], [[0.6, -0.6, -1.0], [0.9, 0.6, -0.9]], [[0.6, -0.6, 0.5], [0.9, 0.6, 0.6]], [[0.6, -0.6, -0.4], [0.9, 0.6, -0.3]], [[0.6, -0.3, 0.6], [0.9, -0.2, 1.0]], [[0.6, -0.2, -0.4], [0.9, -0.1, 0.6]], [[0.6, -0.2, -1.0], [0.9, -0.1, -0.3]]]
start: [1.01376, 1.9416599999999999, -1.55, 1.8131600000000001, -1.2054100000000001, 1.50258, -2.3509000000000002]
tajectories: [[1.01376, 1.94166, -1.55, 1.81316, -1.20541, 1.50258, -2.3509], [1.2891, 1.73442, -1.60701, 2.01713, -1.39627, 1.48009, -2.12854], [1.56445, 1.52717, -1.66403, 2.2211, -1.58714, 1.4576, -1.90618], [1.8398, 1.31993, -1.72104, 2.42506, -1.778, 1.43511, -1.68382], [2.11515, 1.11268, -1.77805, 2.62903, -1.96887, 1.41263, -1.46146], [2.39049, 0.90544, -1.83506, 2.833, -2.15973, 1.39014, -1.23909], [2.58821, 0.75662, -1.876, 2.97947, -2.29679, 1.37399, -1.07942], [2.43525, 0.62755, -1.68698, 2.72393, -2.49375, 1.32632, -1.33991], [2.28229, 0.49847, -1.49797, 2.4684, -2.69071, 1.27865, -1.60039], [2.12933, 0.3694, -1.30895, 2.21286, -2.88767, 1.23098, -1.86087], [1.97637, 0.24032, -1.11993, 1.95733, -3.08463, 1.18332, -2.12135], [1.82342, 0.11124, -0.93091, 1.7018, -3.28159, 1.13565, -2.38184], [1.77285, 0.06858, -0.86843, 1.61732, -3.3467, 1.11989, -2.46794], [1.35901, 0.19199, -0.83871, 1.43024, -3.19907, 1.17031, -2.52525], [0.94516, 0.31541, -0.809, 1.24316, -3.05145, 1.22072, -2.58256], [0.53132, 0.43882, -0.77929, 1.05608, -2.90382, 1.27114, -2.63987]]
end: [0.12339, 0.56047999999999998, -0.75, 0.87168000000000001, -2.7583000000000002, 1.3208299999999999, -2.6963599999999999]
obtacles: [[[0.6, 0.5, -1.0], [0.9, 0.6, 1.0]], [[0.6, -0.6, -1.0], [0.9, -0.5, 1.0]], [[0.6, -0.6, 0.9], [0.9, 0.6, 1.0]], [[0.6, -0.6, -1.0], [0.9, 0.6, -0.9]], [[0.6, -0.6, 0.5], [0.9, 0.6, 0.6]], [[0.6, -0.6, -0.4], [0.9, 0.6, -0.3]], [[0.6, -0.3, 0.6], [0.9, -0.2, 1.0]], [[0.6, -0.2, -0.4], [0.9, -0.1, 0.6]], [[0.6, -0.2, -1.0], [0.9, -0.1, -0.3]]]
start: [1.05169, 1.94184, -1.55, 1.7206699999999999, -4.3423699999999998, -1.5358099999999999, 0.66634000000000004]
tajectories: [[1.05169, 1.94184, -1.55, 1.72067, -4.34237, -1.53581, 0.66634], [1.12925, 1.68832, -1.47151, 1.76572, -3.9375, -1.49604, 0.5887], [1.20681, 1.4348, -1.39303, 1.81077, -3.53264, -1.45627, 0.51106], [1.28438, 1.18128, -1.31454, 1.85582, -3.12778, -1.4165, 0.43343], [1.36194, 0.92776, -1.23605, 1.90087, -2.72292, -1.37673, 0.35579], [1.4395, 0.67424, -1.15757, 1.94592, -2.31806, -1.33695, 0.27815], [1.51706, 0.42073, -1.07908, 1.99097, -1.91319, -1.29718, 0.20051], [1.59403, 0.16914, -1.00119, 2.03567, -1.51142, -1.25772, 0.12347], [1.73318, 0.22424, -1.06716, 1.93125, -1.50952, -0.80694, 0.02786], [1.87233, 0.27934, -1.13312, 1.82684, -1.50762, -0.35616, -0.06775], [2.01148, 0.33443, -1.19909, 1.72242, -1.50571, 0.09462, -0.16336], [2.15063, 0.38953, -1.26505, 1.618, -1.50381, 0.5454, -0.25897], [2.28978, 0.44463, -1.33102, 1.51358, -1.50191, 0.99618, -0.35458], [2.42487, 0.49811, -1.39506, 1.41221, -1.50006, 1.4338, -0.4474], [2.12089, 0.53013, -1.42112, 1.34681, -1.64809, 1.38934, -0.80478], [1.81691, 0.56215, -1.44718, 1.2814, -1.79611, 1.34487, -1.16216], [1.51293, 0.59417, -1.47325, 1.21599, -1.94414, 1.3004, -1.51955], [1.20894, 0.62618, -1.49931, 1.15059, -2.09216, 1.25594, -1.87693], [0.90496, 0.6582, -1.52537, 1.08518, -2.24019, 1.21147, -2.23432]]
end: [0.61773999999999996, 0.68845000000000001, -1.55, 1.02338, -2.3800500000000002, 1.1694599999999999, -2.57199]
obtacles: [[[0.6, 0.5, -1.0], [0.9, 0.6, 1.0]], [[0.6, -0.6, -1.0], [0.9, -0.5, 1.0]], [[0.6, -0.6, 0.9], [0.9, 0.6, 1.0]], [[0.6, -0.6, -1.0], [0.9, 0.6, -0.9]], [[0.6, -0.6, 0.5], [0.9, 0.6, 0.6]], [[0.6, -0.6, -0.4], [0.9, 0.6, -0.3]], [[0.6, -0.3, 0.6], [0.9, -0.2, 1.0]], [[0.6, -0.2, -0.4], [0.9, -0.1, 0.6]], [[0.6, -0.2, -1.0], [0.9, -0.1, -0.3]]]
start: [2.2598600000000002, -1.66638, -1.55, 1.53559, -1.6670700000000001, -1.5534699999999999, -0.65203]
tajectories: [[2.25986, -1.66638, -1.55, 1.53559, -1.66707, -1.55347, -0.65203], [2.0629, -1.70576, -1.58163, 1.73193, -1.41961, -1.44999, -0.33871], [1.86595, -1.74513, -1.61326, 1.92827, -1.17214, -1.34652, -0.0254], [1.66899, -1.78451, -1.64489, 2.1246, -0.92468, -1.24305, 0.28792], [1.47204, -1.82389, -1.67651, 2.32094, -0.67722, -1.13957, 0.60123], [1.27508, -1.86326, -1.70814, 2.51728, -0.42976, -1.0361, 0.91454], [1.07813, -1.90264, -1.73977, 2.71362, -0.1823, -0.93263, 1.22786], [1.03989, -1.91028, -1.74591, 2.75173, -0.13426, -0.91254, 1.28869], [0.93335, -1.72598, -1.50561, 2.5836, 0.0555, -0.66375, 1.14459], [0.82681, -1.54167, -1.26531, 2.41547, 0.24525, -0.41495, 1.00049], [0.72028, -1.35736, -1.02501, 2.24734, 0.43501, -0.16616, 0.85639], [0.61374, -1.17306, -0.78471, 2.07921, 0.62477, 0.08263, 0.7123], [0.5072, -0.98875, -0.54441, 1.91108, 0.81452, 0.33142, 0.5682], [0.40066, -0.80444, -0.30411, 1.74295, 1.00428, 0.58021, 0.4241], [0.34797, -0.71328, -0.18524, 1.65978, 1.09814, 0.70328, 0.35282], [0.44291, -0.45944, -0.38062, 1.50545, 1.04296, 0.37717, 0.2809], [0.53786, -0.20561, -0.57599, 1.35112, 0.98778, 0.05107, 0.20897], [0.63281, 0.04823, -0.77136, 1.19678, 0.9326, -0.27504, 0.13704], [0.72776, 0.30206, -0.96674, 1.04245, 0.87742, -0.60114, 0.06512], [0.82271, 0.5559, -1.16211, 0.88811, 0.82224, -0.92725, -0.00681]]
end: [0.88971999999999996, 0.73504000000000003, -1.3, 0.77919000000000005, 0.7833, -1.1574, -0.057570000000000003]
obtacles: [[[0.6, 0.5, -1.0], [0.9, 0.6, 1.0]], [[0.6, -0.6, -1.0], [0.9, -0.5, 1.0]], [[0.6, -0.6, 0.9], [0.9, 0.6, 1.0]], [[0.6, -0.6, -1.0], [0.9, 0.6, -0.9]], [[0.6, -0.6, 0.5], [0.9, 0.6, 0.6]], [[0.6, -0.6, -0.4], [0.9, 0.6, -0.3]], [[0.6, -0.3, 0.6], [0.9, -0.2, 1.0]], [[0.6, -0.2, -0.4], [0.9, -0.1, 0.6]], [[0.6, -0.2, -1.0], [0.9, -0.1, -0.3]]]
start: [0.45723000000000003, 1.72475, -1.7, 1.0238400000000001, -1.37222, 1.5418000000000001, -2.58785]
tajectories: [[0.45723, 1.72475, -1.7, 1.02384, -1.37222, 1.5418, -2.58785]]
end: [0.52800999999999998, 1.6994499999999999, -1.7, 1.3454999999999999, -1.4158599999999999, 1.4747600000000001, -2.3399000000000001]
obtacles: [[[0.6, 0.5, -1.0], [0.9, 0.6, 1.0]], [[0.6, -0.6, -1.0], [0.9, -0.5, 1.0]], [[0.6, -0.6, 0.9], [0.9, 0.6, 1.0]], [[0.6, -0.6, -1.0], [0.9, 0.6, -0.9]], [[0.6, -0.6, 0.5], [0.9, 0.6, 0.6]], [[0.6, -0.6, -0.4], [0.9, 0.6, -0.3]], [[0.6, -0.3, 0.6], [0.9, -0.2, 1.0]], [[0.6, -0.2, -0.4], [0.9, -0.1, 0.6]], [[0.6, -0.2, -1.0], [0.9, -0.1, -0.3]]]
start: [2.1029300000000002, -1.6586799999999999, -1.55, 1.67181, -1.65618, -1.5413300000000001, -0.63097000000000003]
tajectories: [[2.10293, -1.65868, -1.55, 1.67181, -1.65618, -1.54133, -0.63097], [1.78663, -1.52472, -1.50536, 1.81869, -1.96217, -1.52108, -0.75096], [1.47032, -1.39075, -1.46073, 1.96558, -2.26816, -1.50082, -0.87094], [1.15402, -1.25679, -1.41609, 2.11246, -2.57415, -1.48057, -0.99093], [0.83772, -1.12282, -1.37145, 2.25935, -2.88014, -1.46031, -1.11092], [0.52142, -0.98885, -1.32682, 2.40623, -3.18614, -1.44005, -1.2309], [0.46048, -0.96304, -1.31822, 2.43453, -3.24509, -1.43615, -1.25402], [0.49612, -0.58782, -1.45742, 2.2467, -3.22841, -1.36101, -1.47164], [0.53176, -0.21261, -1.59662, 2.05886, -3.21173, -1.28587, -1.68925], [0.5674, 0.16261, -1.73582, 1.87102, -3.19505, -1.21072, -1.90687], [0.58182, 0.31442, -1.79214, 1.79503, -3.1883, -1.18032, -1.99491], [0.64401, 0.39931, -1.91403, 1.35405, -3.17818, -1.25279, -2.15065], [0.70621, 0.4842, -2.03592, 0.91308, -3.16805, -1.32526, -2.3064], [0.7684, 0.56909, -2.15781, 0.47211, -3.15793, -1.39774, -2.46214], [0.83059, 0.65398, -2.27971, 0.03114, -3.1478, -1.47021, -2.61789], [0.89279, 0.73887, -2.4016, -0.40984, -3.13768, -1.54268, -2.77363], [0.90053, 0.74944, -2.41677, -0.46473, -3.13642, -1.5517, -2.79302], [0.8898, 0.74721, -2.2822, -0.25354, -3.00508, -1.13987, -2.81073], [0.87907, 0.74497, -2.14762, -0.04235, -2.87375, -0.72803, -2.82844], [0.86833, 0.74273, -2.01305, 0.16883, -2.74241, -0.3162, -2.84615], [0.8576, 0.7405, -1.87847, 0.38002, -2.61107, 0.09563, -2.86386], [0.84687, 0.73826, -1.7439, 0.59121, -2.47974, 0.50747, -2.88157], [0.83614, 0.73603, -1.60932, 0.8024, -2.3484, 0.9193, -2.89928]]
end: [0.83140999999999998, 0.73504000000000003, -1.55, 0.89549000000000001, -2.2905099999999998, 1.1008500000000001, -2.9070900000000002]
obtacles: [[[0.6, 0.5, -1.0], [0.9, 0.6, 1.0]], [[0.6, -0.6, -1.0], [0.9, -0.5, 1.0]], [[0.6, -0.6, 0.9], [0.9, 0.6, 1.0]], [[0.6, -0.6, -1.0], [0.9, 0.6, -0.9]], [[0.6, -0.6, 0.5], [0.9, 0.6, 0.6]], [[0.6, -0.6, -0.4], [0.9, 0.6, -0.3]], [[0.6, -0.3, 0.6], [0.9, -0.2, 1.0]], [[0.6, -0.2, -0.4], [0.9, -0.1, 0.6]], [[0.6, -0.2, -1.0], [0.9, -0.1, -0.3]]]
start: [0.67927000000000004, 1.9655400000000001, -1.6499999999999999, 1.4550399999999999, -1.16953, 1.5426599999999999, -2.3874]
tajectories: [[0.67927, 1.96554, -1.65, 1.45504, -1.16953, 1.54266, -2.3874], [0.7303, 1.76691, -1.60645, 1.53488, -0.94877, 1.1877, -2.22947], [0.78133, 1.56828, -1.5629, 1.61471, -0.72802, 0.83274, -2.07155], [0.83236, 1.36965, -1.51935, 1.69455, -0.50726, 0.47777, -1.91363], [0.88339, 1.17102, -1.47579, 1.77439, -0.28651, 0.12281, -1.75571], [0.92889, 0.99389, -1.43695, 1.84559, -0.08964, -0.19375, -1.61488], [1.20919, 0.75562, -1.47888, 1.983, 0.02675, -0.26674, -1.34075], [1.4895, 0.51736, -1.52081, 2.12041, 0.14315, -0.33974, -1.06662], [1.7698, 0.2791, -1.56274, 2.25782, 0.25954, -0.41273, -0.79249], [1.91351, 0.15693, -1.58424, 2.32827, 0.31922, -0.45015, -0.65194], [1.9776, -0.01059, -1.27721, 2.31391, 0.08237, -0.60585, -0.44455], [2.04169, -0.17811, -0.97018, 2.29954, -0.15449, -0.76155, -0.23715], [2.10578, -0.34563, -0.66315, 2.28518, -0.39134, -0.91725, -0.02975], [2.16987, -0.51316, -0.35612, 2.27082, -0.6282, -1.07295, 0.17765], [2.1843, -0.55088, -0.28698, 2.26758, -0.68154, -1.10801, 0.22435], [2.26848, -0.58719, -0.6147, 1.93964, -0.7088, -1.11178, 0.06343], [2.35265, -0.62351, -0.94241, 1.61171, -0.73607, -1.11555, -0.0975], [2.43683, -0.65982, -1.27013, 1.28377, -0.76333, -1.11932, -0.25842], [2.52101, -0.69613, -1.59784, 0.95583, -0.7906, -1.12309, -0.41935]]
end: [2.5344099999999998, -0.70191000000000003, -1.6499999999999999, 0.90364, -0.79493999999999998, -1.1236900000000001, -0.44496000000000002]
obtacles: [[[0.6, 0.5, -1.0], [0.9, 0.6, 1.0]], [[0.6, -0.6, -1.0], [0.9, -0.5, 1.0]], [[0.6, -0.6, 0.9], [0.9, 0.6, 1.0]], [[0.6, -0.6, -1.0], [0.9, 0.6, -0.9]], [[0.6, -0.6, 0.5], [0.9, 0.6, 0.6]], [[0.6, -0.6, -0.4], [0.9, 0.6, -0.3]], [[0.6, -0.3, 0.6], [0.9, -0.2, 1.0]], [[0.6, -0.2, -0.4], [0.9, -0.1, 0.6]], [[0.6, -0.2, -1.0], [0.9, -0.1, -0.3]]]
start: [0.56989999999999996, 1.5108999999999999, -1.55, 0.93522000000000005, -1.63134, 1.5519700000000001, -2.7763300000000002]
tajectories: [[0.5699, 1.5109, -1.55, 0.93522, -1.63134, 1.55197, -2.77633]]
end: [0.60601000000000005, 1.47193, -1.55, 1.17598, -1.67005, 1.55193, -2.57172]
obtacles: [[[0.6, 0.5, -1.0], [0.9, 0.6, 1.0]], [[0.6, -0.6, -1.0], [0.9, -0.5, 1.0]], [[0.6, -0.6, 0.9], [0.9, 0.6, 1.0]], [[0.6, -0.6, -1.0], [0.9, 0.6, -0.9]], [[0.6, -0.6, 0.5], [0.9, 0.6, 0.6]], [[0.6, -0.6, -0.4], [0.9, 0.6, -0.3]], [[0.6, -0.3, 0.6], [0.9, -0.2, 1.0]], [[0.6, -0.2, -0.4], [0.9, -0.1, 0.6]], [[0.6, -0.2, -1.0], [0.9, -0.1, -0.3]]]
start: [1.12236, 1.6573100000000001, -1.6000000000000001, 1.61331, -1.4855499999999999, 1.5380499999999999, -2.6533000000000002]
tajectories: [[1.12236, 1.65731, -1.6, 1.61331, -1.48555, 1.53805, -2.6533], [1.25441, 1.3766, -1.49023, 1.82014, -1.37303, 1.31706, -2.45982], [1.38646, 1.09589, -1.38046, 2.02698, -1.26051, 1.09606, -2.26634], [1.51852, 0.81518, -1.27069, 2.23381, -1.14798, 0.87507, -2.07285], [1.65057, 0.53447, -1.16092, 2.44064, -1.03546, 0.65407, -1.87937], [1.78262, 0.25376, -1.05115, 2.64747, -0.92294, 0.43308, -1.68589], [1.91467, -0.02695, -0.94138, 2.8543, -0.81042, 0.21208, -1.49241], [1.96969, -0.1439, -0.89565, 2.94047, -0.76354, 0.12001, -1.4118], [1.75738, -0.29398, -0.74739, 2.75793, -0.91021, -0.05843, -1.14024], [1.54508, -0.44407, -0.59913, 2.5754, -1.05689, -0.23687, -0.86868], [1.33277, -0.59415, -0.45087, 2.39286, -1.20356, -0.41532, -0.59712], [1.12047, -0.74424, -0.30261, 2.21032, -1.35024, -0.59376, -0.32556], [0.90817, -0.89432, -0.15435, 2.02778, -1.49692, -0.7722, -0.054], [0.69586, -1.04441, -0.00609, 1.84524, -1.64359, -0.95064, 0.21756], [0.65251, -1.07506, 0.02418, 1.80797, -1.67354, -0.98707, 0.27301], [0.74259, -1.17105, -0.17907, 1.86078, -1.68921, -0.84209, 0.68205], [0.83266, -1.26704, -0.38231, 1.91359, -1.70487, -0.6971, 1.09108], [0.92274, -1.36303, -0.58556, 1.9664, -1.72054, -0.55211, 1.50011], [1.01282, -1.45902, -0.78881, 2.01921, -1.7362, -0.40712, 1.90914], [1.1029, -1.55502, -0.99205, 2.07202, -1.75187, -0.26213, 2.31817], [1.19297, -1.65101, -1.1953, 2.12482, -1.76753, -0.11714, 2.7272], [1.23001, -1.69047, -1.27886, 2.14654, -1.77398, -0.05753, 2.89537], [1.28259, -1.74472, -1.5594, 2.37942, -1.74933, -0.37793, 2.80538], [1.33517, -1.79896, -1.83993, 2.6123, -1.72468, -0.69833, 2.71539], [1.38698, -1.85241, -2.11634, 2.84175, -1.70039, -1.01402, 2.62673], [1.47083, -1.77207, -2.03435, 2.64646, -1.64239, -1.08869, 2.19928], [1.55468, -1.69174, -1.95236, 2.45117, -1.58439, -1.16336, 1.77183], [1.63854, -1.61141, -1.87037, 2.25588, -1.52639, -1.23803, 1.34438], [1.72239, -1.53107, -1.78838, 2.06059, -1.46838, -1.3127, 0.91693], [1.80624, -1.45074, -1.70639, 1.8653, -1.41038, -1.38737, 0.48947], [1.89009, -1.3704, -1.6244, 1.67001, -1.35238, -1.46204, 0.06202]]
end: [1.96618, -1.2975099999999999, -1.55, 1.4927999999999999, -1.29975, -1.52979, -0.32584000000000002]
obtacles: [[[0.6, 0.5, -1.0], [0.9, 0.6, 1.0]], [[0.6, -0.6, -1.0], [0.9, -0.5, 1.0]], [[0.6, -0.6, 0.9], [0.9, 0.6, 1.0]], [[0.6, -0.6, -1.0], [0.9, 0.6, -0.9]], [[0.6, -0.6, 0.5], [0.9, 0.6, 0.6]], [[0.6, -0.6, -0.4], [0.9, 0.6, -0.3]], [[0.6, -0.3, 0.6], [0.9, -0.2, 1.0]], [[0.6, -0.2, -0.4], [0.9, -0.1, 0.6]], [[0.6, -0.2, -1.0], [0.9, -0.1, -0.3]]]
start: [2.2279, -1.60253, -1.55, 1.3373999999999999, -4.7480799999999999, 1.5579099999999999, 2.7184499999999998]
tajectories: [[2.2279, -1.60253, -1.55, 1.3374, -4.74808, 1.55791, 2.71845], [2.07111, -1.60887, -1.39948, 1.52552, -4.59189, 1.18188, 2.67924], [1.91432, -1.61522, -1.24896, 1.71364, -4.43571, 0.80585, 2.64004], [1.75753, -1.62156, -1.09844, 1.90177, -4.27953, 0.42982, 2.60083], [1.60074, -1.6279, -0.94792, 2.08989, -4.12335, 0.05378, 2.56163], [1.44396, -1.63424, -0.7974, 2.27801, -3.96717, -0.32225, 2.52243], [1.28717, -1.64059, -0.64688, 2.46614, -3.81098, -0.69828, 2.48322], [1.13038, -1.64693, -0.49636, 2.65426, -3.6548, -1.07431, 2.44402], [1.05338, -1.65005, -0.42244, 2.74665, -3.5781, -1.25899, 2.42476], [0.82488, -1.50781, -0.35743, 2.73255, -3.4226, -1.18431, 2.04611], [0.59638, -1.36557, -0.29242, 2.71845, -3.2671, -1.10963, 1.66746], [0.36789, -1.22333, -0.22741, 2.70435, -3.1116, -1.03495, 1.28881], [0.13939, -1.08109, -0.1624, 2.69024, -2.95609, -0.96027, 0.91017], [-0.0891, -0.93885, -0.09739, 2.67614, -2.80059, -0.88559, 0.53152], [-0.3176, -0.79661, -0.03238, 2.66204, -2.64509, -0.81091, 0.15287], [-0.398, -0.74656, -0.00951, 2.65708, -2.59038, -0.78464, 0.01963], [-0.41742, -0.68485, 0.0562, 2.43303, -2.23691, -0.87077, -0.22315], [-0.43685, -0.62315, 0.12191, 2.20898, -1.88345, -0.95691, -0.46593], [-0.45627, -0.56144, 0.18763, 1.98494, -1.52998, -1.04304, -0.70871], [-0.4757, -0.49973, 0.25334, 1.76089, -1.17652, -1.12917, -0.95149], [-0.48551, -0.46853, 0.28655, 1.64764, -0.99785, -1.17271, -1.07421], [-0.21948, -0.52469, 0.3543, 1.66274, -0.58715, -1.17363, -1.02342], [0.04655, -0.58085, 0.42206, 1.67785, -0.17645, -1.17455, -0.97262], [0.31258, -0.63701, 0.48981, 1.69295, 0.23425, -1.17547, -0.92183], [0.57861, -0.69317, 0.55756, 1.70805, 0.64495, -1.17639, -0.87104], [0.79479, -0.73881, 0.61262, 1.72033, 0.9787, -1.17713, -0.82976], [0.80351, -0.48265, 0.24676, 1.56195, 0.97159, -1.15607, -0.67203], [0.81223, -0.22648, -0.11909, 1.40358, 0.96449, -1.135, -0.5143], [0.82095, 0.02968, -0.48495, 1.24521, 0.95739, -1.11393, -0.35657], [0.82966, 0.28584, -0.8508, 1.08684, 0.95029, -1.09287, -0.19884], [0.83838, 0.542, -1.21666, 0.92847, 0.94319, -1.0718, -0.0411]]
end: [0.84631999999999996, 0.77539999999999998, -1.55, 0.78417000000000003, 0.93672, -1.0526, 0.10261000000000001]
obtacles: [[[0.6, 0.5, -1.0], [0.9, 0.6, 1.0]], [[0.6, -0.6, -1.0], [0.9, -0.5, 1.0]], [[0.6, -0.6, 0.9], [0.9, 0.6, 1.0]], [[0.6, -0.6, -1.0], [0.9, 0.6, -0.9]], [[0.6, -0.6, 0.5], [0.9, 0.6, 0.6]], [[0.6, -0.6, -0.4], [0.9, 0.6, -0.3]], [[0.6, -0.3, 0.6], [0.9, -0.2, 1.0]], [[0.6, -0.2, -0.4], [0.9, -0.1, 0.6]], [[0.6, -0.2, -1.0], [0.9, -0.1, -0.3]]]
start: [0.82311000000000001, 1.94547, -1.6000000000000001, 1.53226, -1.19526, 1.5577399999999999, -2.4404599999999999]
tajectories: [[0.82311, 1.94547, -1.6, 1.53226, -1.19526, 1.55774, -2.44046], [0.85192, 1.74585, -1.47502, 1.82158, -1.33173, 1.27093, -2.34503], [0.88072, 1.54624, -1.35004, 2.11091, -1.46821, 0.98412, -2.24959], [0.90953, 1.34662, -1.22506, 2.40023, -1.60469, 0.6973, -2.15416], [0.9334, 1.18115, -1.12146, 2.64006, -1.71783, 0.45955, -2.07504], [1.27355, 1.21256, -1.30756, 2.51402, -1.9218, 0.41679, -1.87665], [1.61369, 1.24398, -1.49366, 2.38797, -2.12577, 0.37404, -1.67825], [1.95383, 1.2754, -1.67976, 2.26192, -2.32975, 0.33128, -1.47985], [2.00968, 1.28055, -1.71031, 2.24123, -2.36324, 0.32426, -1.44728], [1.8803, 0.98479, -1.57127, 2.16454, -2.60834, 0.56956, -1.46529], [1.75092, 0.68903, -1.43223, 2.08786, -2.85344, 0.81486, -1.48331], [1.62154, 0.39327, -1.29318, 2.01117, -3.09854, 1.06016, -1.50132], [1.49216, 0.0975, -1.15414, 1.93449, -3.34364, 1.30546, -1.51933], [1.48297, 0.07648, -1.14426, 1.92904, -3.36106, 1.3229, -1.52061], [1.30984, 0.21801, -1.24068, 1.69215, -3.12037, 1.25932, -1.79008], [1.1367, 0.35953, -1.3371, 1.45526, -2.87969, 1.19574, -2.05954], [0.96357, 0.50106, -1.43352, 1.21838, -2.639, 1.13217, -2.32901], [0.79044, 0.64258, -1.52993, 0.98149, -2.39831, 1.06859, -2.59847]]
end: [0.66463000000000005, 0.74543000000000004, -1.6000000000000001, 0.80935000000000001, -2.2233999999999998, 1.0223899999999999, -2.7942800000000001]
