obtacles: [[[0.6, 0.5, -1.0], [0.9, 0.6, 1.0]], [[0.6, -0.6, -1.0], [0.9, -0.5, 1.0]], [[0.6, -0.6, 0.9], [0.9, 0.6, 1.0]], [[0.6, -0.6, -1.0], [0.9, 0.6, -0.9]], [[0.6, -0.6, 0.5], [0.9, 0.6, 0.6]], [[0.6, -0.6, -0.6], [0.9, 0.6, -0.5]], [[0.6, -0.2, 0.6], [0.9, -0.1, 1.0]], [[0.6, 0.1, -0.6], [0.9, 0.2, 0.6]], [[0.6, 0.1, -1.0], [0.9, 0.2, -0.5]]]
start: [0.78202000000000005, 1.9459200000000001, -1.75, 1.2073499999999999, -1.1576, 1.54603, -2.7555499999999999]
tajectories: [[0.78202, 1.94592, -1.75, 1.20735, -1.1576, 1.54603, -2.75555], [0.95064, 1.91923, -1.74574, 1.46395, -1.43704, 1.30209, -2.62363], [1.11927, 1.89253, -1.74148, 1.72055, -1.71647, 1.05815, -2.49172], [1.2879, 1.86583, -1.73723, 1.97715, -1.99591, 0.81422, -2.3598], [1.45652, 1.83914, -1.73297, 2.23375, -2.27534, 0.57028, -2.22789], [1.62515, 1.81244, -1.72871, 2.49035, -2.55478, 0.32635, -2.09597], [1.63316, 1.81117, -1.72851, 2.50254, -2.56806, 0.31475, -2.0897], [1.71093, 1.50303, -1.80043, 2.24162, -2.3274, 0.19065, -2.04046], [1.7887, 1.19488, -1.87234, 1.98069, -2.08673, 0.06655, -1.99122], [1.86647, 0.88674, -1.94426, 1.71977, -1.84607, -0.05755, -1.94197], [1.90457, 0.73579, -1.97949, 1.59195, -1.72818, -0.11835, -1.91785], [1.60701, 0.72677, -1.88026, 1.46612, -1.87844, 0.18391, -2.06535], [1.30945, 0.71775, -1.78102, 1.34029, -2.0287, 0.48617, -2.21286], [1.0119, 0.70873, -1.68179, 1.21446, -2.17897, 0.78843, -2.36036], [0.71434, 0.69971, -1.58255, 1.08863, -2.32923, 1.09069, -2.50786]]
end: [0.61673, 0.69674999999999998, -1.55, 1.0473600000000001, -2.37853, 1.1898500000000001, -2.5562499999999999]
obtacles: [[[0.6, 0.5, -1.0], [0.9, 0.6, 1.0]], [[0.6, -0.6, -1.0], [0.9, -0.5, 1.0]], [[0.6, -0.6, 0.9], [0.9, 0.6, 1.0]], [[0.6, -0.6, -1.0], [0.9, 0.6, -0.9]], [[0.6, -0.6, 0.5], [0.9, 0.6, 0.6]], [[0.6, -0.6, -0.6], [0.9, 0.6, -0.5]], [[0.6, -0.2, 0.6], [0.9, -0.1, 1.0]], [[0.6, 0.1, -0.6], [0.9, 0.2, 0.6]], [[0.6, 0.1, -1.0], [0.9, 0.2, -0.5]]]
start: [1.10673, 1.9433, -1.55, 1.6778599999999999, -1.19824, 1.5511600000000001, -2.5702400000000001]
tajectories: [[1.10673, 1.9433, -1.55, 1.67786, -1.19824, 1.55116, -2.57024], [1.13556, 1.64209, -1.3434, 1.84762, -1.41779, 1.52536, -2.37512], [1.1644, 1.34089, -1.13679, 2.01738, -1.63734, 1.49956, -2.17999], [1.19323, 1.03968, -0.93019, 2.18714, -1.85689, 1.47376, -1.98486], [1.22206, 0.73848, -0.72359, 2.3569, -2.07644, 1.44796, -1.78974], [1.25089, 0.43728, -0.51699, 2.52666, -2.29598, 1.42216, -1.59461], [1.27972, 0.13607, -0.31038, 2.69642, -2.51553, 1.39636, -1.39948], [1.30856, -0.16513, -0.10378, 2.86618, -2.73508, 1.37056, -1.20435], [1.32006, -0.28535, -0.02132, 2.93393, -2.82271, 1.36026, -1.12648], [1.54299, -0.24426, 0.10224, 2.53503, -2.925, 1.24982, -1.08687], [1.76591, -0.20316, 0.22579, 2.13613, -3.0273, 1.13939, -1.04726], [1.98883, -0.16207, 0.34935, 1.73723, -3.12959, 1.02895, -1.00765], [2.15602, -0.13125, 0.44201, 1.43806, -3.20631, 0.94612, -0.97795], [1.85263, -0.01996, 0.26705, 1.33865, -3.14113, 1.00271, -1.29038], [1.54923, 0.09133, 0.09208, 1.23923, -3.07595, 1.0593, -1.60282], [1.24583, 0.20262, -0.08288, 1.13982, -3.01076, 1.11589, -1.91526], [0.94243, 0.31391, -0.25785, 1.04041, -2.94558, 1.17248, -2.2277], [0.63903, 0.4252, -0.43281, 0.941, -2.8804, 1.22907, -2.54013], [0.33563, 0.53649, -0.60778, 0.84158, -2.81522, 1.28566, -2.85257]]
end: [0.26241999999999999, 0.56335000000000002, -0.65000000000000002, 0.81759000000000004, -2.79949, 1.29932, -2.9279700000000002]
obtacles: [[[0.6, 0.5, -1.0], [0.9, 0.6, 1.0]], [[0.6, -0.6, -1.0], [0.9, -0.5, 1.0]], [[0.6, -0.6, 0.9], [0.9, 0.6, 1.0]], [[0.6, -0.6, -1.0], [0.9, 0.6, -0.9]], [[0.6, -0.6, 0.5], [0.9, 0.6, 0.6]], [[0.6, -0.6, -0.6], [0.9, 0.6, -0.5]], [[0.6, -0.2, 0.6], [0.9, -0.1, 1.0]], [[0.6, 0.1, -0.6], [0.9, 0.2, 0.6]], [[0.6, 0.1, -1.0], [0.9, 0.2, -0.5]]]
start: [-2.0128499999999998, -1.57277, 1.55, 1.5172300000000001, -1.5677099999999999, 1.5501400000000001, -2.7531599999999998]
tajectories: [[-2.01285, -1.57277, 1.55, 1.51723, -1.56771, 1.55014, -2.75316], [-1.90888, -1.39771, 1.72163, 1.68533, -1.44473, 1.54527, -2.38481], [-1.80491, -1.22265, 1.89326, 1.85343, -1.32174, 1.5404, -2.01646], [-1.70093, -1.04759, 2.06488, 2.02153, -1.19876, 1.53554, -1.64811], [-1.59696, -0.87253, 2.23651, 2.18963, -1.07578, 1.53067, -1.27976], [-1.53662, -0.77093, 2.33612, 2.28718, -1.0044, 1.52784, -1.06599], [-1.45167, -0.43554, 2.05435, 2.23215, -0.91466, 1.37074, -0.94296], [-1.36672, -0.10015, 1.77257, 2.17712, -0.82492, 1.21364, -0.81992], [-1.28177, 0.23524, 1.4908, 2.12209, -0.73518, 1.05654, -0.69689], [-1.19683, 0.57063, 1.20903, 2.06706, -0.64544, 0.89943, -0.57385], [-1.13926, 0.79792, 1.01808, 2.02976, -0.58463, 0.79297, -0.49047], [-1.16132, 0.92154, 1.14978, 1.88244, -0.78513, 0.42738, -0.34446], [-1.18338, 1.04516, 1.28149, 1.73511, -0.98563, 0.06178, -0.19844], [-1.20544, 1.16878, 1.41319, 1.58779, -1.18614, -0.30381, -0.05242], [-1.21272, 1.2096, 1.45668, 1.53914, -1.25235, -0.42453, -0.0042], [-1.11872, 1.41636, 1.55023, 1.40843, -1.46092, -0.77941, -0.06017], [-1.02471, 1.62313, 1.64378, 1.27771, -1.66949, -1.1343, -0.11613], [-0.93071, 1.82989, 1.73734, 1.147, -1.87806, -1.48918, -0.17209]]
end: [-0.91798000000000002, 1.85788, 1.75, 1.1293, -1.90629, -1.53722, -0.17967]
obtacles: [[[0.6, 0.5, -1.0], [0.9, 0.6, 1.0]], [[0.6, -0.6, -1.0], [0.9, -0.5, 1.0]], [[0.6, -0.6, 0.9], [0.9, 0.6, 1.0]], [[0.6, -0.6, -1.0], [0.9, 0.6, -0.9]], [[0.6, -0.6, 0.5], [0.9, 0.6, 0.6]], [[0.6, -0.6, -0.6], [0.9, 0.6, -0.5]], [[0.6, -0.2, 0.6], [0.9, -0.1, 1.0]], [[0.6, 0.1, -0.6], [0.9, 0.2, 0.6]], [[0.6, 0.1, -1.0], [0.9, 0.2, -0.5]]]
start: [-2.1843300000000001, -1.94364, 1.55, 1.60222, -1.19861, 1.53999, -2.5063599999999999]
tajectories: [[-2.18433, -1.94364, 1.55, 1.60222, -1.19861, 1.53999, -2.50636], [-2.02391, -1.79469, 1.25767, 1.80888, -1.14415, 1.3022, -2.38636], [-1.86348, -1.64573, 0.96534, 2.01553, -1.08968, 1.06441, -2.26636], [-1.70306, -1.49677, 0.67301, 2.22219, -1.03522, 0.82662, -2.14636], [-1.54264, -1.34782, 0.38068, 2.42885, -0.98076, 0.58883, -2.02636], [-1.38222, -1.19886, 0.08835, 2.63551, -0.9263, 0.35104, -1.90635], [-1.28861, -1.11195, -0.08222, 2.75609, -0.89452, 0.21229, -1.83634], [-1.41768, -0.76019, -0.13221, 2.59805, -0.69102, 0.16833, -1.63938], [-1.54674, -0.40844, -0.18219, 2.44, -0.48752, 0.12438, -1.44242], [-1.6758, -0.05668, -0.23218, 2.28196, -0.28403, 0.08042, -1.24547], [-1.80487, 0.29507, -0.28217, 2.12392, -0.08053, 0.03646, -1.04851], [-1.93393, 0.64682, -0.33216, 1.96587, 0.12297, -0.0075, -0.85155], [-1.99863, 0.82316, -0.35722, 1.88664, 0.22498, -0.02953, -0.75282], [-1.78416, 0.93019, -0.06222, 1.81847, 0.05597, 0.23084, -0.68561], [-1.56969, 1.03723, 0.23277, 1.75029, -0.11304, 0.49121, -0.61841], [-1.35521, 1.14426, 0.52777, 1.68211, -0.28205, 0.75158, -0.55121], [-1.14074, 1.2513, 0.82277, 1.61393, -0.45107, 1.01195, -0.48401], [-0.92627, 1.35833, 1.11776, 1.54575, -0.62008, 1.27232, -0.41681], [-0.87239, 1.38522, 1.19186, 1.52862, -0.66254, 1.33773, -0.39993], [-0.74765, 1.43886, 1.38309, 1.35241, -0.71541, 0.95177, -0.28956], [-0.62291, 1.49251, 1.57431, 1.1762, -0.76829, 0.5658, -0.17918], [-0.49817, 1.54615, 1.76554, 0.99999, -0.82116, 0.17984, -0.06881], [-0.37343, 1.59979, 1.95676, 0.82378, -0.87404, -0.20612, 0.04156], [-0.3213, 1.62221, 2.03668, 0.75014, -0.89614, -0.36743, 0.08769], [-0.33772, 1.55139, 1.92794, 0.43261, -1.08076, -0.58719, 0.3106], [-0.35414, 1.48058, 1.8192, 0.11508, -1.26539, -0.80695, 0.5335], [-0.37055, 1.40976, 1.71047, -0.20244, -1.45001, -1.02671, 0.75641], [-0.38697, 1.33894, 1.60173, -0.51997, -1.63464, -1.24647, 0.97931]]
end: [-0.39478000000000002, 1.30525, 1.55, -0.67103999999999997, -1.72248, -1.3510200000000001, 1.0853600000000001]
obtacles: [[[0.6, 0.5, -1.0], [0.9, 0.6, 1.0]], [[0.6, -0.6, -1.0], [0.9, -0.5, 1.0]], [[0.6, -0.6, 0.9], [0.9, 0.6, 1.0]], [[0.6, -0.6, -1.0], [0.9, 0.6, -0.9]], [[0.6, -0.6, 0.5], [0.9, 0.6, 0.6]], [[0.6, -0.6, -0.6], [0.9, 0.6, -0.5]], [[0.6, -0.2, 0.6], [0.9, -0.1, 1.0]], [[0.6, 0.1, -0.6], [0.9, 0.2, 0.6]], [[0.6, 0.1, -1.0], [0.9, 0.2, -0.5]]]
start: [-2.0173199999999998, -1.7653399999999999, 1.55, 1.6548, -1.37856, 1.53424, -2.6166200000000002]
tajectories: [[-2.01732, -1.76534, 1.55, 1.6548, -1.37856, 1.53424, -2.61662], [-1.79371, -1.48129, 1.35661, 1.79388, -1.24927, 1.32335, -2.57936], [-1.5701, -1.19724, 1.16323, 1.93295, -1.11998, 1.11247, -2.54211], [-1.3465, -0.91319, 0.96984, 2.07202, -0.99069, 0.90158, -2.50486], [-1.12289, -0.62915, 0.77646, 2.2111, -0.8614, 0.69069, -2.4676], [-0.89928, -0.3451, 0.58307, 2.35017, -0.73211, 0.47981, -2.43035], [-0.76316, -0.17218, 0.46535, 2.43483, -0.6534, 0.35143, -2.40767], [-0.70642, 0.01691, 0.59015, 2.55901, -0.44639, 0.14834, -2.09796], [-0.64969, 0.20601, 0.71496, 2.6832, -0.23937, -0.05475, -1.78824], [-0.59296, 0.39511, 0.83976, 2.80738, -0.03235, -0.25784, -1.47852], [-0.53623, 0.58421, 0.96457, 2.93156, 0.17466, -0.46094, -1.16881], [-0.47949, 0.77331, 1.08937, 3.05574, 0.38168, -0.66403, -0.85909], [-0.45904, 0.84148, 1.13437, 3.10051, 0.45631, -0.73725, -0.74743], [-0.58648, 1.1182, 0.94503, 2.81036, 0.49566, -0.65093, -0.57963], [-0.71392, 1.39491, 0.75569, 2.52022, 0.535, -0.56462, -0.41184], [-0.84135, 1.67163, 0.56635, 2.23007, 0.57435, -0.4783, -0.24404], [-0.92423, 1.85159, 0.44321, 2.04137, 0.59994, -0.42217, -0.13492], [-0.94749, 1.81719, 0.70162, 1.92542, 0.20967, -0.54675, -0.15002], [-0.97075, 1.78279, 0.96003, 1.80946, -0.18059, -0.67133, -0.16512], [-0.99401, 1.7484, 1.21844, 1.69351, -0.57086, -0.79591, -0.18023], [-1.01727, 1.714, 1.47685, 1.57756, -0.96112, -0.92048, -0.19533], [-1.04054, 1.6796, 1.73526, 1.4616, -1.35139, -1.04506, -0.21044], [-1.0638, 1.6452, 1.99367, 1.34565, -1.74165, -1.16964, -0.22554]]
end: [-1.06437, 1.64436, 2.0, 1.3428100000000001, -1.7512099999999999, -1.17269, -0.22591]
obtacles: [[[0.6, 0.5, -1.0], [0.9, 0.6, 1.0]], [[0.6, -0.6, -1.0], [0.9, -0.5, 1.0]], [[0.6, -0.6, 0.9], [0.9, 0.6, 1.0]], [[0.6, -0.6, -1.0], [0.9, 0.6, -0.9]], [[0.6, -0.6, 0.5], [0.9, 0.6, 0.6]], [[0.6, -0.6, -0.6], [0.9, 0.6, -0.5]], [[0.6, -0.2, 0.6], [0.9, -0.1, 1.0]], [[0.6, 0.1, -0.6], [0.9, 0.2, 0.6]], [[0.6, 0.1, -1.0], [0.9, 0.2, -0.5]]]
start: [-0.97238999999999998, 1.8126599999999999, 1.7, 1.10639, -1.8443700000000001, -1.5662199999999999, -0.11765]
tajectories: [[-0.97239, 1.81266, 1.7, 1.10639, -1.84437, -1.56622, -0.11765], [-0.92322, 1.78305, 1.48873, 1.14824, -1.47605, -1.45324, -0.34546], [-0.87405, 1.75344, 1.27747, 1.19008, -1.10772, -1.34026, -0.57326], [-0.82488, 1.72384, 1.0662, 1.23192, -0.7394, -1.22728, -0.80107], [-0.77571, 1.69423, 0.85493, 1.27377, -0.37108, -1.1143, -1.02887], [-0.72653, 1.66463, 0.64367, 1.31561, -0.00276, -1.00132, -1.25668], [-0.67736, 1.63502, 0.4324, 1.35746, 0.36556, -0.88834, -1.48448], [-0.64263, 1.6141, 0.28315, 1.38702, 0.62577, -0.80853, -1.64542], [-0.62164, 1.45352, 0.46417, 1.3148, 0.57662, -0.41507, -1.81444], [-0.60065, 1.29293, 0.64518, 1.24258, 0.52747, -0.02162, -1.98346], [-0.57966, 1.13234, 0.8262, 1.17037, 0.47833, 0.37184, -2.15248], [-0.57057, 1.06282, 0.90456, 1.1391, 0.45705, 0.54218, -2.22565], [-0.64335, 0.86213, 0.73106, 1.39911, 0.18726, 0.69469, -2.12234], [-0.71614, 0.66144, 0.55757, 1.65911, -0.08254, 0.84721, -2.01902], [-0.78893, 0.46075, 0.38407, 1.91911, -0.35233, 0.99972, -1.91571], [-0.86171, 0.26006, 0.21057, 2.17911, -0.62212, 1.15224, -1.8124], [-0.9345, 0.05937, 0.03707, 2.43912, -0.89192, 1.30475, -1.70909], [-0.95768, -0.00454, -0.01818, 2.52191, -0.97783, 1.35332, -1.67619], [-0.95951, -0.37477, 0.23309, 2.54913, -1.11553, 1.20877, -1.58029], [-0.96134, -0.74499, 0.48437, 2.57634, -1.25322, 1.06423, -1.4844], [-0.96184, -0.84768, 0.55406, 2.58389, -1.29141, 1.02414, -1.4578], [-1.1821, -1.02798, 0.76447, 2.3745, -1.323, 1.13467, -1.71789], [-1.40236, -1.20829, 0.97488, 2.16511, -1.35459, 1.2452, -1.97798], [-1.62262, -1.38859, 1.18529, 1.95572, -1.38618, 1.35573, -2.23806], [-1.84288, -1.5689, 1.3957, 1.74633, -1.41776, 1.46627, -2.49815]]
end: [-2.00441, -1.70112, 1.55, 1.5927800000000001, -1.44093, 1.54732, -2.6888800000000002]
obtacles: [[[0.6, 0.5, -1.0], [0.9, 0.6, 1.0]], [[0.6, -0.6, -1.0], [0.9, -0.5, 1.0]], [[0.6, -0.6, 0.9], [0.9, 0.6, 1.0]], [[0.6, -0.6, -1.0], [0.9, 0.6, -0.9]], [[0.6, -0.6, 0.5], [0.9, 0.6, 0.6]], [[0.6, -0.6, -0.6], [0.9, 0.6, -0.5]], [[0.6, -0.2, 0.6], [0.9, -0.1, 1.0]], [[0.6, 0.1, -0.6], [0.9, 0.2, 0.6]], [[0.6, 0.1, -1.0], [0.9, 0.2, -0.5]]]
start: [-0.22975000000000001, 1.3365800000000001, 1.6000000000000001, -0.47893000000000002, -1.7058899999999999, -1.3767, 0.71840999999999999]
tajectories: [[-0.22975, 1.33658, 1.6, -0.47893, -1.70589, -1.3767, 0.71841], [-0.22196, 1.46039, 1.27968, -0.40485, -1.77167, -1.28374, 0.38144], [-0.21417, 1.5842, 0.95936, -0.33077, -1.83746, -1.19078, 0.04447], [-0.20637, 1.70801, 0.63904, -0.25668, -1.90324, -1.09782, -0.2925], [-0.19858, 1.83181, 0.31872, -0.1826, -1.96902, -1.00486, -0.62947], [-0.19079, 1.95562, -0.0016, -0.10852, -2.03481, -0.9119, -0.96644], [-0.19014, 1.96594, -0.02829, -0.10234, -2.04029, -0.90416, -0.99452], [-0.33233, 1.83533, -0.00999, 0.29892, -2.2649, -0.88951, -1.02112], [-0.47452, 1.70471, 0.0083, 0.70019, -2.48951, -0.87487, -1.04772], [-0.6167, 1.5741, 0.02659, 1.10146, -2.71412, -0.86022, -1.07432], [-0.75889, 1.44349, 0.04488, 1.50273, -2.93874, -0.84557, -1.10092], [-0.85959, 1.35099, 0.05784, 1.78691, -3.09781, -0.8352, -1.11976], [-0.91912, 1.07451, -0.04946, 1.89294, -3.04917, -0.95139, -1.48224], [-0.97865, 0.79803, -0.15677, 1.99897, -3.00053, -1.06759, -1.84473], [-1.03818, 0.52156, -0.26407, 2.10499, -2.95189, -1.18378, -2.20721], [-1.05264, 0.4544, -0.29013, 2.13075, -2.94007, -1.212, -2.29526], [-1.12916, 0.14728, -0.26753, 2.23971, -3.01221, -0.84836, -2.29441], [-1.20568, -0.15984, -0.24493, 2.34866, -3.08435, -0.48472, -2.29356], [-1.2515, -0.34376, -0.2314, 2.41392, -3.12755, -0.26694, -2.29305], [-1.35318, -0.61126, -0.06231, 2.4519, -2.91047, 0.03342, -2.2659], [-1.45485, -0.87875, 0.10678, 2.48988, -2.6934, 0.33378, -2.23874], [-1.55652, -1.14625, 0.27587, 2.52787, -2.47633, 0.63414, -2.21159], [-1.65819, -1.41374, 0.44496, 2.56585, -2.25926, 0.93451, -2.18443], [-1.6948, -1.51006, 0.50584, 2.57953, -2.1811, 1.04265, -2.17466], [-1.78578, -1.59629, 0.72164, 2.27364, -1.96435, 1.16163, -2.35637], [-1.87676, -1.68252, 0.93744, 1.96776, -1.74761, 1.2806, -2.53809], [-1.96775, -1.76875, 1.15323, 1.66187, -1.53087, 1.39957, -2.71981], [-2.05873, -1.85498, 1.36903, 1.35599, -1.31413, 1.51855, -2.90152]]
end: [-2.09287, -1.88733, 1.45, 1.2412099999999999, -1.2327999999999999, 1.5631900000000001, -2.9697]
obtacles: [[[0.6, 0.5, -1.0], [0.9, 0.6, 1.0]], [[0.6, -0.6, -1.0], [0.9, -0.5, 1.0]], [[0.6, -0.6, 0.9], [0.9, 0.6, 1.0]], [[0.6, -0.6, -1.0], [0.9, 0.6, -0.9]], [[0.6, -0.6, 0.5], [0.9, 0.6, 0.6]], [[0.6, -0.6, -0.6], [0.9, 0.6, -0.5]], [[0.6, -0.2, 0.6], [0.9, -0.1, 1.0]], [[0.6, 0.1, -0.6], [0.9, 0.2, 0.6]], [[0.6, 0.1, -1.0], [0.9, 0.2, -0.5]]]
start: [-0.85733999999999999, 1.9689399999999999, 1.6000000000000001, 1.83839, -1.9496500000000001, -1.44197, -0.95043]
tajectories: [[-0.85734, 1.96894, 1.6, 1.83839, -1.94965, -1.44197, -0.95043], [-1.01303, 1.70169, 1.621, 2.1044, -1.67981, -1.47606, -1.04616], [-1.16873, 1.43445, 1.642, 2.37041, -1.40997, -1.51015, -1.14189], [-1.32442, 1.1672, 1.663, 2.63642, -1.14013, -1.54424, -1.23761], [-1.42556, 0.9936, 1.67664, 2.80922, -0.96485, -1.56639, -1.2998], [-1.62958, 0.81849, 1.95842, 2.75461, -0.70313, -1.52877, -1.14036], [-1.83361, 0.64339, 2.24019, 2.70001, -0.44141, -1.49116, -0.98093], [-2.03763, 0.46828, 2.52197, 2.6454, -0.17969, -1.45354, -0.82149], [-2.16277, 0.36087, 2.6948, 2.6119, -0.01916, -1.43047, -0.7237], [-1.8389, 0.42001, 2.50047, 2.32601, -0.15546, -1.37643, -0.74844], [-1.51503, 0.47914, 2.30614, 2.04011, -0.29176, -1.32239, -0.77319], [-1.19116, 0.53828, 2.11181, 1.75422, -0.42806, -1.26836, -0.79794], [-0.86729, 0.59741, 1.91748, 1.46832, -0.56436, -1.21432, -0.82269], [-0.54341, 0.65654, 1.72315, 1.18243, -0.70066, -1.16028, -0.84744]]
end: [-0.33816000000000002, 0.69401999999999997, 1.6000000000000001, 1.0012399999999999, -0.78703999999999996, -1.1260300000000001, -0.86312]
obtacles: [[[0.6, 0.5, -1.0], [0.9, 0.6, 1.0]], [[0.6, -0.6, -1.0], [0.9, -0.5, 1.0]], [[0.6, -0.6, 0.9], [0.9, 0.6, 1.0]], [[0.6, -0.6, -1.0], [0.9, 0.6, -0.9]], [[0.6, -0.6, 0.5], [0.9, 0.6, 0.6]], [[0.6, -0.6, -0.6], [0.9, 0.6, -0.5]], [[0.6, -0.2, 0.6], [0.9, -0.1, 1.0]], [[0.6, 0.1, -0.6], [0.9, 0.2, 0.6]], [[0.6, 0.1, -1.0], [0.9, 0.2, -0.5]]]
start: [-0.74572000000000005, 1.9683900000000001, 1.6499999999999999, 1.3996, -1.9757499999999999, -1.56488, -0.63670000000000004]
tajectories: [[-0.74572, 1.96839, 1.65, 1.3996, -1.97575, -1.56488, -0.6367], [-0.9115, 1.80537, 1.44825, 1.51969, -2.15549, -1.31094, -0.84653], [-1.07728, 1.64235, 1.24651, 1.63978, -2.33523, -1.057, -1.05636], [-1.24306, 1.47932, 1.04476, 1.75987, -2.51496, -0.80306, -1.26618], [-1.40884, 1.3163, 0.84302, 1.87995, -2.6947, -0.54912, -1.47601], [-1.57461, 1.15328, 0.64127, 2.00004, -2.87444, -0.29518, -1.68584], [-1.57958, 1.1484, 0.63523, 2.00364, -2.87982, -0.28758, -1.69212], [-1.58542, 0.77902, 0.71748, 1.87581, -2.99495, -0.35411, -1.96182], [-1.59125, 0.40965, 0.79973, 1.74797, -3.11009, -0.42065, -2.23152], [-1.59709, 0.04027, 0.88197, 1.62013, -3.22522, -0.48718, -2.50122], [-1.60292, -0.3291, 0.96422, 1.4923, -3.34035, -0.55372, -2.77092], [-1.60328, -0.35162, 0.96924, 1.48451, -3.34737, -0.55778, -2.78736], [-1.7681, -0.43548, 1.11335, 1.33821, -3.11751, -0.21216, -2.82407], [-1.93292, -0.51934, 1.25747, 1.19192, -2.88765, 0.13345, -2.86077], [-2.09774, -0.6032, 1.40159, 1.04562, -2.65779, 0.47906, -2.89748], [-2.26256, -0.68706, 1.5457, 0.89933, -2.42793, 0.82467, -2.93419]]
end: [-2.38184, -0.74775000000000003, 1.6499999999999999, 0.79346000000000005, -2.2615799999999999, 1.0747899999999999, -2.96075]
obtacles: [[[0.6, 0.5, -1.0], [0.9, 0.6, 1.0]], [[0.6, -0.6, -1.0], [0.9, -0.5, 1.0]], [[0.6, -0.6, 0.9], [0.9, 0.6, 1.0]], [[0.6, -0.6, -1.0], [0.9, 0.6, -0.9]], [[0.6, -0.6, 0.5], [0.9, 0.6, 0.6]], [[0.6, -0.6, -0.6], [0.9, 0.6, -0.5]], [[0.6, -0.2, 0.6], [0.9, -0.1, 1.0]], [[0.6, 0.1, -0.6], [0.9, 0.2, 0.6]], [[0.6, 0.1, -1.0], [0.9, 0.2, -0.5]]]
start: [-0.84189999999999998, 0.79003000000000001, 1.6499999999999999, 0.77444999999999997, -1.00267, -0.99750000000000005, -0.13685]
tajectories: [[-0.8419, 0.79003, 1.65, 0.77445, -1.00267, -0.9975, -0.13685], [-1.0424, 0.80819, 1.81682, 0.89423, -1.28824, -1.12797, 0.1253], [-1.24289, 0.82635, 1.98365, 1.01402, -1.5738, -1.25844, 0.38745], [-1.44339, 0.84452, 2.15047, 1.13381, -1.85937, -1.3889, 0.64959], [-1.61115, 0.85971, 2.29005, 1.23403, -2.0983, -1.49807, 0.86893], [-1.6499, 1.14493, 2.11411, 1.52272, -2.18325, -1.36982, 1.03978], [-1.68864, 1.43015, 1.93817, 1.81141, -2.26819, -1.24157, 1.21063], [-1.70733, 1.56774, 1.8533, 1.95068, -2.30917, -1.1797, 1.29305], [-1.44722, 1.62797, 1.84288, 1.7623, -2.23902, -1.25319, 0.92864], [-1.18711, 1.6882, 1.83247, 1.57392, -2.16886, -1.32667, 0.56423], [-0.92699, 1.74843, 1.82206, 1.38554, -2.09871, -1.40016, 0.19982], [-0.66688, 1.80867, 1.81165, 1.19715, -2.02855, -1.47365, -0.16459], [-0.40677, 1.8689, 1.80124, 1.00877, -1.9584, -1.54713, -0.529]]
end: [-0.37590000000000001, 1.8760399999999999, 1.8, 0.98641999999999996, -1.95007, -1.55585, -0.57223999999999997]
obtacles: [[[0.6, 0.5, -1.0], [0.9, 0.6, 1.0]], [[0.6, -0.6, -1.0], [0.9, -0.5, 1.0]], [[0.6, -0.6, 0.9], [0.9, 0.6, 1.0]], [[0.6, -0.6, -1.0], [0.9, 0.6, -0.9]], [[0.6, -0.6, 0.5], [0.9, 0.6, 0.6]], [[0.6, -0.6, -0.6], [0.9, 0.6, -0.5]], [[0.6, -0.2, 0.6], [0.9, -0.1, 1.0]], [[0.6, 0.1, -0.6], [0.9, 0.2, 0.6]], [[0.6, 0.1, -1.0], [0.9, 0.2, -0.5]]]
start: [-2.31806, -0.68757000000000001, 1.8999999999999999, 0.84963999999999995, 0.69804999999999995, -1.2066699999999999, 0.040669999999999998]
tajectories: [[-2.31806, -0.68757, 1.9, 0.84964, 0.69805, -1.20667, 0.04067], [-1.96996, -0.52551, 2.02327, 1.10748, 0.73042, -1.08538, 0.11227], [-1.62185, -0.36344, 2.14655, 1.36531, 0.76279, -0.96409, 0.18388], [-1.27375, -0.20138, 2.26982, 1.62315, 0.79516, -0.8428, 0.25548], [-0.92565, -0.03931, 2.3931, 1.88098, 0.82753, -0.72151, 0.32708], [-0.57755, 0.12275, 2.51637, 2.13881, 0.8599, -0.60022, 0.39869], [-0.41643, 0.19776, 2.57343, 2.25815, 0.87489, -0.54408, 0.43183], [-0.581, 0.48193, 2.32609, 2.29368, 0.9526, -0.36075, 0.63202], [-0.74556, 0.76609, 2.07875, 2.32921, 1.03032, -0.17742, 0.83222], [-0.91013, 1.05026, 1.83141, 2.36474, 1.10804, 0.00592, 1.03241], [-1.07469, 1.33442, 1.58407, 2.40027, 1.18575, 0.18925, 1.2326], [-1.23926, 1.61859, 1.33673, 2.4358, 1.26347, 0.37258, 1.4328], [-1.26043, 1.65515, 1.30491, 2.44037, 1.27347, 0.39617, 1.45855], [-1.12092, 1.72415, 1.42, 2.16499, 1.24167, 0.64938, 1.72607], [-0.98142, 1.79316, 1.53508, 1.88961, 1.20987, 0.9026, 1.9936], [-0.84192, 1.86216, 1.65017, 1.61423, 1.17807, 1.15581, 2.26112], [-0.70241, 1.93117, 1.76525, 1.33885, 1.14627, 1.40903, 2.52864]]
end: [-0.66029000000000004, 1.95201, 1.8, 1.2557, 1.1366700000000001, 1.4854799999999999, 2.6094200000000001]
