obtacles: [[[0.6, 0.5, -1.0], [0.9, 0.6, 1.0]], [[0.6, -0.6, -1.0], [0.9, -0.5, 1.0]], [[0.6, -0.6, 0.9], [0.9, 0.6, 1.0]], [[0.6, -0.6, -1.0], [0.9, 0.6, -0.9]], [[0.6, -0.6, 0.5], [0.9, 0.6, 0.6]], [[0.6, -0.6, -0.5], [0.9, 0.6, -0.4]], [[0.6, 0.1, 0.6], [0.9, 0.2, 1.0]], [[0.6, -0.2, -0.5], [0.9, -0.1, 0.6]], [[0.6, -0.2, -1.0], [0.9, -0.1, -0.4]]]
start: [-0.75419999999999998, 1.61961, 1.6499999999999999, 0.85014000000000001, -1.6597500000000001, -1.5436099999999999, -0.092799999999999994]
tajectories: [[-0.7542, 1.61961, 1.65, 0.85014, -1.65975, -1.54361, -0.0928], [-0.87382, 1.72197, 1.82194, 1.19972, -1.68765, -1.48989, -0.35695], [-0.99345, 1.82433, 1.99389, 1.5493, -1.71555, -1.43617, -0.6211], [-1.1073, 1.92175, 2.15754, 1.88202, -1.7421, -1.38505, -0.87252], [-1.03425, 1.6393, 2.27783, 2.15581, -1.59151, -1.17017, -0.95381], [-0.9612, 1.35684, 2.39811, 2.4296, -1.44093, -0.9553, -1.03511], [-0.88815, 1.07439, 2.5184, 2.70338, -1.29034, -0.74043, -1.1164], [-0.84085, 0.8915, 2.59628, 2.88066, -1.19284, -0.60131, -1.16904], [-0.63586, 0.867, 2.34705, 2.67826, -1.48111, -0.65589, -1.30401], [-0.43087, 0.8425, 2.09782, 2.47586, -1.76939, -0.71048, -1.43897], [-0.22589, 0.81799, 1.84859, 2.27346, -2.05767, -0.76507, -1.57394], [-0.16195, 0.81035, 1.77086, 2.21034, -2.14758, -0.7821, -1.61603], [0.04161, 1.17531, 1.86952, 2.16328, -2.03972, -0.83556, -1.83723], [0.16844, 1.40271, 1.93099, 2.13396, -1.97252, -0.86888, -1.97505], [0.16624, 1.47727, 1.8064, 1.8257, -1.79906, -1.1453, -1.80955], [0.16403, 1.55183, 1.68181, 1.51745, -1.62559, -1.42173, -1.64406]]
end: [0.16347, 1.5708599999999999, 1.6499999999999999, 1.43876, -1.58131, -1.4922899999999999, -1.60181]
obtacles: [[[0.6, 0.5, -1.0], [0.9, 0.6, 1.0]], [[0.6, -0.6, -1.0], [0.9, -0.5, 1.0]], [[0.6, -0.6, 0.9], [0.9, 0.6, 1.0]], [[0.6, -0.6, -1.0], [0.9, 0.6, -0.9]], [[0.6, -0.6, 0.5], [0.9, 0.6, 0.6]], [[0.6, -0.6, -0.5], [0.9, 0.6, -0.4]], [[0.6, 0.1, 0.6], [0.9, 0.2, 1.0]], [[0.6, -0.2, -0.5], [0.9, -0.1, 0.6]], [[0.6, -0.2, -1.0], [0.9, -0.1, -0.4]]]
start: [-0.82106000000000001, 1.5651999999999999, 1.6499999999999999, 1.1218399999999999, -1.6001799999999999, -1.49702, -0.29992000000000002]
tajectories: [[-0.82106, 1.5652, 1.65, 1.12184, -1.60018, -1.49702, -0.29992], [-1.01082, 1.63536, 1.74887, 1.39216, -1.93375, -1.49732, -0.42219], [-1.20058, 1.70552, 1.84774, 1.66248, -2.26731, -1.49762, -0.54447], [-1.39034, 1.77568, 1.94661, 1.93281, -2.60088, -1.49792, -0.66674], [-1.5801, 1.84584, 2.04548, 2.20313, -2.93445, -1.49822, -0.78902], [-1.63751, 1.86707, 2.07539, 2.28492, -3.03537, -1.49831, -0.82602], [-1.39761, 1.50743, 2.01064, 2.26208, -3.07873, -1.46234, -1.061], [-1.15771, 1.14778, 1.94589, 2.23924, -3.12208, -1.42637, -1.29598], [-0.91781, 0.78813, 1.88114, 2.21641, -3.16544, -1.39041, -1.53095], [-0.67791, 0.42849, 1.81639, 2.19357, -3.20879, -1.35444, -1.76593], [-0.64305, 0.37622, 1.80698, 2.19025, -3.2151, -1.34921, -1.80008], [-0.40006, 0.58449, 2.12085, 2.26172, -3.41723, -1.37716, -1.84823], [-0.15707, 0.79276, 2.43472, 2.33318, -3.61937, -1.40512, -1.89638], [0.05206, 0.97202, 2.70487, 2.39469, -3.79334, -1.42917, -1.93783], [0.07503, 1.15371, 2.5017, 2.19799, -3.43329, -1.45514, -1.85923], [0.098, 1.3354, 2.29853, 2.00129, -3.07323, -1.48111, -1.78063], [0.12097, 1.51709, 2.09536, 1.80459, -2.71318, -1.50708, -1.70204], [0.14394, 1.69878, 1.89218, 1.60789, -2.35312, -1.53305, -1.62344], [0.16691, 1.88047, 1.68901, 1.41119, -1.99307, -1.55902, -1.54484]]
end: [0.17132, 1.91536, 1.6499999999999999, 1.3734200000000001, -1.9239299999999999, -1.5640099999999999, -1.5297499999999999]
obtacles: [[[0.6, 0.5, -1.0], [0.9, 0.6, 1.0]], [[0.6, -0.6, -1.0], [0.9, -0.5, 1.0]], [[0.6, -0.6, 0.9], [0.9, 0.6, 1.0]], [[0.6, -0.6, -1.0], [0.9, 0.6, -0.9]], [[0.6, -0.6, 0.5], [0.9, 0.6, 0.6]], [[0.6, -0.6, -0.5], [0.9, 0.6, -0.4]], [[0.6, 0.1, 0.6], [0.9, 0.2, 1.0]], [[0.6, -0.2, -0.5], [0.9, -0.1, 0.6]], [[0.6, -0.2, -1.0], [0.9, -0.1, -0.4]]]
start: [-2.1823199999999998, -1.94008, 1.55, 1.67839, -1.20533, 1.5127200000000001, -2.4371]
tajectories: [[-2.18232, -1.94008, 1.55, 1.67839, -1.20533, 1.51272, -2.4371], [-2.10456, -1.88306, 1.53972, 1.69749, -1.55163, 1.1674, -2.40455], [-2.02679, -1.82603, 1.52944, 1.71659, -1.89792, 0.82208, -2.37199], [-1.94902, -1.769, 1.51916, 1.73569, -2.24422, 0.47675, -2.33944], [-1.87126, -1.71198, 1.50887, 1.75479, -2.59052, 0.13143, -2.30689], [-1.79349, -1.65495, 1.49859, 1.77389, -2.93682, -0.21389, -2.27434], [-1.71573, -1.59792, 1.48831, 1.79299, -3.28311, -0.55922, -2.24179], [-1.63796, -1.54089, 1.47803, 1.81209, -3.62941, -0.90454, -2.20924], [-1.59521, -1.50955, 1.47238, 1.82259, -3.81977, -1.09436, -2.19135], [-1.32555, -1.47274, 1.44764, 1.57026, -3.5831, -0.88924, -2.07489], [-1.05589, -1.43594, 1.4229, 1.31793, -3.34644, -0.68413, -1.95843], [-0.78622, -1.39913, 1.39815, 1.0656, -3.10978, -0.47901, -1.84198], [-0.51656, -1.36232, 1.37341, 0.81326, -2.87312, -0.2739, -1.72552], [-0.27674, -1.32959, 1.35141, 0.58886, -2.66265, -0.09149, -1.62195], [-0.41213, -1.19425, 1.43811, 0.47912, -2.27701, -0.3027, -1.64344], [-0.54753, -1.0589, 1.52481, 0.36938, -1.89138, -0.51392, -1.66494], [-0.68293, -0.92356, 1.6115, 0.25964, -1.50574, -0.72514, -1.68643], [-0.81833, -0.78821, 1.6982, 0.14991, -1.1201, -0.93636, -1.70792], [-0.95373, -0.65287, 1.7849, 0.04017, -0.73447, -1.14758, -1.72941], [-1.01461, -0.59201, 1.82389, -0.00917, -0.56106, -1.24256, -1.73907], [-1.15279, -0.35777, 1.79191, 0.28977, -0.40278, -1.02398, -1.85231], [-1.29097, -0.12353, 1.75994, 0.58871, -0.2445, -0.80541, -1.96556], [-1.42915, 0.11071, 1.72796, 0.88765, -0.08622, -0.58683, -2.0788], [-1.56732, 0.34495, 1.69599, 1.18659, 0.07205, -0.36826, -2.19204], [-1.65959, 0.50137, 1.67463, 1.3862, 0.17774, -0.2223, -2.26766], [-1.44022, 0.53631, 1.64931, 1.29458, -0.01581, -0.40065, -1.91787], [-1.22086, 0.57125, 1.62398, 1.20296, -0.20936, -0.579, -1.56809], [-1.00149, 0.6062, 1.59866, 1.11134, -0.40292, -0.75735, -1.21831], [-0.78212, 0.64114, 1.57333, 1.01972, -0.59647, -0.9357, -0.86852]]
end: [-0.58001999999999998, 0.67332999999999998, 1.55, 0.93530999999999997, -0.77478999999999998, -1.1000099999999999, -0.54627999999999999]
obtacles: [[[0.6, 0.5, -1.0], [0.9, 0.6, 1.0]], [[0.6, -0.6, -1.0], [0.9, -0.5, 1.0]], [[0.6, -0.6, 0.9], [0.9, 0.6, 1.0]], [[0.6, -0.6, -1.0], [0.9, 0.6, -0.9]], [[0.6, -0.6, 0.5], [0.9, 0.6, 0.6]], [[0.6, -0.6, -0.5], [0.9, 0.6, -0.4]], [[0.6, 0.1, 0.6], [0.9, 0.2, 1.0]], [[0.6, -0.2, -0.5], [0.9, -0.1, 0.6]], [[0.6, -0.2, -1.0], [0.9, -0.1, -0.4]]]
start: [-0.99029999999999996, 1.79636, 2.0, 1.72783, -1.74664, -1.1201000000000001, -0.64776]
tajectories: [[-0.9903, 1.79636, 2.0, 1.72783, -1.74664, -1.1201, -0.64776], [-1.05274, 1.73192, 2.03577, 1.85191, -1.51035, -1.00248, -1.04223], [-1.11518, 1.66749, 2.07154, 1.97598, -1.27406, -0.88485, -1.43671], [-1.17763, 1.60305, 2.10731, 2.10006, -1.03777, -0.76723, -1.83118], [-1.24007, 1.53862, 2.14308, 2.22413, -0.80148, -0.6496, -2.22565], [-1.26038, 1.51766, 2.15471, 2.26449, -0.72462, -0.61134, -2.35396], [-1.46618, 1.21537, 1.88675, 2.34212, -0.75229, -0.41825, -2.37366], [-1.67198, 0.91308, 1.6188, 2.41975, -0.77995, -0.22515, -2.39337], [-1.87778, 0.61079, 1.35084, 2.49738, -0.80761, -0.03206, -2.41308], [-2.00188, 0.42851, 1.18927, 2.54418, -0.82429, 0.08437, -2.42496], [-1.95452, 0.08451, 1.01016, 2.48692, -0.86756, 0.29376, -2.20509], [-1.90716, -0.2595, 0.83106, 2.42965, -0.91083, 0.50315, -1.98521], [-1.89456, -0.35105, 0.78339, 2.41441, -0.92234, 0.55888, -1.92669], [-2.02438, -0.6969, 0.98945, 2.32901, -1.01844, 0.78992, -1.89253], [-2.1542, -1.04275, 1.19551, 2.2436, -1.11453, 1.02096, -1.85837], [-2.28402, -1.3886, 1.40157, 2.1582, -1.21063, 1.252, -1.82421], [-2.41384, -1.73445, 1.60763, 2.07279, -1.30672, 1.48304, -1.79004]]
end: [-2.4405399999999999, -1.8055699999999999, 1.6499999999999999, 2.0552299999999999, -1.3264899999999999, 1.5305500000000001, -1.78302]
obtacles: [[[0.6, 0.5, -1.0], [0.9, 0.6, 1.0]], [[0.6, -0.6, -1.0], [0.9, -0.5, 1.0]], [[0.6, -0.6, 0.9], [0.9, 0.6, 1.0]], [[0.6, -0.6, -1.0], [0.9, 0.6, -0.9]], [[0.6, -0.6, 0.5], [0.9, 0.6, 0.6]], [[0.6, -0.6, -0.5], [0.9, 0.6, -0.4]], [[0.6, 0.1, 0.6], [0.9, 0.2, 1.0]], [[0.6, -0.2, -0.5], [0.9, -0.1, 0.6]], [[0.6, -0.2, -1.0], [0.9, -0.1, -0.4]]]
start: [-2.6082000000000001, -1.62686, 1.5, 0.93147000000000002, -1.48356, 1.54755, -2.7465199999999999]
tajectories: [[-2.6082, -1.62686, 1.5, 0.93147, -1.48356, 1.54755, -2.74652], [-2.54718, -1.61362, 1.79521, 1.09107, -1.24534, 1.32102, -2.58709], [-2.48616, -1.60038, 2.09041, 1.25068, -1.00712, 1.0945, -2.42767], [-2.42514, -1.58715, 2.38562, 1.41029, -0.7689, 0.86797, -2.26824], [-2.36711, -1.57456, 2.66638, 1.56208, -0.54234, 0.65254, -2.11661], [-2.31861, -1.49249, 2.37349, 1.75095, -0.39455, 0.35627, -2.01743], [-2.2701, -1.41042, 2.08059, 1.93981, -0.24675, 0.06, -1.91825], [-2.22159, -1.32835, 1.78769, 2.12867, -0.09896, -0.23627, -1.81906], [-2.17308, -1.24628, 1.4948, 2.31754, 0.04883, -0.53254, -1.71988], [-2.12457, -1.16421, 1.2019, 2.5064, 0.19662, -0.82881, -1.6207], [-2.09316, -1.11106, 1.01223, 2.6287, 0.29232, -1.02066, -1.55647], [-1.72865, -0.98973, 0.77475, 2.58482, 0.16189, -0.95258, -1.40669], [-1.36414, -0.86839, 0.53726, 2.54094, 0.03145, -0.8845, -1.25691], [-1.08781, -0.7764, 0.35724, 2.50767, -0.06743, -0.8329, -1.14336], [-1.05154, -0.52351, 0.53988, 2.20896, -0.21779, -0.86239, -0.94673], [-1.01526, -0.27062, 0.72252, 1.91025, -0.36815, -0.89189, -0.7501], [-0.97899, -0.01773, 0.90517, 1.61153, -0.51851, -0.92138, -0.55347], [-0.94271, 0.23517, 1.08781, 1.31282, -0.66887, -0.95088, -0.35684], [-0.90644, 0.48806, 1.27045, 1.01411, -0.81923, -0.98037, -0.16022], [-0.87016, 0.74095, 1.4531, 0.7154, -0.96959, -1.00987, 0.03641]]
end: [-0.86085, 0.80589, 1.5, 0.63868999999999998, -1.0082, -1.0174399999999999, 0.086910000000000001]
obtacles: [[[0.6, 0.5, -1.0], [0.9, 0.6, 1.0]], [[0.6, -0.6, -1.0], [0.9, -0.5, 1.0]], [[0.6, -0.6, 0.9], [0.9, 0.6, 1.0]], [[0.6, -0.6, -1.0], [0.9, 0.6, -0.9]], [[0.6, -0.6, 0.5], [0.9, 0.6, 0.6]], [[0.6, -0.6, -0.5], [0.9, 0.6, -0.4]], [[0.6, 0.1, 0.6], [0.9, 0.2, 1.0]], [[0.6, -0.2, -0.5], [0.9, -0.1, 0.6]], [[0.6, -0.2, -1.0], [0.9, -0.1, -0.4]]]
start: [0.49752999999999997, 1.5414699999999999, -1.6000000000000001, 1.3820300000000001, -1.5941399999999999, 1.5366200000000001, -2.2562700000000002]
tajectories: [[0.49753, 1.54147, -1.6, 1.38203, -1.59414, 1.53662, -2.25627], [0.64962, 1.51939, -1.63209, 1.7826, -1.63773, 1.52983, -2.00538]]
end: [0.73448000000000002, 1.5070699999999999, -1.6499999999999999, 2.0061100000000001, -1.66205, 1.5260400000000001, -1.8653900000000001]
obtacles: [[[0.6, 0.5, -1.0], [0.9, 0.6, 1.0]], [[0.6, -0.6, -1.0], [0.9, -0.5, 1.0]], [[0.6, -0.6, 0.9], [0.9, 0.6, 1.0]], [[0.6, -0.6, -1.0], [0.9, 0.6, -0.9]], [[0.6, -0.6, 0.5], [0.9, 0.6, 0.6]], [[0.6, -0.6, -0.5], [0.9, 0.6, -0.4]], [[0.6, 0.1, 0.6], [0.9, 0.2, 1.0]], [[0.6, -0.2, -0.5], [0.9, -0.1, 0.6]], [[0.6, -0.2, -1.0], [0.9, -0.1, -0.4]]]
start: [0.84941999999999995, 1.95235, -1.55, 1.71173, -4.3316699999999999, -1.53759, 0.85994000000000004]
tajectories: [[0.84942, 1.95235, -1.55, 1.71173, -4.33167, -1.53759, 0.85994], [1.03971, 1.61202, -1.46211, 1.82104, -4.20737, -1.38063, 1.05539], [1.23001, 1.27169, -1.37423, 1.93035, -4.08307, -1.22368, 1.25085], [1.4203, 0.93136, -1.28634, 2.03966, -3.95877, -1.06672, 1.44631], [1.6106, 0.59103, -1.19845, 2.14897, -3.83447, -0.90976, 1.64176], [1.66942, 0.48583, -1.17129, 2.18276, -3.79605, -0.86125, 1.70218], [1.43337, 0.26704, -0.84378, 2.22052, -3.95535, -0.80479, 1.7979], [1.19732, 0.04824, -0.51628, 2.25827, -4.11465, -0.74834, 1.89363], [0.96128, -0.17056, -0.18878, 2.29603, -4.27395, -0.69188, 1.98936], [0.72523, -0.38936, 0.13872, 2.33379, -4.43325, -0.63543, 2.08509], [0.48919, -0.60815, 0.46622, 2.37155, -4.59255, -0.57897, 2.18082], [0.42542, -0.66726, 0.55469, 2.38175, -4.63558, -0.56372, 2.20668], [0.69547, -0.67754, 0.27489, 2.18392, -4.55347, -0.34526, 2.27794], [0.96552, -0.68782, -0.00491, 1.9861, -4.47135, -0.1268, 2.3492], [1.23556, -0.6981, -0.28471, 1.78827, -4.38923, 0.09166, 2.42045], [1.50561, -0.70838, -0.56452, 1.59045, -4.30712, 0.31012, 2.49171], [1.77565, -0.71866, -0.84432, 1.39262, -4.225, 0.52858, 2.56297], [2.0457, -0.72894, -1.12412, 1.1948, -4.14289, 0.74705, 2.63423], [2.31574, -0.73922, -1.40392, 0.99697, -4.06077, 0.96551, 2.70549]]
end: [2.4567299999999999, -0.74458999999999997, -1.55, 0.89370000000000005, -4.0179, 1.0795600000000001, 2.7427000000000001]
obtacles: [[[0.6, 0.5, -1.0], [0.9, 0.6, 1.0]], [[0.6, -0.6, -1.0], [0.9, -0.5, 1.0]], [[0.6, -0.6, 0.9], [0.9, 0.6, 1.0]], [[0.6, -0.6, -1.0], [0.9, 0.6, -0.9]], [[0.6, -0.6, 0.5], [0.9, 0.6, 0.6]], [[0.6, -0.6, -0.5], [0.9, 0.6, -0.4]], [[0.6, 0.1, 0.6], [0.9, 0.2, 1.0]], [[0.6, -0.2, -0.5], [0.9, -0.1, 0.6]], [[0.6, -0.2, -1.0], [0.9, -0.1, -0.4]]]
start: [0.95250000000000001, 1.95259, -1.7, 1.83788, -4.3701800000000004, -1.35548, 0.82301999999999997]
tajectories: [[0.9525, 1.95259, -1.7, 1.83788, -4.37018, -1.35548, 0.82302], [1.04345, 1.84283, -1.43821, 1.84584, -4.1794, -1.30463, 0.4736], [1.13439, 1.73307, -1.17641, 1.85381, -3.98861, -1.25378, 0.12418], [1.22534, 1.62331, -0.91462, 1.86178, -3.79783, -1.20293, -0.22525], [1.31628, 1.51355, -0.65282, 1.86975, -3.60704, -1.15208, -0.57467], [1.40723, 1.40379, -0.39103, 1.87772, -3.41625, -1.10123, -0.9241], [1.49817, 1.29403, -0.12924, 1.88568, -3.22547, -1.05038, -1.27352], [1.58912, 1.18427, 0.13256, 1.89365, -3.03468, -0.99953, -1.62295], [1.66378, 1.09416, 0.34749, 1.90019, -2.87805, -0.95779, -1.90982], [1.7239, 0.85519, -0.00919, 1.74069, -2.70714, -0.96042, -1.9959], [1.78402, 0.61623, -0.36586, 1.5812, -2.53623, -0.96304, -2.08197], [1.84414, 0.37726, -0.72254, 1.4217, -2.36532, -0.96567, -2.16805], [1.90426, 0.1383, -1.07921, 1.2622, -2.19442, -0.9683, -2.25412], [1.96438, -0.10066, -1.43588, 1.1027, -2.02351, -0.97093, -2.3402], [2.0245, -0.33963, -1.79256, 0.9432, -1.8526, -0.97356, -2.42628], [2.08462, -0.57859, -2.14923, 0.78371, -1.68169, -0.97619, -2.51235], [2.11212, -0.68788, -2.31236, 0.71076, -1.60353, -0.97739, -2.55172], [2.19, -0.68972, -2.23392, 0.71025, -1.44065, -1.00209, -2.09277], [2.26789, -0.69157, -2.15549, 0.70973, -1.27777, -1.02679, -1.63381], [2.34578, -0.69342, -2.07706, 0.70922, -1.11489, -1.0515, -1.17486], [2.42367, -0.69526, -1.99862, 0.70871, -0.95201, -1.0762, -0.71591], [2.50155, -0.69711, -1.92019, 0.70819, -0.78913, -1.1009, -0.25695]]
end: [2.5216099999999999, -0.69757999999999998, -1.8999999999999999, 0.70806000000000002, -0.74719999999999998, -1.1072599999999999, -0.13880000000000001]
obtacles: [[[0.6, 0.5, -1.0], [0.9, 0.6, 1.0]], [[0.6, -0.6, -1.0], [0.9, -0.5, 1.0]], [[0.6, -0.6, 0.9], [0.9, 0.6, 1.0]], [[0.6, -0.6, -1.0], [0.9, 0.6, -0.9]], [[0.6, -0.6, 0.5], [0.9, 0.6, 0.6]], [[0.6, -0.6, -0.5], [0.9, 0.6, -0.4]], [[0.6, 0.1, 0.6], [0.9, 0.2, 1.0]], [[0.6, -0.2, -0.5], [0.9, -0.1, 0.6]], [[0.6, -0.2, -1.0], [0.9, -0.1, -0.4]]]
start: [2.24207, -1.42256, -1.6000000000000001, 1.05311, -1.4275100000000001, -1.5227900000000001, -0.15487000000000001]
tajectories: [[2.24207, -1.42256, -1.6, 1.05311, -1.42751, -1.52279, -0.15487], [2.11355, -1.52739, -1.69036, 1.28715, -1.59606, -1.17384, -0.05799], [1.98502, -1.63221, -1.78073, 1.5212, -1.7646, -0.8249, 0.03889], [1.8565, -1.73704, -1.87109, 1.75524, -1.93314, -0.47596, 0.13576], [1.72797, -1.84186, -1.96145, 1.98928, -2.10169, -0.12702, 0.23264], [1.70505, -1.86056, -1.97757, 2.03103, -2.13175, -0.06478, 0.24992], [1.50164, -1.44535, -2.0512, 2.02035, -2.14667, -0.05686, 0.07557], [1.29823, -1.03013, -2.12483, 2.00967, -2.16159, -0.04895, -0.09879], [1.09482, -0.61492, -2.19846, 1.999, -2.17651, -0.04103, -0.27315], [0.89452, -0.20605, -2.27097, 1.98848, -2.1912, -0.03324, -0.44483], [1.02633, 0.07428, -2.31869, 2.20362, -2.44616, -0.03745, -0.64597], [1.15814, 0.35461, -2.36642, 2.41875, -2.70112, -0.04167, -0.84711], [1.28995, 0.63495, -2.41414, 2.63389, -2.95608, -0.04588, -1.04825], [1.33655, 0.73407, -2.43102, 2.70996, -3.04623, -0.04737, -1.11937], [1.22989, 0.94356, -2.15294, 2.68685, -2.86655, 0.22503, -1.22128], [1.12322, 1.15306, -1.87487, 2.66374, -2.68687, 0.49744, -1.32319], [1.01656, 1.36256, -1.59679, 2.64063, -2.5072, 0.76985, -1.4251], [0.9099, 1.57205, -1.31872, 2.61752, -2.32752, 1.04225, -1.52702], [0.82523, 1.73834, -1.098, 2.59918, -2.1849, 1.25847, -1.60791], [0.92028, 1.77399, -1.23506, 2.33843, -1.93656, 1.33027, -1.90132], [1.01533, 1.80963, -1.37212, 2.07767, -1.68821, 1.40206, -2.19472], [1.11037, 1.84528, -1.50918, 1.81692, -1.43986, 1.47385, -2.48813]]
end: [1.1733499999999999, 1.8689, -1.6000000000000001, 1.6441300000000001, -1.27529, 1.52142, -2.68255]
obtacles: [[[0.6, 0.5, -1.0], [0.9, 0.6, 1.0]], [[0.6, -0.6, -1.0], [0.9, -0.5, 1.0]], [[0.6, -0.6, 0.9], [0.9, 0.6, 1.0]], [[0.6, -0.6, -1.0], [0.9, 0.6, -0.9]], [[0.6, -0.6, 0.5], [0.9, 0.6, 0.6]], [[0.6, -0.6, -0.5], [0.9, 0.6, -0.4]], [[0.6, 0.1, 0.6], [0.9, 0.2, 1.0]], [[0.6, -0.2, -0.5], [0.9, -0.1, 0.6]], [[0.6, -0.2, -1.0], [0.9, -0.1, -0.4]]]
start: [0.78676000000000001, 1.9657199999999999, -1.8500000000000001, 1.5337499999999999, -4.2945900000000004, -1.3284800000000001, 0.63917000000000002]
tajectories: [[0.78676, 1.96572, -1.85, 1.53375, -4.29459, -1.32848, 0.63917], [1.00613, 1.71821, -1.70741, 1.71377, -4.30074, -1.34745, 0.93494], [1.2255, 1.4707, -1.56482, 1.89379, -4.30689, -1.36642, 1.2307], [1.44488, 1.22319, -1.42222, 2.07382, -4.31304, -1.38538, 1.52647], [1.66425, 0.97568, -1.27963, 2.25384, -4.31918, -1.40435, 1.82223], [1.88362, 0.72817, -1.13704, 2.43386, -4.32533, -1.42332, 2.118], [2.103, 0.48066, -0.99445, 2.61388, -4.33148, -1.44229, 2.41376], [2.24891, 0.31602, -0.8996, 2.73362, -4.33557, -1.45491, 2.61049], [1.88004, 0.14739, -1.0853, 2.6816, -4.1444, -1.45439, 2.50205], [1.51117, -0.02124, -1.27099, 2.62957, -3.95322, -1.45387, 2.39361], [1.1423, -0.18986, -1.45669, 2.57755, -3.76205, -1.45335, 2.28516], [0.77342, -0.35849, -1.64238, 2.52553, -3.57087, -1.45283, 2.17672], [0.40455, -0.52712, -1.82808, 2.4735, -3.3797, -1.45231, 2.06828], [0.03568, -0.69575, -2.01377, 2.42148, -3.18852, -1.4518, 1.95984], [-0.22983, -0.81713, -2.14743, 2.38403, -3.05091, -1.45142, 1.88178], [-0.46397, -0.50992, -2.14811, 2.07374, -2.98708, -1.44634, 1.86144], [-0.69811, -0.20271, -2.14879, 1.76344, -2.92326, -1.44125, 1.8411], [-0.93225, 0.10451, -2.14946, 1.45314, -2.85943, -1.43616, 1.82076], [-1.16639, 0.41172, -2.15014, 1.14285, -2.7956, -1.43108, 1.80042], [-1.40053, 0.71893, -2.15081, 0.83255, -2.73177, -1.42599, 1.78008], [-1.63467, 1.02615, -2.15149, 0.52225, -2.66794, -1.4209, 1.75974], [-1.7148, 1.13129, -2.15172, 0.41606, -2.64609, -1.41916, 1.75277], [-1.46788, 1.0766, -2.09836, 0.40677, -3.0249, -1.30685, 1.58848], [-1.22095, 1.02192, -2.045, 0.39747, -3.40371, -1.19454, 1.42418], [-0.97402, 0.96723, -1.99164, 0.38818, -3.78252, -1.08224, 1.25989], [-0.72709, 0.91255, -1.93827, 0.37889, -4.16133, -0.96993, 1.09559], [-0.48017, 0.85787, -1.88491, 0.3696, -4.54014, -0.85762, 0.9313]]
end: [-0.31861, 0.82208999999999999, -1.8500000000000001, 0.36352000000000001, -4.7879800000000001, -0.78413999999999995, 0.82381000000000004]
obtacles: [[[0.6, 0.5, -1.0], [0.9, 0.6, 1.0]], [[0.6, -0.6, -1.0], [0.9, -0.5, 1.0]], [[0.6, -0.6, 0.9], [0.9, 0.6, 1.0]], [[0.6, -0.6, -1.0], [0.9, 0.6, -0.9]], [[0.6, -0.6, 0.5], [0.9, 0.6, 0.6]], [[0.6, -0.6, -0.5], [0.9, 0.6, -0.4]], [[0.6, 0.1, 0.6], [0.9, 0.2, 1.0]], [[0.6, -0.2, -0.5], [0.9, -0.1, 0.6]], [[0.6, -0.2, -1.0], [0.9, -0.1, -0.4]]]
start: [0.39705000000000001, 1.46384, -1.45, -0.66527999999999998, -1.5995299999999999, 1.4121900000000001, 2.0750700000000002]
tajectories: [[0.39705, 1.46384, -1.45, -0.66528, -1.59953, 1.41219, 2.07507], [0.42587, 1.45628, -1.43104, -0.37502, -1.20641, 1.41101, 1.97529], [0.45468, 1.44871, -1.41208, -0.08475, -0.81329, 1.40983, 1.87551], [0.4835, 1.44115, -1.39312, 0.20551, -0.42018, 1.40865, 1.77573], [0.51232, 1.43358, -1.37417, 0.49578, -0.02706, 1.40747, 1.67595], [0.54113, 1.42602, -1.35521, 0.78604, 0.36606, 1.40629, 1.57617], [0.56995, 1.41845, -1.33625, 1.07631, 0.75918, 1.40511, 1.47639], [0.59877, 1.41089, -1.31729, 1.36657, 1.1523, 1.40393, 1.37661], [0.60233, 1.40995, -1.31495, 1.40242, 1.20085, 1.40379, 1.36429], [0.64462, 1.2727, -1.18717, 1.50185, 0.9047, 1.13853, 1.57664], [0.68692, 1.13544, -1.0594, 1.60129, 0.60856, 0.87327, 1.789], [0.72921, 0.99819, -0.93162, 1.70073, 0.31242, 0.60801, 2.00135], [0.76805, 0.87213, -0.81428, 1.79205, 0.04044, 0.3644, 2.19638], [0.69386, 0.57702, -0.77666, 2.06819, 0.05942, 0.08316, 2.21329], [0.61968, 0.28191, -0.73903, 2.34432, 0.0784, -0.19807, 2.2302], [0.54549, -0.01321, -0.70141, 2.62046, 0.09738, -0.4793, 2.2471], [0.4713, -0.30832, -0.66379, 2.8966, 0.11636, -0.76054, 2.26401], [0.43731, -0.44353, -0.64656, 3.02312, 0.12505, -0.88939, 2.27176], [0.72666, -0.64808, -0.69004, 2.91752, 0.06794, -0.96188, 1.95101], [1.01602, -0.85262, -0.73351, 2.81193, 0.01083, -1.03436, 1.63026], [1.30537, -1.05716, -0.77699, 2.70633, -0.04628, -1.10685, 1.30951], [1.59473, -1.2617, -0.82047, 2.60074, -0.10338, -1.17933, 0.98876], [1.82322, -1.42322, -0.85481, 2.51735, -0.14848, -1.23657, 0.73548], [1.86814, -1.47305, -0.98755, 2.29531, -0.48404, -1.28512, 0.48324], [1.91307, -1.52289, -1.1203, 2.07328, -0.8196, -1.33366, 0.23101], [1.958, -1.57272, -1.25304, 1.85124, -1.15515, -1.38221, -0.02122], [2.00292, -1.62255, -1.38579, 1.6292, -1.49071, -1.43075, -0.27345]]
end: [2.0246499999999998, -1.64666, -1.45, 1.5218, -1.65303, -1.4542299999999999, -0.39546999999999999]
obtacles: [[[0.6, 0.5, -1.0], [0.9, 0.6, 1.0]], [[0.6, -0.6, -1.0], [0.9, -0.5, 1.0]], [[0.6, -0.6, 0.9], [0.9, 0.6, 1.0]], [[0.6, -0.6, -1.0], [0.9, 0.6, -0.9]], [[0.6, -0.6, 0.5], [0.9, 0.6, 0.6]], [[0.6, -0.6, -0.5], [0.9, 0.6, -0.4]], [[0.6, 0.1, 0.6], [0.9, 0.2, 1.0]], [[0.6, -0.2, -0.5], [0.9, -0.1, 0.6]], [[0.6, -0.2, -1.0], [0.9, -0.1, -0.4]]]
start: [2.0983700000000001, -1.4771700000000001, -1.55, 1.4189400000000001, -1.4813400000000001, -1.5361800000000001, -0.37824999999999998]
tajectories: [[2.09837, -1.47717, -1.55, 1.41894, -1.48134, -1.53618, -0.37825], [1.93889, -1.46112, -1.49684, 1.64338, -1.19143, -1.319, -0.17851], [1.7794, -1.44506, -1.44368, 1.86782, -0.90153, -1.10181, 0.02122], [1.61992, -1.42901, -1.39053, 2.09227, -0.61162, -0.88463, 0.22095], [1.46043, -1.41296, -1.33737, 2.31671, -0.32172, -0.66745, 0.42069], [1.30095, -1.39691, -1.28421, 2.54115, -0.03181, -0.45026, 0.62042], [1.14146, -1.38086, -1.23105, 2.76559, 0.2581, -0.23308, 0.82015], [1.04699, -1.37135, -1.19956, 2.89854, 0.42983, -0.10443, 0.93847], [1.19044, -0.9919, -1.31166, 2.785, 0.19368, -0.09929, 0.87377], [1.3339, -0.61244, -1.42376, 2.67147, -0.04247, -0.09415, 0.80908], [1.47735, -0.23298, -1.53585, 2.55793, -0.27861, -0.08901, 0.74439], [1.6208, 0.14647, -1.64795, 2.44439, -0.51476, -0.08387, 0.67969], [1.76426, 0.52593, -1.76005, 2.33085, -0.75091, -0.07873, 0.615], [1.90771, 0.90539, -1.87214, 2.21731, -0.98705, -0.07359, 0.55031], [2.05117, 1.28484, -1.98424, 2.10377, -1.2232, -0.06845, 0.48561], [2.15253, 1.55296, -2.06345, 2.02355, -1.39006, -0.06482, 0.4399], [2.05605, 1.58406, -1.84853, 2.13889, -1.54153, 0.05587, 0.81768], [1.95956, 1.61515, -1.63361, 2.25424, -1.693, 0.17657, 1.19546], [1.86308, 1.64624, -1.41869, 2.36959, -1.84448, 0.29726, 1.57324], [1.76659, 1.67733, -1.20376, 2.48494, -1.99595, 0.41796, 1.95102], [1.67011, 1.70843, -0.98884, 2.60028, -2.14742, 0.53865, 2.32879], [1.57362, 1.73952, -0.77392, 2.71563, -2.29889, 0.65935, 2.70657], [1.55237, 1.74637, -0.72658, 2.74104, -2.33226, 0.68593, 2.78979], [1.39547, 1.67369, -0.87469, 2.33007, -2.21698, 0.8099, 2.8145], [1.23857, 1.60102, -1.0228, 1.9191, -2.1017, 0.93387, 2.83921], [1.08167, 1.52834, -1.1709, 1.50812, -1.98642, 1.05783, 2.86392], [0.92477, 1.45567, -1.31901, 1.09715, -1.87114, 1.1818, 2.88863], [0.76787, 1.38299, -1.46711, 0.68618, -1.75586, 1.30577, 2.91335]]
end: [0.68006, 1.34232, -1.55, 0.45618999999999998, -1.6913400000000001, 1.37514, 2.9271799999999999]
