obtacles: [[[0.6, 0.5, -1.0], [0.9, 0.6, 1.0]], [[0.6, -0.6, -1.0], [0.9, -0.5, 1.0]], [[0.6, -0.6, 0.9], [0.9, 0.6, 1.0]], [[0.6, -0.6, -1.0], [0.9, 0.6, -0.9]], [[0.6, -0.6, 0.5], [0.9, 0.6, 0.6]], [[0.6, -0.6, -0.6], [0.9, 0.6, -0.5]], [[0.6, -0.2, 0.6], [0.9, -0.1, 1.0]], [[0.6, 0.0, -0.6], [0.9, 0.1, 0.6]], [[0.6, 0.2, -1.0], [0.9, 0.3, -0.5]]]
start: [0.92574999999999996, 1.70448, -1.6499999999999999, 1.64696, -4.5846099999999996, -1.4823500000000001, 0.71023999999999998]
tajectories: [[0.92575, 1.70448, -1.65, 1.64696, -4.58461, -1.48235, 0.71024], [1.2228, 1.51102, -1.73971, 1.80993, -4.55076, -1.22958, 0.55314], [1.51985, 1.31755, -1.82942, 1.9729, -4.5169, -0.9768, 0.39603], [1.81691, 1.12409, -1.91913, 2.13588, -4.48305, -0.72403, 0.23892], [2.11396, 0.93062, -2.00884, 2.29885, -4.44919, -0.47126, 0.08181], [2.41101, 0.73716, -2.09855, 2.46182, -4.41534, -0.21848, -0.07529], [2.47229, 0.69725, -2.11706, 2.49544, -4.40835, -0.16634, -0.1077], [2.37492, 0.54979, -1.94027, 2.40284, -4.03121, -0.0401, 0.03641], [2.27755, 0.40232, -1.76348, 2.31024, -3.65406, 0.08615, 0.18052], [2.18019, 0.25486, -1.5867, 2.21764, -3.27691, 0.21239, 0.32463], [2.08282, 0.1074, -1.40991, 2.12504, -2.89977, 0.33864, 0.46874], [1.98545, -0.04006, -1.23312, 2.03244, -2.52262, 0.46488, 0.61286], [1.88808, -0.18752, -1.05633, 1.93983, -2.14547, 0.59113, 0.75697], [1.79072, -0.33498, -0.87954, 1.84723, -1.76832, 0.71737, 0.90108], [1.78325, -0.34629, -0.86599, 1.84013, -1.73941, 0.72705, 0.91213], [1.80737, -0.44517, -0.86548, 1.66513, -1.71491, 0.37746, 1.20572], [1.83149, -0.54406, -0.86496, 1.49013, -1.6904, 0.02787, 1.49932], [1.8556, -0.64294, -0.86445, 1.31512, -1.6659, -0.32172, 1.79292], [1.87972, -0.74183, -0.86393, 1.14012, -1.6414, -0.67131, 2.08652], [1.90384, -0.84071, -0.86341, 0.96512, -1.61689, -1.0209, 2.38011], [1.91016, -0.86663, -0.86328, 0.91925, -1.61047, -1.11253, 2.45707], [1.98488, -0.85513, -1.01557, 0.85547, -1.49817, -1.09015, 2.0055], [2.05961, -0.84362, -1.16786, 0.7917, -1.38586, -1.06777, 1.55394], [2.13434, -0.83212, -1.32015, 0.72792, -1.27356, -1.04538, 1.10237], [2.20907, -0.82061, -1.47244, 0.66415, -1.16126, -1.023, 0.65081], [2.28379, -0.80911, -1.62473, 0.60037, -1.04896, -1.00061, 0.19924]]
end: [2.2961900000000002, -0.80720000000000003, -1.6499999999999999, 0.58979000000000004, -1.0303199999999999, -0.99690000000000001, 0.12429999999999999]
obtacles: [[[0.6, 0.5, -1.0], [0.9, 0.6, 1.0]], [[0.6, -0.6, -1.0], [0.9, -0.5, 1.0]], [[0.6, -0.6, 0.9], [0.9, 0.6, 1.0]], [[0.6, -0.6, -1.0], [0.9, 0.6, -0.9]], [[0.6, -0.6, 0.5], [0.9, 0.6, 0.6]], [[0.6, -0.6, -0.6], [0.9, 0.6, -0.5]], [[0.6, -0.2, 0.6], [0.9, -0.1, 1.0]], [[0.6, 0.0, -0.6], [0.9, 0.1, 0.6]], [[0.6, 0.2, -1.0], [0.9, 0.3, -0.5]]]
start: [0.77558000000000005, 1.71993, -1.7, 1.14167, -4.5228599999999997, -1.5167299999999999, 0.35127999999999998]
tajectories: [[0.77558, 1.71993, -1.7, 1.14167, -4.52286, -1.51673, 0.35128]]
end: [0.82969999999999999, 1.53979, -1.7, 1.02691, -4.6719400000000002, -1.4442200000000001, 0.19664999999999999]
obtacles: [[[0.6, 0.5, -1.0], [0.9, 0.6, 1.0]], [[0.6, -0.6, -1.0], [0.9, -0.5, 1.0]], [[0.6, -0.6, 0.9], [0.9, 0.6, 1.0]], [[0.6, -0.6, -1.0], [0.9, 0.6, -0.9]], [[0.6, -0.6, 0.5], [0.9, 0.6, 0.6]], [[0.6, -0.6, -0.6], [0.9, 0.6, -0.5]], [[0.6, -0.2, 0.6], [0.9, -0.1, 1.0]], [[0.6, 0.0, -0.6], [0.9, 0.1, 0.6]], [[0.6, 0.2, -1.0], [0.9, 0.3, -0.5]]]
start: [-2.0392800000000002, -1.2706299999999999, 1.6000000000000001, 1.36551, -1.87059, 1.53782, -2.8778299999999999]
tajectories: [[-2.03928, -1.27063, 1.6, 1.36551, -1.87059, 1.53782, -2.87783], [-2.0124, -1.3321, 1.68897, 1.56622, -1.61828, 1.48114, -2.51669], [-1.98552, -1.39357, 1.77794, 1.76693, -1.36596, 1.42446, -2.15555], [-1.95863, -1.45504, 1.86692, 1.96765, -1.11365, 1.36778, -1.79441], [-1.93175, -1.51651, 1.95589, 2.16836, -0.86134, 1.3111, -1.43326], [-1.90487, -1.57798, 2.04486, 2.36907, -0.60903, 1.25442, -1.07212], [-1.88242, -1.62931, 2.11916, 2.53668, -0.39834, 1.20709, -0.77055], [-1.96429, -1.21258, 2.14814, 2.44605, -0.54537, 1.00996, -0.76051], [-2.04615, -0.79586, 2.17713, 2.35543, -0.69241, 0.81282, -0.75048], [-2.12802, -0.37913, 2.20611, 2.2648, -0.83945, 0.61568, -0.74045], [-2.20989, 0.0376, 2.23509, 2.17418, -0.98648, 0.41855, -0.73042], [-2.29175, 0.45433, 2.26408, 2.08356, -1.13352, 0.22141, -0.72039], [-2.32542, 0.6257, 2.276, 2.04629, -1.19399, 0.14034, -0.71626], [-2.12332, 0.6751, 1.98459, 2.05925, -1.51933, 0.05436, -0.80787], [-1.92123, 0.7245, 1.69318, 2.0722, -1.84466, -0.03161, -0.89948], [-1.71913, 0.7739, 1.40177, 2.08516, -2.17, -0.11759, -0.99109], [-1.53836, 0.81809, 1.14111, 2.09674, -2.46101, -0.1945, -1.07304], [-1.42049, 1.0117, 1.24702, 1.9327, -2.27634, -0.5092, -0.90766], [-1.30262, 1.20532, 1.35294, 1.76866, -2.09167, -0.8239, -0.74228], [-1.18475, 1.39894, 1.45885, 1.60462, -1.907, -1.13861, -0.5769], [-1.06688, 1.59256, 1.56476, 1.44058, -1.72233, -1.45331, -0.41152]]
end: [-1.02766, 1.6569799999999999, 1.6000000000000001, 1.3859999999999999, -1.6608799999999999, -1.55802, -0.35649999999999998]
obtacles: [[[0.6, 0.5, -1.0], [0.9, 0.6, 1.0]], [[0.6, -0.6, -1.0], [0.9, -0.5, 1.0]], [[0.6, -0.6, 0.9], [0.9, 0.6, 1.0]], [[0.6, -0.6, -1.0], [0.9, 0.6, -0.9]], [[0.6, -0.6, 0.5], [0.9, 0.6, 0.6]], [[0.6, -0.6, -0.6], [0.9, 0.6, -0.5]], [[0.6, -0.2, 0.6], [0.9, -0.1, 1.0]], [[0.6, 0.0, -0.6], [0.9, 0.1, 0.6]], [[0.6, 0.2, -1.0], [0.9, 0.3, -0.5]]]
start: [-0.96042000000000005, 1.8828499999999999, 1.6499999999999999, 1.4212400000000001, -1.8911800000000001, -1.5420799999999999, -0.44370999999999999]
tajectories: [[-0.96042, 1.88285, 1.65, 1.42124, -1.89118, -1.54208, -0.44371], [-0.97994, 1.64376, 1.56414, 1.58153, -1.79169, -1.2, -0.62392], [-0.99946, 1.40466, 1.47828, 1.74182, -1.69219, -0.85793, -0.80412], [-1.01897, 1.16557, 1.39241, 1.90211, -1.59269, -0.51586, -0.98433], [-1.03849, 0.92648, 1.30655, 2.06239, -1.49319, -0.17378, -1.16454], [-1.058, 0.68739, 1.22069, 2.22268, -1.39369, 0.16829, -1.34474], [-1.07752, 0.44829, 1.13483, 2.38297, -1.29419, 0.51037, -1.52495], [-1.08761, 0.32471, 1.09045, 2.46582, -1.24276, 0.68718, -1.6181], [-0.84566, 0.28089, 1.31978, 2.58113, -1.42692, 0.90481, -1.41225], [-0.60372, 0.23707, 1.54912, 2.69644, -1.61108, 1.12244, -1.2064], [-0.36177, 0.19324, 1.77846, 2.81174, -1.79524, 1.34007, -1.00054], [-0.33619, 0.18861, 1.80271, 2.82393, -1.81471, 1.36308, -0.97878], [-0.65436, 0.06555, 1.78108, 2.55585, -1.89429, 1.33045, -1.2109], [-0.97254, -0.05751, 1.75946, 2.28776, -1.97387, 1.29782, -1.44303], [-1.29072, -0.18056, 1.73783, 2.01967, -2.05345, 1.26518, -1.67516], [-1.6089, -0.30362, 1.7162, 1.75159, -2.13302, 1.23255, -1.90729], [-1.92708, -0.42668, 1.69458, 1.4835, -2.2126, 1.19992, -2.13942], [-2.24526, -0.54973, 1.67295, 1.21541, -2.29218, 1.16728, -2.37154], [-2.56344, -0.67279, 1.65133, 0.94733, -2.37176, 1.13465, -2.60367]]
end: [-2.58297, -0.68033999999999994, 1.6499999999999999, 0.93086999999999998, -2.3766400000000001, 1.1326499999999999, -2.6179199999999998]
