obtacles: [[[0.6, 0.5, -1.0], [0.9, 0.6, 1.0]], [[0.6, -0.6, -1.0], [0.9, -0.5, 1.0]], [[0.6, -0.6, 0.9], [0.9, 0.6, 1.0]], [[0.6, -0.6, -1.0], [0.9, 0.6, -0.9]], [[0.6, -0.6, 0.4], [0.9, 0.6, 0.5]], [[0.6, -0.6, -0.4], [0.9, 0.6, -0.3]], [[0.6, 0.1, 0.5], [0.9, 0.2, 1.0]], [[0.6, 0.1, -0.4], [0.9, 0.2, 0.5]], [[0.6, 0.2, -1.0], [0.9, 0.3, -0.3]]]
start: [-0.84943999999999997, 1.4546600000000001, 1.6000000000000001, 1.22475, -1.4712499999999999, -1.5041599999999999, -0.38033]
tajectories: [[-0.84944, 1.45466, 1.6, 1.22475, -1.47125, -1.50416, -0.38033], [-0.93135, 1.37728, 1.38332, 1.42402, -1.42647, -1.35827, -0.73719], [-1.01326, 1.2999, 1.16664, 1.6233, -1.38168, -1.21238, -1.09406], [-1.09517, 1.22251, 0.94996, 1.82257, -1.3369, -1.0665, -1.45092], [-1.17707, 1.14513, 0.73327, 2.02184, -1.29212, -0.92061, -1.80779], [-1.25898, 1.06775, 0.51659, 2.22112, -1.24734, -0.77472, -2.16465], [-1.29854, 1.03037, 0.41195, 2.31736, -1.22571, -0.70426, -2.337], [-1.18726, 0.998, 0.5424, 2.52155, -1.14736, -0.87543, -1.95962], [-1.07597, 0.96563, 0.67286, 2.72574, -1.06902, -1.04659, -1.58223], [-0.99627, 0.94244, 0.76629, 2.87199, -1.0129, -1.16919, -1.31194], [-0.97882, 0.55629, 0.95078, 2.83711, -1.2073, -1.13322, -1.14995], [-0.96138, 0.17013, 1.13528, 2.80223, -1.4017, -1.09726, -0.98796], [-0.94393, -0.21602, 1.31977, 2.76735, -1.59611, -1.0613, -0.82597], [-0.94184, -0.26235, 1.3419, 2.76317, -1.61943, -1.05698, -0.80653], [-1.05493, -0.57749, 1.31137, 2.7488, -1.78791, -1.05461, -0.47734], [-1.16802, -0.89263, 1.28084, 2.73443, -1.95639, -1.05223, -0.14815], [-1.28112, -1.20777, 1.25031, 2.72005, -2.12487, -1.04986, 0.18105], [-1.33409, -1.35536, 1.23601, 2.71332, -2.20378, -1.04874, 0.33523], [-1.44429, -1.44588, 1.28436, 2.48271, -2.61103, -1.13785, 0.31658], [-1.55449, -1.5364, 1.33272, 2.2521, -3.01829, -1.22696, 0.29793], [-1.66469, -1.62692, 1.38107, 2.02149, -3.42554, -1.31607, 0.27928], [-1.7749, -1.71744, 1.42943, 1.79088, -3.83279, -1.40517, 0.26063], [-1.8851, -1.80796, 1.47778, 1.56027, -4.24004, -1.49428, 0.24198]]
end: [-1.93573, -1.84955, 1.5, 1.4543200000000001, -4.4271599999999998, -1.53522, 0.23341999999999999]
obtacles: [[[0.6, 0.5, -1.0], [0.9, 0.6, 1.0]], [[0.6, -0.6, -1.0], [0.9, -0.5, 1.0]], [[0.6, -0.6, 0.9], [0.9, 0.6, 1.0]], [[0.6, -0.6, -1.0], [0.9, 0.6, -0.9]], [[0.6, -0.6, 0.4], [0.9, 0.6, 0.5]], [[0.6, -0.6, -0.4], [0.9, 0.6, -0.3]], [[0.6, 0.1, 0.5], [0.9, 0.2, 1.0]], [[0.6, 0.1, -0.4], [0.9, 0.2, 0.5]], [[0.6, 0.2, -1.0], [0.9, 0.3, -0.3]]]
start: [-0.78930999999999996, 1.8867499999999999, 1.5, 1.88652, -1.8927400000000001, -1.5382199999999999, -1.1032]
tajectories: [[-0.78931, 1.88675, 1.5, 1.88652, -1.89274, -1.53822, -1.1032], [-0.97381, 1.86924, 1.5295, 2.09369, -1.5031, -1.50548, -1.24095], [-1.15831, 1.85172, 1.559, 2.30087, -1.11347, -1.47273, -1.3787], [-1.3428, 1.83421, 1.5885, 2.50804, -0.72384, -1.43999, -1.51646], [-1.5273, 1.81669, 1.61801, 2.71522, -0.3342, -1.40725, -1.65421], [-1.56417, 1.81319, 1.6239, 2.75662, -0.25634, -1.4007, -1.68173], [-1.5926, 1.58352, 1.77782, 2.398, -0.19432, -1.20037, -1.69452], [-1.62103, 1.35386, 1.93175, 2.03937, -0.13231, -1.00004, -1.70731], [-1.64946, 1.12419, 2.08567, 1.68075, -0.07029, -0.79971, -1.7201], [-1.6779, 0.89452, 2.23959, 1.32213, -0.00827, -0.59938, -1.73288], [-1.70633, 0.66485, 2.39352, 0.96351, 0.05374, -0.39905, -1.74567], [-1.73476, 0.43518, 2.54744, 0.60489, 0.11576, -0.19872, -1.75846], [-1.74344, 0.36503, 2.59446, 0.49535, 0.1347, -0.13753, -1.76236], [-1.32636, 0.20895, 2.45275, 0.66589, 0.17007, -0.10208, -1.76496], [-0.90928, 0.05287, 2.31103, 0.83643, 0.20545, -0.06662, -1.76756], [-0.49219, -0.10321, 2.16932, 1.00697, 0.24082, -0.03117, -1.77016], [-0.07511, -0.25929, 2.02761, 1.17751, 0.27619, 0.00428, -1.77277], [0.34197, -0.41536, 1.8859, 1.34806, 0.31157, 0.03973, -1.77537], [0.59764, -0.51104, 1.79903, 1.4526, 0.33325, 0.06147, -1.77696], [0.51063, -0.23272, 1.73796, 1.34041, 0.07359, -0.19539, -1.65345], [0.42361, 0.04559, 1.67688, 1.22822, -0.18607, -0.45224, -1.52994], [0.33659, 0.32391, 1.61581, 1.11604, -0.44573, -0.7091, -1.40644], [0.24958, 0.60223, 1.55473, 1.00385, -0.70539, -0.96595, -1.28293]]
end: [0.1716, 0.85163, 1.5, 0.90332000000000001, -0.93806999999999996, -1.19611, -1.17225]
obtacles: [[[0.6, 0.5, -1.0], [0.9, 0.6, 1.0]], [[0.6, -0.6, -1.0], [0.9, -0.5, 1.0]], [[0.6, -0.6, 0.9], [0.9, 0.6, 1.0]], [[0.6, -0.6, -1.0], [0.9, 0.6, -0.9]], [[0.6, -0.6, 0.4], [0.9, 0.6, 0.5]], [[0.6, -0.6, -0.4], [0.9, 0.6, -0.3]], [[0.6, 0.1, 0.5], [0.9, 0.2, 1.0]], [[0.6, 0.1, -0.4], [0.9, 0.2, 0.5]], [[0.6, 0.2, -1.0], [0.9, 0.3, -0.3]]]
start: [-2.43859, -1.8831100000000001, 1.25, 0.83345000000000002, -4.2687299999999997, -1.55525, 0.076020000000000004]
tajectories: [[-2.43859, -1.88311, 1.25, 0.83345, -4.26873, -1.55525, 0.07602], [-2.30567, -1.88198, 1.19689, 1.14412, -4.20507, -1.20834, 0.16872], [-2.17275, -1.88084, 1.14378, 1.45479, -4.14142, -0.86143, 0.26143], [-2.03983, -1.8797, 1.09066, 1.76547, -4.07777, -0.51452, 0.35414], [-1.90691, -1.87856, 1.03755, 2.07614, -4.01411, -0.16761, 0.44685], [-1.77399, -1.87742, 0.98444, 2.38681, -3.95046, 0.17931, 0.53956], [-1.64107, -1.87628, 0.93133, 2.69748, -3.8868, 0.52622, 0.63227], [-1.5776, -1.87574, 0.90596, 2.84583, -3.85641, 0.69187, 0.67654], [-1.49412, -1.573, 0.72202, 2.65415, -3.79182, 0.56344, 0.92176], [-1.41064, -1.27025, 0.53807, 2.46247, -3.72722, 0.43501, 1.16698], [-1.32717, -0.96751, 0.35412, 2.27079, -3.66263, 0.30657, 1.4122], [-1.24369, -0.66477, 0.17017, 2.07911, -3.59804, 0.17814, 1.65741], [-1.16021, -0.36202, -0.01378, 1.88743, -3.53345, 0.0497, 1.90263], [-1.14337, -0.30097, -0.05087, 1.84877, -3.52042, 0.0238, 1.95208], [-1.03315, -0.1193, 0.22474, 1.68883, -3.55518, 0.29982, 2.11304], [-0.92292, 0.06237, 0.50036, 1.5289, -3.58993, 0.57584, 2.274], [-0.81269, 0.24405, 0.77598, 1.36896, -3.62469, 0.85186, 2.43495], [-0.70246, 0.42572, 1.05159, 1.20902, -3.65945, 1.12787, 2.59591]]
end: [-0.62311000000000005, 0.55649999999999999, 1.25, 1.09388, -3.6844700000000001, 1.32657, 2.7117800000000001]
obtacles: [[[0.6, 0.5, -1.0], [0.9, 0.6, 1.0]], [[0.6, -0.6, -1.0], [0.9, -0.5, 1.0]], [[0.6, -0.6, 0.9], [0.9, 0.6, 1.0]], [[0.6, -0.6, -1.0], [0.9, 0.6, -0.9]], [[0.6, -0.6, 0.4], [0.9, 0.6, 0.5]], [[0.6, -0.6, -0.4], [0.9, 0.6, -0.3]], [[0.6, 0.1, 0.5], [0.9, 0.2, 1.0]], [[0.6, 0.1, -0.4], [0.9, 0.2, 0.5]], [[0.6, 0.2, -1.0], [0.9, 0.3, -0.3]]]
start: [-2.2867099999999998, -1.8928100000000001, 1.45, 1.3405400000000001, -1.22976, 1.53172, -2.6823000000000001]
tajectories: [[-2.28671, -1.89281, 1.45, 1.34054, -1.22976, 1.53172, -2.6823], [-2.145, -1.86856, 1.39917, 1.55015, -0.99007, 1.27128, -2.44245], [-2.00329, -1.84431, 1.34833, 1.75975, -0.75038, 1.01084, -2.2026], [-1.86157, -1.82007, 1.2975, 1.96936, -0.51069, 0.7504, -1.96274], [-1.71986, -1.79582, 1.24667, 2.17897, -0.271, 0.48996, -1.72289], [-1.64913, -1.78372, 1.2213, 2.28358, -0.15137, 0.35997, -1.60318], [-1.6593, -1.38562, 1.06638, 2.19492, -0.08227, 0.13258, -1.65863], [-1.66946, -0.98753, 0.91146, 2.10625, -0.01316, -0.09481, -1.71407], [-1.67963, -0.58944, 0.75654, 2.01759, 0.05595, -0.3222, -1.76951], [-1.68663, -0.31516, 0.6498, 1.9565, 0.10356, -0.47887, -1.80771], [-1.51065, -0.15346, 0.60193, 1.81303, -0.131, -0.623, -1.50075], [-1.33468, 0.00823, 0.55405, 1.66956, -0.36555, -0.76713, -1.19379], [-1.1587, 0.16992, 0.50618, 1.5261, -0.60011, -0.91126, -0.88684], [-0.98272, 0.33161, 0.4583, 1.38263, -0.83467, -1.05539, -0.57988], [-0.85161, 0.45208, 0.42263, 1.27574, -1.00943, -1.16277, -0.35118], [-0.85945, 0.59988, 0.74125, 1.01081, -1.06048, -1.1244, -0.12247], [-0.86729, 0.74768, 1.05986, 0.74587, -1.11154, -1.08604, 0.10624], [-0.87513, 0.89548, 1.37848, 0.48093, -1.16259, -1.04767, 0.33494]]
end: [-0.87688999999999995, 0.92864999999999998, 1.45, 0.42146, -1.17405, -1.0390600000000001, 0.38628000000000001]
obtacles: [[[0.6, 0.5, -1.0], [0.9, 0.6, 1.0]], [[0.6, -0.6, -1.0], [0.9, -0.5, 1.0]], [[0.6, -0.6, 0.9], [0.9, 0.6, 1.0]], [[0.6, -0.6, -1.0], [0.9, 0.6, -0.9]], [[0.6, -0.6, 0.4], [0.9, 0.6, 0.5]], [[0.6, -0.6, -0.4], [0.9, 0.6, -0.3]], [[0.6, 0.1, 0.5], [0.9, 0.2, 1.0]], [[0.6, 0.1, -0.4], [0.9, 0.2, 0.5]], [[0.6, 0.2, -1.0], [0.9, 0.3, -0.3]]]
start: [0.85424, 1.6887000000000001, -1.6499999999999999, 1.2497100000000001, -1.4338599999999999, 1.53335, -2.7533599999999998]
tajectories: [[0.85424, 1.6887, -1.65, 1.24971, -1.43386, 1.53335, -2.75336], [1.1267, 1.63857, -1.56117, 1.57993, -1.39568, 1.53139, -2.51915], [1.39916, 1.58844, -1.47233, 1.91014, -1.3575, 1.52942, -2.28493], [1.67163, 1.53832, -1.3835, 2.24036, -1.31932, 1.52745, -2.05071], [1.94409, 1.48819, -1.29466, 2.57057, -1.28114, 1.52549, -1.8165], [2.17645, 1.44544, -1.2189, 2.85219, -1.24858, 1.52381, -1.61675], [1.87031, 1.1934, -1.33453, 2.65592, -1.2497, 1.53241, -1.81872], [1.56417, 0.94137, -1.45015, 2.45966, -1.25082, 1.541, -2.02069], [1.25803, 0.68933, -1.56578, 2.26339, -1.25194, 1.5496, -2.22266], [0.9519, 0.43729, -1.68141, 2.06712, -1.25306, 1.5582, -2.42463], [0.64932, 0.18819, -1.79569, 1.87314, -1.25417, 1.5667, -2.62425], [0.47763, 0.37856, -1.75302, 1.64538, -1.53829, 1.46056, -2.42779], [0.30594, 0.56893, -1.71036, 1.41761, -1.8224, 1.35441, -2.23134], [0.13425, 0.75931, -1.6677, 1.18984, -2.10652, 1.24827, -2.03488]]
end: [0.063030000000000003, 0.83828000000000003, -1.6499999999999999, 1.0953599999999999, -2.2243900000000001, 1.20424, -1.9533799999999999]
obtacles: [[[0.6, 0.5, -1.0], [0.9, 0.6, 1.0]], [[0.6, -0.6, -1.0], [0.9, -0.5, 1.0]], [[0.6, -0.6, 0.9], [0.9, 0.6, 1.0]], [[0.6, -0.6, -1.0], [0.9, 0.6, -0.9]], [[0.6, -0.6, 0.4], [0.9, 0.6, 0.5]], [[0.6, -0.6, -0.4], [0.9, 0.6, -0.3]], [[0.6, 0.1, 0.5], [0.9, 0.2, 1.0]], [[0.6, 0.1, -0.4], [0.9, 0.2, 0.5]], [[0.6, 0.2, -1.0], [0.9, 0.3, -0.3]]]
start: [-0.24043, 1.8331999999999999, -1.3, -0.84462000000000004, -1.9450499999999999, 1.5498700000000001, 2.5773199999999998]
tajectories: [[-0.24043, 1.8332, -1.3, -0.84462, -1.94505, 1.54987, 2.57732], [-0.26367, 1.79078, -1.08284, -0.63559, -1.97603, 1.16843, 2.47558], [-0.28691, 1.74836, -0.86569, -0.42655, -2.007, 0.78699, 2.37384], [-0.31015, 1.70594, -0.64853, -0.21751, -2.03797, 0.40555, 2.2721], [-0.33339, 1.66352, -0.43137, -0.00847, -2.06895, 0.02411, 2.17036], [-0.35662, 1.62111, -0.21421, 0.20056, -2.09992, -0.35733, 2.06862], [-0.37986, 1.57869, 0.00294, 0.4096, -2.1309, -0.73877, 1.96688], [-0.40218, 1.53795, 0.21152, 0.61037, -2.16064, -1.10513, 1.86916], [-0.47272, 1.42847, 0.25481, 0.87443, -2.05277, -0.92827, 1.52489], [-0.54326, 1.31899, 0.29811, 1.13848, -1.94489, -0.75141, 1.18061], [-0.61379, 1.20951, 0.3414, 1.40253, -1.83701, -0.57455, 0.83634], [-0.68433, 1.10003, 0.3847, 1.66658, -1.72913, -0.39768, 0.49207], [-0.75487, 0.99056, 0.42799, 1.93064, -1.62126, -0.22082, 0.1478], [-0.75942, 0.98349, 0.43078, 1.94768, -1.61429, -0.2094, 0.12557], [-0.47775, 1.2695, 0.22203, 2.12178, -1.71209, -0.14502, 0.16103], [-0.19607, 1.55552, 0.01328, 2.29587, -1.8099, -0.08063, 0.19648], [-0.1183, 1.63449, -0.04436, 2.34394, -1.8369, -0.06286, 0.20627], [-0.15865, 1.53746, -0.30017, 2.2025, -2.10448, -0.30946, 0.06101], [-0.199, 1.44042, -0.55598, 2.06107, -2.37207, -0.55606, -0.08425], [-0.23935, 1.34339, -0.81179, 1.91963, -2.63965, -0.80266, -0.22951], [-0.2797, 1.24636, -1.0676, 1.7782, -2.90723, -1.04926, -0.37476], [-0.32005, 1.14932, -1.32341, 1.63676, -3.17482, -1.29586, -0.52002], [-0.34964, 1.07815, -1.51105, 1.53302, -3.37109, -1.47674, -0.62657], [-0.19509, 0.95096, -1.5684, 1.51761, -3.42164, -1.43859, -1.07646], [-0.04053, 0.82378, -1.62576, 1.50221, -3.47219, -1.40043, -1.52635], [0.11402, 0.69659, -1.68312, 1.4868, -3.52274, -1.36228, -1.97623], [0.26857, 0.56941, -1.74047, 1.4714, -3.57329, -1.32412, -2.42612], [0.35638, 0.49714, -1.77306, 1.46265, -3.60201, -1.30245, -2.68174], [0.25929, 0.53743, -1.69338, 1.32721, -3.38519, -0.90208, -2.59835], [0.1622, 0.57771, -1.6137, 1.19176, -3.16837, -0.50172, -2.51496], [0.06511, 0.61799, -1.53403, 1.05632, -2.95154, -0.10135, -2.43157], [-0.03198, 0.65827, -1.45435, 0.92088, -2.73472, 0.29901, -2.34818], [-0.12907, 0.69856, -1.37467, 0.78544, -2.5179, 0.69938, -2.26479]]
end: [-0.22006000000000001, 0.73631000000000002, -1.3, 0.65851000000000004, -2.3147000000000002, 1.0745899999999999, -2.1866400000000001]
obtacles: [[[0.6, 0.5, -1.0], [0.9, 0.6, 1.0]], [[0.6, -0.6, -1.0], [0.9, -0.5, 1.0]], [[0.6, -0.6, 0.9], [0.9, 0.6, 1.0]], [[0.6, -0.6, -1.0], [0.9, 0.6, -0.9]], [[0.6, -0.6, 0.4], [0.9, 0.6, 0.5]], [[0.6, -0.6, -0.4], [0.9, 0.6, -0.3]], [[0.6, 0.1, 0.5], [0.9, 0.2, 1.0]], [[0.6, 0.1, -0.4], [0.9, 0.2, 0.5]], [[0.6, 0.2, -1.0], [0.9, 0.3, -0.3]]]
start: [2.0657000000000001, -1.6520900000000001, -1.3, 1.4227799999999999, -1.6947300000000001, -1.31633, -0.31992999999999999]
tajectories: [[2.0657, -1.65209, -1.3, 1.42278, -1.69473, -1.31633, -0.31993], [2.11775, -1.59684, -1.40849, 1.73752, -1.99803, -1.35748, -0.51923], [2.1698, -1.54159, -1.51698, 2.05226, -2.30134, -1.39863, -0.71853], [2.22186, -1.48634, -1.62548, 2.367, -2.60464, -1.43977, -0.91783], [2.229, -1.47876, -1.64037, 2.4102, -2.64627, -1.44542, -0.94518], [2.21493, -1.32226, -1.4479, 2.38143, -2.58033, -1.09438, -0.70052], [2.20087, -1.16576, -1.25542, 2.35266, -2.51439, -0.74333, -0.45586], [2.1868, -1.00926, -1.06295, 2.32389, -2.44845, -0.39229, -0.2112], [2.17273, -0.85277, -0.87048, 2.29512, -2.38251, -0.04125, 0.03346], [2.15866, -0.69627, -0.67801, 2.26635, -2.31657, 0.3098, 0.27812], [2.14459, -0.53977, -0.48554, 2.23758, -2.25063, 0.66084, 0.52278], [2.13052, -0.38327, -0.29306, 2.20881, -2.18469, 1.01188, 0.76744], [2.12436, -0.31483, -0.20888, 2.19623, -2.15585, 1.16542, 0.87444], [1.92776, -0.13455, -0.37101, 1.9423, -2.15268, 1.1559, 1.17106], [1.73116, 0.04573, -0.53313, 1.68836, -2.1495, 1.14639, 1.46767], [1.53456, 0.22601, -0.69525, 1.43443, -2.14632, 1.13688, 1.76428], [1.33795, 0.40629, -0.85737, 1.18049, -2.14314, 1.12737, 2.0609], [1.14135, 0.58657, -1.01949, 0.92656, -2.13996, 1.11786, 2.35751], [0.94475, 0.76685, -1.18162, 0.67262, -2.13678, 1.10834, 2.65412]]
end: [0.80118, 0.89849000000000001, -1.3, 0.48720000000000002, -2.1344599999999998, 1.1013999999999999, 2.8707199999999999]
obtacles: [[[0.6, 0.5, -1.0], [0.9, 0.6, 1.0]], [[0.6, -0.6, -1.0], [0.9, -0.5, 1.0]], [[0.6, -0.6, 0.9], [0.9, 0.6, 1.0]], [[0.6, -0.6, -1.0], [0.9, 0.6, -0.9]], [[0.6, -0.6, 0.4], [0.9, 0.6, 0.5]], [[0.6, -0.6, -0.4], [0.9, 0.6, -0.3]], [[0.6, 0.1, 0.5], [0.9, 0.2, 1.0]], [[0.6, 0.1, -0.4], [0.9, 0.2, 0.5]], [[0.6, 0.2, -1.0], [0.9, 0.3, -0.3]]]
start: [-0.021069999999999998, 1.9182900000000001, -0.55000000000000004, -0.40354000000000001, 0.51375000000000004, -1.5692200000000001, -0.18565000000000001]
tajectories: [[-0.02107, 1.91829, -0.55, -0.40354, 0.51375, -1.56922, -0.18565], [-0.01966, 1.88993, -0.18507, -0.32607, 0.44725, -1.34217, -0.41812], [-0.01825, 1.86157, 0.17986, -0.24859, 0.38074, -1.11511, -0.65058], [-0.01685, 1.83321, 0.54479, -0.17112, 0.31424, -0.88806, -0.88305], [-0.01544, 1.80485, 0.90973, -0.09365, 0.24773, -0.661, -1.11551], [-0.01403, 1.7765, 1.27466, -0.01618, 0.18123, -0.43395, -1.34798], [-0.01263, 1.74814, 1.63959, 0.0613, 0.11472, -0.20689, -1.58044], [-0.01208, 1.73724, 1.77986, 0.09108, 0.08916, -0.11962, -1.6698], [-0.26574, 1.6771, 1.74787, 0.47879, 0.08827, -0.01128, -1.8075], [-0.5194, 1.61697, 1.71588, 0.8665, 0.08738, 0.09706, -1.9452], [-0.77305, 1.55684, 1.68389, 1.25421, 0.08649, 0.2054, -2.0829], [-1.02671, 1.4967, 1.65189, 1.64192, 0.08561, 0.31374, -2.2206], [-1.09897, 1.47958, 1.64278, 1.75236, 0.08535, 0.3446, -2.25983], [-1.27162, 1.36553, 1.57858, 1.89452, 0.03159, 0.45377, -1.84989], [-1.44428, 1.25148, 1.51437, 2.03668, -0.02218, 0.56293, -1.43996], [-1.61693, 1.13744, 1.45016, 2.17884, -0.07595, 0.6721, -1.03003], [-1.78959, 1.02339, 1.38596, 2.321, -0.12971, 0.78126, -0.6201], [-1.90974, 0.94403, 1.34128, 2.41992, -0.16713, 0.85723, -0.33484], [-1.86594, 0.96776, 1.18657, 1.98217, -0.04003, 0.74635, -0.27563], [-1.82215, 0.99149, 1.03186, 1.54442, 0.08708, 0.63547, -0.21642], [-1.77835, 1.01522, 0.87715, 1.10666, 0.21418, 0.52458, -0.15721], [-1.73456, 1.03896, 0.72244, 0.66891, 0.34128, 0.4137, -0.098], [-1.70421, 1.0554, 0.61523, 0.36554, 0.42937, 0.33686, -0.05697], [-1.91228, 1.08591, 0.58679, 0.05244, 0.42937, 0.09949, 0.16796], [-2.12034, 1.11642, 0.55835, -0.26066, 0.42938, -0.13789, 0.39288], [-2.32841, 1.14693, 0.52991, -0.57376, 0.42939, -0.37526, 0.6178], [-2.50211, 1.1724, 0.50617, -0.83515, 0.42939, -0.57343, 0.80557], [-2.09029, 1.11383, 0.29388, -0.73284, 0.49707, -0.58291, 0.67605], [-1.67848, 1.05527, 0.08158, -0.63053, 0.56475, -0.5924, 0.54654], [-1.26667, 0.9967, -0.13071, -0.52822, 0.63242, -0.60189, 0.41702], [-0.85486, 0.93814, -0.343, -0.42591, 0.7001, -0.61138, 0.2875]]
end: [-0.45332, 0.88102999999999998, -0.55000000000000004, -0.32615, 0.76609000000000005, -0.62063000000000001, 0.16120999999999999]
obtacles: [[[0.6, 0.5, -1.0], [0.9, 0.6, 1.0]], [[0.6, -0.6, -1.0], [0.9, -0.5, 1.0]], [[0.6, -0.6, 0.9], [0.9, 0.6, 1.0]], [[0.6, -0.6, -1.0], [0.9, 0.6, -0.9]], [[0.6, -0.6, 0.4], [0.9, 0.6, 0.5]], [[0.6, -0.6, -0.4], [0.9, 0.6, -0.3]], [[0.6, 0.1, 0.5], [0.9, 0.2, 1.0]], [[0.6, 0.1, -0.4], [0.9, 0.2, 0.5]], [[0.6, 0.2, -1.0], [0.9, 0.3, -0.3]]]
start: [0.98414999999999997, 1.7675700000000001, -1.6499999999999999, 1.7264299999999999, -1.38761, 1.46363, -2.4169999999999998]
tajectories: [[0.98415, 1.76757, -1.65, 1.72643, -1.38761, 1.46363, -2.417], [1.10607, 1.51905, -1.55229, 1.81796, -1.6201, 1.16216, -2.31446], [1.22799, 1.27053, -1.45458, 1.9095, -1.85258, 0.86069, -2.21192], [1.34991, 1.02201, -1.35687, 2.00104, -2.08507, 0.55923, -2.10938], [1.47183, 0.77349, -1.25916, 2.09258, -2.31755, 0.25776, -2.00684], [1.59375, 0.52497, -1.16145, 2.18412, -2.55004, -0.04371, -1.90431], [1.71567, 0.27645, -1.06375, 2.27566, -2.78252, -0.34518, -1.80177], [1.7852, 0.13473, -1.00803, 2.32785, -2.91509, -0.51708, -1.7433], [1.77537, 0.03534, -1.27798, 2.12817, -2.62953, -0.72162, -1.80573], [1.76555, -0.06405, -1.54793, 1.92849, -2.34397, -0.92616, -1.86816], [1.7624, -0.09592, -1.63448, 1.86446, -2.25241, -0.99174, -1.88817], [1.85206, -0.23738, -1.63751, 1.6864, -1.98706, -1.03529, -1.54477], [1.94172, -0.37884, -1.64054, 1.50834, -1.72171, -1.07885, -1.20136], [2.03138, -0.5203, -1.64356, 1.33027, -1.45636, -1.1224, -0.85795], [2.12104, -0.66176, -1.64659, 1.15221, -1.19101, -1.16596, -0.51455], [2.21069, -0.80322, -1.64962, 0.97415, -0.92566, -1.20951, -0.17114]]
end: [2.2220499999999999, -0.82113000000000003, -1.6499999999999999, 0.9516, -0.89205999999999996, -1.2150300000000001, -0.12765000000000001]
obtacles: [[[0.6, 0.5, -1.0], [0.9, 0.6, 1.0]], [[0.6, -0.6, -1.0], [0.9, -0.5, 1.0]], [[0.6, -0.6, 0.9], [0.9, 0.6, 1.0]], [[0.6, -0.6, -1.0], [0.9, 0.6, -0.9]], [[0.6, -0.6, 0.4], [0.9, 0.6, 0.5]], [[0.6, -0.6, -0.4], [0.9, 0.6, -0.3]], [[0.6, 0.1, 0.5], [0.9, 0.2, 1.0]], [[0.6, 0.1, -0.4], [0.9, 0.2, 0.5]], [[0.6, 0.2, -1.0], [0.9, 0.3, -0.3]]]
start: [-2.0237099999999999, -1.9387399999999999, 1.55, 1.53826, -1.2023699999999999, 1.5630999999999999, -2.7265199999999998]
tajectories: [[-2.02371, -1.93874, 1.55, 1.53826, -1.20237, 1.5631, -2.72652], [-1.98667, -1.8928, 1.34983, 1.71541, -1.43606, 1.26319, -2.55187], [-1.94963, -1.84687, 1.14966, 1.89257, -1.66975, 0.96327, -2.37721], [-1.91259, -1.80094, 0.94948, 2.06972, -1.90344, 0.66335, -2.20255], [-1.87555, -1.75501, 0.74931, 2.24687, -2.13713, 0.36343, -2.0279], [-1.83851, -1.70908, 0.54914, 2.42403, -2.37082, 0.06352, -1.85324], [-1.83253, -1.70167, 0.51685, 2.4526, -2.40852, 0.01514, -1.82507], [-1.59032, -1.45608, 0.6956, 2.18913, -2.4501, -0.11328, -1.93198], [-1.34811, -1.21048, 0.87435, 1.92567, -2.49168, -0.24171, -2.03889], [-1.107, -0.96602, 1.05228, 1.6634, -2.53307, -0.36954, -2.14531], [-1.10089, -0.73645, 1.22433, 1.53567, -2.32772, -0.49574, -1.83994], [-1.09478, -0.50688, 1.39639, 1.40794, -2.12238, -0.62193, -1.53456], [-1.08893, -0.28726, 1.56098, 1.28574, -1.92594, -0.74265, -1.24243], [-1.20311, -0.10574, 1.50839, 1.19604, -1.52661, -0.84755, -1.39321], [-1.31728, 0.07578, 1.45579, 1.10634, -1.12728, -0.95244, -1.54399], [-1.43146, 0.2573, 1.40319, 1.01664, -0.72795, -1.05733, -1.69477], [-1.53085, 0.41531, 1.35741, 0.93856, -0.38032, -1.14865, -1.82602], [-1.30823, 0.53918, 1.4138, 1.0084, -0.52456, -1.20061, -1.43419], [-1.0856, 0.66305, 1.4702, 1.07825, -0.66879, -1.25258, -1.04236], [-0.86298, 0.78692, 1.5266, 1.1481, -0.81302, -1.30455, -0.65053]]
end: [-0.77059999999999995, 0.83831999999999995, 1.55, 1.17709, -0.87287999999999999, -1.3261099999999999, -0.48792999999999997]
obtacles: [[[0.6, 0.5, -1.0], [0.9, 0.6, 1.0]], [[0.6, -0.6, -1.0], [0.9, -0.5, 1.0]], [[0.6, -0.6, 0.9], [0.9, 0.6, 1.0]], [[0.6, -0.6, -1.0], [0.9, 0.6, -0.9]], [[0.6, -0.6, 0.4], [0.9, 0.6, 0.5]], [[0.6, -0.6, -0.4], [0.9, 0.6, -0.3]], [[0.6, 0.1, 0.5], [0.9, 0.2, 1.0]], [[0.6, 0.1, -0.4], [0.9, 0.2, 0.5]], [[0.6, 0.2, -1.0], [0.9, 0.3, -0.3]]]
start: [-0.84997999999999996, 1.9652799999999999, 1.45, 1.9068400000000001, -1.9818899999999999, -1.54908, -1.0765]
tajectories: [[-0.84998, 1.96528, 1.45, 1.90684, -1.98189, -1.54908, -1.0765], [-1.09918, 1.65035, 1.45958, 2.11142, -1.83681, -1.44071, -0.95826], [-1.34837, 1.33541, 1.46916, 2.316, -1.69173, -1.33233, -0.84003], [-1.56074, 1.06701, 1.47733, 2.49035, -1.56809, -1.23996, -0.73926], [-1.54059, 0.99459, 1.78778, 2.18055, -1.44629, -1.04731, -0.74609], [-1.52043, 0.92217, 2.09823, 1.87075, -1.32449, -0.85466, -0.75291], [-1.51276, 0.89459, 2.21648, 1.75275, -1.2781, -0.78128, -0.75551], [-1.23516, 0.84012, 1.99085, 1.46851, -1.14586, -0.86634, -0.63911], [-0.95756, 0.78565, 1.76522, 1.18426, -1.01363, -0.95141, -0.52271], [-0.67996, 0.73118, 1.5396, 0.90002, -0.8814, -1.03647, -0.40631]]
end: [-0.56972999999999996, 0.70955000000000001, 1.45, 0.78715000000000002, -0.82889000000000002, -1.0702499999999999, -0.36008000000000001]
obtacles: [[[0.6, 0.5, -1.0], [0.9, 0.6, 1.0]], [[0.6, -0.6, -1.0], [0.9, -0.5, 1.0]], [[0.6, -0.6, 0.9], [0.9, 0.6, 1.0]], [[0.6, -0.6, -1.0], [0.9, 0.6, -0.9]], [[0.6, -0.6, 0.4], [0.9, 0.6, 0.5]], [[0.6, -0.6, -0.4], [0.9, 0.6, -0.3]], [[0.6, 0.1, 0.5], [0.9, 0.2, 1.0]], [[0.6, 0.1, -0.4], [0.9, 0.2, 0.5]], [[0.6, 0.2, -1.0], [0.9, 0.3, -0.3]]]
start: [-0.21289, 1.6830000000000001, 1.3500000000000001, -0.50722999999999996, -1.3236600000000001, -1.5629599999999999, 0.70669000000000004]
tajectories: [[-0.21289, 1.683, 1.35, -0.50723, -1.32366, -1.56296, 0.70669], [-0.33724, 1.66388, 1.33725, -0.11024, -1.51328, -1.44355, 0.54483], [-0.46159, 1.64475, 1.32451, 0.28674, -1.7029, -1.32414, 0.38298], [-0.58594, 1.62562, 1.31176, 0.68373, -1.89252, -1.20473, 0.22112], [-0.71029, 1.60649, 1.29901, 1.08071, -2.08214, -1.08532, 0.05926], [-0.83464, 1.58736, 1.28627, 1.4777, -2.27176, -0.96591, -0.10259], [-0.83583, 1.58718, 1.28614, 1.4815, -2.27358, -0.96476, -0.10414], [-1.18148, 1.45276, 1.12908, 1.76253, -2.18322, -0.96763, -0.07885], [-1.52713, 1.31835, 0.97202, 2.04356, -2.09287, -0.97049, -0.05355], [-1.87278, 1.18393, 0.81496, 2.32459, -2.00251, -0.97336, -0.02826], [-2.17349, 1.06699, 0.67832, 2.56908, -1.9239, -0.97585, -0.00625], [-2.22987, 1.13677, 1.07536, 2.6043, -1.69426, -0.80258, 0.0113], [-2.28625, 1.20655, 1.4724, 2.63952, -1.46461, -0.6293, 0.02886], [-2.34263, 1.27633, 1.86945, 2.67474, -1.23497, -0.45603, 0.04641], [-2.399, 1.34611, 2.26649, 2.70996, -1.00533, -0.28276, 0.06397], [-2.45374, 1.41386, 2.65199, 2.74416, -0.78236, -0.11453, 0.08101], [-2.05644, 1.32839, 2.62465, 2.66856, -0.68678, -0.25318, -0.14266], [-1.65915, 1.24293, 2.59732, 2.59296, -0.5912, -0.39184, -0.36633], [-1.26185, 1.15746, 2.56998, 2.51737, -0.49562, -0.53049, -0.59], [-0.86455, 1.072, 2.54265, 2.44177, -0.40004, -0.66915, -0.81367], [-0.46725, 0.98654, 2.51531, 2.36618, -0.30446, -0.8078, -1.03734], [-0.46443, 0.98593, 2.51512, 2.36564, -0.30378, -0.80879, -1.03893], [-0.31456, 0.93861, 2.2317, 2.02603, -0.42564, -0.92786, -1.06365], [-0.16469, 0.89129, 1.94829, 1.68641, -0.54751, -1.04693, -1.08837], [-0.01482, 0.84397, 1.66487, 1.3468, -0.66937, -1.166, -1.1131], [0.13505, 0.79665, 1.38145, 1.00719, -0.79123, -1.28507, -1.13782]]
end: [0.15168000000000001, 0.79139999999999999, 1.3500000000000001, 0.96950000000000003, -0.80474999999999997, -1.2982899999999999, -1.14056]
obtacles: [[[0.6, 0.5, -1.0], [0.9, 0.6, 1.0]], [[0.6, -0.6, -1.0], [0.9, -0.5, 1.0]], [[0.6, -0.6, 0.9], [0.9, 0.6, 1.0]], [[0.6, -0.6, -1.0], [0.9, 0.6, -0.9]], [[0.6, -0.6, 0.4], [0.9, 0.6, 0.5]], [[0.6, -0.6, -0.4], [0.9, 0.6, -0.3]], [[0.6, 0.1, 0.5], [0.9, 0.2, 1.0]], [[0.6, 0.1, -0.4], [0.9, 0.2, 0.5]], [[0.6, 0.2, -1.0], [0.9, 0.3, -0.3]]]
start: [-0.73428000000000004, 1.7944599999999999, 1.8500000000000001, 0.71745000000000003, -1.92658, -1.56124, 0.050099999999999999]
tajectories: [[-0.73428, 1.79446, 1.85, 0.71745, -1.92658, -1.56124, 0.0501], [-0.76009, 1.65423, 1.58917, 1.09362, -1.84272, -1.52982, 0.16017], [-0.7859, 1.514, 1.32835, 1.46979, -1.75886, -1.49839, 0.27025], [-0.81171, 1.37378, 1.06752, 1.84596, -1.675, -1.46696, 0.38032], [-0.83752, 1.23355, 0.8067, 2.22213, -1.59115, -1.43554, 0.4904], [-0.86333, 1.09332, 0.54587, 2.5983, -1.50729, -1.40411, 0.60047], [-0.87234, 1.04442, 0.45491, 2.72948, -1.47805, -1.39316, 0.63886], [-1.04754, 0.88486, 0.58935, 2.59211, -1.81623, -1.35564, 0.84166], [-1.22274, 0.72529, 0.72378, 2.45474, -2.1544, -1.31813, 1.04446], [-1.26177, 0.68974, 0.75373, 2.42414, -2.22975, -1.30977, 1.08964], [-1.23608, 0.54641, 1.15486, 2.24263, -2.31519, -1.32815, 1.25489], [-1.21039, 0.40308, 1.55599, 2.06111, -2.40062, -1.34653, 1.42013], [-1.1847, 0.25975, 1.95712, 1.8796, -2.48606, -1.36491, 1.58538], [-1.15901, 0.11642, 2.35825, 1.69809, -2.5715, -1.38328, 1.75063], [-1.15055, 0.06923, 2.49032, 1.63833, -2.59963, -1.38934, 1.80503], [-1.1715, -0.35192, 2.38784, 1.6267, -2.51894, -1.29141, 1.59183], [-1.19244, -0.77308, 2.28537, 1.61506, -2.43826, -1.19349, 1.37863], [-1.21339, -1.19423, 2.18289, 1.60343, -2.35757, -1.09557, 1.16543], [-1.23434, -1.61539, 2.08042, 1.5918, -2.27689, -0.99765, 0.95223], [-1.24629, -1.85572, 2.02194, 1.58516, -2.23084, -0.94177, 0.83057], [-1.39561, -1.87442, 1.91444, 1.5616, -2.66348, -1.06539, 0.71747], [-1.54493, -1.89312, 1.80694, 1.53804, -3.09611, -1.189, 0.60437], [-1.69425, -1.91182, 1.69944, 1.51449, -3.52874, -1.31262, 0.49127], [-1.84357, -1.93052, 1.59194, 1.49093, -3.96137, -1.43623, 0.37818]]
end: [-1.9712799999999999, -1.94652, 1.5, 1.47078, -4.33141, -1.54196, 0.28144000000000002]
