obtacles: [[[0.6, 0.5, -1.0], [0.9, 0.6, 1.0]], [[0.6, -0.6, -1.0], [0.9, -0.5, 1.0]], [[0.6, -0.6, 0.9], [0.9, 0.6, 1.0]], [[0.6, -0.6, -1.0], [0.9, 0.6, -0.9]], [[0.6, -0.6, 0.3], [0.9, 0.6, 0.4]], [[0.6, -0.6, -0.6], [0.9, 0.6, -0.5]], [[0.6, -0.2, 0.4], [0.9, -0.1, 1.0]], [[0.6, -0.1, -0.6], [0.9, 0.0, 0.4]], [[0.6, -0.2, -1.0], [0.9, -0.1, -0.5]]]
start: [1.09636, 1.77182, -1.6499999999999999, 1.5342499999999999, -1.3665099999999999, 1.5005599999999999, -2.7189000000000001]
tajectories: [[1.09636, 1.77182, -1.65, 1.53425, -1.36651, 1.50056, -2.7189], [1.1808, 1.67737, -1.64624, 1.73234, -1.29681, 1.08371, -2.5921], [1.26524, 1.58292, -1.64247, 1.93042, -1.22711, 0.66686, -2.4653], [1.34967, 1.48846, -1.63871, 2.1285, -1.15742, 0.25001, -2.33851], [1.43411, 1.39401, -1.63494, 2.32658, -1.08772, -0.16684, -2.21171], [1.51855, 1.29956, -1.63118, 2.52467, -1.01803, -0.58369, -2.08492], [1.58842, 1.2214, -1.62806, 2.68858, -0.96035, -0.92863, -1.97999], [1.6827, 0.92955, -1.58292, 2.34173, -0.93361, -1.00893, -1.8174], [1.77698, 0.63771, -1.53778, 1.99489, -0.90687, -1.08924, -1.65481], [1.87125, 0.34586, -1.49264, 1.64805, -0.88013, -1.16954, -1.49222], [1.94313, 0.12337, -1.45823, 1.38364, -0.85975, -1.23077, -1.36827], [1.84084, 0.08309, -1.18295, 1.13639, -0.83726, -1.21976, -1.05144], [1.73855, 0.04281, -0.90767, 0.88914, -0.81478, -1.20876, -0.73462], [1.63625, 0.00253, -0.63239, 0.6419, -0.79229, -1.19776, -0.4178], [1.53396, -0.03775, -0.35711, 0.39465, -0.76981, -1.18676, -0.10097], [1.45596, -0.06847, -0.14719, 0.20611, -0.75267, -1.17837, 0.14063], [1.60004, -0.29436, -0.50211, 0.41388, -0.82245, -1.22778, 0.09862], [1.74412, -0.52026, -0.85703, 0.62165, -0.89224, -1.27719, 0.05662], [1.8882, -0.74615, -1.21196, 0.82942, -0.96203, -1.32661, 0.01462], [2.03227, -0.97204, -1.56688, 1.03719, -1.03182, -1.37602, -0.02738]]
end: [2.06602, -1.02495, -1.6499999999999999, 1.08585, -1.04816, -1.3875999999999999, -0.037220000000000003]
obtacles: [[[0.6, 0.5, -1.0], [0.9, 0.6, 1.0]], [[0.6, -0.6, -1.0], [0.9, -0.5, 1.0]], [[0.6, -0.6, 0.9], [0.9, 0.6, 1.0]], [[0.6, -0.6, -1.0], [0.9, 0.6, -0.9]], [[0.6, -0.6, 0.3], [0.9, 0.6, 0.4]], [[0.6, -0.6, -0.6], [0.9, 0.6, -0.5]], [[0.6, -0.2, 0.4], [0.9, -0.1, 1.0]], [[0.6, -0.1, -0.6], [0.9, 0.0, 0.4]], [[0.6, -0.2, -1.0], [0.9, -0.1, -0.5]]]
start: [0.59355999999999998, 0.95587, -1.6000000000000001, 1.36253, -2.17157, 1.4276899999999999, -2.3189500000000001]
tajectories: [[0.59356, 0.95587, -1.6, 1.36253, -2.17157, 1.42769, -2.31895], [0.7751, 1.00781, -1.84449, 1.49014, -2.18736, 1.17174, -2.04964], [0.95664, 1.05976, -2.08897, 1.61775, -2.20314, 0.91579, -1.78033], [1.13818, 1.11171, -2.33346, 1.74535, -2.21893, 0.65984, -1.51102], [1.31972, 1.16365, -2.57794, 1.87296, -2.23472, 0.40389, -1.24171], [1.35246, 1.17302, -2.62204, 1.89598, -2.23756, 0.35772, -1.19313], [1.22175, 1.34724, -2.46699, 2.15055, -2.08117, 0.63107, -1.3137], [1.09104, 1.52146, -2.31194, 2.40512, -1.92478, 0.90442, -1.43426], [0.96033, 1.69568, -2.15688, 2.65969, -1.76838, 1.17777, -1.55483], [0.82962, 1.8699, -2.00183, 2.91426, -1.61199, 1.45112, -1.6754], [0.81974, 1.88307, -1.99011, 2.93351, -1.60016, 1.47179, -1.68451], [0.87879, 1.89393, -1.88213, 2.54477, -1.49449, 1.4956, -1.95262], [0.93784, 1.90479, -1.77416, 2.15603, -1.38881, 1.5194, -2.22073], [0.99689, 1.91565, -1.66618, 1.76728, -1.28314, 1.5432, -2.48884]]
end: [1.0330900000000001, 1.9222999999999999, -1.6000000000000001, 1.5289999999999999, -1.2183600000000001, 1.55779, -2.6531799999999999]
obtacles: [[[0.6, 0.5, -1.0], [0.9, 0.6, 1.0]], [[0.6, -0.6, -1.0], [0.9, -0.5, 1.0]], [[0.6, -0.6, 0.9], [0.9, 0.6, 1.0]], [[0.6, -0.6, -1.0], [0.9, 0.6, -0.9]], [[0.6, -0.6, 0.3], [0.9, 0.6, 0.4]], [[0.6, -0.6, -0.6], [0.9, 0.6, -0.5]], [[0.6, -0.2, 0.4], [0.9, -0.1, 1.0]], [[0.6, -0.1, -0.6], [0.9, 0.0, 0.4]], [[0.6, -0.2, -1.0], [0.9, -0.1, -0.5]]]
start: [0.72679000000000005, 0.78015000000000001, -1.6000000000000001, 0.85931999999999997, -2.2121499999999998, 1.0705100000000001, -2.8275600000000001]
tajectories: [[0.72679, 0.78015, -1.6, 0.85932, -2.21215, 1.07051, -2.82756], [0.75744, 0.52439, -1.36158, 1.1371, -2.40706, 0.9675, -2.79533], [0.78809, 0.26863, -1.12316, 1.41488, -2.60198, 0.8645, -2.7631], [0.81874, 0.01287, -0.88474, 1.69266, -2.7969, 0.76149, -2.73087], [0.84939, -0.24288, -0.64631, 1.97044, -2.99181, 0.65849, -2.69864], [0.88004, -0.49864, -0.40789, 2.24822, -3.18673, 0.55548, -2.66641], [0.88547, -0.54399, -0.36561, 2.29748, -3.22129, 0.53722, -2.6607], [0.90705, -0.60141, -0.49964, 2.39179, -2.90136, 0.30518, -2.40933], [0.92863, -0.65883, -0.63366, 2.4861, -2.58142, 0.07315, -2.15797], [0.9502, -0.71624, -0.76768, 2.58041, -2.26148, -0.15888, -1.90661], [0.96704, -0.76106, -0.87229, 2.65403, -2.01176, -0.33999, -1.71041], [1.06643, -0.91116, -1.18766, 2.56794, -1.9004, -0.49065, -1.43541], [1.16582, -1.06126, -1.50303, 2.48186, -1.78904, -0.64132, -1.16042], [1.26521, -1.21135, -1.81839, 2.39577, -1.67767, -0.79199, -0.88542], [1.30366, -1.26941, -1.94037, 2.36248, -1.6346, -0.85026, -0.77906], [1.55076, -1.41285, -1.80131, 2.04894, -1.7081, -1.01442, -0.64352], [1.79786, -1.55629, -1.66225, 1.73541, -1.78161, -1.17859, -0.50799], [2.04496, -1.69973, -1.52318, 1.42187, -1.85511, -1.34275, -0.37245], [2.29206, -1.84317, -1.38412, 1.10834, -1.92862, -1.50691, -0.23691]]
end: [2.3526899999999999, -1.8783700000000001, -1.3500000000000001, 1.0314099999999999, -1.94665, -1.5471900000000001, -0.20366000000000001]
obtacles: [[[0.6, 0.5, -1.0], [0.9, 0.6, 1.0]], [[0.6, -0.6, -1.0], [0.9, -0.5, 1.0]], [[0.6, -0.6, 0.9], [0.9, 0.6, 1.0]], [[0.6, -0.6, -1.0], [0.9, 0.6, -0.9]], [[0.6, -0.6, 0.3], [0.9, 0.6, 0.4]], [[0.6, -0.6, -0.6], [0.9, 0.6, -0.5]], [[0.6, -0.2, 0.4], [0.9, -0.1, 1.0]], [[0.6, -0.1, -0.6], [0.9, 0.0, 0.4]], [[0.6, -0.2, -1.0], [0.9, -0.1, -0.5]]]
start: [2.1956000000000002, -1.8974299999999999, -1.55, 1.5777399999999999, -1.8973599999999999, -1.54887, -0.62470999999999999]
tajectories: [[2.1956, -1.89743, -1.55, 1.57774, -1.89736, -1.54887, -0.62471], [2.10284, -1.627, -1.7505, 1.80257, -1.66209, -1.40323, -0.5939], [2.01009, -1.35657, -1.951, 2.0274, -1.42681, -1.25759, -0.56309], [1.91733, -1.08614, -2.1515, 2.25223, -1.19154, -1.11195, -0.53229], [1.82457, -0.81571, -2.352, 2.47706, -0.95626, -0.9663, -0.50148], [1.73181, -0.54528, -2.55249, 2.70189, -0.72099, -0.82066, -0.47067], [1.66883, -0.36167, -2.68863, 2.85454, -0.56124, -0.72177, -0.44976], [1.74883, -0.09602, -2.61389, 2.76383, -0.48068, -0.64206, -0.83235], [1.82882, 0.16963, -2.53915, 2.67312, -0.40011, -0.56234, -1.21493], [1.90881, 0.43528, -2.46441, 2.58241, -0.31955, -0.48263, -1.59752], [1.98881, 0.70092, -2.38967, 2.4917, -0.23898, -0.40292, -1.98011], [2.06027, 0.93825, -2.3229, 2.41066, -0.16701, -0.3317, -2.32191], [2.08758, 0.86914, -2.3976, 2.48161, -0.61869, -0.15973, -2.30525], [2.11488, 0.80002, -2.47229, 2.55256, -1.07037, 0.01223, -2.28859], [2.14218, 0.7309, -2.54699, 2.62352, -1.52204, 0.1842, -2.27193], [2.16948, 0.66179, -2.62168, 2.69447, -1.97372, 0.35616, -2.25527], [2.19278, 0.60282, -2.68541, 2.755, -2.35908, 0.50288, -2.24105], [1.91589, 0.61788, -2.48271, 2.41612, -2.35255, 0.60082, -2.32791], [1.63901, 0.63293, -2.28, 2.07724, -2.34603, 0.69877, -2.41477], [1.36212, 0.64799, -2.0773, 1.73836, -2.3395, 0.79672, -2.50163], [1.08524, 0.66305, -1.8746, 1.39948, -2.33297, 0.89466, -2.58849], [0.80836, 0.67811, -1.6719, 1.0606, -2.32645, 0.99261, -2.67534]]
end: [0.64185000000000003, 0.68716999999999995, -1.55, 0.85680999999999996, -2.3225199999999999, 1.0515099999999999, -2.7275800000000001]
obtacles: [[[0.6, 0.5, -1.0], [0.9, 0.6, 1.0]], [[0.6, -0.6, -1.0], [0.9, -0.5, 1.0]], [[0.6, -0.6, 0.9], [0.9, 0.6, 1.0]], [[0.6, -0.6, -1.0], [0.9, 0.6, -0.9]], [[0.6, -0.6, 0.3], [0.9, 0.6, 0.4]], [[0.6, -0.6, -0.6], [0.9, 0.6, -0.5]], [[0.6, -0.2, 0.4], [0.9, -0.1, 1.0]], [[0.6, -0.1, -0.6], [0.9, 0.0, 0.4]], [[0.6, -0.2, -1.0], [0.9, -0.1, -0.5]]]
start: [2.2220399999999998, -1.74621, -1.5, 1.2366600000000001, -1.75963, -1.56223, -0.31007000000000001]
tajectories: [[2.22204, -1.74621, -1.5, 1.23666, -1.75963, -1.56223, -0.31007], [2.12, -1.73298, -1.7145, 1.5046, -1.5555, -1.37278, -0.51994], [2.01796, -1.71975, -1.92901, 1.77255, -1.35137, -1.18332, -0.72981], [1.91592, -1.70652, -2.14351, 2.0405, -1.14725, -0.99387, -0.93968], [1.81389, -1.6933, -2.35801, 2.30844, -0.94312, -0.80441, -1.14955], [1.73597, -1.6832, -2.5218, 2.51303, -0.78726, -0.65976, -1.3098], [1.57995, -1.54254, -2.29236, 2.30332, -0.89165, -0.55265, -1.60455], [1.42392, -1.40188, -2.06292, 2.0936, -0.99605, -0.44553, -1.89931], [1.2679, -1.26123, -1.83349, 1.88389, -1.10044, -0.33842, -2.19406], [1.11187, -1.12057, -1.60405, 1.67417, -1.20483, -0.23131, -2.48881], [0.95584, -0.97991, -1.37462, 1.46445, -1.30923, -0.1242, -2.78356], [0.91099, -0.93948, -1.30866, 1.40416, -1.33924, -0.0934, -2.8683], [0.93167, -0.68019, -1.18158, 1.43622, -1.46232, 0.27194, -2.7397], [0.95235, -0.4209, -1.0545, 1.46827, -1.58541, 0.63728, -2.61109], [0.97303, -0.16161, -0.92742, 1.50032, -1.70849, 1.00263, -2.48248], [0.97837, -0.09462, -0.89459, 1.5086, -1.7403, 1.09702, -2.44925], [0.9761, 0.27081, -1.10552, 1.39444, -1.89031, 1.20385, -2.60743], [0.97383, 0.63623, -1.31646, 1.28028, -2.04033, 1.31068, -2.7656]]
end: [0.97184999999999999, 0.95418000000000003, -1.5, 1.1809499999999999, -2.1708599999999998, 1.4036299999999999, -2.9032200000000001]
obtacles: [[[0.6, 0.5, -1.0], [0.9, 0.6, 1.0]], [[0.6, -0.6, -1.0], [0.9, -0.5, 1.0]], [[0.6, -0.6, 0.9], [0.9, 0.6, 1.0]], [[0.6, -0.6, -1.0], [0.9, 0.6, -0.9]], [[0.6, -0.6, 0.3], [0.9, 0.6, 0.4]], [[0.6, -0.6, -0.6], [0.9, 0.6, -0.5]], [[0.6, -0.2, 0.4], [0.9, -0.1, 1.0]], [[0.6, -0.1, -0.6], [0.9, 0.0, 0.4]], [[0.6, -0.2, -1.0], [0.9, -0.1, -0.5]]]
start: [0.88987000000000005, 1.9096900000000001, -1.7, 1.9492499999999999, -1.29566, 1.3328100000000001, -2.1374399999999998]
tajectories: [[0.88987, 1.90969, -1.7, 1.94925, -1.29566, 1.33281, -2.13744], [1.13863, 1.67234, -1.49007, 2.0964, -1.40828, 1.11896, -2.22488], [1.3874, 1.43498, -1.28014, 2.24355, -1.52089, 0.9051, -2.31231], [1.63616, 1.19763, -1.07022, 2.3907, -1.6335, 0.69125, -2.39974], [1.88493, 0.96028, -0.86029, 2.53784, -1.74612, 0.4774, -2.48718], [2.13369, 0.72293, -0.65036, 2.68499, -1.85873, 0.26355, -2.57461], [2.38246, 0.48558, -0.44043, 2.83214, -1.97134, 0.0497, -2.66204], [2.39638, 0.47229, -0.42868, 2.84038, -1.97765, 0.03773, -2.66694], [2.24481, 0.31879, -0.60574, 2.55079, -1.74774, -0.01868, -2.48747], [2.09324, 0.16529, -0.78281, 2.2612, -1.51783, -0.07509, -2.308], [1.94166, 0.01179, -0.95987, 1.97161, -1.28792, -0.13149, -2.12853], [1.79009, -0.14172, -1.13694, 1.68202, -1.05801, -0.1879, -1.94906], [1.63851, -0.29522, -1.314, 1.39243, -0.82811, -0.2443, -1.76959], [1.48694, -0.44872, -1.49106, 1.10285, -0.5982, -0.30071, -1.59012], [1.33536, -0.60222, -1.66813, 0.81326, -0.36829, -0.35711, -1.41064], [1.33246, -0.60516, -1.67152, 0.80771, -0.36389, -0.35819, -1.40721], [0.98002, -0.49465, -1.44893, 0.91696, -0.40706, -0.3462, -1.18341], [0.62759, -0.38414, -1.22633, 1.0262, -0.45024, -0.3342, -0.95961], [0.27515, -0.27363, -1.00374, 1.13544, -0.49341, -0.32221, -0.73581], [-0.07729, -0.16312, -0.78115, 1.24469, -0.53659, -0.31021, -0.51201], [-0.40144, -0.06148, -0.57642, 1.34516, -0.5763, -0.29918, -0.30617], [-0.41192, 0.11034, -0.75661, 1.19882, -0.75928, -0.08863, -0.60394], [-0.4224, 0.28216, -0.93679, 1.05248, -0.94227, 0.12193, -0.90171], [-0.43288, 0.45398, -1.11698, 0.90613, -1.12526, 0.33249, -1.19948], [-0.44336, 0.6258, -1.29716, 0.75979, -1.30824, 0.54304, -1.49725], [-0.45384, 0.79762, -1.47735, 0.61344, -1.49123, 0.7536, -1.79502], [-0.46432, 0.96944, -1.65753, 0.4671, -1.67421, 0.96416, -2.09279]]
end: [-0.46678999999999998, 1.00993, -1.7, 0.43260999999999999, -1.7173400000000001, 1.0137799999999999, -2.1629700000000001]
obtacles: [[[0.6, 0.5, -1.0], [0.9, 0.6, 1.0]], [[0.6, -0.6, -1.0], [0.9, -0.5, 1.0]], [[0.6, -0.6, 0.9], [0.9, 0.6, 1.0]], [[0.6, -0.6, -1.0], [0.9, 0.6, -0.9]], [[0.6, -0.6, 0.3], [0.9, 0.6, 0.4]], [[0.6, -0.6, -0.6], [0.9, 0.6, -0.5]], [[0.6, -0.2, 0.4], [0.9, -0.1, 1.0]], [[0.6, -0.1, -0.6], [0.9, 0.0, 0.4]], [[0.6, -0.2, -1.0], [0.9, -0.1, -0.5]]]
start: [2.0043299999999999, -1.8324100000000001, -1.55, 1.5364199999999999, -1.8329800000000001, -1.5596099999999999, -0.39495000000000002]
tajectories: [[2.00433, -1.83241, -1.55, 1.53642, -1.83298, -1.55961, -0.39495], [1.77918, -1.61043, -1.60685, 1.69496, -1.8689, -1.31582, -0.14808], [1.55403, -1.38846, -1.66371, 1.8535, -1.90483, -1.07204, 0.09879], [1.32888, -1.16648, -1.72056, 2.01204, -1.94075, -0.82825, 0.34567], [1.10373, -0.94451, -1.77742, 2.17058, -1.97668, -0.58446, 0.59254], [1.05336, -0.89484, -1.79014, 2.20605, -1.98471, -0.52992, 0.64777], [1.34468, -0.83919, -1.58958, 2.32278, -1.70043, -0.66802, 0.55668], [1.636, -0.78353, -1.38902, 2.43951, -1.41615, -0.80612, 0.46558], [1.92732, -0.72787, -1.18847, 2.55625, -1.13186, -0.94422, 0.37449], [2.1949, -0.67675, -1.00425, 2.66347, -0.87074, -1.07107, 0.29082], [1.95304, -0.55199, -0.84679, 2.45223, -0.74087, -1.19123, 0.01657], [1.71118, -0.42722, -0.68932, 2.24099, -0.611, -1.31139, -0.25769], [1.48518, -0.31064, -0.54219, 2.04361, -0.48966, -1.42367, -0.51395], [1.41681, -0.04681, -0.73875, 1.86515, -0.1839, -1.41317, -0.4061], [1.34844, 0.21703, -0.93532, 1.68668, 0.12185, -1.40266, -0.29824], [1.28007, 0.48087, -1.13188, 1.50821, 0.4276, -1.39216, -0.19039], [1.2117, 0.74471, -1.32845, 1.32975, 0.73336, -1.38166, -0.08253], [1.14334, 1.00854, -1.52501, 1.15128, 1.03911, -1.37115, 0.02532]]
end: [1.1346400000000001, 1.0420799999999999, -1.55, 1.1286, 1.0779799999999999, -1.36982, 0.039030000000000002]
obtacles: [[[0.6, 0.5, -1.0], [0.9, 0.6, 1.0]], [[0.6, -0.6, -1.0], [0.9, -0.5, 1.0]], [[0.6, -0.6, 0.9], [0.9, 0.6, 1.0]], [[0.6, -0.6, -1.0], [0.9, 0.6, -0.9]], [[0.6, -0.6, 0.3], [0.9, 0.6, 0.4]], [[0.6, -0.6, -0.6], [0.9, 0.6, -0.5]], [[0.6, -0.2, 0.4], [0.9, -0.1, 1.0]], [[0.6, -0.1, -0.6], [0.9, 0.0, 0.4]], [[0.6, -0.2, -1.0], [0.9, -0.1, -0.5]]]
start: [0.25135000000000002, 1.63775, -1.3999999999999999, -0.43209999999999998, -1.7538400000000001, 1.56053, 2.4648099999999999]
tajectories: [[0.25135, 1.63775, -1.4, -0.4321, -1.75384, 1.56053, 2.46481], [0.38648, 1.66221, -1.35232, -0.04106, -1.49061, 1.48938, 2.42481], [0.52161, 1.68667, -1.30463, 0.34998, -1.22737, 1.41822, 2.38482], [0.65673, 1.71113, -1.25695, 0.74102, -0.96413, 1.34707, 2.34482], [0.79186, 1.73559, -1.20926, 1.13206, -0.7009, 1.27592, 2.30482], [0.90399, 1.75589, -1.16969, 1.45656, -0.48245, 1.21688, 2.27162], [1.14202, 1.45815, -1.31657, 1.65807, -0.45483, 1.20822, 2.06748], [1.38005, 1.16041, -1.46345, 1.85959, -0.42721, 1.19956, 1.86334], [1.61807, 0.86267, -1.61033, 2.0611, -0.39959, 1.1909, 1.65919], [1.8561, 0.56492, -1.75721, 2.26261, -0.37196, 1.18223, 1.45505], [1.89634, 0.51459, -1.78205, 2.29668, -0.36729, 1.18077, 1.42054], [2.03122, 0.5024, -1.82561, 2.10792, -0.4798, 0.85383, 1.14745], [2.1661, 0.49022, -1.86917, 1.91915, -0.59231, 0.52688, 0.87436], [2.30098, 0.47804, -1.91273, 1.73038, -0.70483, 0.19994, 0.60127], [2.42088, 0.46721, -1.95146, 1.56258, -0.80484, -0.0907, 0.35851], [2.2943, 0.28013, -2.15357, 1.36497, -1.03412, -0.3019, 0.50652], [2.16771, 0.09306, -2.35567, 1.16736, -1.26341, -0.5131, 0.65453], [2.04113, -0.09402, -2.55778, 0.96975, -1.49269, -0.72429, 0.80254], [1.96092, -0.21256, -2.68585, 0.84453, -1.63798, -0.85812, 0.89632], [2.08101, -0.45419, -2.32341, 0.69956, -1.61425, -0.91054, 0.74968], [2.20109, -0.69583, -1.96098, 0.55458, -1.59053, -0.96297, 0.60304], [2.32117, -0.93746, -1.59854, 0.4096, -1.5668, -1.0154, 0.4564]]
end: [2.3869500000000001, -1.0698300000000001, -1.3999999999999999, 0.33018999999999998, -1.5538099999999999, -1.0441199999999999, 0.37607000000000002]
obtacles: [[[0.6, 0.5, -1.0], [0.9, 0.6, 1.0]], [[0.6, -0.6, -1.0], [0.9, -0.5, 1.0]], [[0.6, -0.6, 0.9], [0.9, 0.6, 1.0]], [[0.6, -0.6, -1.0], [0.9, 0.6, -0.9]], [[0.6, -0.6, 0.3], [0.9, 0.6, 0.4]], [[0.6, -0.6, -0.6], [0.9, 0.6, -0.5]], [[0.6, -0.2, 0.4], [0.9, -0.1, 1.0]], [[0.6, -0.1, -0.6], [0.9, 0.0, 0.4]], [[0.6, -0.2, -1.0], [0.9, -0.1, -0.5]]]
start: [0.61746000000000001, 1.84283, -1.6499999999999999, 1.3518600000000001, -1.2881899999999999, 1.5547599999999999, -2.4203199999999998]
tajectories: [[0.61746, 1.84283, -1.65, 1.35186, -1.28819, 1.55476, -2.42032], [0.86661, 1.84843, -1.59999, 1.39765, -0.92466, 1.532, -2.19533], [1.11577, 1.85403, -1.54999, 1.44344, -0.56113, 1.50924, -1.97034], [1.36492, 1.85963, -1.49998, 1.48923, -0.1976, 1.48648, -1.74535], [1.61408, 1.86523, -1.44997, 1.53502, 0.16593, 1.46372, -1.52036], [1.86323, 1.87083, -1.39997, 1.58081, 0.52946, 1.44096, -1.29537], [1.94004, 1.87255, -1.38455, 1.59492, 0.64152, 1.43394, -1.22602], [1.83266, 1.5759, -1.51065, 1.77315, 0.3614, 1.32906, -1.3415], [1.72528, 1.27925, -1.63674, 1.95138, 0.08129, 1.22419, -1.45699], [1.6179, 0.9826, -1.76283, 2.12961, -0.19883, 1.11931, -1.57248], [1.51053, 0.68595, -1.88893, 2.30784, -0.47895, 1.01443, -1.68797], [1.40315, 0.3893, -2.01502, 2.48607, -0.75907, 0.90956, -1.80346], [1.40182, 0.38563, -2.01658, 2.48828, -0.76254, 0.90826, -1.80489], [1.11088, 0.35855, -1.85726, 2.38506, -0.99135, 0.78941, -1.55568], [0.81994, 0.33147, -1.69795, 2.28184, -1.22016, 0.67056, -1.30647], [0.529, 0.30439, -1.53863, 2.17861, -1.44897, 0.55172, -1.05726], [0.43999, 0.29611, -1.48989, 2.14704, -1.51896, 0.51536, -0.98103], [0.25259, 0.46687, -1.52942, 1.83014, -1.63641, 0.67218, -1.19397], [0.06518, 0.63764, -1.56895, 1.51324, -1.75385, 0.829, -1.40692], [-0.12222, 0.8084, -1.60847, 1.19634, -1.8713, 0.98583, -1.61987], [-0.30962, 0.97916, -1.648, 0.87945, -1.98874, 1.14265, -1.83282]]
end: [-0.31909999999999999, 0.98780000000000001, -1.6499999999999999, 0.86343000000000003, -1.99468, 1.1505799999999999, -1.84358]
obtacles: [[[0.6, 0.5, -1.0], [0.9, 0.6, 1.0]], [[0.6, -0.6, -1.0], [0.9, -0.5, 1.0]], [[0.6, -0.6, 0.9], [0.9, 0.6, 1.0]], [[0.6, -0.6, -1.0], [0.9, 0.6, -0.9]], [[0.6, -0.6, 0.3], [0.9, 0.6, 0.4]], [[0.6, -0.6, -0.6], [0.9, 0.6, -0.5]], [[0.6, -0.2, 0.4], [0.9, -0.1, 1.0]], [[0.6, -0.1, -0.6], [0.9, 0.0, 0.4]], [[0.6, -0.2, -1.0], [0.9, -0.1, -0.5]]]
start: [0.93250999999999995, 1.9105700000000001, -1.6499999999999999, 1.70977, -1.2428999999999999, 1.4504600000000001, -2.3978600000000001]
tajectories: [[0.93251, 1.91057, -1.65, 1.70977, -1.2429, 1.45046, -2.39786], [1.15057, 1.67259, -1.58575, 1.91877, -1.30351, 1.18029, -2.25176], [1.36863, 1.43462, -1.52149, 2.12777, -1.36412, 0.91012, -2.10566], [1.58669, 1.19664, -1.45724, 2.33676, -1.42473, 0.63995, -1.95956], [1.80474, 0.95866, -1.39298, 2.54576, -1.48534, 0.36978, -1.81346], [1.87683, 0.88, -1.37174, 2.61485, -1.50538, 0.28047, -1.76516], [1.78494, 0.64937, -1.32801, 2.63002, -1.49128, 0.33725, -1.33761], [1.69305, 0.41874, -1.28429, 2.6452, -1.47719, 0.39404, -0.91006], [1.60116, 0.1881, -1.24056, 2.66037, -1.46309, 0.45082, -0.48251], [1.50927, -0.04253, -1.19684, 2.67555, -1.449, 0.50761, -0.05496], [1.48979, -0.09141, -1.18757, 2.67877, -1.44601, 0.51964, 0.03567], [1.43452, -0.29448, -1.24826, 2.54062, -1.36215, 0.17136, 0.26935], [1.37925, -0.49755, -1.30896, 2.40247, -1.27829, -0.17692, 0.50303], [1.32398, -0.70062, -1.36965, 2.26432, -1.19443, -0.5252, 0.73671], [1.26871, -0.90369, -1.43034, 2.12618, -1.11056, -0.87348, 0.97039], [1.25733, -0.94552, -1.44285, 2.09772, -1.09329, -0.94523, 1.01853], [1.5038, -0.90195, -1.49643, 1.81013, -1.02807, -1.01527, 0.7142], [1.75027, -0.85838, -1.55001, 1.52254, -0.96286, -1.08532, 0.40987], [1.99674, -0.81481, -1.6036, 1.23495, -0.89764, -1.15537, 0.10554]]
end: [2.2101700000000002, -0.77707999999999999, -1.6499999999999999, 0.98590999999999995, -0.84116999999999997, -1.2160299999999999, -0.15798999999999999]
obtacles: [[[0.6, 0.5, -1.0], [0.9, 0.6, 1.0]], [[0.6, -0.6, -1.0], [0.9, -0.5, 1.0]], [[0.6, -0.6, 0.9], [0.9, 0.6, 1.0]], [[0.6, -0.6, -1.0], [0.9, 0.6, -0.9]], [[0.6, -0.6, 0.3], [0.9, 0.6, 0.4]], [[0.6, -0.6, -0.6], [0.9, 0.6, -0.5]], [[0.6, -0.2, 0.4], [0.9, -0.1, 1.0]], [[0.6, -0.1, -0.6], [0.9, 0.0, 0.4]], [[0.6, -0.2, -1.0], [0.9, -0.1, -0.5]]]
start: [1.1665399999999999, 1.7203299999999999, -1.6000000000000001, 1.53366, -1.4202399999999999, 1.5474699999999999, -2.7784200000000001]
tajectories: [[1.16654, 1.72033, -1.6, 1.53366, -1.42024, 1.54747, -2.77842], [1.2123, 1.61929, -1.38909, 1.72636, -1.61993, 1.38265, -2.48002], [1.25805, 1.51826, -1.17818, 1.91907, -1.81961, 1.21782, -2.18163], [1.30381, 1.41722, -0.96726, 2.11177, -2.0193, 1.053, -1.88323], [1.34956, 1.31619, -0.75635, 2.30447, -2.21898, 0.88817, -1.58484], [1.39532, 1.21515, -0.54544, 2.49717, -2.41867, 0.72335, -1.28644], [1.44107, 1.11412, -0.33453, 2.68987, -2.61835, 0.55853, -0.98805], [1.45813, 1.07645, -0.25589, 2.76171, -2.6928, 0.49707, -0.87679], [1.50424, 0.84558, -0.29093, 2.61882, -2.38421, 0.225, -0.93738], [1.55035, 0.61471, -0.32596, 2.47593, -2.07562, -0.04708, -0.99797], [1.59647, 0.38384, -0.361, 2.33304, -1.76702, -0.31916, -1.05857], [1.64258, 0.15297, -0.39603, 2.19014, -1.45843, -0.59124, -1.11916], [1.68869, -0.0779, -0.43107, 2.04725, -1.14983, -0.86331, -1.17975], [1.70695, -0.16934, -0.44494, 1.99066, -1.02761, -0.97108, -1.20374], [1.60768, -0.14847, -0.68254, 1.77551, -0.73661, -1.08492, -1.40206], [1.50841, -0.12761, -0.92014, 1.56036, -0.44561, -1.19876, -1.60037], [1.40914, -0.10675, -1.15773, 1.34522, -0.15461, -1.31261, -1.79869], [1.30987, -0.08589, -1.39533, 1.13007, 0.13639, -1.42645, -1.997], [1.26424, -0.0763, -1.50453, 1.03119, 0.27014, -1.47878, -2.08815], [1.43502, -0.24882, -1.52439, 1.11865, 0.02531, -1.48739, -1.73741], [1.6058, -0.42134, -1.54426, 1.20611, -0.21951, -1.49599, -1.38668], [1.77658, -0.59386, -1.56412, 1.29357, -0.46434, -1.5046, -1.03595], [1.94736, -0.76638, -1.58398, 1.38103, -0.70917, -1.51321, -0.68522]]
end: [2.08507, -0.90549000000000002, -1.6000000000000001, 1.4515499999999999, -0.90658000000000005, -1.5201499999999999, -0.40240999999999999]
obtacles: [[[0.6, 0.5, -1.0], [0.9, 0.6, 1.0]], [[0.6, -0.6, -1.0], [0.9, -0.5, 1.0]], [[0.6, -0.6, 0.9], [0.9, 0.6, 1.0]], [[0.6, -0.6, -1.0], [0.9, 0.6, -0.9]], [[0.6, -0.6, 0.3], [0.9, 0.6, 0.4]], [[0.6, -0.6, -0.6], [0.9, 0.6, -0.5]], [[0.6, -0.2, 0.4], [0.9, -0.1, 1.0]], [[0.6, -0.1, -0.6], [0.9, 0.0, 0.4]], [[0.6, -0.2, -1.0], [0.9, -0.1, -0.5]]]
start: [0.93767999999999996, 1.9373899999999999, -1.55, 1.9704600000000001, -1.22359, 1.4489099999999999, -2.12635]
tajectories: [[0.93768, 1.93739, -1.55, 1.97046, -1.22359, 1.44891, -2.12635], [1.13104, 1.65781, -1.24397, 1.99459, -1.04289, 1.39235, -2.19238], [1.32439, 1.37823, -0.93794, 2.01871, -0.86219, 1.33579, -2.2584], [1.51775, 1.09864, -0.63191, 2.04283, -0.68149, 1.27923, -2.32443], [1.71111, 0.81906, -0.32588, 2.06696, -0.50079, 1.22268, -2.39045], [1.90446, 0.53948, -0.01985, 2.09108, -0.32009, 1.16612, -2.45648], [2.09782, 0.2599, 0.28618, 2.1152, -0.13939, 1.10956, -2.5225], [2.27117, 0.00924, 0.56055, 2.13683, 0.02262, 1.05886, -2.5817], [2.00781, -0.15937, 0.47567, 2.12203, -0.15651, 0.74369, -2.46609], [1.74444, -0.32799, 0.39079, 2.10724, -0.33563, 0.42852, -2.35048], [1.48107, -0.49661, 0.3059, 2.09245, -0.51476, 0.11335, -2.23488], [1.2177, -0.66522, 0.22102, 2.07765, -0.69388, -0.20182, -2.11927], [0.95433, -0.83384, 0.13614, 2.06286, -0.873, -0.51699, -2.00366], [0.71032, -0.99006, 0.0575, 2.04915, -1.03896, -0.80899, -1.89655], [0.93849, -0.98319, -0.21448, 1.88887, -1.03391, -0.89019, -1.59388], [1.16667, -0.97633, -0.48645, 1.72858, -1.02885, -0.97138, -1.29121], [1.39484, -0.96946, -0.75843, 1.5683, -1.02379, -1.05257, -0.98854], [1.62302, -0.96259, -1.03041, 1.40801, -1.01874, -1.13377, -0.68588], [1.8512, -0.95572, -1.30238, 1.24773, -1.01368, -1.21496, -0.38321]]
end: [2.0589400000000002, -0.94947000000000004, -1.55, 1.1017999999999999, -1.00908, -1.28888, -0.10765]
obtacles: [[[0.6, 0.5, -1.0], [0.9, 0.6, 1.0]], [[0.6, -0.6, -1.0], [0.9, -0.5, 1.0]], [[0.6, -0.6, 0.9], [0.9, 0.6, 1.0]], [[0.6, -0.6, -1.0], [0.9, 0.6, -0.9]], [[0.6, -0.6, 0.3], [0.9, 0.6, 0.4]], [[0.6, -0.6, -0.6], [0.9, 0.6, -0.5]], [[0.6, -0.2, 0.4], [0.9, -0.1, 1.0]], [[0.6, -0.1, -0.6], [0.9, 0.0, 0.4]], [[0.6, -0.2, -1.0], [0.9, -0.1, -0.5]]]
start: [0.34045999999999998, 1.6232800000000001, -1.3, -0.21890999999999999, -1.84643, 1.56399, 2.5903200000000002]
tajectories: [[0.34046, 1.62328, -1.3, -0.21891, -1.84643, 1.56399, 2.59032], [0.3266, 1.69442, -1.11879, 0.0273, -1.67189, 1.2169, 2.60912], [0.31273, 1.76556, -0.93757, 0.27352, -1.49735, 0.86982, 2.62792], [0.30454, 1.8076, -0.83048, 0.41902, -1.39421, 0.66471, 2.63903], [0.46312, 1.63616, -0.83795, 0.75325, -1.57401, 0.44192, 2.59743], [0.62171, 1.46472, -0.84541, 1.08748, -1.75381, 0.21913, 2.55582], [0.7803, 1.29327, -0.85287, 1.42171, -1.93361, -0.00365, 2.51422], [0.93888, 1.12183, -0.86033, 1.75594, -2.1134, -0.22644, 2.47262], [1.0848, 0.96408, -0.8672, 2.06347, -2.27884, -0.43143, 2.43434], [1.17895, 0.631, -0.80671, 2.30631, -2.31297, -0.26829, 2.23487], [1.2054, 0.53743, -0.78972, 2.37454, -2.32256, -0.22246, 2.17883], [0.94093, 0.39882, -0.90553, 2.50219, -2.42349, 0.02423, 1.93368], [0.67647, 0.26021, -1.02135, 2.62984, -2.52442, 0.27092, 1.68854], [0.412, 0.12161, -1.13716, 2.75749, -2.62535, 0.51761, 1.44339], [0.14754, -0.017, -1.25297, 2.88514, -2.72628, 0.76431, 1.19825], [0.12098, -0.03092, -1.2646, 2.89796, -2.73641, 0.78908, 1.17363], [0.14389, 0.01194, -1.4877, 2.64922, -3.01667, 0.82162, 0.93618], [0.16679, 0.0548, -1.71081, 2.40048, -3.29693, 0.85417, 0.69872], [0.18969, 0.09767, -1.93391, 2.15174, -3.57719, 0.88672, 0.46126], [0.20082, 0.1185, -2.04232, 2.03087, -3.71337, 0.90253, 0.34588], [0.10608, 0.20788, -2.08431, 1.9144, -3.47835, 0.73952, -0.02277], [0.01133, 0.29726, -2.12631, 1.79794, -3.24333, 0.57651, -0.39141], [-0.08342, 0.38665, -2.1683, 1.68147, -3.00831, 0.41349, -0.76005], [-0.09932, 0.40165, -2.17535, 1.66193, -2.96888, 0.38614, -0.82191], [-0.16007, 0.52802, -1.96747, 1.47601, -2.79246, 0.61631, -1.08356], [-0.22082, 0.6544, -1.7596, 1.2901, -2.61604, 0.84647, -1.34522], [-0.28157, 0.78078, -1.55172, 1.10418, -2.43962, 1.07663, -1.60687], [-0.34232, 0.90715, -1.34385, 0.91827, -2.2632, 1.3068, -1.86852]]
end: [-0.35513, 0.93381000000000003, -1.3, 0.87905, -2.2259899999999999, 1.3553500000000001, -1.92371]
obtacles: [[[0.6, 0.5, -1.0], [0.9, 0.6, 1.0]], [[0.6, -0.6, -1.0], [0.9, -0.5, 1.0]], [[0.6, -0.6, 0.9], [0.9, 0.6, 1.0]], [[0.6, -0.6, -1.0], [0.9, 0.6, -0.9]], [[0.6, -0.6, 0.3], [0.9, 0.6, 0.4]], [[0.6, -0.6, -0.6], [0.9, 0.6, -0.5]], [[0.6, -0.2, 0.4], [0.9, -0.1, 1.0]], [[0.6, -0.1, -0.6], [0.9, 0.0, 0.4]], [[0.6, -0.2, -1.0], [0.9, -0.1, -0.5]]]
start: [0.47963, 0.91688999999999998, -1.3, -0.035610000000000003, -1.8149500000000001, 0.90783000000000003, 2.61843]
tajectories: [[0.47963, 0.91689, -1.3, -0.03561, -1.81495, 0.90783, 2.61843], [0.50406, 0.73928, -1.00885, 0.30545, -1.93448, 0.87026, 2.6512], [0.52848, 0.56167, -0.7177, 0.6465, -2.05401, 0.83269, 2.68398], [0.5529, 0.38406, -0.42656, 0.98755, -2.17353, 0.79512, 2.71676], [0.57733, 0.20644, -0.13541, 1.32861, -2.29306, 0.75755, 2.74954], [0.58769, 0.13109, -0.0119, 1.47329, -2.34377, 0.74161, 2.76344], [0.68787, -0.16846, 0.01442, 1.47069, -2.29246, 0.70968, 2.3815], [0.78805, -0.46801, 0.04073, 1.46808, -2.24115, 0.67775, 1.99956], [0.88823, -0.76757, 0.06704, 1.46548, -2.18984, 0.64582, 1.61762], [0.98841, -1.06712, 0.09336, 1.46287, -2.13853, 0.61389, 1.23568], [1.06098, -1.28415, 0.11242, 1.46099, -2.10136, 0.59076, 0.95897], [1.15091, -1.28068, -0.17392, 1.64111, -1.98467, 0.27771, 0.83305], [1.24084, -1.27721, -0.46026, 1.82124, -1.86799, -0.03533, 0.70713], [1.33077, -1.27374, -0.7466, 2.00137, -1.7513, -0.34837, 0.58121], [1.40225, -1.27098, -0.97419, 2.14454, -1.65855, -0.59719, 0.48113], [1.36522, -1.32533, -1.25649, 2.45957, -1.46789, -0.76853, 0.44909], [1.32819, -1.37968, -1.53878, 2.7746, -1.27723, -0.93988, 0.41705], [1.31794, -1.39473, -1.61693, 2.86182, -1.22444, -0.98732, 0.40818], [1.49385, -1.49578, -1.5285, 2.50462, -1.37411, -1.07533, 0.20014], [1.66977, -1.59683, -1.44006, 2.14741, -1.52378, -1.16333, -0.0079], [1.84569, -1.69788, -1.35162, 1.79021, -1.67344, -1.25134, -0.21594]]
end: [1.9483699999999999, -1.7568699999999999, -1.3, 1.58172, -1.7607999999999999, -1.30271, -0.33737]
obtacles: [[[0.6, 0.5, -1.0], [0.9, 0.6, 1.0]], [[0.6, -0.6, -1.0], [0.9, -0.5, 1.0]], [[0.6, -0.6, 0.9], [0.9, 0.6, 1.0]], [[0.6, -0.6, -1.0], [0.9, 0.6, -0.9]], [[0.6, -0.6, 0.3], [0.9, 0.6, 0.4]], [[0.6, -0.6, -0.6], [0.9, 0.6, -0.5]], [[0.6, -0.2, 0.4], [0.9, -0.1, 1.0]], [[0.6, -0.1, -0.6], [0.9, 0.0, 0.4]], [[0.6, -0.2, -1.0], [0.9, -0.1, -0.5]]]
start: [2.3206099999999998, -1.69224, -1.3, 1.1610799999999999, -1.79379, -1.3742399999999999, -0.30146000000000001]
tajectories: [[2.32061, -1.69224, -1.3, 1.16108, -1.79379, -1.37424, -0.30146], [2.19946, -1.70261, -1.54258, 1.32698, -1.52682, -1.23603, -0.54327], [2.0783, -1.71298, -1.78516, 1.49287, -1.25984, -1.09781, -0.78508], [1.95715, -1.72336, -2.02774, 1.65876, -0.99287, -0.9596, -1.02688], [1.83599, -1.73373, -2.27032, 1.82465, -0.72589, -0.82138, -1.26869], [1.71484, -1.7441, -2.5129, 1.99055, -0.45892, -0.68317, -1.5105], [1.654, -1.74931, -2.6347, 2.07384, -0.32487, -0.61377, -1.63191], [1.65986, -1.38108, -2.5661, 1.90282, -0.37322, -0.88366, -1.55952], [1.66571, -1.01285, -2.4975, 1.73179, -0.42157, -1.15355, -1.48713], [1.66657, -0.9585, -2.48738, 1.70655, -0.42871, -1.19338, -1.47644], [1.67111, -0.61822, -2.26425, 1.43059, -0.35117, -1.15518, -1.44854], [1.67566, -0.27794, -2.04112, 1.15464, -0.27362, -1.11698, -1.42063], [1.6802, 0.06234, -1.81799, 0.87869, -0.19608, -1.07878, -1.39272], [1.6825, 0.23479, -1.70491, 0.73884, -0.15678, -1.05942, -1.37858], [1.52629, 0.38915, -1.60521, 0.82921, 0.08542, -1.15807, -1.03907], [1.37007, 0.54352, -1.5055, 0.91958, 0.32762, -1.25672, -0.69956], [1.21385, 0.69788, -1.4058, 1.00994, 0.56983, -1.35537, -0.36005], [1.05764, 0.85224, -1.30609, 1.10031, 0.81203, -1.45403, -0.02054]]
end: [1.0481, 0.86167000000000005, -1.3, 1.1058300000000001, 0.82682, -1.4600500000000001, 0.00020000000000000001]
obtacles: [[[0.6, 0.5, -1.0], [0.9, 0.6, 1.0]], [[0.6, -0.6, -1.0], [0.9, -0.5, 1.0]], [[0.6, -0.6, 0.9], [0.9, 0.6, 1.0]], [[0.6, -0.6, -1.0], [0.9, 0.6, -0.9]], [[0.6, -0.6, 0.3], [0.9, 0.6, 0.4]], [[0.6, -0.6, -0.6], [0.9, 0.6, -0.5]], [[0.6, -0.2, 0.4], [0.9, -0.1, 1.0]], [[0.6, -0.1, -0.6], [0.9, 0.0, 0.4]], [[0.6, -0.2, -1.0], [0.9, -0.1, -0.5]]]
start: [2.3804099999999999, -1.9145700000000001, -1.3500000000000001, 1.03471, 1.1646300000000001, 1.56568, 2.9075899999999999]
tajectories: [[2.38041, -1.91457, -1.35, 1.03471, 1.16463, 1.56568, 2.90759], [2.23134, -1.88789, -1.42641, 1.18672, 0.97859, 1.44735, 2.52094], [2.08228, -1.86121, -1.50282, 1.33873, 0.79254, 1.32902, 2.13428], [1.93321, -1.83453, -1.57922, 1.49074, 0.60649, 1.21069, 1.74762], [1.78414, -1.80785, -1.65563, 1.64275, 0.42044, 1.09235, 1.36096], [1.63507, -1.78116, -1.73204, 1.79476, 0.23439, 0.97402, 0.9743], [1.48601, -1.75448, -1.80845, 1.94677, 0.04834, 0.85569, 0.58764], [1.42099, -1.74284, -1.84177, 2.01307, -0.03281, 0.80408, 0.419], [1.24151, -1.47874, -1.59571, 1.93403, -0.0698, 0.82898, 0.13749], [1.06203, -1.21463, -1.34964, 1.85498, -0.10679, 0.85387, -0.14403], [0.88255, -0.95053, -1.10358, 1.77594, -0.14378, 0.87877, -0.42554], [0.81763, -0.85501, -1.01458, 1.74735, -0.15715, 0.88778, -0.52736], [1.20396, -0.85515, -0.91784, 1.68425, 0.00999, 0.6449, -0.54926], [1.5903, -0.8553, -0.8211, 1.62115, 0.17713, 0.40202, -0.57117], [1.97663, -0.85544, -0.72435, 1.55805, 0.34427, 0.15914, -0.59307], [2.08517, -0.85548, -0.69717, 1.54032, 0.39123, 0.0909, -0.59923], [1.94972, -0.59336, -0.71384, 1.67005, 0.29517, -0.27418, -0.6569], [1.81427, -0.33124, -0.73051, 1.79978, 0.19911, -0.63926, -0.71457], [1.67882, -0.06912, -0.74718, 1.92951, 0.10304, -1.00435, -0.77225], [1.54338, 0.193, -0.76385, 2.05924, 0.00698, -1.36943, -0.82992], [1.50636, 0.26463, -0.76841, 2.09469, -0.01927, -1.4692, -0.84568], [1.32997, 0.37567, -0.89995, 1.7764, 0.17923, -1.3822, -0.64326], [1.15357, 0.48671, -1.03148, 1.4581, 0.37772, -1.29521, -0.44083], [0.97718, 0.59775, -1.16302, 1.13981, 0.57622, -1.20822, -0.23841], [0.80079, 0.70879, -1.29456, 0.82152, 0.77471, -1.12123, -0.03599]]
end: [0.72643999999999997, 0.75558000000000003, -1.3500000000000001, 0.68737000000000004, 0.85836999999999997, -1.08457, 0.049320000000000003]
obtacles: [[[0.6, 0.5, -1.0], [0.9, 0.6, 1.0]], [[0.6, -0.6, -1.0], [0.9, -0.5, 1.0]], [[0.6, -0.6, 0.9], [0.9, 0.6, 1.0]], [[0.6, -0.6, -1.0], [0.9, 0.6, -0.9]], [[0.6, -0.6, 0.3], [0.9, 0.6, 0.4]], [[0.6, -0.6, -0.6], [0.9, 0.6, -0.5]], [[0.6, -0.2, 0.4], [0.9, -0.1, 1.0]], [[0.6, -0.1, -0.6], [0.9, 0.0, 0.4]], [[0.6, -0.2, -1.0], [0.9, -0.1, -0.5]]]
start: [2.1422400000000001, -1.80491, -1.45, 1.4575, -1.8180499999999999, -1.48044, -0.43269000000000002]
tajectories: [[2.14224, -1.80491, -1.45, 1.4575, -1.81805, -1.48044, -0.43269], [2.05327, -1.73256, -1.54237, 1.6789, -1.7082, -1.20236, -0.13284], [1.96934, -1.66431, -1.62951, 1.88777, -1.60457, -0.94002, 0.15005], [1.65924, -1.35184, -1.81825, 1.88231, -1.53866, -0.83913, 0.2277], [1.34914, -1.03938, -2.00698, 1.87684, -1.47275, -0.73824, 0.30535], [1.03905, -0.72692, -2.19572, 1.87137, -1.40684, -0.63735, 0.383], [0.72895, -0.41445, -2.38446, 1.86591, -1.34092, -0.53646, 0.46065], [0.41885, -0.10199, -2.5732, 1.86044, -1.27501, -0.43557, 0.5383], [0.26383, 0.05421, -2.66755, 1.85771, -1.24206, -0.38514, 0.57712], [0.53891, 0.09766, -2.46474, 1.87547, -1.34529, -0.3568, 0.23137], [0.81398, 0.14111, -2.26193, 1.89322, -1.44852, -0.32847, -0.11437], [1.08906, 0.18456, -2.05912, 1.91097, -1.55175, -0.30014, -0.46011], [1.33515, 0.22343, -1.87767, 1.92686, -1.6441, -0.27479, -0.76943], [1.37991, 0.43469, -1.99587, 2.00167, -1.26838, -0.13416, -0.9206], [1.42466, 0.64595, -2.11407, 2.07649, -0.89265, 0.00646, -1.07177], [1.46942, 0.8572, -2.23226, 2.1513, -0.51692, 0.14709, -1.22294], [1.51418, 1.06846, -2.35046, 2.22611, -0.14119, 0.28772, -1.37411], [1.5458, 1.21771, -2.43397, 2.27897, 0.12427, 0.38707, -1.48091], [1.45963, 1.16467, -2.26873, 2.07618, 0.25834, 0.09452, -1.22058], [1.37346, 1.11162, -2.1035, 1.87338, 0.39241, -0.19803, -0.96025], [1.2873, 1.05857, -1.93826, 1.67059, 0.52649, -0.49059, -0.69992], [1.20113, 1.00552, -1.77303, 1.4678, 0.66056, -0.78314, -0.43959], [1.11497, 0.95247, -1.6078, 1.26501, 0.79463, -1.07569, -0.17926]]
end: [1.03268, 0.90181999999999995, -1.45, 1.07134, 0.92266999999999999, -1.35507, 0.069349999999999995]
obtacles: [[[0.6, 0.5, -1.0], [0.9, 0.6, 1.0]], [[0.6, -0.6, -1.0], [0.9, -0.5, 1.0]], [[0.6, -0.6, 0.9], [0.9, 0.6, 1.0]], [[0.6, -0.6, -1.0], [0.9, 0.6, -0.9]], [[0.6, -0.6, 0.3], [0.9, 0.6, 0.4]], [[0.6, -0.6, -0.6], [0.9, 0.6, -0.5]], [[0.6, -0.2, 0.4], [0.9, -0.1, 1.0]], [[0.6, -0.1, -0.6], [0.9, 0.0, 0.4]], [[0.6, -0.2, -1.0], [0.9, -0.1, -0.5]]]
start: [2.29515, -1.9634400000000001, -1.2, 0.87814000000000003, -2.10399, -1.5575000000000001, 0.0465]
tajectories: [[2.29515, -1.96344, -1.2, 0.87814, -2.10399, -1.5575, 0.0465], [2.31937, -1.91503, -1.40437, 0.87001, -2.46173, -1.30456, 0.16173], [2.34359, -1.86662, -1.60874, 0.86188, -2.81948, -1.05162, 0.27696], [2.36782, -1.8182, -1.81311, 0.85375, -3.17722, -0.79868, 0.39218], [2.39204, -1.76979, -2.01748, 0.84562, -3.53496, -0.54574, 0.50741], [2.41626, -1.72138, -2.22185, 0.83749, -3.89271, -0.2928, 0.62264], [2.44048, -1.67297, -2.42621, 0.82936, -4.25045, -0.03986, 0.73787], [2.45208, -1.6498, -2.52404, 0.82547, -4.42169, 0.08121, 0.79303], [2.29209, -1.68969, -2.54431, 1.20522, -4.35362, 0.34802, 0.74432], [2.1321, -1.72959, -2.56458, 1.58497, -4.28555, 0.61483, 0.69561], [1.97211, -1.76948, -2.58485, 1.96471, -4.21748, 0.88164, 0.6469], [1.81213, -1.80937, -2.60512, 2.34446, -4.14941, 1.14845, 0.59819], [1.65214, -1.84927, -2.62539, 2.72421, -4.08134, 1.41526, 0.54948], [1.64174, -1.85186, -2.62671, 2.74889, -4.07691, 1.4326, 0.54631], [1.75418, -1.55216, -2.37751, 2.79199, -3.88043, 1.44478, 0.33459], [1.86662, -1.25247, -2.12831, 2.83508, -3.68395, 1.45695, 0.12286], [1.97906, -0.95277, -1.87911, 2.87818, -3.48747, 1.46912, -0.08887], [2.09149, -0.65308, -1.62991, 2.92127, -3.29099, 1.48129, -0.3006], [2.20393, -0.35338, -1.3807, 2.96437, -3.09451, 1.49347, -0.51233], [2.31637, -0.05368, -1.1315, 3.00746, -2.89803, 1.50564, -0.72405], [2.42881, 0.24601, -0.8823, 3.05056, -2.70155, 1.51781, -0.93578], [2.47625, 0.37245, -0.77717, 3.06874, -2.61865, 1.52295, -1.02511], [2.17363, 0.42039, -0.84045, 2.76414, -2.59932, 1.50075, -1.26693], [1.87102, 0.46832, -0.90374, 2.45955, -2.57999, 1.47856, -1.50876], [1.56841, 0.51625, -0.96703, 2.15496, -2.56066, 1.45636, -1.75058], [1.2658, 0.56419, -1.03032, 1.85037, -2.54132, 1.43416, -1.99241], [0.96318, 0.61212, -1.0936, 1.54577, -2.52199, 1.41197, -2.23423], [0.66057, 0.66006, -1.15689, 1.24118, -2.50266, 1.38977, -2.47605]]
end: [0.45444000000000001, 0.69271000000000005, -1.2, 1.0337000000000001, -2.48949, 1.3746499999999999, -2.6407799999999999]
obtacles: [[[0.6, 0.5, -1.0], [0.9, 0.6, 1.0]], [[0.6, -0.6, -1.0], [0.9, -0.5, 1.0]], [[0.6, -0.6, 0.9], [0.9, 0.6, 1.0]], [[0.6, -0.6, -1.0], [0.9, 0.6, -0.9]], [[0.6, -0.6, 0.3], [0.9, 0.6, 0.4]], [[0.6, -0.6, -0.6], [0.9, 0.6, -0.5]], [[0.6, -0.2, 0.4], [0.9, -0.1, 1.0]], [[0.6, -0.1, -0.6], [0.9, 0.0, 0.4]], [[0.6, -0.2, -1.0], [0.9, -0.1, -0.5]]]
start: [0.76841999999999999, 1.8174699999999999, -1.7, 1.5962499999999999, -1.3253200000000001, 1.4393, -2.3460399999999999]
tajectories: [[0.76842, 1.81747, -1.7, 1.59625, -1.32532, 1.4393, -2.34604], [0.94719, 1.64178, -1.42726, 1.79877, -1.32083, 1.44382, -2.07821], [1.12595, 1.46609, -1.15452, 2.00129, -1.31634, 1.44835, -1.81037], [1.30471, 1.2904, -0.88178, 2.2038, -1.31185, 1.45287, -1.54253], [1.48348, 1.11471, -0.60904, 2.40632, -1.30736, 1.4574, -1.2747], [1.66224, 0.93902, -0.3363, 2.60883, -1.30287, 1.46192, -1.00686], [1.78376, 0.81959, -0.1509, 2.7465, -1.29982, 1.465, -0.82479], [1.54687, 0.51419, -0.18838, 2.76182, -1.32907, 1.32706, -1.10603], [1.30999, 0.2088, -0.22585, 2.77715, -1.35831, 1.18912, -1.38727], [1.0731, -0.0966, -0.26333, 2.79248, -1.38756, 1.05118, -1.66851], [0.83622, -0.402, -0.3008, 2.8078, -1.41681, 0.91324, -1.94975], [0.80884, -0.43729, -0.30514, 2.80957, -1.42019, 0.8973, -1.98225], [0.60372, -0.28021, -0.69686, 2.77792, -1.38805, 0.95131, -1.82459], [0.3986, -0.12313, -1.08857, 2.74626, -1.3559, 1.00531, -1.66694], [0.19348, 0.03395, -1.48029, 2.71461, -1.32375, 1.05931, -1.50928], [-0.01164, 0.19103, -1.87201, 2.68295, -1.29161, 1.11331, -1.35162], [-0.21676, 0.34811, -2.26373, 2.6513, -1.25946, 1.16731, -1.19397], [-0.35601, 0.45474, -2.52965, 2.62981, -1.23764, 1.20397, -1.08694], [-0.34724, 0.55119, -2.36669, 2.23238, -1.36175, 1.1639, -1.28469], [-0.33847, 0.64764, -2.20373, 1.83496, -1.48587, 1.12383, -1.48244], [-0.3297, 0.74408, -2.04077, 1.43753, -1.60999, 1.08376, -1.68019], [-0.32093, 0.84053, -1.87781, 1.0401, -1.73411, 1.04369, -1.87794], [-0.31216, 0.93698, -1.71485, 0.64267, -1.85822, 1.00362, -2.07569]]
end: [-0.31136000000000003, 0.94576000000000005, -1.7, 0.60646999999999995, -1.8695299999999999, 0.99997000000000003, -2.0937100000000002]
obtacles: [[[0.6, 0.5, -1.0], [0.9, 0.6, 1.0]], [[0.6, -0.6, -1.0], [0.9, -0.5, 1.0]], [[0.6, -0.6, 0.9], [0.9, 0.6, 1.0]], [[0.6, -0.6, -1.0], [0.9, 0.6, -0.9]], [[0.6, -0.6, 0.3], [0.9, 0.6, 0.4]], [[0.6, -0.6, -0.6], [0.9, 0.6, -0.5]], [[0.6, -0.2, 0.4], [0.9, -0.1, 1.0]], [[0.6, -0.1, -0.6], [0.9, 0.0, 0.4]], [[0.6, -0.2, -1.0], [0.9, -0.1, -0.5]]]
start: [2.0014599999999998, -1.6583000000000001, -1.55, 1.79349, -1.65161, -1.53128, -0.65085999999999999]
tajectories: [[2.00146, -1.6583, -1.55, 1.79349, -1.65161, -1.53128, -0.65086], [1.88267, -1.72402, -1.83672, 1.88389, -1.41699, -1.25698, -0.54646], [1.76388, -1.78974, -2.12344, 1.97429, -1.18236, -0.98268, -0.44206], [1.64509, -1.85547, -2.41017, 2.06469, -0.94774, -0.70837, -0.33766], [1.5263, -1.92119, -2.69689, 2.15509, -0.71312, -0.43407, -0.23327], [1.51048, -1.92994, -2.73508, 2.16714, -0.68187, -0.39753, -0.21936], [1.2189, -1.56045, -2.71536, 2.26677, -0.60935, -0.47074, -0.13263], [0.92732, -1.19095, -2.69563, 2.3664, -0.53684, -0.54396, -0.0459], [0.63574, -0.82146, -2.67591, 2.46603, -0.46432, -0.61717, 0.04083], [0.34416, -0.45197, -2.65618, 2.56566, -0.39181, -0.69038, 0.12756], [0.26919, -0.35696, -2.65111, 2.59128, -0.37316, -0.70921, 0.14987], [0.53964, -0.19607, -2.63854, 2.50021, -0.10504, -0.44508, 0.1204], [0.81009, -0.03519, -2.62598, 2.40913, 0.16308, -0.18096, 0.09093], [1.08054, 0.1257, -2.61341, 2.31806, 0.43121, 0.08317, 0.06146], [1.35099, 0.28659, -2.60084, 2.22699, 0.69933, 0.34729, 0.03199], [1.62144, 0.44747, -2.58828, 2.13592, 0.96746, 0.61142, 0.00252], [1.77641, 0.53966, -2.58108, 2.08374, 1.1211, 0.76277, -0.01436], [1.59863, 0.61677, -2.39812, 1.82003, 1.13347, 0.43247, -0.02794], [1.42085, 0.69388, -2.21516, 1.55633, 1.14584, 0.10217, -0.04151], [1.24307, 0.77098, -2.0322, 1.29262, 1.1582, -0.22813, -0.05508], [1.06529, 0.84809, -1.84925, 1.02891, 1.17057, -0.55843, -0.06866], [0.88751, 0.92519, -1.66629, 0.76521, 1.18294, -0.88873, -0.08223]]
end: [0.77451999999999999, 0.97419999999999995, -1.55, 0.59758999999999995, 1.1908000000000001, -1.09867, -0.090859999999999996]
obtacles: [[[0.6, 0.5, -1.0], [0.9, 0.6, 1.0]], [[0.6, -0.6, -1.0], [0.9, -0.5, 1.0]], [[0.6, -0.6, 0.9], [0.9, 0.6, 1.0]], [[0.6, -0.6, -1.0], [0.9, 0.6, -0.9]], [[0.6, -0.6, 0.3], [0.9, 0.6, 0.4]], [[0.6, -0.6, -0.6], [0.9, 0.6, -0.5]], [[0.6, -0.2, 0.4], [0.9, -0.1, 1.0]], [[0.6, -0.1, -0.6], [0.9, 0.0, 0.4]], [[0.6, -0.2, -1.0], [0.9, -0.1, -0.5]]]
start: [-0.42137000000000002, 0.82033, -0.80000000000000004, 0.90620000000000001, -2.5891700000000002, 1.55128, -2.1200600000000001]
tajectories: [[-0.42137, 0.82033, -0.8, 0.9062, -2.58917, 1.55128, -2.12006], [-0.41679, 0.61397, -0.74811, 1.10139, -2.645, 1.28632, -1.81464], [-0.41222, 0.40761, -0.69622, 1.29658, -2.70084, 1.02135, -1.50923], [-0.40765, 0.20125, -0.64433, 1.49177, -2.75667, 0.75639, -1.20382], [-0.40308, -0.00512, -0.59244, 1.68697, -2.81251, 0.49142, -0.8984], [-0.3985, -0.21148, -0.54055, 1.88216, -2.86834, 0.22646, -0.59299], [-0.39393, -0.41784, -0.48866, 2.07735, -2.92417, -0.03851, -0.28758], [-0.38936, -0.6242, -0.43677, 2.27255, -2.98001, -0.30348, 0.01784], [-0.3891, -0.63588, -0.43384, 2.2836, -2.98317, -0.31848, 0.03513], [-0.07121, -0.41808, -0.4293, 2.31202, -2.75248, -0.3305, -0.18239], [0.24669, -0.20027, -0.42477, 2.34044, -2.52178, -0.34252, -0.3999], [0.56458, 0.01753, -0.42024, 2.36887, -2.29109, -0.35454, -0.61742], [0.88247, 0.23534, -0.41571, 2.39729, -2.06039, -0.36656, -0.83493], [1.20037, 0.45314, -0.41118, 2.42572, -1.8297, -0.37858, -1.05245], [1.51826, 0.67095, -0.40665, 2.45414, -1.59901, -0.3906, -1.26996], [1.58178, 0.71447, -0.40575, 2.45982, -1.55291, -0.393, -1.31343], [1.47466, 0.91963, -0.5941, 2.34174, -1.497, -0.05515, -1.4859], [1.36754, 1.12479, -0.78245, 2.22365, -1.44109, 0.2827, -1.65836], [1.26042, 1.32995, -0.97079, 2.10557, -1.38519, 0.62056, -1.83083], [1.1533, 1.53511, -1.15914, 1.98749, -1.32928, 0.95841, -2.0033], [1.04618, 1.74026, -1.34749, 1.8694, -1.27337, 1.29626, -2.17577]]
end: [0.95945000000000003, 1.90638, -1.5, 1.77379, -1.2281, 1.56982, -2.31542]
