obtacles: [[[0.6, 0.5, -1.0], [0.9, 0.6, 1.0]], [[0.6, -0.6, -1.0], [0.9, -0.5, 1.0]], [[0.6, -0.6, 0.9], [0.9, 0.6, 1.0]], [[0.6, -0.6, -1.0], [0.9, 0.6, -0.9]], [[0.6, -0.6, 0.4], [0.9, 0.6, 0.5]], [[0.6, -0.6, -0.4], [0.9, 0.6, -0.3]], [[0.6, 0.1, 0.5], [0.9, 0.2, 1.0]], [[0.6, 0.0, -0.4], [0.9, 0.1, 0.5]], [[0.6, -0.1, -1.0], [0.9, 0.0, -0.3]]]
start: [0.78327999999999998, 1.90866, -1.6000000000000001, 1.6128400000000001, -1.23417, 1.5293300000000001, -2.3240599999999998]
tajectories: [[0.78328, 1.90866, -1.6, 1.61284, -1.23417, 1.52933, -2.32406], [0.99142, 1.76731, -1.23756, 1.81862, -1.1919, 1.44645, -2.25817], [1.19955, 1.62596, -0.87512, 2.02439, -1.14962, 1.36358, -2.19228], [1.40768, 1.48461, -0.51268, 2.23016, -1.10735, 1.28071, -2.12639], [1.61581, 1.34326, -0.15025, 2.43594, -1.06508, 1.19783, -2.0605], [1.82395, 1.20191, 0.21219, 2.64171, -1.0228, 1.11496, -1.99461], [1.90591, 1.14625, 0.35493, 2.72275, -1.00615, 1.08232, -1.96866], [1.48348, 0.90616, 0.25348, 2.68137, -1.03469, 1.10721, -1.94701], [1.06104, 0.66607, 0.15204, 2.63999, -1.06322, 1.13209, -1.92536], [0.63861, 0.42597, 0.0506, 2.59861, -1.09175, 1.15698, -1.90371], [0.21618, 0.18588, -0.05085, 2.55723, -1.12028, 1.18187, -1.88206], [-0.20626, -0.05421, -0.15229, 2.51585, -1.14882, 1.20676, -1.86041], [-0.30451, -0.11005, -0.17588, 2.50622, -1.15545, 1.21254, -1.85538], [-0.20174, -0.11055, -0.54758, 2.44353, -1.33763, 1.22075, -1.60222], [-0.09896, -0.11105, -0.91929, 2.38084, -1.5198, 1.22895, -1.34905], [0.00381, -0.11155, -1.29099, 2.31816, -1.70197, 1.23715, -1.09589], [0.10658, -0.11205, -1.66269, 2.25547, -1.88414, 1.24535, -0.84273], [0.12574, -0.11215, -1.732, 2.24378, -1.91811, 1.24688, -0.79552], [0.0296, 0.12543, -1.7016, 1.9086, -1.9486, 1.21556, -1.05846], [-0.06655, 0.363, -1.6712, 1.57342, -1.9791, 1.18424, -1.32139], [-0.16269, 0.60058, -1.6408, 1.23824, -2.00959, 1.15291, -1.58433], [-0.25884, 0.83815, -1.6104, 0.90307, -2.04008, 1.12159, -1.84726]]
end: [-0.29174, 0.91947000000000001, -1.6000000000000001, 0.78835, -2.0505200000000001, 1.11087, -1.93726]
obtacles: [[[0.6, 0.5, -1.0], [0.9, 0.6, 1.0]], [[0.6, -0.6, -1.0], [0.9, -0.5, 1.0]], [[0.6, -0.6, 0.9], [0.9, 0.6, 1.0]], [[0.6, -0.6, -1.0], [0.9, 0.6, -0.9]], [[0.6, -0.6, 0.4], [0.9, 0.6, 0.5]], [[0.6, -0.6, -0.4], [0.9, 0.6, -0.3]], [[0.6, 0.1, 0.5], [0.9, 0.2, 1.0]], [[0.6, 0.0, -0.4], [0.9, 0.1, 0.5]], [[0.6, -0.1, -1.0], [0.9, 0.0, -0.3]]]
start: [2.2091500000000002, -1.8561099999999999, -1.3999999999999999, 1.08927, -1.9018299999999999, -1.5566, -0.12987000000000001]
tajectories: [[2.20915, -1.85611, -1.4, 1.08927, -1.90183, -1.5566, -0.12987], [2.09524, -1.68124, -1.59014, 1.37426, -1.83186, -1.26651, -0.12503], [1.98133, -1.50637, -1.78027, 1.65926, -1.76189, -0.97642, -0.12019], [1.86741, -1.3315, -1.97041, 1.94425, -1.69192, -0.68633, -0.11535], [1.77564, -1.19062, -2.12359, 2.17384, -1.63556, -0.45263, -0.11145], [1.75219, -0.88163, -2.03119, 2.16019, -1.65794, -0.10884, -0.27441], [1.72874, -0.57264, -1.9388, 2.14654, -1.68033, 0.23495, -0.43737], [1.70529, -0.26365, -1.84641, 2.13289, -1.70272, 0.57875, -0.60034], [1.70247, -0.22658, -1.83533, 2.13125, -1.7054, 0.61999, -0.61989], [1.73627, 0.08405, -1.87013, 2.28938, -1.86863, 0.41604, -0.86054], [1.77006, 0.39467, -1.90494, 2.44751, -2.03185, 0.21208, -1.10119], [1.80386, 0.7053, -1.93975, 2.60564, -2.19507, 0.00813, -1.34185], [1.83766, 1.01593, -1.97456, 2.76377, -2.3583, -0.19582, -1.5825], [1.84681, 1.10007, -1.98399, 2.8066, -2.40251, -0.25107, -1.64769], [1.7376, 1.22062, -1.91815, 2.58619, -2.21987, 0.05839, -1.8514], [1.62839, 1.34116, -1.85231, 2.36577, -2.03722, 0.36786, -2.0551], [1.51917, 1.46171, -1.78648, 2.14535, -1.85458, 0.67732, -2.25881], [1.40996, 1.58226, -1.72064, 1.92493, -1.67193, 0.98679, -2.46251], [1.30075, 1.70281, -1.65481, 1.70452, -1.48929, 1.29625, -2.66622]]
end: [1.20983, 1.8031600000000001, -1.6000000000000001, 1.5210300000000001, -1.33724, 1.5538700000000001, -2.8357899999999998]
obtacles: [[[0.6, 0.5, -1.0], [0.9, 0.6, 1.0]], [[0.6, -0.6, -1.0], [0.9, -0.5, 1.0]], [[0.6, -0.6, 0.9], [0.9, 0.6, 1.0]], [[0.6, -0.6, -1.0], [0.9, 0.6, -0.9]], [[0.6, -0.6, 0.4], [0.9, 0.6, 0.5]], [[0.6, -0.6, -0.4], [0.9, 0.6, -0.3]], [[0.6, 0.1, 0.5], [0.9, 0.2, 1.0]], [[0.6, 0.0, -0.4], [0.9, 0.1, 0.5]], [[0.6, -0.1, -1.0], [0.9, 0.0, -0.3]]]
start: [2.1194799999999998, -1.4770399999999999, -1.5, 1.82477, -1.46217, -1.5261400000000001, -0.80840000000000001]
tajectories: [[2.11948, -1.47704, -1.5, 1.82477, -1.46217, -1.52614, -0.8084], [2.39414, -1.73831, -1.5, 1.68474, -1.73123, -1.49501, -0.92387]]
end: [2.4814099999999999, -1.8213200000000001, -1.5, 1.64025, -1.8167199999999999, -1.48512, -0.96055999999999997]
obtacles: [[[0.6, 0.5, -1.0], [0.9, 0.6, 1.0]], [[0.6, -0.6, -1.0], [0.9, -0.5, 1.0]], [[0.6, -0.6, 0.9], [0.9, 0.6, 1.0]], [[0.6, -0.6, -1.0], [0.9, 0.6, -0.9]], [[0.6, -0.6, 0.4], [0.9, 0.6, 0.5]], [[0.6, -0.6, -0.4], [0.9, 0.6, -0.3]], [[0.6, 0.1, 0.5], [0.9, 0.2, 1.0]], [[0.6, 0.0, -0.4], [0.9, 0.1, 0.5]], [[0.6, -0.1, -1.0], [0.9, 0.0, -0.3]]]
start: [2.5610599999999999, -1.7594099999999999, -1.1499999999999999, 0.44553999999999999, -2.0295999999999998, -1.56708, 0.17626]
tajectories: [[2.56106, -1.75941, -1.15, 0.44554, -2.0296, -1.56708, 0.17626], [2.40034, -1.73577, -1.13955, 0.80011, -2.12758, -1.27406, 0.22441], [2.23961, -1.71213, -1.12911, 1.15468, -2.22555, -0.98103, 0.27255], [2.07889, -1.68849, -1.11866, 1.50925, -2.32353, -0.68801, 0.3207], [1.91817, -1.66486, -1.10822, 1.86383, -2.4215, -0.39499, 0.36884], [1.75745, -1.64122, -1.09777, 2.2184, -2.51948, -0.10197, 0.41699], [1.61772, -1.62067, -1.08869, 2.52665, -2.60466, 0.15277, 0.45884], [1.60268, -1.32198, -1.01181, 2.4034, -2.46265, 0.05003, 0.7886], [1.58765, -1.0233, -0.93493, 2.28015, -2.32065, -0.05272, 1.11836], [1.57261, -0.72462, -0.85805, 2.1569, -2.17865, -0.15546, 1.44811], [1.55757, -0.42593, -0.78117, 2.03365, -2.03665, -0.2582, 1.77787], [1.54253, -0.12725, -0.70429, 1.9104, -1.89464, -0.36094, 2.10763], [1.52749, 0.17143, -0.62741, 1.78715, -1.75264, -0.46368, 2.43739], [1.52549, 0.21117, -0.61718, 1.77075, -1.73375, -0.47735, 2.48126], [1.40032, 0.2483, -0.79327, 1.37488, -1.92708, -0.5229, 2.5573], [1.27515, 0.28544, -0.96935, 0.979, -2.12041, -0.56845, 2.63334], [1.14998, 0.32257, -1.14543, 0.58313, -2.31373, -0.614, 2.70938], [1.08593, 0.34158, -1.23553, 0.38055, -2.41266, -0.63731, 2.74829], [0.98452, 0.48609, -1.21176, 0.36653, -2.35361, -0.17413, 2.75518], [0.88311, 0.6306, -1.18798, 0.35252, -2.29455, 0.28905, 2.76208], [0.7817, 0.77511, -1.16421, 0.3385, -2.23549, 0.75223, 2.76897]]
end: [0.72111000000000003, 0.86145000000000005, -1.1499999999999999, 0.33012000000000002, -2.2002100000000002, 1.02898, 2.7730899999999998]
obtacles: [[[0.6, 0.5, -1.0], [0.9, 0.6, 1.0]], [[0.6, -0.6, -1.0], [0.9, -0.5, 1.0]], [[0.6, -0.6, 0.9], [0.9, 0.6, 1.0]], [[0.6, -0.6, -1.0], [0.9, 0.6, -0.9]], [[0.6, -0.6, 0.4], [0.9, 0.6, 0.5]], [[0.6, -0.6, -0.4], [0.9, 0.6, -0.3]], [[0.6, 0.1, 0.5], [0.9, 0.2, 1.0]], [[0.6, 0.0, -0.4], [0.9, 0.1, 0.5]], [[0.6, -0.1, -1.0], [0.9, 0.0, -0.3]]]
start: [0.74394000000000005, 1.8811899999999999, -1.7, 1.2384599999999999, -1.23577, 1.55447, -2.6700699999999999]
tajectories: [[0.74394, 1.88119, -1.7, 1.23846, -1.23577, 1.55447, -2.67007], [0.81816, 1.81004, -1.80823, 1.43333, -1.21968, 1.12007, -2.69794], [0.89237, 1.7389, -1.91646, 1.6282, -1.20359, 0.68566, -2.72582], [0.96659, 1.66775, -2.0247, 1.82307, -1.1875, 0.25126, -2.75369], [1.04081, 1.59661, -2.13293, 2.01794, -1.17141, -0.18315, -2.78156], [1.11502, 1.52546, -2.24116, 2.21281, -1.15532, -0.61755, -2.80943], [1.14203, 1.49957, -2.28055, 2.28372, -1.14947, -0.77563, -2.81957], [1.24885, 1.21271, -2.19933, 2.25794, -1.49689, -0.61297, -2.7762], [1.35567, 0.92586, -2.1181, 2.23217, -1.84431, -0.45031, -2.73283], [1.46249, 0.639, -2.03688, 2.20639, -2.19173, -0.28765, -2.68946], [1.56931, 0.35214, -1.95566, 2.18061, -2.53915, -0.125, -2.64608], [1.67392, 0.07123, -1.87612, 2.15537, -2.87938, 0.03429, -2.60361], [1.28075, 0.2724, -1.94782, 2.0549, -2.93837, 0.08921, -2.42137], [0.88758, 0.47358, -2.01952, 1.95442, -2.99737, 0.14412, -2.23913], [0.4944, 0.67475, -2.09122, 1.85395, -3.05636, 0.19904, -2.05689], [0.11942, 0.86662, -2.15961, 1.75812, -3.11263, 0.25142, -1.88308], [0.14247, 0.8464, -2.03921, 1.45451, -2.82098, 0.41743, -2.05559], [0.16552, 0.82618, -1.91881, 1.1509, -2.52932, 0.58344, -2.2281], [0.18857, 0.80596, -1.79841, 0.84728, -2.23767, 0.74946, -2.40061]]
end: [0.20741999999999999, 0.78942999999999997, -1.7, 0.59911999999999999, -1.9992799999999999, 0.88514999999999999, -2.5416099999999999]
obtacles: [[[0.6, 0.5, -1.0], [0.9, 0.6, 1.0]], [[0.6, -0.6, -1.0], [0.9, -0.5, 1.0]], [[0.6, -0.6, 0.9], [0.9, 0.6, 1.0]], [[0.6, -0.6, -1.0], [0.9, 0.6, -0.9]], [[0.6, -0.6, 0.4], [0.9, 0.6, 0.5]], [[0.6, -0.6, -0.4], [0.9, 0.6, -0.3]], [[0.6, 0.1, 0.5], [0.9, 0.2, 1.0]], [[0.6, 0.0, -0.4], [0.9, 0.1, 0.5]], [[0.6, -0.1, -1.0], [0.9, 0.0, -0.3]]]
start: [-0.77959999999999996, 1.90669, 1.8999999999999999, 1.49017, -1.9472, -1.2894099999999999, -0.60033000000000003]
tajectories: [[-0.7796, 1.90669, 1.9, 1.49017, -1.9472, -1.28941, -0.60033], [-0.9418, 1.78219, 1.68013, 1.67258, -2.20159, -1.151, -0.80698], [-1.104, 1.65769, 1.46025, 1.85499, -2.45598, -1.0126, -1.01363], [-1.26619, 1.53319, 1.24038, 2.03739, -2.71038, -0.87419, -1.22028], [-1.42839, 1.4087, 1.0205, 2.2198, -2.96477, -0.73578, -1.42693], [-1.59058, 1.2842, 0.80063, 2.4022, -3.21916, -0.59737, -1.63358], [-1.75278, 1.1597, 0.58075, 2.58461, -3.47355, -0.45896, -1.84023], [-1.86087, 1.07673, 0.43421, 2.70618, -3.6431, -0.36672, -1.97795], [-1.58717, 0.75412, 0.58093, 2.57501, -3.74393, -0.48586, -2.06691], [-1.31347, 0.4315, 0.72765, 2.44384, -3.84476, -0.60501, -2.15586], [-1.03976, 0.10889, 0.87437, 2.31267, -3.9456, -0.72415, -2.24482], [-0.76606, -0.21372, 1.02109, 2.1815, -4.04643, -0.8433, -2.33377], [-0.49236, -0.53633, 1.16781, 2.05032, -4.14726, -0.96244, -2.42273], [-0.21865, -0.85894, 1.31453, 1.91915, -4.2481, -1.08158, -2.51169], [-0.0603, -1.0456, 1.39942, 1.84326, -4.30643, -1.15051, -2.56315], [0.16321, -0.75169, 1.42779, 1.62754, -4.06885, -1.16546, -2.46489], [0.38671, -0.45778, 1.45615, 1.41182, -3.83127, -1.18041, -2.36664], [0.61022, -0.16388, 1.48452, 1.1961, -3.59368, -1.19536, -2.26838], [0.83372, 0.13003, 1.51289, 0.98038, -3.3561, -1.21031, -2.17012], [1.05723, 0.42393, 1.54125, 0.76466, -3.11852, -1.22526, -2.07186], [1.28073, 0.71784, 1.56962, 0.54893, -2.88093, -1.24021, -1.9736], [1.3052, 0.75001, 1.57272, 0.52532, -2.85493, -1.24185, -1.96285], [1.06272, 0.80331, 1.65435, 0.56313, -2.487, -1.15995, -1.7674], [0.82024, 0.85661, 1.73597, 0.60094, -2.11908, -1.07805, -1.57196], [0.57776, 0.90991, 1.81759, 0.63875, -1.75116, -0.99615, -1.37652], [0.33529, 0.9632, 1.89921, 0.67656, -1.38324, -0.91426, -1.18107]]
end: [0.33295000000000002, 0.96372000000000002, 1.8999999999999999, 0.67693000000000003, -1.3796900000000001, -0.91347, -1.17919]
obtacles: [[[0.6, 0.5, -1.0], [0.9, 0.6, 1.0]], [[0.6, -0.6, -1.0], [0.9, -0.5, 1.0]], [[0.6, -0.6, 0.9], [0.9, 0.6, 1.0]], [[0.6, -0.6, -1.0], [0.9, 0.6, -0.9]], [[0.6, -0.6, 0.4], [0.9, 0.6, 0.5]], [[0.6, -0.6, -0.4], [0.9, 0.6, -0.3]], [[0.6, 0.1, 0.5], [0.9, 0.2, 1.0]], [[0.6, 0.0, -0.4], [0.9, 0.1, 0.5]], [[0.6, -0.1, -1.0], [0.9, 0.0, -0.3]]]
start: [-0.56076000000000004, 1.8507, 1.95, 0.66173999999999999, -2.0380600000000002, -1.57013, -0.046760000000000003]
tajectories: [[-0.56076, 1.8507, 1.95, 0.66174, -2.03806, -1.57013, -0.04676], [-0.6269, 1.73249, 1.63036, 0.89371, -2.20196, -1.52301, -0.26261], [-0.69303, 1.61427, 1.31073, 1.12567, -2.36586, -1.47589, -0.47846], [-0.75916, 1.49606, 0.99109, 1.35764, -2.52977, -1.42877, -0.69431], [-0.8253, 1.37784, 0.67145, 1.58961, -2.69367, -1.38165, -0.91016], [-0.89143, 1.25962, 0.35182, 1.82157, -2.85757, -1.33453, -1.12601], [-0.94008, 1.17266, 0.11669, 1.99221, -2.97814, -1.29987, -1.28479], [-1.0447, 0.9843, 0.48998, 2.12643, -2.97705, -1.08745, -1.31778], [-1.14932, 0.79594, 0.86328, 2.26065, -2.97597, -0.87503, -1.35078], [-1.25394, 0.60758, 1.23657, 2.39487, -2.97488, -0.66261, -1.38377], [-1.35856, 0.41921, 1.60986, 2.52909, -2.97379, -0.4502, -1.41677], [-1.46318, 0.23085, 1.98316, 2.66331, -2.9727, -0.23778, -1.44976], [-1.52026, 0.12808, 2.18683, 2.73654, -2.97211, -0.12188, -1.46776], [-1.56148, 0.25648, 2.17676, 2.57509, -2.66455, -0.34093, -1.21663], [-1.6027, 0.38489, 2.16668, 2.41364, -2.35699, -0.55999, -0.9655], [-1.64392, 0.5133, 2.1566, 2.25219, -2.04943, -0.77904, -0.71437], [-1.68514, 0.6417, 2.14653, 2.09074, -1.74187, -0.9981, -0.46324], [-1.72636, 0.77011, 2.13645, 1.92929, -1.43431, -1.21715, -0.2121], [-1.75374, 0.8554, 2.12976, 1.82205, -1.23002, -1.36265, -0.0453], [-1.42076, 0.84361, 2.07346, 1.52395, -1.18792, -1.20733, -0.19041], [-1.08777, 0.83182, 2.01716, 1.22586, -1.14583, -1.05201, -0.33551], [-0.75479, 0.82003, 1.96085, 0.92776, -1.10373, -0.89669, -0.48062]]
end: [-0.69060999999999995, 0.81776000000000004, 1.95, 0.87029000000000001, -1.09561, -0.86675000000000002, -0.50858999999999999]
obtacles: [[[0.6, 0.5, -1.0], [0.9, 0.6, 1.0]], [[0.6, -0.6, -1.0], [0.9, -0.5, 1.0]], [[0.6, -0.6, 0.9], [0.9, 0.6, 1.0]], [[0.6, -0.6, -1.0], [0.9, 0.6, -0.9]], [[0.6, -0.6, 0.4], [0.9, 0.6, 0.5]], [[0.6, -0.6, -0.4], [0.9, 0.6, -0.3]], [[0.6, 0.1, 0.5], [0.9, 0.2, 1.0]], [[0.6, 0.0, -0.4], [0.9, 0.1, 0.5]], [[0.6, -0.1, -1.0], [0.9, 0.0, -0.3]]]
start: [-0.46822000000000003, 1.9571400000000001, 1.95, 1.0745400000000001, -2.0924800000000001, -1.4483600000000001, -0.49856]
tajectories: [[-0.46822, 1.95714, 1.95, 1.07454, -2.09248, -1.44836, -0.49856], [-0.55133, 1.88757, 1.90318, 1.33867, -1.95052, -1.43, -0.88041], [-0.63444, 1.81801, 1.85635, 1.6028, -1.80857, -1.41163, -1.26226], [-0.71755, 1.74845, 1.80953, 1.86693, -1.66661, -1.39326, -1.64411], [-0.78769, 1.68973, 1.77001, 2.08986, -1.54679, -1.37776, -1.9664], [-1.04938, 1.73245, 1.57077, 1.98701, -1.85907, -1.29568, -1.80777], [-1.31106, 1.77518, 1.37153, 1.88415, -2.17136, -1.2136, -1.64914], [-1.57275, 1.8179, 1.17229, 1.7813, -2.48364, -1.13152, -1.49051], [-1.83443, 1.86062, 0.97306, 1.67845, -2.79592, -1.04944, -1.33188], [-1.85916, 1.86466, 0.95423, 1.66873, -2.82543, -1.04169, -1.31689], [-1.86754, 1.64349, 1.12687, 1.79565, -2.93693, -0.91213, -0.96208], [-1.87593, 1.42232, 1.29951, 1.92256, -3.04842, -0.78258, -0.60727], [-1.88431, 1.20116, 1.47215, 2.04947, -3.15992, -0.65303, -0.25247], [-1.8927, 0.97999, 1.64478, 2.17639, -3.27141, -0.52347, 0.10234], [-1.89731, 0.85826, 1.7398, 2.24624, -3.33278, -0.45217, 0.29763], [-1.96896, 0.72579, 1.88952, 2.00196, -3.41434, -0.19431, 0.56612], [-2.0406, 0.59331, 2.03923, 1.75769, -3.49591, 0.06355, 0.83462], [-2.11224, 0.46084, 2.18894, 1.51341, -3.57747, 0.3214, 1.10311], [-2.18389, 0.32836, 2.33865, 1.26914, -3.65903, 0.57926, 1.37161], [-2.23991, 0.22477, 2.45572, 1.07812, -3.72281, 0.7809, 1.58156], [-2.04255, 0.19404, 2.52555, 1.08025, -3.37573, 0.70367, 1.86226], [-1.84519, 0.16331, 2.59538, 1.08238, -3.02864, 0.62645, 2.14296], [-1.64783, 0.13259, 2.66521, 1.08451, -2.68156, 0.54923, 2.42366], [-1.47047, 0.10497, 2.72797, 1.08642, -2.36964, 0.47983, 2.67592], [-1.67646, -0.16952, 2.49751, 1.02823, -2.36986, 0.7379, 2.77145], [-1.88245, -0.444, 2.26705, 0.97004, -2.37008, 0.99598, 2.86697], [-2.08844, -0.71849, 2.03659, 0.91185, -2.3703, 1.25405, 2.9625]]
end: [-2.1658400000000002, -0.82162999999999997, 1.95, 0.88998999999999995, -2.37039, 1.35101, 2.9983900000000001]
obtacles: [[[0.6, 0.5, -1.0], [0.9, 0.6, 1.0]], [[0.6, -0.6, -1.0], [0.9, -0.5, 1.0]], [[0.6, -0.6, 0.9], [0.9, 0.6, 1.0]], [[0.6, -0.6, -1.0], [0.9, 0.6, -0.9]], [[0.6, -0.6, 0.4], [0.9, 0.6, 0.5]], [[0.6, -0.6, -0.4], [0.9, 0.6, -0.3]], [[0.6, 0.1, 0.5], [0.9, 0.2, 1.0]], [[0.6, 0.0, -0.4], [0.9, 0.1, 0.5]], [[0.6, -0.1, -1.0], [0.9, 0.0, -0.3]]]
start: [-2.1228199999999999, -1.6296299999999999, 1.55, 1.4891399999999999, -1.5104500000000001, 1.5548999999999999, -2.67231]
tajectories: [[-2.12282, -1.62963, 1.55, 1.48914, -1.51045, 1.5549, -2.67231], [-1.98199, -1.63378, 1.82505, 1.83031, -1.58967, 1.40044, -2.58304], [-1.84117, -1.63794, 2.1001, 2.17147, -1.66889, 1.24597, -2.49376], [-1.70034, -1.64209, 2.37515, 2.51264, -1.7481, 1.09151, -2.40449], [-1.62326, -1.64436, 2.52569, 2.69937, -1.79146, 1.00696, -2.35563], [-1.50623, -1.23129, 2.45553, 2.56585, -1.7397, 0.84415, -2.23841], [-1.3892, -0.81822, 2.38536, 2.43234, -1.68793, 0.68135, -2.12119], [-1.27217, -0.40515, 2.31519, 2.29882, -1.63616, 0.51854, -2.00397], [-1.15514, 0.00792, 2.24503, 2.1653, -1.5844, 0.35574, -1.88674], [-1.07367, 0.29549, 2.19618, 2.07235, -1.54836, 0.2424, -1.80514], [-1.01098, 0.42626, 2.22546, 2.06048, -1.56637, -0.17168, -1.5681], [-0.94829, 0.55704, 2.25475, 2.04861, -1.58439, -0.58575, -1.33106], [-0.8856, 0.68781, 2.28404, 2.03673, -1.60241, -0.99982, -1.09402], [-0.83005, 0.80371, 2.30999, 2.02621, -1.61838, -1.36679, -0.88394], [-0.82598, 0.81719, 2.11067, 1.67063, -1.47269, -1.28165, -0.64907], [-0.82192, 0.83067, 1.91136, 1.31506, -1.32701, -1.1965, -0.41419], [-0.81786, 0.84414, 1.71204, 0.95949, -1.18132, -1.11135, -0.17931]]
end: [-0.81455999999999995, 0.85509999999999997, 1.55, 0.67040999999999995, -1.06288, -1.04213, 0.011650000000000001]
obtacles: [[[0.6, 0.5, -1.0], [0.9, 0.6, 1.0]], [[0.6, -0.6, -1.0], [0.9, -0.5, 1.0]], [[0.6, -0.6, 0.9], [0.9, 0.6, 1.0]], [[0.6, -0.6, -1.0], [0.9, 0.6, -0.9]], [[0.6, -0.6, 0.4], [0.9, 0.6, 0.5]], [[0.6, -0.6, -0.4], [0.9, 0.6, -0.3]], [[0.6, 0.1, 0.5], [0.9, 0.2, 1.0]], [[0.6, 0.0, -0.4], [0.9, 0.1, 0.5]], [[0.6, -0.1, -1.0], [0.9, 0.0, -0.3]]]
start: [-1.9582900000000001, -1.52979, 1.55, 1.4840500000000001, -4.7514500000000002, -1.54654, 0.30164999999999997]
tajectories: [[-1.95829, -1.52979, 1.55, 1.48405, -4.75145, -1.54654, 0.30165], [-1.81207, -1.61464, 1.64098, 1.83532, -4.75546, -1.51625, 0.59966], [-1.66586, -1.69949, 1.73197, 2.1866, -4.75947, -1.48595, 0.89768], [-1.52812, -1.77943, 1.81768, 2.51752, -4.76325, -1.45741, 1.17842], [-1.62118, -1.33975, 1.64813, 2.50587, -4.69286, -1.35313, 1.23602], [-1.71424, -0.90008, 1.47859, 2.49423, -4.62248, -1.24886, 1.29362], [-1.80729, -0.4604, 1.30904, 2.48258, -4.55209, -1.14458, 1.35122], [-1.90035, -0.02073, 1.1395, 2.47094, -4.48171, -1.04031, 1.40882], [-1.99341, 0.41894, 0.96995, 2.45929, -4.41132, -0.93604, 1.46641], [-2.00705, 0.48336, 0.94511, 2.45758, -4.40101, -0.92076, 1.47485], [-2.12945, 0.57559, 0.80924, 2.18874, -4.42091, -0.94313, 1.8421], [-2.25186, 0.66782, 0.67336, 1.9199, -4.44082, -0.96551, 2.20936], [-2.28409, 0.69211, 0.63757, 1.84909, -4.44606, -0.9714, 2.30608], [-2.05025, 0.94137, 0.73195, 1.93485, -4.41554, -0.63754, 2.37338], [-1.81641, 1.19064, 0.82633, 2.0206, -4.38502, -0.30368, 2.44069], [-1.58256, 1.4399, 0.9207, 2.10636, -4.3545, 0.03018, 2.50799], [-1.34872, 1.68917, 1.01508, 2.19212, -4.32398, 0.36403, 2.5753], [-1.19948, 1.84825, 1.07531, 2.24685, -4.3045, 0.5771, 2.61825], [-1.10629, 1.75134, 1.21654, 1.91918, -4.41023, 0.87246, 2.69695], [-1.01311, 1.65444, 1.35778, 1.59152, -4.51597, 1.16783, 2.77566], [-0.91992, 1.55754, 1.49901, 1.26386, -4.6217, 1.4632, 2.85437]]
end: [-0.88627999999999996, 1.5225500000000001, 1.55, 1.14557, -4.6598699999999997, 1.56982, 2.8827799999999999]
obtacles: [[[0.6, 0.5, -1.0], [0.9, 0.6, 1.0]], [[0.6, -0.6, -1.0], [0.9, -0.5, 1.0]], [[0.6, -0.6, 0.9], [0.9, 0.6, 1.0]], [[0.6, -0.6, -1.0], [0.9, 0.6, -0.9]], [[0.6, -0.6, 0.4], [0.9, 0.6, 0.5]], [[0.6, -0.6, -0.4], [0.9, 0.6, -0.3]], [[0.6, 0.1, 0.5], [0.9, 0.2, 1.0]], [[0.6, 0.0, -0.4], [0.9, 0.1, 0.5]], [[0.6, -0.1, -1.0], [0.9, 0.0, -0.3]]]
start: [2.3105699999999998, -1.9719899999999999, -1.45, 1.3162100000000001, -1.98874, -1.56179, -0.45868999999999999]
tajectories: [[2.31057, -1.97199, -1.45, 1.31621, -1.98874, -1.56179, -0.45869], [2.30055, -1.77676, -1.70731, 1.46879, -1.83361, -1.40745, -0.73148], [2.29053, -1.58153, -1.96462, 1.62137, -1.67848, -1.25311, -1.00426], [2.2805, -1.3863, -2.22193, 1.77394, -1.52335, -1.09878, -1.27704], [2.27298, -1.23982, -2.41499, 1.88842, -1.40695, -0.98298, -1.48171], [2.16942, -1.11964, -2.38202, 2.11652, -1.6069, -0.70508, -1.71519], [2.06586, -0.99946, -2.34906, 2.34462, -1.80685, -0.42719, -1.94866], [1.9623, -0.87928, -2.31609, 2.57272, -2.00679, -0.14929, -2.18214], [1.85873, -0.7591, -2.28312, 2.80082, -2.20674, 0.1286, -2.41561], [1.80017, -0.69113, -2.26448, 2.92981, -2.31981, 0.28576, -2.54765], [1.86563, -0.83016, -1.80581, 2.84986, -2.23527, 0.26405, -2.50303], [1.9311, -0.96919, -1.34713, 2.7699, -2.15073, 0.24235, -2.45842], [1.99657, -1.10822, -0.88846, 2.68995, -2.06619, 0.22065, -2.4138], [2.06203, -1.24725, -0.42978, 2.61, -1.98164, 0.19894, -2.36919], [2.1275, -1.38628, 0.0289, 2.53004, -1.8971, 0.17724, -2.32458], [2.1381, -1.40879, 0.10314, 2.5171, -1.88341, 0.17372, -2.31735], [2.17889, -1.33016, -0.01668, 2.33613, -1.50358, 0.04338, -2.13355], [2.21967, -1.25154, -0.1365, 2.15516, -1.12375, -0.08697, -1.94974], [2.26046, -1.17291, -0.25633, 1.97419, -0.74392, -0.21732, -1.76594], [2.29333, -1.10954, -0.35291, 1.82832, -0.43776, -0.32238, -1.61779], [2.33678, -1.01166, -0.63647, 1.63256, -0.53726, -0.53088, -1.36004], [2.38023, -0.91379, -0.92002, 1.4368, -0.63676, -0.73938, -1.1023], [2.42369, -0.81591, -1.20358, 1.24103, -0.73625, -0.94788, -0.84455]]
end: [2.4614500000000001, -0.73085, -1.45, 1.0709200000000001, -0.82272000000000001, -1.12907, -0.62056999999999995]
obtacles: [[[0.6, 0.5, -1.0], [0.9, 0.6, 1.0]], [[0.6, -0.6, -1.0], [0.9, -0.5, 1.0]], [[0.6, -0.6, 0.9], [0.9, 0.6, 1.0]], [[0.6, -0.6, -1.0], [0.9, 0.6, -0.9]], [[0.6, -0.6, 0.4], [0.9, 0.6, 0.5]], [[0.6, -0.6, -0.4], [0.9, 0.6, -0.3]], [[0.6, 0.1, 0.5], [0.9, 0.2, 1.0]], [[0.6, 0.0, -0.4], [0.9, 0.1, 0.5]], [[0.6, -0.1, -1.0], [0.9, 0.0, -0.3]]]
start: [0.98894000000000004, 1.69397, -1.55, 1.9468000000000001, -1.4486000000000001, 1.54488, -2.18404]
tajectories: [[0.98894, 1.69397, -1.55, 1.9468, -1.4486, 1.54488, -2.18404], [1.25898, 1.68787, -1.38882, 2.02988, -1.11381, 1.4174, -2.05826], [1.52903, 1.68177, -1.22764, 2.11297, -0.77901, 1.28992, -1.93249], [1.79907, 1.67568, -1.06646, 2.19606, -0.44422, 1.16245, -1.80671], [2.06912, 1.66958, -0.90528, 2.27915, -0.10943, 1.03497, -1.68093], [2.1483, 1.66779, -0.85802, 2.30351, -0.01126, 0.99759, -1.64405], [2.0599, 1.40607, -0.9112, 2.09859, -0.26768, 0.9908, -1.39292], [1.9715, 1.14435, -0.96438, 1.89366, -0.5241, 0.984, -1.14178], [1.8831, 0.88262, -1.01756, 1.68874, -0.78052, 0.9772, -0.89064], [1.79471, 0.6209, -1.07075, 1.48382, -1.03693, 0.9704, -0.6395], [1.70631, 0.35918, -1.12393, 1.2789, -1.29335, 0.9636, -0.38837], [1.61791, 0.09746, -1.17711, 1.07397, -1.54977, 0.9568, -0.13723], [1.56559, -0.05746, -1.20859, 0.95268, -1.70154, 0.95277, 0.01142], [1.70747, -0.23072, -1.30601, 0.88292, -1.57885, 0.54143, 0.04659], [1.84935, -0.40398, -1.40343, 0.81316, -1.45615, 0.13009, 0.08176], [1.99123, -0.57724, -1.50085, 0.7434, -1.33345, -0.28125, 0.11693], [2.13311, -0.7505, -1.59827, 0.67364, -1.21075, -0.6926, 0.15211], [2.27499, -0.92376, -1.69569, 0.60388, -1.08806, -1.10394, 0.18728]]
end: [2.2812600000000001, -0.93142999999999998, -1.7, 0.60079000000000005, -1.08263, -1.1221399999999999, 0.18883]
obtacles: [[[0.6, 0.5, -1.0], [0.9, 0.6, 1.0]], [[0.6, -0.6, -1.0], [0.9, -0.5, 1.0]], [[0.6, -0.6, 0.9], [0.9, 0.6, 1.0]], [[0.6, -0.6, -1.0], [0.9, 0.6, -0.9]], [[0.6, -0.6, 0.4], [0.9, 0.6, 0.5]], [[0.6, -0.6, -0.4], [0.9, 0.6, -0.3]], [[0.6, 0.1, 0.5], [0.9, 0.2, 1.0]], [[0.6, 0.0, -0.4], [0.9, 0.1, 0.5]], [[0.6, -0.1, -1.0], [0.9, 0.0, -0.3]]]
start: [1.0760000000000001, 1.9589799999999999, -1.55, 1.6822299999999999, -1.1827300000000001, 1.54783, -2.53579]
tajectories: [[1.076, 1.95898, -1.55, 1.68223, -1.18273, 1.54783, -2.53579], [1.19492, 1.82986, -1.30636, 1.92938, -1.16794, 1.24528, -2.4522], [1.31384, 1.70074, -1.06272, 2.17653, -1.15316, 0.94273, -2.36861], [1.43277, 1.57162, -0.81908, 2.42368, -1.13837, 0.64019, -2.28502], [1.44719, 1.55596, -0.78953, 2.45364, -1.13658, 0.6035, -2.27488], [1.28414, 1.375, -1.10637, 2.62089, -1.34785, 0.71572, -2.20359], [1.1211, 1.19404, -1.42322, 2.78814, -1.55912, 0.82794, -2.1323], [1.11027, 1.18202, -1.44426, 2.79925, -1.57316, 0.8354, -2.12757], [1.04204, 1.10547, -1.67907, 2.44799, -1.54685, 1.05322, -2.0143], [0.97381, 1.02892, -1.91388, 2.09673, -1.52054, 1.27104, -1.90104], [0.91664, 0.96478, -2.11061, 1.80242, -1.49849, 1.45353, -1.80614], [0.71269, 0.88911, -1.90688, 1.59443, -1.81122, 1.41198, -1.94172], [0.50873, 0.81343, -1.70315, 1.38644, -2.12395, 1.37042, -2.07729]]
end: [0.35542000000000001, 0.75654999999999994, -1.55, 1.2300899999999999, -2.3590300000000002, 1.33918, -2.1792099999999999]
obtacles: [[[0.6, 0.5, -1.0], [0.9, 0.6, 1.0]], [[0.6, -0.6, -1.0], [0.9, -0.5, 1.0]], [[0.6, -0.6, 0.9], [0.9, 0.6, 1.0]], [[0.6, -0.6, -1.0], [0.9, 0.6, -0.9]], [[0.6, -0.6, 0.4], [0.9, 0.6, 0.5]], [[0.6, -0.6, -0.4], [0.9, 0.6, -0.3]], [[0.6, 0.1, 0.5], [0.9, 0.2, 1.0]], [[0.6, 0.0, -0.4], [0.9, 0.1, 0.5]], [[0.6, -0.1, -1.0], [0.9, 0.0, -0.3]]]
start: [1.0085200000000001, 1.6551499999999999, -1.6499999999999999, 1.81213, -1.50749, 1.4739500000000001, -2.3443900000000002]
tajectories: [[1.00852, 1.65515, -1.65, 1.81213, -1.50749, 1.47395, -2.34439], [1.16528, 1.67046, -1.74588, 1.98253, -1.29521, 1.12536, -2.48717], [1.32204, 1.68577, -1.84176, 2.15293, -1.08293, 0.77677, -2.62995], [1.47881, 1.70107, -1.93764, 2.32333, -0.87065, 0.42818, -2.77272], [1.62569, 1.71542, -2.02747, 2.48298, -0.67176, 0.10157, -2.9065], [1.54855, 1.48755, -2.09195, 2.21696, -0.79543, 0.41396, -2.84082], [1.47142, 1.25968, -2.15643, 1.95093, -0.91911, 0.72636, -2.77514], [1.39429, 1.03181, -2.22091, 1.68491, -1.04278, 1.03875, -2.70947], [1.374, 0.97186, -2.23787, 1.61493, -1.07531, 1.12092, -2.69219], [0.93649, 0.98613, -2.35541, 1.68946, -1.16981, 0.94752, -2.69647], [0.49899, 1.0004, -2.47296, 1.76398, -1.2643, 0.77412, -2.70075], [0.06977, 1.0144, -2.58828, 1.8371, -1.35701, 0.604, -2.70495], [-0.04158, 0.97348, -2.34109, 1.47441, -1.49332, 0.68528, -2.57045], [-0.15293, 0.93256, -2.0939, 1.11171, -1.62964, 0.76656, -2.43595], [-0.26429, 0.89164, -1.84671, 0.74902, -1.76596, 0.84784, -2.30145]]
end: [-0.35289999999999999, 0.85907, -1.6499999999999999, 0.46039999999999998, -1.87443, 0.91252, -2.19442]
obtacles: [[[0.6, 0.5, -1.0], [0.9, 0.6, 1.0]], [[0.6, -0.6, -1.0], [0.9, -0.5, 1.0]], [[0.6, -0.6, 0.9], [0.9, 0.6, 1.0]], [[0.6, -0.6, -1.0], [0.9, 0.6, -0.9]], [[0.6, -0.6, 0.4], [0.9, 0.6, 0.5]], [[0.6, -0.6, -0.4], [0.9, 0.6, -0.3]], [[0.6, 0.1, 0.5], [0.9, 0.2, 1.0]], [[0.6, 0.0, -0.4], [0.9, 0.1, 0.5]], [[0.6, -0.1, -1.0], [0.9, 0.0, -0.3]]]
start: [1.0015400000000001, 1.60894, -1.6000000000000001, 1.50366, -1.53077, 1.5442400000000001, -2.6405699999999999]
tajectories: [[1.00154, 1.60894, -1.6, 1.50366, -1.53077, 1.54424, -2.64057], [1.08446, 1.59643, -1.61665, 1.60872, -1.24782, 1.18198, -2.49786], [1.16737, 1.58392, -1.6333, 1.71377, -0.96486, 0.81973, -2.35516], [1.25028, 1.57141, -1.64995, 1.81883, -0.68191, 0.45748, -2.21246], [1.33319, 1.5589, -1.66661, 1.92389, -0.39896, 0.09522, -2.06976], [1.41611, 1.54639, -1.68326, 2.02895, -0.116, -0.26703, -1.92705], [1.49902, 1.53388, -1.69991, 2.13401, 0.16695, -0.62929, -1.78435], [1.58193, 1.52137, -1.71656, 2.23907, 0.4499, -0.99154, -1.64165], [1.5936, 1.51961, -1.71891, 2.25386, 0.48974, -1.04254, -1.62156], [1.8181, 1.59084, -1.82886, 1.83527, 0.42505, -1.09318, -1.64337], [2.04259, 1.66208, -1.93882, 1.41669, 0.36035, -1.14381, -1.66518], [2.26709, 1.73331, -2.04878, 0.99811, 0.29566, -1.19445, -1.687], [2.47029, 1.79779, -2.14831, 0.61922, 0.2371, -1.24028, -1.70674], [2.24546, 1.51644, -2.19025, 0.60617, -0.01853, -1.08588, -1.53594], [2.02062, 1.23508, -2.23219, 0.59312, -0.27415, -0.93147, -1.36514], [1.79579, 0.95373, -2.27412, 0.58007, -0.52978, -0.77706, -1.19434], [1.57096, 0.67237, -2.31606, 0.56702, -0.78541, -0.62265, -1.02354], [1.34612, 0.39102, -2.358, 0.55398, -1.04103, -0.46825, -0.85273], [1.12129, 0.10966, -2.39994, 0.54093, -1.29666, -0.31384, -0.68193], [0.89645, -0.17169, -2.44188, 0.52788, -1.55229, -0.15943, -0.51113], [0.82958, -0.25538, -2.45436, 0.524, -1.62832, -0.1135, -0.46033], [0.65459, -0.11539, -2.30402, 0.67074, -1.35772, -0.01433, -0.72974], [0.4796, 0.0246, -2.15368, 0.81748, -1.08712, 0.08484, -0.99916], [0.30461, 0.16459, -2.00334, 0.96422, -0.81652, 0.18402, -1.26858], [0.12962, 0.30459, -1.853, 1.11096, -0.54592, 0.28319, -1.538], [-0.04537, 0.44458, -1.70266, 1.2577, -0.27532, 0.38236, -1.80742], [-0.13852, 0.5191, -1.62263, 1.33582, -0.13127, 0.43516, -1.95084], [-0.15413, 0.59603, -1.61745, 1.2167, -0.58668, 0.58418, -1.95506], [-0.16974, 0.67295, -1.61227, 1.09758, -1.04209, 0.73321, -1.95928], [-0.18535, 0.74987, -1.60709, 0.97846, -1.4975, 0.88224, -1.9635], [-0.20096, 0.8268, -1.60191, 0.85935, -1.9529, 1.03127, -1.96773]]
end: [-0.20671999999999999, 0.85516999999999999, -1.6000000000000001, 0.81542000000000003, -2.1208300000000002, 1.08622, -1.9692799999999999]
obtacles: [[[0.6, 0.5, -1.0], [0.9, 0.6, 1.0]], [[0.6, -0.6, -1.0], [0.9, -0.5, 1.0]], [[0.6, -0.6, 0.9], [0.9, 0.6, 1.0]], [[0.6, -0.6, -1.0], [0.9, 0.6, -0.9]], [[0.6, -0.6, 0.4], [0.9, 0.6, 0.5]], [[0.6, -0.6, -0.4], [0.9, 0.6, -0.3]], [[0.6, 0.1, 0.5], [0.9, 0.2, 1.0]], [[0.6, 0.0, -0.4], [0.9, 0.1, 0.5]], [[0.6, -0.1, -1.0], [0.9, 0.0, -0.3]]]
start: [0.91986000000000001, 1.8304499999999999, -1.6000000000000001, 1.8939699999999999, -1.33267, 1.4622900000000001, -2.1842899999999998]
tajectories: [[0.91986, 1.83045, -1.6, 1.89397, -1.33267, 1.46229, -2.18429], [1.09289, 1.63469, -1.35754, 2.0328, -1.46619, 1.33043, -1.92264], [1.26592, 1.43892, -1.11508, 2.17164, -1.5997, 1.19857, -1.66098], [1.43895, 1.24316, -0.87262, 2.31047, -1.73321, 1.06671, -1.39933], [1.61198, 1.0474, -0.63015, 2.4493, -1.86672, 0.93485, -1.13768], [1.78501, 0.85163, -0.38769, 2.58813, -2.00023, 0.80299, -0.87602], [1.95804, 0.65587, -0.14523, 2.72697, -2.13375, 0.67113, -0.61437], [2.10223, 0.49274, 0.05682, 2.84266, -2.24501, 0.56125, -0.39632], [1.90554, 0.37275, -0.04729, 2.69923, -1.95055, 0.30685, -0.27766], [1.70885, 0.25276, -0.1514, 2.5558, -1.6561, 0.05244, -0.159], [1.51215, 0.13277, -0.25551, 2.41237, -1.36164, -0.20196, -0.04034], [1.31546, 0.01278, -0.35962, 2.26894, -1.06719, -0.45636, 0.07832], [1.28012, -0.00878, -0.37832, 2.24316, -1.01427, -0.50207, 0.09964], [0.94788, -0.03454, -0.17672, 2.04586, -1.00299, -0.26082, 0.06713], [0.61565, -0.06031, 0.02488, 1.84856, -0.99171, -0.01957, 0.03463], [0.28342, -0.08607, 0.22648, 1.65126, -0.98043, 0.22168, 0.00212], [-0.04881, -0.11184, 0.42808, 1.45396, -0.96915, 0.46294, -0.03039], [-0.38105, -0.1376, 0.62968, 1.25666, -0.95788, 0.70419, -0.06289], [-0.59219, -0.15398, 0.7578, 1.13126, -0.95071, 0.85751, -0.08355], [-0.82724, -0.00241, 0.69331, 0.91622, -0.78712, 0.93177, -0.38206], [-1.06228, 0.14915, 0.62881, 0.70117, -0.62354, 1.00602, -0.68056], [-1.29732, 0.30071, 0.56432, 0.48613, -0.45995, 1.08028, -0.97907], [-1.53237, 0.45227, 0.49982, 0.27108, -0.29637, 1.15453, -1.27757], [-1.66928, 0.54055, 0.46226, 0.14582, -0.20108, 1.19778, -1.45145], [-1.51518, 0.60625, 0.11094, 0.05592, -0.38363, 1.16235, -1.68778], [-1.36109, 0.67196, -0.24039, -0.03398, -0.56617, 1.12691, -1.92411], [-1.207, 0.73766, -0.59171, -0.12387, -0.74871, 1.09148, -2.16044], [-1.05291, 0.80336, -0.94303, -0.21377, -0.93125, 1.05604, -2.39678], [-0.89882, 0.86906, -1.29435, -0.30367, -1.1138, 1.0206, -2.63311]]
end: [-0.76476, 0.92622000000000004, -1.6000000000000001, -0.38188, -1.27261, 0.98977000000000004, -2.8387199999999999]
obtacles: [[[0.6, 0.5, -1.0], [0.9, 0.6, 1.0]], [[0.6, -0.6, -1.0], [0.9, -0.5, 1.0]], [[0.6, -0.6, 0.9], [0.9, 0.6, 1.0]], [[0.6, -0.6, -1.0], [0.9, 0.6, -0.9]], [[0.6, -0.6, 0.4], [0.9, 0.6, 0.5]], [[0.6, -0.6, -0.4], [0.9, 0.6, -0.3]], [[0.6, 0.1, 0.5], [0.9, 0.2, 1.0]], [[0.6, 0.0, -0.4], [0.9, 0.1, 0.5]], [[0.6, -0.1, -1.0], [0.9, 0.0, -0.3]]]
start: [0.82842000000000005, 1.5078499999999999, -1.6000000000000001, 1.41228, -1.62839, 1.5320800000000001, -2.5556999999999999]
tajectories: [[0.82842, 1.50785, -1.6, 1.41228, -1.62839, 1.53208, -2.5557], [0.88304, 1.52671, -1.48261, 1.60764, -1.97122, 1.38789, -2.31822], [0.93765, 1.54557, -1.36522, 1.803, -2.31404, 1.24369, -2.08075], [0.99227, 1.56444, -1.24784, 1.99837, -2.65687, 1.0995, -1.84327], [1.04689, 1.5833, -1.13045, 2.19373, -2.99969, 0.95531, -1.6058], [1.07756, 1.59389, -1.06453, 2.30343, -3.1922, 0.87434, -1.47245], [1.21208, 1.30206, -0.82407, 2.43357, -3.1287, 1.05146, -1.2812], [1.3466, 1.01023, -0.5836, 2.5637, -3.0652, 1.22857, -1.08996], [1.48112, 0.71839, -0.34313, 2.69384, -3.0017, 1.40569, -0.89871], [1.53979, 0.59112, -0.23826, 2.75059, -2.97401, 1.48293, -0.81531], [1.31783, 0.46232, -0.35266, 2.79679, -2.93469, 1.29718, -0.45079], [1.09587, 0.33352, -0.46705, 2.84298, -2.89538, 1.11142, -0.08627], [0.87391, 0.20471, -0.58145, 2.88918, -2.85607, 0.92567, 0.27825], [0.65195, 0.07591, -0.69585, 2.93537, -2.81675, 0.73992, 0.64277], [0.58628, 0.0378, -0.72969, 2.94904, -2.80512, 0.68496, 0.75062], [0.48938, 0.03462, -0.73381, 2.5832, -3.00828, 0.51847, 0.55631], [0.39249, 0.03144, -0.73792, 2.21736, -3.21144, 0.35198, 0.36201], [0.2956, 0.02826, -0.74203, 1.85152, -3.41459, 0.18549, 0.1677], [0.21771, 0.0257, -0.74534, 1.55744, -3.5779, 0.05166, 0.01151], [0.03292, 0.18121, -0.87498, 1.38346, -3.42333, 0.25778, -0.26817], [-0.15186, 0.33672, -1.00462, 1.20948, -3.26877, 0.46391, -0.54784], [-0.33665, 0.49224, -1.13426, 1.0355, -3.1142, 0.67003, -0.82751], [-0.47382, 0.60768, -1.2305, 0.90635, -2.99946, 0.82304, -1.03513], [-0.42976, 0.71549, -1.35614, 0.84431, -2.66521, 0.91227, -1.34676], [-0.3857, 0.8233, -1.48178, 0.78227, -2.33096, 1.0015, -1.65839]]
end: [-0.34423999999999999, 0.92474000000000001, -1.6000000000000001, 0.72389000000000003, -2.0164499999999999, 1.0854600000000001, -1.9516199999999999]
obtacles: [[[0.6, 0.5, -1.0], [0.9, 0.6, 1.0]], [[0.6, -0.6, -1.0], [0.9, -0.5, 1.0]], [[0.6, -0.6, 0.9], [0.9, 0.6, 1.0]], [[0.6, -0.6, -1.0], [0.9, 0.6, -0.9]], [[0.6, -0.6, 0.4], [0.9, 0.6, 0.5]], [[0.6, -0.6, -0.4], [0.9, 0.6, -0.3]], [[0.6, 0.1, 0.5], [0.9, 0.2, 1.0]], [[0.6, 0.0, -0.4], [0.9, 0.1, 0.5]], [[0.6, -0.1, -1.0], [0.9, 0.0, -0.3]]]
start: [0.94244000000000006, 1.8437399999999999, -1.7, 1.1442699999999999, -4.4111000000000002, -1.5693600000000001, 0.18384]
tajectories: [[0.94244, 1.84374, -1.7, 1.14427, -4.4111, -1.56936, 0.18384], [1.09263, 1.71639, -1.6589, 1.39752, -4.46859, -1.44803, -0.17306], [1.24281, 1.58904, -1.6178, 1.65077, -4.52608, -1.32671, -0.52995], [1.393, 1.46169, -1.57671, 1.90402, -4.58356, -1.20538, -0.88685], [1.54319, 1.33434, -1.53561, 2.15727, -4.64105, -1.08405, -1.24375], [1.69337, 1.20699, -1.49451, 2.41052, -4.69854, -0.96272, -1.60065], [1.84356, 1.07964, -1.45341, 2.66377, -4.75603, -0.84139, -1.95754], [1.91991, 1.01489, -1.43252, 2.79252, -4.78525, -0.77971, -2.13899], [1.55727, 0.95822, -1.68489, 2.77662, -4.64306, -0.60575, -2.10988], [1.19462, 0.90155, -1.93726, 2.76071, -4.50086, -0.43178, -2.08076], [0.83198, 0.84488, -2.18963, 2.7448, -4.35866, -0.25782, -2.05165], [0.66567, 0.8189, -2.30537, 2.73751, -4.29345, -0.17804, -2.0383], [0.49107, 0.60192, -2.05102, 2.57024, -4.10304, 0.02136, -1.97705], [0.31648, 0.38495, -1.79667, 2.40297, -3.91263, 0.22076, -1.91581], [0.14188, 0.16797, -1.54232, 2.23571, -3.72222, 0.42015, -1.85457], [-0.03272, -0.049, -1.28797, 2.06844, -3.53181, 0.61955, -1.79332], [-0.09407, -0.12524, -1.19859, 2.00967, -3.4649, 0.68962, -1.7718], [-0.14952, 0.0908, -1.29994, 1.72696, -3.14335, 0.7523, -1.82411], [-0.20497, 0.30684, -1.40129, 1.44426, -2.8218, 0.81498, -1.87641], [-0.26042, 0.52288, -1.50263, 1.16156, -2.50025, 0.87765, -1.92871], [-0.31588, 0.73892, -1.60398, 0.87885, -2.1787, 0.94033, -1.98101]]
end: [-0.36841000000000002, 0.94359999999999999, -1.7, 0.61101000000000005, -1.87405, 0.99972000000000005, -2.0305599999999999]
obtacles: [[[0.6, 0.5, -1.0], [0.9, 0.6, 1.0]], [[0.6, -0.6, -1.0], [0.9, -0.5, 1.0]], [[0.6, -0.6, 0.9], [0.9, 0.6, 1.0]], [[0.6, -0.6, -1.0], [0.9, 0.6, -0.9]], [[0.6, -0.6, 0.4], [0.9, 0.6, 0.5]], [[0.6, -0.6, -0.4], [0.9, 0.6, -0.3]], [[0.6, 0.1, 0.5], [0.9, 0.2, 1.0]], [[0.6, 0.0, -0.4], [0.9, 0.1, 0.5]], [[0.6, -0.1, -1.0], [0.9, 0.0, -0.3]]]
start: [0.99307999999999996, 1.49559, -1.7, 1.43977, -1.6290899999999999, 1.4331700000000001, -2.68601]
tajectories: [[0.99308, 1.49559, -1.7, 1.43977, -1.62909, 1.43317, -2.68601], [1.04634, 1.41, -1.62449, 1.71309, -1.79888, 1.33232, -2.33898], [1.09961, 1.32441, -1.54897, 1.98642, -1.96867, 1.23147, -1.99195], [1.15288, 1.23882, -1.47346, 2.25974, -2.13846, 1.13062, -1.64492], [1.1923, 1.17548, -1.41757, 2.46201, -2.26411, 1.05599, -1.3881], [1.42787, 1.22962, -1.46685, 2.42194, -2.02559, 0.95475, -1.04112], [1.66344, 1.28375, -1.51612, 2.38187, -1.78707, 0.8535, -0.69413], [1.89901, 1.33789, -1.5654, 2.3418, -1.54855, 0.75225, -0.34715], [1.95586, 1.35095, -1.57729, 2.33213, -1.49099, 0.72782, -0.26341], [2.16542, 1.0127, -1.6529, 2.11755, -1.41746, 0.64196, -0.42812], [2.37498, 0.67444, -1.72851, 1.90296, -1.34393, 0.5561, -0.59283], [2.4922, 0.48525, -1.7708, 1.78294, -1.3028, 0.50808, -0.68495], [2.19286, 0.24305, -1.66628, 1.66187, -1.10955, 0.32938, -0.60204], [1.89352, 0.00086, -1.56176, 1.5408, -0.9163, 0.15068, -0.51912], [1.79862, -0.07593, -1.52862, 1.50242, -0.85503, 0.09403, -0.49283], [1.89331, -0.30227, -1.57551, 1.33278, -0.88442, -0.27375, -0.34216], [1.988, -0.52862, -1.6224, 1.16315, -0.91381, -0.64153, -0.19148], [2.08269, -0.75497, -1.66929, 0.99352, -0.9432, -1.00931, -0.0408]]
end: [2.1447099999999999, -0.90320999999999996, -1.7, 0.88243000000000005, -0.96243999999999996, -1.2501800000000001, 0.057880000000000001]
obtacles: [[[0.6, 0.5, -1.0], [0.9, 0.6, 1.0]], [[0.6, -0.6, -1.0], [0.9, -0.5, 1.0]], [[0.6, -0.6, 0.9], [0.9, 0.6, 1.0]], [[0.6, -0.6, -1.0], [0.9, 0.6, -0.9]], [[0.6, -0.6, 0.4], [0.9, 0.6, 0.5]], [[0.6, -0.6, -0.4], [0.9, 0.6, -0.3]], [[0.6, 0.1, 0.5], [0.9, 0.2, 1.0]], [[0.6, 0.0, -0.4], [0.9, 0.1, 0.5]], [[0.6, -0.1, -1.0], [0.9, 0.0, -0.3]]]
start: [2.4112300000000002, -1.59083, -1.5, 1.9513499999999999, -1.5630999999999999, -1.49763, -1.2205699999999999]
tajectories: [[2.41123, -1.59083, -1.5, 1.95135, -1.5631, -1.49763, -1.22057], [2.06934, -1.40565, -1.61695, 2.00954, -1.78633, -1.31922, -1.21072], [1.72745, -1.22047, -1.7339, 2.06773, -2.00955, -1.1408, -1.20087], [1.38556, -1.03529, -1.85085, 2.12592, -2.23277, -0.96239, -1.19102], [1.04367, -0.85011, -1.9678, 2.1841, -2.45599, -0.78398, -1.18117], [0.70178, -0.66493, -2.08475, 2.24229, -2.67921, -0.60557, -1.17132], [0.45003, -0.52858, -2.17086, 2.28514, -2.84358, -0.4742, -1.16407], [0.79681, -0.52427, -2.13184, 2.28147, -2.95322, -0.6646, -0.88137], [1.14359, -0.51997, -2.09281, 2.2778, -3.06286, -0.85501, -0.59868], [1.49036, -0.51566, -2.05379, 2.27413, -3.17251, -1.04541, -0.31598], [1.83714, -0.51136, -2.01477, 2.27047, -3.28215, -1.23581, -0.03329], [2.18392, -0.50705, -1.97575, 2.2668, -3.39179, -1.42621, 0.2494], [2.2628, -0.50607, -1.96687, 2.26597, -3.41673, -1.46953, 0.31371], [2.15406, -0.31531, -1.58157, 2.34784, -3.57429, -1.3269, 0.27551], [2.04531, -0.12454, -1.19627, 2.42971, -3.73184, -1.18426, 0.2373], [1.93657, 0.06622, -0.81097, 2.51158, -3.88939, -1.04163, 0.1991], [1.82783, 0.25699, -0.42568, 2.59345, -4.04695, -0.899, 0.16089], [1.71909, 0.44775, -0.04038, 2.67532, -4.2045, -0.75637, 0.12269], [1.64742, 0.57347, 0.21355, 2.72928, -4.30834, -0.66237, 0.09751], [1.56433, 0.77428, -0.1298, 2.50338, -4.37266, -0.82926, 0.14072], [1.48124, 0.97508, -0.47315, 2.27749, -4.43698, -0.99615, 0.18394], [1.39816, 1.17588, -0.8165, 2.05159, -4.50131, -1.16304, 0.22715], [1.31507, 1.37668, -1.15985, 1.8257, -4.56563, -1.32992, 0.27037], [1.23198, 1.57749, -1.5032, 1.5998, -4.62995, -1.49681, 0.31358]]
end: [1.2085600000000001, 1.6341000000000001, -1.6000000000000001, 1.5361199999999999, -4.6480899999999998, -1.54386, 0.32577]
obtacles: [[[0.6, 0.5, -1.0], [0.9, 0.6, 1.0]], [[0.6, -0.6, -1.0], [0.9, -0.5, 1.0]], [[0.6, -0.6, 0.9], [0.9, 0.6, 1.0]], [[0.6, -0.6, -1.0], [0.9, 0.6, -0.9]], [[0.6, -0.6, 0.4], [0.9, 0.6, 0.5]], [[0.6, -0.6, -0.4], [0.9, 0.6, -0.3]], [[0.6, 0.1, 0.5], [0.9, 0.2, 1.0]], [[0.6, 0.0, -0.4], [0.9, 0.1, 0.5]], [[0.6, -0.1, -1.0], [0.9, 0.0, -0.3]]]
start: [0.93596999999999997, 1.8433900000000001, -1.6000000000000001, 1.9792099999999999, -4.4720599999999999, -1.43767, 1.0231399999999999]
tajectories: [[0.93597, 1.84339, -1.6, 1.97921, -4.47206, -1.43767, 1.02314], [1.10919, 1.55002, -1.40137, 1.94624, -4.31556, -1.43844, 0.76067], [1.28242, 1.25665, -1.20274, 1.91327, -4.15906, -1.43921, 0.49819], [1.45565, 0.96327, -1.00412, 1.8803, -4.00257, -1.43998, 0.23572], [1.62887, 0.6699, -0.80549, 1.84734, -3.84607, -1.44076, -0.02676], [1.8021, 0.37653, -0.60686, 1.81437, -3.68957, -1.44153, -0.28924], [1.97533, 0.08316, -0.40823, 1.7814, -3.53308, -1.4423, -0.55171], [2.14855, -0.21022, -0.2096, 1.74843, -3.37658, -1.44307, -0.81419], [2.32178, -0.50359, -0.01098, 1.71546, -3.22008, -1.44384, -1.07666], [2.34077, -0.53575, 0.0108, 1.71184, -3.20293, -1.44393, -1.10544], [2.01636, -0.52989, -0.14292, 1.58888, -2.90416, -1.36621, -1.00211], [1.69195, -0.52403, -0.29664, 1.46592, -2.6054, -1.28848, -0.89879], [1.36755, -0.51818, -0.45036, 1.34296, -2.30664, -1.21076, -0.79546], [1.04314, -0.51232, -0.60408, 1.21999, -2.00788, -1.13304, -0.69214], [0.71873, -0.50646, -0.7578, 1.09703, -1.70911, -1.05531, -0.58882], [0.44649, -0.50154, -0.8868, 0.99384, -1.45839, -0.99009, -0.50211], [0.46206, -0.59638, -0.8081, 0.89429, -1.39474, -0.52239, -0.54533], [0.47762, -0.69122, -0.72941, 0.79475, -1.33108, -0.05469, -0.58855], [0.49319, -0.78606, -0.65072, 0.6952, -1.26742, 0.413, -0.63177], [0.50876, -0.8809, -0.57202, 0.59565, -1.20377, 0.8807, -0.67498], [0.52432, -0.97573, -0.49333, 0.4961, -1.14011, 1.3484, -0.7182], [0.52891, -1.0037, -0.47012, 0.46674, -1.12133, 1.48634, -0.73095], [0.36441, -0.68168, -0.78342, 0.56008, -1.06351, 1.49069, -0.63605], [0.1999, -0.35966, -1.09672, 0.65342, -1.00568, 1.49505, -0.54115], [0.0354, -0.03763, -1.41002, 0.74677, -0.94786, 1.4994, -0.44625], [-0.12911, 0.28439, -1.72332, 0.84011, -0.89003, 1.50376, -0.35134], [-0.29362, 0.60641, -2.03662, 0.93345, -0.8322, 1.50812, -0.25644], [-0.45812, 0.92844, -2.34992, 1.02679, -0.77438, 1.51247, -0.16154], [-0.52272, 1.05489, -2.47295, 1.06344, -0.75167, 1.51418, -0.12427], [-0.44622, 1.00731, -2.31404, 0.9919, -0.99764, 1.41575, -0.5002], [-0.36972, 0.95974, -2.15512, 0.92036, -1.24362, 1.31731, -0.87612], [-0.29322, 0.91216, -1.9962, 0.84882, -1.48959, 1.21888, -1.25205], [-0.21672, 0.86459, -1.83729, 0.77729, -1.73557, 1.12044, -1.62797], [-0.14022, 0.81701, -1.67837, 0.70575, -1.98154, 1.02201, -2.00389]]
end: [-0.10249, 0.79354999999999998, -1.6000000000000001, 0.67047000000000001, -2.1028500000000001, 0.97345999999999999, -2.1892800000000001]
