obtacles: [[[0.6, 0.5, -1.0], [0.9, 0.6, 1.0]], [[0.6, -0.6, -1.0], [0.9, -0.5, 1.0]], [[0.6, -0.6, 0.9], [0.9, 0.6, 1.0]], [[0.6, -0.6, -1.0], [0.9, 0.6, -0.9]], [[0.6, -0.6, 0.3], [0.9, 0.6, 0.4]], [[0.6, -0.6, -0.4], [0.9, 0.6, -0.3]], [[0.6, -0.2, 0.4], [0.9, -0.1, 1.0]], [[0.6, -0.1, -0.4], [0.9, 0.0, 0.4]], [[0.6, -0.1, -1.0], [0.9, 0.0, -0.3]]]
start: [2.29915, -1.65855, -1.5, 1.11795, -1.68069, -1.5457799999999999, -0.27101999999999998]
tajectories: [[2.29915, -1.65855, -1.5, 1.11795, -1.68069, -1.54578, -0.27102], [2.19725, -1.71958, -1.47953, 1.48049, -1.67361, -1.54462, 0.05145], [2.09536, -1.7806, -1.45906, 1.84304, -1.66653, -1.54347, 0.37392], [1.99347, -1.84162, -1.43859, 2.20558, -1.65945, -1.54231, 0.69639], [1.89158, -1.90264, -1.41812, 2.56813, -1.65237, -1.54116, 1.01885], [1.80611, -1.95382, -1.40095, 2.87221, -1.64643, -1.54019, 1.28932], [1.68731, -1.64102, -1.30171, 2.60751, -1.45318, -1.39814, 1.26479], [1.5685, -1.32821, -1.20247, 2.34281, -1.25993, -1.25609, 1.24026], [1.4497, -1.01541, -1.10323, 2.07812, -1.06668, -1.11404, 1.21573], [1.42537, -0.95136, -1.08291, 2.02392, -1.02712, -1.08496, 1.21071], [1.22163, -0.78615, -1.18453, 2.01812, -0.65443, -1.09815, 1.03249], [1.01788, -0.62094, -1.28616, 2.01231, -0.28174, -1.11134, 0.85428], [0.81414, -0.45573, -1.38779, 2.00651, 0.09095, -1.12453, 0.67607], [0.6446, -0.31826, -1.47235, 2.00168, 0.40106, -1.1355, 0.52778], [0.78074, -0.09493, -1.41779, 1.6124, 0.52166, -1.23881, 0.57086], [0.91688, 0.1284, -1.36324, 1.22311, 0.64225, -1.34212, 0.61395], [1.05302, 0.35173, -1.30868, 0.83383, 0.76284, -1.44543, 0.65704], [1.18916, 0.57505, -1.25412, 0.44454, 0.88343, -1.54875, 0.70012], [1.20098, 0.59444, -1.24939, 0.41075, 0.8939, -1.55771, 0.70387], [1.09257, 0.74577, -1.3742, 0.72638, 0.9183, -1.43061, 0.41508], [0.98415, 0.8971, -1.49902, 1.042, 0.9427, -1.3035, 0.12629]]
end: [0.98329999999999995, 0.89829999999999999, -1.5, 1.0444899999999999, 0.94289000000000001, -1.3025, 0.12402000000000001]
obtacles: [[[0.6, 0.5, -1.0], [0.9, 0.6, 1.0]], [[0.6, -0.6, -1.0], [0.9, -0.5, 1.0]], [[0.6, -0.6, 0.9], [0.9, 0.6, 1.0]], [[0.6, -0.6, -1.0], [0.9, 0.6, -0.9]], [[0.6, -0.6, 0.3], [0.9, 0.6, 0.4]], [[0.6, -0.6, -0.4], [0.9, 0.6, -0.3]], [[0.6, -0.2, 0.4], [0.9, -0.1, 1.0]], [[0.6, -0.1, -0.4], [0.9, 0.0, 0.4]], [[0.6, -0.1, -1.0], [0.9, 0.0, -0.3]]]
start: [2.3839399999999999, -1.81836, -1.3999999999999999, 0.98626000000000003, -1.8705499999999999, -1.5685899999999999, -0.20698]
tajectories: [[2.38394, -1.81836, -1.4, 0.98626, -1.87055, -1.56859, -0.20698], [2.22278, -1.78498, -1.5093, 1.17308, -2.2363, -1.44945, -0.03935], [2.06162, -1.75161, -1.6186, 1.3599, -2.60204, -1.33031, 0.12829], [1.90045, -1.71823, -1.7279, 1.54672, -2.96779, -1.21117, 0.29592], [1.73929, -1.68486, -1.8372, 1.73354, -3.33354, -1.09203, 0.46355], [1.57813, -1.65148, -1.94651, 1.92035, -3.69928, -0.97289, 0.63118], [1.41696, -1.61811, -2.05581, 2.10717, -4.06503, -0.85376, 0.79882], [1.31725, -1.59746, -2.12343, 2.22276, -4.29132, -0.78004, 0.90253], [1.17225, -1.57721, -2.10899, 2.10333, -3.94469, -0.47366, 0.91105], [1.02724, -1.55695, -2.09454, 1.9839, -3.59807, -0.16728, 0.91956], [0.88224, -1.5367, -2.08009, 1.86447, -3.25144, 0.13911, 0.92808], [0.73724, -1.51644, -2.06565, 1.74505, -2.90482, 0.44549, 0.9366], [0.59224, -1.49619, -2.0512, 1.62562, -2.55819, 0.75187, 0.94511], [0.46614, -1.47858, -2.03864, 1.52176, -2.25676, 1.01831, 0.95252], [0.65036, -1.23447, -2.09628, 1.6677, -1.99526, 0.97235, 0.7048], [0.83458, -0.99037, -2.15392, 1.81364, -1.73376, 0.92639, 0.45709], [1.0188, -0.74627, -2.21157, 1.95958, -1.47226, 0.88043, 0.20937], [1.20301, -0.50217, -2.26921, 2.10552, -1.21076, 0.83448, -0.03834], [1.38723, -0.25807, -2.32685, 2.25146, -0.94927, 0.78852, -0.28606], [1.57145, -0.01396, -2.3845, 2.39739, -0.68777, 0.74256, -0.53377], [1.69134, 0.1449, -2.42201, 2.49237, -0.51758, 0.71265, -0.69499], [1.59334, 0.26684, -2.27155, 2.25319, -0.29378, 0.41468, -0.61247], [1.49535, 0.38877, -2.12108, 2.01401, -0.06998, 0.11671, -0.52995], [1.39735, 0.5107, -1.97062, 1.77482, 0.15382, -0.18125, -0.44744], [1.29935, 0.63263, -1.82015, 1.53564, 0.37762, -0.47922, -0.36492], [1.20135, 0.75457, -1.66969, 1.29646, 0.60142, -0.77719, -0.2824], [1.10335, 0.8765, -1.51922, 1.05727, 0.82522, -1.07516, -0.19988]]
end: [1.0257000000000001, 0.97311000000000003, -1.3999999999999999, 0.86775000000000002, 1.0025500000000001, -1.31125, -0.13449]
obtacles: [[[0.6, 0.5, -1.0], [0.9, 0.6, 1.0]], [[0.6, -0.6, -1.0], [0.9, -0.5, 1.0]], [[0.6, -0.6, 0.9], [0.9, 0.6, 1.0]], [[0.6, -0.6, -1.0], [0.9, 0.6, -0.9]], [[0.6, -0.6, 0.3], [0.9, 0.6, 0.4]], [[0.6, -0.6, -0.4], [0.9, 0.6, -0.3]], [[0.6, -0.2, 0.4], [0.9, -0.1, 1.0]], [[0.6, -0.1, -0.4], [0.9, 0.0, 0.4]], [[0.6, -0.1, -1.0], [0.9, 0.0, -0.3]]]
start: [0.86687999999999998, 1.63524, -1.6000000000000001, 1.4918199999999999, -1.50423, 1.5468299999999999, -2.5183900000000001]
tajectories: [[0.86688, 1.63524, -1.6, 1.49182, -1.50423, 1.54683, -2.51839], [0.99312, 1.59948, -1.49281, 1.67681, -1.09257, 1.50485, -2.39252], [1.11936, 1.56371, -1.38562, 1.86179, -0.6809, 1.46287, -2.26665], [1.2456, 1.52795, -1.27842, 2.04678, -0.26923, 1.42089, -2.14078], [1.37184, 1.49218, -1.17123, 2.23177, 0.14243, 1.37891, -2.01491], [1.4593, 1.4674, -1.09697, 2.35993, 0.42765, 1.34983, -1.9277], [1.42007, 1.26887, -1.36128, 2.43392, 0.10368, 1.20529, -2.01638], [1.38085, 1.07034, -1.6256, 2.50792, -0.22028, 1.06075, -2.10506], [1.34162, 0.8718, -1.88992, 2.58191, -0.54425, 0.91621, -2.19373], [1.33988, 0.86299, -1.90165, 2.5852, -0.55863, 0.90979, -2.19767], [0.95509, 0.68941, -1.93739, 2.38705, -0.65712, 1.02823, -2.28452], [0.57031, 0.51582, -1.97312, 2.1889, -0.75561, 1.14668, -2.37137], [0.18552, 0.34224, -2.00885, 1.99075, -0.85409, 1.26512, -2.45821], [-0.19926, 0.16866, -2.04458, 1.7926, -0.95258, 1.38356, -2.54506], [-0.38704, 0.08395, -2.06202, 1.6959, -1.00064, 1.44136, -2.58744], [-0.3708, 0.31654, -1.9367, 1.42202, -1.26746, 1.34365, -2.43192], [-0.35456, 0.54914, -1.81139, 1.14814, -1.53427, 1.24594, -2.2764], [-0.33832, 0.78173, -1.68608, 0.87426, -1.80108, 1.14823, -2.12087]]
end: [-0.32717000000000002, 0.94149000000000005, -1.6000000000000001, 0.68613999999999997, -1.9843500000000001, 1.0811200000000001, -2.0140500000000001]
obtacles: [[[0.6, 0.5, -1.0], [0.9, 0.6, 1.0]], [[0.6, -0.6, -1.0], [0.9, -0.5, 1.0]], [[0.6, -0.6, 0.9], [0.9, 0.6, 1.0]], [[0.6, -0.6, -1.0], [0.9, 0.6, -0.9]], [[0.6, -0.6, 0.3], [0.9, 0.6, 0.4]], [[0.6, -0.6, -0.4], [0.9, 0.6, -0.3]], [[0.6, -0.2, 0.4], [0.9, -0.1, 1.0]], [[0.6, -0.1, -0.4], [0.9, 0.0, 0.4]], [[0.6, -0.1, -1.0], [0.9, 0.0, -0.3]]]
start: [0.73160000000000003, 1.68537, -1.6000000000000001, 1.59287, -1.4568399999999999, 1.5392699999999999, -2.2837900000000002]
tajectories: [[0.7316, 1.68537, -1.6, 1.59287, -1.45684, 1.53927, -2.28379], [0.97299, 1.51189, -1.38152, 1.77321, -1.22247, 1.43026, -2.1631], [1.21437, 1.33841, -1.16304, 1.95356, -0.9881, 1.32124, -2.0424], [1.45576, 1.16493, -0.94456, 2.1339, -0.75372, 1.21223, -1.92171], [1.69714, 0.99146, -0.72608, 2.31424, -0.51935, 1.10322, -1.80102], [1.93577, 0.81996, -0.5101, 2.49252, -0.28766, 0.99546, -1.6817], [1.89773, 0.64504, -0.50281, 2.36166, 0.015, 0.77772, -1.43318], [1.85969, 0.47011, -0.49552, 2.2308, 0.31766, 0.55997, -1.18466], [1.82164, 0.29518, -0.48823, 2.09994, 0.62032, 0.34223, -0.93614], [1.7836, 0.12025, -0.48094, 1.96908, 0.92297, 0.12449, -0.68762], [1.74556, -0.05468, -0.47366, 1.83822, 1.22563, -0.09325, -0.4391], [1.7436, -0.06368, -0.47328, 1.83148, 1.24122, -0.10446, -0.4263], [1.65441, -0.34195, -0.42296, 1.82358, 1.00578, -0.3868, -0.26238], [1.56522, -0.62022, -0.37265, 1.81568, 0.77034, -0.66914, -0.09846], [1.47603, -0.89849, -0.32233, 1.80778, 0.5349, -0.95147, 0.06546], [1.38683, -1.17676, -0.27201, 1.79988, 0.29946, -1.23381, 0.22939], [1.3064, -1.4277, -0.22664, 1.79276, 0.08715, -1.48841, 0.37721], [1.50077, -1.31348, -0.54461, 1.6922, -0.15089, -1.48376, 0.20037], [1.69515, -1.19925, -0.86259, 1.59165, -0.38892, -1.4791, 0.02354], [1.88952, -1.08503, -1.18056, 1.49109, -0.62695, -1.47445, -0.1533], [2.08389, -0.9708, -1.49854, 1.39053, -0.86499, -1.4698, -0.33013]]
end: [2.1459100000000002, -0.93435999999999997, -1.6000000000000001, 1.3584499999999999, -0.94094, -1.46831, -0.38656000000000001]
obtacles: [[[0.6, 0.5, -1.0], [0.9, 0.6, 1.0]], [[0.6, -0.6, -1.0], [0.9, -0.5, 1.0]], [[0.6, -0.6, 0.9], [0.9, 0.6, 1.0]], [[0.6, -0.6, -1.0], [0.9, 0.6, -0.9]], [[0.6, -0.6, 0.3], [0.9, 0.6, 0.4]], [[0.6, -0.6, -0.4], [0.9, 0.6, -0.3]], [[0.6, -0.2, 0.4], [0.9, -0.1, 1.0]], [[0.6, -0.1, -0.4], [0.9, 0.0, 0.4]], [[0.6, -0.1, -1.0], [0.9, 0.0, -0.3]]]
start: [-0.49336000000000002, 1.8880999999999999, 2.0, 0.67456000000000005, -2.0986099999999999, -1.5675399999999999, -0.1106]
tajectories: [[-0.49336, 1.8881, 2.0, 0.67456, -2.09861, -1.56754, -0.1106], [-0.7377, 1.76548, 1.82131, 0.99303, -2.17389, -1.40327, -0.01441], [-0.98204, 1.64286, 1.64261, 1.31151, -2.24917, -1.23899, 0.08178], [-1.22638, 1.52024, 1.46392, 1.62998, -2.32444, -1.07472, 0.17796], [-1.47072, 1.39762, 1.28523, 1.94846, -2.39972, -0.91044, 0.27415], [-1.71506, 1.275, 1.10653, 2.26693, -2.47499, -0.74617, 0.37034], [-1.93398, 1.16513, 0.94643, 2.55228, -2.54244, -0.59898, 0.45652], [-1.6624, 0.89146, 1.06155, 2.58087, -2.65956, -0.38035, 0.29602], [-1.39081, 0.61778, 1.17666, 2.60947, -2.77668, -0.16173, 0.13553], [-1.11923, 0.3441, 1.29178, 2.63806, -2.8938, 0.0569, -0.02497], [-0.84765, 0.07042, 1.4069, 2.66666, -3.01092, 0.27553, -0.18546], [-0.6832, -0.09529, 1.4766, 2.68397, -3.08183, 0.4079, -0.28265], [-0.45228, -0.09605, 1.64566, 2.61774, -2.76703, 0.42274, -0.53639], [-0.22135, -0.0968, 1.81471, 2.55151, -2.45223, 0.43757, -0.79014], [0.00957, -0.09756, 1.98377, 2.48528, -2.13743, 0.4524, -1.04388], [0.2405, -0.09831, 2.15282, 2.41905, -1.82263, 0.46723, -1.29763], [0.47142, -0.09907, 2.32188, 2.35282, -1.50782, 0.48206, -1.55137], [0.4834, -0.09911, 2.33065, 2.34939, -1.4915, 0.48283, -1.56453], [0.46064, 0.1284, 2.26405, 2.0163, -1.49311, 0.20483, -1.49344], [0.43788, 0.35591, 2.19746, 1.68322, -1.49472, -0.07317, -1.42234], [0.41512, 0.58342, 2.13086, 1.35014, -1.49633, -0.35118, -1.35124], [0.39236, 0.81092, 2.06427, 1.01705, -1.49794, -0.62918, -1.28015]]
end: [0.37040000000000001, 1.0304899999999999, 2.0, 0.6956, -1.49949, -0.89748000000000006, -1.21153]
obtacles: [[[0.6, 0.5, -1.0], [0.9, 0.6, 1.0]], [[0.6, -0.6, -1.0], [0.9, -0.5, 1.0]], [[0.6, -0.6, 0.9], [0.9, 0.6, 1.0]], [[0.6, -0.6, -1.0], [0.9, 0.6, -0.9]], [[0.6, -0.6, 0.3], [0.9, 0.6, 0.4]], [[0.6, -0.6, -0.4], [0.9, 0.6, -0.3]], [[0.6, -0.2, 0.4], [0.9, -0.1, 1.0]], [[0.6, -0.1, -0.4], [0.9, 0.0, 0.4]], [[0.6, -0.1, -1.0], [0.9, 0.0, -0.3]]]
start: [2.4451200000000002, -1.7911999999999999, -1.5, 1.4071400000000001, -1.7998700000000001, -1.5383100000000001, -0.69908999999999999]
tajectories: [[2.44512, -1.7912, -1.5, 1.40714, -1.79987, -1.53831, -0.69909], [2.19896, -1.75092, -1.72834, 1.73284, -1.70171, -1.51874, -0.55929], [1.9528, -1.71064, -1.95669, 2.05854, -1.60355, -1.49918, -0.4195], [1.70664, -1.67036, -2.18503, 2.38424, -1.50539, -1.47961, -0.2797], [1.46049, -1.63008, -2.41337, 2.70994, -1.40723, -1.46005, -0.1399], [1.21433, -1.5898, -2.64172, 3.03565, -1.30907, -1.44048, -0.0001], [1.13848, -1.57739, -2.71208, 3.13601, -1.27882, -1.43445, 0.04297], [0.98835, -1.33313, -2.67183, 2.98227, -1.07108, -1.30169, 0.32891], [0.83823, -1.08887, -2.63158, 2.82853, -0.86334, -1.16893, 0.61485], [0.6881, -0.84461, -2.59133, 2.67479, -0.6556, -1.03617, 0.90079], [0.53798, -0.60034, -2.55107, 2.52105, -0.44787, -0.9034, 1.18673], [0.38785, -0.35608, -2.51082, 2.36731, -0.24013, -0.77064, 1.47267], [0.3253, -0.25431, -2.49405, 2.30325, -0.15357, -0.71532, 1.59181], [0.5323, -0.21719, -2.49698, 2.12818, -0.4047, -0.41981, 1.74903], [0.73931, -0.18008, -2.4999, 1.9531, -0.65583, -0.1243, 1.90625], [0.94631, -0.14296, -2.50283, 1.77803, -0.90696, 0.17121, 2.06348], [0.98758, -0.13556, -2.50341, 1.74312, -0.95704, 0.23013, 2.09482], [1.22773, -0.09523, -2.30079, 1.77333, -1.19467, 0.51217, 1.98207], [1.46788, -0.0549, -2.09816, 1.80355, -1.43231, 0.79421, 1.86931], [1.70803, -0.01457, -1.89554, 1.83376, -1.66995, 1.07625, 1.75656], [1.94818, 0.02576, -1.69291, 1.86398, -1.90759, 1.35829, 1.6438], [1.95559, 0.02701, -1.68665, 1.86491, -1.91493, 1.367, 1.64032], [1.70933, 0.2149, -1.64935, 1.56156, -1.90471, 1.29985, 1.87702], [1.46306, 0.40278, -1.61205, 1.25822, -1.89449, 1.23271, 2.11372], [1.2168, 0.59067, -1.57475, 0.95487, -1.88426, 1.16556, 2.35042], [0.97053, 0.77856, -1.53745, 0.65152, -1.87404, 1.09842, 2.58712], [0.72427, 0.96645, -1.50016, 0.34817, -1.86382, 1.03127, 2.82382]]
end: [0.72323999999999999, 0.96723000000000003, -1.5, 0.34691, -1.86378, 1.0309900000000001, 2.8248099999999998]
obtacles: [[[0.6, 0.5, -1.0], [0.9, 0.6, 1.0]], [[0.6, -0.6, -1.0], [0.9, -0.5, 1.0]], [[0.6, -0.6, 0.9], [0.9, 0.6, 1.0]], [[0.6, -0.6, -1.0], [0.9, 0.6, -0.9]], [[0.6, -0.6, 0.3], [0.9, 0.6, 0.4]], [[0.6, -0.6, -0.4], [0.9, 0.6, -0.3]], [[0.6, -0.2, 0.4], [0.9, -0.1, 1.0]], [[0.6, -0.1, -0.4], [0.9, 0.0, 0.4]], [[0.6, -0.1, -1.0], [0.9, 0.0, -0.3]]]
start: [0.89219999999999999, 1.7442500000000001, -1.55, 1.86974, -1.3989100000000001, 1.5395399999999999, -2.1649400000000001]
tajectories: [[0.8922, 1.74425, -1.55, 1.86974, -1.39891, 1.53954, -2.16494], [1.22531, 1.75931, -1.66798, 2.04517, -1.67719, 1.42672, -2.22772], [1.55843, 1.77437, -1.78595, 2.22061, -1.95548, 1.31389, -2.29049], [1.89154, 1.78943, -1.90393, 2.39605, -2.23376, 1.20107, -2.35327], [1.99067, 1.79391, -1.93904, 2.44825, -2.31657, 1.16749, -2.37195], [1.9006, 1.38869, -1.99692, 2.24456, -2.49306, 1.1655, -2.3308], [1.81052, 0.98347, -2.0548, 2.04087, -2.66954, 1.16351, -2.28966], [1.72045, 0.57824, -2.11268, 1.83718, -2.84602, 1.16152, -2.24852], [1.63038, 0.17302, -2.17056, 1.63349, -3.0225, 1.15953, -2.20737], [1.54031, -0.2322, -2.22844, 1.4298, -3.19899, 1.15754, -2.16623], [1.45024, -0.63742, -2.28632, 1.22611, -3.37547, 1.15555, -2.12508], [1.36017, -1.04264, -2.34419, 1.02243, -3.55195, 1.15356, -2.08394], [1.28309, -1.38941, -2.39372, 0.84812, -3.70297, 1.15185, -2.04873], [0.88395, -1.24771, -2.35138, 0.79443, -3.47202, 1.08481, -1.95871], [0.48482, -1.10602, -2.30903, 0.74073, -3.24108, 1.01776, -1.86869], [0.08568, -0.96433, -2.26668, 0.68704, -3.01013, 0.95071, -1.77866], [-0.31346, -0.82263, -2.22433, 0.63334, -2.77918, 0.88366, -1.68864], [-0.41556, -0.78639, -2.21349, 0.61961, -2.7201, 0.86651, -1.66561], [-0.73134, -0.73576, -2.12598, 0.48898, -2.60107, 0.97273, -1.35329], [-1.04713, -0.68514, -2.03847, 0.35835, -2.48203, 1.07894, -1.04096], [-1.36291, -0.63452, -1.95096, 0.22772, -2.363, 1.18516, -0.72864], [-1.67869, -0.5839, -1.86345, 0.09709, -2.24396, 1.29137, -0.41631], [-1.99447, -0.53328, -1.77594, -0.03354, -2.12493, 1.39759, -0.10399], [-2.26434, -0.49001, -1.70116, -0.14518, -2.0232, 1.48836, 0.16293], [-1.97389, -0.27959, -1.67882, -0.01107, -2.0279, 1.43674, -0.15359], [-1.68344, -0.06916, -1.65648, 0.12304, -2.03259, 1.38512, -0.47012], [-1.39299, 0.14127, -1.63415, 0.25715, -2.03729, 1.33349, -0.78664], [-1.10254, 0.35169, -1.61181, 0.39126, -2.04199, 1.28187, -1.10317], [-0.81209, 0.56212, -1.58947, 0.52537, -2.04668, 1.23025, -1.41969], [-0.52164, 0.77255, -1.56714, 0.65948, -2.05138, 1.17863, -1.73622]]
end: [-0.29879, 0.93398999999999999, -1.55, 0.76237999999999995, -2.05498, 1.1390199999999999, -1.9790700000000001]
obtacles: [[[0.6, 0.5, -1.0], [0.9, 0.6, 1.0]], [[0.6, -0.6, -1.0], [0.9, -0.5, 1.0]], [[0.6, -0.6, 0.9], [0.9, 0.6, 1.0]], [[0.6, -0.6, -1.0], [0.9, 0.6, -0.9]], [[0.6, -0.6, 0.3], [0.9, 0.6, 0.4]], [[0.6, -0.6, -0.4], [0.9, 0.6, -0.3]], [[0.6, -0.2, 0.4], [0.9, -0.1, 1.0]], [[0.6, -0.1, -0.4], [0.9, 0.0, 0.4]], [[0.6, -0.1, -1.0], [0.9, 0.0, -0.3]]]
start: [2.0935299999999999, -1.79901, -1.5, 1.5558000000000001, -1.8005500000000001, -1.50525, -0.49206]
tajectories: [[2.09353, -1.79901, -1.5, 1.5558, -1.80055, -1.50525, -0.49206], [2.00218, -1.54734, -1.65918, 1.72562, -2.09939, -1.36583, -0.36799], [1.91083, -1.29567, -1.81836, 1.89543, -2.39824, -1.22641, -0.24392], [1.81947, -1.04399, -1.97755, 2.06524, -2.69708, -1.08699, -0.11984], [1.72812, -0.79232, -2.13673, 2.23506, -2.99593, -0.94757, 0.00423], [1.63676, -0.54064, -2.29591, 2.40487, -3.29477, -0.80815, 0.1283], [1.54541, -0.28897, -2.45509, 2.57469, -3.59361, -0.66873, 0.25237], [1.5266, -0.23716, -2.48786, 2.60964, -3.65513, -0.64003, 0.27791], [1.34393, 0.01211, -2.52109, 2.50022, -3.45901, -0.40419, 0.49547], [1.16125, 0.26139, -2.55431, 2.3908, -3.26289, -0.16836, 0.71303], [0.97858, 0.51066, -2.58754, 2.28139, -3.06676, 0.06748, 0.93058], [0.79591, 0.75994, -2.62076, 2.17197, -2.87064, 0.30332, 1.14814], [0.61323, 1.00922, -2.65399, 2.06255, -2.67452, 0.53916, 1.3657], [0.54346, 1.10442, -2.66668, 2.02076, -2.59961, 0.62923, 1.44879], [0.58086, 1.08744, -2.44171, 1.72841, -2.46824, 0.72471, 1.74181], [0.61825, 1.07046, -2.21674, 1.43607, -2.33687, 0.82018, 2.03483], [0.65564, 1.05348, -1.99177, 1.14372, -2.20549, 0.91566, 2.32785], [0.69304, 1.03651, -1.7668, 0.85137, -2.07412, 1.01114, 2.62087], [0.73043, 1.01953, -1.54183, 0.55903, -1.94275, 1.10661, 2.91389]]
end: [0.73738999999999999, 1.01637, -1.5, 0.50466999999999995, -1.91832, 1.1243700000000001, 2.9683700000000002]
obtacles: [[[0.6, 0.5, -1.0], [0.9, 0.6, 1.0]], [[0.6, -0.6, -1.0], [0.9, -0.5, 1.0]], [[0.6, -0.6, 0.9], [0.9, 0.6, 1.0]], [[0.6, -0.6, -1.0], [0.9, 0.6, -0.9]], [[0.6, -0.6, 0.3], [0.9, 0.6, 0.4]], [[0.6, -0.6, -0.4], [0.9, 0.6, -0.3]], [[0.6, -0.2, 0.4], [0.9, -0.1, 1.0]], [[0.6, -0.1, -0.4], [0.9, 0.0, 0.4]], [[0.6, -0.1, -1.0], [0.9, 0.0, -0.3]]]
start: [2.1075599999999999, -1.8881300000000001, -1.55, 1.64896, -1.8858200000000001, -1.5267200000000001, -0.60460000000000003]
tajectories: [[2.10756, -1.88813, -1.55, 1.64896, -1.88582, -1.52672, -0.6046], [1.9058, -1.77918, -1.48058, 1.84455, -1.51782, -1.39773, -0.65237], [1.70403, -1.67023, -1.41116, 2.04014, -1.14982, -1.26875, -0.70013], [1.50227, -1.56128, -1.34174, 2.23574, -0.78182, -1.13976, -0.7479], [1.3005, -1.45233, -1.27232, 2.43133, -0.41381, -1.01077, -0.79567], [1.09873, -1.34338, -1.2029, 2.62692, -0.04581, -0.88179, -0.84343], [0.89697, -1.23443, -1.13349, 2.82251, 0.32219, -0.7528, -0.8912], [0.85875, -1.2138, -1.12034, 2.85956, 0.39191, -0.72837, -0.90025], [0.96747, -1.16309, -1.26496, 2.70422, 0.24555, -0.43633, -1.18982], [1.07619, -1.11239, -1.40959, 2.54889, 0.0992, -0.14429, -1.4794], [1.18491, -1.06169, -1.55421, 2.39355, -0.04715, 0.14775, -1.76898], [1.29363, -1.01098, -1.69884, 2.23821, -0.1935, 0.43979, -2.05856], [1.40236, -0.96028, -1.84346, 2.08287, -0.33985, 0.73183, -2.34814], [1.51108, -0.90958, -1.98809, 1.92753, -0.4862, 1.02387, -2.63772], [1.53325, -0.89924, -2.01758, 1.89585, -0.51605, 1.08342, -2.69677], [1.43728, -0.54326, -1.93151, 1.75723, -0.80265, 1.13686, -2.74628], [1.34132, -0.18729, -1.84545, 1.61861, -1.08925, 1.19031, -2.79578], [1.24536, 0.16869, -1.75938, 1.47999, -1.37586, 1.24375, -2.84529], [1.14939, 0.52467, -1.67331, 1.34137, -1.66246, 1.2972, -2.8948], [1.05343, 0.88064, -1.58725, 1.20275, -1.94906, 1.35064, -2.94431]]
end: [1.0119, 1.0347, -1.55, 1.14276, -2.0730900000000001, 1.3737699999999999, -2.9657300000000002]
obtacles: [[[0.6, 0.5, -1.0], [0.9, 0.6, 1.0]], [[0.6, -0.6, -1.0], [0.9, -0.5, 1.0]], [[0.6, -0.6, 0.9], [0.9, 0.6, 1.0]], [[0.6, -0.6, -1.0], [0.9, 0.6, -0.9]], [[0.6, -0.6, 0.3], [0.9, 0.6, 0.4]], [[0.6, -0.6, -0.4], [0.9, 0.6, -0.3]], [[0.6, -0.2, 0.4], [0.9, -0.1, 1.0]], [[0.6, -0.1, -0.4], [0.9, 0.0, 0.4]], [[0.6, -0.1, -1.0], [0.9, 0.0, -0.3]]]
start: [2.4342999999999999, -1.97149, -1.3999999999999999, 1.3005599999999999, -2.0021900000000001, -1.5240899999999999, -0.54827000000000004]
tajectories: [[2.4343, -1.97149, -1.4, 1.30056, -2.00219, -1.52409, -0.54827], [2.27415, -1.92394, -1.41323, 1.42341, -2.27758, -1.39537, -0.21001], [2.114, -1.8764, -1.42646, 1.54627, -2.55296, -1.26665, 0.12825], [1.95385, -1.82885, -1.43969, 1.66912, -2.82834, -1.13793, 0.46651], [1.7937, -1.7813, -1.45292, 1.79197, -3.10372, -1.00922, 0.80477], [1.63355, -1.73375, -1.46615, 1.91482, -3.37911, -0.8805, 1.14303], [1.4734, -1.6862, -1.47938, 2.03768, -3.65449, -0.75178, 1.48129], [1.4246, -1.67172, -1.48341, 2.07511, -3.73839, -0.71256, 1.58435], [1.3486, -1.44057, -1.76819, 2.15629, -3.64944, -0.41991, 1.48665], [1.27261, -1.20942, -2.05297, 2.23748, -3.56049, -0.12726, 1.38896], [1.19661, -0.97827, -2.33776, 2.31866, -3.47154, 0.16539, 1.29127], [1.1836, -0.9387, -2.38651, 2.33256, -3.45632, 0.21549, 1.27454], [1.15448, -0.77482, -2.40552, 2.27592, -3.08245, 0.4501, 1.42916], [1.12672, -0.61865, -2.42365, 2.22195, -2.72617, 0.67367, 1.5765], [1.15157, -0.34839, -2.28133, 2.01043, -2.53451, 0.76856, 1.83265], [1.17642, -0.07814, -2.13901, 1.7989, -2.34286, 0.86345, 2.0888], [1.20126, 0.19212, -1.99669, 1.58738, -2.15121, 0.95834, 2.34495], [1.20297, 0.21063, -1.98694, 1.57289, -2.13808, 0.96484, 2.36249], [1.07264, 0.4259, -1.71347, 1.30345, -2.1947, 1.07707, 2.51575], [0.94231, 0.64117, -1.44, 1.034, -2.25133, 1.18929, 2.66901], [0.81198, 0.85644, -1.16654, 0.76456, -2.30795, 1.30151, 2.82227]]
end: [0.73260999999999998, 0.98753000000000002, -1.0, 0.60046999999999995, -2.3424299999999998, 1.36985, 2.9156]
obtacles: [[[0.6, 0.5, -1.0], [0.9, 0.6, 1.0]], [[0.6, -0.6, -1.0], [0.9, -0.5, 1.0]], [[0.6, -0.6, 0.9], [0.9, 0.6, 1.0]], [[0.6, -0.6, -1.0], [0.9, 0.6, -0.9]], [[0.6, -0.6, 0.3], [0.9, 0.6, 0.4]], [[0.6, -0.6, -0.4], [0.9, 0.6, -0.3]], [[0.6, -0.2, 0.4], [0.9, -0.1, 1.0]], [[0.6, -0.1, -0.4], [0.9, 0.0, 0.4]], [[0.6, -0.1, -1.0], [0.9, 0.0, -0.3]]]
start: [2.1962899999999999, -1.9412499999999999, -1.3500000000000001, 1.80063, -1.8953500000000001, -1.28569, -0.76680999999999999]
tajectories: [[2.19629, -1.94125, -1.35, 1.80063, -1.89535, -1.28569, -0.76681], [2.00577, -1.78696, -1.45868, 1.83094, -1.61133, -1.04928, -0.56529], [1.81524, -1.63266, -1.56735, 1.86125, -1.32732, -0.81287, -0.36378], [1.62472, -1.47836, -1.67603, 1.89157, -1.0433, -0.57646, -0.16226], [1.4342, -1.32406, -1.7847, 1.92188, -0.75928, -0.34005, 0.03926], [1.35618, -1.26088, -1.8292, 1.93429, -0.64299, -0.24325, 0.12177], [1.44571, -0.86432, -1.94351, 1.71666, -0.63871, -0.19162, -0.02522], [1.53523, -0.46775, -2.05781, 1.49903, -0.63444, -0.13998, -0.17221], [1.62476, -0.07118, -2.17212, 1.2814, -0.63017, -0.08835, -0.3192], [1.71428, 0.32539, -2.28643, 1.06378, -0.6259, -0.03671, -0.4662], [1.74577, 0.46485, -2.32663, 0.98724, -0.62439, -0.01855, -0.51789], [1.58454, 0.50647, -2.03547, 1.11528, -0.48143, -0.32578, -0.43866], [1.42331, 0.54808, -1.74431, 1.24331, -0.33847, -0.63301, -0.35943], [1.26208, 0.5897, -1.45315, 1.37134, -0.1955, -0.94025, -0.2802], [1.22973, 0.59805, -1.39473, 1.39703, -0.16682, -1.00189, -0.26431], [1.13695, 0.67101, -1.37488, 1.27346, 0.2421, -1.17404, -0.11085], [1.04417, 0.74397, -1.35504, 1.14989, 0.65103, -1.34619, 0.04261]]
end: [1.0206200000000001, 0.76248000000000005, -1.3500000000000001, 1.1185400000000001, 0.75478000000000001, -1.3898699999999999, 0.081540000000000001]
obtacles: [[[0.6, 0.5, -1.0], [0.9, 0.6, 1.0]], [[0.6, -0.6, -1.0], [0.9, -0.5, 1.0]], [[0.6, -0.6, 0.9], [0.9, 0.6, 1.0]], [[0.6, -0.6, -1.0], [0.9, 0.6, -0.9]], [[0.6, -0.6, 0.3], [0.9, 0.6, 0.4]], [[0.6, -0.6, -0.4], [0.9, 0.6, -0.3]], [[0.6, -0.2, 0.4], [0.9, -0.1, 1.0]], [[0.6, -0.1, -0.4], [0.9, 0.0, 0.4]], [[0.6, -0.1, -1.0], [0.9, 0.0, -0.3]]]
start: [0.33002999999999999, 0.83162000000000003, -1.3500000000000001, 0.64681, 0.93233999999999995, -1.1151199999999999, 0.38391999999999998]
tajectories: [[0.33003, 0.83162, -1.35, 0.64681, 0.93234, -1.11512, 0.38392], [0.62766, 0.65518, -1.14418, 0.9274, 0.84222, -1.08254, 0.38213], [0.92529, 0.47874, -0.93835, 1.208, 0.75209, -1.04996, 0.38034], [1.22292, 0.30229, -0.73253, 1.4886, 0.66197, -1.01739, 0.37855], [1.52056, 0.12585, -0.52671, 1.7692, 0.57184, -0.98481, 0.37676], [1.81819, -0.05059, -0.32088, 2.04979, 0.48172, -0.95223, 0.37496], [1.91818, -0.10987, -0.25173, 2.14407, 0.45144, -0.94128, 0.37436], [2.02796, 0.05028, -0.37425, 2.13743, 0.2262, -0.72114, 0.06122], [2.13774, 0.21042, -0.49677, 2.13079, 0.00096, -0.50101, -0.25192], [2.24752, 0.37056, -0.61929, 2.12415, -0.22427, -0.28087, -0.56506], [2.3573, 0.5307, -0.74181, 2.11751, -0.44951, -0.06073, -0.8782], [2.46708, 0.69084, -0.86433, 2.11087, -0.67475, 0.15941, -1.19134], [2.53262, 0.78645, -0.93747, 2.1069, -0.80922, 0.29084, -1.37829], [2.33619, 0.87709, -0.72883, 2.15191, -0.94618, 0.45379, -1.71345], [2.13977, 0.96773, -0.52018, 2.19691, -1.08313, 0.61675, -2.04861], [1.94334, 1.05837, -0.31154, 2.24191, -1.22008, 0.77971, -2.38377], [1.74691, 1.14901, -0.10289, 2.28692, -1.35704, 0.94267, -2.71893], [1.69362, 1.17361, -0.04628, 2.29913, -1.39419, 0.98688, -2.80986], [1.54852, 1.34869, -0.41607, 2.08944, -1.34332, 1.10884, -2.82065], [1.40341, 1.52378, -0.78586, 1.87974, -1.29245, 1.23079, -2.83143], [1.25831, 1.69887, -1.15564, 1.67005, -1.24157, 1.35274, -2.84222], [1.1132, 1.87395, -1.52543, 1.46036, -1.1907, 1.47469, -2.853]]
end: [1.0447, 1.95661, -1.7, 1.3613599999999999, -1.1666799999999999, 1.53226, -2.8580899999999998]
obtacles: [[[0.6, 0.5, -1.0], [0.9, 0.6, 1.0]], [[0.6, -0.6, -1.0], [0.9, -0.5, 1.0]], [[0.6, -0.6, 0.9], [0.9, 0.6, 1.0]], [[0.6, -0.6, -1.0], [0.9, 0.6, -0.9]], [[0.6, -0.6, 0.3], [0.9, 0.6, 0.4]], [[0.6, -0.6, -0.4], [0.9, 0.6, -0.3]], [[0.6, -0.2, 0.4], [0.9, -0.1, 1.0]], [[0.6, -0.1, -0.4], [0.9, 0.0, 0.4]], [[0.6, -0.1, -1.0], [0.9, 0.0, -0.3]]]
start: [2.0879500000000002, -1.87605, -1.3999999999999999, 1.6857200000000001, -1.86029, -1.3740300000000001, -0.57696000000000003]
tajectories: [[2.08795, -1.87605, -1.4, 1.68572, -1.86029, -1.37403, -0.57696], [1.98103, -1.76392, -1.4807, 1.86855, -1.93658, -1.06778, -0.28295], [1.8741, -1.65179, -1.56141, 2.05138, -2.01287, -0.76153, 0.01107], [1.76718, -1.53966, -1.64211, 2.23421, -2.08917, -0.45529, 0.30509], [1.66026, -1.42753, -1.72282, 2.41704, -2.16546, -0.14904, 0.59911], [1.55333, -1.3154, -1.80352, 2.59987, -2.24175, 0.15721, 0.89312], [1.44641, -1.20327, -1.88423, 2.78271, -2.31804, 0.46345, 1.18714], [1.43912, -1.19563, -1.88973, 2.79517, -2.32324, 0.48433, 1.20718], [1.3503, -1.02059, -1.48713, 2.70943, -2.39786, 0.5298, 1.39266], [1.26147, -0.84555, -1.08454, 2.62369, -2.47249, 0.57528, 1.57815], [1.17264, -0.67051, -0.68195, 2.53794, -2.54712, 0.62075, 1.76363], [1.08382, -0.49548, -0.27936, 2.4522, -2.62174, 0.66623, 1.94911], [0.99499, -0.32044, 0.12323, 2.36646, -2.69637, 0.7117, 2.13459], [0.96671, -0.26471, 0.25141, 2.33916, -2.72013, 0.72618, 2.19365], [0.94174, -0.0572, -0.02657, 2.02554, -2.60107, 0.79172, 2.30415], [0.91676, 0.15032, -0.30455, 1.71192, -2.48202, 0.85726, 2.41464], [0.89179, 0.35784, -0.58254, 1.39829, -2.36296, 0.9228, 2.52514], [0.86681, 0.56535, -0.86052, 1.08467, -2.24391, 0.98834, 2.63564], [0.84184, 0.77287, -1.13851, 0.77105, -2.12485, 1.05388, 2.74614]]
end: [0.81835000000000002, 0.96806999999999999, -1.3999999999999999, 0.47603000000000001, -2.0128599999999999, 1.1155299999999999, 2.8500800000000002]
obtacles: [[[0.6, 0.5, -1.0], [0.9, 0.6, 1.0]], [[0.6, -0.6, -1.0], [0.9, -0.5, 1.0]], [[0.6, -0.6, 0.9], [0.9, 0.6, 1.0]], [[0.6, -0.6, -1.0], [0.9, 0.6, -0.9]], [[0.6, -0.6, 0.3], [0.9, 0.6, 0.4]], [[0.6, -0.6, -0.4], [0.9, 0.6, -0.3]], [[0.6, -0.2, 0.4], [0.9, -0.1, 1.0]], [[0.6, -0.1, -0.4], [0.9, 0.0, 0.4]], [[0.6, -0.1, -1.0], [0.9, 0.0, -0.3]]]
start: [2.25264, -1.58358, -1.55, 1.3826099999999999, -1.58725, -1.5527599999999999, -0.49336999999999998]
tajectories: [[2.25264, -1.58358, -1.55, 1.38261, -1.58725, -1.55276, -0.49337], [1.98849, -1.52448, -1.72497, 1.66718, -1.35963, -1.44789, -0.44509], [1.72434, -1.46537, -1.89993, 1.95176, -1.13201, -1.34303, -0.39681], [1.4602, -1.40627, -2.0749, 2.23633, -0.90439, -1.23816, -0.34853], [1.19605, -1.34716, -2.24986, 2.5209, -0.67677, -1.1333, -0.30025], [0.93191, -1.28805, -2.42483, 2.80548, -0.44915, -1.02843, -0.25196], [0.76261, -1.25017, -2.53697, 2.98787, -0.30326, -0.96122, -0.22102], [0.92593, -0.8726, -2.46235, 2.84977, -0.08389, -0.88211, -0.17926], [1.08925, -0.49503, -2.38772, 2.71167, 0.13548, -0.80301, -0.1375], [1.25256, -0.11745, -2.31309, 2.57357, 0.35485, -0.72391, -0.09574], [1.41588, 0.26012, -2.23847, 2.43547, 0.57422, -0.6448, -0.05398], [1.50716, 0.47114, -2.19676, 2.35829, 0.69682, -0.60059, -0.03064], [1.36411, 0.59004, -2.03636, 1.95696, 0.79916, -0.73432, -0.04642], [1.22107, 0.70894, -1.87596, 1.55563, 0.9015, -0.86804, -0.0622], [1.07802, 0.82784, -1.71556, 1.15429, 1.00384, -1.00176, -0.07798], [0.93497, 0.94674, -1.55516, 0.75296, 1.10618, -1.13548, -0.09376]]
end: [0.93037000000000003, 0.95057000000000003, -1.55, 0.74004000000000003, 1.10947, -1.1397900000000001, -0.094270000000000007]
obtacles: [[[0.6, 0.5, -1.0], [0.9, 0.6, 1.0]], [[0.6, -0.6, -1.0], [0.9, -0.5, 1.0]], [[0.6, -0.6, 0.9], [0.9, 0.6, 1.0]], [[0.6, -0.6, -1.0], [0.9, 0.6, -0.9]], [[0.6, -0.6, 0.3], [0.9, 0.6, 0.4]], [[0.6, -0.6, -0.4], [0.9, 0.6, -0.3]], [[0.6, -0.2, 0.4], [0.9, -0.1, 1.0]], [[0.6, -0.1, -0.4], [0.9, 0.0, 0.4]], [[0.6, -0.1, -1.0], [0.9, 0.0, -0.3]]]
start: [0.91137999999999997, 0.94460999999999995, -1.7, 1.0499400000000001, -2.0873599999999999, 1.1786300000000001, -2.8563000000000001]
tajectories: [[0.91138, 0.94461, -1.7, 1.04994, -2.08736, 1.17863, -2.8563], [1.04017, 0.68811, -1.54323, 1.1627, -2.2791, 1.14876, -2.55187], [1.16895, 0.43161, -1.38646, 1.27546, -2.47084, 1.1189, -2.24744], [1.29773, 0.17512, -1.22969, 1.38821, -2.66257, 1.08903, -1.943], [1.42651, -0.08138, -1.07292, 1.50097, -2.85431, 1.05916, -1.63857], [1.5553, -0.33787, -0.91615, 1.61372, -3.04605, 1.0293, -1.33414], [1.68408, -0.59437, -0.75938, 1.72648, -3.23779, 0.99943, -1.02971], [1.8017, -0.82864, -0.61619, 1.82946, -3.41292, 0.97215, -0.75166], [1.5964, -0.66999, -0.72068, 1.99404, -3.5038, 0.69201, -0.99236], [1.39109, -0.51135, -0.82517, 2.15861, -3.59469, 0.41186, -1.23306], [1.18578, -0.3527, -0.92966, 2.32319, -3.68557, 0.13172, -1.47376], [0.98047, -0.19405, -1.03415, 2.48776, -3.77646, -0.14843, -1.71446], [0.77517, -0.03541, -1.13864, 2.65233, -3.86734, -0.42857, -1.95516], [0.7372, -0.00607, -1.15796, 2.68277, -3.88415, -0.48038, -1.99967], [0.82515, -0.30701, -1.3334, 2.43789, -4.02105, -0.61959, -2.15078], [0.91309, -0.60795, -1.50884, 2.19302, -4.15796, -0.75881, -2.3019], [1.00103, -0.90889, -1.68428, 1.94815, -4.29487, -0.89802, -2.45302], [1.08898, -1.20982, -1.85971, 1.70328, -4.43177, -1.03724, -2.60414], [1.17692, -1.51076, -2.03515, 1.4584, -4.56868, -1.17645, -2.75525], [1.26486, -1.8117, -2.21059, 1.21353, -4.70559, -1.31567, -2.90637], [1.2755, -1.8481, -2.23181, 1.18392, -4.72214, -1.3325, -2.92465], [1.40951, -1.85454, -2.14263, 1.23189, -4.35271, -1.36194, -2.63413], [1.54352, -1.86098, -2.05345, 1.27986, -3.98328, -1.39138, -2.34361], [1.67754, -1.86743, -1.96427, 1.32784, -3.61385, -1.42081, -2.05309], [1.81155, -1.87387, -1.87509, 1.37581, -3.24442, -1.45025, -1.76258], [1.94556, -1.88031, -1.78591, 1.42378, -2.875, -1.47969, -1.47206], [2.07957, -1.88676, -1.69673, 1.47176, -2.50557, -1.50912, -1.18154], [2.21359, -1.8932, -1.60755, 1.51973, -2.13614, -1.53856, -0.89103]]
end: [2.3000699999999998, -1.8973599999999999, -1.55, 1.5506899999999999, -1.89774, -1.55755, -0.70355000000000001]
obtacles: [[[0.6, 0.5, -1.0], [0.9, 0.6, 1.0]], [[0.6, -0.6, -1.0], [0.9, -0.5, 1.0]], [[0.6, -0.6, 0.9], [0.9, 0.6, 1.0]], [[0.6, -0.6, -1.0], [0.9, 0.6, -0.9]], [[0.6, -0.6, 0.3], [0.9, 0.6, 0.4]], [[0.6, -0.6, -0.4], [0.9, 0.6, -0.3]], [[0.6, -0.2, 0.4], [0.9, -0.1, 1.0]], [[0.6, -0.1, -0.4], [0.9, 0.0, 0.4]], [[0.6, -0.1, -1.0], [0.9, 0.0, -0.3]]]
start: [2.0635699999999999, -1.7534799999999999, -1.5, 1.36948, -1.764, -1.5389600000000001, -0.28188999999999997]
tajectories: [[2.06357, -1.75348, -1.5, 1.36948, -1.764, -1.53896, -0.28189], [2.03177, -1.72707, -1.59452, 1.60895, -1.73769, -1.32505, -0.65008], [1.99997, -1.70067, -1.68905, 1.84841, -1.71138, -1.11114, -1.01827], [1.96817, -1.67426, -1.78357, 2.08788, -1.68507, -0.89723, -1.38646], [1.93637, -1.64785, -1.8781, 2.32734, -1.65876, -0.68332, -1.75465], [1.91635, -1.63123, -1.9376, 2.4781, -1.6422, -0.54866, -1.98644], [1.77877, -1.60995, -2.02999, 2.50169, -1.30471, -0.51162, -1.66047], [1.6412, -1.58868, -2.12238, 2.52528, -0.96723, -0.47458, -1.33449], [1.50362, -1.5674, -2.21477, 2.54887, -0.62975, -0.43754, -1.00852], [1.37836, -1.54803, -2.29889, 2.57035, -0.32246, -0.40382, -0.71171], [1.45999, -1.23148, -2.32741, 2.37838, -0.11615, -0.60823, -0.56639], [1.54162, -0.91494, -2.35593, 2.18641, 0.09017, -0.81265, -0.42106], [1.62325, -0.59839, -2.38445, 1.99444, 0.29648, -1.01706, -0.27574], [1.63869, -0.5385, -2.38984, 1.95812, 0.33552, -1.05574, -0.24824], [1.50985, -0.19235, -2.17773, 1.77248, 0.4778, -1.13505, -0.16108], [1.381, 0.15379, -1.96562, 1.58684, 0.62008, -1.21437, -0.07392], [1.25216, 0.49994, -1.75351, 1.40121, 0.76236, -1.29369, 0.01324], [1.12332, 0.84608, -1.5414, 1.21557, 0.90464, -1.373, 0.1004]]
end: [1.0981700000000001, 0.91364999999999996, -1.5, 1.17933, 0.93242000000000003, -1.38849, 0.11742]
obtacles: [[[0.6, 0.5, -1.0], [0.9, 0.6, 1.0]], [[0.6, -0.6, -1.0], [0.9, -0.5, 1.0]], [[0.6, -0.6, 0.9], [0.9, 0.6, 1.0]], [[0.6, -0.6, -1.0], [0.9, 0.6, -0.9]], [[0.6, -0.6, 0.3], [0.9, 0.6, 0.4]], [[0.6, -0.6, -0.4], [0.9, 0.6, -0.3]], [[0.6, -0.2, 0.4], [0.9, -0.1, 1.0]], [[0.6, -0.1, -0.4], [0.9, 0.0, 0.4]], [[0.6, -0.1, -1.0], [0.9, 0.0, -0.3]]]
start: [0.87980000000000003, 1.96932, -1.45, 1.9011899999999999, -1.1557999999999999, 1.54996, -2.1001699999999999]
tajectories: [[0.8798, 1.96932, -1.45, 1.90119, -1.1558, 1.54996, -2.10017], [1.1356, 1.75804, -1.5306, 2.04588, -0.82332, 1.51727, -2.1299], [1.3914, 1.54676, -1.6112, 2.19056, -0.49084, 1.48458, -2.15963], [1.6472, 1.33549, -1.69181, 2.33525, -0.15835, 1.45189, -2.18936], [1.7464, 1.25356, -1.72306, 2.39136, -0.02942, 1.43922, -2.20089], [1.79977, 1.05523, -1.9579, 2.39473, -0.34425, 1.31925, -2.00303], [1.85314, 0.8569, -2.19274, 2.3981, -0.65908, 1.19928, -1.80517], [1.90651, 0.65857, -2.42758, 2.40148, -0.97391, 1.07931, -1.60732], [1.93391, 0.55675, -2.54814, 2.40321, -1.13554, 1.01772, -1.50574], [1.8238, 0.52692, -2.33548, 2.23707, -1.44877, 0.8241, -1.67471], [1.71369, 0.49709, -2.12282, 2.07093, -1.76201, 0.63048, -1.84369], [1.60357, 0.46726, -1.91015, 1.9048, -2.07524, 0.43686, -2.01266], [1.49346, 0.43743, -1.69749, 1.73866, -2.38848, 0.24323, -2.18163], [1.45549, 0.42715, -1.62415, 1.68137, -2.4965, 0.17647, -2.2399], [1.15296, 0.49854, -1.57097, 1.44644, -2.468, 0.4683, -2.33674], [0.85042, 0.56993, -1.51779, 1.21152, -2.43951, 0.76014, -2.43359], [0.54789, 0.64132, -1.46461, 0.97659, -2.41102, 1.05197, -2.53043]]
end: [0.46478999999999998, 0.66093000000000002, -1.45, 0.91205999999999998, -2.4031899999999999, 1.1321399999999999, -2.5570300000000001]
obtacles: [[[0.6, 0.5, -1.0], [0.9, 0.6, 1.0]], [[0.6, -0.6, -1.0], [0.9, -0.5, 1.0]], [[0.6, -0.6, 0.9], [0.9, 0.6, 1.0]], [[0.6, -0.6, -1.0], [0.9, 0.6, -0.9]], [[0.6, -0.6, 0.3], [0.9, 0.6, 0.4]], [[0.6, -0.6, -0.4], [0.9, 0.6, -0.3]], [[0.6, -0.2, 0.4], [0.9, -0.1, 1.0]], [[0.6, -0.1, -0.4], [0.9, 0.0, 0.4]], [[0.6, -0.1, -1.0], [0.9, 0.0, -0.3]]]
start: [0.63468999999999998, 0.73163999999999996, -1.45, 0.96216999999999997, -2.3511000000000002, 1.2032, -2.7154500000000001]
tajectories: [[0.63469, 0.73164, -1.45, 0.96217, -2.3511, 1.2032, -2.71545], [0.73921, 0.72944, -1.7206, 1.11024, -2.38318, 0.9136, -2.4725], [0.84372, 0.72724, -1.99119, 1.2583, -2.41526, 0.624, -2.22954], [0.94824, 0.72504, -2.26179, 1.40637, -2.44734, 0.3344, -1.98659], [1.0364, 0.72318, -2.49003, 1.53126, -2.47439, 0.09013, -1.78166], [1.15812, 0.55866, -2.50281, 1.52819, -2.04389, 0.17364, -1.65662], [1.27985, 0.39415, -2.51558, 1.52512, -1.61338, 0.25714, -1.53157], [1.40157, 0.22963, -2.52836, 1.52205, -1.18287, 0.34065, -1.40653], [1.5233, 0.06512, -2.54113, 1.51897, -0.75237, 0.42415, -1.28148], [1.64502, -0.0994, -2.55391, 1.5159, -0.32186, 0.50766, -1.15644], [1.6603, -0.12004, -2.55551, 1.51552, -0.26784, 0.51814, -1.14075], [1.59327, -0.40956, -2.29432, 1.76315, -0.24716, 0.34826, -1.08728], [1.52625, -0.69908, -2.03314, 2.01079, -0.22648, 0.17839, -1.03382], [1.45923, -0.9886, -1.77195, 2.25843, -0.20581, 0.00851, -0.98035], [1.39221, -1.27812, -1.51076, 2.50606, -0.18513, -0.16136, -0.92689], [1.32518, -1.56764, -1.24957, 2.7537, -0.16445, -0.33124, -0.87343], [1.31936, -1.59282, -1.22686, 2.77524, -0.16265, -0.34602, -0.86878], [1.47953, -1.63421, -1.26552, 2.4952, -0.45633, -0.55763, -0.76067], [1.63971, -1.6756, -1.30418, 2.21516, -0.75001, -0.76923, -0.65256], [1.79988, -1.71699, -1.34284, 1.93512, -1.04369, -0.98084, -0.54445], [1.96006, -1.75837, -1.3815, 1.65508, -1.33737, -1.19245, -0.43635], [2.12023, -1.79976, -1.42016, 1.37503, -1.63105, -1.40406, -0.32824]]
end: [2.2438500000000001, -1.8317000000000001, -1.45, 1.1589, -1.85771, -1.56738, -0.24479999999999999]
obtacles: [[[0.6, 0.5, -1.0], [0.9, 0.6, 1.0]], [[0.6, -0.6, -1.0], [0.9, -0.5, 1.0]], [[0.6, -0.6, 0.9], [0.9, 0.6, 1.0]], [[0.6, -0.6, -1.0], [0.9, 0.6, -0.9]], [[0.6, -0.6, 0.3], [0.9, 0.6, 0.4]], [[0.6, -0.6, -0.4], [0.9, 0.6, -0.3]], [[0.6, -0.2, 0.4], [0.9, -0.1, 1.0]], [[0.6, -0.1, -0.4], [0.9, 0.0, 0.4]], [[0.6, -0.1, -1.0], [0.9, 0.0, -0.3]]]
start: [0.90295999999999998, 1.10304, -2.1499999999999999, 1.21035, -1.89327, 0.90690000000000004, -2.5804499999999999]
tajectories: [[0.90296, 1.10304, -2.15, 1.21035, -1.89327, 0.9069, -2.58045], [0.89295, 0.90304, -2.28197, 1.5122, -2.05102, 0.64616, -2.67264], [0.88293, 0.70303, -2.41393, 1.81404, -2.20877, 0.38542, -2.76483], [0.87292, 0.50303, -2.5459, 2.11589, -2.36652, 0.12467, -2.85702], [0.86675, 0.37975, -2.62725, 2.30195, -2.46376, -0.03605, -2.91384], [0.87023, 0.03998, -2.59987, 2.22131, -2.60731, -0.21962, -2.64367], [0.87371, -0.29978, -2.5725, 2.14067, -2.75085, -0.4032, -2.3735], [0.87719, -0.63954, -2.54512, 2.06004, -2.8944, -0.58677, -2.10333], [0.88067, -0.97931, -2.51775, 1.9794, -3.03794, -0.77034, -1.83316], [0.88414, -1.31907, -2.49037, 1.89876, -3.18149, -0.95392, -1.56299], [0.88762, -1.65883, -2.463, 1.81812, -3.32503, -1.13749, -1.29282], [0.89003, -1.89384, -2.44406, 1.76235, -3.42432, -1.26446, -1.10595], [1.17681, -1.90538, -2.2318, 1.65724, -3.13158, -1.32043, -0.9553], [1.46359, -1.91692, -2.01953, 1.55214, -2.83885, -1.3764, -0.80465], [1.75036, -1.92846, -1.80727, 1.44704, -2.54611, -1.43237, -0.654], [2.03714, -1.94001, -1.595, 1.34193, -2.25337, -1.48834, -0.50335]]
end: [2.3006000000000002, -1.95061, -1.3999999999999999, 1.2453700000000001, -1.98444, -1.53975, -0.36495]
obtacles: [[[0.6, 0.5, -1.0], [0.9, 0.6, 1.0]], [[0.6, -0.6, -1.0], [0.9, -0.5, 1.0]], [[0.6, -0.6, 0.9], [0.9, 0.6, 1.0]], [[0.6, -0.6, -1.0], [0.9, 0.6, -0.9]], [[0.6, -0.6, 0.3], [0.9, 0.6, 0.4]], [[0.6, -0.6, -0.4], [0.9, 0.6, -0.3]], [[0.6, -0.2, 0.4], [0.9, -0.1, 1.0]], [[0.6, -0.1, -0.4], [0.9, 0.0, 0.4]], [[0.6, -0.1, -1.0], [0.9, 0.0, -0.3]]]
start: [0.36284, 0.83103000000000005, -0.45000000000000001, 0.55866000000000005, 0.33554, -1.3499099999999999, -0.12429]
tajectories: [[0.36284, 0.83103, -0.45, 0.55866, 0.33554, -1.34991, -0.12429], [0.38235, 0.71538, -0.46741, 0.69993, 0.12009, -1.06705, 0.17497], [0.40186, 0.59972, -0.48483, 0.8412, -0.09536, -0.78419, 0.47423], [0.42137, 0.48407, -0.50224, 0.98246, -0.3108, -0.50133, 0.77349], [0.43658, 0.39392, -0.51581, 1.09258, -0.47874, -0.28085, 1.00675], [0.70247, 0.30358, -0.32844, 1.18074, -0.75066, -0.25342, 1.2382], [0.96837, 0.21324, -0.14107, 1.2689, -1.02258, -0.22599, 1.46964], [1.23426, 0.1229, 0.0463, 1.35705, -1.2945, -0.19857, 1.70108], [1.43519, 0.05463, 0.18789, 1.42367, -1.49997, -0.17784, 1.87597], [1.2167, -0.13854, -0.14695, 1.38339, -1.3825, 0.01519, 1.88798], [0.99821, -0.33171, -0.4818, 1.34311, -1.26502, 0.20821, 1.89999], [0.77972, -0.52488, -0.81664, 1.30283, -1.14754, 0.40124, 1.912], [0.56448, -0.71517, -1.1465, 1.26315, -1.03182, 0.59139, 1.92383], [0.72751, -0.89614, -1.41263, 1.55402, -0.8778, 0.48898, 1.95591], [0.89054, -1.07711, -1.67875, 1.8449, -0.72378, 0.38658, 1.988], [1.05357, -1.25807, -1.94488, 2.13578, -0.56976, 0.28417, 2.02008], [1.2166, -1.43904, -2.21101, 2.42666, -0.41574, 0.18176, 2.05217], [1.24388, -1.46932, -2.25554, 2.47533, -0.38997, 0.16463, 2.05753], [1.4013, -1.56685, -2.10898, 2.31468, -0.08655, 0.41899, 2.16549], [1.55871, -1.66439, -1.96242, 2.15404, 0.21687, 0.67335, 2.27345], [1.71613, -1.76192, -1.81586, 1.9934, 0.52029, 0.92772, 2.38141], [1.87355, -1.85945, -1.6693, 1.83275, 0.82371, 1.18208, 2.48938], [2.03097, -1.95699, -1.52274, 1.67211, 1.12713, 1.43645, 2.59734]]
end: [2.0554000000000001, -1.9721200000000001, -1.5, 1.6471800000000001, 1.17421, 1.4759199999999999, 2.61409]
obtacles: [[[0.6, 0.5, -1.0], [0.9, 0.6, 1.0]], [[0.6, -0.6, -1.0], [0.9, -0.5, 1.0]], [[0.6, -0.6, 0.9], [0.9, 0.6, 1.0]], [[0.6, -0.6, -1.0], [0.9, 0.6, -0.9]], [[0.6, -0.6, 0.3], [0.9, 0.6, 0.4]], [[0.6, -0.6, -0.4], [0.9, 0.6, -0.3]], [[0.6, -0.2, 0.4], [0.9, -0.1, 1.0]], [[0.6, -0.1, -0.4], [0.9, 0.0, 0.4]], [[0.6, -0.1, -1.0], [0.9, 0.0, -0.3]]]
start: [2.3090899999999999, -1.94007, -1.3, 0.99582999999999999, -2.0248400000000002, -1.55772, -0.10944]
tajectories: [[2.30909, -1.94007, -1.3, 0.99583, -2.02484, -1.55772, -0.10944], [2.18511, -1.83027, -1.50849, 1.28848, -2.02981, -1.41214, -0.37821], [2.06113, -1.72047, -1.71698, 1.58113, -2.03479, -1.26655, -0.64699], [1.93715, -1.61067, -1.92547, 1.87378, -2.03976, -1.12097, -0.91576], [1.81317, -1.50087, -2.13397, 2.16643, -2.04474, -0.97538, -1.18454], [1.68919, -1.39107, -2.34246, 2.45908, -2.04971, -0.8298, -1.45331], [1.60764, -1.31885, -2.47959, 2.65157, -2.05298, -0.73404, -1.6301], [1.63792, -0.91235, -2.4641, 2.63524, -2.0405, -0.54542, -1.84826], [1.66819, -0.50584, -2.44862, 2.61891, -2.02801, -0.35681, -2.06642], [1.69846, -0.09933, -2.43314, 2.60258, -2.01553, -0.16819, -2.28459], [1.72874, 0.30718, -2.41765, 2.58626, -2.00304, 0.02043, -2.50275], [1.74671, 0.54842, -2.40847, 2.57657, -1.99563, 0.13237, -2.63222], [1.50265, 0.59209, -2.20746, 2.24767, -2.05271, 0.32293, -2.65175], [1.2586, 0.63577, -2.00644, 1.91877, -2.10978, 0.51349, -2.67127], [1.01455, 0.67944, -1.80543, 1.58988, -2.16686, 0.70406, -2.69079], [0.7705, 0.72311, -1.60442, 1.26098, -2.22393, 0.89462, -2.71032], [0.52645, 0.76679, -1.40341, 0.93208, -2.28101, 1.08518, -2.72984]]
end: [0.40089999999999998, 0.78925999999999996, -1.3, 0.76288, -2.3103699999999998, 1.1832199999999999, -2.7398899999999999]
