obtacles: [[[0.6, 0.5, -1.0], [0.9, 0.6, 1.0]], [[0.6, -0.6, -1.0], [0.9, -0.5, 1.0]], [[0.6, -0.6, 0.9], [0.9, 0.6, 1.0]], [[0.6, -0.6, -1.0], [0.9, 0.6, -0.9]], [[0.6, -0.6, 0.5], [0.9, 0.6, 0.6]], [[0.6, -0.6, -0.6], [0.9, 0.6, -0.5]], [[0.6, -0.2, 0.6], [0.9, -0.1, 1.0]], [[0.6, 0.1, -0.6], [0.9, 0.2, 0.6]], [[0.6, -0.3, -1.0], [0.9, -0.2, -0.5]]]
start: [-0.66012999999999999, 1.6427499999999999, 1.6499999999999999, 0.77437999999999996, -1.6776899999999999, -1.56701, -0.11119]
tajectories: [[-0.66013, 1.64275, 1.65, 0.77438, -1.67769, -1.56701, -0.11119], [-0.78331, 1.56389, 1.78608, 0.96646, -2.08094, -1.56194, -0.00843], [-0.90648, 1.48503, 1.92215, 1.15854, -2.48419, -1.55688, 0.09434], [-1.02966, 1.40617, 2.05823, 1.35061, -2.88744, -1.55181, 0.1971], [-1.15283, 1.32731, 2.19431, 1.54269, -3.2907, -1.54675, 0.29986], [-1.276, 1.24845, 2.33038, 1.73477, -3.69395, -1.54168, 0.40262], [-1.39918, 1.16959, 2.46646, 1.92685, -4.0972, -1.53662, 0.50538], [-1.52235, 1.09073, 2.60254, 2.11893, -4.50045, -1.53155, 0.60815], [-1.61156, 1.03361, 2.70109, 2.25805, -4.79253, -1.52788, 0.68258], [-1.36817, 0.86901, 2.55422, 2.22931, -4.44003, -1.39921, 0.66127], [-1.12477, 0.70441, 2.40735, 2.20056, -4.08753, -1.27054, 0.63996], [-0.88137, 0.53982, 2.26047, 2.17182, -3.73503, -1.14186, 0.61865], [-0.63797, 0.37522, 2.1136, 2.14307, -3.38252, -1.01319, 0.59734], [-0.39458, 0.21062, 1.96673, 2.11433, -3.03002, -0.88452, 0.57603], [-0.15118, 0.04603, 1.81985, 2.08558, -2.67752, -0.75584, 0.55472], [0.09222, -0.11857, 1.67298, 2.05684, -2.32502, -0.62717, 0.53341], [0.33562, -0.28317, 1.52611, 2.02809, -1.97252, -0.4985, 0.5121], [0.50477, -0.39756, 1.42403, 2.00811, -1.72754, -0.40907, 0.49729], [0.54771, -0.23039, 1.26979, 1.6636, -1.57057, -0.21968, 0.36605], [0.59066, -0.06323, 1.11556, 1.31908, -1.4136, -0.0303, 0.23482], [0.6336, 0.10394, 0.96132, 0.97457, -1.25662, 0.15909, 0.10359], [0.67654, 0.27111, 0.80708, 0.63005, -1.09965, 0.34848, -0.02765], [0.71948, 0.43827, 0.65284, 0.28553, -0.94268, 0.53787, -0.15888], [0.75723, 0.58523, 0.51726, -0.01732, -0.80469, 0.70436, -0.27425], [0.71185, 0.63397, 0.77884, -0.04815, -1.03292, 0.35256, -0.29273], [0.66648, 0.68271, 1.04043, -0.07897, -1.26114, 0.00077, -0.31121], [0.62111, 0.73145, 1.30201, -0.10979, -1.48937, -0.35103, -0.3297], [0.57574, 0.78019, 1.5636, -0.14061, -1.7176, -0.70282, -0.34818]]
end: [0.56074999999999997, 0.79629000000000005, 1.6499999999999999, -0.15079000000000001, -1.79298, -0.81903000000000004, -0.35428999999999999]
obtacles: [[[0.6, 0.5, -1.0], [0.9, 0.6, 1.0]], [[0.6, -0.6, -1.0], [0.9, -0.5, 1.0]], [[0.6, -0.6, 0.9], [0.9, 0.6, 1.0]], [[0.6, -0.6, -1.0], [0.9, 0.6, -0.9]], [[0.6, -0.6, 0.5], [0.9, 0.6, 0.6]], [[0.6, -0.6, -0.6], [0.9, 0.6, -0.5]], [[0.6, -0.2, 0.6], [0.9, -0.1, 1.0]], [[0.6, 0.1, -0.6], [0.9, 0.2, 0.6]], [[0.6, -0.3, -1.0], [0.9, -0.2, -0.5]]]
start: [-1.0940300000000001, 1.89941, 1.6499999999999999, 1.85198, -1.86829, -1.4085799999999999, -0.72045000000000003]
tajectories: [[-1.09403, 1.89941, 1.65, 1.85198, -1.86829, -1.40858, -0.72045], [-1.3091, 1.74638, 1.54113, 1.75247, -2.26554, -1.42925, -0.7387], [-1.52417, 1.59335, 1.43226, 1.65296, -2.66279, -1.44992, -0.75695], [-1.71692, 1.4562, 1.33468, 1.56378, -3.01882, -1.46845, -0.7733], [-1.86669, 1.19401, 1.45823, 1.38527, -2.87593, -1.342, -1.04769], [-2.01646, 0.93183, 1.58178, 1.20675, -2.73305, -1.21554, -1.32208], [-2.16622, 0.66964, 1.70532, 1.02824, -2.59016, -1.08909, -1.59647], [-2.17299, 0.6578, 1.7109, 1.02018, -2.58371, -1.08338, -1.60886], [-2.13803, 0.48343, 1.82104, 1.17779, -2.64524, -0.73367, -1.84404], [-2.10307, 0.30905, 1.93118, 1.3354, -2.70678, -0.38395, -2.07922], [-2.06811, 0.13467, 2.04133, 1.49302, -2.76831, -0.03424, -2.3144], [-2.06129, 0.10066, 2.06281, 1.52376, -2.78031, 0.03397, -2.36027], [-2.14083, -0.13338, 1.94194, 1.34528, -2.6553, 0.35473, -2.51492], [-2.22036, -0.36742, 1.82108, 1.16679, -2.53028, 0.6755, -2.66957], [-2.29989, -0.60146, 1.70021, 0.98831, -2.40527, 0.99626, -2.82422]]
end: [-2.3329300000000002, -0.69867999999999997, 1.6499999999999999, 0.91417000000000004, -2.3533400000000002, 1.12951, -2.8884699999999999]
obtacles: [[[0.6, 0.5, -1.0], [0.9, 0.6, 1.0]], [[0.6, -0.6, -1.0], [0.9, -0.5, 1.0]], [[0.6, -0.6, 0.9], [0.9, 0.6, 1.0]], [[0.6, -0.6, -1.0], [0.9, 0.6, -0.9]], [[0.6, -0.6, 0.5], [0.9, 0.6, 0.6]], [[0.6, -0.6, -0.6], [0.9, 0.6, -0.5]], [[0.6, -0.2, 0.6], [0.9, -0.1, 1.0]], [[0.6, 0.1, -0.6], [0.9, 0.2, 0.6]], [[0.6, -0.3, -1.0], [0.9, -0.2, -0.5]]]
start: [-1.0399700000000001, 1.89236, 1.6499999999999999, 1.60551, -1.8906400000000001, -1.4846999999999999, -0.53878999999999999]
tajectories: [[-1.03997, 1.89236, 1.65, 1.60551, -1.89064, -1.4847, -0.53879], [-1.33418, 1.72846, 1.60429, 1.84679, -1.88826, -1.38841, -0.79763], [-1.62839, 1.56457, 1.55858, 2.08806, -1.88588, -1.29212, -1.05646], [-1.92261, 1.40067, 1.51286, 2.32934, -1.8835, -1.19584, -1.3153], [-2.21682, 1.23677, 1.46715, 2.57061, -1.88113, -1.09955, -1.57413], [-2.51103, 1.07287, 1.42144, 2.81189, -1.87875, -1.00326, -1.83297], [-2.55857, 1.04639, 1.41405, 2.85088, -1.87836, -0.9877, -1.8748], [-2.29085, 0.9459, 1.62899, 2.88175, -1.59779, -1.04349, -1.6767], [-2.02312, 0.84542, 1.84393, 2.91263, -1.31722, -1.09929, -1.47861], [-1.75539, 0.74494, 2.05887, 2.9435, -1.03665, -1.15509, -1.28052], [-1.48767, 0.64445, 2.27381, 2.97437, -0.75608, -1.21088, -1.08243], [-1.21994, 0.54397, 2.48874, 3.00524, -0.47551, -1.26668, -0.88433], [-1.03821, 0.47576, 2.63464, 3.0262, -0.28507, -1.30455, -0.74987], [-0.92352, 0.51953, 2.43186, 2.60203, -0.39246, -1.25625, -0.74528], [-0.80883, 0.5633, 2.22907, 2.17786, -0.49985, -1.20794, -0.74068], [-0.69414, 0.60708, 2.02629, 1.75369, -0.60724, -1.15964, -0.73609], [-0.57945, 0.65085, 1.8235, 1.32952, -0.71463, -1.11133, -0.73149]]
end: [-0.48132999999999998, 0.68830000000000002, 1.6499999999999999, 0.96660000000000001, -0.80652000000000001, -1.0700000000000001, -0.72755999999999998]
obtacles: [[[0.6, 0.5, -1.0], [0.9, 0.6, 1.0]], [[0.6, -0.6, -1.0], [0.9, -0.5, 1.0]], [[0.6, -0.6, 0.9], [0.9, 0.6, 1.0]], [[0.6, -0.6, -1.0], [0.9, 0.6, -0.9]], [[0.6, -0.6, 0.5], [0.9, 0.6, 0.6]], [[0.6, -0.6, -0.6], [0.9, 0.6, -0.5]], [[0.6, -0.2, 0.6], [0.9, -0.1, 1.0]], [[0.6, 0.1, -0.6], [0.9, 0.2, 0.6]], [[0.6, -0.3, -1.0], [0.9, -0.2, -0.5]]]
start: [-0.41859000000000002, 1.5230600000000001, 1.8, 1.0464199999999999, -1.645, -1.34863, -0.62504999999999999]
tajectories: [[-0.41859, 1.52306, 1.8, 1.04642, -1.645, -1.34863, -0.62505]]
end: [-0.47405000000000003, 1.4242300000000001, 1.8, 1.07552, -1.5483100000000001, -1.3003400000000001, -0.62143000000000004]
obtacles: [[[0.6, 0.5, -1.0], [0.9, 0.6, 1.0]], [[0.6, -0.6, -1.0], [0.9, -0.5, 1.0]], [[0.6, -0.6, 0.9], [0.9, 0.6, 1.0]], [[0.6, -0.6, -1.0], [0.9, 0.6, -0.9]], [[0.6, -0.6, 0.5], [0.9, 0.6, 0.6]], [[0.6, -0.6, -0.6], [0.9, 0.6, -0.5]], [[0.6, -0.2, 0.6], [0.9, -0.1, 1.0]], [[0.6, 0.1, -0.6], [0.9, 0.2, 0.6]], [[0.6, -0.3, -1.0], [0.9, -0.2, -0.5]]]
start: [-0.78564000000000001, 1.87853, 1.8999999999999999, 1.19116, -1.9841, -1.3959900000000001, -0.31727]
tajectories: [[-0.78564, 1.87853, 1.9, 1.19116, -1.9841, -1.39599, -0.31727], [-0.95293, 1.61779, 1.78723, 1.40845, -1.82138, -1.24841, -0.53136], [-1.12021, 1.35704, 1.67445, 1.62575, -1.65865, -1.10084, -0.74545], [-1.2875, 1.09629, 1.56168, 1.84304, -1.49593, -0.95326, -0.95954], [-1.45479, 0.83555, 1.4489, 2.06033, -1.33321, -0.80568, -1.17363], [-1.62207, 0.5748, 1.33613, 2.27763, -1.17049, -0.6581, -1.38772], [-1.78936, 0.31405, 1.22335, 2.49492, -1.00777, -0.51052, -1.60182], [-1.86955, 0.18906, 1.16929, 2.59908, -0.92977, -0.43978, -1.70444], [-1.4718, 0.168, 1.30288, 2.62136, -0.74232, -0.51824, -1.88253], [-1.07405, 0.14694, 1.43647, 2.64364, -0.55487, -0.5967, -2.06063], [-0.67631, 0.12588, 1.57006, 2.66592, -0.36741, -0.67516, -2.23872], [-0.27856, 0.10483, 1.70365, 2.6882, -0.17996, -0.75361, -2.41681], [0.11919, 0.08377, 1.83724, 2.71048, 0.00749, -0.83207, -2.5949], [0.22882, 0.07796, 1.87406, 2.71662, 0.05916, -0.8537, -2.64399], [0.16038, 0.10324, 1.96645, 2.57215, 0.09036, -0.81029, -2.1831], [0.09195, 0.12852, 2.05883, 2.42768, 0.12155, -0.76689, -1.72222], [0.02352, 0.15379, 2.15122, 2.28321, 0.15275, -0.72348, -1.26133], [-0.04492, 0.17907, 2.2436, 2.13875, 0.18395, -0.68008, -0.80045], [-0.11335, 0.20435, 2.33598, 1.99428, 0.21515, -0.63668, -0.33956], [-0.13754, 0.21328, 2.36863, 1.94323, 0.22618, -0.62134, -0.17671], [-0.09386, 0.30247, 2.01631, 1.66053, 0.08733, -0.73397, -0.24096], [-0.05019, 0.39167, 1.664, 1.37783, -0.05152, -0.84661, -0.30521], [-0.00652, 0.48086, 1.31169, 1.09513, -0.19037, -0.95924, -0.36946], [0.03715, 0.57006, 0.95937, 0.81243, -0.32922, -1.07188, -0.43371]]
end: [0.0693, 0.63571999999999995, 0.69999999999999996, 0.60431000000000001, -0.43143999999999999, -1.1548, -0.48100999999999999]
obtacles: [[[0.6, 0.5, -1.0], [0.9, 0.6, 1.0]], [[0.6, -0.6, -1.0], [0.9, -0.5, 1.0]], [[0.6, -0.6, 0.9], [0.9, 0.6, 1.0]], [[0.6, -0.6, -1.0], [0.9, 0.6, -0.9]], [[0.6, -0.6, 0.5], [0.9, 0.6, 0.6]], [[0.6, -0.6, -0.6], [0.9, 0.6, -0.5]], [[0.6, -0.2, 0.6], [0.9, -0.1, 1.0]], [[0.6, 0.1, -0.6], [0.9, 0.2, 0.6]], [[0.6, -0.3, -1.0], [0.9, -0.2, -0.5]]]
start: [-0.70743999999999996, 1.7338899999999999, 1.6000000000000001, 1.7773300000000001, -1.72471, -1.50926, -1.0627500000000001]
tajectories: [[-0.70744, 1.73389, 1.6, 1.77733, -1.72471, -1.50926, -1.06275], [-0.52984, 1.76024, 1.69491, 1.38703, -1.80338, -1.52733, -0.83934], [-0.35224, 1.7866, 1.78982, 0.99674, -1.88205, -1.54539, -0.61593]]
end: [-0.23963999999999999, 1.80331, 1.8500000000000001, 0.74929000000000001, -1.9319200000000001, -1.55684, -0.47427999999999998]
obtacles: [[[0.6, 0.5, -1.0], [0.9, 0.6, 1.0]], [[0.6, -0.6, -1.0], [0.9, -0.5, 1.0]], [[0.6, -0.6, 0.9], [0.9, 0.6, 1.0]], [[0.6, -0.6, -1.0], [0.9, 0.6, -0.9]], [[0.6, -0.6, 0.5], [0.9, 0.6, 0.6]], [[0.6, -0.6, -0.6], [0.9, 0.6, -0.5]], [[0.6, -0.2, 0.6], [0.9, -0.1, 1.0]], [[0.6, 0.1, -0.6], [0.9, 0.2, 0.6]], [[0.6, -0.3, -1.0], [0.9, -0.2, -0.5]]]
start: [-0.91986999999999997, 1.81924, 1.8500000000000001, 2.0418699999999999, -1.6754599999999999, -1.2136199999999999, -1.0680099999999999]
tajectories: [[-0.91987, 1.81924, 1.85, 2.04187, -1.67546, -1.21362, -1.06801], [-0.77202, 1.66551, 1.85, 1.64993, -1.64223, -1.27543, -0.85361]]
end: [-0.72729999999999995, 1.6190100000000001, 1.8500000000000001, 1.5313699999999999, -1.6321699999999999, -1.2941199999999999, -0.78874999999999995]
obtacles: [[[0.6, 0.5, -1.0], [0.9, 0.6, 1.0]], [[0.6, -0.6, -1.0], [0.9, -0.5, 1.0]], [[0.6, -0.6, 0.9], [0.9, 0.6, 1.0]], [[0.6, -0.6, -1.0], [0.9, 0.6, -0.9]], [[0.6, -0.6, 0.5], [0.9, 0.6, 0.6]], [[0.6, -0.6, -0.6], [0.9, 0.6, -0.5]], [[0.6, -0.2, 0.6], [0.9, -0.1, 1.0]], [[0.6, 0.1, -0.6], [0.9, 0.2, 0.6]], [[0.6, -0.3, -1.0], [0.9, -0.2, -0.5]]]
start: [-2.29298, -1.9095899999999999, 1.3999999999999999, 1.2167300000000001, -1.1944300000000001, 1.53566, -2.80945]
tajectories: [[-2.29298, -1.90959, 1.4, 1.21673, -1.19443, 1.53566, -2.80945], [-2.08072, -1.76179, 1.556, 1.49821, -0.9641, 1.401, -2.71812], [-1.86846, -1.61398, 1.71201, 1.77969, -0.73377, 1.26633, -2.62678], [-1.6562, -1.46618, 1.86801, 2.06118, -0.50344, 1.13167, -2.53544], [-1.51115, -1.36518, 1.97462, 2.25353, -0.34604, 1.03965, -2.47302], [-1.36989, -1.19469, 1.76381, 2.17761, -0.50262, 0.91765, -2.13928], [-1.22864, -1.02421, 1.55301, 2.10169, -0.6592, 0.79566, -1.80555], [-1.08738, -0.85373, 1.34221, 2.02578, -0.81578, 0.67367, -1.47181], [-0.99283, -0.73962, 1.20111, 1.97497, -0.92059, 0.59201, -1.24842], [-0.86802, -0.52514, 1.13488, 1.92037, -0.71611, 0.24404, -1.11366], [-0.74321, -0.31066, 1.06865, 1.86578, -0.51164, -0.10393, -0.9789], [-0.62176, -0.10194, 1.0042, 1.81265, -0.31266, -0.44255, -0.84775], [-0.57685, 0.14011, 1.1345, 1.50544, -0.44189, -0.6653, -0.73951], [-0.53195, 0.38216, 1.2648, 1.19823, -0.57112, -0.88806, -0.63126], [-0.48705, 0.62422, 1.3951, 0.89102, -0.70035, -1.11081, -0.52302]]
end: [-0.48536000000000001, 0.63331000000000004, 1.3999999999999999, 0.87948000000000004, -0.70521, -1.1191800000000001, -0.51895000000000002]
obtacles: [[[0.6, 0.5, -1.0], [0.9, 0.6, 1.0]], [[0.6, -0.6, -1.0], [0.9, -0.5, 1.0]], [[0.6, -0.6, 0.9], [0.9, 0.6, 1.0]], [[0.6, -0.6, -1.0], [0.9, 0.6, -0.9]], [[0.6, -0.6, 0.5], [0.9, 0.6, 0.6]], [[0.6, -0.6, -0.6], [0.9, 0.6, -0.5]], [[0.6, -0.2, 0.6], [0.9, -0.1, 1.0]], [[0.6, 0.1, -0.6], [0.9, 0.2, 0.6]], [[0.6, -0.3, -1.0], [0.9, -0.2, -0.5]]]
start: [-0.17201, 1.8449599999999999, 1.3, -0.86963000000000001, -1.1884699999999999, -1.5486899999999999, 0.99978]
tajectories: [[-0.17201, 1.84496, 1.3, -0.86963, -1.18847, -1.54869, 0.99978], [-0.14912, 1.83993, 1.30118, -0.82092, -1.09124, -1.41893, 0.5299], [-0.12622, 1.8349, 1.30236, -0.7722, -0.99402, -1.28917, 0.06002], [-0.10333, 1.82986, 1.30355, -0.72349, -0.89679, -1.15941, -0.40985], [-0.08043, 1.82483, 1.30473, -0.67478, -0.79956, -1.02965, -0.87973], [-0.05754, 1.8198, 1.30591, -0.62606, -0.70234, -0.89989, -1.34961], [-0.03464, 1.81477, 1.30709, -0.57735, -0.60511, -0.77013, -1.81949], [-0.03186, 1.81416, 1.30724, -0.57143, -0.59329, -0.75435, -1.87662], [-0.21635, 1.73213, 1.32593, -0.13496, -0.7172, -0.71929, -1.83426], [-0.40084, 1.65009, 1.34463, 0.30152, -0.84111, -0.68422, -1.79191], [-0.58532, 1.56806, 1.36332, 0.73799, -0.96502, -0.64915, -1.74955], [-0.76981, 1.48602, 1.38202, 1.17446, -1.08892, -0.61409, -1.70719], [-0.9543, 1.40399, 1.40071, 1.61093, -1.21283, -0.57902, -1.66483], [-1.13879, 1.32195, 1.41941, 2.0474, -1.33674, -0.54395, -1.62247], [-1.21632, 1.28747, 1.42727, 2.23084, -1.38882, -0.52921, -1.60467], [-1.00107, 1.26282, 1.63998, 2.21504, -1.77133, -0.61197, -1.67095], [-0.78581, 1.23816, 1.85269, 2.19923, -2.15385, -0.69473, -1.73723], [-0.57055, 1.2135, 2.06541, 2.18342, -2.53636, -0.77749, -1.8035], [-0.51641, 1.2073, 2.11891, 2.17945, -2.63258, -0.7983, -1.82017], [-0.2707, 1.06775, 2.24639, 2.25064, -2.40459, -0.84159, -1.51198], [-0.025, 0.92821, 2.37386, 2.32183, -2.1766, -0.88489, -1.20378], [0.22071, 0.78866, 2.50134, 2.39302, -1.94861, -0.92818, -0.89559], [0.46641, 0.64911, 2.62882, 2.46421, -1.72062, -0.97147, -0.58739], [0.56855, 0.5911, 2.68181, 2.49381, -1.62585, -0.98947, -0.45928], [0.40901, 0.60019, 2.40066, 2.17621, -1.42883, -1.03466, -0.52005], [0.24948, 0.60928, 2.1195, 1.85862, -1.23181, -1.07985, -0.58082], [0.08994, 0.61837, 1.83835, 1.54102, -1.03479, -1.12504, -0.64159], [-0.06959, 0.62746, 1.55719, 1.22343, -0.83777, -1.17023, -0.70236]]
end: [-0.21553, 0.63576999999999995, 1.3, 0.93289999999999995, -0.65754000000000001, -1.21157, -0.75795999999999997]
obtacles: [[[0.6, 0.5, -1.0], [0.9, 0.6, 1.0]], [[0.6, -0.6, -1.0], [0.9, -0.5, 1.0]], [[0.6, -0.6, 0.9], [0.9, 0.6, 1.0]], [[0.6, -0.6, -1.0], [0.9, 0.6, -0.9]], [[0.6, -0.6, 0.5], [0.9, 0.6, 0.6]], [[0.6, -0.6, -0.6], [0.9, 0.6, -0.5]], [[0.6, -0.2, 0.6], [0.9, -0.1, 1.0]], [[0.6, 0.1, -0.6], [0.9, 0.2, 0.6]], [[0.6, -0.3, -1.0], [0.9, -0.2, -0.5]]]
start: [-0.45065, 1.3982000000000001, 1.6000000000000001, -0.37680000000000002, -1.66188, -1.42113, 0.83176000000000005]
tajectories: [[-0.45065, 1.3982, 1.6, -0.3768, -1.66188, -1.42113, 0.83176], [-0.43949, 1.45341, 1.80396, -0.21244, -2.01171, -1.35094, 1.05737], [-0.42834, 1.50863, 2.00793, -0.04808, -2.36154, -1.28075, 1.28299], [-0.41718, 1.56384, 2.21189, 0.11629, -2.71137, -1.21057, 1.50861], [-0.40603, 1.61906, 2.41586, 0.28065, -3.0612, -1.14038, 1.73422], [-0.39852, 1.65618, 2.553, 0.39116, -3.29641, -1.09319, 1.88592], [-0.48179, 1.62353, 2.20817, 0.65067, -3.39208, -1.06196, 1.67232], [-0.56505, 1.59087, 1.86334, 0.91017, -3.48775, -1.03072, 1.45872], [-0.64831, 1.55821, 1.51851, 1.16967, -3.58342, -0.99948, 1.24512], [-0.73157, 1.52556, 1.17369, 1.42918, -3.67909, -0.96825, 1.03152], [-0.81483, 1.4929, 0.82886, 1.68868, -3.77476, -0.93701, 0.81792], [-0.88477, 1.46547, 0.5392, 1.90666, -3.85512, -0.91077, 0.63849], [-0.90227, 1.12534, 0.50876, 1.95526, -3.56578, -0.79454, 0.45549], [-0.91976, 0.78521, 0.47832, 2.00385, -3.27644, -0.67831, 0.27248], [-0.93726, 0.44509, 0.44788, 2.05244, -2.98709, -0.56207, 0.08948], [-0.94925, 0.21185, 0.42701, 2.08576, -2.78868, -0.48236, -0.03601], [-0.89989, -0.07141, 0.61734, 2.09878, -2.45263, -0.61655, -0.03571], [-0.85052, -0.35467, 0.80766, 2.11181, -2.11658, -0.75073, -0.03541], [-0.80116, -0.63793, 0.99798, 2.12483, -1.78053, -0.88491, -0.03512], [-0.75179, -0.92119, 1.18831, 2.13785, -1.44448, -1.01909, -0.03482], [-0.71057, -1.15773, 1.34724, 2.14872, -1.16385, -1.13114, -0.03457], [-0.8382, -1.20771, 1.39773, 2.02791, -0.93428, -0.78639, -0.24075], [-0.96584, -1.25769, 1.44822, 1.90709, -0.70471, -0.44165, -0.44693], [-1.09348, -1.30767, 1.49871, 1.78627, -0.47514, -0.0969, -0.65311], [-1.22111, -1.35765, 1.54921, 1.66545, -0.24557, 0.24785, -0.85929], [-1.34875, -1.40764, 1.5997, 1.54463, -0.016, 0.5926, -1.06547], [-1.35736, -1.41101, 1.6031, 1.53648, -0.00051, 0.61586, -1.07939], [-1.50316, -1.48197, 1.60243, 1.59076, -0.30183, 0.81982, -1.37665], [-1.64896, -1.55294, 1.60177, 1.64504, -0.60315, 1.02378, -1.67391], [-1.79475, -1.6239, 1.6011, 1.69932, -0.90447, 1.22775, -1.97118], [-1.94055, -1.69486, 1.60043, 1.75359, -1.20579, 1.43171, -2.26844]]
end: [-2.0340199999999999, -1.7403599999999999, 1.6000000000000001, 1.7883899999999999, -1.39896, 1.56247, -2.4590100000000001]
obtacles: [[[0.6, 0.5, -1.0], [0.9, 0.6, 1.0]], [[0.6, -0.6, -1.0], [0.9, -0.5, 1.0]], [[0.6, -0.6, 0.9], [0.9, 0.6, 1.0]], [[0.6, -0.6, -1.0], [0.9, 0.6, -0.9]], [[0.6, -0.6, 0.5], [0.9, 0.6, 0.6]], [[0.6, -0.6, -0.6], [0.9, 0.6, -0.5]], [[0.6, -0.2, 0.6], [0.9, -0.1, 1.0]], [[0.6, 0.1, -0.6], [0.9, 0.2, 0.6]], [[0.6, -0.3, -1.0], [0.9, -0.2, -0.5]]]
start: [2.44557, -1.96959, -1.55, 1.6114299999999999, -1.96865, -1.5358700000000001, -0.90417000000000003]
tajectories: [[2.44557, -1.96959, -1.55, 1.61143, -1.96865, -1.53587, -0.90417], [2.37848, -1.93978, -1.25631, 1.7081, -1.86417, -1.17711, -0.80728], [2.31138, -1.90997, -0.96263, 1.80476, -1.75968, -0.81835, -0.71039], [2.24428, -1.88016, -0.66894, 1.90143, -1.6552, -0.45959, -0.6135], [2.17718, -1.85035, -0.37525, 1.99809, -1.55071, -0.10083, -0.51661], [2.11008, -1.82054, -0.08157, 2.09476, -1.44622, 0.25793, -0.41972], [2.04299, -1.79073, 0.21212, 2.19142, -1.34174, 0.61669, -0.32283], [2.00171, -1.77239, 0.39281, 2.25089, -1.27745, 0.83741, -0.26322], [1.99731, -1.63331, 0.52586, 2.27921, -1.58367, 0.89339, -0.60268], [1.99291, -1.49423, 0.65891, 2.30752, -1.88988, 0.94938, -0.94214], [1.98851, -1.35516, 0.79196, 2.33584, -2.1961, 1.00536, -1.28159], [1.98412, -1.21608, 0.92502, 2.36415, -2.50232, 1.06134, -1.62105], [1.97972, -1.077, 1.05807, 2.39246, -2.80853, 1.11732, -1.96051], [1.97547, -0.94272, 1.18653, 2.4198, -3.10418, 1.17137, -2.28825], [1.80686, -0.7301, 0.82353, 2.23558, -3.01222, 1.17049, -2.33515], [1.63826, -0.51748, 0.46053, 2.05136, -2.92026, 1.1696, -2.38204], [1.46965, -0.30486, 0.09753, 1.86713, -2.82829, 1.16872, -2.42893], [1.30104, -0.09224, -0.26547, 1.68291, -2.73633, 1.16783, -2.47582], [1.13243, 0.12038, -0.62847, 1.49869, -2.64437, 1.16694, -2.52271], [0.96382, 0.333, -0.99147, 1.31447, -2.5524, 1.16606, -2.56961], [0.79521, 0.54562, -1.35447, 1.13025, -2.46044, 1.16517, -2.6165]]
end: [0.70438999999999996, 0.66015000000000001, -1.55, 1.03101, -2.4108999999999998, 1.1647000000000001, -2.6417600000000001]
obtacles: [[[0.6, 0.5, -1.0], [0.9, 0.6, 1.0]], [[0.6, -0.6, -1.0], [0.9, -0.5, 1.0]], [[0.6, -0.6, 0.9], [0.9, 0.6, 1.0]], [[0.6, -0.6, -1.0], [0.9, 0.6, -0.9]], [[0.6, -0.6, 0.5], [0.9, 0.6, 0.6]], [[0.6, -0.6, -0.6], [0.9, 0.6, -0.5]], [[0.6, -0.2, 0.6], [0.9, -0.1, 1.0]], [[0.6, 0.1, -0.6], [0.9, 0.2, 0.6]], [[0.6, -0.3, -1.0], [0.9, -0.2, -0.5]]]
start: [1.0221199999999999, 1.4858, -1.6000000000000001, 1.83246, -1.66045, 1.5646500000000001, -2.3297300000000001]
tajectories: [[1.02212, 1.4858, -1.6, 1.83246, -1.66045, 1.56465, -2.32973], [1.41676, 1.30642, -1.54735, 1.96348, -1.57657, 1.45575, -2.17726], [1.81141, 1.12704, -1.4947, 2.09449, -1.49269, 1.34685, -2.0248], [2.20605, 0.94766, -1.44205, 2.2255, -1.40882, 1.23795, -1.87233], [2.54396, 0.79407, -1.39697, 2.33768, -1.337, 1.1447, -1.74178], [2.52226, 0.56933, -1.13762, 2.31967, -1.2862, 0.94342, -1.44456], [2.50055, 0.34459, -0.87828, 2.30166, -1.23541, 0.74213, -1.14734], [2.47884, 0.11985, -0.61893, 2.28364, -1.18461, 0.54085, -0.85012], [2.45713, -0.10489, -0.35959, 2.26563, -1.13382, 0.33957, -0.5529], [2.44143, -0.26747, -0.17197, 2.2526, -1.09707, 0.19395, -0.33788], [2.30153, -0.62709, -0.17077, 2.45007, -1.05171, 0.00416, -0.49288], [2.16163, -0.98671, -0.16956, 2.64754, -1.00635, -0.18564, -0.64789], [2.02173, -1.34633, -0.16836, 2.845, -0.96099, -0.37543, -0.80289], [1.91739, -1.61457, -0.16746, 2.99229, -0.92715, -0.517, -0.91851], [2.06725, -1.59446, -0.47356, 2.78614, -1.05815, -0.75004, -1.05806], [2.21711, -1.57436, -0.77966, 2.57999, -1.18916, -0.98307, -1.19762], [2.36698, -1.55426, -1.08575, 2.37383, -1.32016, -1.21611, -1.33717], [2.51684, -1.53416, -1.39185, 2.16768, -1.45116, -1.44915, -1.47673]]
end: [2.5697899999999998, -1.52705, -1.5, 2.09484, -1.4974499999999999, -1.53148, -1.52603]
