obtacles: [[[0.6, 0.5, -1.0], [0.9, 0.6, 1.0]], [[0.6, -0.6, -1.0], [0.9, -0.5, 1.0]], [[0.6, -0.6, 0.9], [0.9, 0.6, 1.0]], [[0.6, -0.6, -1.0], [0.9, 0.6, -0.9]], [[0.6, -0.6, 0.5], [0.9, 0.6, 0.6]], [[0.6, -0.6, -0.5], [0.9, 0.6, -0.4]], [[0.6, 0.1, 0.6], [0.9, 0.2, 1.0]], [[0.6, 0.2, -0.5], [0.9, 0.3, 0.6]], [[0.6, -0.1, -1.0], [0.9, 0.0, -0.4]]]
start: [-0.40067000000000003, 1.7802800000000001, 2.0499999999999998, 1.31749, -1.9182600000000001, -1.17615, -0.79532999999999998]
tajectories: [[-0.40067, 1.78028, 2.05, 1.31749, -1.91826, -1.17615, -0.79533], [-0.80383, 1.79119, 2.05, 1.48755, -1.85336, -1.12971, -0.56717]]
end: [-1.1357299999999999, 1.80017, 2.0499999999999998, 1.6275500000000001, -1.79992, -1.09148, -0.37934000000000001]
obtacles: [[[0.6, 0.5, -1.0], [0.9, 0.6, 1.0]], [[0.6, -0.6, -1.0], [0.9, -0.5, 1.0]], [[0.6, -0.6, 0.9], [0.9, 0.6, 1.0]], [[0.6, -0.6, -1.0], [0.9, 0.6, -0.9]], [[0.6, -0.6, 0.5], [0.9, 0.6, 0.6]], [[0.6, -0.6, -0.5], [0.9, 0.6, -0.4]], [[0.6, 0.1, 0.6], [0.9, 0.2, 1.0]], [[0.6, 0.2, -0.5], [0.9, 0.3, 0.6]], [[0.6, -0.1, -1.0], [0.9, 0.0, -0.4]]]
start: [-1.99149, -1.61907, 1.55, 1.50075, -1.5211699999999999, 1.55345, -2.7918799999999999]
tajectories: [[-1.99149, -1.61907, 1.55, 1.50075, -1.52117, 1.55345, -2.79188], [-1.73461, -1.53345, 1.73746, 1.83661, -1.61656, 1.44597, -2.70197], [-1.47773, -1.44783, 1.92492, 2.17248, -1.71195, 1.33848, -2.61206], [-1.22085, -1.36221, 2.11239, 2.50834, -1.80734, 1.231, -2.52214], [-0.96398, -1.27659, 2.29985, 2.84421, -1.90273, 1.12351, -2.43223], [-0.92032, -1.26203, 2.33171, 2.90129, -1.91894, 1.10525, -2.41695], [-1.13714, -0.93728, 2.35586, 2.61631, -1.96604, 0.99119, -2.39452], [-1.35396, -0.61253, 2.38, 2.33134, -2.01314, 0.87714, -2.37209], [-1.57078, -0.28777, 2.40415, 2.04636, -2.06024, 0.76309, -2.34965], [-1.7876, 0.03698, 2.42829, 1.76138, -2.10734, 0.64904, -2.32722], [-1.83673, 0.11056, 2.43376, 1.69681, -2.11801, 0.6232, -2.32214], [-1.82612, 0.24695, 2.17864, 1.86347, -2.11033, 0.29766, -2.14218], [-1.81551, 0.38335, 1.92351, 2.03012, -2.10265, -0.02788, -1.96222], [-1.80489, 0.51974, 1.66839, 2.19678, -2.09496, -0.35342, -1.78226], [-1.79627, 0.63056, 1.46109, 2.33219, -2.08872, -0.61793, -1.63603], [-1.53579, 0.97979, 1.3671, 2.3046, -1.99484, -0.69625, -1.44723], [-1.27531, 1.32902, 1.27312, 2.27702, -1.90097, -0.77457, -1.25842], [-1.08303, 1.58682, 1.20374, 2.25665, -1.83167, -0.83239, -1.11905], [-1.06728, 1.62839, 1.34574, 1.94481, -1.80065, -1.057, -0.83762], [-1.05153, 1.66997, 1.48774, 1.63297, -1.76963, -1.2816, -0.55619], [-1.03578, 1.71155, 1.62974, 1.32112, -1.73861, -1.50621, -0.27476]]
end: [-1.0335399999999999, 1.7174799999999999, 1.6499999999999999, 1.2766299999999999, -1.7341899999999999, -1.53826, -0.2346]
obtacles: [[[0.6, 0.5, -1.0], [0.9, 0.6, 1.0]], [[0.6, -0.6, -1.0], [0.9, -0.5, 1.0]], [[0.6, -0.6, 0.9], [0.9, 0.6, 1.0]], [[0.6, -0.6, -1.0], [0.9, 0.6, -0.9]], [[0.6, -0.6, 0.5], [0.9, 0.6, 0.6]], [[0.6, -0.6, -0.5], [0.9, 0.6, -0.4]], [[0.6, 0.1, 0.6], [0.9, 0.2, 1.0]], [[0.6, 0.2, -0.5], [0.9, 0.3, 0.6]], [[0.6, -0.1, -1.0], [0.9, 0.0, -0.4]]]
start: [-1.9317299999999999, -1.3792800000000001, 1.55, 1.5253699999999999, -1.76125, 1.54175, -2.8213200000000001]
tajectories: [[-1.93173, -1.37928, 1.55, 1.52537, -1.76125, 1.54175, -2.82132], [-1.82498, -1.40882, 1.44718, 1.70278, -1.92866, 1.17454, -2.64018], [-1.71822, -1.43836, 1.34435, 1.8802, -2.09607, 0.80733, -2.45903], [-1.61147, -1.4679, 1.24153, 2.05762, -2.26347, 0.44012, -2.27789], [-1.50472, -1.49745, 1.13871, 2.23504, -2.43088, 0.07291, -2.09675], [-1.39796, -1.52699, 1.03588, 2.41245, -2.59829, -0.2943, -1.91561], [-1.29121, -1.55653, 0.93306, 2.58987, -2.76569, -0.66151, -1.73447], [-1.18445, -1.58608, 0.83024, 2.76729, -2.9331, -1.02873, -1.55333], [-1.15789, -1.59343, 0.80465, 2.81143, -2.97475, -1.1201, -1.50826], [-1.059, -1.12837, 0.84489, 2.7813, -2.85278, -1.06371, -1.56618], [-0.9601, -0.66331, 0.88512, 2.75116, -2.73082, -1.00731, -1.6241], [-0.86121, -0.19825, 0.92536, 2.72102, -2.60885, -0.95092, -1.68203], [-0.76232, 0.26681, 0.96559, 2.69088, -2.48688, -0.89453, -1.73995], [-0.67085, 0.69693, 1.00281, 2.66301, -2.37407, -0.84238, -1.79353], [-0.71774, 0.84709, 1.1017, 2.37309, -2.22029, -0.97349, -1.49255], [-0.76463, 0.99724, 1.20059, 2.08318, -2.06651, -1.10459, -1.19157], [-0.81153, 1.1474, 1.29948, 1.79327, -1.91272, -1.2357, -0.8906], [-0.85842, 1.29755, 1.39836, 1.50335, -1.75894, -1.36681, -0.58962], [-0.90531, 1.44771, 1.49725, 1.21344, -1.60515, -1.49792, -0.28864]]
end: [-0.93032000000000004, 1.5278, 1.55, 1.0588, -1.5231300000000001, -1.56785, -0.12811]
obtacles: [[[0.6, 0.5, -1.0], [0.9, 0.6, 1.0]], [[0.6, -0.6, -1.0], [0.9, -0.5, 1.0]], [[0.6, -0.6, 0.9], [0.9, 0.6, 1.0]], [[0.6, -0.6, -1.0], [0.9, 0.6, -0.9]], [[0.6, -0.6, 0.5], [0.9, 0.6, 0.6]], [[0.6, -0.6, -0.5], [0.9, 0.6, -0.4]], [[0.6, 0.1, 0.6], [0.9, 0.2, 1.0]], [[0.6, 0.2, -0.5], [0.9, 0.3, 0.6]], [[0.6, -0.1, -1.0], [0.9, 0.0, -0.4]]]
start: [-0.62919000000000003, 1.4317599999999999, 1.75, 1.5127900000000001, -1.44007, -1.38547, -0.90827999999999998]
tajectories: [[-0.62919, 1.43176, 1.75, 1.51279, -1.44007, -1.38547, -0.90828]]
end: [-0.33426, 1.45086, 1.75, 1.3738699999999999, -1.4863299999999999, -1.3725400000000001, -1.05881]
obtacles: [[[0.6, 0.5, -1.0], [0.9, 0.6, 1.0]], [[0.6, -0.6, -1.0], [0.9, -0.5, 1.0]], [[0.6, -0.6, 0.9], [0.9, 0.6, 1.0]], [[0.6, -0.6, -1.0], [0.9, 0.6, -0.9]], [[0.6, -0.6, 0.5], [0.9, 0.6, 0.6]], [[0.6, -0.6, -0.5], [0.9, 0.6, -0.4]], [[0.6, 0.1, 0.6], [0.9, 0.2, 1.0]], [[0.6, 0.2, -0.5], [0.9, 0.3, 0.6]], [[0.6, -0.1, -1.0], [0.9, 0.0, -0.4]]]
start: [-0.88983000000000001, 1.2933300000000001, 1.7, 1.9156500000000001, -1.26634, -1.54677, -1.0475699999999999]
tajectories: [[-0.88983, 1.29333, 1.7, 1.91565, -1.26634, -1.54677, -1.04757], [-0.65978, 1.54886, 1.7, 1.68259, -1.54246, -1.52391, -1.02107], [-0.42973, 1.80439, 1.7, 1.44953, -1.81857, -1.50105, -0.99458]]
end: [-0.38252000000000003, 1.85683, 1.7, 1.40171, -1.87523, -1.4963599999999999, -0.98914000000000002]
obtacles: [[[0.6, 0.5, -1.0], [0.9, 0.6, 1.0]], [[0.6, -0.6, -1.0], [0.9, -0.5, 1.0]], [[0.6, -0.6, 0.9], [0.9, 0.6, 1.0]], [[0.6, -0.6, -1.0], [0.9, 0.6, -0.9]], [[0.6, -0.6, 0.5], [0.9, 0.6, 0.6]], [[0.6, -0.6, -0.5], [0.9, 0.6, -0.4]], [[0.6, 0.1, 0.6], [0.9, 0.2, 1.0]], [[0.6, 0.2, -0.5], [0.9, 0.3, 0.6]], [[0.6, -0.1, -1.0], [0.9, 0.0, -0.4]]]
start: [-0.40206999999999998, 1.4460500000000001, 1.7, 1.8567499999999999, -1.4141300000000001, -1.4831300000000001, -1.4696499999999999]
tajectories: [[-0.40207, 1.44605, 1.7, 1.85675, -1.41413, -1.48313, -1.46965], [-0.67636, 1.5657, 1.7, 1.77527, -1.54095, -1.45148, -1.09989]]
end: [-0.83238999999999996, 1.63375, 1.7, 1.7289300000000001, -1.6130899999999999, -1.43347, -0.88954999999999995]
obtacles: [[[0.6, 0.5, -1.0], [0.9, 0.6, 1.0]], [[0.6, -0.6, -1.0], [0.9, -0.5, 1.0]], [[0.6, -0.6, 0.9], [0.9, 0.6, 1.0]], [[0.6, -0.6, -1.0], [0.9, 0.6, -0.9]], [[0.6, -0.6, 0.5], [0.9, 0.6, 0.6]], [[0.6, -0.6, -0.5], [0.9, 0.6, -0.4]], [[0.6, 0.1, 0.6], [0.9, 0.2, 1.0]], [[0.6, 0.2, -0.5], [0.9, 0.3, 0.6]], [[0.6, -0.1, -1.0], [0.9, 0.0, -0.4]]]
start: [-0.55564999999999998, 1.8625100000000001, 1.7, 1.9409099999999999, -1.8019000000000001, -1.3499300000000001, -1.3405100000000001]
tajectories: [[-0.55565, 1.86251, 1.7, 1.94091, -1.8019, -1.34993, -1.34051], [-0.64356, 1.62771, 1.7, 1.69851, -1.60473, -1.39254, -1.04438]]
end: [-0.72150999999999998, 1.4195, 1.7, 1.48356, -1.4298999999999999, -1.43031, -0.78178999999999998]
obtacles: [[[0.6, 0.5, -1.0], [0.9, 0.6, 1.0]], [[0.6, -0.6, -1.0], [0.9, -0.5, 1.0]], [[0.6, -0.6, 0.9], [0.9, 0.6, 1.0]], [[0.6, -0.6, -1.0], [0.9, 0.6, -0.9]], [[0.6, -0.6, 0.5], [0.9, 0.6, 0.6]], [[0.6, -0.6, -0.5], [0.9, 0.6, -0.4]], [[0.6, 0.1, 0.6], [0.9, 0.2, 1.0]], [[0.6, 0.2, -0.5], [0.9, 0.3, 0.6]], [[0.6, -0.1, -1.0], [0.9, 0.0, -0.4]]]
start: [-0.47083000000000003, 1.37459, 1.45, 0.99575999999999998, -1.3408899999999999, -1.56395, -0.51382000000000005]
tajectories: [[-0.47083, 1.37459, 1.45, 0.99576, -1.34089, -1.56395, -0.51382], [-0.74383, 1.48469, 1.53762, 1.35629, -1.46996, -1.5511, -0.60798]]
end: [-0.93816999999999995, 1.5630599999999999, 1.6000000000000001, 1.61294, -1.5618300000000001, -1.5419499999999999, -0.67501]
obtacles: [[[0.6, 0.5, -1.0], [0.9, 0.6, 1.0]], [[0.6, -0.6, -1.0], [0.9, -0.5, 1.0]], [[0.6, -0.6, 0.9], [0.9, 0.6, 1.0]], [[0.6, -0.6, -1.0], [0.9, 0.6, -0.9]], [[0.6, -0.6, 0.5], [0.9, 0.6, 0.6]], [[0.6, -0.6, -0.5], [0.9, 0.6, -0.4]], [[0.6, 0.1, 0.6], [0.9, 0.2, 1.0]], [[0.6, 0.2, -0.5], [0.9, 0.3, 0.6]], [[0.6, -0.1, -1.0], [0.9, 0.0, -0.4]]]
start: [-0.32844000000000001, 1.2728900000000001, 1.55, 1.3706, -1.2746599999999999, -1.5319, -1.04484]
tajectories: [[-0.32844, 1.27289, 1.55, 1.3706, -1.27466, -1.5319, -1.04484], [-0.46455, 1.3135, 1.41, 1.38421, -1.06341, -1.12595, -1.01989], [-0.60065, 1.35411, 1.26999, 1.39783, -0.85216, -0.72001, -0.99493], [-0.73676, 1.39472, 1.12999, 1.41144, -0.64091, -0.31407, -0.96997], [-0.87287, 1.43533, 0.98999, 1.42505, -0.42966, 0.09188, -0.94502], [-1.00897, 1.47594, 0.84999, 1.43867, -0.21841, 0.49782, -0.92006], [-1.14508, 1.51655, 0.70998, 1.45228, -0.00716, 0.90376, -0.8951], [-1.27083, 1.55407, 0.58063, 1.46486, 0.18801, 1.27882, -0.87204], [-1.35024, 1.15795, 0.58462, 1.40827, -0.00474, 1.17082, -1.05846], [-1.42964, 0.76183, 0.5886, 1.35168, -0.19749, 1.06283, -1.24488], [-1.50905, 0.36572, 0.59258, 1.29509, -0.39024, 0.95483, -1.4313], [-1.58846, -0.0304, 0.59657, 1.2385, -0.58299, 0.84684, -1.61771], [-1.66786, -0.42652, 0.60055, 1.18191, -0.77574, 0.73884, -1.80413], [-1.69998, -0.58674, 0.60216, 1.15902, -0.8537, 0.69516, -1.87953], [-1.58137, -0.61966, 0.7839, 1.34512, -0.48069, 0.75974, -1.72502], [-1.46275, -0.65259, 0.96564, 1.53122, -0.10768, 0.82431, -1.5705], [-1.34414, -0.68552, 1.14737, 1.71732, 0.26534, 0.88889, -1.41598], [-1.22553, -0.71844, 1.32911, 1.90342, 0.63835, 0.95346, -1.26146], [-1.10691, -0.75137, 1.51085, 2.08952, 1.01137, 1.01804, -1.10695], [-1.07031, -0.76153, 1.56693, 2.14695, 1.12647, 1.03797, -1.05926], [-1.20541, -0.8696, 1.56455, 2.05257, 0.74195, 1.10942, -1.30049], [-1.34051, -0.97767, 1.56217, 1.9582, 0.35742, 1.18087, -1.54171], [-1.47561, -1.08575, 1.55979, 1.86382, -0.02711, 1.25232, -1.78293], [-1.61071, -1.19382, 1.55741, 1.76944, -0.41163, 1.32377, -2.02415], [-1.74581, -1.3019, 1.55503, 1.67506, -0.79616, 1.39522, -2.26538], [-1.88092, -1.40997, 1.55265, 1.58068, -1.18069, 1.46667, -2.5066], [-2.01602, -1.51804, 1.55027, 1.4863, -1.56522, 1.53812, -2.74782]]
end: [-2.0314199999999998, -1.53037, 1.55, 1.4755400000000001, -1.60907, 1.54627, -2.7753399999999999]
obtacles: [[[0.6, 0.5, -1.0], [0.9, 0.6, 1.0]], [[0.6, -0.6, -1.0], [0.9, -0.5, 1.0]], [[0.6, -0.6, 0.9], [0.9, 0.6, 1.0]], [[0.6, -0.6, -1.0], [0.9, 0.6, -0.9]], [[0.6, -0.6, 0.5], [0.9, 0.6, 0.6]], [[0.6, -0.6, -0.5], [0.9, 0.6, -0.4]], [[0.6, 0.1, 0.6], [0.9, 0.2, 1.0]], [[0.6, 0.2, -0.5], [0.9, 0.3, 0.6]], [[0.6, -0.1, -1.0], [0.9, 0.0, -0.4]]]
start: [-0.42443999999999998, 1.9079600000000001, 2.0499999999999998, 0.65073999999999999, -2.1490800000000001, -1.5704199999999999, -0.14307]
tajectories: [[-0.42444, 1.90796, 2.05, 0.65074, -2.14908, -1.57042, -0.14307], [-0.46857, 1.88507, 1.8798, 0.72113, -1.77528, -1.47562, 0.11166], [-0.51269, 1.86217, 1.70961, 0.79153, -1.40148, -1.38081, 0.3664], [-0.55681, 1.83928, 1.53941, 0.86193, -1.02768, -1.28601, 0.62114], [-0.60093, 1.81638, 1.36922, 0.93232, -0.65388, -1.1912, 0.87588], [-0.64505, 1.79348, 1.19902, 1.00272, -0.28007, -1.0964, 1.13061], [-0.68866, 1.77085, 1.0308, 1.0723, 0.08939, -1.00269, 1.38239], [-0.67617, 1.55021, 0.92746, 1.30431, -0.17781, -1.04843, 1.63372], [-0.66367, 1.32957, 0.82412, 1.53632, -0.44501, -1.09417, 1.88504], [-0.65118, 1.10893, 0.72078, 1.76834, -0.71222, -1.1399, 2.13636], [-0.63869, 0.88829, 0.61744, 2.00035, -0.97942, -1.18564, 2.38769], [-0.6262, 0.66764, 0.5141, 2.23236, -1.24662, -1.23138, 2.63901], [-0.61371, 0.447, 0.41076, 2.46437, -1.51382, -1.27712, 2.89033], [-0.61266, 0.4284, 0.40205, 2.48394, -1.53636, -1.28097, 2.91153], [-0.46842, 0.08477, 0.37555, 2.20704, -1.63204, -1.22408, 2.76541], [-0.32418, -0.25886, 0.34905, 1.93015, -1.72773, -1.16718, 2.6193], [-0.17993, -0.60248, 0.32255, 1.65325, -1.82342, -1.11028, 2.47318], [-0.03569, -0.94611, 0.29605, 1.37636, -1.91911, -1.05339, 2.32707], [0.10855, -1.28973, 0.26955, 1.09946, -2.0148, -0.99649, 2.18096], [0.25279, -1.63336, 0.24305, 0.82257, -2.11049, -0.93959, 2.03484], [0.27582, -1.68823, 0.23882, 0.77835, -2.12577, -0.93051, 2.01151], [0.11719, -1.52415, 0.37842, 0.50017, -2.04302, -0.82813, 1.72218], [-0.04144, -1.36008, 0.51801, 0.22199, -1.96027, -0.72575, 1.43284], [-0.20007, -1.196, 0.65761, -0.0562, -1.87752, -0.62337, 1.14351], [-0.3587, -1.03192, 0.7972, -0.33438, -1.79477, -0.521, 0.85418], [-0.51732, -0.86784, 0.93679, -0.61257, -1.71203, -0.41862, 0.56484], [-0.56406, -0.8195, 0.97793, -0.69453, -1.68764, -0.38845, 0.47959], [-0.64236, -0.50784, 1.03594, -0.68422, -1.77386, -0.21903, 0.15229], [-0.72066, -0.19618, 1.09396, -0.6739, -1.86008, -0.0496, -0.17501], [-0.79895, 0.11548, 1.15198, -0.66359, -1.9463, 0.11982, -0.50232], [-0.87725, 0.42713, 1.21, -0.65327, -2.03252, 0.28925, -0.82962], [-0.91886, 0.59279, 1.24084, -0.64779, -2.07835, 0.37931, -1.0036], [-0.70057, 0.60856, 1.41785, -0.62012, -2.15666, 0.09243, -0.71799], [-0.48227, 0.62432, 1.59486, -0.59246, -2.23498, -0.19444, -0.43239], [-0.26397, 0.64008, 1.77187, -0.5648, -2.3133, -0.48131, -0.14678], [-0.04568, 0.65584, 1.94888, -0.53713, -2.39162, -0.76818, 0.13882]]
end: [0.14069000000000001, 0.66929000000000005, 2.1000000000000001, -0.51351000000000002, -2.4584800000000002, -1.01309, 0.38264999999999999]
obtacles: [[[0.6, 0.5, -1.0], [0.9, 0.6, 1.0]], [[0.6, -0.6, -1.0], [0.9, -0.5, 1.0]], [[0.6, -0.6, 0.9], [0.9, 0.6, 1.0]], [[0.6, -0.6, -1.0], [0.9, 0.6, -0.9]], [[0.6, -0.6, 0.5], [0.9, 0.6, 0.6]], [[0.6, -0.6, -0.5], [0.9, 0.6, -0.4]], [[0.6, 0.1, 0.6], [0.9, 0.2, 1.0]], [[0.6, 0.2, -0.5], [0.9, 0.3, 0.6]], [[0.6, -0.1, -1.0], [0.9, 0.0, -0.4]]]
start: [-2.0326900000000001, -1.8980399999999999, 1.1499999999999999, 1.5592600000000001, -4.3518400000000002, -1.17767, 0.30731999999999998]
tajectories: [[-2.03269, -1.89804, 1.15, 1.55926, -4.35184, -1.17767, 0.30732], [-1.95875, -1.70753, 0.91372, 1.61768, -3.98911, -1.17659, 0.17532], [-1.88481, -1.51702, 0.67744, 1.6761, -3.62638, -1.17551, 0.04332], [-1.81087, -1.32652, 0.44116, 1.73451, -3.26364, -1.17443, -0.08868], [-1.73693, -1.13601, 0.20489, 1.79293, -2.90091, -1.17335, -0.22068], [-1.663, -0.9455, -0.03139, 1.85135, -2.53818, -1.17227, -0.35268], [-1.58906, -0.75499, -0.26767, 1.90977, -2.17545, -1.17119, -0.48468], [-1.53226, -0.60865, -0.44916, 1.95464, -1.89682, -1.17036, -0.58607], [-1.69349, -0.60061, -0.35936, 2.07395, -2.09706, -0.80936, -0.40936], [-1.85472, -0.59257, -0.26956, 2.19326, -2.29731, -0.44837, -0.23266], [-2.01595, -0.58453, -0.17976, 2.31257, -2.49755, -0.08737, -0.05595], [-2.17718, -0.57649, -0.08996, 2.43188, -2.69779, 0.27363, 0.12075], [-2.26313, -0.5722, -0.04209, 2.49548, -2.80453, 0.46607, 0.21495], [-2.29772, -0.45834, 0.19614, 2.4391, -3.07695, 0.69651, -0.00548], [-2.33232, -0.34448, 0.43437, 2.38271, -3.34937, 0.92696, -0.22592], [-2.36691, -0.23062, 0.6726, 2.32633, -3.62179, 1.15741, -0.44635], [-2.40151, -0.11676, 0.91082, 2.26994, -3.89421, 1.38785, -0.66678], [-2.40455, -0.10673, 0.93181, 2.26497, -3.91821, 1.40816, -0.6862], [-2.21997, 0.25542, 1.14186, 2.27917, -3.94304, 1.29109, -0.84786], [-2.03539, 0.61757, 1.35191, 2.29336, -3.96786, 1.17402, -1.00952], [-1.85081, 0.97972, 1.56195, 2.30756, -3.99269, 1.05696, -1.17118], [-1.66623, 1.34188, 1.772, 2.32175, -4.01752, 0.93989, -1.33284], [-1.48165, 1.70403, 1.98205, 2.33595, -4.04234, 0.82282, -1.49451], [-1.43144, 1.80253, 2.03918, 2.33981, -4.0491, 0.79098, -1.53848], [-1.38434, 1.80715, 1.98494, 2.2121, -3.74183, 0.46697, -1.36786], [-1.33723, 1.81177, 1.93069, 2.08438, -3.43456, 0.14296, -1.19724], [-1.29013, 1.81639, 1.87645, 1.95666, -3.12729, -0.18104, -1.02662], [-1.24302, 1.82101, 1.82221, 1.82895, -2.82002, -0.50505, -0.856], [-1.19592, 1.82563, 1.76796, 1.70123, -2.51276, -0.82906, -0.68538], [-1.14881, 1.83024, 1.71372, 1.57352, -2.20549, -1.15307, -0.51476], [-1.10171, 1.83486, 1.65948, 1.4458, -1.89822, -1.47708, -0.34414]]
end: [-1.09348, 1.8356699999999999, 1.6499999999999999, 1.4234899999999999, -1.8445499999999999, -1.5336799999999999, -0.31434000000000001]
