obtacles: [[[0.6, 0.5, -1.0], [0.9, 0.6, 1.0]], [[0.6, -0.6, -1.0], [0.9, -0.5, 1.0]], [[0.6, -0.6, 0.9], [0.9, 0.6, 1.0]], [[0.6, -0.6, -1.0], [0.9, 0.6, -0.9]], [[0.6, -0.6, 0.4], [0.9, 0.6, 0.5]], [[0.6, -0.6, -0.4], [0.9, 0.6, -0.3]], [[0.6, 0.1, 0.5], [0.9, 0.2, 1.0]], [[0.6, 0.0, -0.4], [0.9, 0.1, 0.5]], [[0.6, 0.0, -1.0], [0.9, 0.1, -0.3]]]
start: [0.89078000000000002, 1.9342999999999999, -1.75, 1.1626399999999999, -4.3090400000000004, -1.55901, 0.23643]
tajectories: [[0.89078, 1.9343, -1.75, 1.16264, -4.30904, -1.55901, 0.23643], [1.05672, 1.90162, -1.68391, 1.46431, -4.22012, -1.22091, 0.17471], [1.22265, 1.86894, -1.61782, 1.76598, -4.13121, -0.88281, 0.113], [1.38859, 1.83626, -1.55173, 2.06764, -4.04229, -0.54471, 0.05128], [1.55452, 1.80359, -1.48564, 2.36931, -3.95337, -0.20661, -0.01044], [1.72046, 1.77091, -1.41955, 2.67098, -3.86446, 0.13149, -0.07215], [1.73717, 1.76761, -1.41289, 2.70135, -3.8555, 0.16554, -0.07837], [1.36785, 1.56059, -1.47629, 2.69574, -3.9709, 0.36917, -0.18752], [0.99854, 1.35356, -1.53968, 2.69012, -4.08631, 0.5728, -0.29666], [0.62923, 1.14653, -1.60307, 2.68451, -4.20171, 0.77643, -0.40581], [0.25991, 0.9395, -1.66646, 2.6789, -4.31711, 0.98006, -0.51496], [0.07342, 0.83496, -1.69847, 2.67606, -4.37539, 1.08289, -0.57008], [0.02715, 0.66525, -1.84823, 2.47603, -4.18123, 0.95247, -0.88932], [-0.01911, 0.49555, -1.99799, 2.276, -3.98706, 0.82205, -1.20855], [-0.06537, 0.32584, -2.14775, 2.07596, -3.7929, 0.69163, -1.52779], [-0.11163, 0.15614, -2.2975, 1.87593, -3.59874, 0.56121, -1.84703], [-0.1579, -0.01357, -2.44726, 1.6759, -3.40458, 0.43079, -2.16626], [-0.16436, -0.03728, -2.46819, 1.64795, -3.37745, 0.41256, -2.21087], [-0.06697, 0.19409, -2.27995, 1.52602, -3.07516, 0.61553, -2.1468], [0.03041, 0.42546, -2.09172, 1.40409, -2.77286, 0.8185, -2.08274], [0.1278, 0.65684, -1.90348, 1.28215, -2.47056, 1.02147, -2.01868]]
end: [0.2072, 0.84548999999999996, -1.75, 1.1827300000000001, -2.2240799999999998, 1.18696, -1.96644]
obtacles: [[[0.6, 0.5, -1.0], [0.9, 0.6, 1.0]], [[0.6, -0.6, -1.0], [0.9, -0.5, 1.0]], [[0.6, -0.6, 0.9], [0.9, 0.6, 1.0]], [[0.6, -0.6, -1.0], [0.9, 0.6, -0.9]], [[0.6, -0.6, 0.4], [0.9, 0.6, 0.5]], [[0.6, -0.6, -0.4], [0.9, 0.6, -0.3]], [[0.6, 0.1, 0.5], [0.9, 0.2, 1.0]], [[0.6, 0.0, -0.4], [0.9, 0.1, 0.5]], [[0.6, 0.0, -1.0], [0.9, 0.1, -0.3]]]
start: [2.1080000000000001, -1.9498200000000001, -1.55, 1.6363300000000001, -1.94798, -1.5272699999999999, -0.59043999999999996]
tajectories: [[2.108, -1.94982, -1.55, 1.63633, -1.94798, -1.52727, -0.59044], [2.00266, -1.84035, -1.47951, 1.85724, -1.64124, -1.37367, -0.82596], [1.89733, -1.73088, -1.40903, 2.07815, -1.3345, -1.22007, -1.06149], [1.79199, -1.62141, -1.33854, 2.29905, -1.02776, -1.06646, -1.29701], [1.68666, -1.51194, -1.26805, 2.51996, -0.72102, -0.91286, -1.53253], [1.61221, -1.43457, -1.21824, 2.67609, -0.50422, -0.8043, -1.69899], [1.24611, -1.13482, -1.13561, 2.70457, -0.50728, -0.73726, -1.81724], [0.88002, -0.83508, -1.05299, 2.73305, -0.51034, -0.67022, -1.93549], [0.51392, -0.53533, -0.97036, 2.76153, -0.5134, -0.60318, -2.05374], [0.26235, -0.32935, -0.91359, 2.7811, -0.51551, -0.55711, -2.135], [0.22294, -0.17829, -1.15415, 2.45956, -0.67773, -0.43762, -2.28919], [0.18353, -0.02723, -1.39471, 2.13802, -0.83996, -0.31813, -2.44339], [0.16271, 0.05258, -1.5218, 1.96814, -0.92567, -0.255, -2.52486], [0.20939, 0.21051, -1.52791, 1.71802, -1.20408, 0.03264, -2.52976], [0.25606, 0.36845, -1.53401, 1.4679, -1.48249, 0.32029, -2.53467], [0.30274, 0.52639, -1.54012, 1.21777, -1.76091, 0.60794, -2.53958], [0.34942, 0.68432, -1.54622, 0.96765, -2.03932, 0.89558, -2.54448]]
end: [0.37829000000000002, 0.78202000000000005, -1.55, 0.81293000000000004, -2.2115300000000002, 1.07351, -2.54752]
obtacles: [[[0.6, 0.5, -1.0], [0.9, 0.6, 1.0]], [[0.6, -0.6, -1.0], [0.9, -0.5, 1.0]], [[0.6, -0.6, 0.9], [0.9, 0.6, 1.0]], [[0.6, -0.6, -1.0], [0.9, 0.6, -0.9]], [[0.6, -0.6, 0.4], [0.9, 0.6, 0.5]], [[0.6, -0.6, -0.4], [0.9, 0.6, -0.3]], [[0.6, 0.1, 0.5], [0.9, 0.2, 1.0]], [[0.6, 0.0, -0.4], [0.9, 0.1, 0.5]], [[0.6, 0.0, -1.0], [0.9, 0.1, -0.3]]]
start: [2.14161, -1.83927, -1.45, 1.24563, -1.8635299999999999, -1.5454399999999999, -0.22558]
tajectories: [[2.14161, -1.83927, -1.45, 1.24563, -1.86353, -1.54544, -0.22558], [2.00448, -1.62107, -1.5571, 1.45759, -1.77952, -1.21259, -0.32227], [1.86736, -1.40287, -1.6642, 1.66954, -1.69552, -0.87975, -0.41896], [1.73023, -1.18467, -1.7713, 1.8815, -1.61152, -0.54691, -0.51565], [1.5931, -0.96647, -1.8784, 2.09345, -1.52751, -0.21407, -0.61234], [1.45597, -0.74827, -1.9855, 2.3054, -1.44351, 0.11878, -0.70903], [1.423, -0.6958, -2.01126, 2.35637, -1.42331, 0.19881, -0.73228], [1.47504, -0.4697, -1.91121, 2.13419, -1.44583, 0.4196, -1.02816], [1.52708, -0.2436, -1.81117, 1.91201, -1.46835, 0.64039, -1.32403], [1.57913, -0.0175, -1.71112, 1.68983, -1.49087, 0.86118, -1.61991], [1.63117, 0.2086, -1.61108, 1.46765, -1.51339, 1.08196, -1.91578], [1.68322, 0.4347, -1.51103, 1.24547, -1.53591, 1.30275, -2.21166], [1.68749, 0.45325, -1.50282, 1.22724, -1.53776, 1.32087, -2.23594], [1.43628, 0.57868, -1.48274, 1.2107, -1.84566, 1.34368, -2.51009], [1.18507, 0.70411, -1.46265, 1.19416, -2.15356, 1.3665, -2.78425]]
end: [1.0267900000000001, 0.78312999999999999, -1.45, 1.1837500000000001, -2.3475600000000001, 1.3808800000000001, -2.9569800000000002]
obtacles: [[[0.6, 0.5, -1.0], [0.9, 0.6, 1.0]], [[0.6, -0.6, -1.0], [0.9, -0.5, 1.0]], [[0.6, -0.6, 0.9], [0.9, 0.6, 1.0]], [[0.6, -0.6, -1.0], [0.9, 0.6, -0.9]], [[0.6, -0.6, 0.4], [0.9, 0.6, 0.5]], [[0.6, -0.6, -0.4], [0.9, 0.6, -0.3]], [[0.6, 0.1, 0.5], [0.9, 0.2, 1.0]], [[0.6, 0.0, -0.4], [0.9, 0.1, 0.5]], [[0.6, 0.0, -1.0], [0.9, 0.1, -0.3]]]
start: [2.34457, -1.8073399999999999, -1.6000000000000001, 2.0644200000000001, -1.7932600000000001, -1.48465, -1.2612399999999999]
tajectories: [[2.34457, -1.80734, -1.6, 2.06442, -1.79326, -1.48465, -1.26124]]
end: [2.4365700000000001, -1.64869, -1.55, 1.77616, -1.64286, -1.5346200000000001, -1.0690299999999999]
obtacles: [[[0.6, 0.5, -1.0], [0.9, 0.6, 1.0]], [[0.6, -0.6, -1.0], [0.9, -0.5, 1.0]], [[0.6, -0.6, 0.9], [0.9, 0.6, 1.0]], [[0.6, -0.6, -1.0], [0.9, 0.6, -0.9]], [[0.6, -0.6, 0.4], [0.9, 0.6, 0.5]], [[0.6, -0.6, -0.4], [0.9, 0.6, -0.3]], [[0.6, 0.1, 0.5], [0.9, 0.2, 1.0]], [[0.6, 0.0, -0.4], [0.9, 0.1, 0.5]], [[0.6, 0.0, -1.0], [0.9, 0.1, -0.3]]]
start: [0.45457999999999998, 1.6579299999999999, -1.7, 0.69101000000000001, -1.4157900000000001, 1.5560499999999999, -2.91194]
tajectories: [[0.45458, 1.65793, -1.7, 0.69101, -1.41579, 1.55605, -2.91194], [0.68839, 1.6977, -1.68429, 0.95679, -1.12673, 1.37534, -2.83037], [0.92219, 1.73747, -1.66858, 1.22258, -0.83768, 1.19463, -2.74879], [1.156, 1.77724, -1.65287, 1.48836, -0.54862, 1.01391, -2.66721], [1.38981, 1.81701, -1.63716, 1.75414, -0.25957, 0.8332, -2.58563], [1.62362, 1.85679, -1.62145, 2.01992, 0.02949, 0.65249, -2.50405], [1.71933, 1.87307, -1.61502, 2.12872, 0.14781, 0.57851, -2.47066], [1.45977, 1.64937, -1.74722, 2.20645, 0.02994, 0.6488, -2.17026], [1.20022, 1.42568, -1.87942, 2.28417, -0.08794, 0.71909, -1.86987], [0.94066, 1.20198, -2.01162, 2.3619, -0.20581, 0.78938, -1.56947], [0.6811, 0.97829, -2.14382, 2.43962, -0.32368, 0.85967, -1.26907], [0.64177, 0.94439, -2.16385, 2.4514, -0.34154, 0.87032, -1.22356], [0.55832, 0.96882, -2.20698, 2.32092, -0.64141, 0.58951, -1.45762], [0.47486, 0.99325, -2.25011, 2.19045, -0.94127, 0.30871, -1.69167], [0.3914, 1.01768, -2.29324, 2.05997, -1.24114, 0.02791, -1.92573], [0.30795, 1.04211, -2.33637, 1.9295, -1.54101, -0.2529, -2.15979], [0.26836, 1.0537, -2.35682, 1.86761, -1.68323, -0.38608, -2.27081], [0.16842, 0.99134, -2.19291, 1.54738, -1.75605, -0.06782, -2.26008], [0.06847, 0.92899, -2.029, 1.22715, -1.82888, 0.25044, -2.24935], [-0.03147, 0.86663, -1.86509, 0.90692, -1.9017, 0.5687, -2.23862], [-0.13142, 0.80428, -1.70119, 0.58669, -1.97452, 0.88696, -2.2279]]
end: [-0.13214000000000001, 0.80381999999999998, -1.7, 0.58436999999999995, -1.97505, 0.88927, -2.2278199999999999]
obtacles: [[[0.6, 0.5, -1.0], [0.9, 0.6, 1.0]], [[0.6, -0.6, -1.0], [0.9, -0.5, 1.0]], [[0.6, -0.6, 0.9], [0.9, 0.6, 1.0]], [[0.6, -0.6, -1.0], [0.9, 0.6, -0.9]], [[0.6, -0.6, 0.4], [0.9, 0.6, 0.5]], [[0.6, -0.6, -0.4], [0.9, 0.6, -0.3]], [[0.6, 0.1, 0.5], [0.9, 0.2, 1.0]], [[0.6, 0.0, -0.4], [0.9, 0.1, 0.5]], [[0.6, 0.0, -1.0], [0.9, 0.1, -0.3]]]
start: [1.06508, 1.5972299999999999, -1.6000000000000001, 1.8798900000000001, -1.5544800000000001, 1.53494, -2.3274599999999999]
tajectories: [[1.06508, 1.59723, -1.6, 1.87989, -1.55448, 1.53494, -2.32746], [1.06618, 1.45724, -1.35777, 2.02966, -1.76777, 1.35999, -2.05691], [1.06728, 1.31726, -1.11555, 2.17943, -1.98106, 1.18504, -1.78636], [1.06838, 1.17727, -0.87332, 2.3292, -2.19434, 1.01009, -1.51581], [1.06949, 1.03728, -0.6311, 2.47898, -2.40763, 0.83515, -1.24526], [1.07007, 0.96331, -0.50311, 2.55812, -2.52033, 0.7427, -1.1023], [1.19184, 0.65914, -0.54474, 2.46488, -2.5872, 0.54128, -0.80703], [1.31361, 0.35497, -0.58637, 2.37165, -2.65407, 0.33986, -0.51177], [1.43538, 0.05079, -0.62801, 2.27842, -2.72094, 0.13843, -0.2165], [1.55716, -0.25338, -0.66964, 2.18519, -2.78782, -0.06299, 0.07877], [1.67893, -0.55755, -0.71128, 2.09196, -2.85469, -0.26442, 0.37403], [1.8007, -0.86172, -0.75291, 1.99872, -2.92156, -0.46584, 0.6693], [1.83926, -0.95805, -0.7661, 1.9692, -2.94274, -0.52963, 0.7628], [1.91009, -0.95528, -0.93017, 1.70626, -2.58926, -0.64066, 0.65488], [1.98092, -0.95251, -1.09425, 1.44332, -2.23579, -0.75168, 0.54696], [2.05175, -0.94974, -1.25832, 1.18038, -1.88231, -0.86271, 0.43904], [2.12258, -0.94697, -1.4224, 0.91745, -1.52884, -0.97374, 0.33112], [2.19341, -0.9442, -1.58647, 0.65451, -1.17536, -1.08477, 0.2232]]
end: [2.1992500000000001, -0.94396999999999998, -1.6000000000000001, 0.63282000000000005, -1.14621, -1.09392, 0.21429999999999999]
obtacles: [[[0.6, 0.5, -1.0], [0.9, 0.6, 1.0]], [[0.6, -0.6, -1.0], [0.9, -0.5, 1.0]], [[0.6, -0.6, 0.9], [0.9, 0.6, 1.0]], [[0.6, -0.6, -1.0], [0.9, 0.6, -0.9]], [[0.6, -0.6, 0.4], [0.9, 0.6, 0.5]], [[0.6, -0.6, -0.4], [0.9, 0.6, -0.3]], [[0.6, 0.1, 0.5], [0.9, 0.2, 1.0]], [[0.6, 0.0, -0.4], [0.9, 0.1, 0.5]], [[0.6, 0.0, -1.0], [0.9, 0.1, -0.3]]]
start: [2.4689000000000001, -1.45218, -1.55, 1.46468, -4.5965800000000003, 1.53772, 2.34646]
tajectories: [[2.4689, -1.45218, -1.55, 1.46468, -4.59658, 1.53772, 2.34646], [2.40475, -1.47399, -1.57678, 1.51382, -4.35517, 1.33883, 1.96641], [2.34061, -1.4958, -1.60356, 1.56296, -4.11377, 1.13993, 1.58636], [2.27646, -1.51761, -1.63034, 1.6121, -3.87236, 0.94103, 1.2063], [2.21232, -1.53941, -1.65712, 1.66124, -3.63095, 0.74213, 0.82625], [2.14817, -1.56122, -1.68391, 1.71038, -3.38954, 0.54324, 0.4462], [2.08403, -1.58303, -1.71069, 1.75953, -3.14813, 0.34434, 0.06615], [2.01988, -1.60484, -1.73747, 1.80867, -2.90672, 0.14544, -0.3139], [2.01699, -1.60582, -1.73868, 1.81088, -2.89584, 0.13647, -0.33104], [2.11935, -1.6593, -1.68262, 1.71894, -2.64815, -0.25784, -0.42178], [2.22171, -1.71278, -1.62656, 1.62699, -2.40047, -0.65215, -0.51253], [2.32408, -1.76626, -1.57051, 1.53504, -2.15278, -1.04647, -0.60327], [2.42644, -1.81974, -1.51445, 1.44309, -1.9051, -1.44078, -0.69402]]
end: [2.4528300000000001, -1.8335300000000001, -1.5, 1.4193899999999999, -1.84124, -1.54244, -0.71740999999999999]
obtacles: [[[0.6, 0.5, -1.0], [0.9, 0.6, 1.0]], [[0.6, -0.6, -1.0], [0.9, -0.5, 1.0]], [[0.6, -0.6, 0.9], [0.9, 0.6, 1.0]], [[0.6, -0.6, -1.0], [0.9, 0.6, -0.9]], [[0.6, -0.6, 0.4], [0.9, 0.6, 0.5]], [[0.6, -0.6, -0.4], [0.9, 0.6, -0.3]], [[0.6, 0.1, 0.5], [0.9, 0.2, 1.0]], [[0.6, 0.0, -0.4], [0.9, 0.1, 0.5]], [[0.6, 0.0, -1.0], [0.9, 0.1, -0.3]]]
start: [0.65053000000000005, 1.6033999999999999, -1.75, 0.69284000000000001, -4.5532000000000004, -1.48197, 0.032289999999999999]
tajectories: [[0.65053, 1.6034, -1.75, 0.69284, -4.5532, -1.48197, 0.03229], [0.82349, 1.52583, -1.57117, 0.97018, -4.3005, -1.29079, 0.10131], [0.99645, 1.44825, -1.39234, 1.24751, -4.0478, -1.0996, 0.17034], [1.16941, 1.37067, -1.21352, 1.52485, -3.7951, -0.90841, 0.23936], [1.34237, 1.2931, -1.03469, 1.80219, -3.54241, -0.71723, 0.30838], [1.51533, 1.21552, -0.85586, 2.07952, -3.28971, -0.52604, 0.3774], [1.68829, 1.13795, -0.67703, 2.35686, -3.03701, -0.33486, 0.44642], [1.83931, 1.07021, -0.52089, 2.59902, -2.81637, -0.16792, 0.50669], [1.68937, 0.86221, -0.6985, 2.55731, -2.42955, -0.15361, 0.47298], [1.53942, 0.65421, -0.87612, 2.51559, -2.04274, -0.1393, 0.43928], [1.38948, 0.44621, -1.05373, 2.47387, -1.65593, -0.125, 0.40557], [1.23953, 0.2382, -1.23135, 2.43216, -1.26912, -0.11069, 0.37187], [1.08959, 0.0302, -1.40896, 2.39044, -0.88231, -0.09639, 0.33816], [0.9824, -0.11849, -1.53593, 2.36062, -0.60579, -0.08616, 0.31407], [1.21038, -0.15834, -1.59417, 1.95027, -0.51368, -0.07934, 0.44105], [1.43835, -0.19819, -1.65242, 1.53991, -0.42157, -0.07253, 0.56802], [1.66633, -0.23804, -1.71066, 1.12956, -0.32945, -0.06571, 0.695], [1.68753, -0.24175, -1.71607, 1.0914, -0.32089, -0.06507, 0.70681], [1.87018, -0.39999, -1.82437, 1.01632, -0.42418, -0.43171, 0.53612], [2.05284, -0.55824, -1.93267, 0.94124, -0.52748, -0.79835, 0.36544], [2.23549, -0.71648, -2.04097, 0.86616, -0.63077, -1.165, 0.19475]]
end: [2.3350399999999998, -0.80273000000000005, -2.1000000000000001, 0.82523000000000002, -0.68706999999999996, -1.3648199999999999, 0.10172]
obtacles: [[[0.6, 0.5, -1.0], [0.9, 0.6, 1.0]], [[0.6, -0.6, -1.0], [0.9, -0.5, 1.0]], [[0.6, -0.6, 0.9], [0.9, 0.6, 1.0]], [[0.6, -0.6, -1.0], [0.9, 0.6, -0.9]], [[0.6, -0.6, 0.4], [0.9, 0.6, 0.5]], [[0.6, -0.6, -0.4], [0.9, 0.6, -0.3]], [[0.6, 0.1, 0.5], [0.9, 0.2, 1.0]], [[0.6, 0.0, -0.4], [0.9, 0.1, 0.5]], [[0.6, 0.0, -1.0], [0.9, 0.1, -0.3]]]
start: [2.2249099999999999, -1.8617699999999999, -1.55, 1.6485399999999999, -1.8595200000000001, -1.52864, -0.72267000000000003]
tajectories: [[2.22491, -1.86177, -1.55, 1.64854, -1.85952, -1.52864, -0.72267], [2.05232, -1.64843, -1.62987, 1.67741, -2.19714, -1.49577, -0.49372], [1.87974, -1.43509, -1.70973, 1.70628, -2.53476, -1.46291, -0.26476], [1.70716, -1.22175, -1.7896, 1.73515, -2.87238, -1.43004, -0.03581], [1.53458, -1.00841, -1.86946, 1.76402, -3.21, -1.39717, 0.19315], [1.43504, -0.88535, -1.91553, 1.78067, -3.40474, -1.37821, 0.32521], [1.29788, -0.66094, -1.92382, 1.40492, -3.31591, -1.20337, 0.29187], [1.16073, -0.43653, -1.93212, 1.02917, -3.22707, -1.02853, 0.25852], [1.02357, -0.21211, -1.94041, 0.65342, -3.13824, -0.8537, 0.22518], [0.88642, 0.0123, -1.94871, 0.27767, -3.04941, -0.67886, 0.19183], [0.74926, 0.23671, -1.957, -0.09807, -2.96058, -0.50402, 0.15849], [0.61646, 0.45401, -1.96503, -0.4619, -2.87457, -0.33473, 0.1262], [0.86081, 0.54452, -2.05025, -0.35466, -2.5342, -0.11691, 0.13291], [1.10516, 0.63504, -2.13546, -0.24741, -2.19384, 0.1009, 0.13962], [1.34951, 0.72555, -2.22068, -0.14017, -1.85347, 0.31871, 0.14633], [1.59386, 0.81607, -2.30589, -0.03292, -1.51311, 0.53653, 0.15303], [1.83821, 0.90658, -2.39111, 0.07432, -1.17274, 0.75434, 0.15974], [1.88856, 0.92523, -2.40867, 0.09642, -1.10261, 0.79922, 0.16112], [1.73567, 0.91821, -2.27668, 0.17047, -1.24207, 0.83284, 0.58901], [1.58277, 0.91119, -2.14469, 0.24451, -1.38153, 0.86646, 1.0169], [1.42988, 0.90417, -2.01269, 0.31856, -1.521, 0.90008, 1.44479], [1.27699, 0.89715, -1.8807, 0.39261, -1.66046, 0.93369, 1.87268], [1.12409, 0.89013, -1.74871, 0.46665, -1.79992, 0.96731, 2.30057], [0.9712, 0.88311, -1.61672, 0.5407, -1.93938, 1.00093, 2.72846]]
end: [0.89390999999999998, 0.87956000000000001, -1.55, 0.57813000000000003, -2.0098799999999999, 1.01793, 2.9447700000000001]
obtacles: [[[0.6, 0.5, -1.0], [0.9, 0.6, 1.0]], [[0.6, -0.6, -1.0], [0.9, -0.5, 1.0]], [[0.6, -0.6, 0.9], [0.9, 0.6, 1.0]], [[0.6, -0.6, -1.0], [0.9, 0.6, -0.9]], [[0.6, -0.6, 0.4], [0.9, 0.6, 0.5]], [[0.6, -0.6, -0.4], [0.9, 0.6, -0.3]], [[0.6, 0.1, 0.5], [0.9, 0.2, 1.0]], [[0.6, 0.0, -0.4], [0.9, 0.1, 0.5]], [[0.6, 0.0, -1.0], [0.9, 0.1, -0.3]]]
start: [0.96647000000000005, 1.94065, -1.6000000000000001, 1.52996, -1.2000500000000001, 1.5583499999999999, -2.58589]
tajectories: [[0.96647, 1.94065, -1.6, 1.52996, -1.20005, 1.55835, -2.58589], [1.14412, 1.61628, -1.38952, 1.64434, -1.04145, 1.39167, -2.63977], [1.32178, 1.29191, -1.17905, 1.75871, -0.88284, 1.22498, -2.69365], [1.49944, 0.96754, -0.96857, 1.87309, -0.72424, 1.0583, -2.74752], [1.6771, 0.64317, -0.75809, 1.98746, -0.56564, 0.89161, -2.8014], [1.85475, 0.31881, -0.54762, 2.10183, -0.40704, 0.72493, -2.85527], [1.88341, 0.26649, -0.51367, 2.12028, -0.38146, 0.69804, -2.86396], [1.53294, 0.13346, -0.54791, 2.28897, -0.63334, 0.82609, -2.86245], [1.18247, 0.00042, -0.58216, 2.45767, -0.88523, 0.95414, -2.86094], [0.83201, -0.13261, -0.6164, 2.62636, -1.13711, 1.08219, -2.85943], [0.48154, -0.26565, -0.65064, 2.79505, -1.389, 1.21024, -2.85791], [0.13107, -0.39869, -0.68488, 2.96375, -1.64088, 1.33829, -2.8564], [-0.07215, -0.47583, -0.70473, 3.06157, -1.78694, 1.41254, -2.85552], [-0.42925, -0.21516, -0.66982, 2.91079, -1.63279, 1.38333, -2.77832], [-0.78635, 0.04551, -0.63491, 2.76001, -1.47863, 1.35412, -2.70112], [-1.14345, 0.30618, -0.6, 2.60924, -1.32447, 1.32491, -2.62392], [-1.50055, 0.56685, -0.5651, 2.45846, -1.17031, 1.29571, -2.54672], [-1.70248, 0.71425, -0.54536, 2.3732, -1.08314, 1.27919, -2.50307], [-1.59695, 0.77998, -0.83814, 2.11618, -0.80006, 1.30771, -2.54567], [-1.49143, 0.84571, -1.13092, 1.85915, -0.51699, 1.33622, -2.58826], [-1.3859, 0.91144, -1.4237, 1.60212, -0.23391, 1.36474, -2.63086], [-1.28038, 0.97717, -1.71648, 1.34509, 0.04916, 1.39326, -2.67346], [-1.23385, 1.00615, -1.84556, 1.23178, 0.17396, 1.40583, -2.69224], [-0.98428, 0.96485, -1.80166, 1.12331, -0.23107, 1.32223, -2.65654], [-0.7347, 0.92356, -1.75776, 1.01483, -0.6361, 1.23863, -2.62084], [-0.48512, 0.88227, -1.71386, 0.90635, -1.04113, 1.15504, -2.58515], [-0.23554, 0.84098, -1.66996, 0.79788, -1.44616, 1.07144, -2.54945], [0.01403, 0.79968, -1.62607, 0.6894, -1.85119, 0.98784, -2.51376]]
end: [0.16223000000000001, 0.77517000000000003, -1.6000000000000001, 0.62499000000000005, -2.0916899999999998, 0.93820000000000003, -2.4925600000000001]
obtacles: [[[0.6, 0.5, -1.0], [0.9, 0.6, 1.0]], [[0.6, -0.6, -1.0], [0.9, -0.5, 1.0]], [[0.6, -0.6, 0.9], [0.9, 0.6, 1.0]], [[0.6, -0.6, -1.0], [0.9, 0.6, -0.9]], [[0.6, -0.6, 0.4], [0.9, 0.6, 0.5]], [[0.6, -0.6, -0.4], [0.9, 0.6, -0.3]], [[0.6, 0.1, 0.5], [0.9, 0.2, 1.0]], [[0.6, 0.0, -0.4], [0.9, 0.1, 0.5]], [[0.6, 0.0, -1.0], [0.9, 0.1, -0.3]]]
start: [0.80784999999999996, 1.8666199999999999, -2.0, 1.24011, -4.2766299999999999, -1.28508, 0.30365999999999999]
tajectories: [[0.80785, 1.86662, -2.0, 1.24011, -4.27663, -1.28508, 0.30366], [1.09389, 1.71224, -1.85249, 1.55139, -4.12831, -1.33771, 0.27334], [1.37992, 1.55785, -1.70497, 1.86268, -3.97999, -1.39033, 0.24302], [1.66596, 1.40347, -1.55746, 2.17397, -3.83166, -1.44296, 0.2127], [1.952, 1.24909, -1.40994, 2.48526, -3.68334, -1.49558, 0.18239], [2.05781, 1.19198, -1.35537, 2.60041, -3.62847, -1.51505, 0.17117], [1.68132, 0.9851, -1.37542, 2.64379, -3.80771, -1.42864, 0.32474], [1.30484, 0.77823, -1.39547, 2.68718, -3.98696, -1.34222, 0.47831], [0.92836, 0.57135, -1.41552, 2.73057, -4.1662, -1.25581, 0.63188], [0.55187, 0.36448, -1.43557, 2.77395, -4.34545, -1.1694, 0.78545], [0.17539, 0.15761, -1.45562, 2.81734, -4.52469, -1.08299, 0.93902], [0.07713, 0.10361, -1.46085, 2.82866, -4.57147, -1.06043, 0.9791], [-0.15544, 0.3842, -1.46109, 2.63934, -4.4104, -1.119, 1.20705], [-0.38802, 0.66478, -1.46132, 2.45002, -4.24932, -1.17757, 1.43501], [-0.57358, 0.88863, -1.46151, 2.29898, -4.12082, -1.2243, 1.61687], [-0.48222, 0.88993, -1.58519, 1.89184, -4.2677, -1.12438, 1.44648], [-0.39087, 0.89122, -1.70888, 1.4847, -4.41459, -1.02446, 1.27609], [-0.29952, 0.89252, -1.83257, 1.07756, -4.56147, -0.92454, 1.10571], [-0.20817, 0.89382, -1.95625, 0.67041, -4.70835, -0.82462, 0.93532]]
end: [-0.17585999999999999, 0.89427999999999996, -2.0, 0.52641000000000004, -4.7603099999999996, -0.78927999999999998, 0.87504999999999999]
obtacles: [[[0.6, 0.5, -1.0], [0.9, 0.6, 1.0]], [[0.6, -0.6, -1.0], [0.9, -0.5, 1.0]], [[0.6, -0.6, 0.9], [0.9, 0.6, 1.0]], [[0.6, -0.6, -1.0], [0.9, 0.6, -0.9]], [[0.6, -0.6, 0.4], [0.9, 0.6, 0.5]], [[0.6, -0.6, -0.4], [0.9, 0.6, -0.3]], [[0.6, 0.1, 0.5], [0.9, 0.2, 1.0]], [[0.6, 0.0, -0.4], [0.9, 0.1, 0.5]], [[0.6, 0.0, -1.0], [0.9, 0.1, -0.3]]]
start: [0.94355999999999995, 1.86792, -1.55, 1.70668, -1.27362, 1.5508299999999999, -2.3783500000000002]
tajectories: [[0.94356, 1.86792, -1.55, 1.70668, -1.27362, 1.55083, -2.37835], [1.21044, 1.73829, -1.6048, 2.0153, -1.38995, 1.33592, -2.31506], [1.47732, 1.60867, -1.6596, 2.32392, -1.50627, 1.12101, -2.25177], [1.56962, 1.56383, -1.67856, 2.43067, -1.54651, 1.04668, -2.22988], [1.17959, 1.4267, -1.81855, 2.44103, -1.40953, 1.21323, -2.11645], [0.78957, 1.28957, -1.95854, 2.4514, -1.27254, 1.37979, -2.00303], [0.54372, 1.20313, -2.04678, 2.45793, -1.1862, 1.48477, -1.93153], [0.6204, 0.94661, -2.00774, 2.17405, -1.27835, 1.33929, -1.67356], [0.68516, 0.72997, -1.97476, 1.93431, -1.35618, 1.21643, -1.45569], [0.51366, 0.7491, -1.85191, 1.62833, -1.60726, 1.18838, -1.67404], [0.34216, 0.76823, -1.72905, 1.32234, -1.85833, 1.16032, -1.89238], [0.17065, 0.78736, -1.60619, 1.01636, -2.1094, 1.13226, -2.11073]]
end: [0.09221, 0.79610000000000003, -1.55, 0.87641999999999998, -2.2242299999999999, 1.1194299999999999, -2.2105899999999998]
