obtacles: [[[0.6, 0.5, -1.0], [0.9, 0.6, 1.0]], [[0.6, -0.6, -1.0], [0.9, -0.5, 1.0]], [[0.6, -0.6, 0.9], [0.9, 0.6, 1.0]], [[0.6, -0.6, -1.0], [0.9, 0.6, -0.9]], [[0.6, -0.6, 0.3], [0.9, 0.6, 0.4]], [[0.6, -0.6, -0.5], [0.9, 0.6, -0.4]], [[0.6, -0.2, 0.4], [0.9, -0.1, 1.0]], [[0.6, 0.2, -0.5], [0.9, 0.3, 0.4]], [[0.6, 0.2, -1.0], [0.9, 0.3, -0.4]]]
start: [-2.6168999999999998, -0.70896999999999999, -0.40000000000000002, -0.75185999999999997, 0.25912000000000002, 1.42544, 2.8890600000000002]
tajectories: [[-2.6169, -0.70897, -0.4, -0.75186, 0.25912, 1.42544, 2.88906], [-2.51146, -0.61122, -0.50137, -0.70363, 0.42827, 1.14204, 2.56073], [-2.40602, -0.51346, -0.60274, -0.6554, 0.59742, 0.85864, 2.2324], [-2.30058, -0.4157, -0.70411, -0.60717, 0.76656, 0.57524, 1.90408], [-2.26887, -0.3863, -0.73459, -0.59266, 0.81743, 0.49001, 1.80534], [-1.93328, -0.5588, -0.84174, -0.36925, 0.69812, 0.39512, 1.95697], [-1.59769, -0.7313, -0.94888, -0.14584, 0.57882, 0.30023, 2.1086], [-1.2621, -0.9038, -1.05603, 0.07757, 0.45951, 0.20535, 2.26024], [-0.92651, -1.0763, -1.16317, 0.30098, 0.3402, 0.11046, 2.41187], [-0.59092, -1.2488, -1.27032, 0.52439, 0.22089, 0.01557, 2.56351], [-0.25533, -1.4213, -1.37746, 0.7478, 0.10159, -0.07931, 2.71514], [-0.00367, -1.55067, -1.45781, 0.91534, 0.01212, -0.15047, 2.82885], [0.22878, -1.61057, -1.31831, 1.29331, 0.18389, -0.13631, 2.84754], [0.46122, -1.67047, -1.1788, 1.67129, 0.35566, -0.12215, 2.86622], [0.69366, -1.73037, -1.03929, 2.04926, 0.52743, -0.10799, 2.8849], [0.9261, -1.79027, -0.89978, 2.42724, 0.6992, -0.09384, 2.90358], [1.01258, -1.81255, -0.84788, 2.56785, 0.7631, -0.08857, 2.91053], [1.24875, -1.84489, -1.01553, 2.40882, 0.84759, 0.2542, 2.78746], [1.48493, -1.87724, -1.18319, 2.24979, 0.93208, 0.59697, 2.66439], [1.72111, -1.90958, -1.35084, 2.09076, 1.01656, 0.93974, 2.54132], [1.95728, -1.94192, -1.51849, 1.93173, 1.10105, 1.28251, 2.41824]]
end: [2.1425399999999999, -1.96729, -1.6499999999999999, 1.8069900000000001, 1.1673199999999999, 1.55138, 2.3217099999999999]
obtacles: [[[0.6, 0.5, -1.0], [0.9, 0.6, 1.0]], [[0.6, -0.6, -1.0], [0.9, -0.5, 1.0]], [[0.6, -0.6, 0.9], [0.9, 0.6, 1.0]], [[0.6, -0.6, -1.0], [0.9, 0.6, -0.9]], [[0.6, -0.6, 0.3], [0.9, 0.6, 0.4]], [[0.6, -0.6, -0.5], [0.9, 0.6, -0.4]], [[0.6, -0.2, 0.4], [0.9, -0.1, 1.0]], [[0.6, 0.2, -0.5], [0.9, 0.3, 0.4]], [[0.6, 0.2, -1.0], [0.9, 0.3, -0.4]]]
start: [0.78815999999999997, 0.89100999999999997, -1.3500000000000001, 0.53710999999999998, 1.0181800000000001, -1.1007100000000001, -0.19381000000000001]
tajectories: [[0.78816, 0.89101, -1.35, 0.53711, 1.01818, -1.10071, -0.19381], [1.04056, 0.76983, -1.57756, 0.73193, 1.08301, -0.91075, -0.39773], [1.29296, 0.64864, -1.80513, 0.92674, 1.14784, -0.72079, -0.60165], [1.54535, 0.52745, -2.03269, 1.12156, 1.21267, -0.53083, -0.80557], [1.79775, 0.40627, -2.26025, 1.31637, 1.2775, -0.34086, -1.00949], [1.81356, 0.39868, -2.27451, 1.32857, 1.28156, -0.32897, -1.02226], [1.68934, 0.56837, -2.26538, 1.13831, 0.94791, -0.34827, -0.78184], [1.56512, 0.73806, -2.25626, 0.94804, 0.61427, -0.36758, -0.54143], [1.4409, 0.90775, -2.24714, 0.75778, 0.28062, -0.38688, -0.30102], [1.35371, 1.02686, -2.24073, 0.62423, 0.04643, -0.40043, -0.13227], [1.34945, 0.73526, -1.98316, 0.73845, -0.08621, -0.19505, -0.29283], [1.34518, 0.44365, -1.72558, 0.85268, -0.21886, 0.01034, -0.45338], [1.34092, 0.15205, -1.468, 0.9669, -0.35151, 0.21572, -0.61394], [1.33666, -0.13956, -1.21043, 1.08112, -0.48416, 0.4211, -0.77449], [1.3324, -0.43116, -0.95285, 1.19534, -0.61681, 0.62649, -0.93505], [1.3296, -0.62321, -0.78321, 1.27056, -0.70417, 0.76175, -1.04079], [1.44653, -0.81836, -0.93399, 1.59054, -0.90946, 0.72259, -0.86918], [1.56346, -1.01351, -1.08477, 1.91051, -1.11475, 0.68342, -0.69756], [1.68039, -1.20866, -1.23555, 2.23048, -1.32004, 0.64426, -0.52595], [1.79732, -1.40381, -1.38632, 2.55045, -1.52533, 0.60509, -0.35434], [1.91425, -1.59896, -1.5371, 2.87042, -1.73061, 0.56592, -0.18273], [1.9257, -1.61808, -1.55187, 2.90177, -1.75073, 0.56209, -0.16591], [1.9813, -1.65137, -1.50943, 2.62949, -1.75553, 0.16066, -0.25917], [2.03689, -1.68466, -1.46699, 2.35721, -1.76033, -0.24077, -0.35243], [2.09249, -1.71795, -1.42455, 2.08494, -1.76513, -0.6422, -0.44568], [2.14808, -1.75124, -1.38211, 1.81266, -1.76993, -1.04363, -0.53894]]
end: [2.19014, -1.77643, -1.3500000000000001, 1.6066400000000001, -1.77356, -1.34737, -0.60950000000000004]
obtacles: [[[0.6, 0.5, -1.0], [0.9, 0.6, 1.0]], [[0.6, -0.6, -1.0], [0.9, -0.5, 1.0]], [[0.6, -0.6, 0.9], [0.9, 0.6, 1.0]], [[0.6, -0.6, -1.0], [0.9, 0.6, -0.9]], [[0.6, -0.6, 0.3], [0.9, 0.6, 0.4]], [[0.6, -0.6, -0.5], [0.9, 0.6, -0.4]], [[0.6, -0.2, 0.4], [0.9, -0.1, 1.0]], [[0.6, 0.2, -0.5], [0.9, 0.3, 0.4]], [[0.6, 0.2, -1.0], [0.9, 0.3, -0.4]]]
start: [-1.0190900000000001, 1.77176, 1.55, 1.89621, -1.7679199999999999, -1.52627, -0.87482000000000004]
tajectories: [[-1.01909, 1.77176, 1.55, 1.89621, -1.76792, -1.52627, -0.87482], [-1.0103, 1.71385, 1.39712, 2.00591, -1.47693, -1.22735, -1.06752], [-1.00151, 1.65593, 1.24425, 2.11561, -1.18595, -0.92842, -1.26023], [-0.99324, 1.60143, 1.10037, 2.21886, -0.91209, -0.64709, -1.44159], [-0.85164, 1.40906, 1.30985, 2.38508, -0.9197, -0.79093, -1.12428], [-0.71005, 1.2167, 1.51933, 2.55131, -0.92732, -0.93476, -0.80696], [-0.56981, 1.02617, 1.72681, 2.71595, -0.93486, -1.07723, -0.49267], [-0.33724, 0.78372, 1.77129, 2.36403, -0.95082, -1.13663, -0.57939], [-0.10467, 0.54126, 1.81576, 2.01212, -0.96678, -1.19604, -0.66611], [0.1279, 0.29881, 1.86024, 1.6602, -0.98273, -1.25545, -0.75283], [0.22419, 0.19844, 1.87866, 1.51451, -0.98934, -1.28004, -0.78873], [0.28417, 0.52044, 1.74921, 1.20513, -1.05893, -1.24055, -0.94315], [0.34415, 0.84244, 1.61976, 0.89575, -1.12851, -1.20107, -1.09756]]
end: [0.37647000000000003, 1.0159800000000001, 1.55, 0.72901000000000005, -1.1660200000000001, -1.1797800000000001, -1.1807799999999999]
obtacles: [[[0.6, 0.5, -1.0], [0.9, 0.6, 1.0]], [[0.6, -0.6, -1.0], [0.9, -0.5, 1.0]], [[0.6, -0.6, 0.9], [0.9, 0.6, 1.0]], [[0.6, -0.6, -1.0], [0.9, 0.6, -0.9]], [[0.6, -0.6, 0.3], [0.9, 0.6, 0.4]], [[0.6, -0.6, -0.5], [0.9, 0.6, -0.4]], [[0.6, -0.2, 0.4], [0.9, -0.1, 1.0]], [[0.6, 0.2, -0.5], [0.9, 0.3, 0.4]], [[0.6, 0.2, -1.0], [0.9, 0.3, -0.4]]]
start: [-1.0634300000000001, 1.79511, 1.6499999999999999, 1.34615, -1.8070999999999999, -1.54514, -0.27074999999999999]
tajectories: [[-1.06343, 1.79511, 1.65, 1.34615, -1.8071, -1.54514, -0.27075], [-1.03343, 1.75271, 1.64718, 1.25888, -2.11013, -1.23766, -0.50163], [-1.00343, 1.71032, 1.64436, 1.17162, -2.41316, -0.93019, -0.73252], [-0.97343, 1.66793, 1.64153, 1.08435, -2.71619, -0.62271, -0.9634], [-0.94342, 1.62553, 1.63871, 0.99708, -3.01922, -0.31523, -1.19429], [-0.92082, 1.5936, 1.63659, 0.93134, -3.24751, -0.08359, -1.36822], [-0.88771, 1.55346, 1.44249, 1.31372, -3.38694, 0.08093, -1.49823], [-0.8546, 1.51331, 1.2484, 1.69609, -3.52636, 0.24544, -1.62823], [-0.8215, 1.47317, 1.05431, 2.07847, -3.66579, 0.40996, -1.75824], [-0.78839, 1.43303, 0.86022, 2.46085, -3.80521, 0.57448, -1.88824], [-0.75528, 1.39289, 0.66613, 2.84323, -3.94464, 0.739, -2.01825], [-0.74616, 1.38183, 0.61264, 2.9486, -3.98306, 0.78433, -2.05407], [-0.90322, 1.342, 0.9469, 2.92783, -3.65373, 0.83967, -2.04605], [-1.06028, 1.30216, 1.28116, 2.90706, -3.3244, 0.895, -2.03802], [-1.21734, 1.26232, 1.61542, 2.88628, -2.99508, 0.95034, -2.02999], [-1.3744, 1.22249, 1.94968, 2.86551, -2.66575, 1.00567, -2.02196], [-1.53146, 1.18265, 2.28395, 2.84474, -2.33642, 1.061, -2.01393], [-1.67213, 1.14697, 2.58334, 2.82613, -2.04144, 1.11057, -2.00674], [-1.63475, 0.97328, 2.47732, 2.75087, -1.70061, 0.87282, -1.83691], [-1.59737, 0.79959, 2.37129, 2.6756, -1.35978, 0.63508, -1.66708], [-1.55999, 0.62591, 2.26527, 2.60034, -1.01895, 0.39734, -1.49725], [-1.52261, 0.45222, 2.15925, 2.52507, -0.67812, 0.15959, -1.32742], [-1.48523, 0.27853, 2.05322, 2.44981, -0.33729, -0.07815, -1.15759], [-1.47183, 0.2163, 2.01523, 2.42284, -0.21517, -0.16334, -1.09673], [-1.35794, 0.06559, 1.96492, 2.19341, 0.15444, -0.30762, -1.05521], [-1.24404, -0.08511, 1.9146, 1.96399, 0.52404, -0.45189, -1.01369], [-1.13015, -0.23581, 1.86429, 1.73456, 0.89365, -0.59617, -0.97217], [-1.0854, -0.29502, 1.84452, 1.64442, 1.03886, -0.65285, -0.95586], [-1.3526, -0.49061, 1.79227, 1.50213, 1.03974, -0.85388, -0.67844], [-1.6198, -0.68619, 1.74003, 1.35985, 1.04062, -1.05491, -0.40102], [-1.887, -0.88178, 1.68778, 1.21756, 1.0415, -1.25594, -0.1236]]
end: [-2.0802200000000002, -1.02322, 1.6499999999999999, 1.11466, 1.0421400000000001, -1.4013100000000001, 0.077009999999999995]
obtacles: [[[0.6, 0.5, -1.0], [0.9, 0.6, 1.0]], [[0.6, -0.6, -1.0], [0.9, -0.5, 1.0]], [[0.6, -0.6, 0.9], [0.9, 0.6, 1.0]], [[0.6, -0.6, -1.0], [0.9, 0.6, -0.9]], [[0.6, -0.6, 0.3], [0.9, 0.6, 0.4]], [[0.6, -0.6, -0.5], [0.9, 0.6, -0.4]], [[0.6, -0.2, 0.4], [0.9, -0.1, 1.0]], [[0.6, 0.2, -0.5], [0.9, 0.3, 0.4]], [[0.6, 0.2, -1.0], [0.9, 0.3, -0.4]]]
start: [-0.80386999999999997, 1.83341, 1.8, 1.13286, -1.90652, -1.48207, -0.28354000000000001]
tajectories: [[-0.80387, 1.83341, 1.8, 1.13286, -1.90652, -1.48207, -0.28354], [-0.97655, 1.81496, 1.58077, 1.48539, -1.81353, -1.32403, -0.40136], [-1.14922, 1.79652, 1.36155, 1.83792, -1.72054, -1.16599, -0.51918], [-1.3219, 1.77807, 1.14232, 2.19045, -1.62755, -1.00795, -0.637], [-1.49458, 1.75962, 0.9231, 2.54298, -1.53456, -0.84992, -0.75482], [-1.66726, 1.74118, 0.70387, 2.89551, -1.44157, -0.69188, -0.87264], [-1.66863, 1.74103, 0.70212, 2.89832, -1.44083, -0.69062, -0.87358], [-1.73526, 1.444, 0.83614, 2.66289, -1.25197, -0.76553, -0.66701], [-1.80188, 1.14698, 0.97015, 2.42746, -1.06311, -0.84044, -0.46045], [-1.86851, 0.84995, 1.10417, 2.19203, -0.87426, -0.91535, -0.25388], [-1.93513, 0.55292, 1.23818, 1.9566, -0.6854, -0.99026, -0.04731], [-1.951, 0.48217, 1.27011, 1.90052, -0.64041, -1.0081, 0.00189], [-1.87252, 0.40618, 1.36664, 1.82721, -0.40221, -1.09982, -0.39588], [-1.79403, 0.3302, 1.46317, 1.7539, -0.16401, -1.19154, -0.79365], [-1.71555, 0.25421, 1.5597, 1.6806, 0.07419, -1.28326, -1.19142], [-1.63707, 0.17822, 1.65624, 1.60729, 0.31239, -1.37498, -1.58919], [-1.55858, 0.10224, 1.75277, 1.53398, 0.55059, -1.4667, -1.98696], [-1.5304, 0.07495, 1.78743, 1.50766, 0.63612, -1.49963, -2.12979], [-1.68381, -0.13134, 1.78981, 1.36765, 0.70936, -1.46628, -1.73251], [-1.83722, -0.33762, 1.79218, 1.22763, 0.78259, -1.43293, -1.33524], [-1.99063, -0.54391, 1.79456, 1.08762, 0.85583, -1.39958, -0.93797], [-2.14404, -0.7502, 1.79694, 0.9476, 0.92906, -1.36622, -0.5407], [-2.29745, -0.95649, 1.79931, 0.80759, 1.0023, -1.33287, -0.14343]]
end: [-2.3418800000000002, -1.01624, 1.8, 0.76702999999999999, 1.0235099999999999, -1.32321, -0.02835]
obtacles: [[[0.6, 0.5, -1.0], [0.9, 0.6, 1.0]], [[0.6, -0.6, -1.0], [0.9, -0.5, 1.0]], [[0.6, -0.6, 0.9], [0.9, 0.6, 1.0]], [[0.6, -0.6, -1.0], [0.9, 0.6, -0.9]], [[0.6, -0.6, 0.3], [0.9, 0.6, 0.4]], [[0.6, -0.6, -0.5], [0.9, 0.6, -0.4]], [[0.6, -0.2, 0.4], [0.9, -0.1, 1.0]], [[0.6, 0.2, -0.5], [0.9, 0.3, 0.4]], [[0.6, 0.2, -1.0], [0.9, 0.3, -0.4]]]
start: [-0.25336999999999998, 0.83852000000000004, 1.8, 1.1581300000000001, -0.92595000000000005, -1.1341399999999999, -1.1409400000000001]
tajectories: [[-0.25337, 0.83852, 1.8, 1.15813, -0.92595, -1.13414, -1.14094], [-0.25376, 0.85603, 1.91009, 1.36898, -0.73608, -0.79473, -1.34553], [-0.25415, 0.87354, 2.02018, 1.57984, -0.54621, -0.45531, -1.55012], [-0.25454, 0.89106, 2.13026, 1.7907, -0.35634, -0.11589, -1.75471], [-0.25492, 0.90857, 2.24035, 2.00155, -0.16647, 0.22353, -1.9593], [-0.25531, 0.92608, 2.35044, 2.21241, 0.0234, 0.56295, -2.16389], [-0.2557, 0.94359, 2.46053, 2.42327, 0.21328, 0.90236, -2.36848], [-0.25591, 0.95295, 2.51939, 2.53602, 0.3148, 1.08386, -2.47788], [-0.46265, 0.97114, 2.33474, 2.46017, 0.00928, 0.97946, -2.22721], [-0.6694, 0.98933, 2.15009, 2.38431, -0.29624, 0.87507, -1.97654], [-0.87614, 1.00752, 1.96544, 2.30846, -0.60176, 0.77068, -1.72587], [-1.08289, 1.02571, 1.78079, 2.23261, -0.90728, 0.66629, -1.4752], [-1.28963, 1.0439, 1.59614, 2.15676, -1.2128, 0.56189, -1.22452], [-1.37259, 1.0512, 1.52205, 2.12632, -1.33539, 0.52001, -1.12395], [-1.26192, 1.23396, 1.53771, 2.01773, -1.46101, 0.10655, -1.04919], [-1.15125, 1.41672, 1.55337, 1.90914, -1.58663, -0.3069, -0.97444], [-1.04058, 1.59949, 1.56903, 1.80054, -1.71225, -0.72035, -0.89969], [-0.92991, 1.78225, 1.58469, 1.69195, -1.83787, -1.13381, -0.82493]]
end: [-0.82169000000000003, 1.96096, 1.6000000000000001, 1.5857600000000001, -1.9607000000000001, -1.5381, -0.75183999999999995]
obtacles: [[[0.6, 0.5, -1.0], [0.9, 0.6, 1.0]], [[0.6, -0.6, -1.0], [0.9, -0.5, 1.0]], [[0.6, -0.6, 0.9], [0.9, 0.6, 1.0]], [[0.6, -0.6, -1.0], [0.9, 0.6, -0.9]], [[0.6, -0.6, 0.3], [0.9, 0.6, 0.4]], [[0.6, -0.6, -0.5], [0.9, 0.6, -0.4]], [[0.6, -0.2, 0.4], [0.9, -0.1, 1.0]], [[0.6, 0.2, -0.5], [0.9, 0.3, 0.4]], [[0.6, 0.2, -1.0], [0.9, 0.3, -0.4]]]
start: [-0.85997000000000001, 1.93737, 1.6499999999999999, 1.4439299999999999, -1.94445, -1.54287, -0.56399999999999995]
tajectories: [[-0.85997, 1.93737, 1.65, 1.44393, -1.94445, -1.54287, -0.564], [-0.95969, 1.80527, 1.59571, 1.6359, -1.8647, -1.15258, -0.40869], [-1.05941, 1.67317, 1.54141, 1.82787, -1.78496, -0.76229, -0.25338], [-1.15914, 1.54107, 1.48712, 2.01984, -1.70521, -0.372, -0.09808], [-1.25886, 1.40898, 1.43283, 2.2118, -1.62546, 0.01829, 0.05723], [-1.35859, 1.27688, 1.37854, 2.40377, -1.54571, 0.40858, 0.21253], [-1.45831, 1.14478, 1.32424, 2.59574, -1.46596, 0.79886, 0.36784], [-1.47825, 1.11837, 1.31339, 2.63412, -1.45002, 0.87689, 0.39889], [-1.35583, 0.82391, 1.3435, 2.60289, -1.71157, 0.67754, 0.59452], [-1.23341, 0.52945, 1.37361, 2.57166, -1.97313, 0.47819, 0.79016], [-1.11099, 0.23499, 1.40372, 2.54043, -2.23469, 0.27885, 0.9858], [-0.98857, -0.05947, 1.43383, 2.5092, -2.49624, 0.0795, 1.18143], [-0.86614, -0.35393, 1.46394, 2.47797, -2.7578, -0.11985, 1.37707], [-0.84916, -0.39478, 1.46811, 2.47364, -2.79409, -0.1475, 1.40421], [-0.72802, -0.16475, 1.6256, 2.38307, -2.75312, -0.36627, 1.08819], [-0.60688, 0.06528, 1.78309, 2.29251, -2.71215, -0.58504, 0.77217], [-0.48574, 0.29531, 1.94058, 2.20194, -2.67118, -0.8038, 0.45615], [-0.3646, 0.52534, 2.09806, 2.11138, -2.63022, -1.02257, 0.14013], [-0.24345, 0.75537, 2.25555, 2.02081, -2.58925, -1.24134, -0.17589], [-0.12231, 0.98541, 2.41304, 1.93024, -2.54828, -1.4601, -0.49191], [-0.11731, 0.99491, 2.41955, 1.9265, -2.54659, -1.46915, -0.50498], [-0.02688, 0.965, 2.24774, 1.59519, -2.26421, -1.34406, -0.58413], [0.06355, 0.93509, 2.07594, 1.26389, -1.98184, -1.21897, -0.66329], [0.15398, 0.90518, 1.90414, 0.93258, -1.69946, -1.09389, -0.74244], [0.24441, 0.87527, 1.73234, 0.60127, -1.41709, -0.9688, -0.8216]]
end: [0.28774, 0.86094000000000004, 1.6499999999999999, 0.44248999999999999, -1.28176, -0.90885000000000005, -0.85953000000000002]
obtacles: [[[0.6, 0.5, -1.0], [0.9, 0.6, 1.0]], [[0.6, -0.6, -1.0], [0.9, -0.5, 1.0]], [[0.6, -0.6, 0.9], [0.9, 0.6, 1.0]], [[0.6, -0.6, -1.0], [0.9, 0.6, -0.9]], [[0.6, -0.6, 0.3], [0.9, 0.6, 0.4]], [[0.6, -0.6, -0.5], [0.9, 0.6, -0.4]], [[0.6, -0.2, 0.4], [0.9, -0.1, 1.0]], [[0.6, 0.2, -0.5], [0.9, 0.3, 0.4]], [[0.6, 0.2, -1.0], [0.9, 0.3, -0.4]]]
start: [-1.04667, 1.7990200000000001, 1.6499999999999999, 1.8138099999999999, -1.7749699999999999, -1.44119, -0.74475999999999998]
tajectories: [[-1.04667, 1.79902, 1.65, 1.81381, -1.77497, -1.44119, -0.74476], [-0.94909, 1.79995, 1.48411, 2.07461, -1.4662, -1.3797, -0.95882], [-0.8515, 1.80088, 1.31822, 2.33541, -1.15744, -1.31822, -1.17287], [-0.75392, 1.80182, 1.15232, 2.59621, -0.84867, -1.25674, -1.38693], [-0.65633, 1.80275, 0.98643, 2.85702, -0.5399, -1.19525, -1.60099], [-0.61198, 1.80317, 0.91104, 2.97555, -0.39957, -1.16731, -1.69828], [-0.71875, 1.51414, 0.74676, 2.90453, -0.23478, -0.90591, -1.5323], [-0.82551, 1.22511, 0.58249, 2.83351, -0.06999, -0.64451, -1.36633], [-0.93228, 0.93608, 0.41821, 2.76248, 0.0948, -0.38311, -1.20036], [-1.03904, 0.64705, 0.25394, 2.69146, 0.25959, -0.12171, -1.03439], [-1.14581, 0.35802, 0.08966, 2.62044, 0.42438, 0.13969, -0.86841], [-1.25257, 0.06899, -0.07461, 2.54942, 0.58918, 0.40109, -0.70244], [-1.34793, -0.18917, -0.22134, 2.48599, 0.73637, 0.63457, -0.55419], [-1.21678, -0.17473, 0.04148, 2.4616, 0.64714, 0.56001, -0.16767], [-1.08563, -0.16029, 0.30431, 2.43721, 0.55792, 0.48545, 0.21885], [-0.95448, -0.14585, 0.56713, 2.41283, 0.4687, 0.41088, 0.60537], [-0.90415, -0.14031, 0.668, 2.40347, 0.43446, 0.38226, 0.75372], [-1.12179, -0.28018, 0.82938, 2.15121, 0.53753, 0.12134, 0.63254], [-1.33944, -0.42006, 0.99075, 1.89895, 0.64061, -0.13958, 0.51136], [-1.55708, -0.55994, 1.15213, 1.6467, 0.74369, -0.4005, 0.39018], [-1.77473, -0.69981, 1.3135, 1.39444, 0.84676, -0.66143, 0.269], [-1.99237, -0.83969, 1.47487, 1.14218, 0.94984, -0.92235, 0.14783], [-2.21002, -0.97957, 1.63625, 0.88992, 1.05291, -1.18327, 0.02665]]
end: [-2.2959999999999998, -1.0348299999999999, 1.7, 0.79027000000000003, 1.0936300000000001, -1.2863500000000001, -0.021229999999999999]
obtacles: [[[0.6, 0.5, -1.0], [0.9, 0.6, 1.0]], [[0.6, -0.6, -1.0], [0.9, -0.5, 1.0]], [[0.6, -0.6, 0.9], [0.9, 0.6, 1.0]], [[0.6, -0.6, -1.0], [0.9, 0.6, -0.9]], [[0.6, -0.6, 0.3], [0.9, 0.6, 0.4]], [[0.6, -0.6, -0.5], [0.9, 0.6, -0.4]], [[0.6, -0.2, 0.4], [0.9, -0.1, 1.0]], [[0.6, 0.2, -0.5], [0.9, 0.3, 0.4]], [[0.6, 0.2, -1.0], [0.9, 0.3, -0.4]]]
start: [-0.4037, 1.9623999999999999, 1.7, 1.361, 1.1610499999999999, 1.5338000000000001, 2.2176399999999998]
tajectories: [[-0.4037, 1.9624, 1.7, 1.361, 1.16105, 1.5338, 2.21764], [-0.47486, 1.96199, 1.69915, 1.43293, 1.03827, 1.5348, 1.74363], [-0.54602, 1.96159, 1.6983, 1.50487, 0.91549, 1.53581, 1.26962], [-0.61718, 1.96118, 1.69746, 1.5768, 0.79271, 1.53682, 0.79561], [-0.68834, 1.96077, 1.69661, 1.64873, 0.66992, 1.53783, 0.3216], [-0.74881, 1.96042, 1.69589, 1.70986, 0.56559, 1.53869, -0.08119], [-0.86704, 1.85872, 1.79266, 2.03806, 0.67917, 1.39353, -0.35438], [-0.98526, 1.75702, 1.88943, 2.36626, 0.79274, 1.24838, -0.62756], [-1.10349, 1.65532, 1.98621, 2.69446, 0.90632, 1.10323, -0.90075], [-1.11404, 1.64624, 1.99485, 2.72376, 0.91646, 1.09027, -0.92514], [-1.23565, 1.43943, 1.82368, 2.41561, 0.95045, 1.10673, -1.18351], [-1.35725, 1.23261, 1.65252, 2.10745, 0.98443, 1.1232, -1.44188], [-1.47885, 1.02579, 1.48135, 1.7993, 1.01842, 1.13967, -1.70025], [-1.60046, 0.81897, 1.31019, 1.49114, 1.05241, 1.15613, -1.95862], [-1.66422, 0.71052, 1.22043, 1.32955, 1.07023, 1.16477, -2.09411], [-1.38444, 0.76094, 1.32582, 0.93369, 1.08722, 1.14446, -2.11994], [-1.10466, 0.81137, 1.4312, 0.53783, 1.10421, 1.12415, -2.14577], [-0.82488, 0.86179, 1.53659, 0.14197, 1.1212, 1.10383, -2.1716], [-0.5451, 0.91222, 1.64198, -0.25389, 1.13819, 1.08352, -2.19743]]
end: [-0.39106999999999997, 0.93998000000000004, 1.7, -0.47183000000000003, 1.14754, 1.0723400000000001, -2.2116600000000002]
obtacles: [[[0.6, 0.5, -1.0], [0.9, 0.6, 1.0]], [[0.6, -0.6, -1.0], [0.9, -0.5, 1.0]], [[0.6, -0.6, 0.9], [0.9, 0.6, 1.0]], [[0.6, -0.6, -1.0], [0.9, 0.6, -0.9]], [[0.6, -0.6, 0.3], [0.9, 0.6, 0.4]], [[0.6, -0.6, -0.5], [0.9, 0.6, -0.4]], [[0.6, -0.2, 0.4], [0.9, -0.1, 1.0]], [[0.6, 0.2, -0.5], [0.9, 0.3, 0.4]], [[0.6, 0.2, -1.0], [0.9, 0.3, -0.4]]]
start: [-2.1723499999999998, -1.02878, 1.6000000000000001, 1.1486099999999999, 1.0591600000000001, -1.3811, 0.22101000000000001]
tajectories: [[-2.17235, -1.02878, 1.6, 1.14861, 1.05916, -1.3811, 0.22101], [-2.19769, -1.09321, 1.32842, 1.30884, 0.8332, -1.07938, 0.16036], [-2.22302, -1.15765, 1.05683, 1.46907, 0.60723, -0.77765, 0.09971], [-2.24836, -1.22208, 0.78525, 1.62929, 0.38126, -0.47593, 0.03907], [-2.27369, -1.28652, 0.51366, 1.78952, 0.1553, -0.17421, -0.02158], [-2.29902, -1.35095, 0.24208, 1.94974, -0.07067, 0.12752, -0.08223], [-2.32436, -1.41539, -0.0295, 2.10997, -0.29663, 0.42924, -0.14288], [-2.34969, -1.47982, -0.30109, 2.2702, -0.5226, 0.73096, -0.20353], [-2.36419, -1.51668, -0.45646, 2.36186, -0.65187, 0.90357, -0.23822], [-2.41658, -1.57298, -0.51101, 2.19047, -0.64076, 1.01322, 0.20853], [-2.46409, -1.62404, -0.56048, 2.03503, -0.63069, 1.11267, 0.61371], [-2.06711, -1.58734, -0.64473, 2.11605, -0.63619, 1.14231, 0.89028], [-1.67013, -1.55063, -0.72898, 2.19706, -0.64169, 1.17195, 1.16684], [-1.27314, -1.51393, -0.81323, 2.27807, -0.64719, 1.2016, 1.4434], [-0.87616, -1.47723, -0.89748, 2.35908, -0.65269, 1.23124, 1.71997], [-0.47918, -1.44052, -0.98173, 2.4401, -0.65819, 1.26089, 1.99653], [-0.0822, -1.40382, -1.06598, 2.52111, -0.66369, 1.29053, 2.2731], [0.00396, -1.39585, -1.08427, 2.53869, -0.66488, 1.29696, 2.33312], [0.35297, -1.48683, -1.15827, 2.37756, -0.37288, 1.34027, 2.3696], [0.70198, -1.57782, -1.23228, 2.21642, -0.08088, 1.38358, 2.40608], [1.05099, -1.6688, -1.30629, 2.05529, 0.21112, 1.42688, 2.44256], [1.4, -1.75979, -1.3803, 1.89416, 0.50313, 1.47019, 2.47904], [1.74902, -1.85077, -1.45431, 1.73302, 0.79513, 1.5135, 2.51552], [2.09803, -1.94175, -1.52832, 1.57189, 1.08713, 1.55681, 2.552]]
end: [2.2002700000000002, -1.96841, -1.55, 1.52468, 1.1726700000000001, 1.5694900000000001, 2.5626799999999998]
obtacles: [[[0.6, 0.5, -1.0], [0.9, 0.6, 1.0]], [[0.6, -0.6, -1.0], [0.9, -0.5, 1.0]], [[0.6, -0.6, 0.9], [0.9, 0.6, 1.0]], [[0.6, -0.6, -1.0], [0.9, 0.6, -0.9]], [[0.6, -0.6, 0.3], [0.9, 0.6, 0.4]], [[0.6, -0.6, -0.5], [0.9, 0.6, -0.4]], [[0.6, -0.2, 0.4], [0.9, -0.1, 1.0]], [[0.6, 0.2, -0.5], [0.9, 0.3, 0.4]], [[0.6, 0.2, -1.0], [0.9, 0.3, -0.4]]]
start: [2.4871500000000002, -1.70902, -1.45, 1.0201, -1.75173, -1.5411900000000001, -0.35460000000000003]
tajectories: [[2.48715, -1.70902, -1.45, 1.0201, -1.75173, -1.54119, -0.3546], [2.2055, -1.70717, -1.56332, 1.32587, -1.57978, -1.35569, -0.33563], [1.92385, -1.70532, -1.67663, 1.63165, -1.40782, -1.1702, -0.31666], [1.64221, -1.70347, -1.78995, 1.93742, -1.23587, -0.98471, -0.29769], [1.36056, -1.70161, -1.90327, 2.24319, -1.06391, -0.79922, -0.27872], [1.07891, -1.69976, -2.01658, 2.54896, -0.89196, -0.61373, -0.25975], [0.91708, -1.6987, -2.08169, 2.72465, -0.79315, -0.50715, -0.24885], [0.91553, -1.40289, -1.83729, 2.58059, -0.51832, -0.49101, -0.32768], [0.91399, -1.10708, -1.59288, 2.43653, -0.24349, -0.47486, -0.40651], [0.91244, -0.81127, -1.34847, 2.29248, 0.03134, -0.45872, -0.48533], [0.91089, -0.51545, -1.10406, 2.14842, 0.30617, -0.44258, -0.56416], [0.90934, -0.21964, -0.85966, 2.00436, 0.581, -0.42643, -0.64299], [0.90851, -0.05927, -0.72715, 1.92626, 0.73001, -0.41768, -0.68572], [0.94709, 0.20034, -0.91386, 1.67276, 0.79648, -0.64662, -0.5271], [0.98568, 0.45994, -1.10056, 1.41926, 0.86296, -0.87556, -0.36848], [1.02426, 0.71955, -1.28727, 1.16575, 0.92943, -1.1045, -0.20987]]
end: [1.05789, 0.94581000000000004, -1.45, 0.94479999999999997, 0.98736999999999997, -1.3040400000000001, -0.071620000000000003]
obtacles: [[[0.6, 0.5, -1.0], [0.9, 0.6, 1.0]], [[0.6, -0.6, -1.0], [0.9, -0.5, 1.0]], [[0.6, -0.6, 0.9], [0.9, 0.6, 1.0]], [[0.6, -0.6, -1.0], [0.9, 0.6, -0.9]], [[0.6, -0.6, 0.3], [0.9, 0.6, 0.4]], [[0.6, -0.6, -0.5], [0.9, 0.6, -0.4]], [[0.6, -0.2, 0.4], [0.9, -0.1, 1.0]], [[0.6, 0.2, -0.5], [0.9, 0.3, 0.4]], [[0.6, 0.2, -1.0], [0.9, 0.3, -0.4]]]
start: [-0.65071999999999997, 1.8794599999999999, 1.55, 1.89337, -1.8705499999999999, -1.4932099999999999, -1.2341599999999999]
tajectories: [[-0.65072, 1.87946, 1.55, 1.89337, -1.87055, -1.49321, -1.23416]]
end: [-0.69020999999999999, 1.83971, 1.55, 1.9429399999999999, -1.8292299999999999, -1.4927900000000001, -1.2454000000000001]
obtacles: [[[0.6, 0.5, -1.0], [0.9, 0.6, 1.0]], [[0.6, -0.6, -1.0], [0.9, -0.5, 1.0]], [[0.6, -0.6, 0.9], [0.9, 0.6, 1.0]], [[0.6, -0.6, -1.0], [0.9, 0.6, -0.9]], [[0.6, -0.6, 0.3], [0.9, 0.6, 0.4]], [[0.6, -0.6, -0.5], [0.9, 0.6, -0.4]], [[0.6, -0.2, 0.4], [0.9, -0.1, 1.0]], [[0.6, 0.2, -0.5], [0.9, 0.3, 0.4]], [[0.6, 0.2, -1.0], [0.9, 0.3, -0.4]]]
start: [-0.99497000000000002, 1.9502999999999999, 1.55, 1.84466, -1.9423699999999999, -1.4891099999999999, -0.83831999999999995]
tajectories: [[-0.99497, 1.9503, 1.55, 1.84466, -1.94237, -1.48911, -0.83832], [-1.03794, 1.6777, 1.3902, 2.06031, -1.99834, -1.47413, -1.15208], [-1.08092, 1.4051, 1.23041, 2.27597, -2.05432, -1.45916, -1.46584], [-1.1239, 1.13251, 1.07061, 2.49162, -2.11029, -1.44418, -1.77961], [-1.16687, 0.85991, 0.91081, 2.70727, -2.16626, -1.4292, -2.09337], [-1.20234, 0.63498, 0.77896, 2.88522, -2.21245, -1.41685, -2.35227], [-1.09221, 0.53044, 0.94553, 2.70182, -1.95324, -1.43972, -2.03945], [-0.98209, 0.42591, 1.11209, 2.51841, -1.69404, -1.4626, -1.72664], [-0.87197, 0.32138, 1.27866, 2.33501, -1.43484, -1.48548, -1.41382], [-0.76184, 0.21684, 1.44523, 2.1516, -1.17563, -1.50836, -1.101], [-0.73125, 0.1878, 1.49151, 2.10065, -1.10362, -1.51471, -1.01409], [-0.47604, 0.3974, 1.50654, 1.73756, -1.12143, -1.42225, -1.01778], [-0.22083, 0.60701, 1.52156, 1.37448, -1.13924, -1.32979, -1.02147], [0.03437, 0.81661, 1.53659, 1.01139, -1.15705, -1.23733, -1.02517]]
end: [0.26214999999999999, 1.00369, 1.55, 0.68733, -1.1729499999999999, -1.1548099999999999, -1.0284599999999999]
obtacles: [[[0.6, 0.5, -1.0], [0.9, 0.6, 1.0]], [[0.6, -0.6, -1.0], [0.9, -0.5, 1.0]], [[0.6, -0.6, 0.9], [0.9, 0.6, 1.0]], [[0.6, -0.6, -1.0], [0.9, 0.6, -0.9]], [[0.6, -0.6, 0.3], [0.9, 0.6, 0.4]], [[0.6, -0.6, -0.5], [0.9, 0.6, -0.4]], [[0.6, -0.2, 0.4], [0.9, -0.1, 1.0]], [[0.6, 0.2, -0.5], [0.9, 0.3, 0.4]], [[0.6, 0.2, -1.0], [0.9, 0.3, -0.4]]]
start: [-0.25519999999999998, 0.97121999999999997, 1.6000000000000001, 1.06778, -1.0414600000000001, -1.2732699999999999, -0.90280000000000005]
tajectories: [[-0.2552, 0.97122, 1.6, 1.06778, -1.04146, -1.27327, -0.9028], [-0.06371, 0.75663, 1.64624, 1.20542, -1.37311, -1.27354, -0.71252], [0.12778, 0.54204, 1.69249, 1.34306, -1.70476, -1.27381, -0.52224], [0.31927, 0.32745, 1.73873, 1.48071, -2.03642, -1.27408, -0.33196], [0.51076, 0.11286, 1.78497, 1.61835, -2.36807, -1.27435, -0.14168], [0.70225, -0.10173, 1.83122, 1.756, -2.69972, -1.27462, 0.0486], [0.79577, -0.20654, 1.8538, 1.82322, -2.8617, -1.27475, 0.14153], [0.60235, -0.07831, 1.43813, 1.9504, -2.78187, -1.28623, 0.16764], [0.40893, 0.04992, 1.02246, 2.07758, -2.70203, -1.29771, 0.19375], [0.21551, 0.17815, 0.60679, 2.20476, -2.62219, -1.30919, 0.21986], [0.02209, 0.30638, 0.19111, 2.33194, -2.54236, -1.32067, 0.24597], [-0.12411, 0.4033, -0.12306, 2.42806, -2.48202, -1.32934, 0.2657], [-0.28618, 0.65584, 0.07316, 2.34437, -2.20243, -1.30946, 0.45512], [-0.44826, 0.90839, 0.26938, 2.26068, -1.92285, -1.28958, 0.64455], [-0.61033, 1.16094, 0.46561, 2.17699, -1.64326, -1.26969, 0.83397], [-0.77241, 1.41348, 0.66183, 2.09329, -1.36368, -1.24981, 1.02339], [-0.78159, 1.42779, 0.67295, 2.08855, -1.34784, -1.24868, 1.03412], [-0.84615, 1.55923, 0.92599, 1.89383, -1.50381, -1.32502, 0.72355], [-0.91071, 1.69067, 1.17903, 1.69911, -1.65978, -1.40136, 0.41298], [-0.97528, 1.82211, 1.43207, 1.50438, -1.81574, -1.4777, 0.10241], [-1.03984, 1.95355, 1.68511, 1.30966, -1.97171, -1.55404, -0.20816]]
end: [-1.0436399999999999, 1.96129, 1.7, 1.2982100000000001, -1.98089, -1.55853, -0.22642999999999999]
obtacles: [[[0.6, 0.5, -1.0], [0.9, 0.6, 1.0]], [[0.6, -0.6, -1.0], [0.9, -0.5, 1.0]], [[0.6, -0.6, 0.9], [0.9, 0.6, 1.0]], [[0.6, -0.6, -1.0], [0.9, 0.6, -0.9]], [[0.6, -0.6, 0.3], [0.9, 0.6, 0.4]], [[0.6, -0.6, -0.5], [0.9, 0.6, -0.4]], [[0.6, -0.2, 0.4], [0.9, -0.1, 1.0]], [[0.6, 0.2, -0.5], [0.9, 0.3, 0.4]], [[0.6, 0.2, -1.0], [0.9, 0.3, -0.4]]]
start: [-1.08064, 1.78356, 1.7, 1.8374900000000001, -1.74492, -1.39272, -0.72745000000000004]
tajectories: [[-1.08064, 1.78356, 1.7, 1.83749, -1.74492, -1.39272, -0.72745], [-1.23248, 1.75307, 1.37314, 1.78665, -2.06106, -1.36489, -0.60145], [-1.38432, 1.72259, 1.04629, 1.73582, -2.3772, -1.33705, -0.47544], [-1.53616, 1.69211, 0.71943, 1.68498, -2.69334, -1.30922, -0.34944], [-1.688, 1.66163, 0.39258, 1.63415, -3.00948, -1.28138, -0.22344], [-1.83984, 1.63115, 0.06572, 1.58331, -3.32562, -1.25354, -0.09743], [-1.99169, 1.60067, -0.26113, 1.53247, -3.64176, -1.22571, 0.02857], [-2.05895, 1.58716, -0.40593, 1.50995, -3.78182, -1.21338, 0.08439], [-2.04359, 1.43449, -0.48693, 1.61235, -3.45088, -0.89741, 0.09169], [-2.02823, 1.28182, -0.56793, 1.71475, -3.11995, -0.58144, 0.09898], [-2.01287, 1.12914, -0.64893, 1.81715, -2.78902, -0.26547, 0.10628], [-1.99752, 0.97647, -0.72993, 1.91955, -2.45808, 0.0505, 0.11358], [-1.98216, 0.82379, -0.81094, 2.02195, -2.12715, 0.36647, 0.12088], [-1.9668, 0.67112, -0.89194, 2.12435, -1.79621, 0.68244, 0.12818], [-1.95144, 0.51845, -0.97294, 2.22675, -1.46528, 0.99841, 0.13547], [-1.93926, 0.39743, -1.03714, 2.30792, -1.20297, 1.24886, 0.14126], [-1.89332, 0.13753, -0.97808, 2.26216, -0.95177, 0.9701, -0.04299], [-1.84738, -0.12237, -0.91903, 2.21639, -0.70058, 0.69133, -0.22724], [-1.80144, -0.38227, -0.85997, 2.17063, -0.44938, 0.41256, -0.41149], [-1.75551, -0.64217, -0.80091, 2.12487, -0.19818, 0.13379, -0.59574], [-1.70957, -0.90207, -0.74186, 2.0791, 0.05302, -0.14498, -0.77999], [-1.66731, -1.14112, -0.68754, 2.03701, 0.28407, -0.40139, -0.94946], [-1.78317, -1.12315, -0.32015, 1.80667, 0.41999, -0.51984, -0.82408], [-1.89904, -1.10518, 0.04724, 1.57634, 0.5559, -0.63829, -0.6987], [-2.0149, -1.0872, 0.41463, 1.346, 0.69182, -0.75674, -0.57332], [-2.13076, -1.06923, 0.78202, 1.11567, 0.82774, -0.87519, -0.44794], [-2.24663, -1.05126, 1.14941, 0.88533, 0.96365, -0.99364, -0.32256], [-2.36249, -1.03328, 1.5168, 0.65499, 1.09957, -1.11209, -0.19719]]
end: [-2.4202699999999999, -1.0243199999999999, 1.7, 0.54013, 1.1673500000000001, -1.1711499999999999, -0.13466]
obtacles: [[[0.6, 0.5, -1.0], [0.9, 0.6, 1.0]], [[0.6, -0.6, -1.0], [0.9, -0.5, 1.0]], [[0.6, -0.6, 0.9], [0.9, 0.6, 1.0]], [[0.6, -0.6, -1.0], [0.9, 0.6, -0.9]], [[0.6, -0.6, 0.3], [0.9, 0.6, 0.4]], [[0.6, -0.6, -0.5], [0.9, 0.6, -0.4]], [[0.6, -0.2, 0.4], [0.9, -0.1, 1.0]], [[0.6, 0.2, -0.5], [0.9, 0.3, 0.4]], [[0.6, 0.2, -1.0], [0.9, 0.3, -0.4]]]
start: [-0.83538999999999997, 1.76634, 1.7, 1.1821299999999999, -1.8007299999999999, -1.52745, -0.32904]
tajectories: [[-0.83539, 1.76634, 1.7, 1.18213, -1.80073, -1.52745, -0.32904], [-0.90428, 1.73537, 1.60637, 1.50643, -1.80894, -1.17331, -0.25924], [-0.97316, 1.7044, 1.51275, 1.83073, -1.81715, -0.81916, -0.18944], [-1.04205, 1.67344, 1.41912, 2.15504, -1.82536, -0.46502, -0.11964], [-1.11094, 1.64247, 1.32549, 2.47934, -1.83357, -0.11087, -0.04984], [-1.11201, 1.64199, 1.32403, 2.48439, -1.83369, -0.10536, -0.04875], [-1.20095, 1.3204, 1.48461, 2.51627, -1.62735, -0.36233, 0.00831], [-1.28989, 0.99881, 1.64519, 2.54816, -1.42101, -0.6193, 0.06537], [-1.37884, 0.67722, 1.80577, 2.58004, -1.21467, -0.87627, 0.12244], [-1.39882, 0.60495, 1.84186, 2.58721, -1.1683, -0.93401, 0.13526], [-1.11888, 0.6947, 1.91304, 2.4817, -1.21699, -1.03866, -0.23088], [-0.83894, 0.78446, 1.98422, 2.3762, -1.26567, -1.14331, -0.59702], [-0.559, 0.87421, 2.0554, 2.2707, -1.31436, -1.24796, -0.96316], [-0.48358, 0.89839, 2.07458, 2.24227, -1.32747, -1.27616, -1.06181], [-0.27731, 0.91992, 1.95291, 1.81463, -1.26103, -1.22851, -1.11311], [-0.07104, 0.94144, 1.83124, 1.387, -1.19458, -1.18086, -1.1644], [0.13522, 0.96296, 1.70957, 0.95937, -1.12814, -1.13321, -1.2157]]
end: [0.15143999999999999, 0.96465000000000001, 1.7, 0.92574000000000001, -1.1229100000000001, -1.1294599999999999, -1.21973]
obtacles: [[[0.6, 0.5, -1.0], [0.9, 0.6, 1.0]], [[0.6, -0.6, -1.0], [0.9, -0.5, 1.0]], [[0.6, -0.6, 0.9], [0.9, 0.6, 1.0]], [[0.6, -0.6, -1.0], [0.9, 0.6, -0.9]], [[0.6, -0.6, 0.3], [0.9, 0.6, 0.4]], [[0.6, -0.6, -0.5], [0.9, 0.6, -0.4]], [[0.6, -0.2, 0.4], [0.9, -0.1, 1.0]], [[0.6, 0.2, -0.5], [0.9, 0.3, 0.4]], [[0.6, 0.2, -1.0], [0.9, 0.3, -0.4]]]
start: [-2.49655, -0.91086, 1.5, 0.8639, -2.07016, 1.11446, -2.7801900000000002]
tajectories: [[-2.49655, -0.91086, 1.5, 0.8639, -2.07016, 1.11446, -2.78019], [-2.25428, -1.01276, 1.38533, 1.23457, -1.99085, 0.96256, -2.74834], [-2.01201, -1.11465, 1.27066, 1.60524, -1.91154, 0.81067, -2.71648], [-1.76975, -1.21655, 1.15599, 1.97592, -1.83222, 0.65878, -2.68463], [-1.70507, -1.24375, 1.12538, 2.07487, -1.81105, 0.61823, -2.67613], [-1.57143, -0.91031, 1.2296, 2.06509, -1.77808, 0.39774, -2.43058], [-1.4378, -0.57686, 1.33381, 2.05531, -1.7451, 0.17724, -2.18503], [-1.30417, -0.24342, 1.43803, 2.04552, -1.71213, -0.04325, -1.93948], [-1.17053, 0.09003, 1.54225, 2.03574, -1.67916, -0.26375, -1.69393], [-1.05679, 0.37383, 1.63095, 2.02741, -1.65109, -0.45142, -1.48493], [-0.91307, 0.76315, 1.68918, 2.29308, -1.67222, -0.50717, -1.50075], [-0.76935, 1.15247, 1.7474, 2.55875, -1.69334, -0.56292, -1.51657], [-0.62562, 1.54178, 1.80563, 2.82442, -1.71446, -0.61867, -1.53238], [-0.53728, 1.78109, 1.84142, 2.98773, -1.72744, -0.65294, -1.54211], [-0.67005, 1.80623, 1.78131, 2.6466, -1.76558, -0.87098, -1.29157], [-0.80283, 1.83136, 1.72121, 2.30547, -1.80371, -1.08901, -1.04104], [-0.9356, 1.85649, 1.66111, 1.96435, -1.84184, -1.30704, -0.7905], [-1.06837, 1.88162, 1.601, 1.62322, -1.87998, -1.52508, -0.53997]]
end: [-1.0705899999999999, 1.8820399999999999, 1.6000000000000001, 1.6175299999999999, -1.8806099999999999, -1.52871, -0.53578999999999999]
obtacles: [[[0.6, 0.5, -1.0], [0.9, 0.6, 1.0]], [[0.6, -0.6, -1.0], [0.9, -0.5, 1.0]], [[0.6, -0.6, 0.9], [0.9, 0.6, 1.0]], [[0.6, -0.6, -1.0], [0.9, 0.6, -0.9]], [[0.6, -0.6, 0.3], [0.9, 0.6, 0.4]], [[0.6, -0.6, -0.5], [0.9, 0.6, -0.4]], [[0.6, -0.2, 0.4], [0.9, -0.1, 1.0]], [[0.6, 0.2, -0.5], [0.9, 0.3, 0.4]], [[0.6, 0.2, -1.0], [0.9, 0.3, -0.4]]]
start: [-0.85401000000000005, 1.8666799999999999, 1.7, 1.4888699999999999, -1.8777699999999999, -1.47166, -0.60023000000000004]
tajectories: [[-0.85401, 1.86668, 1.7, 1.48887, -1.87777, -1.47166, -0.60023], [-1.05138, 1.86875, 1.70612, 1.70288, -1.7167, -1.43066, -0.22931], [-1.24875, 1.87082, 1.71224, 1.91688, -1.55562, -1.38966, 0.14161], [-1.44611, 1.87289, 1.71836, 2.13089, -1.39454, -1.34867, 0.51252], [-1.64348, 1.87496, 1.72448, 2.3449, -1.23347, -1.30767, 0.88344], [-1.76862, 1.87627, 1.72836, 2.48059, -1.13134, -1.28167, 1.11862], [-1.55568, 1.80147, 1.98577, 2.28605, -1.22724, -1.22529, 0.83125], [-1.34275, 1.72668, 2.24318, 2.09151, -1.32314, -1.16891, 0.54388], [-1.12981, 1.65188, 2.50059, 1.89697, -1.41904, -1.11252, 0.25651], [-0.94951, 1.58854, 2.71856, 1.73224, -1.50024, -1.06478, 0.01318], [-0.64315, 1.32168, 2.68324, 1.80147, -1.5804, -0.8298, -0.11815], [-0.3368, 1.05481, 2.64792, 1.8707, -1.66056, -0.59482, -0.24948], [-0.03044, 0.78795, 2.6126, 1.93994, -1.74072, -0.35984, -0.38081], [0.22314, 0.56706, 2.58336, 1.99724, -1.80707, -0.16535, -0.48951], [0.20576, 0.65546, 2.36477, 1.74371, -1.62309, -0.40473, -0.68615], [0.18838, 0.74387, 2.14618, 1.49018, -1.43911, -0.64411, -0.8828], [0.171, 0.83227, 1.92759, 1.23665, -1.25512, -0.8835, -1.07944], [0.15362, 0.92068, 1.709, 0.98312, -1.07114, -1.12288, -1.27608]]
end: [0.15290000000000001, 0.92432000000000003, 1.7, 0.97267999999999999, -1.0635600000000001, -1.1327400000000001, -1.2841800000000001]
obtacles: [[[0.6, 0.5, -1.0], [0.9, 0.6, 1.0]], [[0.6, -0.6, -1.0], [0.9, -0.5, 1.0]], [[0.6, -0.6, 0.9], [0.9, 0.6, 1.0]], [[0.6, -0.6, -1.0], [0.9, 0.6, -0.9]], [[0.6, -0.6, 0.3], [0.9, 0.6, 0.4]], [[0.6, -0.6, -0.5], [0.9, 0.6, -0.4]], [[0.6, -0.2, 0.4], [0.9, -0.1, 1.0]], [[0.6, 0.2, -0.5], [0.9, 0.3, 0.4]], [[0.6, 0.2, -1.0], [0.9, 0.3, -0.4]]]
start: [-2.0828600000000002, -1.8691199999999999, 1.45, 1.5239799999999999, -1.26555, 1.46932, -2.71014]
tajectories: [[-2.08286, -1.86912, 1.45, 1.52398, -1.26555, 1.46932, -2.71014], [-1.85939, -1.73968, 1.52689, 1.73034, -1.085, 1.15024, -2.73], [-1.63591, -1.61025, 1.60378, 1.9367, -0.90444, 0.83115, -2.74986], [-1.41244, -1.48081, 1.68066, 2.14306, -0.72389, 0.51206, -2.76972], [-1.18896, -1.35138, 1.75755, 2.34942, -0.54334, 0.19298, -2.78958], [-0.96549, -1.22194, 1.83444, 2.55578, -0.36279, -0.12611, -2.80944], [-0.74201, -1.09251, 1.91133, 2.76214, -0.18224, -0.4452, -2.8293], [-0.63546, -1.03079, 1.94799, 2.86053, -0.09616, -0.59733, -2.83877], [-0.48787, -1.1504, 1.79501, 2.78557, -0.04333, -0.50108, -2.42303], [-0.34027, -1.27, 1.64203, 2.71061, 0.00949, -0.40483, -2.0073], [-0.19268, -1.3896, 1.48906, 2.63566, 0.06232, -0.30857, -1.59156], [-0.04508, -1.50921, 1.33608, 2.5607, 0.11515, -0.21232, -1.17583], [0.10251, -1.62881, 1.1831, 2.48574, 0.16797, -0.11606, -0.76009], [0.15173, -1.66869, 1.13209, 2.46074, 0.18559, -0.08397, -0.62146], [-0.23215, -1.51389, 0.97743, 2.51265, 0.09542, -0.17047, -0.43054], [-0.61603, -1.35909, 0.82278, 2.56456, 0.00526, -0.25698, -0.23963], [-0.99991, -1.20429, 0.66812, 2.61647, -0.0849, -0.34349, -0.04872], [-1.38379, -1.04949, 0.51346, 2.66838, -0.17507, -0.43, 0.14219], [-1.76766, -0.89469, 0.3588, 2.72028, -0.26523, -0.51651, 0.3331], [-2.15154, -0.73989, 0.20414, 2.77219, -0.35539, -0.60302, 0.52401], [-2.46681, -0.61276, 0.07713, 2.81482, -0.42944, -0.67406, 0.6808], [-2.23284, -0.39841, 0.28518, 2.53017, -0.495, -0.75699, 0.56322], [-1.99887, -0.18406, 0.49323, 2.24552, -0.56056, -0.83992, 0.44563], [-1.7649, 0.03029, 0.70129, 1.96087, -0.62612, -0.92285, 0.32805], [-1.53093, 0.24463, 0.90934, 1.67621, -0.69168, -1.00578, 0.21047], [-1.29696, 0.45898, 1.11739, 1.39156, -0.75723, -1.08871, 0.09288], [-1.06299, 0.67333, 1.32544, 1.10691, -0.82279, -1.17164, -0.0247]]
end: [-0.92291999999999996, 0.80166000000000004, 1.45, 0.93649000000000004, -0.86204000000000003, -1.22129, -0.095100000000000004]
obtacles: [[[0.6, 0.5, -1.0], [0.9, 0.6, 1.0]], [[0.6, -0.6, -1.0], [0.9, -0.5, 1.0]], [[0.6, -0.6, 0.9], [0.9, 0.6, 1.0]], [[0.6, -0.6, -1.0], [0.9, 0.6, -0.9]], [[0.6, -0.6, 0.3], [0.9, 0.6, 0.4]], [[0.6, -0.6, -0.5], [0.9, 0.6, -0.4]], [[0.6, -0.2, 0.4], [0.9, -0.1, 1.0]], [[0.6, 0.2, -0.5], [0.9, 0.3, 0.4]], [[0.6, 0.2, -1.0], [0.9, 0.3, -0.4]]]
start: [-0.85140000000000005, 1.8222, 1.6000000000000001, 1.87036, -1.8033999999999999, -1.4701900000000001, -1.0035000000000001]
tajectories: [[-0.8514, 1.8222, 1.6, 1.87036, -1.8034, -1.47019, -1.0035], [-1.00193, 1.78171, 1.43082, 2.17324, -2.04927, -1.27005, -0.93401], [-1.14152, 1.74416, 1.27393, 2.45412, -2.27728, -1.08446, -0.86957], [-0.97859, 1.59629, 1.63574, 2.62904, -2.12762, -1.1754, -0.96661], [-0.93725, 1.55877, 1.72754, 2.67342, -2.08965, -1.19847, -0.99123], [-0.8836, 1.23383, 1.97393, 2.65487, -1.86506, -1.02768, -0.96162], [-0.82995, 0.9089, 2.22032, 2.63632, -1.64047, -0.85689, -0.93201], [-0.79662, 0.70708, 2.37336, 2.6248, -1.50097, -0.7508, -0.91362], [-0.5716, 0.73758, 2.22065, 2.21416, -1.4362, -0.79336, -0.93552], [-0.34657, 0.76808, 2.06794, 1.80352, -1.37142, -0.83591, -0.95742], [-0.12155, 0.79858, 1.91523, 1.39287, -1.30665, -0.87846, -0.97932], [0.10348, 0.82908, 1.76252, 0.98223, -1.24187, -0.92101, -1.00121], [0.3285, 0.85958, 1.60982, 0.57159, -1.1771, -0.96357, -1.02311]]
end: [0.34297, 0.86153999999999997, 1.6000000000000001, 0.54518999999999995, -1.17293, -0.96630000000000005, -1.0245200000000001]
obtacles: [[[0.6, 0.5, -1.0], [0.9, 0.6, 1.0]], [[0.6, -0.6, -1.0], [0.9, -0.5, 1.0]], [[0.6, -0.6, 0.9], [0.9, 0.6, 1.0]], [[0.6, -0.6, -1.0], [0.9, 0.6, -0.9]], [[0.6, -0.6, 0.3], [0.9, 0.6, 0.4]], [[0.6, -0.6, -0.5], [0.9, 0.6, -0.4]], [[0.6, -0.2, 0.4], [0.9, -0.1, 1.0]], [[0.6, 0.2, -0.5], [0.9, 0.3, 0.4]], [[0.6, 0.2, -1.0], [0.9, 0.3, -0.4]]]
start: [-0.77388000000000001, 1.71858, 1.6499999999999999, 1.4053599999999999, -1.7298100000000001, -1.51783, -0.62139]
tajectories: [[-0.77388, 1.71858, 1.65, 1.40536, -1.72981, -1.51783, -0.62139], [-0.83377, 1.67789, 1.24678, 1.65158, -1.77344, -1.43245, -0.73251], [-0.89366, 1.6372, 0.84356, 1.89781, -1.81707, -1.34707, -0.84364], [-0.95356, 1.59651, 0.44033, 2.14403, -1.8607, -1.26168, -0.95476], [-1.01345, 1.55582, 0.03711, 2.39026, -1.90433, -1.1763, -1.06588], [-1.04797, 1.53237, -0.19532, 2.53219, -1.92948, -1.12709, -1.12994], [-0.97318, 1.20023, -0.21632, 2.25334, -1.89886, -0.89382, -1.15308], [-0.89839, 0.86809, -0.23732, 1.97448, -1.86825, -0.66055, -1.17623], [-0.8236, 0.53595, -0.25832, 1.69562, -1.83763, -0.42728, -1.19937], [-0.7488, 0.20381, -0.27932, 1.41677, -1.80701, -0.19401, -1.22252], [-0.67401, -0.12833, -0.30032, 1.13791, -1.77639, 0.03926, -1.24566], [-0.66514, -0.16775, -0.30282, 1.10481, -1.77276, 0.06695, -1.24841], [-0.65264, -0.43716, -0.1126, 1.02473, -1.89158, -0.10995, -1.54717], [-0.64014, -0.70657, 0.07762, 0.94465, -2.0104, -0.28685, -1.84592], [-0.62764, -0.97598, 0.26784, 0.86456, -2.12922, -0.46375, -2.14468], [-0.61514, -1.24539, 0.45806, 0.78448, -2.24804, -0.64065, -2.44343], [-0.60264, -1.5148, 0.64828, 0.7044, -2.36686, -0.81754, -2.74219], [-0.59798, -1.61524, 0.71919, 0.67454, -2.41116, -0.88349, -2.85357], [-0.27687, -1.39465, 0.77559, 0.51129, -2.15402, -0.92478, -2.82959], [0.04423, -1.17407, 0.83199, 0.34804, -1.89688, -0.96606, -2.80561], [0.36534, -0.95349, 0.88839, 0.18479, -1.63974, -1.00735, -2.78163], [0.68645, -0.73291, 0.94478, 0.02154, -1.38259, -1.04863, -2.75765], [1.00756, -0.51232, 1.00118, -0.14172, -1.12545, -1.08992, -2.73368], [1.32867, -0.29174, 1.05758, -0.30497, -0.86831, -1.1312, -2.7097], [1.6101, -0.09841, 1.10701, -0.44805, -0.64294, -1.16739, -2.68868], [1.48171, 0.09263, 1.19793, -0.43961, -0.84709, -1.15897, -2.30536], [1.35332, 0.28367, 1.28885, -0.43116, -1.05123, -1.15056, -1.92204], [1.22492, 0.47472, 1.37977, -0.42272, -1.25538, -1.14215, -1.53872], [1.09653, 0.66576, 1.47069, -0.41428, -1.45952, -1.13374, -1.1554], [0.96814, 0.8568, 1.56161, -0.40583, -1.66367, -1.12532, -0.77208]]
end: [0.84331, 1.04253, 1.6499999999999999, -0.39762999999999998, -1.8621399999999999, -1.11714, -0.39942]
