obtacles: [[[0.6, 0.5, -1.0], [0.9, 0.6, 1.0]], [[0.6, -0.6, -1.0], [0.9, -0.5, 1.0]], [[0.6, -0.6, 0.9], [0.9, 0.6, 1.0]], [[0.6, -0.6, -1.0], [0.9, 0.6, -0.9]], [[0.6, -0.6, 0.4], [0.9, 0.6, 0.5]], [[0.6, -0.6, -0.5], [0.9, 0.6, -0.4]], [[0.6, 0.1, 0.5], [0.9, 0.2, 1.0]], [[0.6, 0.1, -0.5], [0.9, 0.2, 0.5]], [[0.6, 0.0, -1.0], [0.9, 0.1, -0.4]]]
start: [2.4649000000000001, -0.79942999999999997, -2.2000000000000002, 0.59462999999999999, -0.66447000000000001, -1.22272, 0.17397000000000001]
tajectories: [[2.4649, -0.79943, -2.2, 0.59463, -0.66447, -1.22272, 0.17397], [2.36653, -0.53506, -2.24031, 0.93248, -0.77605, -1.23292, -0.03124], [2.26816, -0.27069, -2.28062, 1.27033, -0.88764, -1.24311, -0.23645], [2.16979, -0.00632, -2.32093, 1.60818, -0.99923, -1.25331, -0.44166], [2.07143, 0.25804, -2.36125, 1.94602, -1.11082, -1.2635, -0.64688], [1.97306, 0.52241, -2.40156, 2.28387, -1.22241, -1.27369, -0.85209], [1.88993, 0.74583, -2.43562, 2.56938, -1.31671, -1.28231, -1.02551], [1.95182, 0.90834, -2.47332, 2.49123, -0.9653, -1.08279, -0.8043], [2.01371, 1.07085, -2.51102, 2.41307, -0.61389, -0.88327, -0.58308], [2.07561, 1.23335, -2.54872, 2.33492, -0.26248, -0.68375, -0.36187], [2.1375, 1.39586, -2.58642, 2.25676, 0.08893, -0.48423, -0.14066], [2.19939, 1.55837, -2.62412, 2.1786, 0.44033, -0.28471, 0.08055], [2.26128, 1.72088, -2.66182, 2.10045, 0.79174, -0.08519, 0.30177], [2.30802, 1.84358, -2.69029, 2.04143, 1.05707, 0.06545, 0.46879], [2.16755, 1.85654, -2.56959, 2.0084, 0.79473, 0.22365, 0.12153], [2.02709, 1.8695, -2.44888, 1.97537, 0.53238, 0.38185, -0.22573], [1.88663, 1.88246, -2.32818, 1.94234, 0.27003, 0.54005, -0.57299], [1.74617, 1.89541, -2.20748, 1.90931, 0.00768, 0.69825, -0.92025], [1.60571, 1.90837, -2.08677, 1.87627, -0.25466, 0.85645, -1.26751], [1.46525, 1.92133, -1.96607, 1.84324, -0.51701, 1.01465, -1.61477], [1.32479, 1.93429, -1.84536, 1.81021, -0.77936, 1.17285, -1.96202], [1.18433, 1.94725, -1.72466, 1.77718, -1.04171, 1.33105, -2.30928]]
end: [1.09744, 1.95526, -1.6499999999999999, 1.75674, -1.2039800000000001, 1.4289000000000001, -2.5240800000000001]
obtacles: [[[0.6, 0.5, -1.0], [0.9, 0.6, 1.0]], [[0.6, -0.6, -1.0], [0.9, -0.5, 1.0]], [[0.6, -0.6, 0.9], [0.9, 0.6, 1.0]], [[0.6, -0.6, -1.0], [0.9, 0.6, -0.9]], [[0.6, -0.6, 0.4], [0.9, 0.6, 0.5]], [[0.6, -0.6, -0.5], [0.9, 0.6, -0.4]], [[0.6, 0.1, 0.5], [0.9, 0.2, 1.0]], [[0.6, 0.1, -0.5], [0.9, 0.2, 0.5]], [[0.6, 0.0, -1.0], [0.9, 0.1, -0.4]]]
start: [2.5920800000000002, -1.9026700000000001, -1.6499999999999999, 1.91926, -1.90927, -1.5298400000000001, -1.37601]
tajectories: [[2.59208, -1.90267, -1.65, 1.91926, -1.90927, -1.52984, -1.37601], [2.34506, -1.58618, -1.73108, 1.98898, -1.88423, -1.49379, -1.10132], [2.09803, -1.2697, -1.81215, 2.0587, -1.85919, -1.45774, -0.82663], [1.85101, -0.95321, -1.89323, 2.12842, -1.83415, -1.42169, -0.55193], [1.60399, -0.63673, -1.97431, 2.19815, -1.8091, -1.38564, -0.27724], [1.56053, -0.58105, -1.98857, 2.21041, -1.8047, -1.3793, -0.22891], [1.50302, -0.31164, -1.79241, 2.31162, -1.68239, -1.13357, -0.00521], [1.48722, -0.2376, -1.7385, 2.33943, -1.64878, -1.06603, 0.05627], [1.59366, -0.43055, -1.4666, 2.07657, -1.58327, -1.1358, 0.27821], [1.70009, -0.6235, -1.1947, 1.8137, -1.51776, -1.20556, 0.50014], [1.79218, -0.79044, -0.95945, 1.58628, -1.46108, -1.26592, 0.69216], [1.92556, -0.83359, -1.21827, 1.29814, -1.29193, -1.23538, 0.46677], [2.05895, -0.87674, -1.47709, 1.01001, -1.12279, -1.20485, 0.24139]]
end: [2.1480600000000001, -0.90556999999999999, -1.6499999999999999, 0.81750999999999996, -1.00979, -1.18445, 0.090810000000000002]
obtacles: [[[0.6, 0.5, -1.0], [0.9, 0.6, 1.0]], [[0.6, -0.6, -1.0], [0.9, -0.5, 1.0]], [[0.6, -0.6, 0.9], [0.9, 0.6, 1.0]], [[0.6, -0.6, -1.0], [0.9, 0.6, -0.9]], [[0.6, -0.6, 0.4], [0.9, 0.6, 0.5]], [[0.6, -0.6, -0.5], [0.9, 0.6, -0.4]], [[0.6, 0.1, 0.5], [0.9, 0.2, 1.0]], [[0.6, 0.1, -0.5], [0.9, 0.2, 0.5]], [[0.6, 0.0, -1.0], [0.9, 0.1, -0.4]]]
start: [-0.70416000000000001, 1.8259799999999999, 1.8, 1.08897, -1.9034500000000001, -1.4928699999999999, -0.34217999999999998]
tajectories: [[-0.70416, 1.82598, 1.8, 1.08897, -1.90345, -1.49287, -0.34218], [-0.78216, 1.82733, 1.58678, 1.27195, -2.24167, -1.34438, -0.51108], [-0.86016, 1.82868, 1.37356, 1.45493, -2.5799, -1.19589, -0.67997], [-0.93816, 1.83003, 1.16035, 1.63792, -2.91812, -1.0474, -0.84886], [-1.01616, 1.83138, 0.94713, 1.8209, -3.25634, -0.89891, -1.01775], [-1.0532, 1.83202, 0.84588, 1.9078, -3.41696, -0.8284, -1.09795], [-1.16977, 1.67232, 0.58013, 1.57482, -3.53954, -0.88915, -0.99455], [-1.28633, 1.51261, 0.31437, 1.24184, -3.66212, -0.94991, -0.89114], [-1.40289, 1.35291, 0.04862, 0.90887, -3.78471, -1.01066, -0.78774], [-1.51945, 1.1932, -0.21713, 0.57589, -3.90729, -1.07142, -0.68434], [-1.63601, 1.0335, -0.48289, 0.24291, -4.02987, -1.13217, -0.58093], [-1.75258, 0.8738, -0.74864, -0.09006, -4.15246, -1.19293, -0.47753], [-1.85944, 0.72738, -0.99228, -0.39533, -4.26484, -1.24863, -0.38273], [-1.61614, 0.50877, -0.67716, -0.22479, -4.2694, -1.13299, -0.34755], [-1.37284, 0.29016, -0.36204, -0.05426, -4.27396, -1.01736, -0.31238], [-1.12953, 0.07155, -0.04691, 0.11628, -4.27852, -0.90173, -0.27721], [-0.88623, -0.14706, 0.26821, 0.28682, -4.28308, -0.78609, -0.24204], [-0.64293, -0.36568, 0.58333, 0.45736, -4.28764, -0.67046, -0.20686], [-0.53931, -0.45878, 0.71754, 0.52999, -4.28959, -0.62121, -0.19188], [-0.55371, -0.46641, 0.95126, 0.37971, -3.94387, -0.40046, -0.25725], [-0.56812, -0.47404, 1.18498, 0.22942, -3.59816, -0.17971, -0.32263], [-0.58253, -0.48167, 1.4187, 0.07913, -3.25244, 0.04104, -0.388], [-0.59693, -0.48929, 1.65242, -0.07115, -2.90673, 0.26179, -0.45337], [-0.61134, -0.49692, 1.88615, -0.22144, -2.56101, 0.48254, -0.51874], [-0.62069, -0.50187, 2.03786, -0.31899, -2.3366, 0.62583, -0.56117], [-0.18767, -0.38253, 2.06908, -0.31351, -2.41361, 0.58761, -0.76081], [0.24535, -0.26319, 2.10031, -0.30803, -2.49062, 0.54939, -0.96045], [0.67837, -0.14385, 2.13153, -0.30254, -2.56763, 0.51117, -1.16009], [1.11139, -0.02451, 2.16275, -0.29706, -2.64464, 0.47295, -1.35973], [1.5444, 0.09484, 2.19398, -0.29158, -2.72165, 0.43473, -1.55937], [1.97742, 0.21418, 2.2252, -0.2861, -2.79866, 0.39652, -1.759], [2.02365, 0.22692, 2.22854, -0.28551, -2.80689, 0.39244, -1.78032], [1.78985, 0.33299, 2.15168, -0.33844, -2.6974, 0.13021, -1.4727], [1.55605, 0.43906, 2.07482, -0.39137, -2.58791, -0.13201, -1.16508], [1.32226, 0.54513, 1.99796, -0.4443, -2.47842, -0.39423, -0.85746], [1.08846, 0.6512, 1.9211, -0.49723, -2.36893, -0.65645, -0.54983], [0.85466, 0.75727, 1.84424, -0.55016, -2.25944, -0.91867, -0.24221]]
end: [0.72006999999999999, 0.81833, 1.8, -0.58062000000000002, -2.1964100000000002, -1.06962, -0.065129999999999993]
obtacles: [[[0.6, 0.5, -1.0], [0.9, 0.6, 1.0]], [[0.6, -0.6, -1.0], [0.9, -0.5, 1.0]], [[0.6, -0.6, 0.9], [0.9, 0.6, 1.0]], [[0.6, -0.6, -1.0], [0.9, 0.6, -0.9]], [[0.6, -0.6, 0.4], [0.9, 0.6, 0.5]], [[0.6, -0.6, -0.5], [0.9, 0.6, -0.4]], [[0.6, 0.1, 0.5], [0.9, 0.2, 1.0]], [[0.6, 0.1, -0.5], [0.9, 0.2, 0.5]], [[0.6, 0.0, -1.0], [0.9, 0.1, -0.4]]]
start: [-1.0318499999999999, 1.6312500000000001, 1.6000000000000001, 1.90157, -1.6185499999999999, -1.52359, -0.86770999999999998]
tajectories: [[-1.03185, 1.63125, 1.6, 1.90157, -1.61855, -1.52359, -0.86771], [-1.02646, 1.52917, 1.31246, 1.84621, -1.76351, -1.4037, -0.52359], [-1.02106, 1.42708, 1.02492, 1.79084, -1.90848, -1.28381, -0.17947], [-1.01567, 1.325, 0.73739, 1.73548, -2.05345, -1.16392, 0.16465], [-1.01028, 1.22291, 0.44985, 1.68012, -2.19841, -1.04404, 0.50877], [-1.00488, 1.12083, 0.16231, 1.62475, -2.34338, -0.92415, 0.85289], [-0.99949, 1.01875, -0.12523, 1.56939, -2.48835, -0.80426, 1.197], [-0.99676, 0.9672, -0.2704, 1.54144, -2.56154, -0.74373, 1.37074], [-1.08682, 0.72952, -0.03834, 1.29229, -2.60625, -0.80166, 1.11753], [-1.17688, 0.49185, 0.19372, 1.04314, -2.65096, -0.8596, 0.86432], [-1.26694, 0.25417, 0.42577, 0.794, -2.69567, -0.91753, 0.6111], [-1.357, 0.01649, 0.65783, 0.54485, -2.74039, -0.97546, 0.35789], [-1.44706, -0.22119, 0.88989, 0.29571, -2.7851, -1.0334, 0.10467], [-1.53712, -0.45887, 1.12195, 0.04656, -2.82981, -1.09133, -0.14854], [-1.57042, -0.54678, 1.20777, -0.04558, -2.84635, -1.11276, -0.24219], [-1.27169, -0.45552, 1.16042, 0.20052, -2.84766, -1.18777, -0.53201], [-0.97296, -0.36426, 1.11306, 0.44662, -2.84897, -1.26279, -0.82183], [-0.67423, -0.273, 1.06571, 0.69272, -2.85028, -1.33781, -1.11164], [-0.3755, -0.18174, 1.01836, 0.93882, -2.85159, -1.41282, -1.40146], [-0.07676, -0.09048, 0.97101, 1.18492, -2.8529, -1.48784, -1.69128], [0.22197, 0.00077, 0.92365, 1.43102, -2.85421, -1.56285, -1.9811], [0.24433, 0.00761, 0.92011, 1.44944, -2.8543, -1.56847, -2.00279], [0.23476, 0.18899, 1.06205, 1.33124, -2.46971, -1.47768, -1.83929], [0.2252, 0.37038, 1.20398, 1.21303, -2.08512, -1.38688, -1.67579], [0.21563, 0.55177, 1.34592, 1.09483, -1.70053, -1.29609, -1.51228], [0.20606, 0.73316, 1.48786, 0.97663, -1.31593, -1.2053, -1.34878]]
end: [0.19850000000000001, 0.87646999999999997, 1.6000000000000001, 0.88322999999999996, -1.01206, -1.1335599999999999, -1.2196]
obtacles: [[[0.6, 0.5, -1.0], [0.9, 0.6, 1.0]], [[0.6, -0.6, -1.0], [0.9, -0.5, 1.0]], [[0.6, -0.6, 0.9], [0.9, 0.6, 1.0]], [[0.6, -0.6, -1.0], [0.9, 0.6, -0.9]], [[0.6, -0.6, 0.4], [0.9, 0.6, 0.5]], [[0.6, -0.6, -0.5], [0.9, 0.6, -0.4]], [[0.6, 0.1, 0.5], [0.9, 0.2, 1.0]], [[0.6, 0.1, -0.5], [0.9, 0.2, 0.5]], [[0.6, 0.0, -1.0], [0.9, 0.1, -0.4]]]
start: [-2.06887, -1.9130100000000001, 1.6000000000000001, 1.68956, -1.2276, 1.5583499999999999, -2.5218600000000002]
tajectories: [[-2.06887, -1.91301, 1.6, 1.68956, -1.2276, 1.55835, -2.52186], [-1.96821, -1.77471, 1.64375, 1.75891, -0.88982, 1.24872, -2.58552], [-1.86755, -1.6364, 1.6875, 1.82826, -0.55204, 0.93909, -2.64917], [-1.76689, -1.4981, 1.73125, 1.89761, -0.21426, 0.62946, -2.71282], [-1.66624, -1.35979, 1.775, 1.96697, 0.12352, 0.31984, -2.77647], [-1.56558, -1.22149, 1.81875, 2.03632, 0.4613, 0.01021, -2.84013], [-1.46492, -1.08319, 1.8625, 2.10567, 0.79908, -0.29942, -2.90378], [-1.459, -1.07506, 1.86507, 2.10974, 0.81893, -0.31761, -2.90752], [-1.30679, -0.97296, 1.52321, 2.1234, 0.89601, -0.45529, -2.63465], [-1.15457, -0.87087, 1.18135, 2.13705, 0.97308, -0.59297, -2.36178], [-1.00235, -0.76878, 0.83949, 2.15071, 1.05016, -0.73065, -2.08891], [-0.85013, -0.66668, 0.49764, 2.16436, 1.12724, -0.86833, -1.81605], [-0.79231, -0.6279, 0.36778, 2.16955, 1.15652, -0.92063, -1.71239], [-0.79448, -0.41435, 0.45003, 1.97466, 0.88969, -1.00364, -1.42682], [-0.79664, -0.2008, 0.53228, 1.77976, 0.62286, -1.08666, -1.14124], [-0.79881, 0.01276, 0.61454, 1.58487, 0.35604, -1.16968, -0.85566], [-0.80097, 0.22631, 0.69679, 1.38998, 0.08921, -1.25269, -0.57009], [-0.80314, 0.43987, 0.77905, 1.19509, -0.17761, -1.33571, -0.28451], [-0.8053, 0.65342, 0.8613, 1.0002, -0.44444, -1.41873, 0.00107]]
end: [-0.80632000000000004, 0.75390000000000001, 0.90000000000000002, 0.90849999999999997, -0.56998000000000004, -1.4577899999999999, 0.13542999999999999]
obtacles: [[[0.6, 0.5, -1.0], [0.9, 0.6, 1.0]], [[0.6, -0.6, -1.0], [0.9, -0.5, 1.0]], [[0.6, -0.6, 0.9], [0.9, 0.6, 1.0]], [[0.6, -0.6, -1.0], [0.9, 0.6, -0.9]], [[0.6, -0.6, 0.4], [0.9, 0.6, 0.5]], [[0.6, -0.6, -0.5], [0.9, 0.6, -0.4]], [[0.6, 0.1, 0.5], [0.9, 0.2, 1.0]], [[0.6, 0.1, -0.5], [0.9, 0.2, 0.5]], [[0.6, 0.0, -1.0], [0.9, 0.1, -0.4]]]
start: [-0.88917999999999997, 1.9466000000000001, 1.6000000000000001, 1.5579700000000001, -1.9470400000000001, -1.54834, -0.65895999999999999]
tajectories: [[-0.88918, 1.9466, 1.6, 1.55797, -1.94704, -1.54834, -0.65896], [-0.90551, 1.9123, 1.53848, 1.78945, -1.90139, -1.45576, -0.23407], [-0.92184, 1.87799, 1.47697, 2.02094, -1.85575, -1.36317, 0.19082], [-0.93816, 1.84369, 1.41545, 2.25243, -1.8101, -1.27059, 0.61571], [-0.95449, 1.80939, 1.35393, 2.48391, -1.76446, -1.178, 1.0406], [-0.97082, 1.77509, 1.29242, 2.7154, -1.71881, -1.08542, 1.46548], [-0.98715, 1.74079, 1.2309, 2.94689, -1.67316, -0.99283, 1.89037], [-0.99685, 1.7204, 1.19435, 3.08445, -1.64604, -0.93781, 2.14286], [-0.89948, 1.4659, 0.85755, 2.95595, -1.51989, -0.77164, 2.09516], [-0.8021, 1.21139, 0.52076, 2.82745, -1.39374, -0.60547, 2.04746], [-0.70473, 0.95689, 0.18396, 2.69895, -1.26758, -0.4393, 1.99975], [-0.60736, 0.70238, -0.15283, 2.57045, -1.14143, -0.27313, 1.95205], [-0.51784, 0.46842, -0.46245, 2.45232, -1.02546, -0.12037, 1.9082], [-0.48995, 0.2453, -0.25883, 2.47909, -1.24681, 0.18379, 2.03372], [-0.46206, 0.02218, -0.05521, 2.50586, -1.46815, 0.48794, 2.15925], [-0.43417, -0.20094, 0.1484, 2.53264, -1.68949, 0.7921, 2.28478], [-0.40628, -0.42406, 0.35202, 2.55941, -1.91084, 1.09626, 2.41031], [-0.38156, -0.62182, 0.53249, 2.58314, -2.10702, 1.36585, 2.52157], [-0.68715, -0.67188, 0.69658, 2.23579, -2.06316, 1.30858, 2.55799], [-0.99275, -0.72194, 0.86068, 1.88844, -2.0193, 1.25132, 2.59442], [-1.29834, -0.772, 1.02477, 1.54109, -1.97545, 1.19405, 2.63084], [-1.60393, -0.82206, 1.18887, 1.19374, -1.93159, 1.13679, 2.66727], [-1.90952, -0.87212, 1.35296, 0.84639, -1.88773, 1.07952, 2.70369], [-2.21511, -0.92218, 1.51706, 0.49904, -1.84388, 1.02225, 2.74012]]
end: [-2.36958, -0.94747999999999999, 1.6000000000000001, 0.32346999999999998, -1.8217099999999999, 0.99331000000000003, 2.7585299999999999]
obtacles: [[[0.6, 0.5, -1.0], [0.9, 0.6, 1.0]], [[0.6, -0.6, -1.0], [0.9, -0.5, 1.0]], [[0.6, -0.6, 0.9], [0.9, 0.6, 1.0]], [[0.6, -0.6, -1.0], [0.9, 0.6, -0.9]], [[0.6, -0.6, 0.4], [0.9, 0.6, 0.5]], [[0.6, -0.6, -0.5], [0.9, 0.6, -0.4]], [[0.6, 0.1, 0.5], [0.9, 0.2, 1.0]], [[0.6, 0.1, -0.5], [0.9, 0.2, 0.5]], [[0.6, 0.0, -1.0], [0.9, 0.1, -0.4]]]
start: [-1.0733900000000001, 1.9135800000000001, 1.7, 1.3036700000000001, -1.93516, -1.54247, -0.20266000000000001]
tajectories: [[-1.07339, 1.91358, 1.7, 1.30367, -1.93516, -1.54247, -0.20266], [-1.05075, 1.89241, 1.71969, 1.41891, -1.80834, -1.17649, -0.4948], [-1.0281, 1.87124, 1.73939, 1.53415, -1.68152, -0.81051, -0.78694], [-1.00545, 1.85007, 1.75908, 1.64939, -1.55469, -0.44454, -1.07909], [-0.9828, 1.82891, 1.77878, 1.76463, -1.42787, -0.07856, -1.37123], [-0.96016, 1.80774, 1.79847, 1.87987, -1.30104, 0.28742, -1.66337], [-0.93751, 1.78657, 1.81817, 1.99511, -1.17422, 0.65339, -1.95551], [-0.92394, 1.77389, 1.82997, 2.06418, -1.09821, 0.87274, -2.13061], [-1.02622, 1.69642, 1.44834, 1.95553, -0.9041, 0.96802, -1.95933], [-1.1285, 1.61894, 1.06672, 1.84688, -0.70999, 1.0633, -1.78805], [-1.23079, 1.54147, 0.68509, 1.73822, -0.51588, 1.15858, -1.61677], [-1.33307, 1.464, 0.30347, 1.62957, -0.32177, 1.25386, -1.44549], [-1.43535, 1.38653, -0.07816, 1.52092, -0.12766, 1.34914, -1.27421], [-1.53763, 1.30906, -0.45978, 1.41227, 0.06645, 1.44442, -1.10292], [-1.54816, 1.30109, -0.49907, 1.40108, 0.08643, 1.45422, -1.08529], [-1.50392, 1.08841, -0.36289, 1.12472, 0.07152, 1.16309, -1.23665], [-1.45967, 0.87574, -0.22671, 0.84836, 0.0566, 0.87195, -1.38801], [-1.41543, 0.66306, -0.09053, 0.572, 0.04169, 0.58082, -1.53936], [-1.37687, 0.47775, 0.02813, 0.33118, 0.0287, 0.32713, -1.67125], [-1.59301, 0.57047, 0.11464, 0.14628, -0.2944, 0.29206, -1.88894], [-1.80915, 0.66318, 0.20115, -0.03863, -0.6175, 0.25698, -2.10664], [-2.02529, 0.7559, 0.28766, -0.22354, -0.9406, 0.22191, -2.32433], [-2.24143, 0.84862, 0.37417, -0.40844, -1.2637, 0.18684, -2.54202], [-2.38871, 0.9118, 0.43312, -0.53444, -1.48385, 0.16294, -2.69035], [-2.00771, 0.90016, 0.50005, -0.51654, -1.648, -0.10292, -2.73811], [-1.62672, 0.88852, 0.56697, -0.49864, -1.81216, -0.36878, -2.78586], [-1.24572, 0.87688, 0.6339, -0.48075, -1.97631, -0.63464, -2.83362], [-0.86473, 0.86524, 0.70083, -0.46285, -2.14046, -0.9005, -2.88137], [-0.48373, 0.8536, 0.76776, -0.44495, -2.30461, -1.16635, -2.92913], [-0.25437, 0.84659, 0.80805, -0.43418, -2.40343, -1.3264, -2.95788], [-0.3106, 0.83539, 0.9433, -0.19756, -2.16792, -1.30285, -2.61669], [-0.36682, 0.82419, 1.07856, 0.03906, -1.93241, -1.2793, -2.2755], [-0.42305, 0.81299, 1.21382, 0.27568, -1.6969, -1.25575, -1.93431], [-0.47928, 0.80178, 1.34907, 0.5123, -1.46138, -1.2322, -1.59313], [-0.5355, 0.79058, 1.48433, 0.74892, -1.22587, -1.20865, -1.25194], [-0.59173, 0.77938, 1.61958, 0.98554, -0.99036, -1.1851, -0.91075]]
end: [-0.62516000000000005, 0.77271999999999996, 1.7, 1.12622, -0.85033000000000003, -1.1711, -0.70789999999999997]
obtacles: [[[0.6, 0.5, -1.0], [0.9, 0.6, 1.0]], [[0.6, -0.6, -1.0], [0.9, -0.5, 1.0]], [[0.6, -0.6, 0.9], [0.9, 0.6, 1.0]], [[0.6, -0.6, -1.0], [0.9, 0.6, -0.9]], [[0.6, -0.6, 0.4], [0.9, 0.6, 0.5]], [[0.6, -0.6, -0.5], [0.9, 0.6, -0.4]], [[0.6, 0.1, 0.5], [0.9, 0.2, 1.0]], [[0.6, 0.1, -0.5], [0.9, 0.2, 0.5]], [[0.6, 0.0, -1.0], [0.9, 0.1, -0.4]]]
start: [-2.4323600000000001, -1.96556, 1.1000000000000001, 0.76319000000000004, -4.1077700000000004, -1.5592900000000001, -0.045490000000000003]
tajectories: [[-2.43236, -1.96556, 1.1, 0.76319, -4.10777, -1.55929, -0.04549], [-2.31116, -1.91752, 1.27453, 1.03085, -4.11715, -1.44469, 0.29756], [-2.18997, -1.86949, 1.44907, 1.2985, -4.12653, -1.33009, 0.64061], [-2.06877, -1.82145, 1.6236, 1.56616, -4.13591, -1.21549, 0.98365], [-1.94758, -1.77342, 1.79813, 1.83381, -4.1453, -1.10089, 1.3267], [-1.82638, -1.72538, 1.97267, 2.10147, -4.15468, -0.98629, 1.66975], [-1.70518, -1.67734, 2.1472, 2.36912, -4.16406, -0.87169, 2.0128], [-1.69397, -1.6729, 2.16334, 2.39388, -4.16493, -0.86109, 2.04453], [-1.63955, -1.40984, 2.04166, 2.01076, -4.0523, -0.91954, 2.05678], [-1.58513, -1.14678, 1.91998, 1.62765, -3.93967, -0.978, 2.06904], [-1.53071, -0.88371, 1.7983, 1.24453, -3.82704, -1.03645, 2.0813], [-1.47629, -0.62065, 1.67662, 0.86141, -3.71441, -1.0949, 2.09355], [-1.42187, -0.35759, 1.55494, 0.4783, -3.60179, -1.15335, 2.10581], [-1.36745, -0.09453, 1.43326, 0.09518, -3.48916, -1.2118, 2.11807], [-1.33863, 0.04483, 1.3688, -0.10778, -3.42949, -1.24277, 2.12456], [-1.63919, 0.19631, 1.43809, 0.15755, -3.2714, -1.30668, 1.94446], [-1.93975, 0.3478, 1.50739, 0.42288, -3.1133, -1.3706, 1.76437], [-2.24031, 0.49928, 1.57668, 0.68821, -2.9552, -1.43451, 1.58427], [-2.54087, 0.65076, 1.64597, 0.95354, -2.79711, -1.49842, 1.40418], [-2.57326, 0.66709, 1.65344, 0.98213, -2.78007, -1.50531, 1.38477], [-2.30966, 0.67143, 1.56573, 1.01591, -2.43568, -1.51383, 1.15459], [-2.04606, 0.67577, 1.47802, 1.04969, -2.09129, -1.52234, 0.92441], [-1.78245, 0.68011, 1.39031, 1.08346, -1.7469, -1.53086, 0.69423], [-1.51885, 0.68445, 1.3026, 1.11724, -1.4025, -1.53937, 0.46405], [-1.25525, 0.68879, 1.21489, 1.15102, -1.05811, -1.54789, 0.23387], [-0.99165, 0.69314, 1.12718, 1.1848, -0.71372, -1.55641, 0.00369]]
end: [-0.90995999999999999, 0.69447999999999999, 1.1000000000000001, 1.1952700000000001, -0.60699000000000003, -1.55904, -0.067650000000000002]
obtacles: [[[0.6, 0.5, -1.0], [0.9, 0.6, 1.0]], [[0.6, -0.6, -1.0], [0.9, -0.5, 1.0]], [[0.6, -0.6, 0.9], [0.9, 0.6, 1.0]], [[0.6, -0.6, -1.0], [0.9, 0.6, -0.9]], [[0.6, -0.6, 0.4], [0.9, 0.6, 0.5]], [[0.6, -0.6, -0.5], [0.9, 0.6, -0.4]], [[0.6, 0.1, 0.5], [0.9, 0.2, 1.0]], [[0.6, 0.1, -0.5], [0.9, 0.2, 0.5]], [[0.6, 0.0, -1.0], [0.9, 0.1, -0.4]]]
start: [-0.75388999999999995, 1.9475800000000001, 1.55, 1.7310700000000001, -1.9461299999999999, -1.5311600000000001, -0.97362000000000004]
tajectories: [[-0.75389, 1.94758, 1.55, 1.73107, -1.94613, -1.53116, -0.97362], [-0.87302, 1.76391, 1.37638, 1.91147, -1.69933, -1.25114, -0.96555], [-0.99215, 1.58025, 1.20275, 2.09187, -1.45252, -0.97113, -0.95749], [-1.11128, 1.39658, 1.02913, 2.27226, -1.20571, -0.69111, -0.94942], [-1.23041, 1.21292, 0.85551, 2.45266, -0.9589, -0.4111, -0.94136], [-1.32166, 1.07223, 0.72251, 2.59085, -0.76985, -0.1966, -0.93518], [-1.48046, 0.91958, 1.05801, 2.49796, -1.04309, -0.12474, -0.95679], [-1.63926, 0.76693, 1.39351, 2.40508, -1.31633, -0.05288, -0.9784], [-1.79806, 0.61428, 1.72901, 2.31219, -1.58957, 0.01898, -1.00001], [-1.95685, 0.46163, 2.06451, 2.21931, -1.86281, 0.09085, -1.02163], [-2.02902, 0.39226, 2.21698, 2.17709, -1.98699, 0.1235, -1.03145], [-1.80116, 0.46137, 2.10443, 1.87187, -1.85725, -0.04448, -0.82548], [-1.5733, 0.53049, 1.99187, 1.56666, -1.72751, -0.21246, -0.61951], [-1.34544, 0.59961, 1.87931, 1.26144, -1.59777, -0.38045, -0.41353], [-1.11758, 0.66872, 1.76676, 0.95622, -1.46803, -0.54843, -0.20756], [-0.88972, 0.73784, 1.6542, 0.651, -1.33829, -0.71642, -0.00159]]
end: [-0.67876999999999998, 0.80183000000000004, 1.55, 0.36843999999999999, -1.21818, -0.87194000000000005, 0.18909000000000001]
obtacles: [[[0.6, 0.5, -1.0], [0.9, 0.6, 1.0]], [[0.6, -0.6, -1.0], [0.9, -0.5, 1.0]], [[0.6, -0.6, 0.9], [0.9, 0.6, 1.0]], [[0.6, -0.6, -1.0], [0.9, 0.6, -0.9]], [[0.6, -0.6, 0.4], [0.9, 0.6, 0.5]], [[0.6, -0.6, -0.5], [0.9, 0.6, -0.4]], [[0.6, 0.1, 0.5], [0.9, 0.2, 1.0]], [[0.6, 0.1, -0.5], [0.9, 0.2, 0.5]], [[0.6, 0.0, -1.0], [0.9, 0.1, -0.4]]]
start: [-1.1249800000000001, 1.76976, 1.6000000000000001, 1.5009699999999999, -1.7713300000000001, -1.55603, -0.37158999999999998]
tajectories: [[-1.12498, 1.76976, 1.6, 1.50097, -1.77133, -1.55603, -0.37159], [-1.1691, 1.71445, 1.26056, 1.54199, -1.85052, -1.43593, -0.69931], [-1.21323, 1.65914, 0.92112, 1.583, -1.92972, -1.31583, -1.02702], [-1.25736, 1.60383, 0.58169, 1.62402, -2.00891, -1.19573, -1.35474], [-1.30148, 1.54852, 0.24225, 1.66503, -2.08811, -1.07563, -1.68245], [-1.34561, 1.49321, -0.09719, 1.70605, -2.16731, -0.95553, -2.01017], [-1.35948, 1.47583, -0.20387, 1.71894, -2.1922, -0.91778, -2.11316], [-1.55952, 1.39617, 0.15281, 1.69279, -2.29466, -0.98044, -1.86556], [-1.75956, 1.31651, 0.5095, 1.66663, -2.39713, -1.0431, -1.61796], [-1.9596, 1.23686, 0.86618, 1.64047, -2.49959, -1.10576, -1.37035], [-2.15964, 1.1572, 1.22286, 1.61431, -2.60205, -1.16842, -1.12275], [-2.35967, 1.07754, 1.57955, 1.58816, -2.70452, -1.23108, -0.87515], [-2.41311, 1.05626, 1.67482, 1.58117, -2.73189, -1.24782, -0.80901], [-2.19875, 0.95455, 1.79967, 1.62086, -2.4185, -1.20685, -1.08587], [-1.98439, 0.85283, 1.92451, 1.66054, -2.10511, -1.16588, -1.36273], [-1.77004, 0.75112, 2.04936, 1.70022, -1.79171, -1.12491, -1.63959], [-1.55568, 0.6494, 2.17421, 1.73991, -1.47832, -1.08394, -1.91645], [-1.34133, 0.54769, 2.29905, 1.77959, -1.16493, -1.04297, -2.19331], [-1.12697, 0.44597, 2.4239, 1.81928, -0.85154, -1.002, -2.47017], [-0.91261, 0.34426, 2.54875, 1.85896, -0.53815, -0.96102, -2.74703], [-0.88645, 0.33184, 2.56399, 1.8638, -0.49989, -0.95602, -2.78083], [-1.05741, 0.17409, 2.44131, 1.72291, -0.30111, -0.97745, -2.43296], [-1.22837, 0.01633, 2.31864, 1.58202, -0.10232, -0.99888, -2.0851], [-1.39933, -0.14143, 2.19597, 1.44113, 0.09647, -1.0203, -1.73723], [-1.57029, -0.29919, 2.07329, 1.30024, 0.29525, -1.04173, -1.38937], [-1.74125, -0.45695, 1.95062, 1.15934, 0.49404, -1.06316, -1.0415], [-1.91222, -0.6147, 1.82795, 1.01845, 0.69282, -1.08459, -0.69364], [-2.08318, -0.77246, 1.70527, 0.87756, 0.89161, -1.10601, -0.34577]]
end: [-2.2298900000000001, -0.90783999999999998, 1.6000000000000001, 0.75665000000000004, 1.0622, -1.1244000000000001, -0.047239999999999997]
obtacles: [[[0.6, 0.5, -1.0], [0.9, 0.6, 1.0]], [[0.6, -0.6, -1.0], [0.9, -0.5, 1.0]], [[0.6, -0.6, 0.9], [0.9, 0.6, 1.0]], [[0.6, -0.6, -1.0], [0.9, 0.6, -0.9]], [[0.6, -0.6, 0.4], [0.9, 0.6, 0.5]], [[0.6, -0.6, -0.5], [0.9, 0.6, -0.4]], [[0.6, 0.1, 0.5], [0.9, 0.2, 1.0]], [[0.6, 0.1, -0.5], [0.9, 0.2, 0.5]], [[0.6, 0.0, -1.0], [0.9, 0.1, -0.4]]]
start: [-2.4887600000000001, -1.8710599999999999, 1.25, 0.94974999999999998, -1.1407400000000001, 1.49787, -2.9095399999999998]
tajectories: [[-2.48876, -1.87106, 1.25, 0.94975, -1.14074, 1.49787, -2.90954], [-2.3303, -1.79639, 1.33488, 1.14791, -1.39437, 1.20208, -2.76456], [-2.17184, -1.72172, 1.41976, 1.34607, -1.64801, 0.90629, -2.61958], [-2.01339, -1.64704, 1.50464, 1.54424, -1.90164, 0.6105, -2.4746], [-1.85493, -1.57237, 1.58952, 1.7424, -2.15527, 0.31471, -2.32961], [-1.69647, -1.4977, 1.6744, 1.94056, -2.40891, 0.01892, -2.18463], [-1.53801, -1.42303, 1.75928, 2.13873, -2.66254, -0.27687, -2.03965], [-1.47475, -1.39322, 1.79316, 2.21784, -2.7638, -0.39495, -1.98177], [-1.562, -1.41362, 1.54787, 2.3056, -2.93272, -0.35652, -1.60218], [-1.64925, -1.43403, 1.30259, 2.39337, -3.10164, -0.31809, -1.22258], [-1.7365, -1.45443, 1.0573, 2.48113, -3.27056, -0.27966, -0.84299], [-1.82375, -1.47484, 0.81201, 2.5689, -3.43948, -0.24122, -0.4634], [-1.911, -1.49525, 0.56672, 2.65666, -3.6084, -0.20279, -0.0838], [-1.94339, -1.50282, 0.47568, 2.68924, -3.6711, -0.18853, 0.05709], [-2.08614, -1.33994, 0.51846, 2.42336, -3.48015, -0.12341, 0.35687], [-2.2289, -1.17706, 0.56123, 2.15749, -3.28921, -0.05829, 0.65665], [-2.37166, -1.01418, 0.60401, 1.89161, -3.09826, 0.00683, 0.95644], [-2.51441, -0.8513, 0.64678, 1.62574, -2.90731, 0.07195, 1.25622], [-2.55973, -0.79959, 0.66036, 1.54133, -2.84669, 0.09262, 1.35139], [-2.52609, -0.6729, 0.66972, 1.43984, -2.45533, 0.10771, 1.08864], [-2.49244, -0.54621, 0.67908, 1.33834, -2.06397, 0.1228, 0.82589], [-2.4588, -0.41952, 0.68844, 1.23685, -1.6726, 0.13789, 0.56314], [-2.42516, -0.29283, 0.6978, 1.13536, -1.28124, 0.15299, 0.30039], [-2.40604, -0.22084, 0.70311, 1.07768, -1.05886, 0.16156, 0.15109], [-2.0674, -0.01706, 0.81017, 1.01587, -1.0136, -0.11082, 0.10342], [-1.72875, 0.18673, 0.91722, 0.95405, -0.96835, -0.3832, 0.05574], [-1.39011, 0.39052, 1.02427, 0.89223, -0.92309, -0.65558, 0.00807], [-1.05147, 0.5943, 1.13132, 0.83041, -0.87784, -0.92795, -0.0396], [-0.71283, 0.79809, 1.23838, 0.7686, -0.83259, -1.20033, -0.08728]]
end: [-0.67605999999999999, 0.82021999999999995, 1.25, 0.76188, -0.82767000000000002, -1.2299100000000001, -0.092450000000000004]
obtacles: [[[0.6, 0.5, -1.0], [0.9, 0.6, 1.0]], [[0.6, -0.6, -1.0], [0.9, -0.5, 1.0]], [[0.6, -0.6, 0.9], [0.9, 0.6, 1.0]], [[0.6, -0.6, -1.0], [0.9, 0.6, -0.9]], [[0.6, -0.6, 0.4], [0.9, 0.6, 0.5]], [[0.6, -0.6, -0.5], [0.9, 0.6, -0.4]], [[0.6, 0.1, 0.5], [0.9, 0.2, 1.0]], [[0.6, 0.1, -0.5], [0.9, 0.2, 0.5]], [[0.6, 0.0, -1.0], [0.9, 0.1, -0.4]]]
start: [-0.49797000000000002, 1.40455, 1.55, 1.42045, -1.4033199999999999, -1.56629, -0.92113]
tajectories: [[-0.49797, 1.40455, 1.55, 1.42045, -1.40332, -1.56629, -0.92113]]
end: [-0.57559000000000005, 1.5378099999999999, 1.6000000000000001, 1.2421, -1.54898, -1.5325200000000001, -0.66742000000000001]
obtacles: [[[0.6, 0.5, -1.0], [0.9, 0.6, 1.0]], [[0.6, -0.6, -1.0], [0.9, -0.5, 1.0]], [[0.6, -0.6, 0.9], [0.9, 0.6, 1.0]], [[0.6, -0.6, -1.0], [0.9, 0.6, -0.9]], [[0.6, -0.6, 0.4], [0.9, 0.6, 0.5]], [[0.6, -0.6, -0.5], [0.9, 0.6, -0.4]], [[0.6, 0.1, 0.5], [0.9, 0.2, 1.0]], [[0.6, 0.1, -0.5], [0.9, 0.2, 0.5]], [[0.6, 0.0, -1.0], [0.9, 0.1, -0.4]]]
start: [-0.38462000000000002, 1.5758799999999999, 1.6000000000000001, 1.22648, -1.58544, -1.5450200000000001, -0.84160000000000001]
tajectories: [[-0.38462, 1.57588, 1.6, 1.22648, -1.58544, -1.54502, -0.8416]]
end: [-0.50532999999999995, 1.8851500000000001, 1.6499999999999999, 1.42205, -1.8934299999999999, -1.5422, -0.89951000000000003]
obtacles: [[[0.6, 0.5, -1.0], [0.9, 0.6, 1.0]], [[0.6, -0.6, -1.0], [0.9, -0.5, 1.0]], [[0.6, -0.6, 0.9], [0.9, 0.6, 1.0]], [[0.6, -0.6, -1.0], [0.9, 0.6, -0.9]], [[0.6, -0.6, 0.4], [0.9, 0.6, 0.5]], [[0.6, -0.6, -0.5], [0.9, 0.6, -0.4]], [[0.6, 0.1, 0.5], [0.9, 0.2, 1.0]], [[0.6, 0.1, -0.5], [0.9, 0.2, 0.5]], [[0.6, 0.0, -1.0], [0.9, 0.1, -0.4]]]
start: [-0.87549999999999994, 1.9321299999999999, 1.8, 1.09914, -1.9950699999999999, -1.54209, -0.17541999999999999]
tajectories: [[-0.8755, 1.93213, 1.8, 1.09914, -1.99507, -1.54209, -0.17542], [-0.99317, 1.8545, 1.87198, 1.46274, -2.07969, -1.31361, 0.00728], [-1.11085, 1.77686, 1.94396, 1.82633, -2.16432, -1.08513, 0.18998], [-1.22852, 1.69923, 2.01594, 2.18992, -2.24894, -0.85664, 0.37268], [-1.3462, 1.6216, 2.08792, 2.55352, -2.33356, -0.62816, 0.55538], [-1.42495, 1.56964, 2.1361, 2.79686, -2.39019, -0.47525, 0.67765], [-1.43123, 1.51903, 1.98018, 2.71372, -2.75914, -0.29459, 0.45989], [-1.4375, 1.46842, 1.82426, 2.63059, -3.12808, -0.11393, 0.24212], [-1.44378, 1.41781, 1.66834, 2.54746, -3.49702, 0.06673, 0.02436], [-1.45005, 1.3672, 1.51242, 2.46432, -3.86596, 0.24739, -0.1934], [-1.45633, 1.31659, 1.35649, 2.38119, -4.2349, 0.42805, -0.41117], [-1.46261, 1.26598, 1.20057, 2.29806, -4.60384, 0.60871, -0.62893], [-1.4646, 1.24989, 1.151, 2.27162, -4.72115, 0.66615, -0.69817], [-1.60171, 1.2621, 1.49502, 2.32387, -4.67436, 0.34476, -0.63117], [-1.73883, 1.27431, 1.83904, 2.37613, -4.62757, 0.02337, -0.56417], [-1.87594, 1.28652, 2.18307, 2.42838, -4.58077, -0.29801, -0.49717], [-2.01305, 1.29873, 2.52709, 2.48063, -4.53398, -0.6194, -0.43017], [-2.08299, 1.30496, 2.70258, 2.50728, -4.51012, -0.78335, -0.396], [-1.8978, 1.24526, 2.59702, 2.29551, -4.11516, -0.79401, -0.40257], [-1.71261, 1.18556, 2.49146, 2.08374, -3.7202, -0.80466, -0.40914], [-1.52742, 1.12586, 2.3859, 1.87197, -3.32524, -0.81531, -0.41572], [-1.34222, 1.06616, 2.28034, 1.6602, -2.93028, -0.82596, -0.42229], [-1.15703, 1.00646, 2.17478, 1.44843, -2.53532, -0.83662, -0.42886], [-0.97184, 0.94676, 2.06921, 1.23665, -2.14036, -0.84727, -0.43544], [-0.78664, 0.88706, 1.96365, 1.02488, -1.7454, -0.85792, -0.44201], [-0.60145, 0.82736, 1.85809, 0.81311, -1.35044, -0.86858, -0.44858]]
end: [-0.49953999999999998, 0.79451000000000005, 1.8, 0.69657999999999998, -1.1331, -0.87444, -0.45219999999999999]
obtacles: [[[0.6, 0.5, -1.0], [0.9, 0.6, 1.0]], [[0.6, -0.6, -1.0], [0.9, -0.5, 1.0]], [[0.6, -0.6, 0.9], [0.9, 0.6, 1.0]], [[0.6, -0.6, -1.0], [0.9, 0.6, -0.9]], [[0.6, -0.6, 0.4], [0.9, 0.6, 0.5]], [[0.6, -0.6, -0.5], [0.9, 0.6, -0.4]], [[0.6, 0.1, 0.5], [0.9, 0.2, 1.0]], [[0.6, 0.1, -0.5], [0.9, 0.2, 0.5]], [[0.6, 0.0, -1.0], [0.9, 0.1, -0.4]]]
start: [-0.21077000000000001, 1.90848, 1.95, 0.79588000000000003, -2.0727699999999998, -1.55304, -0.51515999999999995]
tajectories: [[-0.21077, 1.90848, 1.95, 0.79588, -2.07277, -1.55304, -0.51516], [-0.27959, 1.8505, 1.77316, 0.87846, -1.72052, -1.31212, -0.36792], [-0.34841, 1.79252, 1.59632, 0.96104, -1.36827, -1.07119, -0.22067], [-0.41723, 1.73454, 1.41948, 1.04361, -1.01601, -0.83026, -0.07343], [-0.48606, 1.67656, 1.24263, 1.12619, -0.66376, -0.58933, 0.07381], [-0.55488, 1.61858, 1.06579, 1.20877, -0.31151, -0.3484, 0.22106], [-0.6237, 1.56059, 0.88895, 1.29134, 0.04075, -0.10747, 0.3683], [-0.69253, 1.50261, 0.71211, 1.37392, 0.393, 0.13346, 0.51554], [-0.74394, 1.4593, 0.58, 1.43561, 0.65614, 0.31344, 0.62554], [-0.90474, 1.2903, 0.63381, 1.64116, 0.63083, 0.16821, 0.98429], [-1.06553, 1.1213, 0.68761, 1.84671, 0.60552, 0.02298, 1.34304], [-1.22633, 0.95229, 0.74141, 2.05226, 0.58021, -0.12225, 1.7018], [-1.38713, 0.78329, 0.79521, 2.25782, 0.5549, -0.26748, 2.06055], [-1.54793, 0.61429, 0.84902, 2.46337, 0.52958, -0.41271, 2.4193], [-1.70873, 0.44529, 0.90282, 2.66892, 0.50427, -0.55794, 2.77805], [-1.78084, 0.36949, 0.92695, 2.76111, 0.49292, -0.62307, 2.93895], [-1.86404, 0.43723, 0.9068, 2.42734, 0.16987, -0.53439, 2.81874], [-1.94723, 0.50497, 0.88664, 2.09356, -0.15318, -0.4457, 2.69852], [-2.03042, 0.57271, 0.86649, 1.75978, -0.47623, -0.35701, 2.57831], [-2.11362, 0.64045, 0.84634, 1.42601, -0.79928, -0.26832, 2.45809], [-2.19681, 0.70818, 0.82619, 1.09223, -1.12233, -0.17964, 2.33788], [-2.28, 0.77592, 0.80603, 0.75846, -1.44538, -0.09095, 2.21766], [-2.36319, 0.84366, 0.78588, 0.42468, -1.76843, -0.00226, 2.09745], [-2.39336, 0.86822, 0.77857, 0.30367, -1.88555, 0.0299, 2.05386], [-2.11208, 0.77385, 0.97758, 0.14516, -2.19362, 0.07353, 2.07482], [-1.8308, 0.67949, 1.17659, -0.01334, -2.50169, 0.11716, 2.09578], [-1.54952, 0.58512, 1.3756, -0.17184, -2.80976, 0.16078, 2.11675], [-1.26824, 0.49075, 1.5746, -0.33034, -3.11783, 0.20441, 2.13771], [-0.98696, 0.39639, 1.77361, -0.48884, -3.4259, 0.24804, 2.15867], [-0.70568, 0.30202, 1.97262, -0.64734, -3.73397, 0.29167, 2.17963], [-0.4244, 0.20765, 2.17163, -0.80584, -4.04204, 0.3353, 2.20059], [-0.40155, 0.19999, 2.18779, -0.81872, -4.06706, 0.33885, 2.20229], [-0.3793, 0.30077, 2.14903, -0.71114, -3.7425, 0.13914, 1.91761], [-0.35705, 0.40155, 2.11028, -0.60356, -3.41793, -0.06058, 1.63292], [-0.3348, 0.50233, 2.07152, -0.49598, -3.09337, -0.26029, 1.34824], [-0.31255, 0.60311, 2.03276, -0.3884, -2.7688, -0.46, 1.06355], [-0.2903, 0.7039, 1.994, -0.28082, -2.44424, -0.65971, 0.77887], [-0.26805, 0.80468, 1.95525, -0.17324, -2.11968, -0.85942, 0.49418]]
end: [-0.26504, 0.81832000000000005, 1.95, -0.15867999999999999, -2.0757400000000001, -0.88646000000000003, 0.45563999999999999]
