obtacles: [[[0.6, 0.5, -1.0], [0.9, 0.6, 1.0]], [[0.6, -0.6, -1.0], [0.9, -0.5, 1.0]], [[0.6, -0.6, 0.9], [0.9, 0.6, 1.0]], [[0.6, -0.6, -1.0], [0.9, 0.6, -0.9]], [[0.6, -0.6, 0.5], [0.9, 0.6, 0.6]], [[0.6, -0.6, -0.5], [0.9, 0.6, -0.4]], [[0.6, -0.3, 0.6], [0.9, -0.2, 1.0]], [[0.6, 0.2, -0.5], [0.9, 0.3, 0.6]], [[0.6, -0.3, -1.0], [0.9, -0.2, -0.4]]]
start: [-0.49143999999999999, 1.9000600000000001, 1.7, 1.8391, -1.8602300000000001, -1.36609, -1.2962400000000001]
tajectories: [[-0.49144, 1.90006, 1.7, 1.8391, -1.86023, -1.36609, -1.29624], [-0.81592, 1.88848, 1.7, 1.78426, -1.85899, -1.38387, -0.92041]]
end: [-0.86378999999999995, 1.8867700000000001, 1.7, 1.77617, -1.8588100000000001, -1.38649, -0.86497000000000002]
obtacles: [[[0.6, 0.5, -1.0], [0.9, 0.6, 1.0]], [[0.6, -0.6, -1.0], [0.9, -0.5, 1.0]], [[0.6, -0.6, 0.9], [0.9, 0.6, 1.0]], [[0.6, -0.6, -1.0], [0.9, 0.6, -0.9]], [[0.6, -0.6, 0.5], [0.9, 0.6, 0.6]], [[0.6, -0.6, -0.5], [0.9, 0.6, -0.4]], [[0.6, -0.3, 0.6], [0.9, -0.2, 1.0]], [[0.6, 0.2, -0.5], [0.9, 0.3, 0.6]], [[0.6, -0.3, -1.0], [0.9, -0.2, -0.4]]]
start: [-0.21437, 1.9674100000000001, 1.95, 0.86136999999999997, -2.1124200000000002, -1.5633600000000001, -0.56784999999999997]
tajectories: [[-0.21437, 1.96741, 1.95, 0.86137, -2.11242, -1.56336, -0.56785], [-0.26973, 1.87155, 1.95677, 0.76683, -1.75621, -1.25042, -0.50504], [-0.3251, 1.77568, 1.96354, 0.67228, -1.40001, -0.93748, -0.44222], [-0.34247, 1.7456, 1.96567, 0.64262, -1.28825, -0.8393, -0.42251], [-0.28785, 1.69006, 1.91253, 0.54388, -1.26695, -0.42012, -0.65745], [-0.23322, 1.63452, 1.8594, 0.44514, -1.24565, -0.00094, -0.89239], [-0.1786, 1.57898, 1.80627, 0.3464, -1.22436, 0.41823, -1.12732], [-0.12398, 1.52345, 1.75313, 0.24765, -1.20306, 0.83741, -1.36226], [-0.08062, 1.47936, 1.71096, 0.16928, -1.18615, 1.17014, -1.54875], [-0.26589, 1.55743, 1.5857, 0.55673, -1.15167, 1.13594, -1.34525], [-0.45117, 1.6355, 1.46044, 0.94418, -1.11718, 1.10173, -1.14176], [-0.63644, 1.71358, 1.33519, 1.33164, -1.0827, 1.06753, -0.93826], [-0.82171, 1.79165, 1.20993, 1.71909, -1.04821, 1.03333, -0.73477], [-1.00471, 1.86876, 1.0862, 2.10181, -1.01414, 0.99954, -0.53376], [-1.21614, 1.7429, 1.31405, 2.12552, -1.15632, 0.77458, -0.79098], [-1.42758, 1.61705, 1.5419, 2.14924, -1.29849, 0.54962, -1.04819], [-1.63901, 1.49119, 1.76975, 2.17296, -1.44066, 0.32466, -1.3054], [-1.85045, 1.36533, 1.9976, 2.19667, -1.58283, 0.0997, -1.56261], [-2.02541, 1.26118, 2.18615, 2.2163, -1.70048, -0.08645, -1.77545], [-1.738, 1.04309, 2.15282, 2.11456, -1.41879, -0.22536, -1.67683], [-1.45058, 0.825, 2.1195, 2.01282, -1.13711, -0.36426, -1.57821], [-1.16316, 0.60691, 2.08618, 1.91109, -0.85542, -0.50317, -1.4796], [-0.90861, 0.41375, 2.05667, 1.82098, -0.60594, -0.6262, -1.39225], [-0.79535, 0.4841, 1.83263, 1.55413, -0.62618, -0.79908, -1.10849], [-0.68209, 0.55446, 1.60858, 1.28729, -0.64642, -0.97196, -0.82472], [-0.56883, 0.62481, 1.38454, 1.02044, -0.66667, -1.14485, -0.54096]]
end: [-0.52610000000000001, 0.65136000000000005, 1.3, 0.91974999999999996, -0.67430000000000001, -1.21008, -0.43387999999999999]
obtacles: [[[0.6, 0.5, -1.0], [0.9, 0.6, 1.0]], [[0.6, -0.6, -1.0], [0.9, -0.5, 1.0]], [[0.6, -0.6, 0.9], [0.9, 0.6, 1.0]], [[0.6, -0.6, -1.0], [0.9, 0.6, -0.9]], [[0.6, -0.6, 0.5], [0.9, 0.6, 0.6]], [[0.6, -0.6, -0.5], [0.9, 0.6, -0.4]], [[0.6, -0.3, 0.6], [0.9, -0.2, 1.0]], [[0.6, 0.2, -0.5], [0.9, 0.3, 0.6]], [[0.6, -0.3, -1.0], [0.9, -0.2, -0.4]]]
start: [-0.59875, 1.88205, 1.6499999999999999, 1.3395600000000001, -1.8916299999999999, -1.5676699999999999, -0.72787000000000002]
tajectories: [[-0.59875, 1.88205, 1.65, 1.33956, -1.89163, -1.56767, -0.72787], [-0.70696, 1.83446, 1.77365, 1.57519, -2.16893, -1.2707, -0.73938], [-0.81517, 1.78688, 1.8973, 1.81082, -2.44622, -0.97373, -0.7509], [-0.92338, 1.7393, 2.02095, 2.04645, -2.72351, -0.67676, -0.76242], [-1.03159, 1.69172, 2.1446, 2.28209, -3.0008, -0.3798, -0.77393], [-1.1398, 1.64413, 2.26826, 2.51772, -3.2781, -0.08283, -0.78545], [-1.22232, 1.60785, 2.36255, 2.6974, -3.48955, 0.14363, -0.79423], [-1.19198, 1.21235, 2.1375, 2.67287, -3.45519, 0.3439, -0.78331], [-1.16164, 0.81684, 1.91245, 2.64834, -3.42084, 0.54416, -0.77239], [-1.13129, 0.42134, 1.68739, 2.6238, -3.38649, 0.74443, -0.76147], [-1.10095, 0.02583, 1.46234, 2.59927, -3.35213, 0.9447, -0.75055], [-1.07061, -0.36967, 1.23729, 2.57473, -3.31778, 1.14496, -0.73963], [-1.04812, -0.66281, 1.07049, 2.55655, -3.29231, 1.2934, -0.73154], [-1.24325, -0.67371, 1.15684, 2.29471, -3.14071, 1.26035, -1.06577], [-1.43838, -0.68462, 1.24319, 2.03287, -2.9891, 1.22731, -1.40001], [-1.63351, -0.69552, 1.32954, 1.77103, -2.8375, 1.19427, -1.73425], [-1.82864, -0.70642, 1.41589, 1.50919, -2.6859, 1.16123, -2.06848], [-2.02376, -0.71733, 1.50224, 1.24735, -2.53429, 1.12819, -2.40272], [-2.21889, -0.72823, 1.58859, 0.98551, -2.38269, 1.09515, -2.73695]]
end: [-2.3576600000000001, -0.73599000000000003, 1.6499999999999999, 0.79930000000000001, -2.2748699999999999, 1.07165, -2.97465]
obtacles: [[[0.6, 0.5, -1.0], [0.9, 0.6, 1.0]], [[0.6, -0.6, -1.0], [0.9, -0.5, 1.0]], [[0.6, -0.6, 0.9], [0.9, 0.6, 1.0]], [[0.6, -0.6, -1.0], [0.9, 0.6, -0.9]], [[0.6, -0.6, 0.5], [0.9, 0.6, 0.6]], [[0.6, -0.6, -0.5], [0.9, 0.6, -0.4]], [[0.6, -0.3, 0.6], [0.9, -0.2, 1.0]], [[0.6, 0.2, -0.5], [0.9, 0.3, 0.6]], [[0.6, -0.3, -1.0], [0.9, -0.2, -0.4]]]
start: [-0.79444999999999999, 1.4484399999999999, 1.6499999999999999, 1.3194999999999999, -1.4713799999999999, -1.46418, -0.53522000000000003]
tajectories: [[-0.79445, 1.44844, 1.65, 1.3195, -1.47138, -1.46418, -0.53522], [-0.78144, 1.48205, 1.46094, 1.55564, -1.52044, -1.43879, -0.92783], [-0.76843, 1.51567, 1.27187, 1.79178, -1.56951, -1.41341, -1.32044], [-0.75542, 1.54928, 1.08281, 2.02792, -1.61857, -1.38802, -1.71305], [-0.74241, 1.58289, 0.89375, 2.26406, -1.66764, -1.36263, -2.10566], [-0.7294, 1.61651, 0.70469, 2.5002, -1.7167, -1.33724, -2.49827], [-0.7164, 1.65012, 0.51562, 2.73634, -1.76577, -1.31186, -2.89088], [-0.71453, 1.65494, 0.48854, 2.77018, -1.7728, -1.30822, -2.94713], [-0.66114, 1.30288, 0.37273, 2.76199, -1.45014, -1.27924, -2.87803], [-0.60774, 0.95082, 0.25692, 2.75381, -1.12747, -1.25026, -2.80894], [-0.55435, 0.59876, 0.14111, 2.74563, -0.80481, -1.22128, -2.73985], [-0.50095, 0.2467, 0.0253, 2.73744, -0.48215, -1.1923, -2.67075], [-0.44756, -0.10536, -0.09051, 2.72926, -0.15949, -1.16332, -2.60166], [-0.39416, -0.45742, -0.20632, 2.72107, 0.16317, -1.13434, -2.53257], [-0.36655, -0.63944, -0.2662, 2.71684, 0.32999, -1.11936, -2.49684], [-0.41831, -0.45922, -0.0108, 2.48729, 0.17649, -1.11647, -2.22602], [-0.47006, -0.27899, 0.24459, 2.25773, 0.02299, -1.11358, -1.95519], [-0.52182, -0.09877, 0.49999, 2.02818, -0.13051, -1.1107, -1.68436], [-0.57357, 0.08146, 0.75538, 1.79862, -0.28401, -1.10781, -1.41353], [-0.62533, 0.26168, 1.01078, 1.56907, -0.43751, -1.10493, -1.14271], [-0.67708, 0.4419, 1.26618, 1.33951, -0.59101, -1.10204, -0.87188], [-0.72884, 0.62213, 1.52157, 1.10996, -0.74451, -1.09916, -0.60105]]
end: [-0.75485999999999998, 0.71274999999999999, 1.6499999999999999, 0.99451999999999996, -0.82169999999999999, -1.09771, -0.46486]
obtacles: [[[0.6, 0.5, -1.0], [0.9, 0.6, 1.0]], [[0.6, -0.6, -1.0], [0.9, -0.5, 1.0]], [[0.6, -0.6, 0.9], [0.9, 0.6, 1.0]], [[0.6, -0.6, -1.0], [0.9, 0.6, -0.9]], [[0.6, -0.6, 0.5], [0.9, 0.6, 0.6]], [[0.6, -0.6, -0.5], [0.9, 0.6, -0.4]], [[0.6, -0.3, 0.6], [0.9, -0.2, 1.0]], [[0.6, 0.2, -0.5], [0.9, 0.3, 0.6]], [[0.6, -0.3, -1.0], [0.9, -0.2, -0.4]]]
start: [-0.12537999999999999, 1.6093299999999999, 1.6499999999999999, 0.76305000000000001, -1.65469, -1.544, -0.63500999999999996]
tajectories: [[-0.12538, 1.60933, 1.65, 0.76305, -1.65469, -1.544, -0.63501], [-0.12525, 1.73405, 1.94707, 0.64602, -1.97178, -1.55347, -0.4565], [-0.12512, 1.85877, 2.24413, 0.529, -2.28887, -1.56295, -0.27798]]
end: [-0.12506, 1.92421, 2.3999999999999999, 0.46760000000000002, -2.4552399999999999, -1.56792, -0.18432000000000001]
obtacles: [[[0.6, 0.5, -1.0], [0.9, 0.6, 1.0]], [[0.6, -0.6, -1.0], [0.9, -0.5, 1.0]], [[0.6, -0.6, 0.9], [0.9, 0.6, 1.0]], [[0.6, -0.6, -1.0], [0.9, 0.6, -0.9]], [[0.6, -0.6, 0.5], [0.9, 0.6, 0.6]], [[0.6, -0.6, -0.5], [0.9, 0.6, -0.4]], [[0.6, -0.3, 0.6], [0.9, -0.2, 1.0]], [[0.6, 0.2, -0.5], [0.9, 0.3, 0.6]], [[0.6, -0.3, -1.0], [0.9, -0.2, -0.4]]]
start: [-1.9662599999999999, -1.7759499999999999, 1.55, 1.50281, -1.3647100000000001, 1.5643199999999999, -2.8169300000000002]
tajectories: [[-1.96626, -1.77595, 1.55, 1.50281, -1.36471, 1.56432, -2.81693], [-1.8517, -1.57548, 1.5978, 1.71184, -1.31454, 1.20726, -2.67306], [-1.73715, -1.37501, 1.64561, 1.92088, -1.26438, 0.85019, -2.5292], [-1.62259, -1.17455, 1.69341, 2.12991, -1.21421, 0.49313, -2.38533], [-1.50804, -0.97408, 1.74121, 2.33894, -1.16404, 0.13606, -2.24147], [-1.39348, -0.77361, 1.78902, 2.54798, -1.11387, -0.221, -2.0976], [-1.36055, -0.71599, 1.80276, 2.60806, -1.09945, -0.32364, -2.05625], [-1.28637, -0.3895, 2.02677, 2.64102, -0.91183, -0.53297, -1.96897], [-1.21218, -0.06302, 2.25078, 2.67397, -0.72421, -0.74229, -1.88169], [-1.14224, 0.24478, 2.46198, 2.70504, -0.54733, -0.93964, -1.79941], [-1.30065, 0.62247, 2.39132, 2.71104, -0.50846, -0.6646, -1.7911], [-1.45906, 1.00016, 2.32066, 2.71704, -0.46959, -0.38955, -1.7828], [-1.61748, 1.37785, 2.25, 2.72304, -0.43072, -0.11451, -1.77449], [-1.72188, 1.62677, 2.20343, 2.72699, -0.4051, 0.06676, -1.76902], [-1.5938, 1.56898, 2.09438, 2.47158, -0.55319, -0.19214, -1.51571], [-1.46571, 1.51119, 1.98533, 2.21616, -0.70129, -0.45104, -1.2624], [-1.33762, 1.4534, 1.87628, 1.96075, -0.84938, -0.70994, -1.0091], [-1.20953, 1.39561, 1.76723, 1.70533, -0.99747, -0.96884, -0.75579], [-1.08145, 1.33782, 1.65818, 1.44991, -1.14557, -1.22774, -0.50249]]
end: [-0.95438000000000001, 1.2804899999999999, 1.55, 1.1965300000000001, -1.2924800000000001, -1.4845900000000001, -0.25119000000000002]
obtacles: [[[0.6, 0.5, -1.0], [0.9, 0.6, 1.0]], [[0.6, -0.6, -1.0], [0.9, -0.5, 1.0]], [[0.6, -0.6, 0.9], [0.9, 0.6, 1.0]], [[0.6, -0.6, -1.0], [0.9, 0.6, -0.9]], [[0.6, -0.6, 0.5], [0.9, 0.6, 0.6]], [[0.6, -0.6, -0.5], [0.9, 0.6, -0.4]], [[0.6, -0.3, 0.6], [0.9, -0.2, 1.0]], [[0.6, 0.2, -0.5], [0.9, 0.3, 0.6]], [[0.6, -0.3, -1.0], [0.9, -0.2, -0.4]]]
start: [-2.0111400000000001, -1.64185, 1.1499999999999999, 1.5971900000000001, -4.6463400000000004, -1.14923, 0.43741999999999998]
tajectories: [[-2.01114, -1.64185, 1.15, 1.59719, -4.64634, -1.14923, 0.43742], [-1.84346, -1.67271, 1.27826, 1.75342, -4.22962, -1.10877, 0.3683], [-1.67579, -1.70358, 1.40653, 1.90965, -3.81289, -1.0683, 0.29918], [-1.50812, -1.73444, 1.53479, 2.06587, -3.39617, -1.02784, 0.23007], [-1.34045, -1.7653, 1.66306, 2.2221, -2.97944, -0.98737, 0.16095], [-1.17278, -1.79616, 1.79132, 2.37833, -2.56271, -0.94691, 0.09183], [-1.00511, -1.82702, 1.91959, 2.53456, -2.14599, -0.90644, 0.02272], [-0.97077, -1.83334, 1.94586, 2.56656, -2.06062, -0.89815, 0.00856], [-1.22971, -1.46371, 2.07952, 2.6353, -1.95086, -0.96812, 0.09098], [-1.48865, -1.09408, 2.21317, 2.70404, -1.84111, -1.03808, 0.17339], [-1.74759, -0.72445, 2.34683, 2.77278, -1.73135, -1.10805, 0.25581], [-2.00653, -0.35482, 2.48048, 2.84152, -1.62159, -1.17802, 0.33823], [-2.26547, 0.01481, 2.61414, 2.91027, -1.51184, -1.24798, 0.42065], [-2.46633, 0.30154, 2.71782, 2.96359, -1.4267, -1.30226, 0.48458], [-2.07874, 0.54206, 2.63094, 2.84253, -1.28875, -1.32659, 0.47501], [-1.69114, 0.78259, 2.54406, 2.72147, -1.1508, -1.35093, 0.46544], [-1.30355, 1.02311, 2.45717, 2.60041, -1.01285, -1.37526, 0.45587], [-0.91595, 1.26364, 2.37029, 2.47936, -0.8749, -1.39959, 0.4463], [-0.52836, 1.50416, 2.28341, 2.3583, -0.73696, -1.42393, 0.43673], [-0.26307, 1.66879, 2.22394, 2.27544, -0.64254, -1.44058, 0.43019], [-0.31697, 1.72742, 2.24875, 1.93401, -0.99334, -1.4657, 0.37751], [-0.37087, 1.78605, 2.27355, 1.59258, -1.34415, -1.49081, 0.32484], [-0.42476, 1.84468, 2.29835, 1.25115, -1.69495, -1.51593, 0.27216], [-0.47866, 1.90331, 2.32315, 0.90972, -2.04575, -1.54104, 0.21949], [-0.53256, 1.96194, 2.34795, 0.56829, -2.39655, -1.56616, 0.16682]]
end: [-0.53700999999999999, 1.96678, 2.3500000000000001, 0.54008999999999996, -2.4255300000000002, -1.56823, 0.16247]
obtacles: [[[0.6, 0.5, -1.0], [0.9, 0.6, 1.0]], [[0.6, -0.6, -1.0], [0.9, -0.5, 1.0]], [[0.6, -0.6, 0.9], [0.9, 0.6, 1.0]], [[0.6, -0.6, -1.0], [0.9, 0.6, -0.9]], [[0.6, -0.6, 0.5], [0.9, 0.6, 0.6]], [[0.6, -0.6, -0.5], [0.9, 0.6, -0.4]], [[0.6, -0.3, 0.6], [0.9, -0.2, 1.0]], [[0.6, 0.2, -0.5], [0.9, 0.3, 0.6]], [[0.6, -0.3, -1.0], [0.9, -0.2, -0.4]]]
start: [-0.54217000000000004, 1.88941, 1.8500000000000001, 0.92154999999999998, -1.9908699999999999, -1.5517099999999999, -0.33017000000000002]
tajectories: [[-0.54217, 1.88941, 1.85, 0.92155, -1.99087, -1.55171, -0.33017], [-0.62218, 1.76004, 1.51196, 1.16204, -2.02246, -1.42001, -0.52098], [-0.7022, 1.63066, 1.17393, 1.40254, -2.05406, -1.2883, -0.7118], [-0.78221, 1.50129, 0.83589, 1.64303, -2.08565, -1.15659, -0.90261], [-0.86223, 1.37192, 0.49785, 1.88352, -2.11725, -1.02489, -1.09342], [-0.94224, 1.24254, 0.15982, 2.12402, -2.14885, -0.89318, -1.28423], [-1.02226, 1.11317, -0.17822, 2.36451, -2.18044, -0.76147, -1.47505], [-1.0311, 1.09887, -0.21556, 2.39108, -2.18393, -0.74692, -1.49613], [-1.10085, 0.69928, -0.08711, 2.44949, -2.18283, -0.72995, -1.75158], [-1.1706, 0.29968, 0.04135, 2.50789, -2.18173, -0.71298, -2.00703], [-1.24035, -0.09992, 0.1698, 2.5663, -2.18063, -0.69601, -2.26248], [-1.3101, -0.49952, 0.29826, 2.62471, -2.17952, -0.67903, -2.51793], [-1.37985, -0.89912, 0.42671, 2.68311, -2.17842, -0.66206, -2.77338], [-1.39743, -0.99983, 0.45909, 2.69783, -2.17814, -0.65778, -2.83776], [-1.12678, -0.83679, 0.47777, 2.49147, -1.8689, -0.60355, -2.74473], [-0.85613, -0.67375, 0.49645, 2.2851, -1.55965, -0.54932, -2.6517], [-0.58548, -0.51071, 0.51513, 2.07874, -1.2504, -0.49509, -2.55867], [-0.31484, -0.34766, 0.53381, 1.87237, -0.94115, -0.44085, -2.46563], [-0.04419, -0.18462, 0.55249, 1.666, -0.6319, -0.38662, -2.3726], [0.22646, -0.02158, 0.57117, 1.45964, -0.32265, -0.33239, -2.27957], [0.49711, 0.14146, 0.58985, 1.25327, -0.0134, -0.27816, -2.18653], [0.57381, 0.18767, 0.59515, 1.19478, 0.07424, -0.26279, -2.16017], [0.40299, 0.31081, 0.85898, 1.13232, -0.14978, -0.40339, -1.91078], [0.23216, 0.43395, 1.12281, 1.06986, -0.3738, -0.54399, -1.66139], [0.06134, 0.55709, 1.38664, 1.0074, -0.59782, -0.68459, -1.41201], [-0.10948, 0.68023, 1.65047, 0.94494, -0.82185, -0.82519, -1.16262]]
end: [-0.23868, 0.77336000000000005, 1.8500000000000001, 0.89770000000000005, -0.99126999999999998, -0.93152000000000001, -0.97402]
