obtacles: [[[0.6, 0.5, -1.0], [0.9, 0.6, 1.0]], [[0.6, -0.6, -1.0], [0.9, -0.5, 1.0]], [[0.6, -0.6, 0.9], [0.9, 0.6, 1.0]], [[0.6, -0.6, -1.0], [0.9, 0.6, -0.9]], [[0.6, -0.6, 0.4], [0.9, 0.6, 0.5]], [[0.6, -0.6, -0.4], [0.9, 0.6, -0.3]], [[0.6, 0.1, 0.5], [0.9, 0.2, 1.0]], [[0.6, -0.3, -0.4], [0.9, -0.2, 0.5]], [[0.6, 0.1, -1.0], [0.9, 0.2, -0.3]]]
start: [0.28647, 1.83447, -0.25, -0.78400999999999998, 0.27505000000000002, -1.0747199999999999, -0.48643999999999998]
tajectories: [[0.28647, 1.83447, -0.25, -0.78401, 0.27505, -1.07472, -0.48644], [0.20653, 1.80596, -0.52392, -0.67986, 0.47505, -0.76336, -0.34514], [0.1266, 1.77745, -0.79785, -0.5757, 0.67506, -0.45199, -0.20385], [0.04666, 1.74894, -1.07177, -0.47155, 0.87507, -0.14063, -0.06255], [-0.03327, 1.72042, -1.3457, -0.36739, 1.07508, 0.17073, 0.07875], [-0.09018, 1.70013, -1.5407, -0.29324, 1.21747, 0.39239, 0.17933], [0.12355, 1.66709, -1.57392, 0.00017, 1.18977, 0.44382, -0.15626], [0.33728, 1.63405, -1.60714, 0.29358, 1.16207, 0.49526, -0.49185], [0.55102, 1.60102, -1.64035, 0.58699, 1.13438, 0.54669, -0.82744], [0.76475, 1.56798, -1.67357, 0.88041, 1.10668, 0.59812, -1.16303], [0.89004, 1.54862, -1.69304, 1.05241, 1.09045, 0.62827, -1.35976], [1.05288, 1.49711, -1.72835, 1.46121, 1.03295, 0.51543, -1.55061], [1.21572, 1.44561, -1.76366, 1.87002, 0.97546, 0.40259, -1.74146], [1.37856, 1.39411, -1.79898, 2.27883, 0.91797, 0.28975, -1.93231], [1.5414, 1.34261, -1.83429, 2.68763, 0.86047, 0.17692, -2.12316], [1.68175, 1.29823, -1.86472, 3.03996, 0.81092, 0.07967, -2.28764], [1.60402, 1.19532, -1.96858, 2.8648, 0.53935, 0.08492, -1.94394], [1.5263, 1.09242, -2.07244, 2.68964, 0.26778, 0.09018, -1.60025], [1.44857, 0.98952, -2.17629, 2.51447, -0.00379, 0.09543, -1.25656], [1.37085, 0.88662, -2.28015, 2.33931, -0.27536, 0.10068, -0.91287], [1.29313, 0.78372, -2.38401, 2.16415, -0.54693, 0.10594, -0.56917], [1.2154, 0.68082, -2.48786, 1.98899, -0.8185, 0.11119, -0.22548], [1.2001, 0.66056, -2.50831, 1.95451, -0.87196, 0.11223, -0.15783], [0.99711, 0.6812, -2.3938, 1.81127, -0.86494, -0.05048, 0.22716], [0.79413, 0.70183, -2.2793, 1.66802, -0.85792, -0.21319, 0.61215], [0.59114, 0.72246, -2.1648, 1.52478, -0.8509, -0.3759, 0.99714], [0.38815, 0.74309, -2.05029, 1.38154, -0.84388, -0.53861, 1.38213], [0.18516, 0.76372, -1.93579, 1.2383, -0.83687, -0.70131, 1.76712], [0.15721, 0.76656, -1.92003, 1.21857, -0.8359, -0.72371, 1.82013], [0.01865, 0.75522, -1.58612, 1.128, -0.63619, -0.87119, 1.59799], [-0.11991, 0.74389, -1.25221, 1.03743, -0.43649, -1.01867, 1.37586], [-0.25847, 0.73255, -0.91831, 0.94685, -0.23678, -1.16615, 1.15373], [-0.39703, 0.72121, -0.5844, 0.85628, -0.03707, -1.31362, 0.9316], [-0.53559, 0.70988, -0.25049, 0.76571, 0.16264, -1.4611, 0.70947]]
end: [-0.53580000000000005, 0.70986000000000005, -0.25, 0.76556999999999997, 0.16292999999999999, -1.46132, 0.70913999999999999]
obtacles: [[[0.6, 0.5, -1.0], [0.9, 0.6, 1.0]], [[0.6, -0.6, -1.0], [0.9, -0.5, 1.0]], [[0.6, -0.6, 0.9], [0.9, 0.6, 1.0]], [[0.6, -0.6, -1.0], [0.9, 0.6, -0.9]], [[0.6, -0.6, 0.4], [0.9, 0.6, 0.5]], [[0.6, -0.6, -0.4], [0.9, 0.6, -0.3]], [[0.6, 0.1, 0.5], [0.9, 0.2, 1.0]], [[0.6, -0.3, -0.4], [0.9, -0.2, 0.5]], [[0.6, 0.1, -1.0], [0.9, 0.2, -0.3]]]
start: [-2.3777400000000002, -1.9176, 1.1499999999999999, 1.4689300000000001, -1.1567799999999999, 1.2157800000000001, -2.5866199999999999]
tajectories: [[-2.37774, -1.9176, 1.15, 1.46893, -1.15678, 1.21578, -2.58662], [-2.38752, -1.8399, 1.20168, 1.72701, -1.32428, 0.8372, -2.64327], [-2.39731, -1.76219, 1.25337, 1.9851, -1.49177, 0.45862, -2.69993], [-2.4071, -1.68449, 1.30505, 2.24319, -1.65927, 0.08004, -2.75658], [-2.4139, -1.63049, 1.34097, 2.42255, -1.77567, -0.18306, -2.79595], [-2.39191, -1.27579, 1.48419, 2.49008, -1.67105, -0.31341, -2.53006], [-2.36991, -0.92109, 1.6274, 2.55761, -1.56642, -0.44377, -2.26418], [-2.34792, -0.56639, 1.77062, 2.62514, -1.4618, -0.57413, -1.99829], [-2.32593, -0.2117, 1.91383, 2.69267, -1.35718, -0.70449, -1.7324], [-2.3137, -0.01452, 1.99345, 2.73021, -1.29902, -0.77695, -1.58459], [-2.10767, 0.11473, 1.87455, 2.41931, -1.24044, -0.83455, -1.31384], [-1.90164, 0.24397, 1.75566, 2.10841, -1.18187, -0.89214, -1.04309], [-1.6956, 0.37321, 1.63676, 1.79752, -1.1233, -0.94974, -0.77235], [-1.48957, 0.50246, 1.51786, 1.48662, -1.06473, -1.00733, -0.5016], [-1.28354, 0.6317, 1.39897, 1.17572, -1.00616, -1.06492, -0.23085], [-1.07751, 0.76094, 1.28007, 0.86482, -0.94759, -1.12252, 0.0399], [-0.87148, 0.89018, 1.16117, 0.55392, -0.88902, -1.18011, 0.31065]]
end: [-0.85211999999999999, 0.90232999999999997, 1.1499999999999999, 0.52471000000000001, -0.88351999999999997, -1.1855199999999999, 0.33609]
obtacles: [[[0.6, 0.5, -1.0], [0.9, 0.6, 1.0]], [[0.6, -0.6, -1.0], [0.9, -0.5, 1.0]], [[0.6, -0.6, 0.9], [0.9, 0.6, 1.0]], [[0.6, -0.6, -1.0], [0.9, 0.6, -0.9]], [[0.6, -0.6, 0.4], [0.9, 0.6, 0.5]], [[0.6, -0.6, -0.4], [0.9, 0.6, -0.3]], [[0.6, 0.1, 0.5], [0.9, 0.2, 1.0]], [[0.6, -0.3, -0.4], [0.9, -0.2, 0.5]], [[0.6, 0.1, -1.0], [0.9, 0.2, -0.3]]]
start: [0.70730999999999999, 1.9436100000000001, -1.55, 1.69472, -1.1982900000000001, 1.5449900000000001, -2.1551200000000001]
tajectories: [[0.70731, 1.94361, -1.55, 1.69472, -1.19829, 1.54499, -2.15512], [1.08411, 1.72588, -1.66763, 1.80476, -1.12979, 1.526, -1.983], [1.4609, 1.50816, -1.78526, 1.91479, -1.06129, 1.50701, -1.81089], [1.8377, 1.29043, -1.90288, 2.02483, -0.9928, 1.48803, -1.63878], [2.09137, 1.14385, -1.98208, 2.0989, -0.94668, 1.47524, -1.5229], [2.08989, 0.94582, -1.90165, 2.14573, -1.00573, 1.03549, -1.59535], [2.08841, 0.74779, -1.82123, 2.19255, -1.06478, 0.59573, -1.66781], [2.0876, 0.63926, -1.77716, 2.21821, -1.09714, 0.35474, -1.70751], [1.88768, 0.49236, -1.72785, 1.92394, -1.03446, 0.14416, -1.48135], [1.68776, 0.34546, -1.67853, 1.62966, -0.97177, -0.06642, -1.2552], [1.55011, 0.24432, -1.64458, 1.42706, -0.92862, -0.2114, -1.09949], [1.82997, 0.03162, -1.79159, 1.42316, -0.64696, -0.25805, -0.94684], [2.10982, -0.18108, -1.9386, 1.41927, -0.3653, -0.3047, -0.79419], [2.36087, -0.37188, -2.07048, 1.41577, -0.11263, -0.34654, -0.65725], [2.31594, -0.52564, -1.98699, 1.24298, -0.35311, -0.63312, -0.43918], [2.27102, -0.6794, -1.9035, 1.07019, -0.59359, -0.91971, -0.22112], [2.22609, -0.83315, -1.82001, 0.89739, -0.83406, -1.20629, -0.00305]]
end: [2.2153299999999998, -0.87, -1.8, 0.85597999999999996, -0.89170000000000005, -1.27498, 0.04922]
obtacles: [[[0.6, 0.5, -1.0], [0.9, 0.6, 1.0]], [[0.6, -0.6, -1.0], [0.9, -0.5, 1.0]], [[0.6, -0.6, 0.9], [0.9, 0.6, 1.0]], [[0.6, -0.6, -1.0], [0.9, 0.6, -0.9]], [[0.6, -0.6, 0.4], [0.9, 0.6, 0.5]], [[0.6, -0.6, -0.4], [0.9, 0.6, -0.3]], [[0.6, 0.1, 0.5], [0.9, 0.2, 1.0]], [[0.6, -0.3, -0.4], [0.9, -0.2, 0.5]], [[0.6, 0.1, -1.0], [0.9, 0.2, -0.3]]]
start: [0.69625999999999999, 1.7061299999999999, -1.8, 1.57622, -1.4331199999999999, 1.3429800000000001, -2.2930100000000002]
tajectories: [[0.69626, 1.70613, -1.8, 1.57622, -1.43312, 1.34298, -2.29301], [0.66986, 1.85012, -1.8, 1.90924, -1.38616, 1.25019, -1.96613]]
end: [0.65271999999999997, 1.9436500000000001, -1.8, 2.1255600000000001, -1.35565, 1.1899200000000001, -1.7538]
obtacles: [[[0.6, 0.5, -1.0], [0.9, 0.6, 1.0]], [[0.6, -0.6, -1.0], [0.9, -0.5, 1.0]], [[0.6, -0.6, 0.9], [0.9, 0.6, 1.0]], [[0.6, -0.6, -1.0], [0.9, 0.6, -0.9]], [[0.6, -0.6, 0.4], [0.9, 0.6, 0.5]], [[0.6, -0.6, -0.4], [0.9, 0.6, -0.3]], [[0.6, 0.1, 0.5], [0.9, 0.2, 1.0]], [[0.6, -0.3, -0.4], [0.9, -0.2, 0.5]], [[0.6, 0.1, -1.0], [0.9, 0.2, -0.3]]]
start: [0.093939999999999996, 1.89117, -2.0499999999999998, 0.64700999999999997, -1.0015000000000001, 1.55827, -2.6710799999999999]
tajectories: [[0.09394, 1.89117, -2.05, 0.64701, -1.0015, 1.55827, -2.67108], [0.10849, 1.89548, -2.03607, 0.3956, -1.32501, 1.53136, -2.38651], [0.12303, 1.8998, -2.02215, 0.14418, -1.64852, 1.50444, -2.10194], [0.13758, 1.90412, -2.00822, -0.10724, -1.97204, 1.47753, -1.81737], [0.15212, 1.90843, -1.9943, -0.35865, -2.29555, 1.45062, -1.5328], [0.16256, 1.91153, -1.9843, -0.5391, -2.52774, 1.43131, -1.32857], [0.08, 1.8584, -1.74116, -0.35599, -2.39008, 1.09719, -1.45946], [-0.00256, 1.80528, -1.49803, -0.17288, -2.25243, 0.76307, -1.59035], [-0.08512, 1.75215, -1.25489, 0.01022, -2.11478, 0.42895, -1.72124], [-0.10651, 1.73839, -1.19191, 0.05766, -2.07912, 0.3424, -1.75514], [-0.10757, 1.68608, -0.88625, 0.13575, -1.80665, 0.09552, -1.86715], [-0.10862, 1.63378, -0.5806, 0.21385, -1.53417, -0.15136, -1.97915], [-0.10968, 1.58147, -0.27494, 0.29195, -1.26169, -0.39824, -2.09115], [-0.11051, 1.54017, -0.03357, 0.35362, -1.04652, -0.5932, -2.1796], [0.03931, 1.52949, -0.08687, 0.44031, -0.60391, -0.56865, -2.03615], [0.18913, 1.51882, -0.14018, 0.527, -0.1613, -0.54411, -1.8927], [0.33894, 1.50814, -0.19349, 0.61369, 0.28131, -0.51956, -1.74925], [0.48876, 1.49746, -0.2468, 0.70037, 0.72392, -0.49502, -1.6058], [0.51048, 1.49592, -0.25453, 0.71294, 0.78808, -0.49146, -1.585], [0.5667, 1.4011, -0.43492, 1.14245, 0.815, -0.47708, -1.72608], [0.62291, 1.30629, -0.61531, 1.57196, 0.84192, -0.4627, -1.86715], [0.67913, 1.21147, -0.7957, 2.00147, 0.86884, -0.44832, -2.00822], [0.71326, 1.15391, -0.90522, 2.26224, 0.88518, -0.43959, -2.09388], [0.87698, 0.89715, -1.13643, 2.41763, 0.68589, -0.62584, -2.02131], [1.0407, 0.64039, -1.36764, 2.57301, 0.4866, -0.81208, -1.94874], [1.20442, 0.38363, -1.59885, 2.72839, 0.28731, -0.99832, -1.87618], [1.32644, 0.19226, -1.77117, 2.84419, 0.13878, -1.13713, -1.82209], [1.0071, 0.2927, -1.73233, 2.74586, -0.09807, -0.87538, -1.86837], [0.68775, 0.39313, -1.69349, 2.64753, -0.33492, -0.61362, -1.91464], [0.36841, 0.49356, -1.65466, 2.54919, -0.57177, -0.35187, -1.96091], [0.04906, 0.594, -1.61582, 2.45086, -0.80862, -0.09012, -2.00718], [-0.04116, 0.62237, -1.60485, 2.42308, -0.87553, -0.01617, -2.02026], [-0.08471, 0.6947, -1.70719, 2.01881, -1.05871, 0.17192, -2.02602], [-0.12827, 0.76704, -1.80953, 1.61455, -1.24189, 0.36001, -2.03179], [-0.17183, 0.83937, -1.91187, 1.21028, -1.42507, 0.5481, -2.03755], [-0.21539, 0.9117, -2.01421, 0.80601, -1.60825, 0.73619, -2.04332]]
end: [-0.23061999999999999, 0.93700000000000006, -2.0499999999999998, 0.66464999999999996, -1.6722999999999999, 0.80196000000000001, -2.0453399999999999]
obtacles: [[[0.6, 0.5, -1.0], [0.9, 0.6, 1.0]], [[0.6, -0.6, -1.0], [0.9, -0.5, 1.0]], [[0.6, -0.6, 0.9], [0.9, 0.6, 1.0]], [[0.6, -0.6, -1.0], [0.9, 0.6, -0.9]], [[0.6, -0.6, 0.4], [0.9, 0.6, 0.5]], [[0.6, -0.6, -0.4], [0.9, 0.6, -0.3]], [[0.6, 0.1, 0.5], [0.9, 0.2, 1.0]], [[0.6, -0.3, -0.4], [0.9, -0.2, 0.5]], [[0.6, 0.1, -1.0], [0.9, 0.2, -0.3]]]
start: [0.86248000000000002, 1.95353, -1.95, 1.9019200000000001, -1.2975300000000001, 1.10833, -2.24119]
tajectories: [[0.86248, 1.95353, -1.95, 1.90192, -1.29753, 1.10833, -2.24119], [0.96979, 1.93631, -1.83449, 1.86864, -1.08968, 1.05674, -1.81944], [1.07709, 1.91909, -1.71898, 1.83535, -0.88184, 1.00515, -1.39768], [1.1844, 1.90186, -1.60347, 1.80206, -0.67399, 0.95356, -0.97593], [1.2917, 1.88464, -1.48796, 1.76877, -0.46615, 0.90197, -0.55417], [1.39901, 1.86742, -1.37245, 1.73548, -0.2583, 0.85038, -0.13242], [1.42749, 1.86285, -1.3418, 1.72664, -0.20314, 0.83669, -0.02048], [1.70186, 1.77163, -1.46053, 1.95905, -0.20831, 0.52337, -0.03033], [1.97623, 1.68041, -1.57927, 2.19145, -0.21348, 0.21006, -0.04018], [2.17558, 1.61413, -1.66554, 2.36032, -0.21724, -0.0176, -0.04733], [2.22807, 1.3198, -1.85554, 2.20489, 0.06174, -0.11798, 0.06424], [2.28056, 1.02546, -2.04553, 2.04947, 0.34073, -0.21836, 0.17582], [2.33305, 0.73113, -2.23553, 1.89404, 0.61971, -0.31874, 0.2874], [2.38554, 0.4368, -2.42552, 1.73862, 0.89869, -0.41912, 0.39897], [2.4128, 0.28392, -2.5242, 1.65789, 1.04359, -0.47125, 0.45692], [2.39664, 0.05192, -2.47871, 1.42979, 0.70297, -0.63143, 0.44509], [2.38049, -0.18009, -2.43321, 1.20169, 0.36236, -0.7916, 0.43325], [2.36433, -0.4121, -2.38772, 0.9736, 0.02175, -0.95177, 0.42142], [2.34817, -0.64411, -2.34222, 0.7455, -0.31886, -1.11194, 0.40958]]
end: [2.33318, -0.85943000000000003, -2.2999999999999998, 0.53380000000000005, -0.63497999999999999, -1.2605999999999999, 0.39860000000000001]
obtacles: [[[0.6, 0.5, -1.0], [0.9, 0.6, 1.0]], [[0.6, -0.6, -1.0], [0.9, -0.5, 1.0]], [[0.6, -0.6, 0.9], [0.9, 0.6, 1.0]], [[0.6, -0.6, -1.0], [0.9, 0.6, -0.9]], [[0.6, -0.6, 0.4], [0.9, 0.6, 0.5]], [[0.6, -0.6, -0.4], [0.9, 0.6, -0.3]], [[0.6, 0.1, 0.5], [0.9, 0.2, 1.0]], [[0.6, -0.3, -0.4], [0.9, -0.2, 0.5]], [[0.6, 0.1, -1.0], [0.9, 0.2, -0.3]]]
start: [0.67662999999999995, 1.81853, -1.75, 1.13947, -1.2708900000000001, 1.51631, -2.7093600000000002]
tajectories: [[0.67663, 1.81853, -1.75, 1.13947, -1.27089, 1.51631, -2.70936], [0.80891, 1.87211, -1.86278, 1.52404, -1.06392, 1.40973, -2.58761], [0.94118, 1.92568, -1.97555, 1.90862, -0.85695, 1.30315, -2.46586], [1.04317, 1.96699, -2.0625, 2.20513, -0.69738, 1.22098, -2.37198], [0.8537, 1.70098, -2.24012, 2.14291, -0.86427, 1.00897, -2.18458], [0.66424, 1.43496, -2.41773, 2.08068, -1.03117, 0.79697, -1.99717], [0.47478, 1.16895, -2.59534, 2.01845, -1.19806, 0.58496, -1.80976], [0.45237, 1.13748, -2.61635, 2.01109, -1.21781, 0.55988, -1.78759], [0.19255, 1.05346, -2.33985, 1.7444, -1.0772, 0.58832, -1.87288], [-0.06726, 0.96944, -2.06334, 1.4777, -0.9366, 0.61675, -1.95818], [-0.32708, 0.88542, -1.78683, 1.21101, -0.79599, 0.64519, -2.04347], [-0.5869, 0.8014, -1.51032, 0.94431, -0.65538, 0.67362, -2.12876], [-0.84671, 0.71738, -1.23381, 0.67762, -0.51478, 0.70206, -2.21406], [-0.94184, 0.68661, -1.13257, 0.57997, -0.4633, 0.71247, -2.24528], [-1.28404, 0.55707, -1.10452, 0.6179, -0.58987, 0.94367, -2.45604], [-1.62624, 0.42752, -1.07646, 0.65582, -0.71645, 1.17487, -2.66679], [-1.70421, 0.398, -1.07006, 0.66446, -0.74529, 1.22755, -2.71481], [-1.44376, 0.53265, -1.26349, 0.32883, -0.83081, 1.17853, -2.78004], [-1.18332, 0.66729, -1.45693, -0.00681, -0.91634, 1.12952, -2.84527], [-0.92288, 0.80193, -1.65036, -0.34245, -1.00186, 1.0805, -2.9105]]
end: [-0.78871999999999998, 0.87129000000000001, -1.75, -0.51534000000000002, -1.04592, 1.0552600000000001, -2.9441000000000002]
obtacles: [[[0.6, 0.5, -1.0], [0.9, 0.6, 1.0]], [[0.6, -0.6, -1.0], [0.9, -0.5, 1.0]], [[0.6, -0.6, 0.9], [0.9, 0.6, 1.0]], [[0.6, -0.6, -1.0], [0.9, 0.6, -0.9]], [[0.6, -0.6, 0.4], [0.9, 0.6, 0.5]], [[0.6, -0.6, -0.4], [0.9, 0.6, -0.3]], [[0.6, 0.1, 0.5], [0.9, 0.2, 1.0]], [[0.6, -0.3, -0.4], [0.9, -0.2, 0.5]], [[0.6, 0.1, -1.0], [0.9, 0.2, -0.3]]]
start: [0.50868000000000002, 1.76861, -1.75, 1.11879, -1.3142100000000001, 1.49936, -2.5585399999999998]
tajectories: [[0.50868, 1.76861, -1.75, 1.11879, -1.31421, 1.49936, -2.55854], [0.53045, 1.80939, -1.88316, 1.23852, -1.26714, 1.07331, -2.37948], [0.55221, 1.85016, -2.01632, 1.35826, -1.22007, 0.64726, -2.20042], [0.57397, 1.89093, -2.14948, 1.478, -1.173, 0.22121, -2.02137], [0.59105, 1.92293, -2.254, 1.57198, -1.13605, -0.11317, -1.88083], [0.8, 1.92991, -2.30904, 1.76951, -1.33253, 0.004, -1.5463], [1.00894, 1.93689, -2.36408, 1.96703, -1.52901, 0.12118, -1.21176], [1.21788, 1.94388, -2.41912, 2.16456, -1.72548, 0.23835, -0.87722], [1.42683, 1.95086, -2.47416, 2.36209, -1.92196, 0.35553, -0.54268], [1.63577, 1.95784, -2.5292, 2.55961, -2.11844, 0.4727, -0.20815], [1.84471, 1.96482, -2.58423, 2.75714, -2.31492, 0.58988, 0.12639], [1.85941, 1.96531, -2.58811, 2.77103, -2.32873, 0.59812, 0.14992], [1.40856, 1.76122, -2.56381, 2.76884, -2.28578, 0.57763, 0.1028], [0.95771, 1.55712, -2.53951, 2.76664, -2.24283, 0.55714, 0.05569], [0.50686, 1.35303, -2.51521, 2.76445, -2.19988, 0.53665, 0.00857], [0.056, 1.14894, -2.49092, 2.76226, -2.15693, 0.51616, -0.03854], [-0.39485, 0.94485, -2.46662, 2.76006, -2.11398, 0.49567, -0.08566], [-0.8457, 0.74075, -2.44232, 2.75787, -2.07103, 0.47519, -0.13278], [-1.20771, 0.57688, -2.42281, 2.75611, -2.03654, 0.45874, -0.17061], [-1.13035, 0.48288, -2.41728, 2.62112, -1.93592, 0.6407, -0.58737], [-1.05299, 0.38888, -2.41175, 2.48613, -1.83529, 0.82266, -1.00413], [-0.97563, 0.29489, -2.40622, 2.35114, -1.73467, 1.00462, -1.4209], [-0.89827, 0.20089, -2.40069, 2.21615, -1.63404, 1.18658, -1.83766], [-0.82092, 0.1069, -2.39516, 2.08116, -1.53342, 1.36855, -2.25442], [-0.81484, 0.09951, -2.39472, 2.07055, -1.52551, 1.38284, -2.28717], [-0.72057, 0.31156, -2.23355, 1.68061, -1.58592, 1.27521, -2.23347], [-0.6263, 0.52361, -2.07237, 1.29067, -1.64633, 1.16758, -2.17976], [-0.53203, 0.73566, -1.9112, 0.90073, -1.70673, 1.05995, -2.12606], [-0.43776, 0.94771, -1.75002, 0.51079, -1.76714, 0.95232, -2.07236]]
end: [-0.43774000000000002, 0.94774000000000003, -1.75, 0.51073999999999997, -1.76715, 0.95230000000000004, -2.0723500000000001]
obtacles: [[[0.6, 0.5, -1.0], [0.9, 0.6, 1.0]], [[0.6, -0.6, -1.0], [0.9, -0.5, 1.0]], [[0.6, -0.6, 0.9], [0.9, 0.6, 1.0]], [[0.6, -0.6, -1.0], [0.9, 0.6, -0.9]], [[0.6, -0.6, 0.4], [0.9, 0.6, 0.5]], [[0.6, -0.6, -0.4], [0.9, 0.6, -0.3]], [[0.6, 0.1, 0.5], [0.9, 0.2, 1.0]], [[0.6, -0.3, -0.4], [0.9, -0.2, 0.5]], [[0.6, 0.1, -1.0], [0.9, 0.2, -0.3]]]
start: [0.73985000000000001, 1.9165300000000001, -1.75, 1.79888, -1.2650699999999999, 1.3284499999999999, -2.1514500000000001]
tajectories: [[0.73985, 1.91653, -1.75, 1.79888, -1.26507, 1.32845, -2.15145], [0.92309, 1.6318, -1.51892, 1.92403, -1.32257, 1.09002, -2.22978], [1.10633, 1.34707, -1.28784, 2.04919, -1.38008, 0.85158, -2.30811], [1.28957, 1.06235, -1.05677, 2.17434, -1.43758, 0.61315, -2.38644], [1.47281, 0.77762, -0.82569, 2.2995, -1.49508, 0.37471, -2.46476], [1.65605, 0.49289, -0.59461, 2.42465, -1.55259, 0.13628, -2.54309], [1.83929, 0.20816, -0.36353, 2.54981, -1.61009, -0.10215, -2.62142], [1.98513, -0.01845, -0.17962, 2.64942, -1.65586, -0.29192, -2.68376], [1.81925, -0.2239, -0.0341, 2.43149, -1.95232, -0.14612, -2.63417], [1.65337, -0.42935, 0.11141, 2.21356, -2.24878, -0.00032, -2.58459], [1.51184, -0.60465, 0.23557, 2.02761, -2.50174, 0.12409, -2.54228], [1.56946, -0.67455, 0.00942, 1.93866, -2.90074, 0.2335, -2.64982], [1.62709, -0.74445, -0.21673, 1.84972, -3.29974, 0.34291, -2.75736], [1.68471, -0.81435, -0.44289, 1.76077, -3.69874, 0.45232, -2.8649], [1.73165, -0.8713, -0.62713, 1.68831, -4.02379, 0.54145, -2.95251], [1.87753, -0.89376, -0.92324, 1.35281, -4.09268, 0.68437, -2.89957], [2.02342, -0.91623, -1.21935, 1.01732, -4.16157, 0.82728, -2.84663], [2.1693, -0.9387, -1.51547, 0.68182, -4.23047, 0.9702, -2.79369]]
end: [2.28484, -0.95648999999999995, -1.75, 0.41610000000000003, -4.2850299999999999, 1.0833900000000001, -2.75176]
obtacles: [[[0.6, 0.5, -1.0], [0.9, 0.6, 1.0]], [[0.6, -0.6, -1.0], [0.9, -0.5, 1.0]], [[0.6, -0.6, 0.9], [0.9, 0.6, 1.0]], [[0.6, -0.6, -1.0], [0.9, 0.6, -0.9]], [[0.6, -0.6, 0.4], [0.9, 0.6, 0.5]], [[0.6, -0.6, -0.4], [0.9, 0.6, -0.3]], [[0.6, 0.1, 0.5], [0.9, 0.2, 1.0]], [[0.6, -0.3, -0.4], [0.9, -0.2, 0.5]], [[0.6, 0.1, -1.0], [0.9, 0.2, -0.3]]]
start: [2.4941200000000001, -0.70204, -1.75, 1.1596299999999999, -3.8471899999999999, 1.3697999999999999, 2.6196799999999998]
tajectories: [[2.49412, -0.70204, -1.75, 1.15963, -3.84719, 1.3698, 2.61968], [2.23279, -0.55181, -1.8485, 1.2593, -3.59008, 1.11156, 2.7016], [1.97146, -0.40159, -1.94701, 1.35896, -3.33296, 0.85333, 2.78353], [1.71013, -0.25136, -2.04551, 1.45862, -3.07585, 0.5951, 2.86545], [1.4488, -0.10114, -2.14401, 1.55829, -2.81874, 0.33686, 2.94737], [1.29961, -0.01538, -2.20025, 1.61518, -2.67195, 0.18944, 2.99413], [1.07388, 0.12092, -2.18821, 1.77178, -2.92372, -0.00021, 2.75656], [0.84814, 0.25722, -2.17616, 1.92839, -3.17549, -0.18986, 2.51898], [0.6224, 0.39352, -2.16412, 2.08499, -3.42726, -0.37951, 2.28141], [0.46393, 0.48921, -2.15567, 2.19493, -3.60401, -0.51265, 2.11462], [0.60889, 0.85331, -1.8587, 2.18001, -3.69305, -0.51407, 2.12298], [0.75386, 1.21741, -1.56173, 2.16509, -3.78209, -0.51549, 2.13133], [0.89882, 1.58152, -1.26476, 2.15017, -3.87114, -0.51691, 2.13969], [1.00781, 1.85527, -1.04148, 2.13895, -3.93808, -0.51798, 2.14597], [1.02195, 1.88108, -1.17756, 2.01918, -4.03229, -0.76083, 1.76072], [1.03609, 1.9069, -1.31364, 1.89941, -4.1265, -1.00368, 1.37546], [1.05022, 1.93271, -1.44972, 1.77963, -4.22071, -1.24653, 0.99021], [1.06436, 1.95853, -1.58579, 1.65986, -4.31492, -1.48938, 0.60496]]
end: [1.0658399999999999, 1.96122, -1.6000000000000001, 1.6473599999999999, -4.3247600000000004, -1.5147299999999999, 0.56474000000000002]
obtacles: [[[0.6, 0.5, -1.0], [0.9, 0.6, 1.0]], [[0.6, -0.6, -1.0], [0.9, -0.5, 1.0]], [[0.6, -0.6, 0.9], [0.9, 0.6, 1.0]], [[0.6, -0.6, -1.0], [0.9, 0.6, -0.9]], [[0.6, -0.6, 0.4], [0.9, 0.6, 0.5]], [[0.6, -0.6, -0.4], [0.9, 0.6, -0.3]], [[0.6, 0.1, 0.5], [0.9, 0.2, 1.0]], [[0.6, -0.3, -0.4], [0.9, -0.2, 0.5]], [[0.6, 0.1, -1.0], [0.9, 0.2, -0.3]]]
start: [0.56945000000000001, 1.9470099999999999, -1.8500000000000001, 0.97241, -1.10632, 1.5659799999999999, -2.79325]
tajectories: [[0.56945, 1.94701, -1.85, 0.97241, -1.10632, 1.56598, -2.79325], [0.72741, 1.90538, -1.96541, 1.34176, -0.92312, 1.53534, -2.59557], [0.88536, 1.86374, -2.08083, 1.7111, -0.73992, 1.5047, -2.39789], [1.04332, 1.82211, -2.19624, 2.08045, -0.55672, 1.47406, -2.20022], [1.11909, 1.80214, -2.2516, 2.25762, -0.46884, 1.45936, -2.10539], [0.9906, 1.52195, -2.2895, 2.34257, -0.78084, 1.38214, -1.89796], [0.86211, 1.24177, -2.32741, 2.42753, -1.09284, 1.30492, -1.69054], [0.73362, 0.96159, -2.36531, 2.51248, -1.40484, 1.2277, -1.48311], [0.6241, 0.72276, -2.39762, 2.5849, -1.67079, 1.16188, -1.3063], [0.54625, 0.7508, -2.25148, 2.1887, -1.81093, 1.13507, -1.51717], [0.46839, 0.77884, -2.10535, 1.7925, -1.95106, 1.10827, -1.72804], [0.39054, 0.80688, -1.95921, 1.3963, -2.0912, 1.08147, -1.93892]]
end: [0.33235999999999999, 0.82784000000000002, -1.8500000000000001, 1.10022, -2.1959200000000001, 1.0614399999999999, -2.0965099999999999]
