obtacles: [[[0.6, 0.5, -1.0], [0.9, 0.6, 1.0]], [[0.6, -0.6, -1.0], [0.9, -0.5, 1.0]], [[0.6, -0.6, 0.9], [0.9, 0.6, 1.0]], [[0.6, -0.6, -1.0], [0.9, 0.6, -0.9]], [[0.6, -0.6, 0.4], [0.9, 0.6, 0.5]], [[0.6, -0.6, -0.5], [0.9, 0.6, -0.4]], [[0.6, -0.2, 0.5], [0.9, -0.1, 1.0]], [[0.6, -0.2, -0.5], [0.9, -0.1, 0.5]], [[0.6, -0.3, -1.0], [0.9, -0.2, -0.4]]]
start: [0.86689000000000005, 1.84765, -1.75, 1.3629, -1.2611399999999999, 1.4592099999999999, -2.6880500000000001]
tajectories: [[0.86689, 1.84765, -1.75, 1.3629, -1.26114, 1.45921, -2.68805], [0.99859, 1.76805, -1.4969, 1.44577, -0.92969, 1.33119, -2.51735], [1.13029, 1.68844, -1.2438, 1.52863, -0.59823, 1.20317, -2.34665], [1.262, 1.60884, -0.99071, 1.6115, -0.26677, 1.07514, -2.17595], [1.3937, 1.52924, -0.73761, 1.69437, 0.06469, 0.94712, -2.00526], [1.52541, 1.44964, -0.48451, 1.77724, 0.39614, 0.8191, -1.83456], [1.65711, 1.37004, -0.23141, 1.86011, 0.7276, 0.69108, -1.66386], [1.78881, 1.29044, 0.02169, 1.94298, 1.05906, 0.56305, -1.49316], [1.82188, 1.27045, 0.08524, 1.96378, 1.14229, 0.53091, -1.4503], [1.89031, 1.20139, -0.13397, 1.71589, 0.8896, 0.27182, -1.45867], [1.95873, 1.13232, -0.35317, 1.468, 0.63691, 0.01274, -1.46704], [2.02716, 1.06326, -0.57237, 1.22011, 0.38422, -0.24635, -1.47541], [2.09559, 0.9942, -0.79158, 0.97222, 0.13153, -0.50543, -1.48377], [2.16401, 0.92513, -1.01078, 0.72432, -0.12116, -0.76452, -1.49214], [2.23244, 0.85607, -1.22999, 0.47643, -0.37385, -1.0236, -1.50051], [2.2339, 0.85459, -1.23467, 0.47114, -0.37925, -1.02914, -1.50069], [1.85151, 0.67076, -1.17017, 0.61018, -0.48638, -1.05911, -1.31597], [1.46913, 0.48692, -1.10567, 0.74922, -0.59351, -1.08908, -1.13126], [1.08675, 0.30308, -1.04117, 0.88826, -0.70064, -1.11905, -0.94655], [0.70436, 0.11925, -0.97667, 1.0273, -0.80776, -1.14902, -0.76183], [0.50931, 0.02547, -0.94377, 1.09822, -0.86241, -1.16431, -0.66761], [0.90126, -0.17482, -1.13607, 1.10343, -0.85111, -1.21753, -0.53999], [1.29322, -0.37511, -1.32838, 1.10864, -0.83981, -1.27075, -0.41237], [1.68517, -0.57541, -1.52069, 1.11385, -0.82852, -1.32396, -0.28476], [2.07712, -0.7757, -1.713, 1.11906, -0.81722, -1.37718, -0.15714]]
end: [2.1525300000000001, -0.81423999999999996, -1.75, 1.1200600000000001, -0.81505000000000005, -1.3874200000000001, -0.13258]
obtacles: [[[0.6, 0.5, -1.0], [0.9, 0.6, 1.0]], [[0.6, -0.6, -1.0], [0.9, -0.5, 1.0]], [[0.6, -0.6, 0.9], [0.9, 0.6, 1.0]], [[0.6, -0.6, -1.0], [0.9, 0.6, -0.9]], [[0.6, -0.6, 0.4], [0.9, 0.6, 0.5]], [[0.6, -0.6, -0.5], [0.9, 0.6, -0.4]], [[0.6, -0.2, 0.5], [0.9, -0.1, 1.0]], [[0.6, -0.2, -0.5], [0.9, -0.1, 0.5]], [[0.6, -0.3, -1.0], [0.9, -0.2, -0.4]]]
start: [2.0995900000000001, -1.66151, -1.5, 1.6009, -1.6595800000000001, -1.49759, -0.55242999999999998]
tajectories: [[2.09959, -1.66151, -1.5, 1.6009, -1.65958, -1.49759, -0.55243], [1.94971, -1.67775, -1.43321, 1.81185, -1.43376, -1.15507, -0.6524], [1.79983, -1.694, -1.36643, 2.0228, -1.20794, -0.81254, -0.75237], [1.64995, -1.71024, -1.29964, 2.23375, -0.98213, -0.47002, -0.85234], [1.50007, -1.72648, -1.23285, 2.44471, -0.75631, -0.12749, -0.95231], [1.43304, -1.73375, -1.20298, 2.53905, -0.65531, 0.0257, -0.99702], [1.60528, -1.48808, -1.16509, 2.42611, -0.33859, 0.02611, -1.21026], [1.77752, -1.24241, -1.12719, 2.31317, -0.02186, 0.02651, -1.42351], [1.94976, -0.99674, -1.08929, 2.20023, 0.29486, 0.02692, -1.63676], [2.122, -0.75108, -1.0514, 2.08729, 0.61159, 0.02732, -1.85], [2.20403, -0.63408, -1.03335, 2.0335, 0.76243, 0.02752, -1.95156], [2.2214, -0.37939, -1.25721, 2.17951, 0.70264, -0.1834, -1.69595], [2.23878, -0.1247, -1.48107, 2.32552, 0.64285, -0.39432, -1.44033], [2.25615, 0.12999, -1.70494, 2.47153, 0.58307, -0.60524, -1.18472], [2.27155, 0.35573, -1.90336, 2.60094, 0.53008, -0.79219, -0.95816], [2.00329, 0.45521, -1.82825, 2.26188, 0.62031, -0.85876, -0.77118], [1.73503, 0.55469, -1.75314, 1.92281, 0.71055, -0.92532, -0.58421], [1.46676, 0.65417, -1.67803, 1.58375, 0.80078, -0.99189, -0.39724], [1.1985, 0.75364, -1.60292, 1.24468, 0.89102, -1.05845, -0.21026], [0.93024, 0.85312, -1.52781, 0.90562, 0.98125, -1.12501, -0.02329]]
end: [0.83089999999999997, 0.88995999999999997, -1.5, 0.78005999999999998, 1.01467, -1.1496599999999999, 0.045949999999999998]
obtacles: [[[0.6, 0.5, -1.0], [0.9, 0.6, 1.0]], [[0.6, -0.6, -1.0], [0.9, -0.5, 1.0]], [[0.6, -0.6, 0.9], [0.9, 0.6, 1.0]], [[0.6, -0.6, -1.0], [0.9, 0.6, -0.9]], [[0.6, -0.6, 0.4], [0.9, 0.6, 0.5]], [[0.6, -0.6, -0.5], [0.9, 0.6, -0.4]], [[0.6, -0.2, 0.5], [0.9, -0.1, 1.0]], [[0.6, -0.2, -0.5], [0.9, -0.1, 0.5]], [[0.6, -0.3, -1.0], [0.9, -0.2, -0.4]]]
start: [0.84219999999999995, 1.9414, -1.5, 1.93326, -1.1994899999999999, 1.5039800000000001, -2.0498099999999999]
tajectories: [[0.8422, 1.9414, -1.5, 1.93326, -1.19949, 1.50398, -2.04981], [0.9168, 1.74924, -1.14559, 2.03758, -1.02571, 1.33516, -1.93881], [0.99141, 1.55708, -0.79118, 2.14191, -0.85193, 1.16635, -1.82781], [1.06601, 1.36492, -0.43677, 2.24623, -0.67816, 0.99753, -1.7168], [1.14062, 1.17276, -0.08236, 2.35056, -0.50438, 0.82872, -1.6058], [1.21522, 0.9806, 0.27205, 2.45488, -0.3306, 0.6599, -1.49479], [1.28982, 0.78844, 0.62646, 2.55921, -0.15682, 0.49109, -1.38379], [1.36443, 0.59629, 0.98087, 2.66353, 0.01695, 0.32227, -1.27279], [1.43903, 0.40413, 1.33528, 2.76786, 0.19073, 0.15346, -1.16178], [1.44128, 0.39833, 1.34596, 2.771, 0.19597, 0.14837, -1.15844], [1.50892, 0.29591, 1.40837, 2.4657, -0.02939, 0.09037, -0.86917], [1.57656, 0.19348, 1.47079, 2.16039, -0.25474, 0.03237, -0.5799], [1.64419, 0.09105, 1.5332, 1.85508, -0.4801, -0.02564, -0.29063], [1.71183, -0.01138, 1.59561, 1.54978, -0.70546, -0.08364, -0.00136], [1.77947, -0.11381, 1.65803, 1.24447, -0.93082, -0.14164, 0.28791], [1.84711, -0.21623, 1.72044, 0.93916, -1.15617, -0.19964, 0.57717], [1.90967, -0.31099, 1.77817, 0.65674, -1.36464, -0.25329, 0.84476], [1.83876, -0.30617, 1.50025, 0.8055, -1.22903, -0.17851, 1.19346], [1.76785, -0.30135, 1.22232, 0.95425, -1.09342, -0.10372, 1.54216], [1.69694, -0.29653, 0.94439, 1.10301, -0.95781, -0.02894, 1.89086], [1.62603, -0.29171, 0.66646, 1.25177, -0.82219, 0.04585, 2.23956], [1.55512, -0.28689, 0.38853, 1.40052, -0.68658, 0.12063, 2.58826], [1.48421, -0.28208, 0.1106, 1.54928, -0.55097, 0.19542, 2.93696], [1.47337, -0.28134, 0.06812, 1.57202, -0.53024, 0.20685, 2.99026], [1.35488, -0.09046, -0.2071, 1.38408, -0.79761, 0.33709, 2.98741], [1.23638, 0.10041, -0.48232, 1.19614, -1.06498, 0.46733, 2.98456], [1.11789, 0.29129, -0.75754, 1.0082, -1.33235, 0.59757, 2.98171], [0.99939, 0.48217, -1.03276, 0.82026, -1.59973, 0.72781, 2.97886], [0.8809, 0.67304, -1.30798, 0.63232, -1.8671, 0.85805, 2.97601]]
end: [0.79822000000000004, 0.80622000000000005, -1.5, 0.50119999999999998, -2.0536400000000001, 0.94891999999999999, 2.9740199999999999]
obtacles: [[[0.6, 0.5, -1.0], [0.9, 0.6, 1.0]], [[0.6, -0.6, -1.0], [0.9, -0.5, 1.0]], [[0.6, -0.6, 0.9], [0.9, 0.6, 1.0]], [[0.6, -0.6, -1.0], [0.9, 0.6, -0.9]], [[0.6, -0.6, 0.4], [0.9, 0.6, 0.5]], [[0.6, -0.6, -0.5], [0.9, 0.6, -0.4]], [[0.6, -0.2, 0.5], [0.9, -0.1, 1.0]], [[0.6, -0.2, -0.5], [0.9, -0.1, 0.5]], [[0.6, -0.3, -1.0], [0.9, -0.2, -0.4]]]
start: [0.36892999999999998, 0.81777999999999995, -1.3999999999999999, 0.70784000000000002, -2.21393, 1.11639, -2.7166199999999998]
tajectories: [[0.36893, 0.81778, -1.4, 0.70784, -2.21393, 1.11639, -2.71662], [0.72995, 0.70291, -1.41379, 0.89103, -2.11528, 0.97851, -2.50692], [1.09098, 0.58805, -1.42758, 1.07423, -2.01662, 0.84063, -2.29723], [1.4427, 0.47614, -1.44101, 1.2527, -1.9205, 0.7063, -2.09294], [1.44138, 0.3134, -1.17248, 1.27316, -2.08103, 0.65108, -1.74342], [1.44007, 0.15067, -0.90395, 1.29362, -2.24156, 0.59585, -1.39389], [1.43875, -0.01207, -0.63542, 1.31407, -2.40209, 0.54063, -1.04436], [1.43743, -0.17481, -0.36689, 1.33453, -2.56261, 0.48541, -0.69484], [1.43612, -0.33755, -0.09835, 1.35498, -2.72314, 0.43019, -0.34531], [1.4348, -0.50029, 0.17018, 1.37544, -2.88367, 0.37497, 0.00421], [1.43446, -0.54182, 0.23871, 1.38066, -2.92464, 0.36087, 0.09341], [1.51326, -0.38545, 0.06869, 1.63969, -3.0507, 0.03429, 0.06534], [1.59206, -0.22908, -0.10134, 1.89873, -3.17676, -0.29229, 0.03726], [1.67087, -0.07271, -0.27136, 2.15776, -3.30282, -0.61887, 0.00918], [1.74967, 0.08365, -0.44138, 2.41679, -3.42888, -0.94545, -0.0189], [1.81325, 0.20983, -0.57857, 2.62581, -3.53061, -1.20897, -0.04155], [1.57356, 0.41921, -0.66997, 2.41892, -3.58094, -1.02773, -0.29089], [1.33387, 0.62858, -0.76137, 2.21203, -3.63128, -0.8465, -0.54023], [1.09417, 0.83796, -0.85277, 2.00513, -3.68162, -0.66526, -0.78957], [0.85448, 1.04733, -0.94417, 1.79824, -3.73195, -0.48402, -1.03891], [0.61478, 1.25671, -1.03557, 1.59135, -3.78229, -0.30279, -1.28825], [0.6142, 1.25721, -1.03579, 1.59085, -3.78241, -0.30235, -1.28885], [0.66482, 1.40642, -1.22618, 1.43225, -3.88032, -0.58135, -1.01254], [0.71543, 1.55562, -1.41656, 1.27365, -3.97822, -0.86035, -0.73622], [0.76604, 1.70482, -1.60695, 1.11505, -4.07612, -1.13935, -0.4599], [0.81665, 1.85402, -1.79733, 0.95645, -4.17402, -1.41835, -0.18359]]
end: [0.84394999999999998, 1.93448, -1.8999999999999999, 0.87092999999999998, -4.22682, -1.5688, -0.03458]
obtacles: [[[0.6, 0.5, -1.0], [0.9, 0.6, 1.0]], [[0.6, -0.6, -1.0], [0.9, -0.5, 1.0]], [[0.6, -0.6, 0.9], [0.9, 0.6, 1.0]], [[0.6, -0.6, -1.0], [0.9, 0.6, -0.9]], [[0.6, -0.6, 0.4], [0.9, 0.6, 0.5]], [[0.6, -0.6, -0.5], [0.9, 0.6, -0.4]], [[0.6, -0.2, 0.5], [0.9, -0.1, 1.0]], [[0.6, -0.2, -0.5], [0.9, -0.1, 0.5]], [[0.6, -0.3, -1.0], [0.9, -0.2, -0.4]]]
start: [2.0699399999999999, -1.4387399999999999, -1.5, 1.8286800000000001, -1.42499, -1.53657, -0.76422000000000001]
tajectories: [[2.06994, -1.43874, -1.5, 1.82868, -1.42499, -1.53657, -0.76422], [1.81624, -1.46603, -1.34722, 2.00892, -1.20332, -1.31909, -0.58359], [1.56253, -1.49333, -1.19445, 2.18916, -0.98164, -1.10162, -0.40296], [1.30883, -1.52062, -1.04167, 2.3694, -0.75997, -0.88414, -0.22233], [1.05512, -1.54792, -0.88889, 2.54964, -0.5383, -0.66666, -0.0417], [0.80142, -1.57521, -0.73611, 2.72988, -0.31662, -0.44919, 0.13893], [0.54772, -1.6025, -0.58334, 2.91012, -0.09495, -0.23171, 0.31956], [0.5164, -1.60587, -0.56448, 2.93237, -0.06758, -0.20487, 0.34185], [0.66109, -1.24983, -0.50003, 2.84518, -0.1081, -0.47612, 0.46563], [0.80579, -0.89378, -0.43559, 2.75799, -0.14861, -0.74737, 0.5894], [0.95049, -0.53774, -0.37114, 2.67079, -0.18912, -1.01863, 0.71318], [1.0145, -0.38023, -0.34263, 2.63222, -0.20704, -1.13862, 0.76794], [0.98856, -0.16296, -0.44071, 2.27555, -0.05424, -1.16598, 0.56499], [0.96263, 0.05431, -0.53879, 1.91887, 0.09857, -1.19334, 0.36205], [0.9367, 0.27158, -0.63687, 1.5622, 0.25138, -1.22071, 0.15911], [0.91076, 0.48885, -0.73495, 1.20553, 0.40418, -1.24807, -0.04384], [0.88483, 0.70612, -0.83303, 0.84885, 0.55699, -1.27543, -0.24678]]
end: [0.86712, 0.85446999999999995, -0.90000000000000002, 0.60531999999999997, 0.66132999999999997, -1.2941100000000001, -0.38535000000000003]
obtacles: [[[0.6, 0.5, -1.0], [0.9, 0.6, 1.0]], [[0.6, -0.6, -1.0], [0.9, -0.5, 1.0]], [[0.6, -0.6, 0.9], [0.9, 0.6, 1.0]], [[0.6, -0.6, -1.0], [0.9, 0.6, -0.9]], [[0.6, -0.6, 0.4], [0.9, 0.6, 0.5]], [[0.6, -0.6, -0.5], [0.9, 0.6, -0.4]], [[0.6, -0.2, 0.5], [0.9, -0.1, 1.0]], [[0.6, -0.2, -0.5], [0.9, -0.1, 0.5]], [[0.6, -0.3, -1.0], [0.9, -0.2, -0.4]]]
start: [0.39684999999999998, 1.6651, -1.6000000000000001, 1.3617300000000001, -1.4724900000000001, 1.5619000000000001, -2.1785299999999999]
tajectories: [[0.39685, 1.6651, -1.6, 1.36173, -1.47249, 1.5619, -2.17853], [0.61777, 1.70891, -1.34459, 1.64183, -1.49595, 1.33017, -2.2151], [0.83869, 1.75272, -1.08918, 1.92193, -1.51941, 1.09844, -2.25166], [1.05961, 1.79653, -0.83376, 2.20202, -1.54286, 0.86671, -2.28823], [1.19137, 1.82266, -0.68143, 2.36908, -1.55685, 0.7285, -2.31004], [1.17761, 1.40769, -0.87117, 2.4241, -1.37632, 0.7451, -2.38565], [1.16385, 0.99273, -1.06091, 2.47912, -1.19578, 0.7617, -2.46126], [1.15009, 0.57777, -1.25065, 2.53414, -1.01524, 0.7783, -2.53688], [1.13633, 0.16281, -1.4404, 2.58917, -0.8347, 0.79491, -2.61249], [1.12257, -0.25216, -1.63014, 2.64419, -0.65416, 0.81151, -2.6881], [1.11377, -0.51739, -1.75142, 2.67935, -0.53876, 0.82212, -2.73643], [1.21611, -0.73968, -1.80391, 2.63518, -0.59076, 0.4976, -2.45824], [1.31845, -0.96197, -1.8564, 2.591, -0.64276, 0.17307, -2.18006], [1.42079, -1.18426, -1.90889, 2.54682, -0.69476, -0.15145, -1.90187], [1.52313, -1.40655, -1.96138, 2.50265, -0.74675, -0.47598, -1.62369], [1.52727, -1.41553, -1.9635, 2.50086, -0.74886, -0.48909, -1.61245], [1.68339, -1.43049, -1.83821, 2.30295, -0.94076, -0.76813, -1.37614], [1.83951, -1.44545, -1.71292, 2.10503, -1.13266, -1.04717, -1.13983], [1.99563, -1.46041, -1.58763, 1.90712, -1.32456, -1.32621, -0.90351]]
end: [2.1048200000000001, -1.47088, -1.5, 1.7686900000000001, -1.45878, -1.52138, -0.73824000000000001]
obtacles: [[[0.6, 0.5, -1.0], [0.9, 0.6, 1.0]], [[0.6, -0.6, -1.0], [0.9, -0.5, 1.0]], [[0.6, -0.6, 0.9], [0.9, 0.6, 1.0]], [[0.6, -0.6, -1.0], [0.9, 0.6, -0.9]], [[0.6, -0.6, 0.4], [0.9, 0.6, 0.5]], [[0.6, -0.6, -0.5], [0.9, 0.6, -0.4]], [[0.6, -0.2, 0.5], [0.9, -0.1, 1.0]], [[0.6, -0.2, -0.5], [0.9, -0.1, 0.5]], [[0.6, -0.3, -1.0], [0.9, -0.2, -0.4]]]
start: [0.44627, 1.55369, -1.5, -0.0184, -1.64127, 1.5523899999999999, 2.6769699999999998]
tajectories: [[0.44627, 1.55369, -1.5, -0.0184, -1.64127, 1.55239, 2.67697], [0.50587, 1.60834, -1.66286, 0.19259, -1.29102, 1.34879, 2.58593], [0.56547, 1.663, -1.82573, 0.40358, -0.94076, 1.14518, 2.49489], [0.62508, 1.71766, -1.98859, 0.61458, -0.59051, 0.94158, 2.40385], [0.68468, 1.77231, -2.15146, 0.82557, -0.24026, 0.73798, 2.31281], [0.74428, 1.82697, -2.31432, 1.03656, 0.10999, 0.53438, 2.22177], [0.76464, 1.84564, -2.36996, 1.10864, 0.22965, 0.46482, 2.19066], [0.96146, 1.79895, -2.09678, 1.3805, 0.09387, 0.27948, 2.10257], [1.15827, 1.75225, -1.8236, 1.65236, -0.04192, 0.09415, 2.01448], [1.35509, 1.70556, -1.55042, 1.92422, -0.17771, -0.09119, 1.92638], [1.5519, 1.65886, -1.27724, 2.19608, -0.3135, -0.27653, 1.83829], [1.74872, 1.61217, -1.00406, 2.46794, -0.44928, -0.46187, 1.7502], [1.75228, 1.61132, -0.99912, 2.47285, -0.45174, -0.46522, 1.7486], [1.7154, 1.4848, -1.33389, 2.59874, -0.4562, -0.68797, 1.51392], [1.67853, 1.35827, -1.66865, 2.72463, -0.46067, -0.91072, 1.27923], [1.64165, 1.23175, -2.00341, 2.85052, -0.46514, -1.13348, 1.04455], [1.62699, 1.18145, -2.1365, 2.90057, -0.46691, -1.22204, 0.95125], [1.57448, 0.84208, -2.11368, 2.76044, -0.62321, -1.11148, 0.67691], [1.52197, 0.50271, -2.09086, 2.62032, -0.77951, -1.00092, 0.40256], [1.46947, 0.16334, -2.06805, 2.48019, -0.93581, -0.89036, 0.12822], [1.41696, -0.17603, -2.04523, 2.34006, -1.0921, -0.7798, -0.14612], [1.36445, -0.5154, -2.02241, 2.19993, -1.2484, -0.66924, -0.42046], [1.35696, -0.56379, -2.01915, 2.17995, -1.27069, -0.65348, -0.45958], [1.52188, -0.887, -1.88908, 2.00473, -1.41815, -0.87266, -0.4291], [1.6868, -1.2102, -1.759, 1.8295, -1.56561, -1.09185, -0.39862], [1.85172, -1.53341, -1.62893, 1.65428, -1.71307, -1.31104, -0.36814]]
end: [2.01518, -1.8537600000000001, -1.5, 1.48061, -1.8592200000000001, -1.5282800000000001, -0.33793000000000001]
