obtacles: [[[0.6, 0.5, -1.0], [0.9, 0.6, 1.0]], [[0.6, -0.6, -1.0], [0.9, -0.5, 1.0]], [[0.6, -0.6, 0.9], [0.9, 0.6, 1.0]], [[0.6, -0.6, -1.0], [0.9, 0.6, -0.9]], [[0.6, -0.6, 0.3], [0.9, 0.6, 0.4]], [[0.6, -0.6, -0.5], [0.9, 0.6, -0.4]], [[0.6, 0.2, 0.4], [0.9, 0.3, 1.0]], [[0.6, 0.2, -0.5], [0.9, 0.3, 0.4]], [[0.6, 0.0, -1.0], [0.9, 0.1, -0.4]]]
start: [-0.37290000000000001, 0.81501999999999997, 1.6499999999999999, 1.26014, -0.85145999999999999, -1.30314, -1.0198700000000001]
tajectories: [[-0.3729, 0.81502, 1.65, 1.26014, -0.85146, -1.30314, -1.01987], [-0.60272, 0.77608, 1.42546, 1.07973, -0.80511, -1.30277, -1.35235], [-0.83255, 0.73713, 1.20092, 0.89931, -0.75875, -1.30241, -1.68484], [-1.06237, 0.69819, 0.97637, 0.7189, -0.7124, -1.30204, -2.01732], [-1.29219, 0.65924, 0.75183, 0.53849, -0.66604, -1.30167, -2.34981], [-1.47889, 0.62761, 0.56943, 0.39193, -0.62839, -1.30138, -2.6199], [-1.77303, 0.75598, 0.39747, 0.6067, -0.77991, -1.09649, -2.54012], [-2.06718, 0.88436, 0.22551, 0.82147, -0.93143, -0.89161, -2.46034], [-2.36133, 1.01274, 0.05356, 1.03624, -1.08296, -0.68673, -2.38055], [-2.53394, 1.08807, -0.04735, 1.16227, -1.17187, -0.5665, -2.33374], [-2.18079, 1.12167, 0.02294, 1.38711, -1.21441, -0.6179, -2.08033], [-1.82764, 1.15526, 0.09323, 1.61195, -1.25696, -0.66929, -1.82693], [-1.4745, 1.18885, 0.16352, 1.83679, -1.2995, -0.72068, -1.57353], [-1.12135, 1.22245, 0.2338, 2.06163, -1.34204, -0.77208, -1.32012], [-0.96593, 1.23723, 0.26474, 2.16059, -1.36076, -0.7947, -1.2086], [-0.98781, 1.38762, 0.59028, 1.98264, -1.4842, -0.97141, -1.00172], [-1.00968, 1.538, 0.91581, 1.80469, -1.60764, -1.14813, -0.79484], [-1.03156, 1.68839, 1.24135, 1.62674, -1.73108, -1.32484, -0.58796], [-1.05344, 1.83877, 1.56689, 1.44879, -1.85452, -1.50156, -0.38108]]
end: [-1.0590200000000001, 1.87717, 1.6499999999999999, 1.4033599999999999, -1.8860399999999999, -1.5466800000000001, -0.32826]
obtacles: [[[0.6, 0.5, -1.0], [0.9, 0.6, 1.0]], [[0.6, -0.6, -1.0], [0.9, -0.5, 1.0]], [[0.6, -0.6, 0.9], [0.9, 0.6, 1.0]], [[0.6, -0.6, -1.0], [0.9, 0.6, -0.9]], [[0.6, -0.6, 0.3], [0.9, 0.6, 0.4]], [[0.6, -0.6, -0.5], [0.9, 0.6, -0.4]], [[0.6, 0.2, 0.4], [0.9, 0.3, 1.0]], [[0.6, 0.2, -0.5], [0.9, 0.3, 0.4]], [[0.6, 0.0, -1.0], [0.9, 0.1, -0.4]]]
start: [-0.44429999999999997, 1.9585900000000001, 1.8500000000000001, 1.0141199999999999, -2.0442, -1.55399, -0.51058999999999999]
tajectories: [[-0.4443, 1.95859, 1.85, 1.01412, -2.0442, -1.55399, -0.51059], [-0.55167, 1.78825, 1.51271, 1.13028, -2.03805, -1.46606, -0.78341], [-0.65905, 1.6179, 1.17541, 1.24644, -2.03191, -1.37813, -1.05622], [-0.76642, 1.44756, 0.83812, 1.36259, -2.02576, -1.29021, -1.32903], [-0.84807, 1.31804, 0.58165, 1.45092, -2.02109, -1.22335, -1.53647], [-0.8824, 1.0596, 0.55105, 1.6878, -2.26194, -1.29037, -1.28649], [-0.91674, 0.80117, 0.52045, 1.92467, -2.50278, -1.35738, -1.03652], [-0.95107, 0.54274, 0.48984, 2.16155, -2.74363, -1.4244, -0.78654], [-0.97066, 0.39533, 0.47239, 2.29666, -2.88101, -1.46263, -0.64396], [-0.97569, 0.29992, 0.36067, 2.35831, -2.47037, -1.22803, -0.67444], [-0.98072, 0.2045, 0.24896, 2.41996, -2.05973, -0.99343, -0.70493], [-0.98575, 0.10908, 0.13724, 2.48161, -1.64909, -0.75883, -0.73542], [-0.99079, 0.01366, 0.02552, 2.54326, -1.23845, -0.52424, -0.7659], [-0.99582, -0.08176, -0.0862, 2.60491, -0.82782, -0.28964, -0.79639], [-0.99795, -0.12218, -0.13352, 2.63102, -0.65387, -0.19026, -0.8093], [-0.79529, 0.04283, -0.09853, 2.2178, -0.65831, -0.20809, -0.7124], [-0.59264, 0.20784, -0.06353, 1.80458, -0.66275, -0.22592, -0.6155], [-0.38998, 0.37284, -0.02854, 1.39136, -0.66719, -0.24375, -0.51861], [-0.18732, 0.53785, 0.00646, 0.97814, -0.67163, -0.26158, -0.42171], [-0.02747, 0.66801, 0.03406, 0.65219, -0.67514, -0.27565, -0.34528], [-0.10398, 0.67233, 0.02562, 0.47168, -0.54709, -0.05559, -0.72823], [-0.18048, 0.67665, 0.01717, 0.29117, -0.41904, 0.16447, -1.11118], [-0.25699, 0.68097, 0.00873, 0.11066, -0.29099, 0.38453, -1.49412], [-0.28102, 0.68233, 0.00608, 0.05396, -0.25077, 0.45365, -1.61441], [-0.25567, 0.70769, 0.35066, 0.16622, -0.43189, 0.21122, -1.45379], [-0.23032, 0.73306, 0.69524, 0.27848, -0.61302, -0.03121, -1.29317], [-0.20498, 0.75842, 1.03983, 0.39074, -0.79414, -0.27363, -1.13255], [-0.17963, 0.78378, 1.38441, 0.503, -0.97527, -0.51606, -0.97193], [-0.15428, 0.80915, 1.72899, 0.61525, -1.15639, -0.75848, -0.81131]]
end: [-0.14538000000000001, 0.81805000000000005, 1.8500000000000001, 0.65468000000000004, -1.2199899999999999, -0.84362000000000004, -0.75490999999999997]
obtacles: [[[0.6, 0.5, -1.0], [0.9, 0.6, 1.0]], [[0.6, -0.6, -1.0], [0.9, -0.5, 1.0]], [[0.6, -0.6, 0.9], [0.9, 0.6, 1.0]], [[0.6, -0.6, -1.0], [0.9, 0.6, -0.9]], [[0.6, -0.6, 0.3], [0.9, 0.6, 0.4]], [[0.6, -0.6, -0.5], [0.9, 0.6, -0.4]], [[0.6, 0.2, 0.4], [0.9, 0.3, 1.0]], [[0.6, 0.2, -0.5], [0.9, 0.3, 0.4]], [[0.6, 0.0, -1.0], [0.9, 0.1, -0.4]]]
start: [-0.95518000000000003, 1.9286300000000001, 1.8, 1.1762900000000001, -1.98878, -1.50891, -0.16635]
tajectories: [[-0.95518, 1.92863, 1.8, 1.17629, -1.98878, -1.50891, -0.16635], [-1.04061, 1.92595, 1.81986, 1.49854, -1.91827, -1.51002, 0.19901], [-1.12604, 1.92327, 1.83972, 1.82078, -1.84776, -1.51114, 0.56436], [-1.21147, 1.92059, 1.85957, 2.14303, -1.77726, -1.51225, 0.92972], [-1.2969, 1.91791, 1.87943, 2.46527, -1.70675, -1.51337, 1.29508], [-1.38233, 1.91523, 1.89929, 2.78752, -1.63624, -1.51448, 1.66044], [-1.46776, 1.91254, 1.91915, 3.10976, -1.56574, -1.5156, 2.02579], [-1.46893, 1.91251, 1.91942, 3.11421, -1.56477, -1.51561, 2.03083], [-1.37285, 1.7316, 2.08893, 2.9485, -1.74167, -1.20404, 2.18404], [-1.27676, 1.55069, 2.25844, 2.7828, -1.91858, -0.89246, 2.33725], [-1.18068, 1.36979, 2.42795, 2.61709, -2.09548, -0.58088, 2.49046], [-1.11069, 1.23802, 2.55142, 2.4964, -2.22434, -0.35394, 2.60206], [-1.25022, 1.03134, 2.4378, 2.28116, -2.42512, -0.38795, 2.30693], [-1.38975, 0.82465, 2.32417, 2.06592, -2.62591, -0.42195, 2.01179], [-1.52929, 0.61797, 2.21055, 1.85069, -2.8267, -0.45596, 1.71666], [-1.66882, 0.41129, 2.09693, 1.63545, -3.02749, -0.48997, 1.42153], [-1.80835, 0.2046, 1.9833, 1.42021, -3.22828, -0.52397, 1.1264], [-1.94788, -0.00208, 1.86968, 1.20497, -3.42906, -0.55798, 0.83127], [-2.05779, -0.16489, 1.78017, 1.03543, -3.58723, -0.58476, 0.59879], [-2.01848, 0.00898, 1.7226, 0.95958, -3.44587, -0.60374, 0.16426], [-1.97917, 0.18285, 1.66503, 0.88373, -3.30452, -0.62271, -0.27027], [-1.93986, 0.35672, 1.60746, 0.80789, -3.16316, -0.64169, -0.7048], [-1.90055, 0.53058, 1.54989, 0.73204, -3.02181, -0.66066, -1.13933], [-1.86748, 0.67688, 1.50145, 0.66823, -2.90287, -0.67663, -1.50496], [-1.5305, 0.74153, 1.56058, 0.68053, -2.58813, -0.7435, -1.34657], [-1.19352, 0.80617, 1.61971, 0.69283, -2.27339, -0.81036, -1.18818], [-0.85655, 0.87081, 1.67884, 0.70513, -1.95865, -0.87723, -1.02979], [-0.51957, 0.93545, 1.73797, 0.71744, -1.64391, -0.9441, -0.8714], [-0.18259, 1.0001, 1.7971, 0.72974, -1.32917, -1.01097, -0.71301]]
end: [-0.16603999999999999, 1.0032700000000001, 1.8, 0.73033999999999999, -1.3137099999999999, -1.0142500000000001, -0.70523000000000002]
obtacles: [[[0.6, 0.5, -1.0], [0.9, 0.6, 1.0]], [[0.6, -0.6, -1.0], [0.9, -0.5, 1.0]], [[0.6, -0.6, 0.9], [0.9, 0.6, 1.0]], [[0.6, -0.6, -1.0], [0.9, 0.6, -0.9]], [[0.6, -0.6, 0.3], [0.9, 0.6, 0.4]], [[0.6, -0.6, -0.5], [0.9, 0.6, -0.4]], [[0.6, 0.2, 0.4], [0.9, 0.3, 1.0]], [[0.6, 0.2, -0.5], [0.9, 0.3, 0.4]], [[0.6, 0.0, -1.0], [0.9, 0.1, -0.4]]]
start: [-0.56757000000000002, 0.93740000000000001, 1.8, 1.34351, -0.97219999999999995, -1.2537100000000001, -0.94994000000000001]
tajectories: [[-0.56757, 0.9374, 1.8, 1.34351, -0.9722, -1.25371, -0.94994], [-0.85204, 0.89734, 1.74909, 1.42072, -1.28152, -1.20348, -1.19633], [-1.13652, 0.85727, 1.69818, 1.49794, -1.59084, -1.15324, -1.44273], [-1.42099, 0.81721, 1.64727, 1.57516, -1.90016, -1.103, -1.68913], [-1.70547, 0.77714, 1.59636, 1.65238, -2.20948, -1.05276, -1.93552], [-1.98994, 0.73708, 1.54545, 1.7296, -2.5188, -1.00252, -2.18192], [-2.27441, 0.69701, 1.49454, 1.80682, -2.82813, -0.95228, -2.42831], [-2.34476, 0.6871, 1.48195, 1.82591, -2.90462, -0.93986, -2.48925], [-2.13071, 0.79828, 1.11806, 1.86205, -3.01928, -0.99764, -2.28524], [-1.91666, 0.90946, 0.75418, 1.89818, -3.13393, -1.05541, -2.08123], [-1.70261, 1.02064, 0.39029, 1.93432, -3.24859, -1.11319, -1.87722], [-1.48856, 1.13181, 0.02641, 1.97045, -3.36324, -1.17096, -1.67321], [-1.27451, 1.24299, -0.33748, 2.00659, -3.4779, -1.22874, -1.4692], [-1.09468, 1.33639, -0.64318, 2.03694, -3.57422, -1.27727, -1.29781], [-1.06041, 1.42263, -0.27938, 1.86549, -3.37734, -1.317, -1.09959], [-1.02613, 1.50886, 0.08443, 1.69403, -3.18045, -1.35673, -0.90136], [-0.99186, 1.5951, 0.44824, 1.52258, -2.98356, -1.39646, -0.70313], [-0.95759, 1.68133, 0.81204, 1.35112, -2.78668, -1.43619, -0.5049], [-0.92331, 1.76757, 1.17585, 1.17966, -2.58979, -1.47592, -0.30668], [-0.88904, 1.8538, 1.53965, 1.00821, -2.39291, -1.51565, -0.10845], [-0.85476, 1.94004, 1.90346, 0.83675, -2.19602, -1.55538, 0.08978]]
end: [-0.84567000000000003, 1.96292, 2.0, 0.79125000000000001, -2.14377, -1.56592, 0.14238000000000001]
obtacles: [[[0.6, 0.5, -1.0], [0.9, 0.6, 1.0]], [[0.6, -0.6, -1.0], [0.9, -0.5, 1.0]], [[0.6, -0.6, 0.9], [0.9, 0.6, 1.0]], [[0.6, -0.6, -1.0], [0.9, 0.6, -0.9]], [[0.6, -0.6, 0.3], [0.9, 0.6, 0.4]], [[0.6, -0.6, -0.5], [0.9, 0.6, -0.4]], [[0.6, 0.2, 0.4], [0.9, 0.3, 1.0]], [[0.6, 0.2, -0.5], [0.9, 0.3, 0.4]], [[0.6, 0.0, -1.0], [0.9, 0.1, -0.4]]]
start: [-0.36968000000000001, 1.9611400000000001, 1.8, 1.8408599999999999, -1.90296, -1.2619, -1.3734900000000001]
tajectories: [[-0.36968, 1.96114, 1.8, 1.84086, -1.90296, -1.2619, -1.37349], [-0.69193, 1.90848, 1.58081, 1.8975, -1.75806, -1.05154, -1.20953], [-1.01418, 1.85582, 1.36162, 1.95415, -1.61315, -0.84118, -1.04558], [-1.33643, 1.80317, 1.14243, 2.0108, -1.46824, -0.63082, -0.88162], [-1.65867, 1.75051, 0.92324, 2.06744, -1.32334, -0.42047, -0.71766], [-1.95788, 1.70162, 0.71972, 2.12004, -1.18879, -0.22515, -0.56543], [-2.05541, 1.49747, 0.78199, 1.90616, -1.0294, -0.50109, -0.34717], [-2.15294, 1.29332, 0.84426, 1.69228, -0.87001, -0.77703, -0.1289], [-2.25048, 1.08917, 0.90653, 1.4784, -0.71061, -1.05297, 0.08936], [-2.34801, 0.88502, 0.9688, 1.26452, -0.55122, -1.32891, 0.30763], [-2.40883, 0.7577, 1.00763, 1.13113, -0.45182, -1.501, 0.44374], [-2.11655, 0.60722, 0.82368, 1.18973, -0.69827, -1.46775, 0.65064], [-1.82426, 0.45673, 0.63972, 1.24832, -0.94472, -1.4345, 0.85754], [-1.53198, 0.30624, 0.45577, 1.30691, -1.19117, -1.40125, 1.06444], [-1.23969, 0.15576, 0.27181, 1.3655, -1.43763, -1.368, 1.27134], [-0.94741, 0.00527, 0.08786, 1.42409, -1.68408, -1.33475, 1.47823], [-0.73437, -0.10441, -0.04622, 1.4668, -1.86371, -1.31052, 1.62904], [-0.7082, 0.08351, 0.28183, 1.20558, -1.8528, -1.24716, 1.4446], [-0.68203, 0.27143, 0.60988, 0.94436, -1.84188, -1.1838, 1.26016], [-0.65586, 0.45935, 0.93792, 0.68314, -1.83097, -1.12045, 1.07573], [-0.62969, 0.64728, 1.26597, 0.42192, -1.82006, -1.05709, 0.89129], [-0.60352, 0.8352, 1.59402, 0.1607, -1.80914, -0.99373, 0.70685]]
end: [-0.58709, 0.95320000000000005, 1.8, -0.00332, -1.8022899999999999, -0.95394999999999996, 0.59104999999999996]
obtacles: [[[0.6, 0.5, -1.0], [0.9, 0.6, 1.0]], [[0.6, -0.6, -1.0], [0.9, -0.5, 1.0]], [[0.6, -0.6, 0.9], [0.9, 0.6, 1.0]], [[0.6, -0.6, -1.0], [0.9, 0.6, -0.9]], [[0.6, -0.6, 0.3], [0.9, 0.6, 0.4]], [[0.6, -0.6, -0.5], [0.9, 0.6, -0.4]], [[0.6, 0.2, 0.4], [0.9, 0.3, 1.0]], [[0.6, 0.2, -0.5], [0.9, 0.3, 0.4]], [[0.6, 0.0, -1.0], [0.9, 0.1, -0.4]]]
start: [-0.54793999999999998, 1.8698999999999999, 1.8, 1.40056, -1.9088799999999999, -1.4059999999999999, -0.78974999999999995]
tajectories: [[-0.54794, 1.8699, 1.8, 1.40056, -1.90888, -1.406, -0.78975], [-0.74282, 1.86591, 1.61245, 1.50337, -2.25387, -1.19371, -0.83637], [-0.9377, 1.86193, 1.4249, 1.60619, -2.59887, -0.98143, -0.883], [-1.13258, 1.85794, 1.23735, 1.70901, -2.94386, -0.76914, -0.92962], [-1.32745, 1.85396, 1.0498, 1.81182, -3.28886, -0.55686, -0.97625], [-1.52233, 1.84997, 0.86225, 1.91464, -3.63385, -0.34457, -1.02287], [-1.71721, 1.84599, 0.6747, 2.01746, -3.97885, -0.13229, -1.0695], [-1.82959, 1.84369, 0.56655, 2.07675, -4.17779, -0.00987, -1.09638], [-1.76319, 1.56333, 0.5559, 1.82605, -3.85691, -0.04142, -1.10475], [-1.69679, 1.28297, 0.54524, 1.57536, -3.53603, -0.07296, -1.11313], [-1.63038, 1.00261, 0.53459, 1.32466, -3.21516, -0.10451, -1.1215], [-1.56398, 0.72225, 0.52393, 1.07397, -2.89428, -0.13606, -1.12987], [-1.49757, 0.44189, 0.51328, 0.82327, -2.5734, -0.16761, -1.13825], [-1.43117, 0.16153, 0.50262, 0.57258, -2.25253, -0.19915, -1.14662], [-1.36477, -0.11883, 0.49196, 0.32188, -1.93165, -0.2307, -1.15499], [-1.29836, -0.39919, 0.48131, 0.07119, -1.61077, -0.26225, -1.16337], [-1.28467, -0.45702, 0.47911, 0.01948, -1.54459, -0.26875, -1.16509], [-0.89837, -0.41116, 0.42045, 0.26692, -1.50842, -0.0911, -1.19882], [-0.51208, -0.3653, 0.36179, 0.51436, -1.47226, 0.08655, -1.23255], [-0.12579, -0.31943, 0.30313, 0.7618, -1.4361, 0.26421, -1.26627], [0.26051, -0.27357, 0.24447, 1.00924, -1.39993, 0.44186, -1.3], [0.6468, -0.22771, 0.18582, 1.25668, -1.36377, 0.61952, -1.33372], [0.96514, -0.18992, 0.13747, 1.46059, -1.33396, 0.76592, -1.36152], [1.08265, -0.17354, -0.02777, 1.21207, -1.22269, 0.46991, -1.57796], [1.20016, -0.15716, -0.19301, 0.96355, -1.11142, 0.17389, -1.79441], [1.31767, -0.14079, -0.35826, 0.71503, -1.00014, -0.12212, -2.01086], [1.43517, -0.12441, -0.5235, 0.46651, -0.88887, -0.41814, -2.22731], [1.49782, -0.11568, -0.61159, 0.33402, -0.82955, -0.57595, -2.3427], [1.3402, 0.05192, -0.23632, 0.34899, -0.93141, -0.63103, -2.1363], [1.18258, 0.21953, 0.13895, 0.36397, -1.03326, -0.68611, -1.9299], [1.02496, 0.38714, 0.51422, 0.37894, -1.13512, -0.74118, -1.72349], [0.86734, 0.55474, 0.8895, 0.39391, -1.23697, -0.79626, -1.51709], [0.70972, 0.72235, 1.26477, 0.40888, -1.33883, -0.85134, -1.31069], [0.5521, 0.88996, 1.64004, 0.42386, -1.44069, -0.90642, -1.10429]]
end: [0.48491000000000001, 0.96140000000000003, 1.8, 0.43024000000000001, -1.4841, -0.92989999999999995, -1.01631]
obtacles: [[[0.6, 0.5, -1.0], [0.9, 0.6, 1.0]], [[0.6, -0.6, -1.0], [0.9, -0.5, 1.0]], [[0.6, -0.6, 0.9], [0.9, 0.6, 1.0]], [[0.6, -0.6, -1.0], [0.9, 0.6, -0.9]], [[0.6, -0.6, 0.3], [0.9, 0.6, 0.4]], [[0.6, -0.6, -0.5], [0.9, 0.6, -0.4]], [[0.6, 0.2, 0.4], [0.9, 0.3, 1.0]], [[0.6, 0.2, -0.5], [0.9, 0.3, 0.4]], [[0.6, 0.0, -1.0], [0.9, 0.1, -0.4]]]
start: [-0.22617999999999999, 1.80494, 1.8, 1.01817, -1.89039, -1.5044299999999999, -0.75422]
tajectories: [[-0.22618, 1.80494, 1.8, 1.01817, -1.89039, -1.50443, -0.75422], [-0.22331, 1.79319, 1.91176, 0.75824, -2.22966, -1.41441, -0.53838], [-0.22043, 1.78143, 2.02352, 0.4983, -2.56892, -1.32439, -0.32254], [-0.21756, 1.76968, 2.13528, 0.23836, -2.90819, -1.23437, -0.10669], [-0.21469, 1.75793, 2.24704, -0.02158, -3.24746, -1.14435, 0.10915], [-0.21196, 1.74675, 2.3533, -0.26872, -3.57004, -1.05876, 0.31437], [-0.28727, 1.7699, 2.36123, -0.04898, -3.63217, -0.92317, -0.1018], [-0.36257, 1.79304, 2.36915, 0.17076, -3.6943, -0.78758, -0.51797], [-0.43788, 1.81618, 2.37708, 0.3905, -3.75643, -0.65199, -0.93414], [-0.51319, 1.83932, 2.38501, 0.61025, -3.81856, -0.5164, -1.35032], [-0.5885, 1.86247, 2.39293, 0.82999, -3.88069, -0.38081, -1.76649], [-0.66381, 1.88561, 2.40086, 1.04973, -3.94282, -0.24522, -2.18266], [-0.73912, 1.90875, 2.40878, 1.26947, -4.00495, -0.10963, -2.59883], [-0.78673, 1.92338, 2.4138, 1.4084, -4.04423, -0.02391, -2.86194], [-0.95595, 1.89662, 2.16219, 1.4604, -3.73519, -0.24139, -2.75313], [-1.12516, 1.86986, 1.91057, 1.5124, -3.42616, -0.45886, -2.64431], [-1.29437, 1.8431, 1.65896, 1.56439, -3.11713, -0.67634, -2.53549], [-1.46359, 1.81634, 1.40735, 1.61639, -2.80809, -0.89382, -2.42667], [-1.6328, 1.78958, 1.15574, 1.66839, -2.49906, -1.11129, -2.31785], [-1.7089, 1.77755, 1.04259, 1.69177, -2.36008, -1.20909, -2.26892], [-1.65529, 1.57065, 1.01971, 1.52795, -2.19227, -1.16698, -1.88549], [-1.60168, 1.36374, 0.99684, 1.36413, -2.02445, -1.12488, -1.50206], [-1.54808, 1.15684, 0.97396, 1.2003, -1.85663, -1.08277, -1.11862], [-1.49447, 0.94993, 0.95108, 1.03648, -1.68882, -1.04066, -0.73519], [-1.44086, 0.74303, 0.9282, 0.87265, -1.521, -0.99855, -0.35176], [-1.39229, 0.55555, 0.90747, 0.72421, -1.36894, -0.96039, -0.00433], [-1.53383, 0.4509, 1.14635, 0.681, -1.54113, -0.62444, 0.12821], [-1.67537, 0.34625, 1.38524, 0.63778, -1.71332, -0.28849, 0.26076], [-1.8169, 0.24161, 1.62413, 0.59457, -1.88552, 0.04746, 0.3933], [-1.95844, 0.13696, 1.86302, 0.55136, -2.05771, 0.38342, 0.52584], [-2.09998, 0.03231, 2.1019, 0.50815, -2.2299, 0.71937, 0.65839], [-2.24152, -0.07234, 2.34079, 0.46493, -2.40209, 1.05532, 0.79093], [-2.27823, -0.09949, 2.40276, 0.45372, -2.44676, 1.14247, 0.82532], [-2.30874, 0.02684, 2.30601, 0.85998, -2.5403, 0.99146, 0.99007], [-2.33925, 0.15317, 2.20926, 1.26625, -2.63384, 0.84044, 1.15483], [-2.36976, 0.2795, 2.11251, 1.67251, -2.72738, 0.68943, 1.31958], [-2.38671, 0.34967, 2.05876, 1.89818, -2.77933, 0.60554, 1.4111], [-2.11781, 0.43489, 2.02083, 1.60138, -2.64859, 0.37529, 1.30719], [-1.84892, 0.52011, 1.98289, 1.30459, -2.51785, 0.14503, 1.20329], [-1.58003, 0.60532, 1.94496, 1.00779, -2.38711, -0.08523, 1.09938], [-1.31113, 0.69054, 1.90702, 0.711, -2.25637, -0.31548, 0.99548], [-1.04224, 0.77576, 1.86909, 0.4142, -2.12562, -0.54574, 0.89157], [-0.77334, 0.86097, 1.83115, 0.11741, -1.99488, -0.77599, 0.78767]]
end: [-0.55250999999999995, 0.93096000000000001, 1.8, -0.12634000000000001, -1.88751, -0.96509, 0.70233999999999996]
obtacles: [[[0.6, 0.5, -1.0], [0.9, 0.6, 1.0]], [[0.6, -0.6, -1.0], [0.9, -0.5, 1.0]], [[0.6, -0.6, 0.9], [0.9, 0.6, 1.0]], [[0.6, -0.6, -1.0], [0.9, 0.6, -0.9]], [[0.6, -0.6, 0.3], [0.9, 0.6, 0.4]], [[0.6, -0.6, -0.5], [0.9, 0.6, -0.4]], [[0.6, 0.2, 0.4], [0.9, 0.3, 1.0]], [[0.6, 0.2, -0.5], [0.9, 0.3, 0.4]], [[0.6, 0.0, -1.0], [0.9, 0.1, -0.4]]]
start: [-0.61553999999999998, 1.96184, 1.7, 1.4146399999999999, 1.16395, 1.51237, 2.3801800000000002]
tajectories: [[-0.61554, 1.96184, 1.7, 1.41464, 1.16395, 1.51237, 2.38018], [-0.82399, 1.86992, 1.76964, 1.57731, 1.18136, 1.10659, 2.33745], [-1.03245, 1.778, 1.83928, 1.73997, 1.19878, 0.70081, 2.29473], [-1.2409, 1.68608, 1.90892, 1.90264, 1.2162, 0.29503, 2.252], [-1.44935, 1.59415, 1.97856, 2.06531, 1.23362, -0.11075, 2.20928], [-1.6578, 1.50223, 2.0482, 2.22798, 1.25104, -0.51653, 2.16655], [-1.86625, 1.41031, 2.11784, 2.39065, 1.26846, -0.92231, 2.12382], [-2.04628, 1.33092, 2.17798, 2.53114, 1.28351, -1.27276, 2.08693], [-1.94647, 1.1666, 2.09265, 2.48852, 0.9695, -1.18303, 1.77502], [-1.84666, 1.00229, 2.00732, 2.4459, 0.65549, -1.09329, 1.46311], [-1.74685, 0.83797, 1.92199, 2.40328, 0.34149, -1.00356, 1.1512], [-1.65071, 0.67971, 1.8398, 2.36223, 0.03904, -0.91713, 0.85077], [-1.41724, 0.68877, 1.81355, 2.11062, -0.12586, -0.94956, 0.52957], [-1.18376, 0.69783, 1.78731, 1.85901, -0.29077, -0.98199, 0.20838], [-0.95028, 0.70688, 1.76106, 1.6074, -0.45567, -1.01442, -0.11282], [-0.71681, 0.71594, 1.73482, 1.35579, -0.62057, -1.04685, -0.43401], [-0.48333, 0.725, 1.70858, 1.10419, -0.78548, -1.07928, -0.75521]]
end: [-0.40704000000000001, 0.72796000000000005, 1.7, 1.02197, -0.83935999999999999, -1.08988, -0.86016000000000004]
obtacles: [[[0.6, 0.5, -1.0], [0.9, 0.6, 1.0]], [[0.6, -0.6, -1.0], [0.9, -0.5, 1.0]], [[0.6, -0.6, 0.9], [0.9, 0.6, 1.0]], [[0.6, -0.6, -1.0], [0.9, 0.6, -0.9]], [[0.6, -0.6, 0.3], [0.9, 0.6, 0.4]], [[0.6, -0.6, -0.5], [0.9, 0.6, -0.4]], [[0.6, 0.2, 0.4], [0.9, 0.3, 1.0]], [[0.6, 0.2, -0.5], [0.9, 0.3, 0.4]], [[0.6, 0.0, -1.0], [0.9, 0.1, -0.4]]]
start: [-0.12534999999999999, 1.9433400000000001, 2.0499999999999998, 0.71303000000000005, -2.16872, -1.5651999999999999, -0.49393999999999999]
tajectories: [[-0.12535, 1.94334, 2.05, 0.71303, -2.16872, -1.5652, -0.49394], [-0.29085, 1.82987, 1.8713, 1.03234, -2.20623, -1.29849, -0.43649], [-0.45635, 1.71639, 1.69259, 1.35165, -2.24374, -1.03179, -0.37904], [-0.62185, 1.60292, 1.51389, 1.67096, -2.28125, -0.76508, -0.32159], [-0.78735, 1.48945, 1.33519, 1.99027, -2.31876, -0.49838, -0.26414], [-0.95285, 1.37598, 1.15648, 2.30958, -2.35627, -0.23167, -0.20669], [-0.98878, 1.35134, 1.11769, 2.37891, -2.36441, -0.17377, -0.19422], [-0.96881, 0.9836, 1.24685, 2.4009, -2.05601, -0.21799, -0.18274], [-0.94883, 0.61586, 1.37601, 2.4229, -1.74761, -0.26221, -0.17126], [-0.93714, 0.4006, 1.45162, 2.43578, -1.56708, -0.28809, -0.16453], [-1.31339, 0.30656, 1.4206, 2.45672, -1.39351, -0.4642, -0.35701], [-1.68965, 0.21252, 1.38958, 2.47766, -1.21994, -0.6403, -0.54949], [-2.06591, 0.11848, 1.35856, 2.4986, -1.04637, -0.8164, -0.74197], [-2.34986, 0.04751, 1.33515, 2.5144, -0.91538, -0.9493, -0.88722], [-1.99495, 0.20531, 1.47048, 2.23228, -0.94809, -0.9368, -0.88962], [-1.64004, 0.36311, 1.6058, 1.95015, -0.9808, -0.92429, -0.89201], [-1.28512, 0.5209, 1.74113, 1.66803, -1.01351, -0.91179, -0.8944], [-0.93021, 0.6787, 1.87645, 1.3859, -1.04621, -0.89928, -0.89679], [-0.5753, 0.83649, 2.01177, 1.10378, -1.07892, -0.88677, -0.89918]]
end: [-0.47504999999999997, 0.88107000000000002, 2.0499999999999998, 1.0240800000000001, -1.08816, -0.88324000000000003, -0.89985999999999999]
obtacles: [[[0.6, 0.5, -1.0], [0.9, 0.6, 1.0]], [[0.6, -0.6, -1.0], [0.9, -0.5, 1.0]], [[0.6, -0.6, 0.9], [0.9, 0.6, 1.0]], [[0.6, -0.6, -1.0], [0.9, 0.6, -0.9]], [[0.6, -0.6, 0.3], [0.9, 0.6, 0.4]], [[0.6, -0.6, -0.5], [0.9, 0.6, -0.4]], [[0.6, 0.2, 0.4], [0.9, 0.3, 1.0]], [[0.6, 0.2, -0.5], [0.9, 0.3, 0.4]], [[0.6, 0.0, -1.0], [0.9, 0.1, -0.4]]]
start: [-1.07064, 1.9713000000000001, 1.6499999999999999, 1.61927, -1.9687399999999999, -1.4790000000000001, -0.51402000000000003]
tajectories: [[-1.07064, 1.9713, 1.65, 1.61927, -1.96874, -1.479, -0.51402], [-1.22317, 1.85515, 1.50965, 1.71088, -2.28857, -1.45774, -0.22695], [-1.37569, 1.739, 1.3693, 1.80249, -2.6084, -1.43648, 0.06012], [-1.52822, 1.62285, 1.22895, 1.8941, -2.92823, -1.41521, 0.3472], [-1.68075, 1.50671, 1.0886, 1.98572, -3.24806, -1.39395, 0.63427], [-1.83327, 1.39056, 0.94826, 2.07733, -3.56789, -1.37269, 0.92134], [-1.9858, 1.27441, 0.80791, 2.16894, -3.88772, -1.35142, 1.20842], [-2.04191, 1.23169, 0.75628, 2.20264, -4.00537, -1.3436, 1.31402], [-1.85492, 0.96064, 0.83927, 2.2256, -3.87593, -1.05638, 1.50084], [-1.66793, 0.6896, 0.92227, 2.24857, -3.74648, -0.76917, 1.68767], [-1.48094, 0.41856, 1.00527, 2.27153, -3.61704, -0.48195, 1.8745], [-1.29395, 0.14751, 1.08826, 2.29449, -3.48759, -0.19473, 2.06133], [-1.10696, -0.12353, 1.17126, 2.31746, -3.35814, 0.09249, 2.24815], [-0.91997, -0.39457, 1.25425, 2.34042, -3.2287, 0.3797, 2.43498], [-0.78323, -0.59277, 1.31494, 2.35721, -3.13404, 0.58973, 2.5716], [-1.07487, -0.64839, 1.42407, 2.03758, -2.9667, 0.70561, 2.65125], [-1.36651, -0.70401, 1.53319, 1.71794, -2.79936, 0.82149, 2.73091], [-1.65816, -0.75963, 1.64231, 1.3983, -2.63202, 0.93737, 2.81056], [-1.9498, -0.81525, 1.75144, 1.07866, -2.46468, 1.05325, 2.89021], [-2.24144, -0.87087, 1.86056, 0.75903, -2.29734, 1.16913, 2.96986]]
end: [-2.3468499999999999, -0.89097000000000004, 1.8999999999999999, 0.64349999999999996, -2.23685, 1.2110099999999999, 2.99865]
obtacles: [[[0.6, 0.5, -1.0], [0.9, 0.6, 1.0]], [[0.6, -0.6, -1.0], [0.9, -0.5, 1.0]], [[0.6, -0.6, 0.9], [0.9, 0.6, 1.0]], [[0.6, -0.6, -1.0], [0.9, 0.6, -0.9]], [[0.6, -0.6, 0.3], [0.9, 0.6, 0.4]], [[0.6, -0.6, -0.5], [0.9, 0.6, -0.4]], [[0.6, 0.2, 0.4], [0.9, 0.3, 1.0]], [[0.6, 0.2, -0.5], [0.9, 0.3, 0.4]], [[0.6, 0.0, -1.0], [0.9, 0.1, -0.4]]]
start: [-0.58211000000000002, 1.9593799999999999, 1.6000000000000001, 1.9911300000000001, -1.91812, -1.3905400000000001, -1.37158]
tajectories: [[-0.58211, 1.95938, 1.6, 1.99113, -1.91812, -1.39054, -1.37158], [-0.76394, 1.8884, 1.24447, 2.12376, -1.86523, -1.42622, -1.62424], [-0.94578, 1.81743, 0.88894, 2.25638, -1.81234, -1.4619, -1.8769], [-1.12761, 1.74645, 0.53341, 2.389, -1.75946, -1.49757, -2.12956], [-1.30945, 1.67548, 0.17788, 2.52163, -1.70657, -1.53325, -2.38222], [-1.46536, 1.61462, -0.12696, 2.63534, -1.66122, -1.56384, -2.59885], [-1.51473, 1.38878, 0.00654, 2.55292, -1.48072, -1.31219, -2.32311], [-1.5641, 1.16295, 0.14004, 2.47051, -1.30021, -1.06053, -2.04737], [-1.61347, 0.93711, 0.27354, 2.3881, -1.11971, -0.80888, -1.77163], [-1.66284, 0.71128, 0.40705, 2.30568, -0.9392, -0.55722, -1.49589], [-1.71222, 0.48544, 0.54055, 2.22327, -0.75869, -0.30557, -1.22015], [-1.76159, 0.2596, 0.67405, 2.14086, -0.57819, -0.05391, -0.94441], [-1.80905, 0.04249, 0.80239, 2.06162, -0.40465, 0.18802, -0.67932], [-1.61195, 0.19209, 0.95788, 1.78065, -0.53699, -0.0358, -0.54501], [-1.41485, 0.34169, 1.11336, 1.49967, -0.66933, -0.25962, -0.4107], [-1.21775, 0.49129, 1.26885, 1.21869, -0.80167, -0.48344, -0.27639], [-1.02065, 0.64089, 1.42433, 0.93771, -0.93401, -0.70726, -0.14209], [-0.82356, 0.79049, 1.57981, 0.65673, -1.06635, -0.93108, -0.00778]]
end: [-0.79796, 0.80991999999999997, 1.6000000000000001, 0.62024999999999997, -1.0835300000000001, -0.96013999999999999, 0.0096600000000000002]
obtacles: [[[0.6, 0.5, -1.0], [0.9, 0.6, 1.0]], [[0.6, -0.6, -1.0], [0.9, -0.5, 1.0]], [[0.6, -0.6, 0.9], [0.9, 0.6, 1.0]], [[0.6, -0.6, -1.0], [0.9, 0.6, -0.9]], [[0.6, -0.6, 0.3], [0.9, 0.6, 0.4]], [[0.6, -0.6, -0.5], [0.9, 0.6, -0.4]], [[0.6, 0.2, 0.4], [0.9, 0.3, 1.0]], [[0.6, 0.2, -0.5], [0.9, 0.3, 0.4]], [[0.6, 0.0, -1.0], [0.9, 0.1, -0.4]]]
start: [-2.0674000000000001, -0.96365999999999996, 1.6499999999999999, 1.28416, -2.17536, 1.47166, -2.9255100000000001]
tajectories: [[-2.0674, -0.96366, 1.65, 1.28416, -2.17536, 1.47166, -2.92551], [-1.86886, -0.66618, 1.7135, 1.02401, -2.18499, 1.25367, -2.87301], [-1.67031, -0.36869, 1.77701, 0.76387, -2.19462, 1.03567, -2.82051], [-1.47177, -0.0712, 1.84051, 0.50372, -2.20426, 0.81767, -2.76802], [-1.27323, 0.22629, 1.90402, 0.24357, -2.21389, 0.59967, -2.71552], [-1.07468, 0.52378, 1.96752, -0.01658, -2.22353, 0.38168, -2.66302], [-0.87614, 0.82127, 2.03103, -0.27672, -2.23316, 0.16368, -2.61052], [-0.75379, 1.00458, 2.07016, -0.43703, -2.2391, 0.02934, -2.57817], [-0.88363, 0.98519, 1.81785, -0.08607, -2.26347, 0.2207, -2.48479], [-1.01346, 0.96579, 1.56554, 0.2649, -2.28784, 0.41205, -2.39141], [-1.1433, 0.94639, 1.31323, 0.61587, -2.31222, 0.6034, -2.29803], [-1.27314, 0.927, 1.06092, 0.96683, -2.33659, 0.79475, -2.20465], [-1.40297, 0.9076, 0.80861, 1.3178, -2.36097, 0.9861, -2.11127], [-1.50231, 0.89276, 0.61557, 1.58632, -2.37962, 1.13251, -2.03982], [-1.41653, 1.03166, 0.56815, 1.76163, -1.99535, 0.93864, -1.96827], [-1.33075, 1.17055, 0.52073, 1.93694, -1.61107, 0.74478, -1.89672], [-1.24497, 1.30945, 0.4733, 2.11224, -1.2268, 0.55091, -1.82517], [-1.15919, 1.44835, 0.42588, 2.28755, -0.84253, 0.35705, -1.75362], [-1.11111, 1.52619, 0.3993, 2.3858, -0.62716, 0.24839, -1.71352], [-1.09979, 1.5662, 0.61123, 2.22598, -0.821, -0.05093, -1.48847], [-1.08848, 1.60621, 0.82316, 2.06616, -1.01484, -0.35025, -1.26342], [-1.07716, 1.64621, 1.03509, 1.90634, -1.20868, -0.64957, -1.03837], [-1.06585, 1.68622, 1.24702, 1.74652, -1.40251, -0.9489, -0.81332], [-1.05453, 1.72622, 1.45894, 1.5867, -1.59635, -1.24822, -0.58827]]
end: [-1.04433, 1.7622899999999999, 1.6499999999999999, 1.44262, -1.7710999999999999, -1.51806, -0.38538]
obtacles: [[[0.6, 0.5, -1.0], [0.9, 0.6, 1.0]], [[0.6, -0.6, -1.0], [0.9, -0.5, 1.0]], [[0.6, -0.6, 0.9], [0.9, 0.6, 1.0]], [[0.6, -0.6, -1.0], [0.9, 0.6, -0.9]], [[0.6, -0.6, 0.3], [0.9, 0.6, 0.4]], [[0.6, -0.6, -0.5], [0.9, 0.6, -0.4]], [[0.6, 0.2, 0.4], [0.9, 0.3, 1.0]], [[0.6, 0.2, -0.5], [0.9, 0.3, 0.4]], [[0.6, 0.0, -1.0], [0.9, 0.1, -0.4]]]
start: [-0.19674, 0.96935000000000004, 1.6499999999999999, 0.95643999999999996, -1.0938099999999999, -1.18157, -0.88005]
tajectories: [[-0.19674, 0.96935, 1.65, 0.95644, -1.09381, -1.18157, -0.88005], [-0.59361, 0.98494, 1.78838, 1.18545, -1.14391, -1.04685, -0.87908], [-0.99048, 1.00052, 1.92675, 1.41446, -1.19401, -0.91212, -0.87812], [-1.38734, 1.01611, 2.06513, 1.64346, -1.24411, -0.7774, -0.87716], [-1.78421, 1.03169, 2.2035, 1.87247, -1.29421, -0.64267, -0.87619], [-1.86817, 1.03499, 2.23277, 1.92091, -1.3048, -0.61417, -0.87599], [-1.79194, 1.28015, 2.11599, 2.07263, -1.53893, -0.54521, -0.57958], [-1.71572, 1.52531, 1.99921, 2.22435, -1.77305, -0.47624, -0.28317], [-1.67789, 1.64697, 1.94125, 2.29964, -1.88923, -0.44202, -0.13608], [-1.50185, 1.73663, 1.84661, 2.02928, -1.90228, -0.79634, -0.19273], [-1.32581, 1.82629, 1.75197, 1.75893, -1.91532, -1.15066, -0.24939], [-1.14977, 1.91595, 1.65734, 1.48857, -1.92837, -1.50497, -0.30605]]
end: [-1.1361300000000001, 1.9229000000000001, 1.6499999999999999, 1.4676199999999999, -1.9293800000000001, -1.53244, -0.31043999999999999]
obtacles: [[[0.6, 0.5, -1.0], [0.9, 0.6, 1.0]], [[0.6, -0.6, -1.0], [0.9, -0.5, 1.0]], [[0.6, -0.6, 0.9], [0.9, 0.6, 1.0]], [[0.6, -0.6, -1.0], [0.9, 0.6, -0.9]], [[0.6, -0.6, 0.3], [0.9, 0.6, 0.4]], [[0.6, -0.6, -0.5], [0.9, 0.6, -0.4]], [[0.6, 0.2, 0.4], [0.9, 0.3, 1.0]], [[0.6, 0.2, -0.5], [0.9, 0.3, 0.4]], [[0.6, 0.0, -1.0], [0.9, 0.1, -0.4]]]
start: [-0.34105000000000002, 1.85432, 1.6499999999999999, 1.66391, -1.84718, -1.46898, -1.2973699999999999]
tajectories: [[-0.34105, 1.85432, 1.65, 1.66391, -1.84718, -1.46898, -1.29737], [-0.50904, 1.749, 1.61254, 1.74393, -2.24768, -1.34156, -1.13537], [-0.67704, 1.64368, 1.57509, 1.82396, -2.64818, -1.21415, -0.97337], [-0.84503, 1.53836, 1.53763, 1.90398, -3.04868, -1.08674, -0.81137], [-1.01302, 1.43304, 1.50017, 1.98401, -3.44918, -0.95933, -0.64936], [-1.18102, 1.32772, 1.46272, 2.06403, -3.84968, -0.83191, -0.48736], [-1.34901, 1.2224, 1.42526, 2.14406, -4.25018, -0.7045, -0.32536], [-1.40821, 1.18529, 1.41206, 2.17226, -4.39133, -0.6596, -0.26827], [-1.59583, 1.22153, 1.69943, 2.19014, -4.36119, -0.80631, 0.0606], [-1.78345, 1.25778, 1.98681, 2.20801, -4.33105, -0.95302, 0.38946], [-1.97107, 1.29402, 2.27418, 2.22589, -4.30092, -1.09973, 0.71832], [-2.05751, 1.31072, 2.40656, 2.23413, -4.28703, -1.16731, 0.86982], [-1.80353, 1.25758, 2.38925, 1.95628, -4.10635, -0.92074, 0.97811], [-1.54956, 1.20445, 2.37194, 1.67843, -3.92567, -0.67416, 1.08641], [-1.29558, 1.15131, 2.35462, 1.40058, -3.74499, -0.42759, 1.19471], [-1.04161, 1.09818, 2.33731, 1.12273, -3.56431, -0.18101, 1.303], [-0.78763, 1.04504, 2.31999, 0.84488, -3.38363, 0.06556, 1.4113], [-0.53366, 0.99191, 2.30268, 0.56703, -3.20295, 0.31214, 1.51959], [-0.37339, 0.95837, 2.29175, 0.39169, -3.08893, 0.46774, 1.58793], [-0.39915, 0.93974, 2.14795, 0.25444, -2.80592, 0.15851, 1.40421], [-0.4249, 0.9211, 2.00414, 0.11719, -2.52291, -0.15072, 1.22048], [-0.45066, 0.90247, 1.86034, -0.02005, -2.2399, -0.45995, 1.03676], [-0.47642, 0.88383, 1.71653, -0.1573, -1.95689, -0.76917, 0.85303]]
end: [-0.48834, 0.87521000000000004, 1.6499999999999999, -0.2208, -1.82595, -0.91224000000000005, 0.76802999999999999]
obtacles: [[[0.6, 0.5, -1.0], [0.9, 0.6, 1.0]], [[0.6, -0.6, -1.0], [0.9, -0.5, 1.0]], [[0.6, -0.6, 0.9], [0.9, 0.6, 1.0]], [[0.6, -0.6, -1.0], [0.9, 0.6, -0.9]], [[0.6, -0.6, 0.3], [0.9, 0.6, 0.4]], [[0.6, -0.6, -0.5], [0.9, 0.6, -0.4]], [[0.6, 0.2, 0.4], [0.9, 0.3, 1.0]], [[0.6, 0.2, -0.5], [0.9, 0.3, 0.4]], [[0.6, 0.0, -1.0], [0.9, 0.1, -0.4]]]
start: [-0.75875000000000004, 1.94045, 1.7, 2.0438000000000001, -1.85179, -1.2958000000000001, -1.2217199999999999]
tajectories: [[-0.75875, 1.94045, 1.7, 2.0438, -1.85179, -1.2958, -1.22172], [-0.60631, 1.93027, 1.72186, 1.64732, -1.89866, -1.41191, -0.99082], [-0.45388, 1.92009, 1.74372, 1.25085, -1.94553, -1.52802, -0.75992]]
end: [-0.41005999999999998, 1.91717, 1.75, 1.13689, -1.9590099999999999, -1.5613999999999999, -0.69355]
obtacles: [[[0.6, 0.5, -1.0], [0.9, 0.6, 1.0]], [[0.6, -0.6, -1.0], [0.9, -0.5, 1.0]], [[0.6, -0.6, 0.9], [0.9, 0.6, 1.0]], [[0.6, -0.6, -1.0], [0.9, 0.6, -0.9]], [[0.6, -0.6, 0.3], [0.9, 0.6, 0.4]], [[0.6, -0.6, -0.5], [0.9, 0.6, -0.4]], [[0.6, 0.2, 0.4], [0.9, 0.3, 1.0]], [[0.6, 0.2, -0.5], [0.9, 0.3, 0.4]], [[0.6, 0.0, -1.0], [0.9, 0.1, -0.4]]]
start: [-0.49975000000000003, 1.9570799999999999, 1.6000000000000001, 1.71079, -1.9502900000000001, -1.49136, -1.1900599999999999]
tajectories: [[-0.49975, 1.95708, 1.6, 1.71079, -1.95029, -1.49136, -1.19006], [-0.69851, 1.92745, 1.52323, 1.7943, -2.21061, -1.32247, -0.8731], [-0.89727, 1.89783, 1.44647, 1.87782, -2.47092, -1.15357, -0.55615], [-1.09603, 1.8682, 1.3697, 1.96134, -2.73123, -0.98468, -0.23919], [-1.29478, 1.83858, 1.29294, 2.04486, -2.99154, -0.81579, 0.07777], [-1.49354, 1.80896, 1.21617, 2.12838, -3.25186, -0.64689, 0.39472], [-1.6923, 1.77933, 1.13941, 2.2119, -3.51217, -0.478, 0.71168], [-1.82711, 1.75924, 1.08734, 2.26855, -3.68872, -0.36345, 0.92666], [-1.70984, 1.49841, 0.77016, 2.37515, -3.62129, -0.46591, 1.12964], [-1.59256, 1.23759, 0.45298, 2.48175, -3.55386, -0.56836, 1.33263], [-1.47529, 0.97676, 0.1358, 2.58836, -3.48643, -0.67082, 1.53562], [-1.35802, 0.71593, -0.18139, 2.69496, -3.419, -0.77328, 1.7386], [-1.24074, 0.4551, -0.49857, 2.80157, -3.35157, -0.87573, 1.94159], [-1.21347, 0.39445, -0.57232, 2.82636, -3.33589, -0.89956, 1.98879], [-1.2816, 0.19822, -0.38521, 2.62613, -3.07502, -1.02535, 2.20759], [-1.34973, 0.00198, -0.19809, 2.42591, -2.81415, -1.15114, 2.42638], [-1.41786, -0.19425, -0.01097, 2.22568, -2.55328, -1.27693, 2.64518], [-1.48599, -0.39049, 0.17615, 2.02545, -2.29242, -1.40271, 2.86397], [-1.52287, -0.49673, 0.27745, 1.91705, -2.15118, -1.47081, 2.98243], [-1.58747, -0.42045, 0.32276, 1.98554, -1.67822, -1.45231, 2.88634], [-1.65206, -0.34418, 0.36807, 2.05403, -1.20526, -1.43381, 2.79026], [-1.71665, -0.2679, 0.41337, 2.12252, -0.7323, -1.4153, 2.69418], [-1.78124, -0.19162, 0.45868, 2.19101, -0.25934, -1.3968, 2.5981], [-1.84584, -0.11535, 0.50399, 2.2595, 0.21362, -1.37829, 2.50201], [-1.91043, -0.03907, 0.5493, 2.32799, 0.68658, -1.35979, 2.40593], [-1.94589, 0.0028, 0.57417, 2.36559, 0.94624, -1.34963, 2.35318], [-1.80407, 0.10073, 0.70531, 2.16425, 0.70378, -1.30799, 2.03375], [-1.66225, 0.19866, 0.83644, 1.9629, 0.46131, -1.26636, 1.71431], [-1.52043, 0.29659, 0.96757, 1.76155, 0.21885, -1.22472, 1.39487], [-1.37861, 0.39452, 1.0987, 1.56021, -0.02362, -1.18309, 1.07544], [-1.23679, 0.49245, 1.22984, 1.35886, -0.26608, -1.14145, 0.756], [-1.09497, 0.59038, 1.36097, 1.15752, -0.50854, -1.09982, 0.43657], [-0.95315, 0.68831, 1.4921, 0.95617, -0.75101, -1.05818, 0.11713]]
end: [-0.83645999999999998, 0.76888000000000001, 1.6000000000000001, 0.79049999999999998, -0.95050999999999997, -1.02393, -0.14571000000000001]
obtacles: [[[0.6, 0.5, -1.0], [0.9, 0.6, 1.0]], [[0.6, -0.6, -1.0], [0.9, -0.5, 1.0]], [[0.6, -0.6, 0.9], [0.9, 0.6, 1.0]], [[0.6, -0.6, -1.0], [0.9, 0.6, -0.9]], [[0.6, -0.6, 0.3], [0.9, 0.6, 0.4]], [[0.6, -0.6, -0.5], [0.9, 0.6, -0.4]], [[0.6, 0.2, 0.4], [0.9, 0.3, 1.0]], [[0.6, 0.2, -0.5], [0.9, 0.3, 0.4]], [[0.6, 0.0, -1.0], [0.9, 0.1, -0.4]]]
start: [-0.41635, 1.8757699999999999, 1.6000000000000001, 1.8052299999999999, -1.8618300000000001, -1.4738, -1.37016]
tajectories: [[-0.41635, 1.87577, 1.6, 1.80523, -1.86183, -1.4738, -1.37016], [-0.56336, 1.89411, 1.57989, 1.90894, -2.26437, -1.28326, -1.23401], [-0.71038, 1.91244, 1.55978, 2.01266, -2.66692, -1.09271, -1.09786], [-0.85739, 1.93077, 1.53967, 2.11638, -3.06947, -0.90217, -0.9617], [-0.92033, 1.93862, 1.53106, 2.16078, -3.24181, -0.82059, -0.90341], [-1.24778, 1.78454, 1.67432, 2.27946, -3.02907, -0.88322, -0.71566], [-1.57522, 1.63047, 1.81759, 2.39813, -2.81633, -0.94585, -0.52791], [-1.90267, 1.47639, 1.96085, 2.51681, -2.60359, -1.00848, -0.34015], [-2.21147, 1.33108, 2.09596, 2.62873, -2.40296, -1.06754, -0.16309], [-1.9556, 1.25763, 2.01563, 2.25674, -2.22952, -1.04251, -0.10309], [-1.69974, 1.18419, 1.93529, 1.88475, -2.05607, -1.01748, -0.04309], [-1.44387, 1.11075, 1.85496, 1.51276, -1.88263, -0.99245, 0.01691], [-1.18801, 1.0373, 1.77463, 1.14077, -1.70918, -0.96741, 0.07691], [-0.93214, 0.96386, 1.6943, 0.76878, -1.53574, -0.94238, 0.13691], [-0.67628, 0.89042, 1.61397, 0.39679, -1.3623, -0.91735, 0.19691]]
end: [-0.63178000000000001, 0.87763999999999998, 1.6000000000000001, 0.33209, -1.33213, -0.91300000000000003, 0.20734]
