obtacles: [[[0.6, 0.5, -1.0], [0.9, 0.6, 1.0]], [[0.6, -0.6, -1.0], [0.9, -0.5, 1.0]], [[0.6, -0.6, 0.9], [0.9, 0.6, 1.0]], [[0.6, -0.6, -1.0], [0.9, 0.6, -0.9]], [[0.6, -0.6, 0.5], [0.9, 0.6, 0.6]], [[0.6, -0.6, -0.5], [0.9, 0.6, -0.4]], [[0.6, 0.0, 0.6], [0.9, 0.1, 1.0]], [[0.6, 0.2, -0.5], [0.9, 0.3, 0.6]], [[0.6, -0.2, -1.0], [0.9, -0.1, -0.4]]]
start: [-0.34861999999999999, 1.8424700000000001, 1.8999999999999999, 0.75978999999999997, -1.9940100000000001, -1.55084, -0.36148000000000002]
tajectories: [[-0.34862, 1.84247, 1.9, 0.75979, -1.99401, -1.55084, -0.36148], [-0.54044, 1.68478, 1.86813, 1.10468, -1.9236, -1.43531, -0.13773], [-0.73226, 1.52708, 1.83625, 1.44958, -1.8532, -1.31978, 0.08602], [-0.92409, 1.36938, 1.80438, 1.79447, -1.78279, -1.20426, 0.30976], [-1.11591, 1.21169, 1.7725, 2.13937, -1.71238, -1.08873, 0.53351], [-1.30773, 1.05399, 1.74063, 2.48426, -1.64197, -0.9732, 0.75726], [-1.40414, 0.97473, 1.72461, 2.65761, -1.60658, -0.91513, 0.86972], [-1.50071, 0.77205, 1.81379, 2.59074, -1.77289, -0.52511, 0.95572], [-1.59728, 0.56938, 1.90297, 2.52388, -1.93919, -0.13508, 1.04172], [-1.69376, 0.36692, 1.99205, 2.45708, -2.10531, 0.25453, 1.12763], [-1.57916, 0.20259, 2.11967, 2.16702, -2.4249, 0.31211, 1.19078], [-1.46457, 0.03827, 2.24728, 1.87695, -2.74449, 0.36969, 1.25393], [-1.34998, -0.12605, 2.3749, 1.58689, -3.06408, 0.42727, 1.31709], [-1.24686, -0.27393, 2.48974, 1.32586, -3.35168, 0.47909, 1.37391], [-1.47768, -0.36646, 2.37696, 1.15587, -3.13805, 0.57326, 1.67729], [-1.7085, -0.45899, 2.26417, 0.98589, -2.92441, 0.66743, 1.98066], [-1.93932, -0.55152, 2.15138, 0.8159, -2.71077, 0.76161, 2.28404], [-2.17014, -0.64405, 2.0386, 0.64592, -2.49714, 0.85578, 2.58741], [-2.40096, -0.73658, 1.92581, 0.47593, -2.2835, 0.94995, 2.89078]]
end: [-2.4537800000000001, -0.75775999999999999, 1.8999999999999999, 0.43703999999999998, -2.23461, 0.97150000000000003, 2.96021]
obtacles: [[[0.6, 0.5, -1.0], [0.9, 0.6, 1.0]], [[0.6, -0.6, -1.0], [0.9, -0.5, 1.0]], [[0.6, -0.6, 0.9], [0.9, 0.6, 1.0]], [[0.6, -0.6, -1.0], [0.9, 0.6, -0.9]], [[0.6, -0.6, 0.5], [0.9, 0.6, 0.6]], [[0.6, -0.6, -0.5], [0.9, 0.6, -0.4]], [[0.6, 0.0, 0.6], [0.9, 0.1, 1.0]], [[0.6, 0.2, -0.5], [0.9, 0.3, 0.6]], [[0.6, -0.2, -1.0], [0.9, -0.1, -0.4]]]
start: [-2.1073200000000001, -1.6075699999999999, 1.55, 1.35823, -1.5304599999999999, 1.5582400000000001, -2.8182800000000001]
tajectories: [[-2.10732, -1.60757, 1.55, 1.35823, -1.53046, 1.55824, -2.81828], [-1.95443, -1.62746, 1.33911, 1.62363, -1.56257, 1.30748, -2.60056], [-1.80154, -1.64736, 1.12822, 1.88904, -1.59468, 1.05672, -2.38284], [-1.64865, -1.66725, 0.91734, 2.15445, -1.62679, 0.80595, -2.16513], [-1.49576, -1.68714, 0.70645, 2.41986, -1.65891, 0.55519, -1.94741], [-1.34287, -1.70703, 0.49556, 2.68527, -1.69102, 0.30443, -1.72969], [-1.25318, -1.7187, 0.37184, 2.84097, -1.70986, 0.15732, -1.60196], [-1.07664, -1.3756, 0.61393, 2.80226, -1.7115, 0.31867, -1.4796], [-0.90009, -1.03251, 0.85602, 2.76356, -1.71314, 0.48001, -1.35723], [-0.72355, -0.68941, 1.09811, 2.72485, -1.71478, 0.64136, -1.23486], [-0.547, -0.34631, 1.3402, 2.68614, -1.71641, 0.80271, -1.11249], [-0.37045, -0.00321, 1.58229, 2.64744, -1.71805, 0.96406, -0.99012], [-0.21026, 0.3081, 1.80196, 2.61232, -1.71954, 1.11046, -0.87908], [-0.41125, 0.66275, 1.9203, 2.67406, -1.96742, 1.05055, -0.84776], [-0.61223, 1.0174, 2.03864, 2.73581, -2.21529, 0.99064, -0.81643], [-0.81321, 1.37205, 2.15699, 2.79756, -2.46316, 0.93073, -0.78511], [-1.00291, 1.70677, 2.26868, 2.85583, -2.69711, 0.87418, -0.75554], [-1.01419, 1.72094, 2.17102, 2.60353, -2.55704, 0.48893, -0.66369], [-1.02547, 1.7351, 2.07336, 2.35124, -2.41696, 0.10367, -0.57183], [-1.03675, 1.74926, 1.9757, 2.09894, -2.27688, -0.28158, -0.47998], [-1.04803, 1.76343, 1.87804, 1.84664, -2.13681, -0.66684, -0.38812], [-1.05931, 1.77759, 1.78038, 1.59434, -1.99673, -1.05209, -0.29627], [-1.0706, 1.79175, 1.68272, 1.34204, -1.85665, -1.43734, -0.20441]]
end: [-1.0743799999999999, 1.7965, 1.6499999999999999, 1.25752, -1.8097300000000001, -1.5664, -0.17363999999999999]
obtacles: [[[0.6, 0.5, -1.0], [0.9, 0.6, 1.0]], [[0.6, -0.6, -1.0], [0.9, -0.5, 1.0]], [[0.6, -0.6, 0.9], [0.9, 0.6, 1.0]], [[0.6, -0.6, -1.0], [0.9, 0.6, -0.9]], [[0.6, -0.6, 0.5], [0.9, 0.6, 0.6]], [[0.6, -0.6, -0.5], [0.9, 0.6, -0.4]], [[0.6, 0.0, 0.6], [0.9, 0.1, 1.0]], [[0.6, 0.2, -0.5], [0.9, 0.3, 0.6]], [[0.6, -0.2, -1.0], [0.9, -0.1, -0.4]]]
start: [-0.70704999999999996, 1.82212, 2.0499999999999998, 0.93425999999999998, -2.0671200000000001, -1.35789, -0.11137]
tajectories: [[-0.70705, 1.82212, 2.05, 0.93426, -2.06712, -1.35789, -0.11137], [-0.808, 1.86846, 2.07861, 1.37444, -1.94766, -1.22242, -0.00909], [-0.90895, 1.9148, 2.10721, 1.81463, -1.82821, -1.08696, 0.09318], [-0.98414, 1.94931, 2.12852, 2.14248, -1.73924, -0.98606, 0.16936], [-1.04339, 1.65387, 2.35028, 2.3323, -1.64152, -1.22034, 0.07157], [-1.10264, 1.35844, 2.57205, 2.52212, -1.54381, -1.45461, -0.02621], [-1.10909, 1.32625, 2.5962, 2.5428, -1.53316, -1.48013, -0.03687], [-1.21946, 0.94188, 2.61081, 2.38679, -1.36847, -1.42046, -0.22353], [-1.32982, 0.55751, 2.62542, 2.23079, -1.20378, -1.36079, -0.41019], [-1.35959, 0.45381, 2.62936, 2.18871, -1.15935, -1.34469, -0.46055], [-1.5509, 0.26033, 2.52636, 1.94598, -0.84739, -1.3219, -0.36782], [-1.74221, 0.06684, 2.42337, 1.70325, -0.53542, -1.2991, -0.2751], [-1.93352, -0.12665, 2.32037, 1.46052, -0.22346, -1.2763, -0.18237], [-2.12482, -0.32014, 2.21738, 1.2178, 0.0885, -1.25351, -0.08965], [-2.31613, -0.51362, 2.11438, 0.97507, 0.40047, -1.23071, 0.00308]]
end: [-2.4357099999999998, -0.63456999999999997, 2.0499999999999998, 0.82333999999999996, 0.59547000000000005, -1.2164600000000001, 0.061039999999999997]
obtacles: [[[0.6, 0.5, -1.0], [0.9, 0.6, 1.0]], [[0.6, -0.6, -1.0], [0.9, -0.5, 1.0]], [[0.6, -0.6, 0.9], [0.9, 0.6, 1.0]], [[0.6, -0.6, -1.0], [0.9, 0.6, -0.9]], [[0.6, -0.6, 0.5], [0.9, 0.6, 0.6]], [[0.6, -0.6, -0.5], [0.9, 0.6, -0.4]], [[0.6, 0.0, 0.6], [0.9, 0.1, 1.0]], [[0.6, 0.2, -0.5], [0.9, 0.3, 0.6]], [[0.6, -0.2, -1.0], [0.9, -0.1, -0.4]]]
start: [-0.61414999999999997, 1.4775, 2.0499999999999998, 0.68166000000000004, -1.89588, -1.20082, -0.028969999999999999]
tajectories: [[-0.61415, 1.4775, 2.05, 0.68166, -1.89588, -1.20082, -0.02897], [-0.75263, 1.39421, 1.79501, 1.03954, -2.04714, -1.16238, 0.05124], [-0.89111, 1.31093, 1.54001, 1.39742, -2.19839, -1.12395, 0.13145], [-1.02959, 1.22764, 1.28502, 1.75529, -2.34965, -1.08551, 0.21166], [-1.16807, 1.14436, 1.03003, 2.11317, -2.50091, -1.04708, 0.29187], [-1.28307, 1.07519, 0.81826, 2.41038, -2.62652, -1.01516, 0.35848], [-1.39481, 0.67717, 0.61006, 2.36188, -2.68789, -1.01572, 0.53059], [-1.50654, 0.27914, 0.40186, 2.31338, -2.74925, -1.01628, 0.70271], [-1.61827, -0.11889, 0.19366, 2.26488, -2.81061, -1.01684, 0.87482], [-1.67163, -0.30897, 0.09423, 2.24172, -2.83992, -1.01711, 0.95702], [-1.65529, -0.62694, 0.15915, 2.36132, -3.09918, -0.84775, 1.14197], [-1.63895, -0.94491, 0.22406, 2.48092, -3.35844, -0.67839, 1.32693], [-1.62261, -1.26288, 0.28898, 2.60053, -3.61771, -0.50902, 1.51188], [-1.60627, -1.58085, 0.3539, 2.72013, -3.87697, -0.33966, 1.69683], [-1.60341, -1.63641, 0.36524, 2.74103, -3.92227, -0.31007, 1.72915], [-1.67022, -1.69706, 0.5642, 2.48861, -3.99156, -0.53582, 1.44141], [-1.73703, -1.7577, 0.76315, 2.23619, -4.06086, -0.76158, 1.15367], [-1.80383, -1.81835, 0.96211, 1.98378, -4.13015, -0.98733, 0.86593], [-1.87064, -1.879, 1.16107, 1.73136, -4.19944, -1.21309, 0.5782], [-1.93745, -1.93964, 1.36003, 1.47894, -4.26873, -1.43884, 0.29046]]
end: [-1.96766, -1.9670700000000001, 1.45, 1.3648, -4.3000699999999998, -1.5409299999999999, 0.16034000000000001]
obtacles: [[[0.6, 0.5, -1.0], [0.9, 0.6, 1.0]], [[0.6, -0.6, -1.0], [0.9, -0.5, 1.0]], [[0.6, -0.6, 0.9], [0.9, 0.6, 1.0]], [[0.6, -0.6, -1.0], [0.9, 0.6, -0.9]], [[0.6, -0.6, 0.5], [0.9, 0.6, 0.6]], [[0.6, -0.6, -0.5], [0.9, 0.6, -0.4]], [[0.6, 0.0, 0.6], [0.9, 0.1, 1.0]], [[0.6, 0.2, -0.5], [0.9, 0.3, 0.6]], [[0.6, -0.2, -1.0], [0.9, -0.1, -0.4]]]
start: [-0.90478000000000003, 1.8752899999999999, 2.3999999999999999, 1.8515999999999999, -1.7142999999999999, -0.70901000000000003, -0.74590999999999996]
tajectories: [[-0.90478, 1.87529, 2.4, 1.8516, -1.7143, -0.70901, -0.74591]]
end: [-0.79147000000000001, 1.9597500000000001, 2.25, 1.96671, -1.74369, -0.81957000000000002, -0.96797]
obtacles: [[[0.6, 0.5, -1.0], [0.9, 0.6, 1.0]], [[0.6, -0.6, -1.0], [0.9, -0.5, 1.0]], [[0.6, -0.6, 0.9], [0.9, 0.6, 1.0]], [[0.6, -0.6, -1.0], [0.9, 0.6, -0.9]], [[0.6, -0.6, 0.5], [0.9, 0.6, 0.6]], [[0.6, -0.6, -0.5], [0.9, 0.6, -0.4]], [[0.6, 0.0, 0.6], [0.9, 0.1, 1.0]], [[0.6, 0.2, -0.5], [0.9, 0.3, 0.6]], [[0.6, -0.2, -1.0], [0.9, -0.1, -0.4]]]
start: [-0.47958000000000001, 1.96973, 1.8500000000000001, 1.37307, -2.0234200000000002, -1.39723, -0.79664000000000001]
tajectories: [[-0.47958, 1.96973, 1.85, 1.37307, -2.02342, -1.39723, -0.79664], [-0.58169, 1.72106, 1.7723, 1.64439, -2.24972, -1.39975, -1.01313], [-0.68379, 1.4724, 1.69459, 1.91571, -2.47602, -1.40227, -1.22962], [-0.7859, 1.22373, 1.61689, 2.18703, -2.70232, -1.40479, -1.44611], [-0.88801, 0.97506, 1.53918, 2.45835, -2.92863, -1.40732, -1.6626], [-0.9277, 0.87842, 1.50899, 2.56379, -3.01658, -1.4083, -1.74674], [-1.07276, 0.91423, 1.63168, 2.45916, -2.65616, -1.36653, -1.48211], [-1.21783, 0.95004, 1.75438, 2.35453, -2.29575, -1.32476, -1.21748], [-1.36289, 0.98584, 1.87708, 2.24989, -1.93533, -1.283, -0.95286], [-1.50796, 1.02165, 1.99978, 2.14526, -1.57492, -1.24123, -0.68823], [-1.65303, 1.05746, 2.12247, 2.04063, -1.2145, -1.19946, -0.4236], [-1.79809, 1.09327, 2.24517, 1.93599, -0.85409, -1.1577, -0.15898], [-1.89989, 1.1184, 2.33127, 1.86257, -0.60118, -1.12839, 0.02672], [-1.60252, 1.0482, 2.19922, 1.54143, -0.77535, -1.06121, -0.00822], [-1.30515, 0.97799, 2.06717, 1.22028, -0.94953, -0.99404, -0.04317], [-1.00778, 0.90778, 1.93511, 0.89914, -1.12371, -0.92686, -0.07811]]
end: [-0.81611, 0.86253000000000002, 1.8500000000000001, 0.69213999999999998, -1.2359800000000001, -0.88356000000000001, -0.10063]
