obtacles: [[[0.6, 0.5, -1.0], [0.9, 0.6, 1.0]], [[0.6, -0.6, -1.0], [0.9, -0.5, 1.0]], [[0.6, -0.6, 0.9], [0.9, 0.6, 1.0]], [[0.6, -0.6, -1.0], [0.9, 0.6, -0.9]], [[0.6, -0.6, 0.5], [0.9, 0.6, 0.6]], [[0.6, -0.6, -0.4], [0.9, 0.6, -0.3]], [[0.6, 0.1, 0.6], [0.9, 0.2, 1.0]], [[0.6, 0.0, -0.4], [0.9, 0.1, 0.6]], [[0.6, -0.3, -1.0], [0.9, -0.2, -0.3]]]
start: [-0.82232000000000005, 1.6825699999999999, 1.6000000000000001, 1.3678999999999999, -1.6861600000000001, -1.5648500000000001, -0.54359999999999997]
tajectories: [[-0.82232, 1.68257, 1.6, 1.3679, -1.68616, -1.56485, -0.5436], [-0.92, 1.62166, 1.73018, 1.66806, -1.97454, -1.38751, -0.66645], [-1.01767, 1.56074, 1.86036, 1.96821, -2.26293, -1.21017, -0.7893], [-1.03955, 1.5471, 1.88952, 2.03545, -2.32753, -1.17044, -0.81681], [-1.01348, 1.29312, 1.92465, 2.07985, -1.90478, -1.22315, -0.82789], [-0.98741, 1.03915, 1.95977, 2.12425, -1.48204, -1.27586, -0.83898], [-0.97144, 0.88355, 1.9813, 2.15146, -1.22303, -1.30815, -0.84576], [-1.09043, 0.78966, 2.08373, 2.15821, -0.77213, -1.33339, -0.73378], [-1.20942, 0.69577, 2.18615, 2.16496, -0.32122, -1.35863, -0.6218], [-1.24724, 0.66592, 2.21872, 2.1671, -0.17788, -1.36665, -0.5862], [-1.48605, 0.42157, 2.3769, 2.02553, -0.03566, -1.25031, -0.35288], [-1.72486, 0.17722, 2.53509, 1.88397, 0.10655, -1.13397, -0.11956], [-1.77168, 0.12931, 2.5661, 1.85621, 0.13444, -1.11115, -0.07381], [-2.00894, -0.11571, 2.54262, 1.51312, 0.20417, -1.20228, -0.1212], [-2.24619, -0.36072, 2.51913, 1.17002, 0.27391, -1.29342, -0.16858]]
end: [-2.4393799999999999, -0.56023999999999996, 2.5, 0.89065000000000005, 0.33068999999999998, -1.3676200000000001, -0.20716999999999999]
obtacles: [[[0.6, 0.5, -1.0], [0.9, 0.6, 1.0]], [[0.6, -0.6, -1.0], [0.9, -0.5, 1.0]], [[0.6, -0.6, 0.9], [0.9, 0.6, 1.0]], [[0.6, -0.6, -1.0], [0.9, 0.6, -0.9]], [[0.6, -0.6, 0.5], [0.9, 0.6, 0.6]], [[0.6, -0.6, -0.4], [0.9, 0.6, -0.3]], [[0.6, 0.1, 0.6], [0.9, 0.2, 1.0]], [[0.6, 0.0, -0.4], [0.9, 0.1, 0.6]], [[0.6, -0.3, -1.0], [0.9, -0.2, -0.3]]]
start: [-2.2412399999999999, -1.8983099999999999, 1.5, 1.4273800000000001, -1.23658, 1.5504800000000001, -2.6296900000000001]
tajectories: [[-2.24124, -1.89831, 1.5, 1.42738, -1.23658, 1.55048, -2.62969], [-2.18897, -1.78155, 1.44524, 1.62027, -0.91644, 1.48481, -2.33537], [-2.1367, -1.6648, 1.39049, 1.81316, -0.59629, 1.41913, -2.04105], [-2.08443, -1.54805, 1.33573, 2.00605, -0.27614, 1.35345, -1.74673], [-2.03216, -1.43129, 1.28098, 2.19894, 0.044, 1.28778, -1.45241], [-2.00098, -1.36165, 1.24832, 2.31399, 0.23497, 1.2486, -1.27684], [-2.10049, -1.05547, 1.50559, 2.46769, 0.12896, 1.04619, -1.21104], [-2.2, -0.7493, 1.76286, 2.62139, 0.02294, 0.84377, -1.14525], [-2.2995, -0.44312, 2.02014, 2.77509, -0.08308, 0.64136, -1.07945], [-2.38147, -0.19091, 2.23207, 2.9017, -0.17041, 0.47462, -1.02525], [-2.31191, 0.03687, 2.28462, 2.50905, -0.324, 0.38648, -0.95468], [-2.24234, 0.26464, 2.33718, 2.11639, -0.4776, 0.29834, -0.88411], [-2.17277, 0.49241, 2.38973, 1.72373, -0.63119, 0.2102, -0.81354], [-2.13497, 0.61617, 2.41829, 1.51038, -0.71465, 0.16231, -0.7752], [-1.80172, 0.63024, 2.21859, 1.38621, -0.72569, -0.11967, -0.71349], [-1.46847, 0.64432, 2.01889, 1.26204, -0.73674, -0.40166, -0.65178], [-1.13521, 0.65839, 1.81919, 1.13787, -0.74778, -0.68365, -0.59007], [-0.80196, 0.67247, 1.61949, 1.01371, -0.75882, -0.96564, -0.52836]]
end: [-0.60255000000000003, 0.68089, 1.5, 0.93940999999999997, -0.76543000000000005, -1.1343700000000001, -0.49142999999999998]
obtacles: [[[0.6, 0.5, -1.0], [0.9, 0.6, 1.0]], [[0.6, -0.6, -1.0], [0.9, -0.5, 1.0]], [[0.6, -0.6, 0.9], [0.9, 0.6, 1.0]], [[0.6, -0.6, -1.0], [0.9, 0.6, -0.9]], [[0.6, -0.6, 0.5], [0.9, 0.6, 0.6]], [[0.6, -0.6, -0.4], [0.9, 0.6, -0.3]], [[0.6, 0.1, 0.6], [0.9, 0.2, 1.0]], [[0.6, 0.0, -0.4], [0.9, 0.1, 0.6]], [[0.6, -0.3, -1.0], [0.9, -0.2, -0.3]]]
start: [0.38734000000000002, 1.3685700000000001, 1.55, -0.33317999999999998, -1.6181700000000001, -1.37304, -0.047350000000000003]
tajectories: [[0.38734, 1.36857, 1.55, -0.33318, -1.61817, -1.37304, -0.04735]]
end: [0.27482000000000001, 1.4831000000000001, 1.55, -0.0557, -1.5549299999999999, -1.4820800000000001, -0.21890999999999999]
obtacles: [[[0.6, 0.5, -1.0], [0.9, 0.6, 1.0]], [[0.6, -0.6, -1.0], [0.9, -0.5, 1.0]], [[0.6, -0.6, 0.9], [0.9, 0.6, 1.0]], [[0.6, -0.6, -1.0], [0.9, 0.6, -0.9]], [[0.6, -0.6, 0.5], [0.9, 0.6, 0.6]], [[0.6, -0.6, -0.4], [0.9, 0.6, -0.3]], [[0.6, 0.1, 0.6], [0.9, 0.2, 1.0]], [[0.6, 0.0, -0.4], [0.9, 0.1, 0.6]], [[0.6, -0.3, -1.0], [0.9, -0.2, -0.3]]]
start: [0.55274999999999996, 1.45539, -1.55, 0.83316000000000001, -1.6702600000000001, 1.5085999999999999, -2.85928]
tajectories: [[0.55275, 1.45539, -1.55, 0.83316, -1.67026, 1.5086, -2.85928], [0.79472, 1.61405, -1.58262, 1.19135, -1.51992, 1.54621, -2.74572]]
end: [0.92364000000000002, 1.69858, -1.6000000000000001, 1.38219, -1.43981, 1.5662400000000001, -2.6852100000000001]
obtacles: [[[0.6, 0.5, -1.0], [0.9, 0.6, 1.0]], [[0.6, -0.6, -1.0], [0.9, -0.5, 1.0]], [[0.6, -0.6, 0.9], [0.9, 0.6, 1.0]], [[0.6, -0.6, -1.0], [0.9, 0.6, -0.9]], [[0.6, -0.6, 0.5], [0.9, 0.6, 0.6]], [[0.6, -0.6, -0.4], [0.9, 0.6, -0.3]], [[0.6, 0.1, 0.6], [0.9, 0.2, 1.0]], [[0.6, 0.0, -0.4], [0.9, 0.1, 0.6]], [[0.6, -0.3, -1.0], [0.9, -0.2, -0.3]]]
start: [0.68959999999999999, 1.70326, -1.6499999999999999, 1.0689500000000001, -1.4166700000000001, 1.5655699999999999, -2.7679100000000001]
tajectories: [[0.6896, 1.70326, -1.65, 1.06895, -1.41667, 1.56557, -2.76791], [0.82352, 1.74052, -1.85314, 1.29481, -1.51475, 1.24479, -2.60705], [0.95744, 1.77777, -2.05629, 1.52067, -1.61283, 0.92401, -2.44619], [1.09136, 1.81503, -2.25943, 1.74654, -1.71091, 0.60323, -2.28533], [1.22527, 1.85228, -2.46257, 1.9724, -1.80899, 0.28245, -2.12447], [1.35919, 1.88954, -2.66572, 2.19827, -1.90707, -0.03834, -1.96362], [1.36958, 1.89243, -2.68147, 2.21578, -1.91467, -0.06321, -1.95115], [1.14233, 1.62671, -2.60168, 2.35813, -1.97114, 0.23233, -2.05407], [0.91509, 1.36099, -2.5219, 2.50049, -2.02762, 0.52786, -2.157], [0.68785, 1.09527, -2.44211, 2.64285, -2.08409, 0.82339, -2.25992], [0.56959, 0.95699, -2.40059, 2.71693, -2.11348, 0.97718, -2.31349], [0.45341, 0.9065, -2.22666, 2.26668, -2.13117, 0.97538, -2.28793], [0.33722, 0.85602, -2.05272, 1.81642, -2.14887, 0.97357, -2.26238], [0.22104, 0.80553, -1.87879, 1.36617, -2.16656, 0.97176, -2.23682], [0.10486, 0.75505, -1.70485, 0.91591, -2.18425, 0.96995, -2.21127]]
end: [0.068220000000000003, 0.73912999999999995, -1.6499999999999999, 0.77392000000000005, -2.1898300000000002, 0.96938000000000002, -2.2032099999999999]
obtacles: [[[0.6, 0.5, -1.0], [0.9, 0.6, 1.0]], [[0.6, -0.6, -1.0], [0.9, -0.5, 1.0]], [[0.6, -0.6, 0.9], [0.9, 0.6, 1.0]], [[0.6, -0.6, -1.0], [0.9, 0.6, -0.9]], [[0.6, -0.6, 0.5], [0.9, 0.6, 0.6]], [[0.6, -0.6, -0.4], [0.9, 0.6, -0.3]], [[0.6, 0.1, 0.6], [0.9, 0.2, 1.0]], [[0.6, 0.0, -0.4], [0.9, 0.1, 0.6]], [[0.6, -0.3, -1.0], [0.9, -0.2, -0.3]]]
start: [2.4289999999999998, -1.4166099999999999, -1.3500000000000001, 0.65839999999999999, -1.6507000000000001, -1.3141, 0.047390000000000002]
tajectories: [[2.429, -1.41661, -1.35, 0.6584, -1.6507, -1.3141, 0.04739], [2.41149, -1.39635, -1.59671, 0.88153, -1.77729, -1.11122, -0.23799], [2.39399, -1.3761, -1.84343, 1.10466, -1.90387, -0.90834, -0.52338], [2.37648, -1.35584, -2.09014, 1.32779, -2.03046, -0.70546, -0.80876], [2.35898, -1.33559, -2.33685, 1.55092, -2.15704, -0.50258, -1.09415], [2.34147, -1.31533, -2.58357, 1.77405, -2.28363, -0.2997, -1.37953], [2.33453, -1.30731, -2.68135, 1.86248, -2.3338, -0.21929, -1.49264], [2.10625, -0.99161, -2.50587, 2.06107, -2.37249, -0.09048, -1.59215], [1.87796, -0.67592, -2.33038, 2.25966, -2.41118, 0.03834, -1.69165], [1.64967, -0.36023, -2.1549, 2.45825, -2.44988, 0.16715, -1.79116], [1.55368, -0.22748, -2.08111, 2.54175, -2.46615, 0.22132, -1.833], [1.48819, 0.20414, -2.15519, 2.64336, -2.37123, 0.39619, -1.76965], [1.4227, 0.63576, -2.22928, 2.74496, -2.27631, 0.57107, -1.70629], [1.35722, 1.06738, -2.30336, 2.84657, -2.18139, 0.74594, -1.64294], [1.29173, 1.499, -2.37744, 2.94817, -2.08647, 0.92082, -1.57958], [1.25739, 1.72532, -2.41628, 3.00145, -2.0367, 1.01252, -1.54636], [1.20172, 1.69924, -2.25969, 2.6444, -1.94174, 1.11601, -1.81929], [1.14604, 1.67317, -2.1031, 2.28735, -1.84678, 1.21951, -2.09222], [1.09037, 1.64709, -1.94651, 1.93031, -1.75183, 1.32301, -2.36514], [1.03469, 1.62101, -1.78992, 1.57326, -1.65687, 1.4265, -2.63807], [0.97902, 1.59494, -1.63333, 1.21621, -1.56192, 1.53, -2.911]]
end: [0.96716999999999997, 1.5893900000000001, -1.6000000000000001, 1.14022, -1.5417099999999999, 1.55203, -2.96909]
obtacles: [[[0.6, 0.5, -1.0], [0.9, 0.6, 1.0]], [[0.6, -0.6, -1.0], [0.9, -0.5, 1.0]], [[0.6, -0.6, 0.9], [0.9, 0.6, 1.0]], [[0.6, -0.6, -1.0], [0.9, 0.6, -0.9]], [[0.6, -0.6, 0.5], [0.9, 0.6, 0.6]], [[0.6, -0.6, -0.4], [0.9, 0.6, -0.3]], [[0.6, 0.1, 0.6], [0.9, 0.2, 1.0]], [[0.6, 0.0, -0.4], [0.9, 0.1, 0.6]], [[0.6, -0.3, -1.0], [0.9, -0.2, -0.3]]]
start: [0.80027000000000004, 1.35798, -1.6000000000000001, 1.0875699999999999, -1.74681, 1.4470700000000001, -2.8402400000000001]
tajectories: [[0.80027, 1.35798, -1.6, 1.08757, -1.74681, 1.44707, -2.84024], [0.97396, 1.2789, -1.45491, 1.29033, -1.35771, 1.45063, -2.84085], [1.14765, 1.19983, -1.30982, 1.49309, -0.9686, 1.45419, -2.84145], [1.32134, 1.12075, -1.16473, 1.69584, -0.5795, 1.45775, -2.84205], [1.49503, 1.04168, -1.01963, 1.8986, -0.19039, 1.46131, -2.84265], [1.66873, 0.96261, -0.87454, 2.10136, 0.19871, 1.46487, -2.84326], [1.84242, 0.88353, -0.72945, 2.30412, 0.58781, 1.46843, -2.84386], [1.85617, 0.87727, -0.71796, 2.32018, 0.61862, 1.46871, -2.84391], [1.40175, 0.82243, -0.59327, 2.34465, 0.66919, 1.32199, -2.8277], [0.94732, 0.7676, -0.46857, 2.36911, 0.71976, 1.17528, -2.81149], [0.4929, 0.71276, -0.34388, 2.39358, 0.77033, 1.02857, -2.79528], [0.25836, 0.68446, -0.27952, 2.40621, 0.79643, 0.95284, -2.78691], [0.01633, 0.75312, -0.37553, 2.16417, 0.60119, 0.81402, -2.53889], [-0.22569, 0.82179, -0.47153, 1.92212, 0.40595, 0.67519, -2.29087], [-0.46772, 0.89046, -0.56754, 1.68007, 0.21072, 0.53636, -2.04285], [-0.70974, 0.95913, -0.66354, 1.43803, 0.01548, 0.39753, -1.79483], [-0.86917, 1.00436, -0.72679, 1.27859, -0.11313, 0.30608, -1.63145], [-0.78408, 0.74341, -0.97032, 1.53552, -0.26968, 0.37578, -1.49011], [-0.699, 0.48245, -1.21385, 1.79246, -0.42622, 0.44548, -1.34878], [-0.61392, 0.2215, -1.45738, 2.04939, -0.58277, 0.51517, -1.20744], [-0.52883, -0.03945, -1.70091, 2.30633, -0.73932, 0.58487, -1.06611], [-0.44375, -0.30041, -1.94444, 2.56326, -0.89587, 0.65457, -0.92477], [-0.38667, -0.47547, -2.10781, 2.73563, -1.00089, 0.70132, -0.82995], [-0.35146, -0.08177, -2.0301, 2.51216, -1.04977, 0.84304, -0.95371], [-0.31626, 0.31192, -1.95239, 2.28868, -1.09864, 0.98476, -1.07746], [-0.28106, 0.70561, -1.87468, 2.06521, -1.14752, 1.12648, -1.20121], [-0.24585, 1.0993, -1.79697, 1.84174, -1.19639, 1.2682, -1.32496], [-0.21065, 1.493, -1.71925, 1.61827, -1.24527, 1.40992, -1.44871]]
end: [-0.17927000000000001, 1.84385, -1.6499999999999999, 1.4191100000000001, -1.2888200000000001, 1.5362199999999999, -1.5589999999999999]
obtacles: [[[0.6, 0.5, -1.0], [0.9, 0.6, 1.0]], [[0.6, -0.6, -1.0], [0.9, -0.5, 1.0]], [[0.6, -0.6, 0.9], [0.9, 0.6, 1.0]], [[0.6, -0.6, -1.0], [0.9, 0.6, -0.9]], [[0.6, -0.6, 0.5], [0.9, 0.6, 0.6]], [[0.6, -0.6, -0.4], [0.9, 0.6, -0.3]], [[0.6, 0.1, 0.6], [0.9, 0.2, 1.0]], [[0.6, 0.0, -0.4], [0.9, 0.1, 0.6]], [[0.6, -0.3, -1.0], [0.9, -0.2, -0.3]]]
start: [2.42286, -1.82263, -1.3500000000000001, 0.90634999999999999, -1.90391, -1.5574699999999999, -0.15731999999999999]
tajectories: [[2.42286, -1.82263, -1.35, 0.90635, -1.90391, -1.55747, -0.15732], [2.26015, -1.63906, -1.47141, 1.13975, -1.87595, -1.37264, -0.45001], [2.09743, -1.45549, -1.59283, 1.37315, -1.84799, -1.1878, -0.74269], [1.93472, -1.27192, -1.71424, 1.60654, -1.82004, -1.00297, -1.03538], [1.77201, -1.08834, -1.83566, 1.83994, -1.79208, -0.81814, -1.32807], [1.60929, -0.90477, -1.95707, 2.07334, -1.76412, -0.6333, -1.62075], [1.44658, -0.7212, -2.07848, 2.30674, -1.73616, -0.44847, -1.91344], [1.32483, -0.58385, -2.16933, 2.48137, -1.71525, -0.31017, -2.13244], [1.30554, -0.12661, -2.19568, 2.38009, -1.66138, -0.15648, -2.18802], [1.28626, 0.33062, -2.22204, 2.27882, -1.60751, -0.00279, -2.2436], [1.2781, 0.52409, -2.23319, 2.23597, -1.58471, 0.06225, -2.26712], [1.35457, 0.79688, -2.0765, 2.44381, -1.55442, 0.35658, -2.14697], [1.43105, 1.06967, -1.9198, 2.65164, -1.52412, 0.65091, -2.02682], [1.46554, 1.19272, -1.84912, 2.7454, -1.51045, 0.78368, -1.97262], [1.37862, 1.23636, -1.76708, 2.39109, -1.58731, 0.99815, -2.21006], [1.29169, 1.28, -1.68503, 2.03679, -1.66418, 1.21261, -2.44749], [1.20477, 1.32364, -1.60298, 1.68249, -1.74104, 1.42708, -2.68492]]
end: [1.14863, 1.3518300000000001, -1.55, 1.4536800000000001, -1.79067, 1.5655699999999999, -2.8382499999999999]
obtacles: [[[0.6, 0.5, -1.0], [0.9, 0.6, 1.0]], [[0.6, -0.6, -1.0], [0.9, -0.5, 1.0]], [[0.6, -0.6, 0.9], [0.9, 0.6, 1.0]], [[0.6, -0.6, -1.0], [0.9, 0.6, -0.9]], [[0.6, -0.6, 0.5], [0.9, 0.6, 0.6]], [[0.6, -0.6, -0.4], [0.9, 0.6, -0.3]], [[0.6, 0.1, 0.6], [0.9, 0.2, 1.0]], [[0.6, 0.0, -0.4], [0.9, 0.1, 0.6]], [[0.6, -0.3, -1.0], [0.9, -0.2, -0.3]]]
start: [2.5369000000000002, -1.94478, -1.0, 0.63415999999999995, -2.2416200000000002, -1.5670900000000001, 0.082739999999999994]
tajectories: [[2.5369, -1.94478, -1.0, 0.63416, -2.24162, -1.56709, 0.08274], [2.49106, -1.79801, -1.2123, 0.80936, -2.21316, -1.41713, -0.27404], [2.44522, -1.65123, -1.42461, 0.98455, -2.18471, -1.26717, -0.63082], [2.39938, -1.50445, -1.63691, 1.15975, -2.15625, -1.1172, -0.98759], [2.35354, -1.35768, -1.84922, 1.33495, -2.1278, -0.96724, -1.34437], [2.30771, -1.2109, -2.06152, 1.51015, -2.09934, -0.81728, -1.70114], [2.26442, -1.0723, -2.26201, 1.67559, -2.07247, -0.67566, -2.03805], [1.96046, -0.75205, -2.26098, 1.78415, -2.11279, -0.48153, -2.1009], [1.6565, -0.43179, -2.25996, 1.8927, -2.1531, -0.2874, -2.16374], [1.35254, -0.11154, -2.25894, 2.00125, -2.19342, -0.09326, -2.22659], [1.04858, 0.20871, -2.25791, 2.10981, -2.23374, 0.10087, -2.28943], [0.74461, 0.52896, -2.25689, 2.21836, -2.27405, 0.295, -2.35228], [0.68993, 0.58657, -2.25671, 2.23789, -2.28131, 0.32993, -2.36358], [0.92555, 0.77478, -2.02228, 2.36627, -2.41037, 0.52801, -2.54173], [1.16116, 0.96298, -1.78786, 2.49464, -2.53943, 0.72608, -2.71988], [1.39678, 1.15119, -1.55343, 2.62302, -2.66849, 0.92415, -2.89803], [1.49506, 1.22969, -1.45565, 2.67656, -2.72232, 1.00677, -2.97233], [1.39544, 1.25535, -1.50194, 2.33187, -2.43704, 1.18116, -2.89071], [1.29582, 1.28102, -1.54823, 1.98718, -2.15175, 1.35554, -2.80909], [1.1962, 1.30668, -1.59452, 1.64248, -1.86647, 1.52993, -2.72748]]
end: [1.18441, 1.30972, -1.6000000000000001, 1.6016900000000001, -1.8327, 1.55057, -2.7178200000000001]
obtacles: [[[0.6, 0.5, -1.0], [0.9, 0.6, 1.0]], [[0.6, -0.6, -1.0], [0.9, -0.5, 1.0]], [[0.6, -0.6, 0.9], [0.9, 0.6, 1.0]], [[0.6, -0.6, -1.0], [0.9, 0.6, -0.9]], [[0.6, -0.6, 0.5], [0.9, 0.6, 0.6]], [[0.6, -0.6, -0.4], [0.9, 0.6, -0.3]], [[0.6, 0.1, 0.6], [0.9, 0.2, 1.0]], [[0.6, 0.0, -0.4], [0.9, 0.1, 0.6]], [[0.6, -0.3, -1.0], [0.9, -0.2, -0.3]]]
start: [2.3122400000000001, -1.6137900000000001, -1.55, 1.7588699999999999, -1.6091599999999999, -1.5423500000000001, -0.92852000000000001]
tajectories: [[2.31224, -1.61379, -1.55, 1.75887, -1.60916, -1.54235, -0.92852]]
end: [2.0575999999999999, -1.65968, -1.55, 1.8806099999999999, -1.6491899999999999, -1.52399, -0.79386000000000001]
