obtacles: [[[0.6, 0.5, -1.0], [0.9, 0.6, 1.0]], [[0.6, -0.6, -1.0], [0.9, -0.5, 1.0]], [[0.6, -0.6, 0.9], [0.9, 0.6, 1.0]], [[0.6, -0.6, -1.0], [0.9, 0.6, -0.9]], [[0.6, -0.6, 0.3], [0.9, 0.6, 0.4]], [[0.6, -0.6, -0.6], [0.9, 0.6, -0.5]], [[0.6, -0.3, 0.4], [0.9, -0.2, 1.0]], [[0.6, -0.1, -0.6], [0.9, 0.0, 0.4]], [[0.6, 0.0, -1.0], [0.9, 0.1, -0.5]]]
start: [-2.4912700000000001, -1.96394, 1.5, 1.54837, -1.1755, 1.51403, -2.2690199999999998]
tajectories: [[-2.49127, -1.96394, 1.5, 1.54837, -1.1755, 1.51403, -2.26902], [-2.11677, -1.88354, 1.68429, 1.68027, -1.10322, 1.35919, -2.11827], [-1.74227, -1.80315, 1.86859, 1.81216, -1.03093, 1.20435, -1.96752], [-1.36777, -1.72275, 2.05288, 1.94406, -0.95864, 1.04952, -1.81677], [-0.99327, -1.64236, 2.23718, 2.07595, -0.88635, 0.89468, -1.66603], [-0.61877, -1.56197, 2.42147, 2.20785, -0.81407, 0.73984, -1.51528], [-0.47154, -1.53036, 2.49392, 2.2597, -0.78565, 0.67897, -1.45602], [-0.32186, -1.2342, 2.46569, 2.15167, -1.05554, 0.6658, -1.22278], [-0.17217, -0.93803, 2.43745, 2.04364, -1.32543, 0.65263, -0.98955], [-0.02248, -0.64186, 2.40922, 1.93561, -1.59532, 0.63947, -0.75632], [0.12721, -0.3457, 2.38098, 1.82758, -1.86521, 0.6263, -0.52309], [0.27689, -0.04953, 2.35274, 1.71955, -2.13511, 0.61313, -0.28986], [0.32955, 0.05465, 2.34281, 1.68155, -2.23004, 0.6085, -0.20781], [0.1928, 0.22676, 2.40071, 1.86347, -2.57695, 0.78483, -0.09035], [0.05606, 0.39886, 2.4586, 2.04539, -2.92385, 0.96116, 0.02711], [-0.08069, 0.57097, 2.5165, 2.22732, -3.27076, 1.13749, 0.14457], [-0.21743, 0.74308, 2.5744, 2.40924, -3.61766, 1.31382, 0.26203], [-0.35418, 0.91519, 2.63229, 2.59116, -3.96457, 1.49015, 0.37949], [-0.37214, 0.9378, 2.6399, 2.61506, -4.01014, 1.51332, 0.39492], [-0.69052, 0.69683, 2.58824, 2.53808, -4.0038, 1.45167, 0.1154], [-1.00891, 0.45587, 2.53657, 2.4611, -3.99745, 1.39002, -0.16413], [-1.32729, 0.2149, 2.48491, 2.38412, -3.99111, 1.32838, -0.44365], [-1.64567, -0.02606, 2.43324, 2.30714, -3.98477, 1.26673, -0.72317], [-1.96406, -0.26702, 2.38158, 2.23016, -3.97843, 1.20509, -1.00269], [-2.05174, -0.33338, 2.36735, 2.20896, -3.97668, 1.18811, -1.07967], [-2.11928, -0.40163, 2.23699, 1.96954, -3.68703, 1.14799, -1.3642], [-2.18683, -0.46988, 2.10663, 1.73012, -3.39738, 1.10787, -1.64873], [-2.25438, -0.53813, 1.97627, 1.49071, -3.10773, 1.06774, -1.93326], [-2.32193, -0.60638, 1.84591, 1.25129, -2.81808, 1.02762, -2.21779], [-2.38948, -0.67462, 1.71555, 1.01187, -2.52843, 0.9875, -2.50232], [-2.45702, -0.74287, 1.58519, 0.77246, -2.23877, 0.94738, -2.78685]]
end: [-2.5011700000000001, -0.78747, 1.5, 0.61599000000000004, -2.04948, 0.92115999999999998, -2.9727999999999999]
obtacles: [[[0.6, 0.5, -1.0], [0.9, 0.6, 1.0]], [[0.6, -0.6, -1.0], [0.9, -0.5, 1.0]], [[0.6, -0.6, 0.9], [0.9, 0.6, 1.0]], [[0.6, -0.6, -1.0], [0.9, 0.6, -0.9]], [[0.6, -0.6, 0.3], [0.9, 0.6, 0.4]], [[0.6, -0.6, -0.6], [0.9, 0.6, -0.5]], [[0.6, -0.3, 0.4], [0.9, -0.2, 1.0]], [[0.6, -0.1, -0.6], [0.9, 0.0, 0.4]], [[0.6, 0.0, -1.0], [0.9, 0.1, -0.5]]]
start: [-2.15557, -0.82804999999999995, 1.5, 1.2757000000000001, -2.2810899999999998, 1.32168, -2.7315299999999998]
tajectories: [[-2.15557, -0.82805, 1.5, 1.2757, -2.28109, 1.32168, -2.73153], [-2.22769, -0.47125, 1.38926, 1.42387, -2.12734, 1.08103, -2.7731], [-2.2998, -0.11446, 1.27853, 1.57204, -1.97359, 0.84038, -2.81467], [-2.37191, 0.24234, 1.16779, 1.72021, -1.81985, 0.59973, -2.85624], [-2.44402, 0.59914, 1.05705, 1.86838, -1.6661, 0.35908, -2.89781], [-2.51613, 0.95594, 0.94632, 2.01656, -1.51235, 0.11843, -2.93938], [-2.58138, 1.27876, 0.84612, 2.15062, -1.37324, -0.09931, -2.97699], [-2.42555, 1.21431, 0.70633, 2.30743, -1.18783, -0.31588, -2.66691], [-2.26972, 1.14985, 0.56655, 2.46424, -1.00241, -0.53246, -2.35684], [-2.1139, 1.08539, 0.42676, 2.62106, -0.81699, -0.74903, -2.04676], [-1.95807, 1.02093, 0.28697, 2.77787, -0.63157, -0.96561, -1.73668], [-1.80224, 0.95648, 0.14718, 2.93468, -0.44615, -1.18218, -1.42661], [-1.64642, 0.89202, 0.00739, 3.09149, -0.26074, -1.39876, -1.11653], [-1.59691, 0.87154, -0.03702, 3.14131, -0.20183, -1.46756, -1.01802], [-1.46376, 0.99988, 0.21116, 2.84143, -0.43314, -1.47808, -0.91477], [-1.33061, 1.12822, 0.45934, 2.54154, -0.66445, -1.48861, -0.81152], [-1.19746, 1.25656, 0.70752, 2.24166, -0.89576, -1.49914, -0.70827], [-1.06431, 1.38491, 0.9557, 1.94178, -1.12707, -1.50966, -0.60502], [-0.93116, 1.51325, 1.20388, 1.64189, -1.35838, -1.52019, -0.50177], [-0.79801, 1.64159, 1.45206, 1.34201, -1.58969, -1.53071, -0.39851], [-0.66486, 1.76993, 1.70024, 1.04212, -1.821, -1.54124, -0.29526]]
end: [-0.58452000000000004, 1.84737, 1.8500000000000001, 0.86116999999999999, -1.96058, -1.54759, -0.23296]
obtacles: [[[0.6, 0.5, -1.0], [0.9, 0.6, 1.0]], [[0.6, -0.6, -1.0], [0.9, -0.5, 1.0]], [[0.6, -0.6, 0.9], [0.9, 0.6, 1.0]], [[0.6, -0.6, -1.0], [0.9, 0.6, -0.9]], [[0.6, -0.6, 0.3], [0.9, 0.6, 0.4]], [[0.6, -0.6, -0.6], [0.9, 0.6, -0.5]], [[0.6, -0.3, 0.4], [0.9, -0.2, 1.0]], [[0.6, -0.1, -0.6], [0.9, 0.0, 0.4]], [[0.6, 0.0, -1.0], [0.9, 0.1, -0.5]]]
start: [2.5929000000000002, -1.89381, -1.2, 0.77753000000000005, -2.0573800000000002, -1.55596, -0.16405]
tajectories: [[2.5929, -1.89381, -1.2, 0.77753, -2.05738, -1.55596, -0.16405], [2.44233, -1.90052, -1.3518, 0.9077, -2.27334, -1.3795, 0.16689], [2.29176, -1.90723, -1.5036, 1.03787, -2.48929, -1.20305, 0.49784], [2.14119, -1.91394, -1.6554, 1.16803, -2.70524, -1.02659, 0.82878], [1.99062, -1.92066, -1.8072, 1.2982, -2.92119, -0.85014, 1.15973], [1.84005, -1.92737, -1.959, 1.42837, -3.13714, -0.67369, 1.49067], [1.74841, -1.93145, -2.0514, 1.5076, -3.26858, -0.56629, 1.69211], [1.70731, -1.8116, -2.22749, 1.64626, -3.48283, -0.29282, 1.44106], [1.6662, -1.69174, -2.40358, 1.78492, -3.69708, -0.01936, 1.19001], [1.6251, -1.57189, -2.57968, 1.92358, -3.91133, 0.25411, 0.93896], [1.59985, -1.49827, -2.68785, 2.00876, -4.04295, 0.4221, 0.78474], [1.425, -1.37295, -2.47092, 1.88328, -4.07548, 0.46495, 0.41323], [1.25016, -1.24763, -2.25398, 1.75779, -4.10801, 0.50781, 0.04172], [1.07531, -1.12231, -2.03704, 1.6323, -4.14054, 0.55066, -0.32979], [0.90046, -0.997, -1.82011, 1.50682, -4.17307, 0.59352, -0.70131], [0.72561, -0.87168, -1.60317, 1.38133, -4.2056, 0.63637, -1.07282], [0.69815, -0.852, -1.5691, 1.36162, -4.2107, 0.6431, -1.13116], [0.89616, -0.64414, -1.34014, 1.32803, -3.95666, 0.76235, -1.31899], [1.09417, -0.43628, -1.11118, 1.29444, -3.70262, 0.8816, -1.50682], [1.29218, -0.22842, -0.88223, 1.26085, -3.44858, 1.00084, -1.69465], [1.49019, -0.02056, -0.65327, 1.22726, -3.19454, 1.12009, -1.88248], [1.50927, -0.00053, -0.63122, 1.22403, -3.17007, 1.13157, -1.90058], [1.33903, 0.21621, -0.78993, 1.21506, -2.96349, 1.24629, -2.20544], [1.16879, 0.43295, -0.94864, 1.20609, -2.75692, 1.361, -2.51029], [0.99855, 0.64969, -1.10736, 1.19711, -2.55034, 1.47572, -2.81515]]
end: [0.89919000000000004, 0.7762, -1.2, 1.1918800000000001, -2.4297599999999999, 1.5426800000000001, -2.9931000000000001]
obtacles: [[[0.6, 0.5, -1.0], [0.9, 0.6, 1.0]], [[0.6, -0.6, -1.0], [0.9, -0.5, 1.0]], [[0.6, -0.6, 0.9], [0.9, 0.6, 1.0]], [[0.6, -0.6, -1.0], [0.9, 0.6, -0.9]], [[0.6, -0.6, 0.3], [0.9, 0.6, 0.4]], [[0.6, -0.6, -0.6], [0.9, 0.6, -0.5]], [[0.6, -0.3, 0.4], [0.9, -0.2, 1.0]], [[0.6, -0.1, -0.6], [0.9, 0.0, 0.4]], [[0.6, 0.0, -1.0], [0.9, 0.1, -0.5]]]
start: [-2.6175600000000001, -0.95665, -1.2, -0.44896999999999998, -2.1670199999999999, -1.1695, -0.069040000000000004]
tajectories: [[-2.61756, -0.95665, -1.2, -0.44897, -2.16702, -1.1695, -0.06904], [-2.47982, -0.80501, -1.09718, -0.46373, -2.27102, -0.98253, 0.32015], [-2.34207, -0.65337, -0.99436, -0.47849, -2.37501, -0.79556, 0.70934], [-2.20433, -0.50173, -0.89154, -0.49324, -2.47901, -0.6086, 1.09853], [-2.06658, -0.35009, -0.78872, -0.508, -2.58301, -0.42163, 1.48772], [-1.92884, -0.19845, -0.6859, -0.52276, -2.687, -0.23466, 1.87691], [-1.7911, -0.04681, -0.58308, -0.53752, -2.791, -0.04769, 2.2661], [-1.71727, 0.03446, -0.52797, -0.54543, -2.84674, 0.05252, 2.4747], [-1.4941, -0.16744, -0.5655, -0.42033, -2.64864, -0.1361, 2.21479], [-1.27093, -0.36935, -0.60302, -0.29524, -2.45055, -0.32471, 1.95487], [-1.04776, -0.57125, -0.64055, -0.17015, -2.25245, -0.51333, 1.69496], [-0.8246, -0.77316, -0.67808, -0.04505, -2.05435, -0.70194, 1.43504], [-0.72106, -0.86683, -0.69549, 0.01298, -1.96244, -0.78945, 1.31445], [-0.4979, -0.9009, -1.09605, 0.20356, -1.99045, -0.76149, 1.28789], [-0.27474, -0.93497, -1.49661, 0.39413, -2.01846, -0.73352, 1.26133], [-0.05159, -0.96904, -1.89717, 0.58471, -2.04647, -0.70556, 1.23477], [0.17157, -1.0031, -2.29774, 0.77529, -2.07448, -0.67759, 1.20821], [0.27253, -1.01852, -2.47896, 0.86151, -2.08715, -0.66494, 1.1962], [0.52258, -1.26099, -2.48816, 1.15993, -2.13542, -0.85366, 1.2361], [0.77263, -1.50347, -2.49737, 1.45835, -2.18368, -1.04238, 1.276], [1.02269, -1.74594, -2.50657, 1.75678, -2.23194, -1.23111, 1.31589], [1.24964, -1.96602, -2.51492, 2.02764, -2.27575, -1.4024, 1.35211], [1.42856, -1.96425, -2.24763, 1.92255, -2.21479, -1.37878, 0.98986], [1.60749, -1.96248, -1.98034, 1.81747, -2.15384, -1.35516, 0.62761], [1.78641, -1.96071, -1.71305, 1.71239, -2.09288, -1.33154, 0.26536], [1.96533, -1.95895, -1.44576, 1.60731, -2.03193, -1.30792, -0.09689]]
end: [2.0963699999999998, -1.9576499999999999, -1.25, 1.5303500000000001, -1.98729, -1.2906200000000001, -0.36219000000000001]
obtacles: [[[0.6, 0.5, -1.0], [0.9, 0.6, 1.0]], [[0.6, -0.6, -1.0], [0.9, -0.5, 1.0]], [[0.6, -0.6, 0.9], [0.9, 0.6, 1.0]], [[0.6, -0.6, -1.0], [0.9, 0.6, -0.9]], [[0.6, -0.6, 0.3], [0.9, 0.6, 0.4]], [[0.6, -0.6, -0.6], [0.9, 0.6, -0.5]], [[0.6, -0.3, 0.4], [0.9, -0.2, 1.0]], [[0.6, -0.1, -0.6], [0.9, 0.0, 0.4]], [[0.6, 0.0, -1.0], [0.9, 0.1, -0.5]]]
start: [1.06732, 1.76149, -1.55, 1.8980300000000001, -1.3834900000000001, 1.5291999999999999, -2.3128099999999998]
tajectories: [[1.06732, 1.76149, -1.55, 1.89803, -1.38349, 1.5292, -2.31281], [1.13748, 1.73256, -1.2962, 1.77613, -0.99717, 1.45376, -2.21266], [1.20764, 1.70362, -1.04239, 1.65424, -0.61085, 1.37832, -2.1125], [1.2778, 1.67469, -0.78859, 1.53234, -0.22452, 1.30288, -2.01235], [1.34796, 1.64575, -0.53479, 1.41045, 0.1618, 1.22745, -1.9122], [1.41812, 1.61682, -0.28099, 1.28856, 0.54812, 1.15201, -1.81205], [1.46545, 1.5973, -0.10978, 1.20633, 0.80872, 1.10112, -1.74449], [1.43357, 1.27369, -0.06998, 1.26002, 0.50486, 0.88479, -1.77028], [1.4017, 0.95009, -0.03017, 1.31372, 0.201, 0.66846, -1.79607], [1.36982, 0.62648, 0.00963, 1.36741, -0.10286, 0.45213, -1.82185], [1.33795, 0.30287, 0.04943, 1.42111, -0.40672, 0.2358, -1.84764], [1.30607, -0.02074, 0.08923, 1.4748, -0.71058, 0.01947, -1.87343], [1.2742, -0.34434, 0.12904, 1.5285, -1.01444, -0.19687, -1.89922], [1.25528, -0.53647, 0.15267, 1.56037, -1.19484, -0.3253, -1.91453], [1.37245, -0.65973, 0.29635, 1.38463, -1.30654, -0.54284, -1.58325], [1.48963, -0.78299, 0.44003, 1.20889, -1.41824, -0.76038, -1.25196], [1.6068, -0.90625, 0.58371, 1.03315, -1.52993, -0.97792, -0.92068], [1.72398, -1.02951, 0.72738, 0.8574, -1.64163, -1.19546, -0.5894], [1.84116, -1.15277, 0.87106, 0.68166, -1.75333, -1.413, -0.25812], [1.86357, -1.17635, 0.89855, 0.64805, -1.77469, -1.45461, -0.19475], [1.89878, -1.14747, 0.42975, 0.74351, -1.63797, -1.44943, -0.17695], [1.93399, -1.11858, -0.03905, 0.83897, -1.50124, -1.44424, -0.15914], [1.9692, -1.0897, -0.50785, 0.93444, -1.36451, -1.43905, -0.14134], [2.00441, -1.06081, -0.97665, 1.0299, -1.22778, -1.43386, -0.12354], [2.03962, -1.03193, -1.44545, 1.12536, -1.09105, -1.42868, -0.10573]]
end: [2.05498, -1.0193300000000001, -1.6499999999999999, 1.1670199999999999, -1.03139, -1.42641, -0.097960000000000005]
obtacles: [[[0.6, 0.5, -1.0], [0.9, 0.6, 1.0]], [[0.6, -0.6, -1.0], [0.9, -0.5, 1.0]], [[0.6, -0.6, 0.9], [0.9, 0.6, 1.0]], [[0.6, -0.6, -1.0], [0.9, 0.6, -0.9]], [[0.6, -0.6, 0.3], [0.9, 0.6, 0.4]], [[0.6, -0.6, -0.6], [0.9, 0.6, -0.5]], [[0.6, -0.3, 0.4], [0.9, -0.2, 1.0]], [[0.6, -0.1, -0.6], [0.9, 0.0, 0.4]], [[0.6, 0.0, -1.0], [0.9, 0.1, -0.5]]]
start: [0.44124000000000002, 0.84945000000000004, -1.7, 0.95464000000000004, -2.1462300000000001, 1.09212, -2.4352299999999998]
tajectories: [[0.44124, 0.84945, -1.7, 0.95464, -2.14623, 1.09212, -2.43523], [0.66219, 0.62341, -1.61533, 1.21497, -1.92345, 0.98917, -2.31311], [0.88314, 0.39736, -1.53066, 1.4753, -1.70067, 0.88623, -2.19098], [1.10408, 0.17131, -1.44599, 1.73563, -1.47789, 0.78328, -2.06886], [1.32503, -0.05474, -1.36132, 1.99596, -1.2551, 0.68033, -1.94673], [1.48537, -0.21878, -1.29988, 2.18488, -1.09343, 0.60562, -1.8581], [1.40235, 0.19968, -1.26142, 2.24226, -0.85148, 0.67203, -1.84157], [1.31932, 0.61815, -1.22297, 2.29963, -0.60953, 0.73845, -1.82504], [1.2363, 1.03661, -1.18452, 2.357, -0.36759, 0.80486, -1.80851], [1.15327, 1.45508, -1.14607, 2.41438, -0.12564, 0.87127, -1.79198], [1.07317, 1.85881, -1.10897, 2.46973, 0.10779, 0.93534, -1.77604], [1.1334, 1.56686, -1.12871, 2.28601, 0.36847, 0.86392, -2.00828], [1.19363, 1.27491, -1.14845, 2.10229, 0.62916, 0.7925, -2.24053], [1.25386, 0.98296, -1.16819, 1.91857, 0.88984, 0.72108, -2.47278], [1.25791, 0.96332, -1.16952, 1.90621, 0.90738, 0.71627, -2.48841], [1.17719, 1.14546, -1.28581, 1.75115, 0.53161, 0.87295, -2.57202], [1.09646, 1.3276, -1.4021, 1.59609, 0.15584, 1.02963, -2.65563], [1.01574, 1.50974, -1.51839, 1.44103, -0.21993, 1.1863, -2.73924], [0.93501, 1.69188, -1.63468, 1.28597, -0.5957, 1.34298, -2.82285], [0.85429, 1.87403, -1.75096, 1.13091, -0.97147, 1.49966, -2.90646]]
end: [0.82025000000000003, 1.9508300000000001, -1.8, 1.0655300000000001, -1.12992, 1.56572, -2.9417200000000001]
obtacles: [[[0.6, 0.5, -1.0], [0.9, 0.6, 1.0]], [[0.6, -0.6, -1.0], [0.9, -0.5, 1.0]], [[0.6, -0.6, 0.9], [0.9, 0.6, 1.0]], [[0.6, -0.6, -1.0], [0.9, 0.6, -0.9]], [[0.6, -0.6, 0.3], [0.9, 0.6, 0.4]], [[0.6, -0.6, -0.6], [0.9, 0.6, -0.5]], [[0.6, -0.3, 0.4], [0.9, -0.2, 1.0]], [[0.6, -0.1, -0.6], [0.9, 0.0, 0.4]], [[0.6, 0.0, -1.0], [0.9, 0.1, -0.5]]]
start: [2.5185499999999998, -1.9102600000000001, -1.1000000000000001, 0.69476000000000004, -2.1434099999999998, -1.55277, 0.01576]
tajectories: [[2.51855, -1.91026, -1.1, 0.69476, -2.14341, -1.55277, 0.01576], [2.30941, -1.83832, -1.3259, 1.03836, -2.08235, -1.40885, -0.07112], [2.10028, -1.76638, -1.55181, 1.38197, -2.02128, -1.26494, -0.158], [1.89114, -1.69444, -1.77771, 1.72558, -1.96021, -1.12102, -0.24488], [1.84769, -1.6795, -1.82464, 1.79697, -1.94753, -1.09112, -0.26293], [1.73065, -1.54573, -2.0526, 2.03424, -1.76439, -0.96173, -0.50759], [1.61361, -1.41196, -2.28057, 2.27151, -1.58125, -0.83233, -0.75225], [1.49656, -1.27819, -2.50853, 2.50878, -1.39811, -0.70294, -0.99691], [1.40889, -1.17798, -2.67929, 2.68652, -1.26092, -0.60602, -1.18017], [1.32777, -0.92139, -2.65371, 2.68744, -1.22718, -0.19718, -1.27311], [1.24665, -0.6648, -2.62813, 2.68836, -1.19343, 0.21166, -1.36604], [1.16554, -0.4082, -2.60256, 2.68928, -1.15969, 0.6205, -1.45897], [1.16309, -0.40048, -2.60179, 2.68931, -1.15867, 0.63281, -1.46177], [1.19509, -0.10825, -2.33326, 2.62472, -0.96968, 0.74224, -1.6608], [1.21612, 0.08381, -2.15678, 2.58228, -0.84548, 0.81416, -1.79161], [1.19604, 0.21777, -1.85388, 2.28814, -1.04516, 0.7791, -1.90243], [1.17596, 0.35173, -1.55098, 1.99401, -1.24484, 0.74404, -2.01326], [1.15588, 0.4857, -1.24807, 1.69987, -1.44452, 0.70898, -2.12409], [1.14489, 0.55899, -1.08234, 1.53894, -1.55378, 0.6898, -2.18473], [1.00265, 0.54791, -1.08776, 1.46132, -1.89948, 0.9522, -2.37242], [0.86041, 0.53683, -1.09318, 1.3837, -2.24518, 1.2146, -2.56011], [0.71817, 0.52574, -1.0986, 1.30608, -2.59088, 1.477, -2.7478]]
end: [0.68142000000000003, 0.52288000000000001, -1.1000000000000001, 1.28603, -2.6802000000000001, 1.5447900000000001, -2.7963]
obtacles: [[[0.6, 0.5, -1.0], [0.9, 0.6, 1.0]], [[0.6, -0.6, -1.0], [0.9, -0.5, 1.0]], [[0.6, -0.6, 0.9], [0.9, 0.6, 1.0]], [[0.6, -0.6, -1.0], [0.9, 0.6, -0.9]], [[0.6, -0.6, 0.3], [0.9, 0.6, 0.4]], [[0.6, -0.6, -0.6], [0.9, 0.6, -0.5]], [[0.6, -0.3, 0.4], [0.9, -0.2, 1.0]], [[0.6, -0.1, -0.6], [0.9, 0.0, 0.4]], [[0.6, 0.0, -1.0], [0.9, 0.1, -0.5]]]
start: [2.3258899999999998, -1.9551700000000001, -1.1000000000000001, 1.6762300000000001, 1.1921999999999999, 1.0954699999999999, 2.4670899999999998]
tajectories: [[2.32589, -1.95517, -1.1, 1.67623, 1.1922, 1.09547, 2.46709], [2.14972, -1.81173, -1.30995, 1.65335, 0.98959, 1.05114, 2.13427], [1.97355, -1.6683, -1.5199, 1.63047, 0.78698, 1.0068, 1.80145], [1.79738, -1.52486, -1.72986, 1.60759, 0.58437, 0.96246, 1.46863], [1.62121, -1.38143, -1.93981, 1.58471, 0.38176, 0.91812, 1.1358], [1.44504, -1.238, -2.14976, 1.56183, 0.17915, 0.87379, 0.80298], [1.39638, -1.19838, -2.20775, 1.55551, 0.12318, 0.86154, 0.71105], [1.29055, -1.02439, -2.02572, 1.48188, 0.31118, 0.77121, 0.35543], [1.18472, -0.85041, -1.84369, 1.40825, 0.49918, 0.68087, -0.0002], [1.07889, -0.67643, -1.66165, 1.33463, 0.68717, 0.59054, -0.35583], [0.97306, -0.50245, -1.47962, 1.261, 0.87517, 0.5002, -0.71145], [0.86723, -0.32846, -1.29759, 1.18737, 1.06316, 0.40987, -1.06708], [0.84774, -0.29642, -1.26406, 1.17381, 1.09779, 0.39323, -1.13258], [0.86213, -0.05966, -1.22869, 1.09659, 1.01635, 0.02186, -0.9277], [0.87653, 0.1771, -1.19331, 1.01937, 0.93492, -0.34951, -0.72282], [0.89092, 0.41386, -1.15793, 0.94215, 0.85348, -0.72088, -0.51794], [0.90531, 0.65062, -1.12256, 0.86493, 0.77205, -1.09225, -0.31306]]
end: [0.91449000000000003, 0.80159000000000002, -1.1000000000000001, 0.81569000000000003, 0.72011999999999998, -1.3290500000000001, -0.18240999999999999]
obtacles: [[[0.6, 0.5, -1.0], [0.9, 0.6, 1.0]], [[0.6, -0.6, -1.0], [0.9, -0.5, 1.0]], [[0.6, -0.6, 0.9], [0.9, 0.6, 1.0]], [[0.6, -0.6, -1.0], [0.9, 0.6, -0.9]], [[0.6, -0.6, 0.3], [0.9, 0.6, 0.4]], [[0.6, -0.6, -0.6], [0.9, 0.6, -0.5]], [[0.6, -0.3, 0.4], [0.9, -0.2, 1.0]], [[0.6, -0.1, -0.6], [0.9, 0.0, 0.4]], [[0.6, 0.0, -1.0], [0.9, 0.1, -0.5]]]
start: [2.0761400000000001, -1.6535899999999999, -1.55, 1.63731, -1.65205, -1.5446200000000001, -0.56993000000000005]
tajectories: [[2.07614, -1.65359, -1.55, 1.63731, -1.65205, -1.54462, -0.56993], [2.00758, -1.63926, -1.56021, 1.72529, -1.74812, -1.53867, -0.09246], [1.93901, -1.62492, -1.57042, 1.81328, -1.84419, -1.53273, 0.38502], [1.87044, -1.61059, -1.58063, 1.90127, -1.94027, -1.52678, 0.86249], [1.80188, -1.59625, -1.59085, 1.98926, -2.03634, -1.52084, 1.33997], [1.74177, -1.58369, -1.5998, 2.0664, -2.12056, -1.51563, 1.75856], [1.61519, -1.53772, -1.48034, 1.77325, -1.86294, -1.26347, 1.71722], [1.48862, -1.49175, -1.36088, 1.4801, -1.60532, -1.01131, 1.67588], [1.36204, -1.44578, -1.24143, 1.18695, -1.34771, -0.75915, 1.63453], [1.23547, -1.39981, -1.12197, 0.89381, -1.09009, -0.50699, 1.59319], [1.14869, -1.36829, -1.04007, 0.69282, -0.91346, -0.3341, 1.56485], [1.17254, -0.94056, -0.93786, 0.76632, -0.73163, -0.25953, 1.67442], [1.1964, -0.51283, -0.83564, 0.83983, -0.5498, -0.18497, 1.78399], [1.22025, -0.0851, -0.73343, 0.91333, -0.36797, -0.1104, 1.89356], [1.23328, 0.14862, -0.67758, 0.95349, -0.26862, -0.06965, 1.95343], [1.05164, 0.32935, -0.83738, 1.02301, 0.09779, -0.17339, 1.85879], [0.87, 0.51008, -0.99719, 1.09253, 0.46419, -0.27713, 1.76414], [0.68835, 0.69082, -1.157, 1.16204, 0.83059, -0.38087, 1.6695], [0.58395, 0.7947, -1.24885, 1.202, 1.0412, -0.4405, 1.6151], [0.61876, 0.84069, -1.32663, 1.04195, 1.08146, -0.60875, 1.18489], [0.65357, 0.88668, -1.40441, 0.8819, 1.12173, -0.777, 0.75469], [0.68838, 0.93266, -1.48219, 0.72185, 1.16199, -0.94525, 0.32448]]
end: [0.71872000000000003, 0.97275999999999996, -1.55, 0.58231999999999995, 1.1971000000000001, -1.09192, -0.050569999999999997]
obtacles: [[[0.6, 0.5, -1.0], [0.9, 0.6, 1.0]], [[0.6, -0.6, -1.0], [0.9, -0.5, 1.0]], [[0.6, -0.6, 0.9], [0.9, 0.6, 1.0]], [[0.6, -0.6, -1.0], [0.9, 0.6, -0.9]], [[0.6, -0.6, 0.3], [0.9, 0.6, 0.4]], [[0.6, -0.6, -0.6], [0.9, 0.6, -0.5]], [[0.6, -0.3, 0.4], [0.9, -0.2, 1.0]], [[0.6, -0.1, -0.6], [0.9, 0.0, 0.4]], [[0.6, 0.0, -1.0], [0.9, 0.1, -0.5]]]
start: [-0.80859999999999999, 1.08277, -1.3500000000000001, -0.56313999999999997, -1.47048, 1.04749, -2.9782000000000002]
tajectories: [[-0.8086, 1.08277, -1.35, -0.56314, -1.47048, 1.04749, -2.9782], [-0.95861, 0.76438, -1.24789, -0.30556, -1.31963, 0.97862, -2.83036], [-1.10862, 0.446, -1.14579, -0.04798, -1.16877, 0.90975, -2.68252], [-1.25862, 0.12761, -1.04368, 0.2096, -1.01792, 0.84088, -2.53468], [-1.40863, -0.19077, -0.94158, 0.46718, -0.86706, 0.77201, -2.38684], [-1.55864, -0.50915, -0.83947, 0.72475, -0.71621, 0.70314, -2.23901], [-1.70865, -0.82754, -0.73737, 0.98233, -0.56535, 0.63427, -2.09117], [-1.85866, -1.14592, -0.63526, 1.23991, -0.4145, 0.5654, -1.94333], [-1.95487, -1.35012, -0.56978, 1.40511, -0.31775, 0.52123, -1.84851], [-1.61681, -1.1216, -0.34241, 1.55027, -0.26641, 0.55943, -1.93001], [-1.27876, -0.89308, -0.11505, 1.69542, -0.21507, 0.59763, -2.01151], [-0.94071, -0.66457, 0.11231, 1.84057, -0.16373, 0.63584, -2.093], [-0.60266, -0.43605, 0.33967, 1.98573, -0.11239, 0.67404, -2.1745], [-0.26461, -0.20753, 0.56704, 2.13088, -0.06105, 0.71224, -2.256], [0.07344, 0.02099, 0.7944, 2.27604, -0.00971, 0.75045, -2.33749], [0.4115, 0.24951, 1.02176, 2.42119, 0.04162, 0.78865, -2.41899], [0.66763, 0.42265, 1.19403, 2.53117, 0.08052, 0.8176, -2.48074], [0.72132, 0.61462, 0.81181, 2.3994, -0.11045, 0.91687, -2.50267], [0.77501, 0.80659, 0.42958, 2.26763, -0.30142, 1.01614, -2.5246], [0.8287, 0.99856, 0.04736, 2.13585, -0.49239, 1.11541, -2.54653], [0.88239, 1.19053, -0.33486, 2.00408, -0.68336, 1.21468, -2.56846], [0.93608, 1.3825, -0.71708, 1.8723, -0.87434, 1.31395, -2.59039], [0.98977, 1.57447, -1.09931, 1.74053, -1.06531, 1.41323, -2.61233], [1.04346, 1.76644, -1.48153, 1.60876, -1.25628, 1.5125, -2.63426]]
end: [1.0601, 1.8259399999999999, -1.6000000000000001, 1.5679099999999999, -1.3154699999999999, 1.5432699999999999, -2.6410499999999999]
obtacles: [[[0.6, 0.5, -1.0], [0.9, 0.6, 1.0]], [[0.6, -0.6, -1.0], [0.9, -0.5, 1.0]], [[0.6, -0.6, 0.9], [0.9, 0.6, 1.0]], [[0.6, -0.6, -1.0], [0.9, 0.6, -0.9]], [[0.6, -0.6, 0.3], [0.9, 0.6, 0.4]], [[0.6, -0.6, -0.6], [0.9, 0.6, -0.5]], [[0.6, -0.3, 0.4], [0.9, -0.2, 1.0]], [[0.6, -0.1, -0.6], [0.9, 0.0, 0.4]], [[0.6, 0.0, -1.0], [0.9, 0.1, -0.5]]]
start: [2.3369599999999999, -1.93171, -1.1000000000000001, 1.0063299999999999, -2.13306, -1.4003399999999999, -0.064899999999999999]
tajectories: [[2.33696, -1.93171, -1.1, 1.00633, -2.13306, -1.40034, -0.0649], [2.21402, -1.89788, -1.25169, 1.22837, -1.92019, -1.22902, -0.35946], [2.09108, -1.86405, -1.40337, 1.45041, -1.70732, -1.05769, -0.65402], [1.96813, -1.83022, -1.55506, 1.67245, -1.49445, -0.88636, -0.94857], [1.84519, -1.79639, -1.70674, 1.89449, -1.28158, -0.71503, -1.24313], [1.72225, -1.76256, -1.85843, 2.11653, -1.06871, -0.54371, -1.53769], [1.59931, -1.72874, -2.01012, 2.33858, -0.85584, -0.37238, -1.83224], [1.47808, -1.69538, -2.15969, 2.55752, -0.64594, -0.20344, -2.12269], [1.25571, -1.61432, -1.96813, 2.28597, -0.90133, -0.09572, -2.04073], [1.03334, -1.53326, -1.77657, 2.01442, -1.15671, 0.01201, -1.95876], [0.81098, -1.45221, -1.585, 1.74286, -1.4121, 0.11973, -1.8768], [0.58861, -1.37115, -1.39344, 1.47131, -1.66749, 0.22746, -1.79483], [0.36624, -1.29009, -1.20188, 1.19976, -1.92288, 0.33518, -1.71287], [0.14387, -1.20903, -1.01032, 0.92821, -2.17827, 0.44291, -1.63091], [0.06618, -1.18071, -0.94339, 0.83333, -2.26749, 0.48054, -1.60227], [-0.15582, -0.83036, -0.72693, 0.73306, -2.1383, 0.54066, -1.57487], [-0.37783, -0.48001, -0.51047, 0.63279, -2.0091, 0.60077, -1.54747], [-0.59983, -0.12965, -0.29401, 0.53251, -1.87991, 0.66089, -1.52007], [-0.82184, 0.2207, -0.07755, 0.43224, -1.75071, 0.721, -1.49267], [-0.92009, 0.37576, 0.01825, 0.38786, -1.69353, 0.74761, -1.48055], [-1.13489, 0.28072, -0.12933, 0.13534, -1.8631, 0.6248, -1.2247], [-1.34968, 0.18569, -0.27691, -0.11717, -2.03266, 0.502, -0.96886], [-1.56447, 0.09066, -0.42449, -0.36969, -2.20223, 0.37919, -0.71302], [-1.77926, -0.00437, -0.57207, -0.6222, -2.37179, 0.25638, -0.45717], [-1.89128, -0.05394, -0.64903, -0.75389, -2.46022, 0.19234, -0.32374], [-2.00564, -0.28921, -0.76934, -0.72992, -2.41995, -0.2128, -0.29604], [-2.11999, -0.52447, -0.88964, -0.70594, -2.37968, -0.61793, -0.26834], [-2.23435, -0.75974, -1.00995, -0.68197, -2.3394, -1.02307, -0.24065]]
end: [-2.31995, -0.93584999999999996, -1.1000000000000001, -0.66402000000000005, -2.3092600000000001, -1.32633, -0.21990999999999999]
obtacles: [[[0.6, 0.5, -1.0], [0.9, 0.6, 1.0]], [[0.6, -0.6, -1.0], [0.9, -0.5, 1.0]], [[0.6, -0.6, 0.9], [0.9, 0.6, 1.0]], [[0.6, -0.6, -1.0], [0.9, 0.6, -0.9]], [[0.6, -0.6, 0.3], [0.9, 0.6, 0.4]], [[0.6, -0.6, -0.6], [0.9, 0.6, -0.5]], [[0.6, -0.3, 0.4], [0.9, -0.2, 1.0]], [[0.6, -0.1, -0.6], [0.9, 0.0, 0.4]], [[0.6, 0.0, -1.0], [0.9, 0.1, -0.5]]]
start: [-0.17768, 0.95411999999999997, -1.1000000000000001, -0.76795999999999998, -1.38646, 0.83245000000000002, 2.32734]
tajectories: [[-0.17768, 0.95412, -1.1, -0.76796, -1.38646, 0.83245, 2.32734], [0.10199, 0.86884, -0.93817, -0.58319, -1.31091, 0.81004, 2.01434], [0.38167, 0.78356, -0.77634, -0.39842, -1.23536, 0.78762, 1.70134], [0.66134, 0.69828, -0.6145, -0.21364, -1.15981, 0.7652, 1.38834], [0.94101, 0.613, -0.45267, -0.02887, -1.08426, 0.74279, 1.07534], [1.22069, 0.52772, -0.29084, 0.1559, -1.00871, 0.72037, 0.76234], [1.50036, 0.44244, -0.12901, 0.34068, -0.93316, 0.69796, 0.44934], [1.63796, 0.40048, -0.04938, 0.43158, -0.89599, 0.68693, 0.29534], [1.61111, 0.54863, 0.32659, 0.66655, -0.99323, 0.69084, 0.14942], [1.58426, 0.69677, 0.70256, 0.90152, -1.09047, 0.69475, 0.00349], [1.55741, 0.84492, 1.07854, 1.13649, -1.18771, 0.69866, -0.14244], [1.53056, 0.99307, 1.45451, 1.37146, -1.28495, 0.70257, -0.28836], [1.50371, 1.14122, 1.83048, 1.60642, -1.38219, 0.70648, -0.43429], [1.49352, 1.19739, 1.97305, 1.69552, -1.41906, 0.70797, -0.48962], [1.14918, 1.01343, 2.05234, 1.66274, -1.71896, 0.69176, -0.49414], [0.80483, 0.82947, 2.13164, 1.62995, -2.01886, 0.67555, -0.49866], [0.46049, 0.64551, 2.21093, 1.59717, -2.31875, 0.65934, -0.50318], [0.11614, 0.46154, 2.29023, 1.56439, -2.61865, 0.64313, -0.5077], [-0.2282, 0.27758, 2.36952, 1.5316, -2.91855, 0.62692, -0.51222], [-0.57255, 0.09362, 2.44882, 1.49882, -3.21845, 0.61071, -0.51674], [-0.7043, 0.02323, 2.47916, 1.48628, -3.3332, 0.6045, -0.51847], [-0.81852, 0.35094, 2.36981, 1.62321, -3.41473, 0.30113, -0.53158], [-0.93273, 0.67865, 2.26047, 1.76015, -3.49627, -0.00224, -0.54468], [-1.04694, 1.00636, 2.15112, 1.89709, -3.57781, -0.30561, -0.55779], [-1.16115, 1.33406, 2.04178, 2.03402, -3.65935, -0.60898, -0.5709], [-1.27536, 1.66177, 1.93244, 2.17096, -3.74088, -0.91236, -0.584], [-1.34332, 1.85678, 1.86737, 2.25244, -3.7894, -1.09288, -0.5918], [-1.15238, 1.87878, 2.02622, 1.90753, -3.58868, -1.18306, -0.44883], [-0.96145, 1.90078, 2.18506, 1.56262, -3.38795, -1.27324, -0.30585], [-0.77051, 1.92278, 2.3439, 1.21771, -3.18722, -1.36342, -0.16288], [-0.57957, 1.94478, 2.50274, 0.8728, -2.9865, -1.45361, -0.01991], [-0.38863, 1.96678, 2.66159, 0.52789, -2.78577, -1.54379, 0.12306]]
end: [-0.34245999999999999, 1.9721, 2.7000000000000002, 0.44447999999999999, -2.7372299999999998, -1.5656000000000001, 0.15764]
obtacles: [[[0.6, 0.5, -1.0], [0.9, 0.6, 1.0]], [[0.6, -0.6, -1.0], [0.9, -0.5, 1.0]], [[0.6, -0.6, 0.9], [0.9, 0.6, 1.0]], [[0.6, -0.6, -1.0], [0.9, 0.6, -0.9]], [[0.6, -0.6, 0.3], [0.9, 0.6, 0.4]], [[0.6, -0.6, -0.6], [0.9, 0.6, -0.5]], [[0.6, -0.3, 0.4], [0.9, -0.2, 1.0]], [[0.6, -0.1, -0.6], [0.9, 0.0, 0.4]], [[0.6, 0.0, -1.0], [0.9, 0.1, -0.5]]]
start: [-0.75854999999999995, 1.7644599999999999, 1.6499999999999999, 1.60467, -1.7623500000000001, -1.48658, -0.83033000000000001]
tajectories: [[-0.75855, 1.76446, 1.65, 1.60467, -1.76235, -1.48658, -0.83033], [-1.02406, 1.56339, 1.37064, 1.68587, -1.94025, -1.38944, -0.71475], [-1.28956, 1.36232, 1.09129, 1.76707, -2.11815, -1.29231, -0.59916], [-1.55507, 1.16124, 0.81193, 1.84827, -2.29605, -1.19517, -0.48358], [-1.82057, 0.96017, 0.53258, 1.92947, -2.47395, -1.09803, -0.36799], [-2.08608, 0.7591, 0.25322, 2.01067, -2.65186, -1.00089, -0.25241], [-2.08678, 0.75857, 0.25248, 2.01088, -2.65232, -1.00064, -0.25211], [-2.03308, 0.46741, 0.18296, 1.93534, -2.32912, -0.78525, -0.2213], [-1.97938, 0.17625, 0.11343, 1.85979, -2.00592, -0.56986, -0.1905], [-1.92568, -0.11491, 0.0439, 1.78425, -1.68272, -0.35446, -0.1597], [-1.87198, -0.40607, -0.02563, 1.7087, -1.35952, -0.13907, -0.1289], [-1.84599, -0.547, -0.05929, 1.67213, -1.20308, -0.03482, -0.11399], [-1.51263, -0.46938, 0.23203, 1.79179, -1.12335, 0.06122, -0.24846], [-1.17927, -0.39176, 0.52335, 1.91145, -1.04363, 0.15726, -0.38294], [-0.84591, -0.31414, 0.81466, 2.03111, -0.9639, 0.25329, -0.51741], [-0.65601, -0.26992, 0.98061, 2.09927, -0.91849, 0.308, -0.59401], [-0.67978, -0.13364, 1.22802, 1.87856, -0.68675, 0.56124, -0.53824], [-0.70355, 0.00264, 1.47543, 1.65785, -0.45502, 0.81447, -0.48246], [-0.72733, 0.13891, 1.72284, 1.43714, -0.22329, 1.06771, -0.42669], [-0.7511, 0.27519, 1.97024, 1.21643, 0.00845, 1.32095, -0.37091], [-0.7619, 0.3371, 2.08264, 1.11617, 0.11372, 1.43599, -0.34557], [-0.58585, 0.42305, 2.01443, 1.02314, -0.09935, 1.05953, -0.45137], [-0.4098, 0.509, 1.94623, 0.93011, -0.31243, 0.68308, -0.55716], [-0.23375, 0.59496, 1.87802, 0.83708, -0.52551, 0.30662, -0.66296], [-0.0577, 0.68091, 1.80981, 0.74405, -0.73858, -0.06983, -0.76875], [0.11835, 0.76686, 1.74161, 0.65103, -0.95166, -0.44629, -0.87455], [0.2944, 0.85281, 1.6734, 0.558, -1.16473, -0.82274, -0.98034]]
end: [0.3548, 0.88229999999999997, 1.6499999999999999, 0.52607999999999999, -1.2378400000000001, -0.95189000000000001, -1.01664]
obtacles: [[[0.6, 0.5, -1.0], [0.9, 0.6, 1.0]], [[0.6, -0.6, -1.0], [0.9, -0.5, 1.0]], [[0.6, -0.6, 0.9], [0.9, 0.6, 1.0]], [[0.6, -0.6, -1.0], [0.9, 0.6, -0.9]], [[0.6, -0.6, 0.3], [0.9, 0.6, 0.4]], [[0.6, -0.6, -0.6], [0.9, 0.6, -0.5]], [[0.6, -0.3, 0.4], [0.9, -0.2, 1.0]], [[0.6, -0.1, -0.6], [0.9, 0.0, 0.4]], [[0.6, 0.0, -1.0], [0.9, 0.1, -0.5]]]
start: [-2.20689, -1.9554800000000001, 1.6000000000000001, 1.72166, -1.18614, 1.54115, -2.3547199999999999]
tajectories: [[-2.20689, -1.95548, 1.6, 1.72166, -1.18614, 1.54115, -2.35472], [-1.97772, -1.64555, 1.82434, 1.76011, -1.05742, 1.49528, -2.17882], [-1.74855, -1.33562, 2.04869, 1.79857, -0.9287, 1.4494, -2.00291], [-1.51939, -1.02569, 2.27303, 1.83702, -0.79998, 1.40353, -1.827], [-1.29022, -0.71576, 2.49738, 1.87547, -0.67126, 1.35766, -1.65109], [-1.0981, -0.45594, 2.68546, 1.90771, -0.56334, 1.3192, -1.50362], [-1.13291, -0.28785, 2.59334, 1.9013, -0.71563, 0.9008, -1.38633], [-1.16771, -0.11976, 2.50122, 1.8949, -0.86791, 0.4824, -1.26903], [-1.20252, 0.04833, 2.40911, 1.88849, -1.0202, 0.064, -1.15174], [-1.23733, 0.21642, 2.31699, 1.88208, -1.17248, -0.3544, -1.03444], [-1.23798, 0.21954, 2.31528, 1.88196, -1.17531, -0.36217, -1.03226], [-0.9916, 0.39383, 2.16152, 1.9246, -1.27762, -0.71286, -1.02898], [-0.74522, 0.56812, 2.00777, 1.96723, -1.37994, -1.06355, -1.0257], [-0.56125, 0.69826, 1.89296, 1.99907, -1.45633, -1.3254, -1.02326], [-0.58475, 0.70853, 1.79103, 1.61173, -1.25084, -1.23363, -0.82762], [-0.60826, 0.71881, 1.68911, 1.22439, -1.04535, -1.14185, -0.63198]]
end: [-0.62880999999999998, 0.72779000000000005, 1.6000000000000001, 0.88573000000000002, -0.86568999999999996, -1.0616099999999999, -0.46093000000000001]
obtacles: [[[0.6, 0.5, -1.0], [0.9, 0.6, 1.0]], [[0.6, -0.6, -1.0], [0.9, -0.5, 1.0]], [[0.6, -0.6, 0.9], [0.9, 0.6, 1.0]], [[0.6, -0.6, -1.0], [0.9, 0.6, -0.9]], [[0.6, -0.6, 0.3], [0.9, 0.6, 0.4]], [[0.6, -0.6, -0.6], [0.9, 0.6, -0.5]], [[0.6, -0.3, 0.4], [0.9, -0.2, 1.0]], [[0.6, -0.1, -0.6], [0.9, 0.0, 0.4]], [[0.6, 0.0, -1.0], [0.9, 0.1, -0.5]]]
start: [-1.1636899999999999, 1.91856, 1.6499999999999999, 1.48088, -1.92455, -1.5273000000000001, -0.29548999999999997]
tajectories: [[-1.16369, 1.91856, 1.65, 1.48088, -1.92455, -1.5273, -0.29549], [-1.45138, 1.81109, 1.52585, 1.79413, -2.0298, -1.35695, -0.25022], [-1.67063, 1.72918, 1.43124, 2.03287, -2.11001, -1.22712, -0.21571], [-1.61313, 1.55331, 1.76332, 2.07803, -1.87529, -1.01304, -0.26587], [-1.55563, 1.37743, 2.09541, 2.12319, -1.64057, -0.79895, -0.31603], [-1.54996, 1.36008, 2.12816, 2.12764, -1.61742, -0.77784, -0.32098], [-1.35779, 1.42051, 2.31934, 2.23675, -1.3805, -0.87468, -0.62995], [-1.16563, 1.48094, 2.51052, 2.34586, -1.14358, -0.97152, -0.93892], [-1.10671, 1.49947, 2.56913, 2.37931, -1.07094, -1.00122, -1.03365], [-1.01911, 1.28693, 2.36925, 2.0533, -0.8552, -1.06283, -1.05771], [-0.9315, 1.07439, 2.16937, 1.7273, -0.63945, -1.12444, -1.08178], [-0.89346, 0.98208, 2.08256, 1.58571, -0.54575, -1.1512, -1.09223], [-0.55256, 0.91028, 1.83867, 1.50333, -0.72486, -1.30571, -1.17229]]
end: [-0.28885, 0.85472999999999999, 1.6499999999999999, 1.4396, -0.86341999999999997, -1.4252400000000001, -1.2342200000000001]
obtacles: [[[0.6, 0.5, -1.0], [0.9, 0.6, 1.0]], [[0.6, -0.6, -1.0], [0.9, -0.5, 1.0]], [[0.6, -0.6, 0.9], [0.9, 0.6, 1.0]], [[0.6, -0.6, -1.0], [0.9, 0.6, -0.9]], [[0.6, -0.6, 0.3], [0.9, 0.6, 0.4]], [[0.6, -0.6, -0.6], [0.9, 0.6, -0.5]], [[0.6, -0.3, 0.4], [0.9, -0.2, 1.0]], [[0.6, -0.1, -0.6], [0.9, 0.0, 0.4]], [[0.6, 0.0, -1.0], [0.9, 0.1, -0.5]]]
start: [0.62427999999999995, 1.9547600000000001, -2.1499999999999999, 0.6542, -4.0299100000000001, -1.5592299999999999, -0.089899999999999994]
tajectories: [[0.62428, 1.95476, -2.15, 0.6542, -4.02991, -1.55923, -0.0899], [0.78771, 1.945, -2.00551, 0.94772, -4.14873, -1.30162, -0.27879], [0.95115, 1.93525, -1.86102, 1.24125, -4.26754, -1.04401, -0.46768], [1.11458, 1.92549, -1.71653, 1.53477, -4.38636, -0.78639, -0.65657], [1.17599, 1.92182, -1.66224, 1.64505, -4.431, -0.68961, -0.72753], [1.34273, 1.89133, -1.90217, 1.73409, -4.14756, -0.93832, -0.611], [1.50947, 1.86083, -2.1421, 1.82312, -3.86412, -1.18702, -0.49447], [1.60142, 1.84402, -2.27441, 1.87222, -3.70782, -1.32418, -0.43021], [1.30047, 1.55061, -2.39281, 2.00736, -3.90451, -1.36761, -0.45224], [0.99952, 1.25721, -2.51122, 2.14249, -4.10121, -1.41105, -0.47427], [0.80617, 1.06872, -2.58728, 2.22931, -4.22757, -1.43895, -0.48842], [0.64201, 1.04865, -2.49543, 1.90355, -4.32967, -1.29718, -0.20991], [0.47784, 1.02858, -2.40358, 1.57779, -4.43178, -1.15541, 0.06859], [0.31367, 1.00851, -2.31172, 1.25203, -4.53388, -1.01365, 0.3471], [0.1495, 0.98844, -2.21987, 0.92627, -4.63598, -0.87188, 0.62561]]
end: [0.024629999999999999, 0.97316999999999998, -2.1499999999999999, 0.67849000000000004, -4.7136500000000003, -0.76404000000000005, 0.83745999999999998]
obtacles: [[[0.6, 0.5, -1.0], [0.9, 0.6, 1.0]], [[0.6, -0.6, -1.0], [0.9, -0.5, 1.0]], [[0.6, -0.6, 0.9], [0.9, 0.6, 1.0]], [[0.6, -0.6, -1.0], [0.9, 0.6, -0.9]], [[0.6, -0.6, 0.3], [0.9, 0.6, 0.4]], [[0.6, -0.6, -0.6], [0.9, 0.6, -0.5]], [[0.6, -0.3, 0.4], [0.9, -0.2, 1.0]], [[0.6, -0.1, -0.6], [0.9, 0.0, 0.4]], [[0.6, 0.0, -1.0], [0.9, 0.1, -0.5]]]
start: [2.50684, -1.7464999999999999, -1.3999999999999999, 0.87234999999999996, -1.8147200000000001, -1.5550299999999999, -0.22058]
tajectories: [[2.50684, -1.7465, -1.4, 0.87235, -1.81472, -1.55503, -0.22058], [2.4405, -1.74927, -1.45477, 0.91587, -1.8388, -1.07274, -0.1339], [2.37416, -1.75205, -1.50955, 0.95938, -1.86287, -0.59045, -0.04722], [2.30782, -1.75482, -1.56432, 1.0029, -1.88695, -0.10816, 0.03947], [2.27285, -1.75629, -1.5932, 1.02584, -1.89964, 0.1461, 0.08517], [2.36587, -1.65629, -1.82708, 1.10773, -2.01774, 0.19971, 0.47648], [2.45888, -1.55629, -2.06096, 1.18961, -2.13583, 0.25332, 0.86779], [2.5519, -1.45629, -2.29484, 1.27149, -2.25392, 0.30693, 1.2591], [2.55797, -1.44976, -2.3101, 1.27684, -2.26163, 0.31043, 1.28464], [2.3727, -1.19397, -2.346, 1.56355, -2.19152, 0.15165, 1.09326], [2.18742, -0.93819, -2.38189, 1.85025, -2.1214, -0.00713, 0.90187], [2.00215, -0.6824, -2.41779, 2.13696, -2.05129, -0.16591, 0.71049], [1.81687, -0.42661, -2.45368, 2.42367, -1.98117, -0.3247, 0.5191], [1.63159, -0.17082, -2.48958, 2.71038, -1.91106, -0.48348, 0.32772], [1.60627, -0.13587, -2.49448, 2.74956, -1.90147, -0.50518, 0.30156], [1.77664, 0.0701, -2.4701, 2.75128, -1.54773, -0.51562, 0.07198], [1.94701, 0.27607, -2.44571, 2.75299, -1.19398, -0.52606, -0.1576], [2.11738, 0.48204, -2.42133, 2.75471, -0.84023, -0.5365, -0.38718], [2.28775, 0.68801, -2.39695, 2.75643, -0.48649, -0.54695, -0.61676], [2.45812, 0.89398, -2.37256, 2.75814, -0.13274, -0.55739, -0.84634], [2.4954, 0.93905, -2.36722, 2.75852, -0.05532, -0.55967, -0.89659], [2.26203, 0.91972, -2.4914, 2.7686, 0.10639, -0.75343, -0.55607], [2.02866, 0.90038, -2.61558, 2.77868, 0.2681, -0.94718, -0.21555], [1.82382, 0.88341, -2.72457, 2.78753, 0.41003, -1.11724, 0.08332], [1.63797, 0.88178, -2.4634, 2.4181, 0.50875, -1.14906, 0.08096], [1.45211, 0.88015, -2.20222, 2.04867, 0.60747, -1.18088, 0.07861], [1.26625, 0.87852, -1.94105, 1.67924, 0.7062, -1.2127, 0.07625], [1.08039, 0.87689, -1.67988, 1.30981, 0.80492, -1.24452, 0.07389], [0.89453, 0.87525, -1.41871, 0.94038, 0.90364, -1.27634, 0.07153]]
end: [0.88122, 0.87514000000000003, -1.3999999999999999, 0.91391999999999995, 0.91071000000000002, -1.2786200000000001, 0.071370000000000003]
obtacles: [[[0.6, 0.5, -1.0], [0.9, 0.6, 1.0]], [[0.6, -0.6, -1.0], [0.9, -0.5, 1.0]], [[0.6, -0.6, 0.9], [0.9, 0.6, 1.0]], [[0.6, -0.6, -1.0], [0.9, 0.6, -0.9]], [[0.6, -0.6, 0.3], [0.9, 0.6, 0.4]], [[0.6, -0.6, -0.6], [0.9, 0.6, -0.5]], [[0.6, -0.3, 0.4], [0.9, -0.2, 1.0]], [[0.6, -0.1, -0.6], [0.9, 0.0, 0.4]], [[0.6, 0.0, -1.0], [0.9, 0.1, -0.5]]]
start: [0.48448000000000002, 0.80901000000000001, -1.6499999999999999, 1.3195699999999999, -2.3075199999999998, 1.3417600000000001, -2.1860400000000002]
tajectories: [[0.48448, 0.80901, -1.65, 1.31957, -2.30752, 1.34176, -2.18604], [0.54818, 0.63507, -1.27112, 1.45326, -2.31518, 1.35268, -1.95348], [0.61187, 0.46113, -0.89224, 1.58696, -2.32284, 1.36359, -1.72092], [0.67556, 0.2872, -0.51336, 1.72066, -2.33051, 1.37451, -1.48836], [0.73926, 0.11326, -0.13448, 1.85436, -2.33817, 1.38543, -1.2558], [0.80295, -0.06067, 0.24441, 1.98806, -2.34583, 1.39635, -1.02323], [0.86665, -0.23461, 0.62329, 2.12175, -2.3535, 1.40727, -0.79067], [0.86824, -0.23895, 0.63275, 2.12509, -2.35369, 1.40754, -0.78486], [0.98736, 0.08058, 0.66185, 2.09124, -2.5326, 1.41598, -0.46922], [1.10649, 0.40012, 0.69095, 2.05739, -2.71151, 1.42441, -0.15358], [1.22561, 0.71966, 0.72005, 2.02355, -2.89042, 1.43285, 0.16207], [1.34474, 1.0392, 0.74915, 1.9897, -3.06934, 1.44129, 0.47771], [1.46387, 1.35873, 0.77825, 1.95585, -3.24825, 1.44973, 0.79336], [1.48282, 1.40958, 0.78288, 1.95046, -3.27672, 1.45107, 0.84358], [1.46201, 1.49225, 0.6427, 1.93171, -3.45397, 1.06955, 1.05749], [1.44119, 1.57493, 0.50253, 1.91296, -3.63122, 0.68803, 1.2714], [1.42038, 1.65761, 0.36235, 1.89421, -3.80847, 0.30652, 1.48531], [1.41205, 1.69069, 0.30626, 1.8867, -3.8794, 0.15385, 1.5709], [1.32776, 1.72959, -0.01782, 1.7533, -3.93452, -0.10306, 1.34838], [1.24348, 1.76849, -0.3419, 1.6199, -3.98964, -0.35997, 1.12586], [1.15919, 1.8074, -0.66598, 1.4865, -4.04476, -0.61688, 0.90334], [1.0749, 1.8463, -0.99007, 1.35309, -4.09988, -0.87379, 0.68082], [0.99062, 1.8852, -1.31415, 1.21969, -4.155, -1.13071, 0.4583], [0.90633, 1.9241, -1.63823, 1.08629, -4.21012, -1.38762, 0.23579]]
end: [0.85124999999999995, 1.9495199999999999, -1.8500000000000001, 0.99912000000000001, -4.2461399999999996, -1.55549, 0.090380000000000002]
obtacles: [[[0.6, 0.5, -1.0], [0.9, 0.6, 1.0]], [[0.6, -0.6, -1.0], [0.9, -0.5, 1.0]], [[0.6, -0.6, 0.9], [0.9, 0.6, 1.0]], [[0.6, -0.6, -1.0], [0.9, 0.6, -0.9]], [[0.6, -0.6, 0.3], [0.9, 0.6, 0.4]], [[0.6, -0.6, -0.6], [0.9, 0.6, -0.5]], [[0.6, -0.3, 0.4], [0.9, -0.2, 1.0]], [[0.6, -0.1, -0.6], [0.9, 0.0, 0.4]], [[0.6, 0.0, -1.0], [0.9, 0.1, -0.5]]]
start: [0.83597999999999995, 1.9533499999999999, -1.6499999999999999, 1.708, -4.3414099999999998, -1.4467099999999999, 0.83335999999999999]
tajectories: [[0.83598, 1.95335, -1.65, 1.708, -4.34141, -1.44671, 0.83336], [0.84363, 1.83962, -1.18126, 1.74629, -4.2994, -1.43998, 0.95176], [0.85129, 1.72589, -0.71253, 1.78459, -4.25738, -1.43325, 1.07016], [0.85894, 1.61216, -0.24379, 1.82288, -4.21537, -1.42652, 1.18855], [0.86659, 1.49843, 0.22494, 1.86117, -4.17335, -1.4198, 1.30695], [0.87425, 1.3847, 0.69368, 1.89946, -4.13134, -1.41307, 1.42534], [0.88107, 1.28332, 1.11152, 1.93359, -4.09389, -1.40707, 1.53088], [0.58334, 0.97376, 1.0537, 1.93672, -3.90226, -1.30192, 1.65088], [0.28561, 0.6642, 0.99587, 1.93985, -3.71064, -1.19677, 1.77088], [-0.01212, 0.35464, 0.93805, 1.94297, -3.51902, -1.09161, 1.89088], [-0.30985, 0.04508, 0.88023, 1.9461, -3.32739, -0.98646, 2.01088], [-0.60758, -0.26448, 0.82241, 1.94923, -3.13577, -0.88131, 2.13088], [-0.90531, -0.57404, 0.76458, 1.95236, -2.94414, -0.77615, 2.25088], [-1.14117, -0.81927, 0.71878, 1.95484, -2.79234, -0.69285, 2.34594], [-1.16527, -0.82859, 0.45187, 1.69677, -2.84725, -0.81445, 2.03984], [-1.18936, -0.8379, 0.18496, 1.4387, -2.90216, -0.93604, 1.73375], [-1.21346, -0.84722, -0.08194, 1.18063, -2.95708, -1.05763, 1.42765], [-1.23755, -0.85653, -0.34885, 0.92256, -3.01199, -1.17922, 1.12156], [-1.26165, -0.86585, -0.61576, 0.6645, -3.0669, -1.30081, 0.81546], [-1.27982, -0.87287, -0.81698, 0.46994, -3.1083, -1.39248, 0.5847], [-1.21289, -0.51853, -0.96934, 0.26747, -3.33293, -1.35994, 0.51962], [-1.14595, -0.16419, -1.1217, 0.065, -3.55757, -1.32741, 0.45455], [-1.07902, 0.19015, -1.27407, -0.13747, -3.7822, -1.29487, 0.38947], [-1.01209, 0.54449, -1.42643, -0.33994, -4.00683, -1.26233, 0.32439], [-0.94516, 0.89883, -1.5788, -0.54241, -4.23146, -1.22979, 0.25931]]
end: [-0.91388000000000003, 1.06443, -1.6499999999999999, -0.63702999999999999, -4.3364399999999996, -1.2145900000000001, 0.22889999999999999]
obtacles: [[[0.6, 0.5, -1.0], [0.9, 0.6, 1.0]], [[0.6, -0.6, -1.0], [0.9, -0.5, 1.0]], [[0.6, -0.6, 0.9], [0.9, 0.6, 1.0]], [[0.6, -0.6, -1.0], [0.9, 0.6, -0.9]], [[0.6, -0.6, 0.3], [0.9, 0.6, 0.4]], [[0.6, -0.6, -0.6], [0.9, 0.6, -0.5]], [[0.6, -0.3, 0.4], [0.9, -0.2, 1.0]], [[0.6, -0.1, -0.6], [0.9, 0.0, 0.4]], [[0.6, 0.0, -1.0], [0.9, 0.1, -0.5]]]
start: [0.59221999999999997, 1.86757, -2.2999999999999998, 0.44302000000000002, -3.9355500000000001, -1.5618700000000001, -0.26684000000000002]
tajectories: [[0.59222, 1.86757, -2.3, 0.44302, -3.93555, -1.56187, -0.26684], [0.63781, 1.77441, -2.04973, 0.6322, -3.98686, -1.35953, 0.045], [0.68339, 1.68125, -1.79946, 0.82138, -4.03817, -1.15719, 0.35684], [0.72897, 1.5881, -1.54919, 1.01055, -4.08948, -0.95485, 0.66869], [0.77456, 1.49494, -1.29892, 1.19973, -4.14079, -0.75251, 0.98053], [0.82014, 1.40178, -1.04865, 1.38891, -4.1921, -0.55016, 1.29237], [0.86572, 1.30862, -0.79838, 1.57809, -4.24341, -0.34782, 1.60421], [0.89589, 1.24696, -0.63273, 1.7033, -4.27737, -0.2139, 1.81061], [0.8286, 1.33031, -0.29387, 1.85844, -4.08306, -0.05601, 1.61841], [0.76131, 1.41366, 0.045, 2.01358, -3.88876, 0.10188, 1.4262], [0.69403, 1.497, 0.38387, 2.16871, -3.69445, 0.25977, 1.23399], [0.64623, 1.55621, 0.62457, 2.27891, -3.55644, 0.37192, 1.09746], [0.77489, 1.57936, 0.62091, 2.1937, -3.52717, 0.43798, 0.62798], [0.90355, 1.60251, 0.61725, 2.1085, -3.49791, 0.50405, 0.15849], [1.03222, 1.62566, 0.61358, 2.02329, -3.46865, 0.57011, -0.31099], [1.16088, 1.64881, 0.60992, 1.93808, -3.43939, 0.63617, -0.78048], [1.28954, 1.67197, 0.60625, 1.85288, -3.41013, 0.70223, -1.24996], [1.41821, 1.69512, 0.60259, 1.76767, -3.38086, 0.76829, -1.71945], [1.46242, 1.70307, 0.60133, 1.7384, -3.37081, 0.79099, -1.88077], [1.46458, 1.60846, 0.19625, 1.58396, -3.37215, 0.57455, -1.8017], [1.46675, 1.51384, -0.20883, 1.42952, -3.37349, 0.35811, -1.72263], [1.46891, 1.41923, -0.61392, 1.27508, -3.37483, 0.14167, -1.64356], [1.47108, 1.32461, -1.019, 1.12064, -3.37617, -0.07478, -1.5645], [1.47324, 1.22999, -1.42408, 0.9662, -3.37751, -0.29122, -1.48543], [1.47541, 1.13538, -1.82916, 0.81176, -3.37885, -0.50766, -1.40636], [1.47757, 1.04076, -2.23424, 0.65732, -3.38019, -0.7241, -1.32729], [1.47901, 0.97808, -2.5026, 0.55501, -3.38108, -0.86749, -1.27491], [1.23042, 0.97725, -2.46752, 0.58272, -3.59839, -0.8327, -0.90374], [0.98183, 0.97641, -2.43245, 0.61044, -3.81569, -0.79792, -0.53256], [0.73324, 0.97557, -2.39738, 0.63816, -4.033, -0.76313, -0.16139], [0.48464, 0.97474, -2.3623, 0.66588, -4.25031, -0.72834, 0.20978], [0.23605, 0.9739, -2.32723, 0.69359, -4.46762, -0.69356, 0.58096]]
end: [0.043040000000000002, 0.97324999999999995, -2.2999999999999998, 0.71511000000000002, -4.6363399999999997, -0.66654999999999998, 0.86914000000000002]
obtacles: [[[0.6, 0.5, -1.0], [0.9, 0.6, 1.0]], [[0.6, -0.6, -1.0], [0.9, -0.5, 1.0]], [[0.6, -0.6, 0.9], [0.9, 0.6, 1.0]], [[0.6, -0.6, -1.0], [0.9, 0.6, -0.9]], [[0.6, -0.6, 0.3], [0.9, 0.6, 0.4]], [[0.6, -0.6, -0.6], [0.9, 0.6, -0.5]], [[0.6, -0.3, 0.4], [0.9, -0.2, 1.0]], [[0.6, -0.1, -0.6], [0.9, 0.0, 0.4]], [[0.6, 0.0, -1.0], [0.9, 0.1, -0.5]]]
start: [0.44671, 1.88968, -2.25, 0.4854, -3.97295, -1.56979, -0.075209999999999999]
tajectories: [[0.44671, 1.88968, -2.25, 0.4854, -3.97295, -1.56979, -0.07521], [0.58264, 1.85682, -2.166, 0.87928, -3.9589, -1.33294, 0.0341], [0.71857, 1.82396, -2.08199, 1.27316, -3.94484, -1.09609, 0.14341], [0.8545, 1.79109, -1.99799, 1.66704, -3.93079, -0.85924, 0.25271], [0.99043, 1.75823, -1.91399, 2.06092, -3.91674, -0.62239, 0.36202], [1.12636, 1.72536, -1.82999, 2.4548, -3.90268, -0.38554, 0.47133], [1.13872, 1.72238, -1.82235, 2.49059, -3.90141, -0.36402, 0.48126], [1.12217, 1.44384, -2.18087, 2.53182, -3.8416, -0.24747, 0.32392], [1.10563, 1.16531, -2.53938, 2.57305, -3.7818, -0.13093, 0.16659], [1.09857, 1.04634, -2.69253, 2.59067, -3.75626, -0.08114, 0.09938], [0.74406, 0.96448, -2.66644, 2.40509, -3.7883, -0.27065, 0.31284], [0.38955, 0.88263, -2.64036, 2.21952, -3.82034, -0.46016, 0.52629], [0.03504, 0.80078, -2.61427, 2.03394, -3.85238, -0.64967, 0.73975], [-0.31947, 0.71892, -2.58819, 1.84836, -3.88443, -0.83918, 0.95321], [-0.67398, 0.63707, -2.5621, 1.66279, -3.91647, -1.02869, 1.16667], [-0.68071, 0.63552, -2.5616, 1.65927, -3.91708, -1.03228, 1.17072], [-0.70833, 0.67824, -2.49685, 1.20766, -3.89838, -1.11536, 0.99178], [-0.73594, 0.72097, -2.4321, 0.75605, -3.87968, -1.19843, 0.81285], [-0.76356, 0.7637, -2.36734, 0.30444, -3.86099, -1.28151, 0.63391], [-0.79117, 0.80643, -2.30259, -0.14717, -3.84229, -1.36458, 0.45498], [-0.81878, 0.84916, -2.23783, -0.59878, -3.82359, -1.44766, 0.27605]]
end: [-0.83492, 0.87412000000000001, -2.2000000000000002, -0.86263000000000001, -3.8126699999999998, -1.4962, 0.17150000000000001]
