obtacles: [[[0.6, 0.5, -1.0], [0.9, 0.6, 1.0]], [[0.6, -0.6, -1.0], [0.9, -0.5, 1.0]], [[0.6, -0.6, 0.9], [0.9, 0.6, 1.0]], [[0.6, -0.6, -1.0], [0.9, 0.6, -0.9]], [[0.6, -0.6, 0.3], [0.9, 0.6, 0.4]], [[0.6, -0.6, -0.5], [0.9, 0.6, -0.4]], [[0.6, 0.2, 0.4], [0.9, 0.3, 1.0]], [[0.6, -0.1, -0.5], [0.9, 0.0, 0.4]], [[0.6, -0.3, -1.0], [0.9, -0.2, -0.4]]]
start: [-2.1172499999999999, -1.95323, 1.3500000000000001, 1.82525, -1.2408399999999999, 1.27596, -2.43303]
tajectories: [[-2.11725, -1.95323, 1.35, 1.82525, -1.24084, 1.27596, -2.43303], [-1.95212, -1.61807, 1.57055, 1.96713, -1.17018, 1.09954, -2.50724], [-1.78699, -1.2829, 1.7911, 2.109, -1.09952, 0.92312, -2.58145], [-1.62185, -0.94774, 2.01164, 2.25088, -1.02886, 0.74669, -2.65566], [-1.45672, -0.61257, 2.23219, 2.39276, -0.9582, 0.57027, -2.72987], [-1.43482, -0.56812, 2.26144, 2.41157, -0.94883, 0.54687, -2.73971], [-1.09736, -0.56031, 2.21105, 2.50165, -0.90552, 0.31001, -2.48004], [-0.7599, -0.5525, 2.16066, 2.59174, -0.86221, 0.07316, -2.22036], [-0.42244, -0.54469, 2.11027, 2.68182, -0.8189, -0.16369, -1.96069], [-0.08498, -0.53687, 2.05988, 2.7719, -0.77559, -0.40055, -1.70101], [0.25248, -0.52906, 2.00949, 2.86198, -0.73228, -0.6374, -1.44134], [0.58994, -0.52125, 1.9591, 2.95206, -0.68897, -0.87425, -1.18166], [0.59644, -0.5211, 1.95813, 2.95379, -0.68813, -0.87882, -1.17666], [0.70161, -0.58958, 1.97154, 2.75413, -0.80884, -0.94473, -0.75798], [0.80679, -0.65806, 1.98494, 2.55447, -0.92955, -1.01064, -0.33931], [0.91197, -0.72654, 1.99835, 2.3548, -1.05025, -1.07655, 0.07937], [1.01714, -0.79502, 2.01176, 2.15514, -1.17096, -1.14246, 0.49804], [1.12232, -0.8635, 2.02516, 1.95548, -1.29166, -1.20838, 0.91672], [1.15193, -0.88278, 2.02894, 1.89926, -1.32565, -1.22693, 1.03459], [0.79435, -0.71405, 1.80295, 1.88826, -1.26862, -1.25267, 1.23095], [0.43676, -0.54531, 1.57696, 1.87726, -1.21159, -1.2784, 1.42731], [0.07918, -0.37658, 1.35096, 1.86627, -1.15457, -1.30414, 1.62367], [-0.2784, -0.20785, 1.12497, 1.85527, -1.09754, -1.32987, 1.82003], [-0.63598, -0.03911, 0.89898, 1.84427, -1.04051, -1.35561, 2.01639], [-0.74838, 0.01392, 0.82795, 1.84081, -1.02259, -1.3637, 2.07811], [-0.77441, 0.18931, 0.93034, 1.66551, -1.00016, -1.36097, 1.6576], [-0.80044, 0.3647, 1.03273, 1.4902, -0.97773, -1.35824, 1.23708], [-0.82647, 0.54009, 1.13512, 1.31489, -0.9553, -1.35551, 0.81656], [-0.85251, 0.71548, 1.23751, 1.13958, -0.93287, -1.35279, 0.39605], [-0.87854, 0.89087, 1.3399, 0.96427, -0.91044, -1.35006, -0.02447]]
end: [-0.88110999999999995, 0.90817000000000003, 1.3500000000000001, 0.94698000000000004, -0.90822999999999998, -1.34979, -0.065939999999999999]
obtacles: [[[0.6, 0.5, -1.0], [0.9, 0.6, 1.0]], [[0.6, -0.6, -1.0], [0.9, -0.5, 1.0]], [[0.6, -0.6, 0.9], [0.9, 0.6, 1.0]], [[0.6, -0.6, -1.0], [0.9, 0.6, -0.9]], [[0.6, -0.6, 0.3], [0.9, 0.6, 0.4]], [[0.6, -0.6, -0.5], [0.9, 0.6, -0.4]], [[0.6, 0.2, 0.4], [0.9, 0.3, 1.0]], [[0.6, -0.1, -0.5], [0.9, 0.0, 0.4]], [[0.6, -0.3, -1.0], [0.9, -0.2, -0.4]]]
start: [-0.69382999999999995, 1.93614, 1.8999999999999999, 0.91164999999999996, -2.0571999999999999, -1.55091, -0.15153]
tajectories: [[-0.69383, 1.93614, 1.9, 0.91165, -2.0572, -1.55091, -0.15153], [-0.75372, 1.82573, 1.58247, 1.04132, -2.10253, -1.48468, -0.48341], [-0.81361, 1.71531, 1.26495, 1.17099, -2.14786, -1.41845, -0.81529], [-0.8735, 1.6049, 0.94742, 1.30066, -2.19318, -1.35222, -1.14717], [-0.93339, 1.49448, 0.62989, 1.43033, -2.23851, -1.28599, -1.47904], [-0.99328, 1.38406, 0.31237, 1.55999, -2.28384, -1.21976, -1.81092], [-1.00725, 1.35831, 0.23831, 1.59024, -2.29441, -1.20431, -1.88833], [-1.0124, 0.99208, 0.28549, 1.87463, -2.2167, -1.0443, -1.85516], [-1.01755, 0.62584, 0.33268, 2.15901, -2.13899, -0.88429, -1.82199], [-1.02271, 0.25961, 0.37987, 2.4434, -2.06128, -0.72428, -1.78881], [-1.02747, -0.0789, 0.42348, 2.70625, -1.98945, -0.57638, -1.75815], [-1.23381, 0.10537, 0.78684, 2.54182, -2.08924, -0.50973, -1.75835], [-1.44015, 0.28964, 1.15021, 2.37739, -2.18903, -0.44308, -1.75855], [-1.6465, 0.4739, 1.51357, 2.21296, -2.28881, -0.37643, -1.75874], [-1.79488, 0.60641, 1.77487, 2.09472, -2.36057, -0.3285, -1.75888], [-1.59418, 0.82724, 1.99125, 2.02471, -2.30382, -0.61812, -1.6101], [-1.39349, 1.04807, 2.20763, 1.9547, -2.24707, -0.90774, -1.46133], [-1.19279, 1.2689, 2.42401, 1.88469, -2.19031, -1.19735, -1.31255], [-1.01638, 1.46301, 2.61422, 1.82315, -2.14043, -1.45193, -1.18177], [-0.95244, 1.33551, 2.46587, 1.5216, -2.01815, -1.31449, -0.89389], [-0.88849, 1.208, 2.31752, 1.22004, -1.89587, -1.17706, -0.60602], [-0.82455, 1.0805, 2.16917, 0.91848, -1.7736, -1.03962, -0.31815], [-0.76061, 0.95299, 2.02082, 0.61693, -1.65132, -0.90219, -0.03028]]
end: [-0.70853999999999995, 0.84914000000000001, 1.8999999999999999, 0.37131999999999998, -1.5517300000000001, -0.79025000000000001, 0.20418]
obtacles: [[[0.6, 0.5, -1.0], [0.9, 0.6, 1.0]], [[0.6, -0.6, -1.0], [0.9, -0.5, 1.0]], [[0.6, -0.6, 0.9], [0.9, 0.6, 1.0]], [[0.6, -0.6, -1.0], [0.9, 0.6, -0.9]], [[0.6, -0.6, 0.3], [0.9, 0.6, 0.4]], [[0.6, -0.6, -0.5], [0.9, 0.6, -0.4]], [[0.6, 0.2, 0.4], [0.9, 0.3, 1.0]], [[0.6, -0.1, -0.5], [0.9, 0.0, 0.4]], [[0.6, -0.3, -1.0], [0.9, -0.2, -0.4]]]
start: [-2.2197300000000002, -1.69374, 1.5, 1.3227899999999999, -1.4341600000000001, 1.5328299999999999, -2.74762]
tajectories: [[-2.21973, -1.69374, 1.5, 1.32279, -1.43416, 1.53283, -2.74762], [-2.02771, -1.71393, 1.50627, 1.53267, -1.48719, 1.1632, -2.57677], [-1.8357, -1.73413, 1.51255, 1.74255, -1.54021, 0.79356, -2.40591], [-1.64368, -1.75432, 1.51882, 1.95243, -1.59324, 0.42393, -2.23506], [-1.45167, -1.77452, 1.5251, 2.16231, -1.64626, 0.05429, -2.0642], [-1.43679, -1.77608, 1.52558, 2.17857, -1.65037, 0.02566, -2.05096], [-1.32819, -1.54291, 1.72102, 2.04897, -1.34153, -0.09842, -1.91654], [-1.2196, -1.30973, 1.91645, 1.91937, -1.0327, -0.2225, -1.78211], [-1.111, -1.07656, 2.11189, 1.78977, -0.72386, -0.34658, -1.64769], [-1.06942, -0.98728, 2.18672, 1.74015, -0.60561, -0.39409, -1.59622], [-1.05476, -0.55099, 2.2108, 1.61317, -0.48846, -0.36003, -1.42933], [-1.0401, -0.11471, 2.23488, 1.48619, -0.37131, -0.32597, -1.26244], [-1.02544, 0.32158, 2.25896, 1.35921, -0.25415, -0.29192, -1.09555], [-1.02358, 0.37685, 2.26201, 1.34312, -0.23931, -0.28761, -1.07441], [-0.9727, 0.48929, 2.02833, 1.24899, -0.41078, -0.57673, -0.83293], [-0.92182, 0.60173, 1.79465, 1.15487, -0.58224, -0.86585, -0.59145], [-0.87094, 0.71416, 1.56098, 1.06074, -0.7537, -1.15497, -0.34997]]
end: [-0.85765999999999998, 0.74350000000000005, 1.5, 1.0361800000000001, -0.79844000000000004, -1.23041, -0.28694999999999998]
obtacles: [[[0.6, 0.5, -1.0], [0.9, 0.6, 1.0]], [[0.6, -0.6, -1.0], [0.9, -0.5, 1.0]], [[0.6, -0.6, 0.9], [0.9, 0.6, 1.0]], [[0.6, -0.6, -1.0], [0.9, 0.6, -0.9]], [[0.6, -0.6, 0.3], [0.9, 0.6, 0.4]], [[0.6, -0.6, -0.5], [0.9, 0.6, -0.4]], [[0.6, 0.2, 0.4], [0.9, 0.3, 1.0]], [[0.6, -0.1, -0.5], [0.9, 0.0, 0.4]], [[0.6, -0.3, -1.0], [0.9, -0.2, -0.4]]]
start: [-2.41255, -1.7668999999999999, 1.5, 1.26959, -1.36263, 1.5623499999999999, -2.6088900000000002]
tajectories: [[-2.41255, -1.7669, 1.5, 1.26959, -1.36263, 1.56235, -2.60889], [-2.16781, -1.71052, 1.5246, 1.67228, -1.46718, 1.50021, -2.51212], [-1.92307, -1.65414, 1.54921, 2.07497, -1.57174, 1.43807, -2.41534], [-1.67832, -1.59776, 1.57381, 2.47766, -1.6763, 1.37594, -2.31857], [-1.43358, -1.54137, 1.59842, 2.88034, -1.78086, 1.3138, -2.22179], [-1.3126, -1.5135, 1.61058, 3.07941, -1.83254, 1.28309, -2.17395], [-1.27604, -1.10716, 1.73409, 2.82153, -1.85505, 1.31895, -2.17376], [-1.23948, -0.70081, 1.85759, 2.56365, -1.87755, 1.35481, -2.17356], [-1.20293, -0.29447, 1.9811, 2.30578, -1.90006, 1.39067, -2.17337], [-1.16637, 0.11188, 2.10461, 2.0479, -1.92256, 1.42653, -2.17318], [-1.12981, 0.51823, 2.22812, 1.79002, -1.94507, 1.46239, -2.17298], [-1.09325, 0.92457, 2.35162, 1.53215, -1.96757, 1.49825, -2.17279], [-1.08729, 0.99086, 2.37177, 1.49008, -1.97124, 1.5041, -2.17276], [-1.05615, 0.98848, 2.25897, 1.36689, -1.86895, 1.16715, -1.86111], [-1.02501, 0.98609, 2.14616, 1.2437, -1.76666, 0.8302, -1.54945], [-0.99387, 0.98371, 2.03335, 1.12051, -1.66436, 0.49326, -1.2378], [-0.96274, 0.98132, 1.92055, 0.99732, -1.56207, 0.15631, -0.92615], [-0.9316, 0.97894, 1.80774, 0.87413, -1.45977, -0.18063, -0.6145], [-0.90046, 0.97655, 1.69493, 0.75094, -1.35748, -0.51758, -0.30285], [-0.86932, 0.97417, 1.58213, 0.62776, -1.25519, -0.85453, 0.00881]]
end: [-0.84665000000000001, 0.97243000000000002, 1.5, 0.53807000000000005, -1.1807099999999999, -1.0998300000000001, 0.23569999999999999]
obtacles: [[[0.6, 0.5, -1.0], [0.9, 0.6, 1.0]], [[0.6, -0.6, -1.0], [0.9, -0.5, 1.0]], [[0.6, -0.6, 0.9], [0.9, 0.6, 1.0]], [[0.6, -0.6, -1.0], [0.9, 0.6, -0.9]], [[0.6, -0.6, 0.3], [0.9, 0.6, 0.4]], [[0.6, -0.6, -0.5], [0.9, 0.6, -0.4]], [[0.6, 0.2, 0.4], [0.9, 0.3, 1.0]], [[0.6, -0.1, -0.5], [0.9, 0.0, 0.4]], [[0.6, -0.3, -1.0], [0.9, -0.2, -0.4]]]
start: [-1.0492900000000001, 1.95807, 1.6499999999999999, 1.3871599999999999, -1.96567, -1.5677300000000001, -0.32172000000000001]
tajectories: [[-1.04929, 1.95807, 1.65, 1.38716, -1.96567, -1.56773, -0.32172], [-1.27938, 1.78631, 1.55597, 1.62685, -1.78018, -1.48579, -0.07647], [-1.50947, 1.61455, 1.46194, 1.86653, -1.59468, -1.40385, 0.16879], [-1.73956, 1.4428, 1.36792, 2.10621, -1.40919, -1.32191, 0.41404], [-1.96964, 1.27104, 1.27389, 2.34589, -1.22369, -1.23997, 0.65929], [-2.19973, 1.09928, 1.17986, 2.58557, -1.0382, -1.15803, 0.90454], [-2.41394, 0.93937, 1.09232, 2.80872, -0.8655, -1.08174, 1.13287], [-2.18786, 0.81963, 1.30784, 2.65869, -0.80323, -0.93609, 0.83203], [-1.96178, 0.69989, 1.52336, 2.50867, -0.74096, -0.79043, 0.5312], [-1.7357, 0.58015, 1.73888, 2.35864, -0.67869, -0.64478, 0.23036], [-1.50963, 0.46041, 1.95439, 2.20861, -0.61642, -0.49913, -0.07047], [-1.28355, 0.34067, 2.16991, 2.05859, -0.55415, -0.35348, -0.37131], [-1.05747, 0.22092, 2.38543, 1.90856, -0.49188, -0.20782, -0.67215], [-1.05665, 0.22049, 2.38621, 1.90802, -0.49165, -0.20729, -0.67324], [-1.08576, 0.17431, 2.19955, 1.71412, -0.29527, 0.10989, -0.8614], [-1.11487, 0.12813, 2.01289, 1.52022, -0.09888, 0.42708, -1.04957], [-1.14398, 0.08195, 1.82623, 1.32632, 0.0975, 0.74427, -1.23774], [-1.1731, 0.03577, 1.63957, 1.13243, 0.29389, 1.06145, -1.4259], [-1.19904, -0.00538, 1.47324, 0.95965, 0.46888, 1.34409, -1.59357], [-1.04149, 0.13177, 1.50017, 0.95065, 0.23832, 0.96883, -1.48593], [-0.88395, 0.26893, 1.52711, 0.94165, 0.00775, 0.59358, -1.37829], [-0.7264, 0.40608, 1.55405, 0.93265, -0.22281, 0.21833, -1.27064], [-0.56885, 0.54323, 1.58098, 0.92365, -0.45337, -0.15693, -1.163], [-0.41131, 0.68039, 1.60792, 0.91465, -0.68393, -0.53218, -1.05536], [-0.25376, 0.81754, 1.63485, 0.90565, -0.9145, -0.90744, -0.94772]]
end: [-0.16517000000000001, 0.89466999999999997, 1.6499999999999999, 0.90059, -1.0441499999999999, -1.11846, -0.88717999999999997]
obtacles: [[[0.6, 0.5, -1.0], [0.9, 0.6, 1.0]], [[0.6, -0.6, -1.0], [0.9, -0.5, 1.0]], [[0.6, -0.6, 0.9], [0.9, 0.6, 1.0]], [[0.6, -0.6, -1.0], [0.9, 0.6, -0.9]], [[0.6, -0.6, 0.3], [0.9, 0.6, 0.4]], [[0.6, -0.6, -0.5], [0.9, 0.6, -0.4]], [[0.6, 0.2, 0.4], [0.9, 0.3, 1.0]], [[0.6, -0.1, -0.5], [0.9, 0.0, 0.4]], [[0.6, -0.3, -1.0], [0.9, -0.2, -0.4]]]
start: [-2.5538799999999999, -1.7253799999999999, 1.3999999999999999, 0.85426000000000002, -1.3423400000000001, 1.5452699999999999, -2.8912399999999998]
tajectories: [[-2.55388, -1.72538, 1.4, 0.85426, -1.34234, 1.54527, -2.89124], [-2.49277, -1.65322, 1.52808, 0.8953, -0.96182, 1.50645, -2.61434], [-2.43167, -1.58107, 1.65616, 0.93634, -0.5813, 1.46762, -2.33745], [-2.37056, -1.50891, 1.78425, 0.97738, -0.20078, 1.4288, -2.06056], [-2.30946, -1.43676, 1.91233, 1.01842, 0.17973, 1.38997, -1.78367], [-2.25707, -1.37489, 2.02214, 1.0536, 0.50598, 1.35668, -1.54626], [-2.18734, -1.39834, 2.07696, 1.22746, 0.69688, 1.10863, -1.20954], [-2.11761, -1.42178, 2.13178, 1.40131, 0.88778, 0.86058, -0.87281], [-2.04789, -1.44523, 2.1866, 1.57516, 1.07869, 0.61253, -0.53608], [-2.00876, -1.45838, 2.21736, 1.67273, 1.18582, 0.47332, -0.34711], [-1.92239, -1.09763, 2.25823, 1.85939, 0.91188, 0.44463, -0.34275], [-1.83602, -0.73687, 2.29911, 2.04604, 0.63794, 0.41594, -0.3384], [-1.74965, -0.37611, 2.33998, 2.23269, 0.364, 0.38725, -0.33405], [-1.66328, -0.01535, 2.38085, 2.41934, 0.09006, 0.35856, -0.3297], [-1.57692, 0.3454, 2.42172, 2.60599, -0.18388, 0.32987, -0.32535], [-1.51788, 0.592, 2.44966, 2.73358, -0.37113, 0.31026, -0.32237], [-1.35323, 0.65177, 2.32509, 2.58315, -0.25181, -0.07793, -0.44982], [-1.18858, 0.71155, 2.20053, 2.43272, -0.13248, -0.46612, -0.57726], [-1.02393, 0.77132, 2.07597, 2.28228, -0.01315, -0.8543, -0.7047], [-0.85928, 0.83109, 1.95141, 2.13185, 0.10618, -1.24249, -0.83215], [-0.77863, 0.86037, 1.8904, 2.05817, 0.16462, -1.43263, -0.89457], [-0.84542, 0.86558, 1.76183, 1.76516, -0.11685, -1.39731, -0.64427], [-0.91221, 0.8708, 1.63325, 1.47215, -0.39833, -1.36199, -0.39398], [-0.979, 0.87601, 1.50468, 1.17914, -0.67981, -1.32667, -0.14368]]
end: [-1.03338, 0.88026000000000004, 1.3999999999999999, 0.94059000000000004, -0.90898000000000001, -1.2979099999999999, 0.060100000000000001]
obtacles: [[[0.6, 0.5, -1.0], [0.9, 0.6, 1.0]], [[0.6, -0.6, -1.0], [0.9, -0.5, 1.0]], [[0.6, -0.6, 0.9], [0.9, 0.6, 1.0]], [[0.6, -0.6, -1.0], [0.9, 0.6, -0.9]], [[0.6, -0.6, 0.3], [0.9, 0.6, 0.4]], [[0.6, -0.6, -0.5], [0.9, 0.6, -0.4]], [[0.6, 0.2, 0.4], [0.9, 0.3, 1.0]], [[0.6, -0.1, -0.5], [0.9, 0.0, 0.4]], [[0.6, -0.3, -1.0], [0.9, -0.2, -0.4]]]
start: [-0.86902999999999997, 1.5808199999999999, 1.6000000000000001, 1.5358799999999999, -1.5818399999999999, -1.54196, -0.66654000000000002]
tajectories: [[-0.86903, 1.58082, 1.6, 1.53588, -1.58184, -1.54196, -0.66654], [-1.1394, 1.60177, 1.35338, 1.82766, -1.74842, -1.49663, -0.69299], [-1.40977, 1.62272, 1.10677, 2.11944, -1.91501, -1.4513, -0.71944], [-1.68014, 1.64367, 0.86015, 2.41122, -2.08159, -1.40597, -0.74589], [-1.8366, 1.6558, 0.71744, 2.58006, -2.17799, -1.37974, -0.7612], [-1.49192, 1.4697, 0.75214, 2.68195, -1.91382, -1.30523, -0.8594], [-1.14724, 1.28361, 0.78684, 2.78383, -1.64965, -1.23071, -0.9576], [-0.80256, 1.09752, 0.82153, 2.88572, -1.38549, -1.1562, -1.0558], [-0.45788, 0.91142, 0.85623, 2.98761, -1.12132, -1.08169, -1.15401], [-0.33184, 0.84337, 0.86892, 3.02487, -1.02471, -1.05444, -1.18992], [-0.24973, 0.66842, 1.16085, 2.7421, -1.23278, -1.09305, -1.13813], [-0.16762, 0.49346, 1.45277, 2.45932, -1.44085, -1.13166, -1.08633], [-0.08552, 0.3185, 1.7447, 2.17654, -1.64891, -1.17027, -1.03454], [-0.00341, 0.14355, 2.03663, 1.89377, -1.85698, -1.20888, -0.98275], [-0.00222, 0.14102, 2.04085, 1.88968, -1.85999, -1.20944, -0.982], [0.1172, 0.36903, 1.9177, 1.52378, -1.68229, -1.16581, -1.01694], [0.23663, 0.59703, 1.79455, 1.15788, -1.50459, -1.12217, -1.05188], [0.35605, 0.82504, 1.6714, 0.79197, -1.32689, -1.07854, -1.08682]]
end: [0.42529, 0.95723999999999998, 1.6000000000000001, 0.57982, -1.2238599999999999, -1.05325, -1.10707]
obtacles: [[[0.6, 0.5, -1.0], [0.9, 0.6, 1.0]], [[0.6, -0.6, -1.0], [0.9, -0.5, 1.0]], [[0.6, -0.6, 0.9], [0.9, 0.6, 1.0]], [[0.6, -0.6, -1.0], [0.9, 0.6, -0.9]], [[0.6, -0.6, 0.3], [0.9, 0.6, 0.4]], [[0.6, -0.6, -0.5], [0.9, 0.6, -0.4]], [[0.6, 0.2, 0.4], [0.9, 0.3, 1.0]], [[0.6, -0.1, -0.5], [0.9, 0.0, 0.4]], [[0.6, -0.3, -1.0], [0.9, -0.2, -0.4]]]
start: [-2.0779899999999998, -1.88002, 1.6499999999999999, 1.83399, -1.25197, 1.5643899999999999, -2.35988]
tajectories: [[-2.07799, -1.88002, 1.65, 1.83399, -1.25197, 1.56439, -2.35988], [-1.76213, -1.73512, 1.5449, 1.92363, -1.16271, 1.41298, -2.07835], [-1.44627, -1.59022, 1.43979, 2.01327, -1.07346, 1.26156, -1.79681], [-1.13042, -1.44532, 1.33469, 2.10291, -0.9842, 1.11015, -1.51527], [-0.81456, -1.30042, 1.22958, 2.19255, -0.89494, 0.95873, -1.23374], [-0.4987, -1.15552, 1.12448, 2.28219, -0.80569, 0.80731, -0.9522], [-0.18284, -1.01062, 1.01938, 2.37183, -0.71643, 0.6559, -0.67067], [0.13301, -0.86572, 0.91427, 2.46147, -0.62717, 0.50448, -0.38913], [0.42036, -0.7339, 0.81866, 2.54302, -0.54598, 0.36674, -0.13301], [0.5228, -0.78393, 1.06858, 2.50276, -0.19583, 0.37842, 0.091], [0.62525, -0.83395, 1.31851, 2.46249, 0.15431, 0.3901, 0.31501], [0.7277, -0.88397, 1.56844, 2.42223, 0.50445, 0.40178, 0.53902], [0.83014, -0.93399, 1.81837, 2.38196, 0.8546, 0.41346, 0.76303], [0.93259, -0.98401, 2.06829, 2.3417, 1.20474, 0.42514, 0.98704], [0.95947, -0.99714, 2.13386, 2.33114, 1.2966, 0.4282, 1.04581], [0.56609, -0.83171, 2.09049, 2.20832, 1.208, 0.32668, 1.22683], [0.17271, -0.66629, 2.04711, 2.08551, 1.1194, 0.22516, 1.40785], [-0.22067, -0.50087, 2.00374, 1.9627, 1.03081, 0.12364, 1.58886], [-0.61405, -0.33544, 1.96036, 1.83988, 0.94221, 0.02211, 1.76988], [-1.00743, -0.17002, 1.91698, 1.71707, 0.85361, -0.07941, 1.9509], [-1.40081, -0.00459, 1.87361, 1.59425, 0.76501, -0.18093, 2.13191], [-1.79418, 0.16083, 1.83023, 1.47144, 0.67642, -0.28245, 2.31293], [-2.18756, 0.32625, 1.78686, 1.34863, 0.58782, -0.38398, 2.49395], [-2.36232, 0.39974, 1.76759, 1.29407, 0.54846, -0.42908, 2.57436], [-2.14436, 0.47965, 1.75171, 1.20762, 0.30605, -0.51645, 2.2251], [-1.9264, 0.55956, 1.73583, 1.12116, 0.06364, -0.60383, 1.87583], [-1.70844, 0.63947, 1.71995, 1.03471, -0.17876, -0.6912, 1.52657], [-1.49048, 0.71938, 1.70406, 0.94826, -0.42117, -0.77858, 1.1773], [-1.27252, 0.79929, 1.68818, 0.86181, -0.66358, -0.86596, 0.82804], [-1.05456, 0.8792, 1.6723, 0.77536, -0.90598, -0.95333, 0.47877], [-0.8366, 0.95911, 1.65642, 0.68891, -1.14839, -1.04071, 0.12951]]
end: [-0.74848000000000003, 0.99141999999999997, 1.6499999999999999, 0.65395000000000003, -1.2464, -1.07603, -0.0117]
obtacles: [[[0.6, 0.5, -1.0], [0.9, 0.6, 1.0]], [[0.6, -0.6, -1.0], [0.9, -0.5, 1.0]], [[0.6, -0.6, 0.9], [0.9, 0.6, 1.0]], [[0.6, -0.6, -1.0], [0.9, 0.6, -0.9]], [[0.6, -0.6, 0.3], [0.9, 0.6, 0.4]], [[0.6, -0.6, -0.5], [0.9, 0.6, -0.4]], [[0.6, 0.2, 0.4], [0.9, 0.3, 1.0]], [[0.6, -0.1, -0.5], [0.9, 0.0, 0.4]], [[0.6, -0.3, -1.0], [0.9, -0.2, -0.4]]]
start: [-2.4105300000000001, -1.7500599999999999, 1.5, 1.3085100000000001, -1.3793299999999999, 1.5498099999999999, -2.57253]
tajectories: [[-2.41053, -1.75006, 1.5, 1.30851, -1.37933, 1.54981, -2.57253], [-2.31395, -1.73904, 1.61366, 1.37619, -1.06508, 1.4397, -2.2376], [-2.21738, -1.72801, 1.72732, 1.44387, -0.75083, 1.32959, -1.90268], [-2.12081, -1.71698, 1.84098, 1.51155, -0.43657, 1.21948, -1.56775], [-2.02424, -1.70596, 1.95464, 1.57923, -0.12232, 1.10937, -1.23283], [-1.92766, -1.69493, 2.0683, 1.64691, 0.19193, 0.99926, -0.8979], [-1.83109, -1.6839, 2.18196, 1.71459, 0.50618, 0.88915, -0.56298], [-1.77779, -1.67782, 2.2447, 1.75194, 0.67962, 0.82838, -0.37813], [-1.83763, -1.44434, 2.07386, 2.04448, 0.58486, 0.75097, -0.12877], [-1.89746, -1.21086, 1.90303, 2.33701, 0.49011, 0.67357, 0.12059], [-1.9573, -0.97739, 1.7322, 2.62954, 0.39535, 0.59617, 0.36995], [-2.01423, -0.75523, 1.56965, 2.90789, 0.30519, 0.52252, 0.60722], [-1.80188, -0.53594, 1.40499, 2.63769, 0.43258, 0.44439, 0.42183], [-1.58954, -0.31664, 1.24034, 2.36749, 0.55997, 0.36626, 0.23645], [-1.3772, -0.09735, 1.07568, 2.09728, 0.68736, 0.28813, 0.05107], [-1.16485, 0.12195, 0.91103, 1.82708, 0.81475, 0.21001, -0.13432], [-1.02099, 0.27052, 0.79948, 1.64402, 0.90106, 0.15708, -0.25991], [-0.99798, 0.36915, 0.94186, 1.49633, 0.5462, -0.10963, -0.23532], [-0.97497, 0.46777, 1.08425, 1.34864, 0.19135, -0.37633, -0.21074], [-0.95196, 0.5664, 1.22664, 1.20095, -0.16351, -0.64303, -0.18615], [-0.92895, 0.66503, 1.36903, 1.05326, -0.51836, -0.90973, -0.16156]]
end: [-0.90778000000000003, 0.75575000000000003, 1.5, 0.91740999999999995, -0.84477000000000002, -1.15506, -0.13894999999999999]
obtacles: [[[0.6, 0.5, -1.0], [0.9, 0.6, 1.0]], [[0.6, -0.6, -1.0], [0.9, -0.5, 1.0]], [[0.6, -0.6, 0.9], [0.9, 0.6, 1.0]], [[0.6, -0.6, -1.0], [0.9, 0.6, -0.9]], [[0.6, -0.6, 0.3], [0.9, 0.6, 0.4]], [[0.6, -0.6, -0.5], [0.9, 0.6, -0.4]], [[0.6, 0.2, 0.4], [0.9, 0.3, 1.0]], [[0.6, -0.1, -0.5], [0.9, 0.0, 0.4]], [[0.6, -0.3, -1.0], [0.9, -0.2, -0.4]]]
start: [-2.1938900000000001, -1.8990800000000001, 1.6499999999999999, 1.9279500000000001, -1.23603, 1.52823, -2.1554099999999998]
tajectories: [[-2.19389, -1.89908, 1.65, 1.92795, -1.23603, 1.52823, -2.15541], [-2.20065, -1.73582, 1.73514, 2.04617, -1.50616, 1.29539, -1.88175], [-2.20742, -1.57257, 1.82028, 2.16439, -1.77629, 1.06254, -1.60809], [-2.21418, -1.40931, 1.90541, 2.28261, -2.04643, 0.8297, -1.33443], [-2.22095, -1.24606, 1.99055, 2.40083, -2.31656, 0.59685, -1.06077], [-2.22771, -1.08281, 2.07569, 2.51904, -2.58669, 0.36401, -0.78711], [-2.23448, -0.91955, 2.16083, 2.63726, -2.85683, 0.13116, -0.51346], [-2.23736, -0.84996, 2.19712, 2.68766, -2.97198, 0.0319, -0.3968], [-2.21315, -0.49879, 2.16622, 2.58145, -2.83193, -0.15274, -0.15154], [-2.18894, -0.14762, 2.13531, 2.47525, -2.69187, -0.33739, 0.09372], [-2.16473, 0.20355, 2.1044, 2.36905, -2.55182, -0.52203, 0.33897], [-2.14052, 0.55472, 2.0735, 2.26285, -2.41177, -0.70668, 0.58423], [-2.13166, 0.68321, 2.06219, 2.22399, -2.36052, -0.77424, 0.67397], [-1.86849, 0.74748, 1.97834, 1.93384, -2.12135, -0.84688, 0.52259], [-1.60532, 0.81175, 1.8945, 1.64369, -1.88218, -0.91951, 0.37121], [-1.34216, 0.87602, 1.81065, 1.35354, -1.64301, -0.99215, 0.21983], [-1.07899, 0.94029, 1.7268, 1.06338, -1.40384, -1.06479, 0.06844]]
end: [-0.83794000000000002, 0.99916000000000005, 1.6499999999999999, 0.79762, -1.1847799999999999, -1.1313200000000001, -0.070209999999999995]
obtacles: [[[0.6, 0.5, -1.0], [0.9, 0.6, 1.0]], [[0.6, -0.6, -1.0], [0.9, -0.5, 1.0]], [[0.6, -0.6, 0.9], [0.9, 0.6, 1.0]], [[0.6, -0.6, -1.0], [0.9, 0.6, -0.9]], [[0.6, -0.6, 0.3], [0.9, 0.6, 0.4]], [[0.6, -0.6, -0.5], [0.9, 0.6, -0.4]], [[0.6, 0.2, 0.4], [0.9, 0.3, 1.0]], [[0.6, -0.1, -0.5], [0.9, 0.0, 0.4]], [[0.6, -0.3, -1.0], [0.9, -0.2, -0.4]]]
start: [-2.1213000000000002, -1.9500299999999999, 1.3999999999999999, 1.6441600000000001, -4.33995, -1.38513, 0.55593999999999999]
tajectories: [[-2.1213, -1.95003, 1.4, 1.64416, -4.33995, -1.38513, 0.55594], [-2.12229, -1.90874, 1.3188, 1.8049, -4.21954, -0.98696, 0.34898], [-2.12327, -1.86745, 1.2376, 1.96563, -4.09914, -0.5888, 0.14203], [-2.12426, -1.82616, 1.1564, 2.12637, -3.97874, -0.19063, -0.06493], [-2.1249, -1.79915, 1.10329, 2.23151, -3.89998, 0.06982, -0.2003], [-1.70341, -1.79988, 1.00604, 2.16214, -3.91681, 0.27487, -0.07484], [-1.28191, -1.80062, 0.90879, 2.09278, -3.93365, 0.47992, 0.05063], [-0.86041, -1.80135, 0.81154, 2.02341, -3.95049, 0.68497, 0.1761], [-0.43891, -1.80209, 0.7143, 1.95405, -3.96732, 0.89002, 0.30156], [-0.01742, -1.80282, 0.61705, 1.88468, -3.98416, 1.09507, 0.42703], [0.40408, -1.80356, 0.5198, 1.81532, -4.001, 1.30011, 0.5525], [0.79637, -1.80424, 0.42929, 1.75076, -4.01666, 1.49095, 0.66927], [0.70943, -1.74355, 0.54786, 1.54521, -3.82595, 1.24164, 0.95895], [0.62249, -1.68285, 0.66644, 1.33965, -3.63524, 0.99232, 1.24864], [0.53555, -1.62216, 0.78501, 1.1341, -3.44453, 0.743, 1.53832], [0.44861, -1.56146, 0.90358, 0.92855, -3.25382, 0.49369, 1.82801], [0.36167, -1.50077, 1.02215, 0.72299, -3.06311, 0.24437, 2.11769], [0.32518, -1.47529, 1.07192, 0.63672, -2.98307, 0.13973, 2.23928], [0.04157, -1.2877, 0.99389, 0.89209, -3.2328, 0.11361, 2.23549], [-0.24205, -1.1001, 0.91586, 1.14747, -3.48254, 0.08749, 2.2317], [-0.52566, -0.91251, 0.83783, 1.40284, -3.73228, 0.06137, 2.22791], [-0.80928, -0.72492, 0.7598, 1.65822, -3.98202, 0.03525, 2.22412], [-1.09289, -0.53732, 0.68177, 1.91359, -4.23175, 0.00913, 2.22033], [-1.37651, -0.34973, 0.60374, 2.16897, -4.48149, -0.01699, 2.21654], [-1.42698, -0.31634, 0.58986, 2.21442, -4.52594, -0.02164, 2.21587], [-1.27369, -0.08918, 0.74061, 1.93727, -4.4523, 0.20334, 2.35486], [-1.12039, 0.13799, 0.89136, 1.66012, -4.37867, 0.42832, 2.49386], [-0.96709, 0.36515, 1.04211, 1.38297, -4.30504, 0.65331, 2.63285], [-0.8138, 0.59232, 1.19286, 1.10582, -4.23141, 0.87829, 2.77185], [-0.6605, 0.81948, 1.34362, 0.82867, -4.15777, 1.10327, 2.91084]]
end: [-0.60316999999999998, 0.90444000000000002, 1.3999999999999999, 0.72502, -4.1302300000000001, 1.1874199999999999, 2.9628299999999999]
obtacles: [[[0.6, 0.5, -1.0], [0.9, 0.6, 1.0]], [[0.6, -0.6, -1.0], [0.9, -0.5, 1.0]], [[0.6, -0.6, 0.9], [0.9, 0.6, 1.0]], [[0.6, -0.6, -1.0], [0.9, 0.6, -0.9]], [[0.6, -0.6, 0.3], [0.9, 0.6, 0.4]], [[0.6, -0.6, -0.5], [0.9, 0.6, -0.4]], [[0.6, 0.2, 0.4], [0.9, 0.3, 1.0]], [[0.6, -0.1, -0.5], [0.9, 0.0, 0.4]], [[0.6, -0.3, -1.0], [0.9, -0.2, -0.4]]]
start: [-0.85836000000000001, 1.9703900000000001, 1.7, 1.3660300000000001, -1.98814, -1.5336799999999999, -0.47360999999999998]
tajectories: [[-0.85836, 1.97039, 1.7, 1.36603, -1.98814, -1.53368, -0.47361], [-0.99334, 1.78307, 1.50106, 1.60368, -1.94022, -1.26096, -0.62839], [-1.12833, 1.59576, 1.30211, 1.84134, -1.89231, -0.98823, -0.78317], [-1.26332, 1.40844, 1.10317, 2.079, -1.84439, -0.7155, -0.93794], [-1.3983, 1.22113, 0.90423, 2.31666, -1.79648, -0.44278, -1.09272], [-1.53329, 1.03381, 0.70528, 2.55432, -1.74857, -0.17005, -1.2475], [-1.66827, 0.8465, 0.50634, 2.79198, -1.70065, 0.10268, -1.40228], [-1.71372, 0.78344, 0.43936, 2.87199, -1.68452, 0.19449, -1.45439], [-1.87012, 0.49998, 0.47825, 2.75157, -1.44906, 0.45355, -1.53576], [-2.02652, 0.21652, 0.51714, 2.63115, -1.21361, 0.71262, -1.61714], [-2.18292, -0.06695, 0.55603, 2.51073, -0.97815, 0.97168, -1.69851], [-2.33932, -0.35041, 0.59491, 2.39032, -0.74269, 1.23074, -1.77989], [-2.34398, -0.35886, 0.59607, 2.38673, -0.73568, 1.23846, -1.78231], [-2.1292, -0.18426, 0.87567, 2.23781, -0.63168, 1.07888, -1.5906], [-1.91441, -0.00967, 1.15526, 2.0889, -0.52769, 0.91929, -1.39889], [-1.69962, 0.16492, 1.43486, 1.93998, -0.42369, 0.75971, -1.20719], [-1.48483, 0.33951, 1.71445, 1.79107, -0.31969, 0.60012, -1.01548], [-1.31928, 0.47407, 1.92995, 1.6763, -0.23954, 0.47713, -0.86772], [-1.07681, 0.53919, 1.87753, 1.45565, -0.42118, 0.15938, -0.828], [-0.83433, 0.60431, 1.82512, 1.235, -0.60281, -0.15836, -0.78828], [-0.59186, 0.66943, 1.7727, 1.01435, -0.78445, -0.47611, -0.74856], [-0.34938, 0.73456, 1.72029, 0.7937, -0.96608, -0.79385, -0.70883]]
end: [-0.25553999999999999, 0.75975999999999999, 1.7, 0.70830000000000004, -1.0363800000000001, -0.91681999999999997, -0.69345999999999997]
obtacles: [[[0.6, 0.5, -1.0], [0.9, 0.6, 1.0]], [[0.6, -0.6, -1.0], [0.9, -0.5, 1.0]], [[0.6, -0.6, 0.9], [0.9, 0.6, 1.0]], [[0.6, -0.6, -1.0], [0.9, 0.6, -0.9]], [[0.6, -0.6, 0.3], [0.9, 0.6, 0.4]], [[0.6, -0.6, -0.5], [0.9, 0.6, -0.4]], [[0.6, 0.2, 0.4], [0.9, 0.3, 1.0]], [[0.6, -0.1, -0.5], [0.9, 0.0, 0.4]], [[0.6, -0.3, -1.0], [0.9, -0.2, -0.4]]]
start: [-2.0528400000000002, -1.8868199999999999, 1.5, 1.80027, -1.2765200000000001, 1.43421, -2.4616400000000001]
tajectories: [[-2.05284, -1.88682, 1.5, 1.80027, -1.27652, 1.43421, -2.46164], [-1.9209, -1.86268, 1.49908, 1.9578, -1.19115, 1.28356, -2.04067], [-1.78897, -1.83854, 1.49817, 2.11534, -1.10578, 1.13291, -1.61971], [-1.65703, -1.8144, 1.49725, 2.27287, -1.02041, 0.98226, -1.19875], [-1.52509, -1.79026, 1.49634, 2.43041, -0.93504, 0.83161, -0.77779], [-1.48689, -1.78327, 1.49607, 2.47602, -0.91033, 0.78799, -0.65592], [-1.28451, -1.47285, 1.66123, 2.4665, -0.91151, 0.66067, -0.39305], [-1.08212, -1.16243, 1.82639, 2.45699, -0.9127, 0.53335, -0.13018], [-0.90292, -0.88758, 1.97262, 2.44856, -0.91374, 0.42061, 0.10257], [-0.99021, -0.59909, 1.8105, 2.28977, -0.86711, 0.10624, 0.18416], [-1.0775, -0.31061, 1.64839, 2.13097, -0.82047, -0.20812, 0.26575], [-1.16478, -0.02212, 1.48627, 1.97217, -0.77383, -0.52249, 0.34734], [-1.18544, 0.04614, 1.44791, 1.9346, -0.76279, -0.59688, 0.36664], [-1.14183, 0.32433, 1.46505, 1.7336, -0.80614, -0.88439, 0.1534], [-1.09822, 0.60251, 1.4822, 1.53259, -0.84949, -1.1719, -0.05985], [-1.05461, 0.8807, 1.49934, 1.33159, -0.89284, -1.45941, -0.27309]]
end: [-1.05294, 0.89134999999999998, 1.5, 1.3239000000000001, -0.89449999999999996, -1.47041, -0.28125]
obtacles: [[[0.6, 0.5, -1.0], [0.9, 0.6, 1.0]], [[0.6, -0.6, -1.0], [0.9, -0.5, 1.0]], [[0.6, -0.6, 0.9], [0.9, 0.6, 1.0]], [[0.6, -0.6, -1.0], [0.9, 0.6, -0.9]], [[0.6, -0.6, 0.3], [0.9, 0.6, 0.4]], [[0.6, -0.6, -0.5], [0.9, 0.6, -0.4]], [[0.6, 0.2, 0.4], [0.9, 0.3, 1.0]], [[0.6, -0.1, -0.5], [0.9, 0.0, 0.4]], [[0.6, -0.3, -1.0], [0.9, -0.2, -0.4]]]
start: [-2.4064800000000002, -1.9105300000000001, 1.5, 1.8769800000000001, -1.2643, 1.40601, -2.0373800000000002]
tajectories: [[-2.40648, -1.91053, 1.5, 1.87698, -1.2643, 1.40601, -2.03738], [-1.9657, -1.9019, 1.58328, 1.8741, -1.09085, 1.30078, -1.95058], [-1.52491, -1.89326, 1.66655, 1.87122, -0.9174, 1.19555, -1.86379], [-1.08413, -1.88463, 1.74983, 1.86834, -0.74395, 1.09032, -1.777], [-0.64334, -1.87599, 1.83311, 1.86546, -0.5705, 0.98509, -1.69021], [-0.20256, -1.86736, 1.91638, 1.86258, -0.39705, 0.87986, -1.60342], [0.23823, -1.85872, 1.99966, 1.8597, -0.22361, 0.77463, -1.51662], [0.67901, -1.85009, 2.08294, 1.85682, -0.05016, 0.66939, -1.42983], [1.00675, -1.84367, 2.14486, 1.85468, 0.07881, 0.59115, -1.3653], [0.66461, -1.77016, 1.90348, 1.82246, 0.05008, 0.35892, -1.2492], [0.32248, -1.69665, 1.6621, 1.79025, 0.02136, 0.12668, -1.13311], [-0.01966, -1.62314, 1.42072, 1.75803, -0.00737, -0.10555, -1.01702], [-0.3618, -1.54963, 1.17934, 1.72582, -0.0361, -0.33778, -0.90092], [-0.70394, -1.47612, 0.93796, 1.69361, -0.06482, -0.57001, -0.78483], [-1.04608, -1.40261, 0.69658, 1.66139, -0.09355, -0.80225, -0.66873], [-1.38822, -1.32911, 0.4552, 1.62918, -0.12228, -1.03448, -0.55264], [-1.57241, -1.28953, 0.32525, 1.61183, -0.13774, -1.1595, -0.49014], [-1.64331, -1.01943, 0.55187, 1.64731, -0.27585, -0.90023, -0.30819], [-1.7142, -0.74934, 0.7785, 1.68278, -0.41396, -0.64096, -0.12623], [-1.7851, -0.47924, 1.00513, 1.71825, -0.55207, -0.38168, 0.05572], [-1.85599, -0.20914, 1.23175, 1.75372, -0.69018, -0.12241, 0.23767], [-1.92688, 0.06096, 1.45838, 1.78919, -0.82829, 0.13686, 0.41963], [-1.99778, 0.33105, 1.68501, 1.82467, -0.9664, 0.39614, 0.60158], [-2.02498, 0.43468, 1.77195, 1.83827, -1.01938, 0.49561, 0.67139], [-1.75379, 0.50616, 1.71894, 1.54028, -1.05891, 0.22998, 0.58412], [-1.4826, 0.57764, 1.66592, 1.24228, -1.09844, -0.03564, 0.49685], [-1.21142, 0.64912, 1.6129, 0.94429, -1.13797, -0.30127, 0.40958], [-0.94023, 0.72059, 1.55989, 0.64629, -1.1775, -0.5669, 0.32231], [-0.66904, 0.79207, 1.50687, 0.3483, -1.21703, -0.83252, 0.23504]]
end: [-0.63390999999999997, 0.80132999999999999, 1.5, 0.30969000000000002, -1.2221500000000001, -0.86692999999999998, 0.22373000000000001]
obtacles: [[[0.6, 0.5, -1.0], [0.9, 0.6, 1.0]], [[0.6, -0.6, -1.0], [0.9, -0.5, 1.0]], [[0.6, -0.6, 0.9], [0.9, 0.6, 1.0]], [[0.6, -0.6, -1.0], [0.9, 0.6, -0.9]], [[0.6, -0.6, 0.3], [0.9, 0.6, 0.4]], [[0.6, -0.6, -0.5], [0.9, 0.6, -0.4]], [[0.6, 0.2, 0.4], [0.9, 0.3, 1.0]], [[0.6, -0.1, -0.5], [0.9, 0.0, 0.4]], [[0.6, -0.3, -1.0], [0.9, -0.2, -0.4]]]
start: [-0.7238, 1.8765499999999999, 1.75, 1.12436, -1.92302, -1.5474300000000001, -0.36873]
tajectories: [[-0.7238, 1.87655, 1.75, 1.12436, -1.92302, -1.54743, -0.36873], [-0.93384, 1.71026, 1.51933, 1.37248, -1.72683, -1.41295, -0.28578], [-1.14388, 1.54397, 1.28865, 1.62059, -1.53063, -1.27846, -0.20283], [-1.35392, 1.37769, 1.05798, 1.86871, -1.33444, -1.14398, -0.11988], [-1.56396, 1.2114, 0.8273, 2.11682, -1.13824, -1.00949, -0.03693], [-1.774, 1.04511, 0.59663, 2.36494, -0.94204, -0.875, 0.04602], [-1.98404, 0.87883, 0.36595, 2.61305, -0.74585, -0.74052, 0.12897], [-2.04384, 0.83149, 0.30028, 2.68369, -0.68999, -0.70223, 0.15259], [-1.76473, 0.6288, 0.62967, 2.63778, -0.55179, -0.67657, 0.12696], [-1.48563, 0.42612, 0.95906, 2.59188, -0.41358, -0.65092, 0.10134], [-1.20652, 0.22344, 1.28845, 2.54598, -0.27538, -0.62526, 0.07571], [-0.92742, 0.02075, 1.61784, 2.50007, -0.13717, -0.59961, 0.05008], [-0.79661, -0.07424, 1.77221, 2.47856, -0.0724, -0.58758, 0.03807], [-0.86006, 0.27878, 1.92139, 2.32823, -0.24583, -0.60374, -0.17677], [-0.92352, 0.6318, 2.07057, 2.17789, -0.41927, -0.61989, -0.39161], [-0.98697, 0.98482, 2.21975, 2.02756, -0.5927, -0.63605, -0.60646], [-1.05042, 1.33783, 2.36892, 1.87722, -0.76613, -0.6522, -0.8213], [-1.08035, 1.50434, 2.43929, 1.80631, -0.84794, -0.65982, -0.92263], [-1.14568, 1.32283, 2.3513, 2.03577, -0.974, -0.67416, -1.29182], [-1.211, 1.14132, 2.26331, 2.26523, -1.10006, -0.68851, -1.661], [-1.27633, 0.95981, 2.17532, 2.49469, -1.22612, -0.70285, -2.03018], [-1.34166, 0.77829, 2.08733, 2.72415, -1.35218, -0.71719, -2.39936], [-1.38161, 0.66727, 2.0335, 2.8645, -1.42929, -0.72597, -2.62518], [-1.18814, 0.6851, 1.98808, 2.51915, -1.37346, -0.75381, -2.33017], [-0.99467, 0.70294, 1.94266, 2.1738, -1.31762, -0.78165, -2.03517], [-0.8012, 0.72077, 1.89723, 1.82845, -1.26179, -0.80949, -1.74016], [-0.60773, 0.7386, 1.85181, 1.48309, -1.20595, -0.83733, -1.44516], [-0.41426, 0.75644, 1.80638, 1.13774, -1.15012, -0.86518, -1.15016], [-0.22079, 0.77427, 1.76096, 0.79239, -1.09429, -0.89302, -0.85515]]
end: [-0.17413000000000001, 0.77856999999999998, 1.75, 0.70909, -1.0808199999999999, -0.89973000000000003, -0.78400000000000003]
obtacles: [[[0.6, 0.5, -1.0], [0.9, 0.6, 1.0]], [[0.6, -0.6, -1.0], [0.9, -0.5, 1.0]], [[0.6, -0.6, 0.9], [0.9, 0.6, 1.0]], [[0.6, -0.6, -1.0], [0.9, 0.6, -0.9]], [[0.6, -0.6, 0.3], [0.9, 0.6, 0.4]], [[0.6, -0.6, -0.5], [0.9, 0.6, -0.4]], [[0.6, 0.2, 0.4], [0.9, 0.3, 1.0]], [[0.6, -0.1, -0.5], [0.9, 0.0, 0.4]], [[0.6, -0.3, -1.0], [0.9, -0.2, -0.4]]]
start: [-2.57755, -1.8077099999999999, 1.45, 1.1426099999999999, -1.3055399999999999, 1.56169, -2.57863]
tajectories: [[-2.57755, -1.80771, 1.45, 1.14261, -1.30554, 1.56169, -2.57863], [-2.45571, -1.76562, 1.48645, 1.33679, -1.33779, 1.2506, -2.26793], [-2.33387, -1.72353, 1.52291, 1.53097, -1.37004, 0.93951, -1.95723], [-2.21203, -1.68145, 1.55936, 1.72515, -1.4023, 0.62842, -1.64653], [-2.09019, -1.63936, 1.59582, 1.91933, -1.43455, 0.31733, -1.33584], [-1.96835, -1.59727, 1.63227, 2.11351, -1.46681, 0.00625, -1.02514], [-1.90323, -1.57478, 1.65176, 2.21729, -1.48405, -0.16003, -0.85907], [-1.76131, -1.53635, 1.87819, 2.15902, -1.5272, -0.14818, -0.44469], [-1.61939, -1.49792, 2.10463, 2.10075, -1.57036, -0.13634, -0.03032], [-1.47747, -1.45949, 2.33106, 2.04248, -1.61352, -0.12449, 0.38406], [-1.33556, -1.42106, 2.5575, 1.98421, -1.65667, -0.11265, 0.79844], [-1.28143, -1.40641, 2.64386, 1.96199, -1.67313, -0.10813, 0.95648], [-1.38745, -0.9326, 2.60624, 2.03802, -1.669, -0.18971, 0.97643], [-1.49347, -0.45879, 2.56862, 2.11406, -1.66487, -0.27129, 0.99638], [-1.59949, 0.01502, 2.531, 2.19009, -1.66073, -0.35286, 1.01633], [-1.70551, 0.48882, 2.49339, 2.26613, -1.6566, -0.43444, 1.03628], [-1.7497, 0.68631, 2.47771, 2.29782, -1.65488, -0.46844, 1.04459], [-1.48655, 0.74761, 2.41554, 2.0968, -1.90782, -0.72815, 1.08051], [-1.22339, 0.80891, 2.35338, 1.89579, -2.16076, -0.98786, 1.11642], [-0.96024, 0.87021, 2.29121, 1.69477, -2.4137, -1.24757, 1.15234], [-0.69708, 0.93151, 2.22905, 1.49375, -2.66664, -1.50728, 1.18826], [-0.6761, 0.9364, 2.22409, 1.47772, -2.68681, -1.52799, 1.19112], [-0.64183, 0.96049, 2.06037, 1.06682, -2.48237, -1.4284, 1.16141], [-0.60755, 0.98457, 1.89665, 0.65591, -2.27793, -1.32881, 1.1317], [-0.57327, 1.00866, 1.73293, 0.245, -2.07348, -1.22923, 1.102], [-0.539, 1.03275, 1.56921, -0.1659, -1.86904, -1.12964, 1.07229]]
end: [-0.51404000000000005, 1.0502899999999999, 1.45, -0.46511000000000002, -1.72018, -1.0571200000000001, 1.0506599999999999]
obtacles: [[[0.6, 0.5, -1.0], [0.9, 0.6, 1.0]], [[0.6, -0.6, -1.0], [0.9, -0.5, 1.0]], [[0.6, -0.6, 0.9], [0.9, 0.6, 1.0]], [[0.6, -0.6, -1.0], [0.9, 0.6, -0.9]], [[0.6, -0.6, 0.3], [0.9, 0.6, 0.4]], [[0.6, -0.6, -0.5], [0.9, 0.6, -0.4]], [[0.6, 0.2, 0.4], [0.9, 0.3, 1.0]], [[0.6, -0.1, -0.5], [0.9, 0.0, 0.4]], [[0.6, -0.3, -1.0], [0.9, -0.2, -0.4]]]
start: [-2.1168300000000002, -1.73261, 1.55, 1.7410300000000001, -1.41469, 1.5232600000000001, -2.43072]
tajectories: [[-2.11683, -1.73261, 1.55, 1.74103, -1.41469, 1.52326, -2.43072], [-2.09165, -1.76012, 1.69861, 1.87008, -1.15167, 1.15124, -2.38281], [-2.06646, -1.78763, 1.84722, 1.99912, -0.88864, 0.77923, -2.3349], [-2.04128, -1.81514, 1.99583, 2.12817, -0.62562, 0.40721, -2.28698], [-2.01609, -1.84265, 2.14444, 2.25721, -0.3626, 0.0352, -2.23907], [-1.99091, -1.87016, 2.29305, 2.38625, -0.09958, -0.33682, -2.19116], [-1.96572, -1.89767, 2.44166, 2.5153, 0.16345, -0.70883, -2.14324], [-1.9573, -1.90687, 2.49133, 2.55843, 0.25136, -0.83318, -2.12723], [-1.79588, -1.5427, 2.50343, 2.52085, 0.20053, -0.78044, -1.83672], [-1.63445, -1.17853, 2.51553, 2.48328, 0.14969, -0.72769, -1.54621], [-1.47302, -0.81436, 2.52762, 2.4457, 0.09886, -0.67495, -1.25569], [-1.3116, -0.45018, 2.53972, 2.40812, 0.04802, -0.62221, -0.96518], [-1.15017, -0.08601, 2.55182, 2.37055, -0.00281, -0.56947, -0.67467], [-0.98874, 0.27816, 2.56391, 2.33297, -0.05365, -0.51673, -0.38416], [-0.86397, 0.55964, 2.57326, 2.30392, -0.09294, -0.47596, -0.15961], [-0.90623, 0.66772, 2.33939, 2.0005, -0.32358, -0.66316, -0.12039], [-0.94849, 0.7758, 2.10551, 1.69709, -0.55421, -0.85036, -0.08118], [-0.99075, 0.88389, 1.87164, 1.39367, -0.78484, -1.03756, -0.04196], [-1.03301, 0.99197, 1.63777, 1.09025, -1.01547, -1.22476, -0.00275]]
end: [-1.04887, 1.0325299999999999, 1.55, 0.97638000000000003, -1.10202, -1.29501, 0.01197]
obtacles: [[[0.6, 0.5, -1.0], [0.9, 0.6, 1.0]], [[0.6, -0.6, -1.0], [0.9, -0.5, 1.0]], [[0.6, -0.6, 0.9], [0.9, 0.6, 1.0]], [[0.6, -0.6, -1.0], [0.9, 0.6, -0.9]], [[0.6, -0.6, 0.3], [0.9, 0.6, 0.4]], [[0.6, -0.6, -0.5], [0.9, 0.6, -0.4]], [[0.6, 0.2, 0.4], [0.9, 0.3, 1.0]], [[0.6, -0.1, -0.5], [0.9, 0.0, 0.4]], [[0.6, -0.3, -1.0], [0.9, -0.2, -0.4]]]
start: [-2.2610299999999999, -1.7548699999999999, 1.55, 1.6217600000000001, -1.38794, 1.54105, -2.4050400000000001]
tajectories: [[-2.26103, -1.75487, 1.55, 1.62176, -1.38794, 1.54105, -2.40504], [-2.19071, -1.76335, 1.60494, 1.70226, -1.43829, 1.27377, -2.00316], [-2.12039, -1.77183, 1.65989, 1.78277, -1.48864, 1.00649, -1.60127], [-2.05007, -1.78031, 1.71483, 1.86327, -1.53899, 0.73922, -1.19939], [-1.97975, -1.78879, 1.76977, 1.94378, -1.58934, 0.47194, -0.79751], [-1.90943, -1.79727, 1.82471, 2.02428, -1.63969, 0.20466, -0.39562], [-1.8391, -1.80575, 1.87966, 2.10478, -1.69004, -0.06262, 0.00626], [-1.82682, -1.80723, 1.88926, 2.11885, -1.69884, -0.10932, 0.07648], [-1.49679, -1.69601, 1.93552, 2.19913, -1.78789, -0.34116, 0.31823], [-1.16676, -1.58479, 1.98179, 2.27942, -1.87693, -0.57301, 0.55999], [-0.83673, -1.47357, 2.02806, 2.3597, -1.96598, -0.80486, 0.80174], [-0.50671, -1.36235, 2.07432, 2.43998, -2.05502, -1.0367, 1.04349], [-0.3238, -1.30071, 2.09996, 2.48447, -2.10437, -1.16519, 1.17748], [-0.50705, -0.91685, 2.12229, 2.22917, -2.13318, -1.14755, 1.12997], [-0.69029, -0.533, 2.14462, 1.97387, -2.16199, -1.12991, 1.08246], [-0.87354, -0.14915, 2.16695, 1.71856, -2.19079, -1.11227, 1.03495], [-1.05678, 0.23471, 2.18927, 1.46326, -2.2196, -1.09463, 0.98745], [-1.24003, 0.61856, 2.2116, 1.20796, -2.24841, -1.07699, 0.93994], [-1.33711, 0.82192, 2.22343, 1.0727, -2.26367, -1.06764, 0.91477], [-1.21525, 0.81573, 2.04021, 0.9951, -1.90824, -1.06786, 0.65174], [-1.0934, 0.80953, 1.85699, 0.9175, -1.5528, -1.06808, 0.38871], [-0.97155, 0.80333, 1.67376, 0.8399, -1.19736, -1.0683, 0.12567]]
end: [-0.88924000000000003, 0.79915000000000003, 1.55, 0.78747999999999996, -0.95726999999999995, -1.0684400000000001, -0.051999999999999998]
obtacles: [[[0.6, 0.5, -1.0], [0.9, 0.6, 1.0]], [[0.6, -0.6, -1.0], [0.9, -0.5, 1.0]], [[0.6, -0.6, 0.9], [0.9, 0.6, 1.0]], [[0.6, -0.6, -1.0], [0.9, 0.6, -0.9]], [[0.6, -0.6, 0.3], [0.9, 0.6, 0.4]], [[0.6, -0.6, -0.5], [0.9, 0.6, -0.4]], [[0.6, 0.2, 0.4], [0.9, 0.3, 1.0]], [[0.6, -0.1, -0.5], [0.9, 0.0, 0.4]], [[0.6, -0.3, -1.0], [0.9, -0.2, -0.4]]]
start: [-2.36938, -1.65506, 1.5, 1.18699, -1.46611, 1.53695, -2.7315700000000001]
tajectories: [[-2.36938, -1.65506, 1.5, 1.18699, -1.46611, 1.53695, -2.73157], [-2.18072, -1.54726, 1.84219, 1.41803, -1.34809, 1.53349, -2.59603], [-2.01217, -1.45095, 2.14791, 1.62444, -1.24264, 1.53041, -2.47494], [-1.83644, -1.21095, 2.19926, 1.62922, -0.87027, 1.40866, -2.40163], [-1.66071, -0.97094, 2.2506, 1.634, -0.4979, 1.2869, -2.32832], [-1.48498, -0.73093, 2.30195, 1.63878, -0.12554, 1.16515, -2.25502], [-1.402, -0.6176, 2.32619, 1.64104, 0.05029, 1.10766, -2.2204], [-1.29368, -0.31557, 2.21455, 1.69525, -0.21272, 1.02893, -1.9832], [-1.18536, -0.01353, 2.1029, 1.74946, -0.47573, 0.9502, -1.74599], [-1.16483, 0.04372, 2.08174, 1.75973, -0.52559, 0.93527, -1.70102], [-1.08708, 0.27214, 1.97015, 1.68984, -0.66865, 0.71088, -1.37912], [-1.00933, 0.50056, 1.85856, 1.61994, -0.81172, 0.48648, -1.05722], [-0.94045, 0.70292, 1.75971, 1.55802, -0.93846, 0.28769, -0.77205], [-0.85914, 0.70975, 1.68366, 1.29332, -0.93652, -0.08074, -0.59385], [-0.77783, 0.71658, 1.60762, 1.02863, -0.93457, -0.44917, -0.41566], [-0.69652, 0.72342, 1.53158, 0.76393, -0.93263, -0.81759, -0.23747]]
end: [-0.66274999999999995, 0.72624999999999995, 1.5, 0.65400999999999998, -0.93181999999999998, -0.97058999999999995, -0.16347]
obtacles: [[[0.6, 0.5, -1.0], [0.9, 0.6, 1.0]], [[0.6, -0.6, -1.0], [0.9, -0.5, 1.0]], [[0.6, -0.6, 0.9], [0.9, 0.6, 1.0]], [[0.6, -0.6, -1.0], [0.9, 0.6, -0.9]], [[0.6, -0.6, 0.3], [0.9, 0.6, 0.4]], [[0.6, -0.6, -0.5], [0.9, 0.6, -0.4]], [[0.6, 0.2, 0.4], [0.9, 0.3, 1.0]], [[0.6, -0.1, -0.5], [0.9, 0.0, 0.4]], [[0.6, -0.3, -1.0], [0.9, -0.2, -0.4]]]
start: [-0.77541000000000004, 0.68513999999999997, 1.5, 0.90454000000000001, -0.78129000000000004, -1.1114200000000001, -0.28975000000000001]
tajectories: [[-0.77541, 0.68514, 1.5, 0.90454, -0.78129, -1.11142, -0.28975], [-0.99371, 0.58099, 1.58467, 1.10411, -0.77421, -0.93538, -0.62659], [-1.21201, 0.47684, 1.66934, 1.30369, -0.76712, -0.75934, -0.96342], [-1.4303, 0.37269, 1.754, 1.50326, -0.76003, -0.58329, -1.30026], [-1.55177, 0.31473, 1.80112, 1.61432, -0.75609, -0.48533, -1.48769], [-1.71937, 0.45702, 1.87127, 1.78348, -0.67473, -0.14232, -1.6971], [-1.88696, 0.59931, 1.94142, 1.95265, -0.59338, 0.20069, -1.90651], [-2.05456, 0.74159, 2.01157, 2.12182, -0.51202, 0.5437, -2.11592], [-2.09622, 0.77697, 2.02901, 2.16387, -0.49179, 0.62897, -2.16798], [-2.05345, 0.4466, 2.06395, 2.35857, -0.71317, 0.79941, -2.31578], [-2.01067, 0.11624, 2.0989, 2.55326, -0.93454, 0.96985, -2.46359], [-1.9679, -0.21412, 2.13385, 2.74795, -1.15592, 1.1403, -2.61139], [-1.92512, -0.54448, 2.16879, 2.94265, -1.37729, 1.31074, -2.7592], [-1.9223, -0.56629, 2.1711, 2.95549, -1.3919, 1.32199, -2.76895], [-1.9581, -0.90417, 1.99637, 2.64396, -1.3664, 1.35529, -2.69678], [-1.99389, -1.24206, 1.82165, 2.33243, -1.3409, 1.3886, -2.62462], [-2.02969, -1.57995, 1.64692, 2.0209, -1.3154, 1.4219, -2.55245]]
end: [-2.05979, -1.8640699999999999, 1.5, 1.75895, -1.29396, 1.44991, -2.4917699999999998]
obtacles: [[[0.6, 0.5, -1.0], [0.9, 0.6, 1.0]], [[0.6, -0.6, -1.0], [0.9, -0.5, 1.0]], [[0.6, -0.6, 0.9], [0.9, 0.6, 1.0]], [[0.6, -0.6, -1.0], [0.9, 0.6, -0.9]], [[0.6, -0.6, 0.3], [0.9, 0.6, 0.4]], [[0.6, -0.6, -0.5], [0.9, 0.6, -0.4]], [[0.6, 0.2, 0.4], [0.9, 0.3, 1.0]], [[0.6, -0.1, -0.5], [0.9, 0.0, 0.4]], [[0.6, -0.3, -1.0], [0.9, -0.2, -0.4]]]
start: [-2.3496700000000001, -1.6506799999999999, 1.5, 0.96467000000000003, -1.4648300000000001, 1.5583100000000001, -2.97234]
tajectories: [[-2.34967, -1.65068, 1.5, 0.96467, -1.46483, 1.55831, -2.97234], [-2.25483, -1.59285, 1.69589, 1.23357, -1.31367, 1.24704, -2.88723], [-2.15999, -1.53501, 1.89178, 1.50247, -1.16251, 0.93577, -2.80213], [-2.06516, -1.47718, 2.08768, 1.77137, -1.01134, 0.62451, -2.71702], [-1.97032, -1.41934, 2.28357, 2.04027, -0.86018, 0.31324, -2.63192], [-1.87549, -1.36151, 2.47946, 2.30917, -0.70902, 0.00197, -2.54681], [-1.78065, -1.30367, 2.67535, 2.57807, -0.55786, -0.30929, -2.46171], [-1.75319, -1.28692, 2.73208, 2.65594, -0.51408, -0.39943, -2.43706], [-1.57466, -0.95603, 2.63273, 2.55099, -0.60957, -0.48238, -2.16919], [-1.39614, -0.62514, 2.53338, 2.44604, -0.70505, -0.56534, -1.90132], [-1.22819, -0.31386, 2.43993, 2.34731, -0.79488, -0.64337, -1.64932], [-1.40992, -0.15899, 2.27525, 2.46787, -0.91771, -0.72763, -1.28994], [-1.59164, -0.00412, 2.11058, 2.58843, -1.04053, -0.81189, -0.93056], [-1.77336, 0.15076, 1.9459, 2.70899, -1.16336, -0.89615, -0.57119], [-1.95508, 0.30563, 1.78123, 2.82955, -1.28619, -0.98041, -0.21181], [-2.12702, 0.45216, 1.62542, 2.94362, -1.4024, -1.06014, 0.12822], [-1.89274, 0.57716, 1.59852, 2.53318, -1.33123, -1.12409, 0.09426], [-1.65846, 0.70215, 1.57163, 2.12274, -1.26007, -1.18805, 0.0603], [-1.42419, 0.82715, 1.54473, 1.7123, -1.1889, -1.252, 0.02634], [-1.18991, 0.95214, 1.51784, 1.30186, -1.11773, -1.31596, -0.00761]]
end: [-1.0345299999999999, 1.03504, 1.5, 1.0296400000000001, -1.07053, -1.3583700000000001, -0.03014]
