obtacles: [[[0.6, 0.5, -1.0], [0.9, 0.6, 1.0]], [[0.6, -0.6, -1.0], [0.9, -0.5, 1.0]], [[0.6, -0.6, 0.9], [0.9, 0.6, 1.0]], [[0.6, -0.6, -1.0], [0.9, 0.6, -0.9]], [[0.6, -0.6, 0.4], [0.9, 0.6, 0.5]], [[0.6, -0.6, -0.4], [0.9, 0.6, -0.3]], [[0.6, -0.2, 0.5], [0.9, -0.1, 1.0]], [[0.6, -0.1, -0.4], [0.9, 0.0, 0.5]], [[0.6, 0.0, -1.0], [0.9, 0.1, -0.3]]]
start: [-2.0704099999999999, -1.6637299999999999, 1.5, 1.7309399999999999, -1.49004, 1.48637, -2.48854]
tajectories: [[-2.07041, -1.66373, 1.5, 1.73094, -1.49004, 1.48637, -2.48854], [-1.96861, -1.61519, 1.66791, 1.86719, -1.16253, 1.19864, -2.51025], [-1.86681, -1.56664, 1.83581, 2.00344, -0.83502, 0.91091, -2.53196], [-1.76501, -1.5181, 2.00372, 2.13969, -0.5075, 0.62318, -2.55367], [-1.66321, -1.46955, 2.17163, 2.27594, -0.17999, 0.33545, -2.57538], [-1.56142, -1.421, 2.33953, 2.41219, 0.14752, 0.04772, -2.59708], [-1.45962, -1.37246, 2.50744, 2.54844, 0.47503, -0.24001, -2.61879], [-1.39056, -1.33953, 2.62134, 2.64087, 0.6972, -0.4352, -2.63352], [-1.3664, -1.19751, 2.5739, 2.31021, 0.50425, -0.57276, -2.38551], [-1.34224, -1.05549, 2.52645, 1.97955, 0.3113, -0.71032, -2.13751], [-1.31809, -0.91347, 2.47901, 1.64889, 0.11835, -0.84789, -1.8895], [-1.29393, -0.77146, 2.43156, 1.31823, -0.0746, -0.98545, -1.6415], [-1.26977, -0.62944, 2.38412, 0.98757, -0.26755, -1.12302, -1.39349], [-1.26297, -0.58947, 2.37076, 0.89451, -0.32185, -1.16173, -1.32369], [-1.61135, -0.39588, 2.40363, 1.04587, -0.1249, -1.25714, -1.18487], [-1.95972, -0.20228, 2.43649, 1.19723, 0.07205, -1.35256, -1.04604], [-2.3081, -0.00869, 2.46936, 1.34858, 0.26901, -1.44798, -0.90721], [-2.51155, 0.10438, 2.48855, 1.43698, 0.38403, -1.5037, -0.82614], [-2.20998, 0.25945, 2.28913, 1.36439, 0.12252, -1.46486, -0.68446], [-1.9084, 0.41452, 2.0897, 1.29179, -0.13898, -1.42602, -0.54279], [-1.60683, 0.56959, 1.89027, 1.2192, -0.40049, -1.38718, -0.40112], [-1.30525, 0.72466, 1.69084, 1.14661, -0.66199, -1.34835, -0.25945]]
end: [-1.0166599999999999, 0.87304999999999999, 1.5, 1.07714, -0.91224000000000005, -1.31118, -0.12388]
obtacles: [[[0.6, 0.5, -1.0], [0.9, 0.6, 1.0]], [[0.6, -0.6, -1.0], [0.9, -0.5, 1.0]], [[0.6, -0.6, 0.9], [0.9, 0.6, 1.0]], [[0.6, -0.6, -1.0], [0.9, 0.6, -0.9]], [[0.6, -0.6, 0.4], [0.9, 0.6, 0.5]], [[0.6, -0.6, -0.4], [0.9, 0.6, -0.3]], [[0.6, -0.2, 0.5], [0.9, -0.1, 1.0]], [[0.6, -0.1, -0.4], [0.9, 0.0, 0.5]], [[0.6, 0.0, -1.0], [0.9, 0.1, -0.3]]]
start: [-0.82574000000000003, 0.87927999999999995, 1.3500000000000001, 0.74192000000000002, -0.93450999999999995, -1.20669, 0.042540000000000001]
tajectories: [[-0.82574, 0.87928, 1.35, 0.74192, -0.93451, -1.20669, 0.04254], [-1.07202, 0.76846, 1.35341, 0.56072, -0.9662, -1.20919, 0.42097], [-1.31829, 0.65765, 1.35683, 0.37951, -0.99789, -1.2117, 0.79941], [-1.56456, 0.54684, 1.36024, 0.19831, -1.02959, -1.2142, 1.17784], [-1.81084, 0.43603, 1.36365, 0.0171, -1.06128, -1.21671, 1.55628], [-1.99713, 0.35221, 1.36623, -0.11997, -1.08526, -1.2186, 1.84255], [-2.11879, 0.36262, 1.24696, 0.06759, -1.1726, -1.23983, 1.42112], [-2.24044, 0.37304, 1.12768, 0.25516, -1.25993, -1.26106, 0.99968], [-2.36209, 0.38346, 1.00841, 0.44273, -1.34727, -1.28228, 0.57825], [-2.48374, 0.39388, 0.88913, 0.63029, -1.43461, -1.30351, 0.15682], [-2.55253, 0.39977, 0.82169, 0.73635, -1.48399, -1.31551, -0.08147], [-2.42994, 0.04029, 0.82652, 1.05741, -1.51154, -1.28679, -0.04895], [-2.30735, -0.31919, 0.83135, 1.37847, -1.53909, -1.25806, -0.01644], [-2.18477, -0.67867, 0.83617, 1.69954, -1.56664, -1.22933, 0.01608], [-2.06218, -1.03815, 0.841, 2.0206, -1.59419, -1.20061, 0.0486], [-1.9396, -1.39763, 0.84582, 2.34166, -1.62174, -1.17188, 0.08111], [-1.92872, -1.42952, 0.84625, 2.37015, -1.62419, -1.16933, 0.084], [-1.86908, -1.55883, 0.83491, 2.34948, -2.04449, -1.30558, -0.10026], [-1.80943, -1.68814, 0.82356, 2.32882, -2.46479, -1.44182, -0.28452], [-1.79802, -1.71289, 0.82139, 2.32486, -2.54523, -1.4679, -0.31978], [-1.93909, -1.74497, 0.90704, 2.0168, -2.89092, -1.48822, -0.23667], [-2.08017, -1.77706, 0.9927, 1.70873, -3.23662, -1.50853, -0.15356], [-2.22124, -1.80914, 1.07836, 1.40066, -3.58231, -1.52885, -0.07044], [-2.36232, -1.84122, 1.16402, 1.09259, -3.92801, -1.54917, 0.01267], [-2.50339, -1.87331, 1.24968, 0.78452, -4.2737, -1.56949, 0.09578]]
end: [-2.5039199999999999, -1.8734299999999999, 1.25, 0.78337000000000001, -4.2750000000000004, -1.5695600000000001, 0.096100000000000005]
obtacles: [[[0.6, 0.5, -1.0], [0.9, 0.6, 1.0]], [[0.6, -0.6, -1.0], [0.9, -0.5, 1.0]], [[0.6, -0.6, 0.9], [0.9, 0.6, 1.0]], [[0.6, -0.6, -1.0], [0.9, 0.6, -0.9]], [[0.6, -0.6, 0.4], [0.9, 0.6, 0.5]], [[0.6, -0.6, -0.4], [0.9, 0.6, -0.3]], [[0.6, -0.2, 0.5], [0.9, -0.1, 1.0]], [[0.6, -0.1, -0.4], [0.9, 0.0, 0.5]], [[0.6, 0.0, -1.0], [0.9, 0.1, -0.3]]]
start: [-1.14747, 1.9644699999999999, 1.7, 1.5033399999999999, -1.9740599999999999, -1.4778, -0.31104999999999999]
tajectories: [[-1.14747, 1.96447, 1.7, 1.50334, -1.97406, -1.4778, -0.31105], [-1.22158, 1.67743, 1.69596, 1.71569, -2.15281, -1.4574, -0.02012], [-1.29569, 1.39039, 1.69193, 1.92804, -2.33156, -1.43699, 0.27081], [-1.36981, 1.10335, 1.68789, 2.1404, -2.51031, -1.41659, 0.56174], [-1.44392, 0.81632, 1.68386, 2.35275, -2.68906, -1.39619, 0.85267], [-1.51803, 0.52928, 1.67982, 2.5651, -2.8678, -1.37579, 1.1436], [-1.58141, 0.28384, 1.67637, 2.74668, -3.02065, -1.35834, 1.39236], [-1.41498, 0.51941, 1.62907, 2.70773, -2.90393, -1.08039, 1.1237], [-1.24855, 0.75498, 1.58178, 2.66878, -2.78722, -0.80244, 0.85504], [-1.08212, 0.99055, 1.53448, 2.62983, -2.6705, -0.52449, 0.58639], [-0.9157, 1.22612, 1.48718, 2.59088, -2.55379, -0.24655, 0.31773], [-0.74927, 1.46169, 1.43989, 2.55193, -2.43707, 0.0314, 0.04907], [-0.72438, 1.49692, 1.43281, 2.5461, -2.41962, 0.07297, 0.00889], [-0.75041, 1.38277, 1.59113, 2.47679, -2.01267, 0.11421, -0.18889], [-0.77645, 1.26863, 1.74945, 2.40748, -1.60571, 0.15545, -0.38666], [-0.80248, 1.15449, 1.90777, 2.33817, -1.19876, 0.19669, -0.58443], [-0.82852, 1.04035, 2.06608, 2.26885, -0.79181, 0.23793, -0.7822], [-0.84588, 0.96421, 2.17168, 2.22262, -0.52037, 0.26543, -0.91412], [-1.06082, 0.71333, 2.14711, 2.03907, -0.34359, 0.02807, -0.77635], [-1.27575, 0.46245, 2.12253, 1.85552, -0.16682, -0.20928, -0.63858], [-1.49069, 0.21157, 2.09795, 1.67197, 0.00995, -0.44664, -0.50081], [-1.70562, -0.03931, 2.07338, 1.48842, 0.18672, -0.684, -0.36304], [-1.92056, -0.29019, 2.0488, 1.30488, 0.36349, -0.92136, -0.22527], [-2.13549, -0.54107, 2.02423, 1.12133, 0.54026, -1.15872, -0.0875]]
end: [-2.3473600000000001, -0.78837000000000002, 2.0, 0.94040000000000001, 0.71450999999999998, -1.39269, 0.048300000000000003]
obtacles: [[[0.6, 0.5, -1.0], [0.9, 0.6, 1.0]], [[0.6, -0.6, -1.0], [0.9, -0.5, 1.0]], [[0.6, -0.6, 0.9], [0.9, 0.6, 1.0]], [[0.6, -0.6, -1.0], [0.9, 0.6, -0.9]], [[0.6, -0.6, 0.4], [0.9, 0.6, 0.5]], [[0.6, -0.6, -0.4], [0.9, 0.6, -0.3]], [[0.6, -0.2, 0.5], [0.9, -0.1, 1.0]], [[0.6, -0.1, -0.4], [0.9, 0.0, 0.5]], [[0.6, 0.0, -1.0], [0.9, 0.1, -0.3]]]
start: [-2.3734600000000001, -1.96377, 0.5, 1.8483400000000001, -1.25203, 0.48519000000000001, -2.4897800000000001]
tajectories: [[-2.37346, -1.96377, 0.5, 1.84834, -1.25203, 0.48519, -2.48978], [-2.34027, -1.94675, 0.65405, 1.71592, -1.28461, 0.46958, -2.03587], [-2.30707, -1.92973, 0.80811, 1.58349, -1.31719, 0.45397, -1.58196], [-2.27388, -1.91271, 0.96216, 1.45106, -1.34977, 0.43836, -1.12806], [-2.24068, -1.89569, 1.11621, 1.31863, -1.38235, 0.42275, -0.67415], [-2.22811, -1.88925, 1.17455, 1.26848, -1.39468, 0.41684, -0.50226], [-2.21428, -1.90543, 1.24819, 1.24024, -0.9905, 0.65333, -0.34725], [-2.20046, -1.92162, 1.32184, 1.21199, -0.58631, 0.88983, -0.19224], [-2.18663, -1.93781, 1.39548, 1.18375, -0.18212, 1.12632, -0.03723], [-2.17281, -1.95399, 1.46913, 1.15551, 0.22207, 1.36281, 0.11778], [-2.1691, -1.95833, 1.48885, 1.14794, 0.33033, 1.42616, 0.1593], [-1.88765, -1.91719, 1.48364, 1.47121, 0.44663, 1.40016, 0.38372], [-1.6062, -1.87605, 1.47843, 1.79447, 0.56293, 1.37415, 0.60814], [-1.32475, -1.83491, 1.47322, 2.11773, 0.67923, 1.34815, 0.83256], [-1.04331, -1.79377, 1.468, 2.441, 0.79553, 1.32215, 1.05698], [-0.83904, -1.76391, 1.46422, 2.67562, 0.87994, 1.30327, 1.21986], [-0.9388, -1.57556, 1.39852, 2.32891, 0.93663, 1.05576, 1.34465], [-1.03856, -1.3872, 1.33282, 1.98221, 0.99332, 0.80825, 1.46943], [-1.13833, -1.19884, 1.26712, 1.6355, 1.05001, 0.56074, 1.59421], [-1.23809, -1.01049, 1.20142, 1.28879, 1.1067, 0.31322, 1.719], [-1.33785, -0.82213, 1.13572, 0.94209, 1.1634, 0.06571, 1.84378], [-1.37845, -0.74547, 1.10898, 0.80098, 1.18647, -0.03503, 1.89457], [-1.37181, -0.42348, 0.98587, 0.61919, 0.97352, -0.2323, 1.77704], [-1.36517, -0.10149, 0.86276, 0.4374, 0.76058, -0.42957, 1.65951], [-1.35852, 0.2205, 0.73966, 0.25561, 0.54763, -0.62684, 1.54198], [-1.35322, 0.47784, 0.64127, 0.11032, 0.37745, -0.7845, 1.44806], [-1.18509, 0.55439, 0.59693, 0.30392, 0.15618, -0.97596, 1.1467], [-1.01696, 0.63094, 0.5526, 0.49751, -0.06508, -1.16742, 0.84535], [-0.84883, 0.70749, 0.50826, 0.69111, -0.28634, -1.35888, 0.54399]]
end: [-0.8175, 0.72175, 0.5, 0.72718000000000005, -0.32756999999999997, -1.39456, 0.48785000000000001]
obtacles: [[[0.6, 0.5, -1.0], [0.9, 0.6, 1.0]], [[0.6, -0.6, -1.0], [0.9, -0.5, 1.0]], [[0.6, -0.6, 0.9], [0.9, 0.6, 1.0]], [[0.6, -0.6, -1.0], [0.9, 0.6, -0.9]], [[0.6, -0.6, 0.4], [0.9, 0.6, 0.5]], [[0.6, -0.6, -0.4], [0.9, 0.6, -0.3]], [[0.6, -0.2, 0.5], [0.9, -0.1, 1.0]], [[0.6, -0.1, -0.4], [0.9, 0.0, 0.5]], [[0.6, 0.0, -1.0], [0.9, 0.1, -0.3]]]
start: [-0.32103999999999999, 1.9530400000000001, 0.55000000000000004, -0.65485000000000004, -0.51619000000000004, -1.3837999999999999, 0.65098]
tajectories: [[-0.32104, 1.95304, 0.55, -0.65485, -0.51619, -1.3838, 0.65098], [-0.33197, 1.81144, 0.48229, -0.38911, -0.6152, -1.07976, 0.42211], [-0.34291, 1.66985, 0.41458, -0.12336, -0.71421, -0.77572, 0.19323], [-0.35384, 1.52826, 0.34687, 0.14238, -0.81322, -0.47167, -0.03564], [-0.36477, 1.38666, 0.27916, 0.40812, -0.91223, -0.16763, -0.26452], [-0.37182, 1.2953, 0.23547, 0.57959, -0.97611, 0.02855, -0.4122], [-0.423, 1.27219, 0.16988, 1.03484, -1.00773, 0.07445, -0.2328], [-0.47418, 1.24909, 0.10429, 1.49009, -1.03936, 0.12036, -0.05341], [-0.52536, 1.22598, 0.03869, 1.94534, -1.07098, 0.16627, 0.12599], [-0.57629, 1.20299, -0.02658, 2.39835, -1.10245, 0.21195, 0.3045], [-0.56002, 0.8312, 0.25509, 2.41363, -1.05648, 0.24982, 0.13599], [-0.54375, 0.45941, 0.53675, 2.42891, -1.01052, 0.28769, -0.03251], [-0.53525, 0.26531, 0.6838, 2.43689, -0.98652, 0.30746, -0.12049], [-0.21704, 0.24791, 0.88017, 2.20749, -0.76265, 0.34271, -0.19725], [0.10117, 0.23052, 1.07654, 1.9781, -0.53877, 0.37796, -0.27402], [0.41938, 0.21312, 1.27291, 1.7487, -0.3149, 0.41321, -0.35078], [0.55568, 0.20567, 1.35702, 1.65044, -0.21901, 0.42831, -0.38366], [0.59918, 0.10839, 1.322, 1.44666, -0.07924, 0.06061, -0.58652], [0.64268, 0.01111, 1.28697, 1.24287, 0.06053, -0.30708, -0.78938], [0.67445, -0.05993, 1.26139, 1.09404, 0.1626, -0.57561, -0.93753], [0.50631, 0.13945, 1.02896, 1.07797, 0.01893, -0.88693, -0.83683], [0.33816, 0.33882, 0.79653, 1.0619, -0.12473, -1.19824, -0.73614], [0.17002, 0.5382, 0.5641, 1.04582, -0.2684, -1.50955, -0.63544]]
end: [0.15981999999999999, 0.55028999999999995, 0.55000000000000004, 1.0448500000000001, -0.27711000000000002, -1.52843, -0.62932999999999995]
obtacles: [[[0.6, 0.5, -1.0], [0.9, 0.6, 1.0]], [[0.6, -0.6, -1.0], [0.9, -0.5, 1.0]], [[0.6, -0.6, 0.9], [0.9, 0.6, 1.0]], [[0.6, -0.6, -1.0], [0.9, 0.6, -0.9]], [[0.6, -0.6, 0.4], [0.9, 0.6, 0.5]], [[0.6, -0.6, -0.4], [0.9, 0.6, -0.3]], [[0.6, -0.2, 0.5], [0.9, -0.1, 1.0]], [[0.6, -0.1, -0.4], [0.9, 0.0, 0.5]], [[0.6, 0.0, -1.0], [0.9, 0.1, -0.3]]]
start: [-0.30553999999999998, 1.9061999999999999, -0.40000000000000002, -0.69767999999999997, 0.39662999999999998, -1.2592699999999999, 0.039579999999999997]
tajectories: [[-0.30554, 1.9062, -0.4, -0.69768, 0.39663, -1.25927, 0.03958], [-0.35679, 1.81736, -0.60546, -0.34953, 0.12662, -1.3053, 0.00746], [-0.40804, 1.72851, -0.81092, -0.00138, -0.14339, -1.35133, -0.02466], [-0.41879, 1.70988, -0.854, 0.07163, -0.20001, -1.36098, -0.03139], [-0.38434, 1.56118, -0.72133, 0.39354, -0.16747, -1.39236, 0.29021], [-0.34989, 1.41248, -0.58867, 0.71545, -0.13492, -1.42373, 0.61182], [-0.31544, 1.26378, -0.456, 1.03736, -0.10238, -1.4551, 0.93343], [-0.2852, 1.13325, -0.33955, 1.31993, -0.07382, -1.48263, 1.21572], [-0.29962, 1.0466, -0.23325, 1.65068, 0.21228, -1.47254, 1.4148], [-0.31403, 0.95994, -0.12695, 1.98144, 0.49838, -1.46245, 1.61388], [-0.32845, 0.87329, -0.02065, 2.31219, 0.78447, -1.45235, 1.81295], [-0.33506, 0.83359, 0.02804, 2.46371, 0.91553, -1.44773, 1.90415], [-0.10835, 0.54836, -0.19286, 2.60248, 0.86242, -1.38477, 1.69823], [0.11837, 0.26313, -0.41377, 2.74125, 0.8093, -1.3218, 1.4923], [0.19938, 0.16121, -0.4927, 2.79083, 0.79032, -1.2993, 1.41872], [0.15504, 0.08408, -0.32731, 2.60635, 0.44088, -1.28033, 1.17742], [0.1107, 0.00695, -0.16191, 2.42187, 0.09144, -1.26136, 0.93611], [0.06636, -0.07018, 0.00349, 2.2374, -0.258, -1.24239, 0.69481], [0.04501, -0.10732, 0.08314, 2.14855, -0.42629, -1.23325, 0.57859], [0.08627, 0.12959, 0.21488, 1.74488, -0.40147, -1.27673, 0.48187], [0.12754, 0.3665, 0.34662, 1.3412, -0.37664, -1.32022, 0.38514], [0.16671, 0.5914, 0.47168, 0.95799, -0.35308, -1.3615, 0.29332], [0.35689, 0.59508, 0.14874, 0.92103, -0.13908, -1.38521, 0.04473], [0.54708, 0.59877, -0.17421, 0.88407, 0.07492, -1.40891, -0.20385]]
end: [0.68005000000000004, 0.60133999999999999, -0.40000000000000002, 0.85821999999999998, 0.22453999999999999, -1.4254899999999999, -0.37766]
obtacles: [[[0.6, 0.5, -1.0], [0.9, 0.6, 1.0]], [[0.6, -0.6, -1.0], [0.9, -0.5, 1.0]], [[0.6, -0.6, 0.9], [0.9, 0.6, 1.0]], [[0.6, -0.6, -1.0], [0.9, 0.6, -0.9]], [[0.6, -0.6, 0.4], [0.9, 0.6, 0.5]], [[0.6, -0.6, -0.4], [0.9, 0.6, -0.3]], [[0.6, -0.2, 0.5], [0.9, -0.1, 1.0]], [[0.6, -0.1, -0.4], [0.9, 0.0, 0.5]], [[0.6, 0.0, -1.0], [0.9, 0.1, -0.3]]]
start: [1.05376, 1.9691799999999999, -1.5, 1.74769, -1.16652, 1.56671, -2.4342100000000002]
tajectories: [[1.05376, 1.96918, -1.5, 1.74769, -1.16652, 1.56671, -2.43421], [1.10859, 1.63883, -1.26532, 1.80229, -1.11338, 1.32658, -2.2952], [1.16342, 1.30848, -1.03064, 1.85689, -1.06024, 1.08645, -2.1562], [1.21825, 0.97814, -0.79596, 1.91149, -1.0071, 0.84633, -2.0172], [1.27308, 0.64779, -0.56128, 1.96609, -0.95396, 0.6062, -1.87819], [1.3279, 0.31744, -0.3266, 2.02069, -0.90082, 0.36607, -1.73919], [1.38273, -0.01291, -0.09192, 2.07529, -0.84768, 0.12594, -1.60019], [1.43756, -0.34326, 0.14276, 2.12989, -0.79454, -0.11419, -1.46118], [1.49239, -0.67361, 0.37744, 2.18448, -0.7414, -0.35432, -1.32218], [1.54171, -0.97079, 0.58856, 2.2336, -0.69359, -0.57034, -1.19713], [1.66338, -0.96375, 0.22638, 1.99928, -0.76092, -0.668, -1.01006], [1.78505, -0.95671, -0.1358, 1.76496, -0.82824, -0.76565, -0.82299], [1.90672, -0.94968, -0.49799, 1.53065, -0.89556, -0.86331, -0.63592], [2.02839, -0.94264, -0.86017, 1.29633, -0.96289, -0.96097, -0.44885], [2.15006, -0.9356, -1.22235, 1.06201, -1.03021, -1.05862, -0.26178]]
end: [2.2433399999999999, -0.93020999999999998, -1.5, 0.88238000000000005, -1.08182, -1.1334900000000001, -0.11837]
obtacles: [[[0.6, 0.5, -1.0], [0.9, 0.6, 1.0]], [[0.6, -0.6, -1.0], [0.9, -0.5, 1.0]], [[0.6, -0.6, 0.9], [0.9, 0.6, 1.0]], [[0.6, -0.6, -1.0], [0.9, 0.6, -0.9]], [[0.6, -0.6, 0.4], [0.9, 0.6, 0.5]], [[0.6, -0.6, -0.4], [0.9, 0.6, -0.3]], [[0.6, -0.2, 0.5], [0.9, -0.1, 1.0]], [[0.6, -0.1, -0.4], [0.9, 0.0, 0.5]], [[0.6, 0.0, -1.0], [0.9, 0.1, -0.3]]]
start: [0.79386999999999996, 1.7717799999999999, -1.6000000000000001, 1.61653, -1.3712200000000001, 1.53308, -2.32565]
tajectories: [[0.79387, 1.77178, -1.6, 1.61653, -1.37122, 1.53308, -2.32565], [1.04196, 1.65742, -1.61458, 1.83729, -1.61446, 1.28902, -2.23788], [1.29004, 1.54307, -1.62916, 2.05805, -1.85769, 1.04496, -2.15012], [1.53813, 1.42871, -1.64375, 2.27881, -2.10093, 0.80091, -2.06235], [1.77084, 1.32144, -1.65743, 2.48589, -2.32909, 0.57197, -1.98002], [1.74533, 1.18129, -1.65876, 2.11224, -2.17835, 0.35073, -1.84431], [1.71982, 1.04114, -1.6601, 1.73859, -2.0276, 0.12948, -1.7086], [1.6943, 0.90099, -1.66143, 1.36494, -1.87685, -0.09176, -1.57288], [1.66879, 0.76084, -1.66277, 0.9913, -1.7261, -0.313, -1.43717], [1.64328, 0.62069, -1.6641, 0.61765, -1.57535, -0.53425, -1.30145], [1.61776, 0.48054, -1.66544, 0.244, -1.4246, -0.75549, -1.16574], [1.61583, 0.46996, -1.66554, 0.21578, -1.41321, -0.7722, -1.15549], [1.17494, 0.32578, -1.72398, 0.14238, -1.39502, -0.63617, -1.24026], [0.73404, 0.18161, -1.78242, 0.06898, -1.37683, -0.50015, -1.32503], [0.29314, 0.03744, -1.84086, -0.00442, -1.35863, -0.36413, -1.4098], [-0.14776, -0.10673, -1.8993, -0.07783, -1.34044, -0.22811, -1.49457], [-0.58866, -0.2509, -1.95774, -0.15123, -1.32225, -0.09208, -1.57934], [-0.64341, -0.2688, -1.965, -0.16035, -1.31999, -0.07519, -1.58986], [-0.94638, -0.07126, -1.94927, -0.33224, -1.18997, 0.0469, -1.82982], [-1.24935, 0.12629, -1.93354, -0.50413, -1.05995, 0.16899, -2.06978], [-1.55232, 0.32384, -1.91782, -0.67602, -0.92993, 0.29108, -2.30973], [-1.69001, 0.41362, -1.91067, -0.75413, -0.87084, 0.34657, -2.41879], [-1.33373, 0.53635, -1.81761, -0.56272, -1.04015, 0.49222, -2.53202], [-0.97745, 0.65908, -1.72454, -0.37131, -1.20947, 0.63787, -2.64526], [-0.62118, 0.78182, -1.63148, -0.1799, -1.37878, 0.78352, -2.7585]]
end: [-0.50066999999999995, 0.82333000000000001, -1.6000000000000001, -0.11516, -1.43605, 0.83277999999999996, -2.7968000000000002]
obtacles: [[[0.6, 0.5, -1.0], [0.9, 0.6, 1.0]], [[0.6, -0.6, -1.0], [0.9, -0.5, 1.0]], [[0.6, -0.6, 0.9], [0.9, 0.6, 1.0]], [[0.6, -0.6, -1.0], [0.9, 0.6, -0.9]], [[0.6, -0.6, 0.4], [0.9, 0.6, 0.5]], [[0.6, -0.6, -0.4], [0.9, 0.6, -0.3]], [[0.6, -0.2, 0.5], [0.9, -0.1, 1.0]], [[0.6, -0.1, -0.4], [0.9, 0.0, 0.5]], [[0.6, 0.0, -1.0], [0.9, 0.1, -0.3]]]
start: [2.4144800000000002, -1.87615, -1.45, 1.2715799999999999, -1.89781, -1.54959, -0.52236000000000005]
tajectories: [[2.41448, -1.87615, -1.45, 1.27158, -1.89781, -1.54959, -0.52236], [2.13986, -1.72508, -1.52892, 1.60185, -1.79476, -1.3975, -0.47027], [1.86525, -1.57401, -1.60784, 1.93211, -1.69171, -1.24542, -0.41818], [1.59064, -1.42294, -1.68675, 2.26238, -1.58865, -1.09333, -0.36609], [1.31603, -1.27187, -1.76567, 2.59264, -1.4856, -0.94124, -0.314], [1.14169, -1.17596, -1.81577, 2.80231, -1.42017, -0.84469, -0.28094], [1.10357, -0.92999, -1.76445, 2.86834, -1.00213, -0.85894, -0.35896], [1.06545, -0.68402, -1.71312, 2.93437, -0.58409, -0.8732, -0.43699], [1.02734, -0.43805, -1.66179, 3.00039, -0.16604, -0.88745, -0.51502], [1.00248, -0.27769, -1.62832, 3.04344, 0.10651, -0.89675, -0.56589], [1.24262, -0.08388, -1.74886, 2.73156, 0.27398, -0.93679, -0.45046], [1.48276, 0.10992, -1.8694, 2.41967, 0.44144, -0.97684, -0.33503], [1.7229, 0.30372, -1.98995, 2.10779, 0.6089, -1.01688, -0.2196], [1.96304, 0.49752, -2.11049, 1.7959, 0.77637, -1.05692, -0.10418], [2.01676, 0.54088, -2.13745, 1.72614, 0.81383, -1.06588, -0.07835], [1.66634, 0.60211, -1.9418, 1.43807, 0.83874, -1.06196, -0.03888], [1.31591, 0.66334, -1.74615, 1.15, 0.86366, -1.05804, 0.00059], [0.96549, 0.72457, -1.5505, 0.86194, 0.88857, -1.05412, 0.04006]]
end: [0.78547999999999996, 0.75602000000000003, -1.45, 0.71396000000000004, 0.90137, -1.0521, 0.060339999999999998]
obtacles: [[[0.6, 0.5, -1.0], [0.9, 0.6, 1.0]], [[0.6, -0.6, -1.0], [0.9, -0.5, 1.0]], [[0.6, -0.6, 0.9], [0.9, 0.6, 1.0]], [[0.6, -0.6, -1.0], [0.9, 0.6, -0.9]], [[0.6, -0.6, 0.4], [0.9, 0.6, 0.5]], [[0.6, -0.6, -0.4], [0.9, 0.6, -0.3]], [[0.6, -0.2, 0.5], [0.9, -0.1, 1.0]], [[0.6, -0.1, -0.4], [0.9, 0.0, 0.5]], [[0.6, 0.0, -1.0], [0.9, 0.1, -0.3]]]
start: [0.94494, 0.78444999999999998, -0.84999999999999998, 0.83169000000000004, 0.56501999999999997, -1.43821, -0.35036]
tajectories: [[0.94494, 0.78445, -0.85, 0.83169, 0.56502, -1.43821, -0.35036], [1.00961, 0.58105, -0.68978, 0.9478, 0.70259, -1.10492, -0.5382], [1.07428, 0.37765, -0.52957, 1.06391, 0.84016, -0.77162, -0.72604], [1.13895, 0.17425, -0.36935, 1.18001, 0.97774, -0.43833, -0.91389], [1.20361, -0.02914, -0.20913, 1.29612, 1.11531, -0.10503, -1.10173], [1.24143, -0.14808, -0.11545, 1.36401, 1.19576, 0.08986, -1.21157], [1.25945, -0.26122, 0.1423, 1.47137, 0.81437, 0.16647, -1.29869], [1.27747, -0.37436, 0.40005, 1.57873, 0.43298, 0.24308, -1.38581], [1.29549, -0.48749, 0.6578, 1.68609, 0.0516, 0.31969, -1.47293], [1.3135, -0.60063, 0.91554, 1.79345, -0.32979, 0.3963, -1.56005], [1.32184, -0.65298, 1.03479, 1.84312, -0.50624, 0.43175, -1.60036], [1.37925, -0.77557, 1.11181, 1.96679, -0.93736, 0.58361, -1.56132], [1.43666, -0.89817, 1.18884, 2.09046, -1.36847, 0.73548, -1.52227], [1.49407, -1.02076, 1.26586, 2.21413, -1.79959, 0.88734, -1.48323], [1.55148, -1.14336, 1.34288, 2.3378, -2.2307, 1.03921, -1.44419], [1.60889, -1.26596, 1.4199, 2.46147, -2.66182, 1.19107, -1.40515], [1.62274, -1.29553, 1.43848, 2.49131, -2.76582, 1.22771, -1.39573], [1.4194, -1.36461, 1.13978, 2.52226, -2.983, 1.16411, -1.14575], [1.21606, -1.4337, 0.84107, 2.55321, -3.20018, 1.10051, -0.89578], [1.01272, -1.50278, 0.54237, 2.58416, -3.41736, 1.03692, -0.64581], [0.80938, -1.57186, 0.24366, 2.61512, -3.63454, 0.97332, -0.39584], [0.60604, -1.64094, -0.05505, 2.64607, -3.85172, 0.90972, -0.14587], [0.40271, -1.71002, -0.35375, 2.67702, -4.0689, 0.84613, 0.1041], [0.19937, -1.77911, -0.65246, 2.70798, -4.28608, 0.78253, 0.35408], [0.16086, -1.79219, -0.70902, 2.71384, -4.32721, 0.77049, 0.40141], [0.4278, -1.80452, -0.72705, 2.59432, -4.00549, 0.56631, 0.26433], [0.69473, -1.81684, -0.74509, 2.47481, -3.68376, 0.36213, 0.12725], [0.96166, -1.82917, -0.76312, 2.3553, -3.36204, 0.15795, -0.00982], [1.22859, -1.8415, -0.78116, 2.23579, -3.04031, -0.04623, -0.1469], [1.49553, -1.85383, -0.79919, 2.11627, -2.71859, -0.25041, -0.28398], [1.76246, -1.86616, -0.81723, 1.99676, -2.39686, -0.45459, -0.42106], [2.02939, -1.87849, -0.83526, 1.87725, -2.07514, -0.65877, -0.55814]]
end: [2.2475399999999999, -1.88856, -0.84999999999999998, 1.7795799999999999, -1.8122100000000001, -0.82564000000000004, -0.67015999999999998]
obtacles: [[[0.6, 0.5, -1.0], [0.9, 0.6, 1.0]], [[0.6, -0.6, -1.0], [0.9, -0.5, 1.0]], [[0.6, -0.6, 0.9], [0.9, 0.6, 1.0]], [[0.6, -0.6, -1.0], [0.9, 0.6, -0.9]], [[0.6, -0.6, 0.4], [0.9, 0.6, 0.5]], [[0.6, -0.6, -0.4], [0.9, 0.6, -0.3]], [[0.6, -0.2, 0.5], [0.9, -0.1, 1.0]], [[0.6, -0.1, -0.4], [0.9, 0.0, 0.5]], [[0.6, 0.0, -1.0], [0.9, 0.1, -0.3]]]
start: [0.80916999999999994, 1.8677600000000001, -1.6499999999999999, 1.3407100000000001, -1.26383, 1.5638700000000001, -2.6229800000000001]
tajectories: [[0.80917, 1.86776, -1.65, 1.34071, -1.26383, 1.56387, -2.62298], [0.96429, 1.83116, -1.6073, 1.64267, -1.19013, 1.52576, -2.26983], [1.11941, 1.79456, -1.5646, 1.94463, -1.11642, 1.48766, -1.91669], [1.27453, 1.75796, -1.5219, 2.2466, -1.04272, 1.44956, -1.56355], [1.42965, 1.72137, -1.4792, 2.54856, -0.96901, 1.41146, -1.21041], [1.47176, 1.71143, -1.46761, 2.63054, -0.949, 1.40111, -1.11453], [1.70607, 1.42467, -1.53569, 2.48134, -1.05425, 1.13008, -1.15245], [1.94037, 1.13791, -1.60378, 2.33214, -1.15949, 0.85904, -1.19038], [2.17467, 0.85115, -1.67187, 2.18294, -1.26474, 0.58801, -1.22831], [2.40898, 0.56439, -1.73996, 2.03374, -1.36999, 0.31698, -1.26624], [2.41895, 0.55218, -1.74285, 2.02739, -1.37447, 0.30544, -1.26785], [2.28422, 0.3589, -1.74143, 1.71704, -1.39183, 0.04981, -1.08751], [2.1495, 0.16562, -1.74, 1.40669, -1.4092, -0.20582, -0.90716], [2.01477, -0.02767, -1.73858, 1.09635, -1.42657, -0.46145, -0.72681], [1.88005, -0.22095, -1.73716, 0.786, -1.44393, -0.71708, -0.54647], [1.86115, -0.24806, -1.73696, 0.74247, -1.44637, -0.75293, -0.52117], [1.63485, -0.22235, -1.78462, 0.8636, -1.79817, -0.96572, -0.63137], [1.40856, -0.19665, -1.83229, 0.98474, -2.14997, -1.1785, -0.74158], [1.30781, -0.1852, -1.85351, 1.03867, -2.30659, -1.27323, -0.79064], [1.53173, -0.343, -1.82702, 1.07542, -1.92014, -1.31219, -0.64217], [1.75565, -0.50079, -1.80054, 1.11218, -1.53368, -1.35114, -0.4937], [1.97957, -0.65859, -1.77406, 1.14894, -1.14722, -1.39009, -0.34523]]
end: [2.1829499999999999, -0.80191000000000001, -1.75, 1.18232, -0.79620999999999997, -1.4254599999999999, -0.21038000000000001]
obtacles: [[[0.6, 0.5, -1.0], [0.9, 0.6, 1.0]], [[0.6, -0.6, -1.0], [0.9, -0.5, 1.0]], [[0.6, -0.6, 0.9], [0.9, 0.6, 1.0]], [[0.6, -0.6, -1.0], [0.9, 0.6, -0.9]], [[0.6, -0.6, 0.4], [0.9, 0.6, 0.5]], [[0.6, -0.6, -0.4], [0.9, 0.6, -0.3]], [[0.6, -0.2, 0.5], [0.9, -0.1, 1.0]], [[0.6, -0.1, -0.4], [0.9, 0.0, 0.5]], [[0.6, 0.0, -1.0], [0.9, 0.1, -0.3]]]
start: [2.2974199999999998, -1.71767, -1.6000000000000001, 1.82542, -1.7202599999999999, -1.56189, -0.98272999999999999]
tajectories: [[2.29742, -1.71767, -1.6, 1.82542, -1.72026, -1.56189, -0.98273], [1.93662, -1.65703, -1.4827, 1.89368, -1.98797, -1.50667, -0.83106], [1.57582, -1.59638, -1.3654, 1.96194, -2.25569, -1.45146, -0.67939], [1.21501, -1.53574, -1.2481, 2.0302, -2.5234, -1.39624, -0.52771], [0.85421, -1.4751, -1.1308, 2.09846, -2.79111, -1.34103, -0.37604], [0.4934, -1.41446, -1.0135, 2.16673, -3.05883, -1.28581, -0.22437], [0.1326, -1.35382, -0.89619, 2.23499, -3.32654, -1.2306, -0.07269], [-0.2282, -1.29317, -0.77889, 2.30325, -3.59426, -1.17538, 0.07898], [-0.35497, -1.27187, -0.73768, 2.32723, -3.68832, -1.15598, 0.13227], [-0.09422, -1.33588, -0.78643, 2.16862, -3.33824, -1.05378, 0.26411], [0.16652, -1.39989, -0.83519, 2.01001, -2.98816, -0.95159, 0.39594], [0.42727, -1.46391, -0.88394, 1.85139, -2.63808, -0.84939, 0.52778], [0.68801, -1.52792, -0.9327, 1.69278, -2.28801, -0.74719, 0.65962], [0.94876, -1.59194, -0.98145, 1.53417, -1.93793, -0.64499, 0.79145], [1.2095, -1.65595, -1.0302, 1.37556, -1.58785, -0.5428, 0.92329], [1.34272, -1.68865, -1.05511, 1.29452, -1.40899, -0.49058, 0.99065], [1.13185, -1.47525, -0.77396, 1.14378, -1.31884, -0.33897, 1.15531], [0.92097, -1.26185, -0.49281, 0.99305, -1.22869, -0.18736, 1.31997], [0.7101, -1.04845, -0.21166, 0.84232, -1.13854, -0.03575, 1.48463], [0.49923, -0.83505, 0.06949, 0.69158, -1.04839, 0.11586, 1.64929], [0.28836, -0.62165, 0.35064, 0.54085, -0.95824, 0.26747, 1.81395], [0.07748, -0.40825, 0.63179, 0.39011, -0.86808, 0.41908, 1.97861], [-0.01062, -0.31909, 0.74925, 0.32714, -0.83042, 0.48242, 2.0474], [0.06286, -0.20656, 0.55088, 0.11495, -0.48406, 0.62932, 1.96982], [0.13633, -0.09402, 0.35251, -0.09723, -0.1377, 0.77621, 1.89225], [0.2098, 0.01851, 0.15414, -0.30942, 0.20867, 0.92311, 1.81467], [0.28327, 0.13105, -0.04423, -0.52161, 0.55503, 1.07001, 1.73709], [0.35674, 0.24359, -0.2426, -0.7338, 0.90139, 1.21691, 1.65951], [0.39623, 0.30408, -0.34923, -0.84786, 1.08758, 1.29587, 1.61781], [0.43999, 0.41058, -0.54689, -0.72594, 0.68018, 1.2463, 1.73773], [0.48375, 0.51708, -0.74454, -0.60402, 0.27278, 1.19673, 1.85764], [0.52751, 0.62358, -0.9422, -0.4821, -0.13462, 1.14716, 1.97756], [0.57127, 0.73008, -1.13985, -0.36018, -0.54201, 1.09759, 2.09748], [0.61503, 0.83658, -1.33751, -0.23826, -0.94941, 1.04802, 2.2174], [0.65878, 0.94308, -1.53517, -0.11634, -1.35681, 0.99845, 2.33732]]
end: [0.67313999999999996, 0.97801000000000005, -1.6000000000000001, -0.076350000000000001, -1.49044, 0.98219000000000001, 2.3766500000000002]
obtacles: [[[0.6, 0.5, -1.0], [0.9, 0.6, 1.0]], [[0.6, -0.6, -1.0], [0.9, -0.5, 1.0]], [[0.6, -0.6, 0.9], [0.9, 0.6, 1.0]], [[0.6, -0.6, -1.0], [0.9, 0.6, -0.9]], [[0.6, -0.6, 0.4], [0.9, 0.6, 0.5]], [[0.6, -0.6, -0.4], [0.9, 0.6, -0.3]], [[0.6, -0.2, 0.5], [0.9, -0.1, 1.0]], [[0.6, -0.1, -0.4], [0.9, 0.0, 0.5]], [[0.6, 0.0, -1.0], [0.9, 0.1, -0.3]]]
start: [2.3486500000000001, -1.9575800000000001, -1.45, 1.4223699999999999, -1.97159, -1.5161800000000001, -0.59465000000000001]
tajectories: [[2.34865, -1.95758, -1.45, 1.42237, -1.97159, -1.51618, -0.59465], [2.08969, -1.86798, -1.2149, 1.56672, -2.20553, -1.49187, -0.80318], [1.83073, -1.77838, -0.9798, 1.71107, -2.43946, -1.46757, -1.01171], [1.57176, -1.68878, -0.7447, 1.85542, -2.6734, -1.44326, -1.22024], [1.3128, -1.59918, -0.50961, 1.99977, -2.90733, -1.41896, -1.42877], [1.05384, -1.50958, -0.27451, 2.14413, -3.14127, -1.39465, -1.6373], [0.79487, -1.41998, -0.03941, 2.28848, -3.3752, -1.37035, -1.84583], [0.61711, -1.35848, 0.12197, 2.38756, -3.53578, -1.35366, -1.98897], [0.74647, -1.18975, 0.11818, 2.36585, -3.10702, -1.35271, -1.84588], [0.87582, -1.02102, 0.11439, 2.34413, -2.67826, -1.35176, -1.70279], [1.00518, -0.85229, 0.1106, 2.32241, -2.2495, -1.35081, -1.5597], [1.13453, -0.68356, 0.10681, 2.3007, -1.82073, -1.34986, -1.4166], [1.26388, -0.51483, 0.10302, 2.27898, -1.39197, -1.34891, -1.27351], [1.39324, -0.3461, 0.09923, 2.25726, -0.96321, -1.34796, -1.13042], [1.52259, -0.17737, 0.09544, 2.23555, -0.53445, -1.34701, -0.98733], [1.56039, -0.12807, 0.09434, 2.2292, -0.40916, -1.34673, -0.94552], [1.41786, 0.02911, -0.15336, 1.97799, -0.1827, -1.30542, -0.7796], [1.27533, 0.1863, -0.40106, 1.72678, 0.04376, -1.26411, -0.61369], [1.1328, 0.34348, -0.64876, 1.47557, 0.27022, -1.2228, -0.44778], [0.99027, 0.50066, -0.89645, 1.22436, 0.49668, -1.18149, -0.28187], [0.84774, 0.65785, -1.14415, 0.97315, 0.72314, -1.14018, -0.11595], [0.70521, 0.81503, -1.39185, 0.72194, 0.9496, -1.09887, 0.04996]]
end: [0.67174999999999996, 0.85192999999999997, -1.45, 0.66296999999999995, 1.0027600000000001, -1.08917, 0.088910000000000003]
obtacles: [[[0.6, 0.5, -1.0], [0.9, 0.6, 1.0]], [[0.6, -0.6, -1.0], [0.9, -0.5, 1.0]], [[0.6, -0.6, 0.9], [0.9, 0.6, 1.0]], [[0.6, -0.6, -1.0], [0.9, 0.6, -0.9]], [[0.6, -0.6, 0.4], [0.9, 0.6, 0.5]], [[0.6, -0.6, -0.4], [0.9, 0.6, -0.3]], [[0.6, -0.2, 0.5], [0.9, -0.1, 1.0]], [[0.6, -0.1, -0.4], [0.9, 0.0, 0.5]], [[0.6, 0.0, -1.0], [0.9, 0.1, -0.3]]]
start: [2.34212, -1.9173100000000001, -1.3999999999999999, 1.20983, -1.9544999999999999, -1.5411699999999999, -0.37463999999999997]
tajectories: [[2.34212, -1.91731, -1.4, 1.20983, -1.9545, -1.54117, -0.37464], [2.21869, -1.88624, -1.48812, 1.45189, -1.99155, -1.14295, -0.46116], [2.09526, -1.85516, -1.57624, 1.69395, -2.02861, -0.74473, -0.54768], [1.97182, -1.82409, -1.66435, 1.93602, -2.06566, -0.3465, -0.63419], [1.84839, -1.79302, -1.75247, 2.17808, -2.10271, 0.05172, -0.72071], [1.72496, -1.76195, -1.84059, 2.42014, -2.13977, 0.44995, -0.80723], [1.64424, -1.74163, -1.89821, 2.57843, -2.164, 0.71036, -0.8638], [1.65797, -1.57312, -1.59555, 2.55318, -2.46469, 0.65222, -1.0519], [1.67169, -1.40462, -1.29289, 2.52792, -2.76537, 0.59408, -1.24001], [1.68541, -1.23611, -0.99022, 2.50267, -3.06606, 0.53594, -1.42811], [1.69913, -1.06761, -0.68756, 2.47742, -3.36675, 0.4778, -1.61621], [1.71285, -0.89911, -0.3849, 2.45216, -3.66744, 0.41966, -1.80431], [1.71848, -0.83004, -0.26085, 2.44181, -3.79068, 0.39583, -1.88141], [1.67157, -0.62495, -0.41417, 2.12281, -3.58498, 0.20995, -1.82142], [1.62466, -0.41985, -0.5675, 1.8038, -3.37927, 0.02408, -1.76143], [1.57776, -0.21475, -0.72082, 1.48479, -3.17357, -0.16179, -1.70144], [1.53085, -0.00965, -0.87415, 1.16579, -2.96787, -0.34766, -1.64145], [1.48395, 0.19544, -1.02747, 0.84678, -2.76217, -0.53354, -1.58146], [1.4665, 0.27173, -1.0845, 0.72813, -2.68566, -0.60267, -1.55915], [1.30976, 0.3616, -1.15003, 0.73105, -2.61016, -0.25694, -1.8555], [1.15302, 0.45147, -1.21556, 0.73396, -2.53466, 0.08879, -2.15185], [0.99628, 0.54134, -1.28108, 0.73687, -2.45916, 0.43452, -2.4482], [0.83954, 0.63121, -1.34661, 0.73978, -2.38365, 0.78026, -2.74455]]
end: [0.71184000000000003, 0.70443, -1.3999999999999999, 0.74216000000000004, -2.3221400000000001, 1.06192, -2.9859900000000001]
