obtacles: [[[0.6, 0.5, -1.0], [0.9, 0.6, 1.0]], [[0.6, -0.6, -1.0], [0.9, -0.5, 1.0]], [[0.6, -0.6, 0.9], [0.9, 0.6, 1.0]], [[0.6, -0.6, -1.0], [0.9, 0.6, -0.9]], [[0.6, -0.6, 0.5], [0.9, 0.6, 0.6]], [[0.6, -0.6, -0.5], [0.9, 0.6, -0.4]], [[0.6, -0.3, 0.6], [0.9, -0.2, 1.0]], [[0.6, 0.0, -0.5], [0.9, 0.1, 0.6]], [[0.6, -0.3, -1.0], [0.9, -0.2, -0.4]]]
start: [2.1510400000000001, -1.9527000000000001, -1.2, 1.6383700000000001, -1.9544600000000001, -1.20183, -0.50288999999999995]
tajectories: [[2.15104, -1.9527, -1.2, 1.63837, -1.95446, -1.20183, -0.50289], [2.12159, -1.84118, -1.23355, 1.63436, -1.71068, -0.81755, -0.67158], [2.09214, -1.72966, -1.2671, 1.63035, -1.4669, -0.43327, -0.84027], [2.06269, -1.61814, -1.30065, 1.62634, -1.22313, -0.049, -1.00896], [2.03325, -1.50663, -1.3342, 1.62233, -0.97935, 0.33528, -1.17766], [2.0038, -1.39511, -1.36775, 1.61832, -0.73557, 0.71956, -1.34635], [1.98213, -1.31305, -1.39244, 1.61537, -0.55618, 1.00233, -1.47048], [1.58046, -1.23348, -1.4002, 1.65621, -0.3546, 1.10088, -1.64442], [1.17879, -1.15392, -1.40796, 1.69705, -0.15302, 1.19943, -1.81836], [0.77712, -1.07435, -1.41572, 1.73788, 0.04857, 1.29798, -1.9923], [0.64757, -1.04869, -1.41823, 1.75106, 0.11358, 1.32977, -2.0484], [0.78722, -0.79784, -1.15573, 1.72237, -0.15751, 1.30916, -2.20308], [0.92688, -0.54699, -0.89323, 1.69369, -0.4286, 1.28856, -2.35776], [1.06654, -0.29614, -0.63074, 1.665, -0.6997, 1.26795, -2.51244], [1.20619, -0.04529, -0.36824, 1.63632, -0.97079, 1.24734, -2.66712], [1.31026, 0.14165, -0.17263, 1.61494, -1.17281, 1.23198, -2.78239], [1.13169, 0.26889, -0.42084, 1.40812, -1.48232, 1.21045, -2.81815], [0.95312, 0.39613, -0.66906, 1.2013, -1.79182, 1.18892, -2.85392], [0.77455, 0.52337, -0.91727, 0.99447, -2.10132, 1.16739, -2.88969], [0.59598, 0.65061, -1.16549, 0.78765, -2.41083, 1.14585, -2.92545]]
end: [0.57115000000000005, 0.66830000000000001, -1.2, 0.75888999999999995, -2.4538600000000002, 1.14286, -2.9304299999999999]
obtacles: [[[0.6, 0.5, -1.0], [0.9, 0.6, 1.0]], [[0.6, -0.6, -1.0], [0.9, -0.5, 1.0]], [[0.6, -0.6, 0.9], [0.9, 0.6, 1.0]], [[0.6, -0.6, -1.0], [0.9, 0.6, -0.9]], [[0.6, -0.6, 0.5], [0.9, 0.6, 0.6]], [[0.6, -0.6, -0.5], [0.9, 0.6, -0.4]], [[0.6, -0.3, 0.6], [0.9, -0.2, 1.0]], [[0.6, 0.0, -0.5], [0.9, 0.1, 0.6]], [[0.6, -0.3, -1.0], [0.9, -0.2, -0.4]]]
start: [0.75031999999999999, 1.4345300000000001, -1.55, 1.0512999999999999, -1.69946, 1.52122, -2.8388300000000002]
tajectories: [[0.75032, 1.43453, -1.55, 1.0513, -1.69946, 1.52122, -2.83883], [0.83003, 1.52784, -1.62114, 1.33869, -1.4671, 1.47691, -2.53663], [0.90973, 1.62114, -1.69229, 1.62608, -1.23473, 1.43261, -2.23442], [0.98943, 1.71445, -1.76343, 1.91347, -1.00237, 1.3883, -1.93221], [1.06914, 1.80776, -1.83457, 2.20086, -0.77, 1.34399, -1.63], [1.14884, 1.90107, -1.90572, 2.48825, -0.53764, 1.29969, -1.32779], [1.16131, 1.91566, -1.91684, 2.53319, -0.50131, 1.29276, -1.28054], [1.14476, 1.8135, -1.7841, 2.53061, -0.92595, 1.19183, -1.10401], [1.12821, 1.71135, -1.65136, 2.52802, -1.35059, 1.09091, -0.92749], [1.11166, 1.60919, -1.51862, 2.52544, -1.77523, 0.98998, -0.75097], [1.09511, 1.50704, -1.38589, 2.52286, -2.19986, 0.88906, -0.57445], [1.07856, 1.40489, -1.25315, 2.52028, -2.6245, 0.78814, -0.39792], [1.07288, 1.36985, -1.20763, 2.51939, -2.77013, 0.75352, -0.33739], [1.28991, 1.14218, -1.39087, 2.52277, -2.97745, 0.60305, -0.10969], [1.50693, 0.9145, -1.57412, 2.52615, -3.18477, 0.45257, 0.11802], [1.72396, 0.68682, -1.75737, 2.52953, -3.3921, 0.3021, 0.34572], [1.94098, 0.45914, -1.94061, 2.53292, -3.59942, 0.15162, 0.57342], [2.158, 0.23146, -2.12386, 2.5363, -3.80674, 0.00115, 0.80112], [2.31388, 0.06793, -2.25548, 2.53873, -3.95565, -0.10693, 0.96467], [2.27739, -0.1525, -2.36301, 2.44954, -3.70491, -0.06864, 1.30558], [2.24089, -0.37294, -2.47055, 2.36036, -3.45417, -0.03035, 1.6465], [2.2044, -0.59337, -2.57809, 2.27118, -3.20343, 0.00793, 1.98741], [2.19103, -0.67414, -2.61749, 2.2385, -3.11156, 0.02196, 2.11232], [2.18927, -0.8537, -2.43482, 2.06906, -2.96416, -0.19812, 1.8199], [2.1875, -1.03326, -2.25216, 1.89962, -2.81675, -0.41821, 1.52748], [2.18574, -1.21282, -2.06949, 1.73017, -2.66935, -0.6383, 1.23505], [2.18397, -1.39238, -1.88682, 1.56073, -2.52194, -0.85838, 0.94263], [2.18221, -1.57193, -1.70416, 1.39129, -2.37454, -1.07847, 0.65021], [2.18044, -1.75149, -1.52149, 1.22184, -2.22713, -1.29855, 0.35778], [2.17868, -1.93105, -1.33882, 1.0524, -2.07973, -1.51864, 0.06536]]
end: [2.1783000000000001, -1.96922, -1.3, 1.0163899999999999, -2.0484, -1.56542, 0.0032100000000000002]
obtacles: [[[0.6, 0.5, -1.0], [0.9, 0.6, 1.0]], [[0.6, -0.6, -1.0], [0.9, -0.5, 1.0]], [[0.6, -0.6, 0.9], [0.9, 0.6, 1.0]], [[0.6, -0.6, -1.0], [0.9, 0.6, -0.9]], [[0.6, -0.6, 0.5], [0.9, 0.6, 0.6]], [[0.6, -0.6, -0.5], [0.9, 0.6, -0.4]], [[0.6, -0.3, 0.6], [0.9, -0.2, 1.0]], [[0.6, 0.0, -0.5], [0.9, 0.1, 0.6]], [[0.6, -0.3, -1.0], [0.9, -0.2, -0.4]]]
start: [2.1972999999999998, -1.66469, -0.90000000000000002, 1.7152400000000001, -1.5755399999999999, -0.89448000000000005, -0.73651999999999995]
tajectories: [[2.1973, -1.66469, -0.9, 1.71524, -1.57554, -0.89448, -0.73652], [1.91862, -1.68773, -0.9818, 1.9065, -1.24695, -0.84339, -0.60253], [1.63995, -1.71078, -1.0636, 2.09776, -0.91835, -0.7923, -0.46854], [1.36128, -1.73382, -1.14539, 2.28902, -0.58976, -0.74121, -0.33455], [1.0826, -1.75687, -1.22719, 2.48028, -0.26116, -0.69012, -0.20056], [0.80393, -1.77991, -1.30899, 2.67154, 0.06743, -0.63902, -0.06657], [0.769, -1.7828, -1.31924, 2.69551, 0.10861, -0.63262, -0.04977], [0.98991, -1.50299, -1.29322, 2.66792, -0.19117, -0.64131, 0.12779], [1.21082, -1.22318, -1.26721, 2.64034, -0.49094, -0.64999, 0.30535], [1.43173, -0.94338, -1.24119, 2.61276, -0.79072, -0.65868, 0.48291], [1.65264, -0.66357, -1.21517, 2.58518, -1.09049, -0.66736, 0.66047], [1.87354, -0.38376, -1.18916, 2.55759, -1.39027, -0.67604, 0.83804], [1.97523, -0.25497, -1.17718, 2.5449, -1.52825, -0.68004, 0.91977], [1.90304, -0.159, -1.08862, 2.47247, -1.93552, -0.4776, 1.04482], [1.83085, -0.06304, -1.00006, 2.40005, -2.34279, -0.27515, 1.16988], [1.75867, 0.03292, -0.91151, 2.32762, -2.75006, -0.07271, 1.29494], [1.68648, 0.12889, -0.82295, 2.25519, -3.15733, 0.12974, 1.42], [1.63404, 0.1986, -0.75861, 2.20258, -3.45321, 0.27682, 1.51085], [1.54877, 0.56193, -0.75783, 2.17367, -3.57228, -0.03039, 1.54739], [1.46351, 0.92525, -0.75705, 2.14476, -3.69136, -0.33759, 1.58392], [1.37824, 1.28858, -0.75627, 2.11585, -3.81043, -0.6448, 1.62046], [1.29298, 1.65191, -0.75549, 2.08694, -3.9295, -0.952, 1.65699], [1.2519, 1.82696, -0.75512, 2.07301, -3.98687, -1.10002, 1.6746], [1.17129, 1.83792, -0.98293, 1.82237, -4.03237, -1.1863, 1.32941], [1.09069, 1.84887, -1.21075, 1.57174, -4.07787, -1.27258, 0.98423], [1.01008, 1.85982, -1.43857, 1.32111, -4.12337, -1.35886, 0.63905], [0.92947, 1.87078, -1.66638, 1.07047, -4.16886, -1.44514, 0.29387], [0.84886, 1.88173, -1.8942, 0.81984, -4.21436, -1.53141, -0.05132]]
end: [0.82911999999999997, 1.8844099999999999, -1.95, 0.75844999999999996, -4.2255099999999999, -1.5525500000000001, -0.13586999999999999]
obtacles: [[[0.6, 0.5, -1.0], [0.9, 0.6, 1.0]], [[0.6, -0.6, -1.0], [0.9, -0.5, 1.0]], [[0.6, -0.6, 0.9], [0.9, 0.6, 1.0]], [[0.6, -0.6, -1.0], [0.9, 0.6, -0.9]], [[0.6, -0.6, 0.5], [0.9, 0.6, 0.6]], [[0.6, -0.6, -0.5], [0.9, 0.6, -0.4]], [[0.6, -0.3, 0.6], [0.9, -0.2, 1.0]], [[0.6, 0.0, -0.5], [0.9, 0.1, 0.6]], [[0.6, -0.3, -1.0], [0.9, -0.2, -0.4]]]
start: [0.77122999999999997, 1.5567299999999999, -1.95, 1.55026, -4.7193500000000004, -1.1914100000000001, 0.78307000000000004]
tajectories: [[0.77123, 1.55673, -1.95, 1.55026, -4.71935, -1.19141, 0.78307], [0.9756, 1.64582, -1.64586, 1.82364, -4.61923, -1.13347, 0.92332], [1.17997, 1.7349, -1.34171, 2.09703, -4.5191, -1.07553, 1.06358], [1.38434, 1.82399, -1.03757, 2.37041, -4.41898, -1.01759, 1.20384], [1.58871, 1.91308, -0.73342, 2.64379, -4.31886, -0.95965, 1.3441], [1.63921, 1.93509, -0.65827, 2.71134, -4.29412, -0.94533, 1.37875], [1.72225, 1.68602, -0.75691, 2.64155, -4.27049, -0.84104, 0.98501], [1.80529, 1.43695, -0.85555, 2.57175, -4.24686, -0.73675, 0.59127], [1.88833, 1.18788, -0.95419, 2.50195, -4.22323, -0.63247, 0.19753], [1.97137, 0.93881, -1.05283, 2.43216, -4.1996, -0.52818, -0.19621], [2.05441, 0.68974, -1.15148, 2.36236, -4.17598, -0.42389, -0.58996], [2.13745, 0.44068, -1.25012, 2.29256, -4.15235, -0.31961, -0.9837], [2.20654, 0.23344, -1.33219, 2.23449, -4.13269, -0.23284, -1.31131], [1.97884, 0.00651, -1.07228, 2.21653, -4.06356, -0.38787, -1.53483], [1.75114, -0.22043, -0.81238, 2.19857, -3.99442, -0.54291, -1.75836], [1.52343, -0.44736, -0.55248, 2.18061, -3.92529, -0.69794, -1.98188], [1.29573, -0.6743, -0.29257, 2.16265, -3.85616, -0.85298, -2.20541], [1.06803, -0.90123, -0.03267, 2.14469, -3.78703, -1.00801, -2.42894], [0.84032, -1.12816, 0.22724, 2.12673, -3.7179, -1.16305, -2.65246], [0.61262, -1.3551, 0.48714, 2.10876, -3.64877, -1.31808, -2.87599], [0.57005, -1.39752, 0.53574, 2.10541, -3.63584, -1.34706, -2.91778], [0.80614, -1.45821, 0.25739, 2.07026, -3.40448, -1.3699, -2.67733], [1.04223, -1.51889, -0.02096, 2.03511, -3.17312, -1.39274, -2.43689], [1.27833, -1.57957, -0.29931, 1.99996, -2.94175, -1.41558, -2.19645], [1.51442, -1.64025, -0.57766, 1.96481, -2.71039, -1.43842, -1.95601], [1.75051, -1.70094, -0.85601, 1.92966, -2.47903, -1.46126, -1.71556], [1.98661, -1.76162, -1.13436, 1.89451, -2.24766, -1.4841, -1.47512], [2.2227, -1.8223, -1.41271, 1.85936, -2.0163, -1.50694, -1.23468]]
end: [2.3815499999999998, -1.86313, -1.6000000000000001, 1.83571, -1.86063, -1.5223100000000001, -1.0729]
obtacles: [[[0.6, 0.5, -1.0], [0.9, 0.6, 1.0]], [[0.6, -0.6, -1.0], [0.9, -0.5, 1.0]], [[0.6, -0.6, 0.9], [0.9, 0.6, 1.0]], [[0.6, -0.6, -1.0], [0.9, 0.6, -0.9]], [[0.6, -0.6, 0.5], [0.9, 0.6, 0.6]], [[0.6, -0.6, -0.5], [0.9, 0.6, -0.4]], [[0.6, -0.3, 0.6], [0.9, -0.2, 1.0]], [[0.6, 0.0, -0.5], [0.9, 0.1, 0.6]], [[0.6, -0.3, -1.0], [0.9, -0.2, -0.4]]]
start: [2.3934099999999998, -1.7529999999999999, -1.55, 2.1015000000000001, -1.7181299999999999, -1.46123, -1.3433299999999999]
tajectories: [[2.39341, -1.753, -1.55, 2.1015, -1.71813, -1.46123, -1.34333], [2.02114, -1.61821, -1.6188, 2.18905, -1.95702, -1.31799, -1.28625], [1.64887, -1.48341, -1.68761, 2.2766, -2.19591, -1.17474, -1.22917], [1.2766, -1.34862, -1.75641, 2.36415, -2.4348, -1.0315, -1.17209], [0.90433, -1.21382, -1.82521, 2.4517, -2.67369, -0.88825, -1.11501], [0.53206, -1.07903, -1.89402, 2.53925, -2.91258, -0.74501, -1.05793], [0.15978, -0.94424, -1.96282, 2.6268, -3.15148, -0.60177, -1.00085], [-0.21249, -0.80944, -2.03163, 2.71435, -3.39037, -0.45852, -0.94377], [-0.25664, -0.79346, -2.03979, 2.72473, -3.4187, -0.44153, -0.937], [0.02728, -0.42774, -1.92978, 2.65198, -3.403, -0.46708, -1.0687], [0.3112, -0.06202, -1.81977, 2.57923, -3.3873, -0.49263, -1.20041], [0.59512, 0.3037, -1.70976, 2.50648, -3.3716, -0.51817, -1.33211], [0.87904, 0.66942, -1.59975, 2.43374, -3.3559, -0.54372, -1.46381], [1.16296, 1.03514, -1.48975, 2.36099, -3.3402, -0.56926, -1.59552], [1.44687, 1.40086, -1.37974, 2.28824, -3.3245, -0.59481, -1.72722], [1.70511, 1.7335, -1.27968, 2.22207, -3.31022, -0.61805, -1.84701], [1.60796, 1.75765, -1.34773, 2.07142, -3.51215, -0.78834, -1.46902], [1.51082, 1.7818, -1.41578, 1.92077, -3.71408, -0.95863, -1.09102], [1.41367, 1.80596, -1.48382, 1.77012, -3.91601, -1.12892, -0.71303], [1.31653, 1.83011, -1.55187, 1.61947, -4.11794, -1.29921, -0.33504], [1.21938, 1.85426, -1.61992, 1.46881, -4.31987, -1.4695, 0.04295]]
end: [1.1764300000000001, 1.86494, -1.6499999999999999, 1.40221, -4.4091500000000003, -1.5447900000000001, 0.21007000000000001]
obtacles: [[[0.6, 0.5, -1.0], [0.9, 0.6, 1.0]], [[0.6, -0.6, -1.0], [0.9, -0.5, 1.0]], [[0.6, -0.6, 0.9], [0.9, 0.6, 1.0]], [[0.6, -0.6, -1.0], [0.9, 0.6, -0.9]], [[0.6, -0.6, 0.5], [0.9, 0.6, 0.6]], [[0.6, -0.6, -0.5], [0.9, 0.6, -0.4]], [[0.6, -0.3, 0.6], [0.9, -0.2, 1.0]], [[0.6, 0.0, -0.5], [0.9, 0.1, 0.6]], [[0.6, -0.3, -1.0], [0.9, -0.2, -0.4]]]
start: [0.90008999999999995, 1.85886, -1.6499999999999999, 1.32179, -4.4139400000000002, -1.5672900000000001, 0.40967999999999999]
tajectories: [[0.90009, 1.85886, -1.65, 1.32179, -4.41394, -1.56729, 0.40968], [0.93488, 1.57531, -1.3243, 1.43174, -4.33916, -1.46313, 0.59345], [0.96967, 1.29176, -0.99859, 1.54169, -4.26437, -1.35898, 0.77723], [1.00447, 1.00821, -0.67289, 1.65164, -4.18958, -1.25482, 0.96101], [1.03926, 0.72466, -0.34718, 1.76159, -4.11479, -1.15066, 1.14478], [1.07405, 0.44111, -0.02148, 1.87154, -4.04001, -1.04651, 1.32856], [1.10884, 0.15756, 0.30423, 1.98149, -3.96522, -0.94235, 1.51234], [1.14363, -0.12599, 0.62993, 2.09144, -3.89043, -0.83819, 1.69611], [1.17842, -0.40954, 0.95564, 2.20139, -3.81565, -0.73404, 1.87989], [1.18638, -0.47438, 1.03011, 2.22653, -3.79855, -0.71022, 1.92191], [1.347, -0.15854, 0.72639, 2.15202, -3.86199, -0.83581, 1.83915], [1.50762, 0.1573, 0.42266, 2.07751, -3.92544, -0.96139, 1.75638], [1.66825, 0.47314, 0.11894, 2.003, -3.98888, -1.08698, 1.67362], [1.82887, 0.78897, -0.18479, 1.92849, -4.05233, -1.21256, 1.59086], [1.98949, 1.10481, -0.48851, 1.85397, -4.11577, -1.33814, 1.5081], [2.01501, 1.15499, -0.53677, 1.84214, -4.12585, -1.3581, 1.49495], [2.10814, 1.11591, -0.8084, 1.49044, -4.17299, -1.16905, 1.42888], [2.20127, 1.07683, -1.08002, 1.13874, -4.22013, -0.98, 1.3628], [2.29439, 1.03775, -1.35165, 0.78704, -4.26728, -0.79096, 1.29673], [2.38752, 0.99866, -1.62328, 0.43535, -4.31442, -0.60191, 1.23066], [2.44347, 0.97519, -1.78647, 0.22405, -4.34274, -0.48834, 1.19096], [2.22392, 0.92245, -1.90076, 0.2943, -4.34441, -0.2069, 0.87189], [2.00437, 0.86971, -2.01504, 0.36455, -4.34609, 0.07454, 0.55281], [1.78482, 0.81697, -2.12933, 0.43479, -4.34777, 0.35598, 0.23374], [1.56527, 0.76423, -2.24362, 0.50504, -4.34944, 0.63742, -0.08534], [1.34572, 0.71149, -2.3579, 0.57529, -4.35112, 0.91886, -0.40441], [1.12617, 0.65875, -2.47219, 0.64554, -4.3528, 1.2003, -0.72349], [0.94599, 0.61547, -2.56598, 0.70318, -4.35417, 1.43127, -0.98534], [0.82045, 0.61461, -2.28806, 0.7093, -4.08047, 1.39605, -1.26961], [0.6949, 0.61374, -2.01015, 0.71541, -3.80677, 1.36083, -1.55388], [0.56936, 0.61288, -1.73223, 0.72153, -3.53307, 1.32561, -1.83815], [0.44382, 0.61202, -1.45431, 0.72764, -3.25937, 1.29039, -2.12242], [0.31827, 0.61116, -1.17639, 0.73376, -2.98567, 1.25517, -2.40669], [0.19273, 0.6103, -0.89847, 0.73987, -2.71196, 1.21995, -2.69096]]
end: [0.17083000000000001, 0.61014999999999997, -0.84999999999999998, 0.74094000000000004, -2.6642299999999999, 1.2138100000000001, -2.7405300000000001]
obtacles: [[[0.6, 0.5, -1.0], [0.9, 0.6, 1.0]], [[0.6, -0.6, -1.0], [0.9, -0.5, 1.0]], [[0.6, -0.6, 0.9], [0.9, 0.6, 1.0]], [[0.6, -0.6, -1.0], [0.9, 0.6, -0.9]], [[0.6, -0.6, 0.5], [0.9, 0.6, 0.6]], [[0.6, -0.6, -0.5], [0.9, 0.6, -0.4]], [[0.6, -0.3, 0.6], [0.9, -0.2, 1.0]], [[0.6, 0.0, -0.5], [0.9, 0.1, 0.6]], [[0.6, -0.3, -1.0], [0.9, -0.2, -0.4]]]
start: [0.95267000000000002, 1.9184699999999999, -1.75, 1.1225400000000001, -4.32294, -1.5674300000000001, 0.13766]
tajectories: [[0.95267, 1.91847, -1.75, 1.12254, -4.32294, -1.56743, 0.13766], [1.01625, 1.91978, -1.76396, 1.3871, -4.02635, -1.35029, 0.33929], [1.07984, 1.92109, -1.77792, 1.65165, -3.72976, -1.13315, 0.54093], [1.14343, 1.9224, -1.79189, 1.91621, -3.43317, -0.916, 0.74256], [1.18961, 1.92335, -1.80203, 2.10835, -3.21777, -0.75829, 0.889], [1.41389, 1.52456, -1.87131, 2.27365, -3.25509, -0.71927, 0.81403], [1.63818, 1.12576, -1.94059, 2.43894, -3.29242, -0.68024, 0.73906], [1.86246, 0.72697, -2.00987, 2.60424, -3.32974, -0.64121, 0.66409], [1.92501, 0.61575, -2.02919, 2.65033, -3.34015, -0.63032, 0.64318], [1.95876, 0.40096, -2.18727, 2.61307, -3.47296, -0.5151, 1.02453], [1.9925, 0.18617, -2.34535, 2.5758, -3.60577, -0.39987, 1.40589], [2.02625, -0.02862, -2.50343, 2.53854, -3.73859, -0.28465, 1.78725], [2.03813, -0.10422, -2.55907, 2.52542, -3.78533, -0.24409, 1.92147], [2.08065, -0.45486, -2.54761, 2.46729, -3.81617, -0.09654, 2.23613], [2.12318, -0.80549, -2.53615, 2.40916, -3.84702, 0.05101, 2.55079], [2.1657, -1.15613, -2.52469, 2.35102, -3.87786, 0.19857, 2.86545], [2.17526, -1.23497, -2.52212, 2.33795, -3.88479, 0.23175, 2.93621], [2.14169, -1.26356, -2.27066, 2.14151, -4.04053, 0.57333, 2.8634], [2.10813, -1.29214, -2.0192, 1.94506, -4.19627, 0.91491, 2.79058], [2.07456, -1.32072, -1.76774, 1.74861, -4.35201, 1.25648, 2.71777]]
end: [2.0455000000000001, -1.3454600000000001, -1.55, 1.5785100000000001, -4.4868600000000001, 1.5522499999999999, 2.6547200000000002]
obtacles: [[[0.6, 0.5, -1.0], [0.9, 0.6, 1.0]], [[0.6, -0.6, -1.0], [0.9, -0.5, 1.0]], [[0.6, -0.6, 0.9], [0.9, 0.6, 1.0]], [[0.6, -0.6, -1.0], [0.9, 0.6, -0.9]], [[0.6, -0.6, 0.5], [0.9, 0.6, 0.6]], [[0.6, -0.6, -0.5], [0.9, 0.6, -0.4]], [[0.6, -0.3, 0.6], [0.9, -0.2, 1.0]], [[0.6, 0.0, -0.5], [0.9, 0.1, 0.6]], [[0.6, -0.3, -1.0], [0.9, -0.2, -0.4]]]
start: [-0.20186000000000001, 1.70858, -1.7, 0.92727999999999999, -1.3832100000000001, 1.55111, -2.0232299999999999]
tajectories: [[-0.20186, 1.70858, -1.7, 0.92728, -1.38321, 1.55111, -2.02323], [-0.19424, 1.62091, -1.41011, 0.91444, -1.77982, 1.53124, -2.00414], [-0.18662, 1.53325, -1.12023, 0.9016, -2.17642, 1.51138, -1.98505], [-0.17899, 1.44558, -0.83034, 0.88876, -2.57303, 1.49151, -1.96596], [-0.17194, 1.36445, -0.56207, 0.87688, -2.94006, 1.47313, -1.94829], [-0.16201, 1.27718, -0.53144, 0.96647, -2.53065, 1.27985, -2.11665], [-0.15208, 1.1899, -0.50081, 1.05606, -2.12124, 1.08657, -2.28502], [-0.14214, 1.10263, -0.47017, 1.14564, -1.71183, 0.8933, -2.45338], [-0.13221, 1.01535, -0.43954, 1.23523, -1.30242, 0.70002, -2.62175], [-0.1252, 0.95378, -0.41793, 1.29844, -1.01356, 0.56366, -2.74054], [-0.17287, 0.77651, -0.2125, 1.56618, -0.70292, 0.63939, -2.72684], [-0.22054, 0.59924, -0.00707, 1.83391, -0.39228, 0.71512, -2.71315], [-0.26821, 0.42198, 0.19836, 2.10164, -0.08164, 0.79085, -2.69946], [-0.31588, 0.24471, 0.40379, 2.36937, 0.22901, 0.86658, -2.68577], [-0.33351, 0.17914, 0.47978, 2.46841, 0.34391, 0.89459, -2.6807], [-0.1754, 0.30494, 0.60408, 2.1826, 0.34664, 0.85569, -2.34826], [-0.01728, 0.43074, 0.72837, 1.8968, 0.34937, 0.81678, -2.01581], [0.14083, 0.55654, 0.85267, 1.611, 0.3521, 0.77787, -1.68337], [0.14103, 0.55669, 0.85282, 1.61064, 0.35211, 0.77782, -1.68295], [0.35044, 0.81375, 0.61505, 1.71865, 0.09104, 0.82775, -1.71786], [0.55984, 1.07081, 0.37728, 1.82667, -0.17003, 0.87768, -1.75277], [0.76925, 1.32787, 0.13951, 1.93468, -0.43109, 0.92761, -1.78768], [0.97865, 1.58493, -0.09826, 2.04269, -0.69216, 0.97754, -1.82259], [1.00873, 1.62186, -0.13242, 2.05821, -0.72966, 0.98471, -1.8276], [1.04852, 1.67138, -0.50806, 1.93083, -0.86774, 1.09796, -2.0658], [1.08831, 1.72091, -0.88371, 1.80346, -1.00583, 1.21122, -2.30399], [1.1281, 1.77043, -1.25935, 1.67608, -1.14391, 1.32448, -2.54219], [1.16789, 1.81996, -1.63499, 1.54871, -1.28199, 1.43773, -2.78038]]
end: [1.1747799999999999, 1.82853, -1.7, 1.5266599999999999, -1.30589, 1.45733, -2.8216000000000001]
