obtacles: [[[0.6, 0.5, -1.0], [0.9, 0.6, 1.0]], [[0.6, -0.6, -1.0], [0.9, -0.5, 1.0]], [[0.6, -0.6, 0.9], [0.9, 0.6, 1.0]], [[0.6, -0.6, -1.0], [0.9, 0.6, -0.9]], [[0.6, -0.6, 0.4], [0.9, 0.6, 0.5]], [[0.6, -0.6, -0.6], [0.9, 0.6, -0.5]], [[0.6, -0.1, 0.5], [0.9, 0.0, 1.0]], [[0.6, 0.1, -0.6], [0.9, 0.2, 0.5]], [[0.6, 0.2, -1.0], [0.9, 0.3, -0.5]]]
start: [-0.40708, 1.81762, 1.7, 1.15164, -1.8484, -1.5561100000000001, -0.72645999999999999]
tajectories: [[-0.40708, 1.81762, 1.7, 1.15164, -1.8484, -1.55611, -0.72646], [-0.48134, 1.84987, 1.72946, 1.33205, -1.42424, -1.47862, -0.88174], [-0.5556, 1.88213, 1.75892, 1.51247, -1.00008, -1.40114, -1.03702], [-0.62986, 1.91439, 1.78838, 1.69288, -0.57591, -1.32365, -1.1923], [-0.70412, 1.94665, 1.81784, 1.87329, -0.15175, -1.24617, -1.34758], [-0.75219, 1.96753, 1.83692, 1.99008, 0.12284, -1.196, -1.4481], [-0.87864, 1.96154, 1.78743, 2.0952, 0.04717, -0.76368, -1.61497], [-1.00509, 1.95556, 1.73794, 2.20032, -0.0285, -0.33135, -1.78183], [-1.13154, 1.94957, 1.68845, 2.30544, -0.10417, 0.10097, -1.9487], [-1.14851, 1.94877, 1.68181, 2.31955, -0.11433, 0.15899, -1.97109], [-0.9812, 1.54331, 1.5592, 2.36912, -0.09284, 0.18879, -1.7742], [-0.81388, 1.13784, 1.4366, 2.4187, -0.07136, 0.21859, -1.5773], [-0.64657, 0.73238, 1.31399, 2.46827, -0.04988, 0.24839, -1.3804], [-0.47926, 0.32692, 1.19138, 2.51785, -0.0284, 0.27819, -1.18351], [-0.35122, 0.01663, 1.09755, 2.55579, -0.01195, 0.30099, -1.03283], [-0.28094, 0.15799, 1.21092, 2.20743, -0.20675, 0.07131, -1.01952], [-0.21066, 0.29934, 1.32428, 1.85908, -0.40154, -0.15838, -1.00622], [-0.14038, 0.4407, 1.43764, 1.51072, -0.59633, -0.38807, -0.99292], [-0.0701, 0.58206, 1.551, 1.16237, -0.79112, -0.61776, -0.97961], [0.00018, 0.72342, 1.66436, 0.81402, -0.98591, -0.84745, -0.96631]]
end: [0.022270000000000002, 0.76785999999999999, 1.7, 0.70450000000000002, -1.04714, -0.91964999999999997, -0.96213000000000004]
obtacles: [[[0.6, 0.5, -1.0], [0.9, 0.6, 1.0]], [[0.6, -0.6, -1.0], [0.9, -0.5, 1.0]], [[0.6, -0.6, 0.9], [0.9, 0.6, 1.0]], [[0.6, -0.6, -1.0], [0.9, 0.6, -0.9]], [[0.6, -0.6, 0.4], [0.9, 0.6, 0.5]], [[0.6, -0.6, -0.6], [0.9, 0.6, -0.5]], [[0.6, -0.1, 0.5], [0.9, 0.0, 1.0]], [[0.6, 0.1, -0.6], [0.9, 0.2, 0.5]], [[0.6, 0.2, -1.0], [0.9, 0.3, -0.5]]]
start: [-1.1082099999999999, 1.6321000000000001, 1.7, 1.77728, -1.6047199999999999, -1.4319200000000001, -0.66274]
tajectories: [[-1.10821, 1.6321, 1.7, 1.77728, -1.60472, -1.43192, -0.66274], [-1.14915, 1.52934, 1.63459, 1.93975, -1.23304, -1.43, -0.92531], [-1.19009, 1.42658, 1.56919, 2.10222, -0.86136, -1.42809, -1.18787], [-1.23102, 1.32382, 1.50378, 2.26469, -0.48968, -1.42617, -1.45044], [-1.27196, 1.22106, 1.43838, 2.42716, -0.118, -1.42426, -1.713], [-1.29127, 1.17259, 1.40753, 2.50378, 0.05731, -1.42336, -1.83684], [-1.41171, 0.81771, 1.24694, 2.4798, 0.21725, -1.23718, -1.68537], [-1.53214, 0.46282, 1.08634, 2.45582, 0.37719, -1.051, -1.53389], [-1.65258, 0.10794, 0.92575, 2.43184, 0.53713, -0.86483, -1.38241], [-1.77302, -0.24694, 0.76516, 2.40786, 0.69708, -0.67865, -1.23093], [-1.89346, -0.60182, 0.60457, 2.38388, 0.85702, -0.49248, -1.07946], [-1.96079, -0.80021, 0.51479, 2.37047, 0.94643, -0.3884, -0.99478], [-1.52022, -0.78581, 0.44416, 2.41417, 0.76672, -0.51549, -0.97607], [-1.07965, -0.77142, 0.37353, 2.45787, 0.58702, -0.64257, -0.95736], [-0.63909, -0.75702, 0.3029, 2.50156, 0.40731, -0.76966, -0.93865], [-0.19852, -0.74262, 0.23227, 2.54526, 0.22761, -0.89675, -0.91994], [0.24205, -0.72823, 0.16164, 2.58896, 0.0479, -1.02383, -0.90123], [0.68261, -0.71383, 0.09101, 2.63266, -0.13181, -1.15092, -0.88252], [0.98356, -0.704, 0.04276, 2.66251, -0.25456, -1.23773, -0.86974], [0.8674, -0.45465, 0.30085, 2.36969, -0.39046, -1.20562, -0.91956], [0.75124, -0.2053, 0.55893, 2.07687, -0.52635, -1.17351, -0.96939], [0.63507, 0.04406, 0.81702, 1.78406, -0.66225, -1.1414, -1.01922], [0.51891, 0.29341, 1.0751, 1.49124, -0.79814, -1.1093, -1.06904], [0.40275, 0.54276, 1.33319, 1.19842, -0.93404, -1.07719, -1.11887], [0.28659, 0.79211, 1.59128, 0.90561, -1.06993, -1.04508, -1.1687]]
end: [0.23765, 0.89715, 1.7, 0.78225, -1.1271800000000001, -1.03155, -1.1896899999999999]
obtacles: [[[0.6, 0.5, -1.0], [0.9, 0.6, 1.0]], [[0.6, -0.6, -1.0], [0.9, -0.5, 1.0]], [[0.6, -0.6, 0.9], [0.9, 0.6, 1.0]], [[0.6, -0.6, -1.0], [0.9, 0.6, -0.9]], [[0.6, -0.6, 0.4], [0.9, 0.6, 0.5]], [[0.6, -0.6, -0.6], [0.9, 0.6, -0.5]], [[0.6, -0.1, 0.5], [0.9, 0.0, 1.0]], [[0.6, 0.1, -0.6], [0.9, 0.2, 0.5]], [[0.6, 0.2, -1.0], [0.9, 0.3, -0.5]]]
start: [-0.84133000000000002, 1.84663, 1.8500000000000001, 1.4732000000000001, -1.8814, -1.33114, -0.55517000000000005]
tajectories: [[-0.84133, 1.84663, 1.85, 1.4732, -1.8814, -1.33114, -0.55517], [-0.91211, 1.60786, 1.69136, 1.68611, -2.07368, -1.24849, -0.82661], [-0.98289, 1.36909, 1.53271, 1.89902, -2.26595, -1.16585, -1.09804], [-1.05366, 1.13032, 1.37407, 2.11193, -2.45823, -1.0832, -1.36948], [-1.12444, 0.89154, 1.21543, 2.32484, -2.65051, -1.00056, -1.64092], [-1.19522, 0.65277, 1.05678, 2.53775, -2.84279, -0.91791, -1.91236], [-1.25932, 0.43653, 0.91311, 2.73057, -3.01692, -0.84306, -2.15818], [-1.35169, 0.23096, 0.8303, 2.39809, -2.97421, -0.59215, -2.28865], [-1.44406, 0.02539, 0.74748, 2.06561, -2.93149, -0.34123, -2.41913], [-1.53643, -0.18018, 0.66467, 1.73313, -2.88877, -0.09031, -2.5496], [-1.62879, -0.38575, 0.58185, 1.40065, -2.84606, 0.16061, -2.68008], [-1.71532, -0.57832, 0.50428, 1.08919, -2.80604, 0.39566, -2.8023], [-1.3833, -0.4322, 0.55657, 0.85172, -2.59211, 0.31817, -2.7156], [-1.05129, -0.28607, 0.60887, 0.61426, -2.37818, 0.24068, -2.6289], [-0.71927, -0.13995, 0.66117, 0.3768, -2.16426, 0.16319, -2.5422], [-0.38725, 0.00618, 0.71346, 0.13933, -1.95033, 0.0857, -2.4555], [-0.05523, 0.1523, 0.76576, -0.09813, -1.7364, 0.00821, -2.3688], [0.27679, 0.29842, 0.81806, -0.3356, -1.52247, -0.06928, -2.2821], [0.60881, 0.44455, 0.87036, -0.57306, -1.30854, -0.14677, -2.1954], [0.79076, 0.52463, 0.89902, -0.7032, -1.1913, -0.18924, -2.14788], [0.76756, 0.60336, 1.10017, -0.6036, -1.36456, -0.35632, -1.78053], [0.74436, 0.68209, 1.30132, -0.504, -1.53781, -0.5234, -1.41318], [0.72116, 0.76082, 1.50247, -0.4044, -1.71107, -0.69048, -1.04583], [0.69796, 0.83955, 1.70363, -0.30481, -1.88433, -0.85756, -0.67848]]
end: [0.68108000000000002, 0.89683999999999997, 1.8500000000000001, -0.23233000000000001, -2.0104000000000002, -0.97914000000000001, -0.41116000000000003]
obtacles: [[[0.6, 0.5, -1.0], [0.9, 0.6, 1.0]], [[0.6, -0.6, -1.0], [0.9, -0.5, 1.0]], [[0.6, -0.6, 0.9], [0.9, 0.6, 1.0]], [[0.6, -0.6, -1.0], [0.9, 0.6, -0.9]], [[0.6, -0.6, 0.4], [0.9, 0.6, 0.5]], [[0.6, -0.6, -0.6], [0.9, 0.6, -0.5]], [[0.6, -0.1, 0.5], [0.9, 0.0, 1.0]], [[0.6, 0.1, -0.6], [0.9, 0.2, 0.5]], [[0.6, 0.2, -1.0], [0.9, 0.3, -0.5]]]
start: [-0.90007999999999999, 1.7244900000000001, 1.55, 1.9198500000000001, -1.72234, -1.5377400000000001, -1.0188600000000001]
tajectories: [[-0.90008, 1.72449, 1.55, 1.91985, -1.72234, -1.53774, -1.01886], [-1.14024, 1.50259, 1.49744, 1.87621, -2.05412, -1.37312, -1.05399], [-1.38041, 1.28069, 1.44488, 1.83258, -2.38591, -1.2085, -1.08912], [-1.62058, 1.05879, 1.39232, 1.78894, -2.71769, -1.04388, -1.12426], [-1.86074, 0.8369, 1.33975, 1.74531, -3.04948, -0.87926, -1.15939], [-2.10091, 0.615, 1.28719, 1.70167, -3.38126, -0.71464, -1.19452], [-2.34108, 0.3931, 1.23463, 1.65804, -3.71304, -0.55002, -1.22965], [-2.44057, 0.30117, 1.21286, 1.63996, -3.8505, -0.48182, -1.24421], [-2.16314, 0.23386, 0.95468, 1.43016, -3.61174, -0.45618, -1.23157], [-1.8857, 0.16655, 0.6965, 1.22035, -3.37297, -0.43054, -1.21893], [-1.60827, 0.09925, 0.43832, 1.01055, -3.13421, -0.4049, -1.2063], [-1.33083, 0.03194, 0.18014, 0.80074, -2.89545, -0.37926, -1.19366], [-1.05339, -0.03537, -0.07803, 0.59094, -2.65669, -0.35362, -1.18103], [-0.77596, -0.10268, -0.33621, 0.38113, -2.41792, -0.32798, -1.16839], [-0.62875, -0.13839, -0.4732, 0.26981, -2.29124, -0.31438, -1.16169], [-0.25583, -0.06294, -0.23389, 0.07803, -2.30739, -0.28524, -1.26208], [0.1171, 0.0125, 0.00541, -0.11375, -2.32355, -0.25609, -1.36247], [0.49002, 0.08795, 0.24472, -0.30553, -2.33971, -0.22695, -1.46286], [0.86294, 0.1634, 0.48403, -0.4973, -2.35586, -0.19781, -1.56326], [1.23587, 0.23885, 0.72333, -0.68908, -2.37202, -0.16866, -1.66365], [1.36731, 0.26545, 0.80768, -0.75668, -2.37771, -0.15839, -1.69904], [1.55674, 0.31844, 1.02427, -0.72917, -2.42896, -0.55557, -1.75616], [1.74617, 0.37144, 1.24086, -0.70166, -2.48021, -0.95275, -1.81328], [1.93559, 0.42444, 1.45744, -0.67415, -2.53146, -1.34993, -1.8704], [1.95049, 0.42861, 1.47447, -0.67199, -2.53549, -1.38116, -1.87489], [1.66156, 0.54711, 1.4912, -0.51778, -2.31346, -1.28879, -1.6092], [1.37263, 0.66561, 1.50794, -0.36358, -2.09144, -1.19641, -1.34351], [1.08371, 0.78411, 1.52467, -0.20938, -1.86941, -1.10404, -1.07782], [0.79478, 0.90261, 1.5414, -0.05517, -1.64739, -1.01167, -0.81212]]
end: [0.64631000000000005, 0.96350000000000002, 1.55, 0.024070000000000001, -1.5333000000000001, -0.96419999999999995, -0.67559999999999998]
obtacles: [[[0.6, 0.5, -1.0], [0.9, 0.6, 1.0]], [[0.6, -0.6, -1.0], [0.9, -0.5, 1.0]], [[0.6, -0.6, 0.9], [0.9, 0.6, 1.0]], [[0.6, -0.6, -1.0], [0.9, 0.6, -0.9]], [[0.6, -0.6, 0.4], [0.9, 0.6, 0.5]], [[0.6, -0.6, -0.6], [0.9, 0.6, -0.5]], [[0.6, -0.1, 0.5], [0.9, 0.0, 1.0]], [[0.6, 0.1, -0.6], [0.9, 0.2, 0.5]], [[0.6, 0.2, -1.0], [0.9, 0.3, -0.5]]]
start: [-0.99365999999999999, 1.55467, 1.6000000000000001, 1.7686599999999999, -1.54924, -1.5453399999999999, -0.77551000000000003]
tajectories: [[-0.99366, 1.55467, 1.6, 1.76866, -1.54924, -1.54534, -0.77551], [-1.34763, 1.31175, 1.50739, 1.9042, -1.52006, -1.35152, -0.79371], [-1.7016, 1.06883, 1.41479, 2.03973, -1.49088, -1.1577, -0.8119], [-2.05557, 0.8259, 1.32218, 2.17526, -1.46171, -0.96388, -0.8301], [-2.3639, 0.61431, 1.24152, 2.29332, -1.43629, -0.79506, -0.84595], [-2.28887, 0.58326, 1.48592, 2.06226, -1.09353, -0.90415, -0.81597], [-2.21384, 0.55222, 1.73031, 1.8312, -0.75076, -1.01324, -0.786], [-2.13882, 0.52117, 1.97471, 1.60013, -0.408, -1.12233, -0.75602], [-2.06379, 0.49013, 2.2191, 1.36907, -0.06523, -1.23143, -0.72605], [-2.01837, 0.47133, 2.36705, 1.2292, 0.14226, -1.29747, -0.7079], [-1.71635, 0.39465, 2.34643, 1.14277, 0.41153, -1.31883, -0.43949], [-1.41433, 0.31798, 2.3258, 1.05634, 0.68081, -1.3402, -0.17108], [-1.11231, 0.2413, 2.30518, 0.96991, 0.95008, -1.36157, 0.09733], [-0.95574, 0.20154, 2.29449, 0.9251, 1.08968, -1.37265, 0.23647], [-1.2855, -0.0983, 2.10642, 0.87706, 1.08277, -1.30386, 0.14221], [-1.61526, -0.39815, 1.91834, 0.82901, 1.07586, -1.23507, 0.04794], [-1.94503, -0.698, 1.73026, 0.78096, 1.06894, -1.16628, -0.04633]]
end: [-2.1734200000000001, -0.90568000000000004, 1.6000000000000001, 0.74768999999999997, 1.06416, -1.11863, -0.11162]
obtacles: [[[0.6, 0.5, -1.0], [0.9, 0.6, 1.0]], [[0.6, -0.6, -1.0], [0.9, -0.5, 1.0]], [[0.6, -0.6, 0.9], [0.9, 0.6, 1.0]], [[0.6, -0.6, -1.0], [0.9, 0.6, -0.9]], [[0.6, -0.6, 0.4], [0.9, 0.6, 0.5]], [[0.6, -0.6, -0.6], [0.9, 0.6, -0.5]], [[0.6, -0.1, 0.5], [0.9, 0.0, 1.0]], [[0.6, 0.1, -0.6], [0.9, 0.2, 0.5]], [[0.6, 0.2, -1.0], [0.9, 0.3, -0.5]]]
start: [-2.1646000000000001, -1.7786500000000001, 1.55, 1.6799299999999999, -1.3662799999999999, 1.5280800000000001, -2.4452099999999999]
tajectories: [[-2.1646, -1.77865, 1.55, 1.67993, -1.36628, 1.52808, -2.44521], [-2.00622, -1.67088, 1.58502, 1.89446, -1.64306, 1.22914, -2.43617], [-1.84785, -1.56311, 1.62004, 2.10898, -1.91985, 0.9302, -2.42712], [-1.68948, -1.45535, 1.65505, 2.32351, -2.19663, 0.63126, -2.41808], [-1.5311, -1.34758, 1.69007, 2.53803, -2.47342, 0.33232, -2.40904], [-1.37273, -1.23981, 1.72509, 2.75255, -2.75021, 0.03338, -2.4], [-1.22678, -1.1405, 1.75736, 2.95025, -3.00527, -0.2421, -2.39166], [-1.09134, -0.79685, 1.78307, 2.7506, -2.84204, -0.39668, -2.24167], [-0.95589, -0.45319, 1.80877, 2.55095, -2.6788, -0.55125, -2.09168], [-0.82044, -0.10954, 1.83448, 2.35131, -2.51557, -0.70582, -1.94168], [-0.685, 0.23411, 1.86019, 2.15166, -2.35234, -0.8604, -1.79169], [-0.54955, 0.57777, 1.88589, 1.95202, -2.1891, -1.01497, -1.64169], [-0.46997, 0.77967, 1.901, 1.83472, -2.0932, -1.10579, -1.55357], [-0.69238, 0.85678, 2.0245, 1.96031, -1.71209, -0.99182, -1.62661], [-0.91478, 0.93389, 2.14801, 2.0859, -1.33099, -0.87786, -1.69965], [-1.13718, 1.01099, 2.27151, 2.21148, -0.94988, -0.76389, -1.77269], [-1.35959, 1.0881, 2.39502, 2.33707, -0.56877, -0.64993, -1.84573], [-1.4799, 1.12981, 2.46183, 2.40501, -0.3626, -0.58828, -1.88524], [-1.37761, 1.06277, 2.28025, 2.14457, -0.45883, -0.72183, -1.55791], [-1.27533, 0.99573, 2.09867, 1.88413, -0.55506, -0.85538, -1.23058], [-1.17304, 0.92868, 1.91709, 1.62369, -0.65128, -0.98894, -0.90324], [-1.07075, 0.86164, 1.73551, 1.36325, -0.74751, -1.12249, -0.57591], [-0.96847, 0.7946, 1.55393, 1.10281, -0.84374, -1.25605, -0.24858]]
end: [-0.96625000000000005, 0.79315000000000002, 1.55, 1.09717, -0.84582000000000002, -1.2589399999999999, -0.24149999999999999]
obtacles: [[[0.6, 0.5, -1.0], [0.9, 0.6, 1.0]], [[0.6, -0.6, -1.0], [0.9, -0.5, 1.0]], [[0.6, -0.6, 0.9], [0.9, 0.6, 1.0]], [[0.6, -0.6, -1.0], [0.9, 0.6, -0.9]], [[0.6, -0.6, 0.4], [0.9, 0.6, 0.5]], [[0.6, -0.6, -0.6], [0.9, 0.6, -0.5]], [[0.6, -0.1, 0.5], [0.9, 0.0, 1.0]], [[0.6, 0.1, -0.6], [0.9, 0.2, 0.5]], [[0.6, 0.2, -1.0], [0.9, 0.3, -0.5]]]
start: [-2.1048300000000002, -1.8453200000000001, 1.5, 1.72153, -1.3084899999999999, 1.4625600000000001, -2.4809100000000002]
tajectories: [[-2.10483, -1.84532, 1.5, 1.72153, -1.30849, 1.46256, -2.48091], [-1.91775, -1.79423, 1.51192, 1.8299, -1.26917, 1.24795, -2.08988], [-1.73068, -1.74315, 1.52384, 1.93827, -1.22984, 1.03334, -1.69885], [-1.54361, -1.69206, 1.53576, 2.04665, -1.19052, 0.81873, -1.30782], [-1.35653, -1.64098, 1.54768, 2.15502, -1.15119, 0.60412, -0.91679], [-1.16946, -1.58989, 1.5596, 2.26339, -1.11187, 0.38951, -0.52576], [-0.98239, -1.53881, 1.57152, 2.37177, -1.07254, 0.1749, -0.13474], [-0.84152, -1.50034, 1.5805, 2.45337, -1.04293, 0.01331, 0.1597], [-0.82749, -1.40162, 1.31383, 2.1069, -1.17013, -0.10814, 0.29377], [-0.81346, -1.30289, 1.04716, 1.76043, -1.29732, -0.22959, 0.42784], [-0.79943, -1.20417, 0.78049, 1.41396, -1.42451, -0.35104, 0.56191], [-0.7854, -1.10544, 0.51382, 1.06749, -1.5517, -0.47249, 0.69598], [-0.78116, -1.07563, 0.43328, 0.96285, -1.59012, -0.50917, 0.73647], [-1.10326, -0.83738, 0.51277, 1.16092, -1.5525, -0.58432, 0.92852], [-1.42535, -0.59914, 0.59227, 1.35898, -1.51488, -0.65947, 1.12057], [-1.74744, -0.36089, 0.67176, 1.55705, -1.47727, -0.73462, 1.31262], [-2.06953, -0.12265, 0.75126, 1.75512, -1.43965, -0.80977, 1.50468], [-2.39163, 0.1156, 0.83075, 1.95318, -1.40203, -0.88492, 1.69673], [-2.43479, 0.14752, 0.8414, 1.97972, -1.39699, -0.895, 1.72246], [-2.16045, 0.27235, 0.95967, 1.75163, -1.32647, -0.92839, 1.4274], [-1.88612, 0.39717, 1.07793, 1.52355, -1.25596, -0.96178, 1.13234], [-1.61179, 0.522, 1.19619, 1.29546, -1.18544, -0.99517, 0.83727], [-1.33745, 0.64683, 1.31445, 1.06737, -1.11492, -1.02857, 0.54221], [-1.06312, 0.77165, 1.43271, 0.83928, -1.04441, -1.06196, 0.24715]]
end: [-0.90703, 0.84267999999999998, 1.5, 0.70950999999999997, -1.0042899999999999, -1.0809599999999999, 0.079259999999999997]
obtacles: [[[0.6, 0.5, -1.0], [0.9, 0.6, 1.0]], [[0.6, -0.6, -1.0], [0.9, -0.5, 1.0]], [[0.6, -0.6, 0.9], [0.9, 0.6, 1.0]], [[0.6, -0.6, -1.0], [0.9, 0.6, -0.9]], [[0.6, -0.6, 0.4], [0.9, 0.6, 0.5]], [[0.6, -0.6, -0.6], [0.9, 0.6, -0.5]], [[0.6, -0.1, 0.5], [0.9, 0.0, 1.0]], [[0.6, 0.1, -0.6], [0.9, 0.2, 0.5]], [[0.6, 0.2, -1.0], [0.9, 0.3, -0.5]]]
start: [0.019040000000000001, 0.70981000000000005, 0.45000000000000001, 0.73519000000000001, -0.29171999999999998, -1.401, -0.31955]
tajectories: [[0.01904, 0.70981, 0.45, 0.73519, -0.29172, -1.401, -0.31955], [-0.0144, 0.48084, 0.68381, 0.97542, -0.29742, -1.32119, -0.04084], [-0.04784, 0.25188, 0.91763, 1.21564, -0.30313, -1.24139, 0.23787], [-0.08127, 0.02291, 1.15144, 1.45586, -0.30883, -1.16158, 0.51658], [-0.11455, -0.20491, 1.3841, 1.69489, -0.3145, -1.08217, 0.7939], [-0.08757, -0.1441, 1.47475, 1.99077, -0.45275, -1.18312, 0.44676], [-0.06059, -0.08329, 1.56541, 2.28665, -0.59099, -1.28407, 0.09962], [-0.03361, -0.02247, 1.65607, 2.58253, -0.72924, -1.38502, -0.24752], [-0.00663, 0.03834, 1.74673, 2.8784, -0.86748, -1.48597, -0.59467], [-0.00427, 0.04366, 1.75466, 2.90429, -0.87958, -1.4948, -0.62504], [-0.22969, 0.36787, 1.62733, 2.80575, -1.09215, -1.42869, -0.76139], [-0.45512, 0.69208, 1.5, 2.70721, -1.30472, -1.36258, -0.89775], [-0.68054, 1.01629, 1.37267, 2.60867, -1.51729, -1.29646, -1.0341], [-0.90596, 1.3405, 1.24534, 2.51013, -1.72987, -1.23035, -1.17045], [-0.91505, 1.35357, 1.24021, 2.50615, -1.73844, -1.22768, -1.17595], [-0.9837, 1.55293, 1.36672, 2.17736, -1.80252, -1.33865, -0.92097], [-1.05235, 1.75229, 1.49323, 1.84857, -1.86659, -1.44961, -0.66598]]
end: [-1.1102799999999999, 1.9205399999999999, 1.6000000000000001, 1.5710900000000001, -1.9206700000000001, -1.5432600000000001, -0.45079000000000002]
obtacles: [[[0.6, 0.5, -1.0], [0.9, 0.6, 1.0]], [[0.6, -0.6, -1.0], [0.9, -0.5, 1.0]], [[0.6, -0.6, 0.9], [0.9, 0.6, 1.0]], [[0.6, -0.6, -1.0], [0.9, 0.6, -0.9]], [[0.6, -0.6, 0.4], [0.9, 0.6, 0.5]], [[0.6, -0.6, -0.6], [0.9, 0.6, -0.5]], [[0.6, -0.1, 0.5], [0.9, 0.0, 1.0]], [[0.6, 0.1, -0.6], [0.9, 0.2, 0.5]], [[0.6, 0.2, -1.0], [0.9, 0.3, -0.5]]]
start: [-2.20547, -1.6931700000000001, 1.55, 1.6147800000000001, -1.4494100000000001, 1.54481, -2.4657900000000001]
tajectories: [[-2.20547, -1.69317, 1.55, 1.61478, -1.44941, 1.54481, -2.46579], [-2.01573, -1.6909, 1.53322, 1.90853, -1.73573, 1.50997, -2.25548], [-1.82598, -1.68862, 1.51645, 2.20228, -2.02205, 1.47513, -2.04517], [-1.63624, -1.68634, 1.49967, 2.49603, -2.30837, 1.4403, -1.83487], [-1.4465, -1.68406, 1.48289, 2.78978, -2.59469, 1.40546, -1.62456], [-1.30673, -1.68239, 1.47053, 3.00616, -2.8056, 1.3798, -1.46964], [-1.23978, -1.67683, 1.45246, 2.87664, -2.47184, 1.40265, -1.12837], [-1.17283, -1.67128, 1.43438, 2.74711, -2.13808, 1.42551, -0.7871], [-1.10589, -1.66572, 1.41631, 2.61759, -1.80432, 1.44837, -0.44582], [-1.03894, -1.66017, 1.39823, 2.48806, -1.47057, 1.47122, -0.10455], [-0.98918, -1.65604, 1.3848, 2.39179, -1.2225, 1.48821, 0.14911], [-0.97777, -1.39883, 1.17139, 2.19065, -1.1921, 1.25866, 0.35909], [-0.96636, -1.14162, 0.95798, 1.98952, -1.16171, 1.02911, 0.56908], [-0.95495, -0.88441, 0.74456, 1.78838, -1.13131, 0.79955, 0.77906], [-0.94354, -0.6272, 0.53115, 1.58724, -1.10092, 0.57, 0.98905], [-0.93213, -0.36999, 0.31774, 1.3861, -1.07052, 0.34045, 1.19903], [-0.93007, -0.32363, 0.27928, 1.34985, -1.06504, 0.29908, 1.23688], [-0.91618, -0.08783, 0.48765, 1.22908, -1.04168, 0.00628, 1.01344], [-0.90228, 0.14798, 0.69602, 1.10831, -1.01832, -0.28652, 0.79001], [-0.88838, 0.38378, 0.90439, 0.98754, -0.99497, -0.57932, 0.56658], [-0.87448, 0.61959, 1.11275, 0.86677, -0.97161, -0.87212, 0.34315], [-0.86059, 0.8554, 1.32112, 0.746, -0.94825, -1.16492, 0.11971]]
end: [-0.85865999999999998, 0.88807999999999998, 1.3500000000000001, 0.72926000000000002, -0.94501000000000002, -1.2055, 0.088749999999999996]
obtacles: [[[0.6, 0.5, -1.0], [0.9, 0.6, 1.0]], [[0.6, -0.6, -1.0], [0.9, -0.5, 1.0]], [[0.6, -0.6, 0.9], [0.9, 0.6, 1.0]], [[0.6, -0.6, -1.0], [0.9, 0.6, -0.9]], [[0.6, -0.6, 0.4], [0.9, 0.6, 0.5]], [[0.6, -0.6, -0.6], [0.9, 0.6, -0.5]], [[0.6, -0.1, 0.5], [0.9, 0.0, 1.0]], [[0.6, 0.1, -0.6], [0.9, 0.2, 0.5]], [[0.6, 0.2, -1.0], [0.9, 0.3, -0.5]]]
start: [-0.11505, 1.8518399999999999, 1.1000000000000001, -0.56798000000000004, -1.0279499999999999, -1.5701799999999999, 0.61502999999999997]
tajectories: [[-0.11505, 1.85184, 1.1, -0.56798, -1.02795, -1.57018, 0.61503], [-0.23397, 1.70465, 0.94123, -0.13607, -0.98553, -1.56586, 0.63993], [-0.35289, 1.55747, 0.78246, 0.29585, -0.94311, -1.56155, 0.66483], [-0.47181, 1.41028, 0.62369, 0.72776, -0.90069, -1.55724, 0.68972], [-0.59073, 1.26309, 0.46492, 1.15967, -0.85827, -1.55292, 0.71462], [-0.70965, 1.11591, 0.30615, 1.59158, -0.81585, -1.54861, 0.73952], [-0.78498, 1.02267, 0.20558, 1.86519, -0.78898, -1.54587, 0.75529], [-0.67867, 0.81768, -0.00242, 2.05396, -1.01277, -1.29217, 0.81299], [-0.57236, 0.61269, -0.21041, 2.24273, -1.23657, -1.03846, 0.87069], [-0.46605, 0.4077, -0.41841, 2.43149, -1.46037, -0.78475, 0.92839], [-0.38866, 0.25847, -0.56982, 2.56891, -1.62328, -0.60006, 0.97039], [-0.22391, 0.14338, -0.38015, 2.4628, -1.39792, -0.62477, 0.63726], [-0.05916, 0.02829, -0.19047, 2.3567, -1.17255, -0.64949, 0.30414], [0.10559, -0.08681, -0.00079, 2.25059, -0.94718, -0.6742, -0.02899], [0.27034, -0.2019, 0.18888, 2.14449, -0.72182, -0.69892, -0.36212], [0.32224, -0.23816, 0.24863, 2.11106, -0.65082, -0.7067, -0.46707], [0.32794, 0.03372, 0.32252, 1.73257, -0.66626, -0.81994, -0.58654], [0.33363, 0.3056, 0.39641, 1.35408, -0.68169, -0.93318, -0.70601], [0.33933, 0.57748, 0.4703, 0.9756, -0.69713, -1.04643, -0.82549], [0.34254, 0.73109, 0.51204, 0.76176, -0.70585, -1.1104, -0.89298], [0.11946, 0.71739, 0.93105, 0.70923, -0.69242, -1.14778, -0.75107]]
end: [0.029510000000000002, 0.71186000000000005, 1.1000000000000001, 0.68805000000000005, -0.68700000000000006, -1.1628499999999999, -0.69384999999999997]
obtacles: [[[0.6, 0.5, -1.0], [0.9, 0.6, 1.0]], [[0.6, -0.6, -1.0], [0.9, -0.5, 1.0]], [[0.6, -0.6, 0.9], [0.9, 0.6, 1.0]], [[0.6, -0.6, -1.0], [0.9, 0.6, -0.9]], [[0.6, -0.6, 0.4], [0.9, 0.6, 0.5]], [[0.6, -0.6, -0.6], [0.9, 0.6, -0.5]], [[0.6, -0.1, 0.5], [0.9, 0.0, 1.0]], [[0.6, 0.1, -0.6], [0.9, 0.2, 0.5]], [[0.6, 0.2, -1.0], [0.9, 0.3, -0.5]]]
start: [-0.25492999999999999, 1.91642, 0.75, -0.45811000000000002, -0.69623000000000002, -1.57019, 0.56115000000000004]
tajectories: [[-0.25493, 1.91642, 0.75, -0.45811, -0.69623, -1.57019, 0.56115], [-0.28219, 1.81602, 0.80226, -0.14212, -0.50636, -1.51532, 0.24884], [-0.30946, 1.71562, 0.85452, 0.17386, -0.31649, -1.46045, -0.06347], [-0.33672, 1.61522, 0.90678, 0.48985, -0.12662, -1.40558, -0.37579], [-0.36398, 1.51483, 0.95904, 0.80583, 0.06325, -1.3507, -0.6881], [-0.39125, 1.41443, 1.0113, 1.12182, 0.25312, -1.29583, -1.00041], [-0.40804, 1.3526, 1.04348, 1.31641, 0.37005, -1.26204, -1.19274], [-0.5374, 1.27661, 1.08603, 1.5545, 0.40827, -1.13905, -0.80235], [-0.66676, 1.20061, 1.12858, 1.79259, 0.4465, -1.01606, -0.41195], [-0.79612, 1.12462, 1.17112, 2.03068, 0.48472, -0.89307, -0.02156], [-0.92548, 1.04862, 1.21367, 2.26876, 0.52295, -0.77009, 0.36883], [-1.05484, 0.97263, 1.25622, 2.50685, 0.56117, -0.6471, 0.75923], [-1.07045, 0.96346, 1.26135, 2.53559, 0.56579, -0.63225, 0.80634], [-0.7684, 0.68664, 1.02048, 2.56964, 0.45448, -0.60059, 0.70856], [-0.46634, 0.40982, 0.7796, 2.60369, 0.34317, -0.56892, 0.61078], [-0.16429, 0.133, 0.53872, 2.63774, 0.23186, -0.53725, 0.513], [0.13776, -0.14382, 0.29785, 2.67179, 0.12055, -0.50558, 0.41521], [0.43981, -0.42064, 0.05697, 2.70584, 0.00924, -0.47391, 0.31743], [0.48971, -0.46637, 0.01718, 2.71147, -0.00914, -0.46868, 0.30128], [0.61731, -0.49154, 0.19882, 2.43854, -0.25809, -0.68944, 0.17924], [0.74491, -0.51672, 0.38046, 2.16561, -0.50703, -0.91021, 0.0572], [0.85756, -0.53894, 0.54083, 1.92463, -0.72682, -1.10512, -0.05055], [0.59597, -0.25118, 0.59924, 1.71446, -0.61537, -1.22843, -0.20401], [0.33437, 0.03659, 0.65764, 1.50428, -0.50392, -1.35173, -0.35746], [0.07278, 0.32435, 0.71605, 1.2941, -0.39247, -1.47504, -0.51092]]
end: [-0.079269999999999993, 0.49160999999999999, 0.75, 1.17194, -0.32768999999999998, -1.54671, -0.60011000000000003]
