obtacles: [[[0.6, 0.5, -1.0], [0.9, 0.6, 1.0]], [[0.6, -0.6, -1.0], [0.9, -0.5, 1.0]], [[0.6, -0.6, 0.9], [0.9, 0.6, 1.0]], [[0.6, -0.6, -1.0], [0.9, 0.6, -0.9]], [[0.6, -0.6, 0.5], [0.9, 0.6, 0.6]], [[0.6, -0.6, -0.6], [0.9, 0.6, -0.5]], [[0.6, -0.2, 0.6], [0.9, -0.1, 1.0]], [[0.6, 0.2, -0.6], [0.9, 0.3, 0.6]], [[0.6, -0.2, -1.0], [0.9, -0.1, -0.5]]]
start: [-2.0306500000000001, -1.78064, 1.5, 1.4455499999999999, -1.35358, 1.52816, -2.8190900000000001]
tajectories: [[-2.03065, -1.78064, 1.5, 1.44555, -1.35358, 1.52816, -2.81909], [-1.96433, -1.72157, 1.32378, 1.59816, -1.39418, 1.11154, -2.70708], [-1.89802, -1.6625, 1.14756, 1.75077, -1.43478, 0.69492, -2.59506], [-1.8317, -1.60342, 0.97134, 1.90339, -1.47538, 0.2783, -2.48304], [-1.76538, -1.54435, 0.79512, 2.056, -1.51598, -0.13832, -2.37103], [-1.69906, -1.48528, 0.6189, 2.20861, -1.55659, -0.55494, -2.25901], [-1.63274, -1.4262, 0.44268, 2.36122, -1.59719, -0.97156, -2.147], [-1.62007, -1.41492, 0.40901, 2.39038, -1.60495, -1.05116, -2.1256], [-1.39066, -1.08639, 0.23391, 2.42102, -1.46729, -1.13499, -1.94708], [-1.16126, -0.75786, 0.05881, 2.45165, -1.32963, -1.21882, -1.76857], [-0.93185, -0.42933, -0.11628, 2.48228, -1.19197, -1.30265, -1.59005], [-0.70245, -0.1008, -0.29138, 2.51292, -1.05432, -1.38648, -1.41153], [-0.47305, 0.22773, -0.46647, 2.54355, -0.91666, -1.4703, -1.23302], [-0.44147, 0.27295, -0.49058, 2.54777, -0.89771, -1.48184, -1.20845], [-0.56503, 0.45359, -0.12088, 2.35534, -0.96504, -1.49698, -1.05471], [-0.68858, 0.63423, 0.24882, 2.16292, -1.03238, -1.51212, -0.90097], [-0.81214, 0.81487, 0.61851, 1.97049, -1.09971, -1.52725, -0.74723], [-0.9357, 0.99551, 0.98821, 1.77806, -1.16704, -1.54239, -0.59349], [-1.05926, 1.17615, 1.35791, 1.58563, -1.23438, -1.55753, -0.43975]]
end: [-1.1234599999999999, 1.2700100000000001, 1.55, 1.4856499999999999, -1.26936, -1.5653900000000001, -0.35986000000000001]
obtacles: [[[0.6, 0.5, -1.0], [0.9, 0.6, 1.0]], [[0.6, -0.6, -1.0], [0.9, -0.5, 1.0]], [[0.6, -0.6, 0.9], [0.9, 0.6, 1.0]], [[0.6, -0.6, -1.0], [0.9, 0.6, -0.9]], [[0.6, -0.6, 0.5], [0.9, 0.6, 0.6]], [[0.6, -0.6, -0.6], [0.9, 0.6, -0.5]], [[0.6, -0.2, 0.6], [0.9, -0.1, 1.0]], [[0.6, 0.2, -0.6], [0.9, 0.3, 0.6]], [[0.6, -0.2, -1.0], [0.9, -0.1, -0.5]]]
start: [-0.28277000000000002, 1.7811600000000001, 1.8, 0.82926, -1.8798299999999999, -1.5479799999999999, -0.51863000000000004]
tajectories: [[-0.28277, 1.78116, 1.8, 0.82926, -1.87983, -1.54798, -0.51863], [-0.54172, 1.89675, 1.76709, 1.21568, -1.947, -1.4936, -0.62685]]
end: [-0.67615999999999998, 1.9567600000000001, 1.75, 1.41631, -1.9818800000000001, -1.46536, -0.68303999999999998]
obtacles: [[[0.6, 0.5, -1.0], [0.9, 0.6, 1.0]], [[0.6, -0.6, -1.0], [0.9, -0.5, 1.0]], [[0.6, -0.6, 0.9], [0.9, 0.6, 1.0]], [[0.6, -0.6, -1.0], [0.9, 0.6, -0.9]], [[0.6, -0.6, 0.5], [0.9, 0.6, 0.6]], [[0.6, -0.6, -0.6], [0.9, 0.6, -0.5]], [[0.6, -0.2, 0.6], [0.9, -0.1, 1.0]], [[0.6, 0.2, -0.6], [0.9, 0.3, 0.6]], [[0.6, -0.2, -1.0], [0.9, -0.1, -0.5]]]
start: [-0.66600999999999999, 1.369, 1.6000000000000001, 1.65882, -1.36721, -1.55992, -0.99687999999999999]
tajectories: [[-0.66601, 1.369, 1.6, 1.65882, -1.36721, -1.55992, -0.99688], [-0.44394, 1.56004, 1.6, 1.77945, -1.55317, -1.53801, -1.33537]]
end: [-0.37908999999999998, 1.6158300000000001, 1.6000000000000001, 1.8146800000000001, -1.60748, -1.5316099999999999, -1.43421]
obtacles: [[[0.6, 0.5, -1.0], [0.9, 0.6, 1.0]], [[0.6, -0.6, -1.0], [0.9, -0.5, 1.0]], [[0.6, -0.6, 0.9], [0.9, 0.6, 1.0]], [[0.6, -0.6, -1.0], [0.9, 0.6, -0.9]], [[0.6, -0.6, 0.5], [0.9, 0.6, 0.6]], [[0.6, -0.6, -0.6], [0.9, 0.6, -0.5]], [[0.6, -0.2, 0.6], [0.9, -0.1, 1.0]], [[0.6, 0.2, -0.6], [0.9, 0.3, 0.6]], [[0.6, -0.2, -1.0], [0.9, -0.1, -0.5]]]
start: [-0.69704999999999995, 1.6851499999999999, 1.6499999999999999, 1.0897300000000001, -1.70878, -1.5539099999999999, -0.38697999999999999]
tajectories: [[-0.69705, 1.68515, 1.65, 1.08973, -1.70878, -1.55391, -0.38698], [-0.72093, 1.66389, 1.64298, 1.32919, -1.89108, -1.38284, -0.74626], [-0.7448, 1.64263, 1.63596, 1.56865, -2.07337, -1.21176, -1.10555], [-0.76868, 1.62136, 1.62894, 1.80812, -2.25567, -1.04069, -1.46484], [-0.79256, 1.6001, 1.62192, 2.04758, -2.43797, -0.86961, -1.82412], [-0.81644, 1.57884, 1.6149, 2.28705, -2.62026, -0.69854, -2.18341], [-0.8297, 1.56704, 1.611, 2.41997, -2.72145, -0.60358, -2.38284], [-0.97119, 1.31648, 1.86055, 2.48751, -2.52032, -0.75312, -2.18907], [-1.11269, 1.06592, 2.11009, 2.55505, -2.31919, -0.90267, -1.9953], [-1.25419, 0.81536, 2.35964, 2.6226, -2.11806, -1.05221, -1.80152], [-1.39569, 0.5648, 2.60918, 2.69014, -1.91693, -1.20176, -1.60775], [-1.42855, 0.50661, 2.66714, 2.70583, -1.87022, -1.23649, -1.56275], [-1.28342, 0.32543, 2.49613, 2.48606, -1.55622, -1.20781, -1.42435], [-1.13829, 0.14426, 2.32513, 2.26629, -1.24223, -1.17912, -1.28595], [-0.99317, -0.03692, 2.15412, 2.04652, -0.92823, -1.15044, -1.14755], [-0.84804, -0.21809, 1.98311, 1.82675, -0.61423, -1.12175, -1.00915], [-0.70291, -0.39927, 1.8121, 1.60698, -0.30024, -1.09306, -0.87075], [-0.55778, -0.58045, 1.6411, 1.38721, 0.01376, -1.06438, -0.73235], [-0.49824, -0.65476, 1.57095, 1.29706, 0.14256, -1.05261, -0.67558], [-0.34734, -0.55873, 1.57533, 1.35059, 0.27364, -0.94945, -0.24281], [-0.19643, -0.46269, 1.57971, 1.40412, 0.40473, -0.84629, 0.18997], [-0.04553, -0.36666, 1.5841, 1.45766, 0.53582, -0.74313, 0.62274], [0.10538, -0.27062, 1.58848, 1.51119, 0.66691, -0.63997, 1.05551], [0.1888, -0.21754, 1.5909, 1.54078, 0.73937, -0.58294, 1.29475], [-0.22989, -0.30726, 1.60067, 1.40384, 0.77054, -0.6572, 1.0915], [-0.64859, -0.39699, 1.61043, 1.2669, 0.8017, -0.73146, 0.88824], [-1.06728, -0.48672, 1.6202, 1.12995, 0.83286, -0.80572, 0.68499], [-1.48597, -0.57644, 1.62996, 0.99301, 0.86403, -0.87998, 0.48173], [-1.90466, -0.66617, 1.63973, 0.85607, 0.89519, -0.95424, 0.27848], [-2.32335, -0.7559, 1.64949, 0.71913, 0.92635, -1.0285, 0.07522]]
end: [-2.3450099999999998, -0.76053999999999999, 1.6499999999999999, 0.71204000000000001, 0.92796999999999996, -1.0323500000000001, 0.064710000000000004]
obtacles: [[[0.6, 0.5, -1.0], [0.9, 0.6, 1.0]], [[0.6, -0.6, -1.0], [0.9, -0.5, 1.0]], [[0.6, -0.6, 0.9], [0.9, 0.6, 1.0]], [[0.6, -0.6, -1.0], [0.9, 0.6, -0.9]], [[0.6, -0.6, 0.5], [0.9, 0.6, 0.6]], [[0.6, -0.6, -0.6], [0.9, 0.6, -0.5]], [[0.6, -0.2, 0.6], [0.9, -0.1, 1.0]], [[0.6, 0.2, -0.6], [0.9, 0.3, 0.6]], [[0.6, -0.2, -1.0], [0.9, -0.1, -0.5]]]
start: [-0.54240999999999995, 1.80284, 1.75, 1.52549, -1.81399, -1.4071899999999999, -0.94210000000000005]
tajectories: [[-0.54241, 1.80284, 1.75, 1.52549, -1.81399, -1.40719, -0.9421], [-0.75756, 1.51076, 1.75, 1.65032, -1.49567, -1.39788, -0.90469]]
end: [-0.76014000000000004, 1.50725, 1.75, 1.6518200000000001, -1.4918499999999999, -1.39777, -0.90424000000000004]
obtacles: [[[0.6, 0.5, -1.0], [0.9, 0.6, 1.0]], [[0.6, -0.6, -1.0], [0.9, -0.5, 1.0]], [[0.6, -0.6, 0.9], [0.9, 0.6, 1.0]], [[0.6, -0.6, -1.0], [0.9, 0.6, -0.9]], [[0.6, -0.6, 0.5], [0.9, 0.6, 0.6]], [[0.6, -0.6, -0.6], [0.9, 0.6, -0.5]], [[0.6, -0.2, 0.6], [0.9, -0.1, 1.0]], [[0.6, 0.2, -0.6], [0.9, 0.3, 0.6]], [[0.6, -0.2, -1.0], [0.9, -0.1, -0.5]]]
start: [-2.32768, -0.72124999999999995, 1.8, 0.80127999999999999, 0.78483999999999998, -1.1431100000000001, 0.062890000000000001]
tajectories: [[-2.32768, -0.72125, 1.8, 0.80128, 0.78484, -1.14311, 0.06289], [-2.19054, -0.69984, 1.66092, 0.81635, 0.57257, -0.86508, 0.3609], [-2.05341, -0.67843, 1.52185, 0.83143, 0.36031, -0.58706, 0.65891], [-1.91627, -0.65702, 1.38277, 0.8465, 0.14804, -0.30903, 0.95693], [-1.77914, -0.63561, 1.24369, 0.86158, -0.06422, -0.031, 1.25494], [-1.76324, -0.63312, 1.22757, 0.86332, -0.08883, 0.00123, 1.28949], [-1.77838, -0.30791, 1.5651, 0.91375, -0.14844, 0.15436, 1.26634], [-1.79352, 0.01731, 1.90263, 0.96418, -0.20804, 0.30748, 1.2432], [-1.80867, 0.34252, 2.24016, 1.0146, -0.26765, 0.46061, 1.22005], [-1.8222, 0.63317, 2.54182, 1.05967, -0.32091, 0.59746, 1.19937], [-1.63992, 0.90916, 2.45064, 1.22075, -0.19536, 0.79935, 1.42257], [-1.45764, 1.18516, 2.35946, 1.38183, -0.0698, 1.00124, 1.64577], [-1.27536, 1.46115, 2.26828, 1.54291, 0.05575, 1.20313, 1.86897], [-1.09309, 1.73714, 2.1771, 1.70399, 0.18131, 1.40502, 2.09217], [-1.02798, 1.83571, 2.14454, 1.76153, 0.22615, 1.47713, 2.1719], [-0.97044, 1.87686, 1.86042, 1.84221, 0.61957, 1.50275, 2.1236], [-0.9129, 1.91802, 1.57631, 1.92288, 1.01298, 1.52837, 2.0753]]
end: [-0.88732, 1.93631, 1.45, 1.95875, 1.1878899999999999, 1.53976, 2.05382]
obtacles: [[[0.6, 0.5, -1.0], [0.9, 0.6, 1.0]], [[0.6, -0.6, -1.0], [0.9, -0.5, 1.0]], [[0.6, -0.6, 0.9], [0.9, 0.6, 1.0]], [[0.6, -0.6, -1.0], [0.9, 0.6, -0.9]], [[0.6, -0.6, 0.5], [0.9, 0.6, 0.6]], [[0.6, -0.6, -0.6], [0.9, 0.6, -0.5]], [[0.6, -0.2, 0.6], [0.9, -0.1, 1.0]], [[0.6, 0.2, -0.6], [0.9, 0.3, 0.6]], [[0.6, -0.2, -1.0], [0.9, -0.1, -0.5]]]
start: [-0.64151999999999998, 1.9034899999999999, 1.8500000000000001, 1.1125499999999999, -1.99299, -1.4815499999999999, -0.40472000000000002]
tajectories: [[-0.64152, 1.90349, 1.85, 1.11255, -1.99299, -1.48155, -0.40472], [-0.80708, 1.9027, 1.7263, 1.24582, -1.85912, -1.14329, -0.16559], [-0.97264, 1.90191, 1.6026, 1.3791, -1.72525, -0.80502, 0.07354], [-1.13819, 1.90113, 1.4789, 1.51237, -1.59139, -0.46675, 0.31267], [-1.30375, 1.90034, 1.3552, 1.64564, -1.45752, -0.12849, 0.5518], [-1.46931, 1.89955, 1.2315, 1.77892, -1.32366, 0.20978, 0.79093], [-1.60152, 1.89892, 1.13271, 1.88534, -1.21676, 0.4799, 0.98188], [-1.64733, 1.62912, 1.24213, 1.90048, -1.28345, 0.22632, 1.28874], [-1.69314, 1.35931, 1.35154, 1.91562, -1.35015, -0.02725, 1.59559], [-1.73895, 1.08951, 1.46095, 1.93076, -1.41684, -0.28082, 1.90245], [-1.78476, 0.81971, 1.57037, 1.94589, -1.48354, -0.5344, 2.2093], [-1.83057, 0.54991, 1.67978, 1.96103, -1.55023, -0.78797, 2.51616], [-1.83898, 0.50034, 1.69988, 1.96381, -1.56249, -0.83456, 2.57253], [-1.89541, 0.30035, 1.73823, 1.70582, -1.53214, -0.84165, 2.2013], [-1.95184, 0.10036, 1.77657, 1.44782, -1.50179, -0.84873, 1.83006], [-2.00827, -0.09963, 1.81492, 1.18982, -1.47144, -0.85581, 1.45883], [-2.0647, -0.29962, 1.85326, 0.93182, -1.44109, -0.8629, 1.08759], [-2.12113, -0.49961, 1.89161, 0.67382, -1.41075, -0.86998, 0.71636], [-2.15522, -0.62041, 1.91477, 0.51797, -1.39241, -0.87426, 0.4921], [-2.20424, -0.64461, 1.90058, 0.55717, -0.9115, -0.92388, 0.38471], [-2.25325, -0.6688, 1.8864, 0.59636, -0.43058, -0.97349, 0.27732], [-2.30227, -0.69299, 1.87221, 0.63556, 0.05033, -1.02311, 0.16993], [-2.35129, -0.71718, 1.85803, 0.67476, 0.53125, -1.07272, 0.06253]]
end: [-2.3790300000000002, -0.73087000000000002, 1.8500000000000001, 0.69694, 0.80337999999999998, -1.1008, 0.0017700000000000001]
obtacles: [[[0.6, 0.5, -1.0], [0.9, 0.6, 1.0]], [[0.6, -0.6, -1.0], [0.9, -0.5, 1.0]], [[0.6, -0.6, 0.9], [0.9, 0.6, 1.0]], [[0.6, -0.6, -1.0], [0.9, 0.6, -0.9]], [[0.6, -0.6, 0.5], [0.9, 0.6, 0.6]], [[0.6, -0.6, -0.6], [0.9, 0.6, -0.5]], [[0.6, -0.2, 0.6], [0.9, -0.1, 1.0]], [[0.6, 0.2, -0.6], [0.9, 0.3, 0.6]], [[0.6, -0.2, -1.0], [0.9, -0.1, -0.5]]]
start: [-0.38390000000000002, 1.5603899999999999, 1.8500000000000001, 1.8166500000000001, -1.4906900000000001, -1.3028500000000001, -1.44502]
tajectories: [[-0.3839, 1.56039, 1.85, 1.81665, -1.49069, -1.30285, -1.44502], [-0.67945, 1.73859, 1.78132, 1.84712, -1.67825, -1.32041, -1.14541], [-0.975, 1.9168, 1.71264, 1.87759, -1.86581, -1.33798, -0.84581]]
end: [-1.02939, 1.9496, 1.7, 1.8832, -1.9003399999999999, -1.34121, -0.79066999999999998]
