obtacles: [[[0.6, 0.5, -1.0], [0.9, 0.6, 1.0]], [[0.6, -0.6, -1.0], [0.9, -0.5, 1.0]], [[0.6, -0.6, 0.9], [0.9, 0.6, 1.0]], [[0.6, -0.6, -1.0], [0.9, 0.6, -0.9]], [[0.6, -0.6, 0.4], [0.9, 0.6, 0.5]], [[0.6, -0.6, -0.6], [0.9, 0.6, -0.5]], [[0.6, -0.2, 0.5], [0.9, -0.1, 1.0]], [[0.6, 0.2, -0.6], [0.9, 0.3, 0.5]], [[0.6, -0.2, -1.0], [0.9, -0.1, -0.5]]]
start: [-0.24459, 1.74929, -2.0499999999999998, 0.8851, -1.1181099999999999, 1.3297000000000001, -2.1114000000000002]
tajectories: [[-0.24459, 1.74929, -2.05, 0.8851, -1.11811, 1.3297, -2.1114], [-0.20342, 1.68287, -1.95436, 0.59846, -0.79419, 1.18833, -2.27776], [-0.16225, 1.61646, -1.85871, 0.31182, -0.47027, 1.04697, -2.44413], [-0.12108, 1.55004, -1.76307, 0.02518, -0.14636, 0.9056, -2.6105], [-0.07991, 1.48363, -1.66743, -0.26146, 0.17756, 0.76423, -2.77686], [-0.06429, 1.45844, -1.63116, -0.37016, 0.3004, 0.71062, -2.83995], [-0.07064, 1.40068, -1.37558, -0.13088, 0.36383, 0.57679, -2.5204], [-0.077, 1.34293, -1.12, 0.10839, 0.42727, 0.44296, -2.20084], [-0.08335, 1.28517, -0.86442, 0.34766, 0.4907, 0.30913, -1.88128], [-0.0897, 1.22741, -0.60884, 0.58693, 0.55413, 0.17529, -1.56173], [-0.09605, 1.16965, -0.35326, 0.8262, 0.61757, 0.04146, -1.24217], [-0.09636, 1.16682, -0.34071, 0.83795, 0.62068, 0.03489, -1.22648], [-0.24062, 1.09582, -0.28603, 1.0784, 0.83183, 0.37801, -1.19443], [-0.3358, 1.04898, -0.24995, 1.23705, 0.97114, 0.6044, -1.17329], [-0.33598, 1.08585, -0.44025, 1.58476, 0.84652, 0.36829, -1.31557], [-0.33616, 1.12271, -0.63054, 1.93247, 0.7219, 0.13217, -1.45786], [-0.3363, 1.15015, -0.77221, 2.19133, 0.62912, -0.0436, -1.56378], [0.00955, 1.02843, -0.81146, 2.25365, 0.49853, 0.24984, -1.64733], [0.3554, 0.9067, -0.85071, 2.31597, 0.36793, 0.54329, -1.73088], [0.70125, 0.78497, -0.88996, 2.37829, 0.23733, 0.83674, -1.81443], [1.04709, 0.66325, -0.92921, 2.44061, 0.10673, 1.13018, -1.89798], [1.27284, 0.58379, -0.95483, 2.48129, 0.02148, 1.32173, -1.95252], [1.57562, 0.83202, -1.14149, 2.41138, 0.21711, 1.30584, -1.81665], [1.87839, 1.08025, -1.32815, 2.34147, 0.41275, 1.28994, -1.68079], [2.09474, 1.25763, -1.46153, 2.29152, 0.55254, 1.27859, -1.5837], [1.89661, 1.39181, -1.57355, 2.15013, 0.23305, 1.2522, -1.82333], [1.69848, 1.526, -1.68557, 2.00874, -0.08645, 1.22581, -2.06296], [1.50035, 1.66018, -1.79759, 1.86735, -0.40595, 1.19942, -2.30259], [1.30221, 1.79437, -1.90961, 1.72595, -0.72544, 1.17303, -2.54223], [1.10408, 1.92856, -2.02164, 1.58456, -1.04494, 1.14664, -2.78186]]
end: [1.0539099999999999, 1.9625300000000001, -2.0499999999999998, 1.5487599999999999, -1.1258300000000001, 1.1399600000000001, -2.84253]
obtacles: [[[0.6, 0.5, -1.0], [0.9, 0.6, 1.0]], [[0.6, -0.6, -1.0], [0.9, -0.5, 1.0]], [[0.6, -0.6, 0.9], [0.9, 0.6, 1.0]], [[0.6, -0.6, -1.0], [0.9, 0.6, -0.9]], [[0.6, -0.6, 0.4], [0.9, 0.6, 0.5]], [[0.6, -0.6, -0.6], [0.9, 0.6, -0.5]], [[0.6, -0.2, 0.5], [0.9, -0.1, 1.0]], [[0.6, 0.2, -0.6], [0.9, 0.3, 0.5]], [[0.6, -0.2, -1.0], [0.9, -0.1, -0.5]]]
start: [-0.66444999999999999, 1.9212800000000001, 2.1499999999999999, 0.61128000000000005, -2.23712, -1.5569299999999999, 0.16339000000000001]
tajectories: [[-0.66445, 1.92128, 2.15, 0.61128, -2.23712, -1.55693, 0.16339], [-0.74915, 1.92337, 2.14236, 1.07213, -2.17058, -1.54448, 0.00277], [-0.83385, 1.92546, 2.13472, 1.53298, -2.10404, -1.53203, -0.15784], [-0.91855, 1.92755, 2.12708, 1.99383, -2.0375, -1.51958, -0.31845], [-1.00326, 1.92964, 2.11945, 2.45468, -1.97096, -1.50713, -0.47907], [-1.02407, 1.93015, 2.11757, 2.56794, -1.95461, -1.50407, -0.51854], [-0.82154, 1.55889, 2.1113, 2.31751, -1.96076, -1.44873, -0.4458], [-0.61902, 1.18763, 2.10502, 2.06707, -1.9669, -1.39339, -0.37306], [-0.41649, 0.81637, 2.09875, 1.81664, -1.97305, -1.33806, -0.30032], [-0.21396, 0.44511, 2.09247, 1.5662, -1.97919, -1.28272, -0.22759], [-0.01144, 0.07385, 2.0862, 1.31577, -1.98534, -1.22738, -0.15485], [0.19109, -0.29741, 2.07993, 1.06533, -1.99148, -1.17205, -0.08211], [0.36094, -0.60877, 2.07467, 0.85531, -1.99663, -1.12564, -0.02111], [0.50005, -0.37331, 1.89464, 0.74693, -1.69809, -1.1828, -0.21771], [0.63917, -0.13784, 1.71462, 0.63856, -1.39954, -1.23996, -0.41431], [0.77828, 0.09763, 1.53459, 0.53019, -1.101, -1.29712, -0.61092], [0.91739, 0.3331, 1.35456, 0.42182, -0.80245, -1.35428, -0.80752], [1.0565, 0.56856, 1.17454, 0.31345, -0.50391, -1.41144, -1.00412], [1.19561, 0.80403, 0.99451, 0.20507, -0.20536, -1.4686, -1.20073], [1.20535, 0.82051, 0.98191, 0.19749, -0.18446, -1.4726, -1.21449], [1.10199, 0.81746, 1.18044, 0.07081, -0.56611, -1.42154, -1.02585], [0.99863, 0.81441, 1.37896, -0.05586, -0.94775, -1.37048, -0.8372], [0.89527, 0.81136, 1.57749, -0.18253, -1.3294, -1.31941, -0.64855], [0.79191, 0.80831, 1.77602, -0.30921, -1.71105, -1.26835, -0.45991], [0.68855, 0.80526, 1.97454, -0.43588, -2.09269, -1.21729, -0.27126]]
end: [0.59719999999999995, 0.80256000000000005, 2.1499999999999999, -0.54783000000000004, -2.4299900000000001, -1.1721600000000001, -0.10453999999999999]
obtacles: [[[0.6, 0.5, -1.0], [0.9, 0.6, 1.0]], [[0.6, -0.6, -1.0], [0.9, -0.5, 1.0]], [[0.6, -0.6, 0.9], [0.9, 0.6, 1.0]], [[0.6, -0.6, -1.0], [0.9, 0.6, -0.9]], [[0.6, -0.6, 0.4], [0.9, 0.6, 0.5]], [[0.6, -0.6, -0.6], [0.9, 0.6, -0.5]], [[0.6, -0.2, 0.5], [0.9, -0.1, 1.0]], [[0.6, 0.2, -0.6], [0.9, 0.3, 0.5]], [[0.6, -0.2, -1.0], [0.9, -0.1, -0.5]]]
start: [-1.0632200000000001, 1.6068100000000001, 1.6000000000000001, 1.9177200000000001, -1.59476, -1.5310999999999999, -0.85350000000000004]
tajectories: [[-1.06322, 1.60681, 1.6, 1.91772, -1.59476, -1.5311, -0.8535], [-1.11338, 1.3595, 1.51963, 2.03168, -1.22084, -1.47759, -0.69794], [-1.16354, 1.11219, 1.43926, 2.14565, -0.84693, -1.42409, -0.54239], [-1.21371, 0.86487, 1.35889, 2.25962, -0.47301, -1.37058, -0.38683], [-1.26387, 0.61756, 1.27852, 2.37358, -0.09909, -1.31707, -0.23128], [-1.31403, 0.37025, 1.19815, 2.48755, 0.27482, -1.26357, -0.07572], [-1.36419, 0.12294, 1.11778, 2.60151, 0.64874, -1.21006, 0.07983], [-1.41435, -0.12438, 1.03742, 2.71548, 1.02265, -1.15655, 0.23539], [-1.44981, -0.29916, 0.98061, 2.79602, 1.28691, -1.11874, 0.34533], [-1.60547, -0.39942, 1.18855, 2.40989, 1.18285, -1.15448, 0.23915], [-1.76114, -0.49968, 1.39649, 2.02376, 1.07879, -1.19023, 0.13297], [-1.9168, -0.59994, 1.60442, 1.63763, 0.97472, -1.22598, 0.02679], [-2.07247, -0.7002, 1.81236, 1.2515, 0.87066, -1.26173, -0.07939], [-2.22814, -0.80046, 2.02029, 0.86536, 0.76659, -1.29748, -0.18556]]
end: [-2.2878099999999999, -0.83889000000000002, 2.1000000000000001, 0.71735000000000004, 0.72670000000000001, -1.3111900000000001, -0.22625999999999999]
obtacles: [[[0.6, 0.5, -1.0], [0.9, 0.6, 1.0]], [[0.6, -0.6, -1.0], [0.9, -0.5, 1.0]], [[0.6, -0.6, 0.9], [0.9, 0.6, 1.0]], [[0.6, -0.6, -1.0], [0.9, 0.6, -0.9]], [[0.6, -0.6, 0.4], [0.9, 0.6, 0.5]], [[0.6, -0.6, -0.6], [0.9, 0.6, -0.5]], [[0.6, -0.2, 0.5], [0.9, -0.1, 1.0]], [[0.6, 0.2, -0.6], [0.9, 0.3, 0.5]], [[0.6, -0.2, -1.0], [0.9, -0.1, -0.5]]]
start: [-2.0310100000000002, -1.68956, 1.55, 1.59331, -1.4524999999999999, 1.54748, -2.6614900000000001]
tajectories: [[-2.03101, -1.68956, 1.55, 1.59331, -1.4525, 1.54748, -2.66149], [-1.8842, -1.70406, 1.41729, 1.7558, -1.76279, 1.25296, -2.6268], [-1.73739, -1.71855, 1.28458, 1.91828, -2.07307, 0.95844, -2.59212], [-1.59058, -1.73305, 1.15188, 2.08077, -2.38336, 0.66392, -2.55744], [-1.44377, -1.74755, 1.01917, 2.24326, -2.69365, 0.3694, -2.52276], [-1.29696, -1.76205, 0.88646, 2.40574, -3.00393, 0.07488, -2.48808], [-1.15015, -1.77655, 0.75375, 2.56823, -3.31422, -0.21964, -2.45339], [-1.12035, -1.77949, 0.72682, 2.60121, -3.37719, -0.27942, -2.44635], [-1.11625, -1.48655, 0.88657, 2.51828, -3.42868, -0.48663, -2.15278], [-1.11215, -1.19361, 1.04633, 2.43535, -3.48016, -0.69384, -1.85921], [-1.10807, -0.90159, 1.20559, 2.35268, -3.53148, -0.9004, -1.56656], [-1.26985, -0.52944, 1.15773, 2.26845, -3.31041, -1.03536, -1.47241], [-1.43163, -0.1573, 1.10988, 2.18421, -3.08934, -1.17032, -1.37827], [-1.59341, 0.21484, 1.06202, 2.09997, -2.86827, -1.30529, -1.28413], [-1.75519, 0.58698, 1.01416, 2.01573, -2.64719, -1.44025, -1.18999], [-1.91051, 0.94427, 0.96821, 1.93486, -2.43495, -1.56983, -1.0996], [-1.99537, 0.93183, 1.17359, 2.02154, -2.20696, -1.47848, -0.73542], [-2.08022, 0.91939, 1.37898, 2.10822, -1.97897, -1.38714, -0.37124], [-2.16507, 0.90694, 1.58436, 2.19489, -1.75098, -1.2958, -0.00706], [-2.24993, 0.8945, 1.78974, 2.28157, -1.523, -1.20446, 0.35712], [-2.33478, 0.88206, 1.99512, 2.36825, -1.29501, -1.11312, 0.72131], [-2.36541, 0.87756, 2.06927, 2.39954, -1.2127, -1.08014, 0.85278], [-2.06864, 0.89115, 1.95441, 2.05684, -1.17837, -1.10313, 0.68134], [-1.77186, 0.90474, 1.83956, 1.71413, -1.14403, -1.12613, 0.50989], [-1.47509, 0.91833, 1.72471, 1.37142, -1.1097, -1.14912, 0.33845], [-1.17831, 0.93191, 1.60986, 1.02871, -1.07536, -1.17211, 0.167]]
end: [-1.0236400000000001, 0.93898999999999999, 1.55, 0.85009999999999997, -1.0574699999999999, -1.1840999999999999, 0.077649999999999997]
obtacles: [[[0.6, 0.5, -1.0], [0.9, 0.6, 1.0]], [[0.6, -0.6, -1.0], [0.9, -0.5, 1.0]], [[0.6, -0.6, 0.9], [0.9, 0.6, 1.0]], [[0.6, -0.6, -1.0], [0.9, 0.6, -0.9]], [[0.6, -0.6, 0.4], [0.9, 0.6, 0.5]], [[0.6, -0.6, -0.6], [0.9, 0.6, -0.5]], [[0.6, -0.2, 0.5], [0.9, -0.1, 1.0]], [[0.6, 0.2, -0.6], [0.9, 0.3, 0.5]], [[0.6, -0.2, -1.0], [0.9, -0.1, -0.5]]]
start: [-0.16711000000000001, 1.9319599999999999, 2.1000000000000001, 0.65647, -2.2016100000000001, -1.56247, -0.38779000000000002]
tajectories: [[-0.16711, 1.93196, 2.1, 0.65647, -2.20161, -1.56247, -0.38779], [-0.30346, 1.93446, 2.10007, 0.94092, -1.86285, -1.41274, -0.27241], [-0.4398, 1.93695, 2.10013, 1.22537, -1.52409, -1.26302, -0.15703], [-0.57615, 1.93945, 2.1002, 1.50983, -1.18532, -1.11329, -0.04164], [-0.7125, 1.94194, 2.10026, 1.79428, -0.84656, -0.96356, 0.07374], [-0.84885, 1.94444, 2.10033, 2.07873, -0.5078, -0.81383, 0.18912], [-0.91418, 1.94563, 2.10036, 2.21502, -0.34548, -0.74209, 0.24441], [-0.94363, 1.70787, 1.92349, 2.23101, -0.20265, -0.44326, 0.01778], [-0.97308, 1.4701, 1.74662, 2.24699, -0.05982, -0.14442, -0.20884], [-1.00252, 1.23233, 1.56975, 2.26298, 0.08301, 0.15442, -0.43547], [-1.03197, 0.99457, 1.39288, 2.27897, 0.22584, 0.45325, -0.66209], [-1.06142, 0.7568, 1.21602, 2.29495, 0.36867, 0.75209, -0.88871], [-1.09087, 0.51904, 1.03915, 2.31094, 0.5115, 1.05093, -1.11534], [-1.10341, 0.41779, 0.96383, 2.31774, 0.57232, 1.17818, -1.21184], [-0.89884, 0.53233, 1.11693, 2.40712, 0.5587, 0.82728, -1.41256], [-0.69427, 0.64687, 1.27004, 2.49649, 0.54508, 0.47639, -1.61328], [-0.4897, 0.76142, 1.42314, 2.58586, 0.53146, 0.12549, -1.814], [-0.28513, 0.87596, 1.57624, 2.67524, 0.51784, -0.22541, -2.01472], [-0.08056, 0.9905, 1.72935, 2.76461, 0.50422, -0.57631, -2.21544], [0.11017, 1.0973, 1.8721, 2.84794, 0.49152, -0.90347, -2.40259], [0.01385, 1.06212, 1.91471, 2.53254, 0.20619, -0.90557, -2.16432], [-0.08246, 1.02695, 1.95733, 2.21713, -0.07914, -0.90766, -1.92606], [-0.17878, 0.99178, 1.99994, 1.90173, -0.36447, -0.90975, -1.68779], [-0.2751, 0.95661, 2.04256, 1.58633, -0.64981, -0.91184, -1.44952], [-0.37142, 0.92144, 2.08517, 1.27092, -0.93514, -0.91394, -1.21125]]
end: [-0.40493000000000001, 0.90920000000000001, 2.1000000000000001, 1.1611899999999999, -1.0344100000000001, -0.91466999999999998, -1.12836]
obtacles: [[[0.6, 0.5, -1.0], [0.9, 0.6, 1.0]], [[0.6, -0.6, -1.0], [0.9, -0.5, 1.0]], [[0.6, -0.6, 0.9], [0.9, 0.6, 1.0]], [[0.6, -0.6, -1.0], [0.9, 0.6, -0.9]], [[0.6, -0.6, 0.4], [0.9, 0.6, 0.5]], [[0.6, -0.6, -0.6], [0.9, 0.6, -0.5]], [[0.6, -0.2, 0.5], [0.9, -0.1, 1.0]], [[0.6, 0.2, -0.6], [0.9, 0.3, 0.5]], [[0.6, -0.2, -1.0], [0.9, -0.1, -0.5]]]
start: [-0.76005, 1.8942600000000001, 2.1000000000000001, 0.63470000000000004, 0.95925000000000005, 1.5429299999999999, -2.9190800000000001]
tajectories: [[-0.76005, 1.89426, 2.1, 0.6347, 0.95925, 1.54293, -2.91908], [-0.68223, 1.85844, 2.1382, 0.58471, 0.65845, 1.40467, -2.55976], [-0.6044, 1.82263, 2.1764, 0.53473, 0.35765, 1.26641, -2.20044], [-0.52657, 1.78681, 2.21459, 0.48475, 0.05686, 1.12816, -1.84113], [-0.44875, 1.75099, 2.25279, 0.43477, -0.24394, 0.9899, -1.48181], [-0.37092, 1.71517, 2.29099, 0.38478, -0.54474, 0.85164, -1.12249], [-0.29309, 1.67936, 2.32919, 0.3348, -0.84553, 0.71338, -0.76318], [-0.21527, 1.64354, 2.36739, 0.28482, -1.14633, 0.57512, -0.40386], [-0.13744, 1.60772, 2.40559, 0.23484, -1.44713, 0.43687, -0.04454], [-0.12206, 1.60064, 2.41314, 0.22496, -1.50659, 0.40953, 0.02649], [-0.26799, 1.58488, 2.21701, 0.46119, -1.74819, 0.29875, 0.27856], [-0.41392, 1.56911, 2.02088, 0.69743, -1.98979, 0.18796, 0.53062], [-0.55985, 1.55334, 1.82475, 0.93366, -2.23139, 0.07718, 0.78269], [-0.70578, 1.53758, 1.62862, 1.1699, -2.473, -0.03361, 1.03476], [-0.85171, 1.52181, 1.4325, 1.40613, -2.7146, -0.1444, 1.28683], [-0.93711, 1.51259, 1.31771, 1.54439, -2.85599, -0.20924, 1.43435], [-0.85147, 1.47973, 0.84493, 1.5953, -2.95831, -0.15701, 1.38663], [-0.76582, 1.44688, 0.37215, 1.6462, -3.06063, -0.10479, 1.33891], [-0.68017, 1.41403, -0.10063, 1.6971, -3.16295, -0.05256, 1.29119], [-0.59453, 1.38117, -0.57341, 1.748, -3.26528, -0.00034, 1.24347], [-0.50888, 1.34832, -1.04619, 1.7989, -3.3676, 0.05188, 1.19575], [-0.42324, 1.31547, -1.51897, 1.84981, -3.46992, 0.10411, 1.14803], [-0.33759, 1.28261, -1.99175, 1.90071, -3.57224, 0.15633, 1.10031], [-0.32639, 1.27832, -2.05355, 1.90736, -3.58561, 0.16316, 1.09407], [-0.38957, 1.07524, -1.86986, 1.85436, -3.34277, 0.36584, 1.35517], [-0.45275, 0.87217, -1.68617, 1.80136, -3.09994, 0.56852, 1.61626], [-0.51593, 0.6691, -1.50249, 1.74837, -2.8571, 0.7712, 1.87735], [-0.57911, 0.46602, -1.3188, 1.69537, -2.61426, 0.97388, 2.13845], [-0.6423, 0.26295, -1.13511, 1.64237, -2.37142, 1.17657, 2.39954], [-0.68541, 0.12437, -1.00976, 1.6062, -2.2057, 1.31488, 2.57772], [-0.30279, 0.0334, -0.94011, 1.55993, -1.95654, 1.23817, 2.43503], [0.07984, -0.05757, -0.87046, 1.51366, -1.70737, 1.16146, 2.29233], [0.46246, -0.14854, -0.80081, 1.46738, -1.4582, 1.08474, 2.14964], [0.84508, -0.23951, -0.73116, 1.42111, -1.20903, 1.00803, 2.00695], [1.22771, -0.33048, -0.66151, 1.37484, -0.95986, 0.93132, 1.86425], [1.61033, -0.42145, -0.59187, 1.32856, -0.71069, 0.85461, 1.72156], [1.99296, -0.51242, -0.52222, 1.28229, -0.46152, 0.7779, 1.57887], [1.99393, -0.51265, -0.52204, 1.28217, -0.46088, 0.7777, 1.5785], [1.87281, -0.30793, -0.23807, 1.03954, -0.45767, 0.82284, 1.35077], [1.75168, -0.10322, 0.0459, 0.7969, -0.45446, 0.86798, 1.12303], [1.63056, 0.1015, 0.32986, 0.55427, -0.45125, 0.91311, 0.89529], [1.50943, 0.30622, 0.61383, 0.31164, -0.44804, 0.95825, 0.66756], [1.38831, 0.51093, 0.8978, 0.069, -0.44482, 1.00339, 0.43982], [1.26719, 0.71565, 1.18176, -0.17363, -0.44161, 1.04852, 0.21208], [1.16619, 0.88635, 1.41854, -0.37595, -0.43894, 1.08616, 0.02219], [1.10995, 0.88489, 1.52762, -0.39403, -0.24041, 1.10099, 0.46375], [1.05372, 0.88344, 1.6367, -0.4121, -0.04189, 1.11581, 0.90532], [0.99748, 0.88198, 1.74577, -0.43018, 0.15663, 1.13064, 1.34688], [0.94125, 0.88053, 1.85485, -0.44826, 0.35516, 1.14546, 1.78845], [0.88501, 0.87907, 1.96393, -0.46634, 0.55368, 1.16029, 2.23001], [0.82878, 0.87762, 2.073, -0.48442, 0.7522, 1.17511, 2.67158]]
end: [0.81486000000000003, 0.87726000000000004, 2.1000000000000001, -0.48888999999999999, 0.80132999999999999, 1.1787799999999999, 2.7808600000000001]
obtacles: [[[0.6, 0.5, -1.0], [0.9, 0.6, 1.0]], [[0.6, -0.6, -1.0], [0.9, -0.5, 1.0]], [[0.6, -0.6, 0.9], [0.9, 0.6, 1.0]], [[0.6, -0.6, -1.0], [0.9, 0.6, -0.9]], [[0.6, -0.6, 0.4], [0.9, 0.6, 0.5]], [[0.6, -0.6, -0.6], [0.9, 0.6, -0.5]], [[0.6, -0.2, 0.5], [0.9, -0.1, 1.0]], [[0.6, 0.2, -0.6], [0.9, 0.3, 0.5]], [[0.6, -0.2, -1.0], [0.9, -0.1, -0.5]]]
start: [-0.79066999999999998, 1.68882, 1.95, 1.5993599999999999, -1.68649, -1.1909099999999999, -0.76375000000000004]
tajectories: [[-0.79067, 1.68882, 1.95, 1.59936, -1.68649, -1.19091, -0.76375], [-0.79967, 1.88091, 1.95, 1.38724, -1.95924, -1.2806, -0.47119]]
end: [-0.80052000000000001, 1.8989799999999999, 1.95, 1.3672800000000001, -1.9849000000000001, -1.28904, -0.44367000000000001]
obtacles: [[[0.6, 0.5, -1.0], [0.9, 0.6, 1.0]], [[0.6, -0.6, -1.0], [0.9, -0.5, 1.0]], [[0.6, -0.6, 0.9], [0.9, 0.6, 1.0]], [[0.6, -0.6, -1.0], [0.9, 0.6, -0.9]], [[0.6, -0.6, 0.4], [0.9, 0.6, 0.5]], [[0.6, -0.6, -0.6], [0.9, 0.6, -0.5]], [[0.6, -0.2, 0.5], [0.9, -0.1, 1.0]], [[0.6, 0.2, -0.6], [0.9, 0.3, 0.5]], [[0.6, -0.2, -1.0], [0.9, -0.1, -0.5]]]
start: [-0.24388000000000001, 1.84629, 1.75, 1.08205, -1.89737, -1.5470699999999999, -0.80935999999999997]
tajectories: [[-0.24388, 1.84629, 1.75, 1.08205, -1.89737, -1.54707, -0.80936], [-0.39503, 1.59856, 1.47133, 1.36876, -1.88486, -1.51637, -0.87879], [-0.54618, 1.35083, 1.19266, 1.65548, -1.87234, -1.48567, -0.94823], [-0.69733, 1.1031, 0.914, 1.94219, -1.85983, -1.45496, -1.01767], [-0.84848, 0.85537, 0.63533, 2.22891, -1.84732, -1.42426, -1.08711], [-0.99963, 0.60764, 0.35666, 2.51562, -1.8348, -1.39356, -1.15655], [-1.13093, 0.39245, 0.11459, 2.76468, -1.82393, -1.36689, -1.21687], [-0.73172, 0.2438, 0.19914, 2.75415, -1.76311, -1.37872, -1.45652], [-0.33251, 0.09515, 0.28369, 2.74361, -1.70229, -1.39056, -1.69617], [0.06671, -0.0535, 0.36823, 2.73308, -1.64147, -1.40239, -1.93583], [0.46592, -0.20215, 0.45278, 2.72254, -1.58065, -1.41423, -2.17548], [0.86513, -0.3508, 0.53733, 2.71201, -1.51984, -1.42606, -2.41514], [0.99891, -0.40062, 0.56566, 2.70848, -1.49945, -1.43003, -2.49545], [0.851, -0.27649, 0.5317, 2.42451, -1.28336, -1.14491, -2.44129], [0.70309, -0.15236, 0.49773, 2.14054, -1.06726, -0.85979, -2.38714], [0.55518, -0.02823, 0.46376, 1.85658, -0.85116, -0.57468, -2.33299], [0.40727, 0.09591, 0.4298, 1.57261, -0.63507, -0.28956, -2.27883], [0.25936, 0.22004, 0.39583, 1.28864, -0.41897, -0.00444, -2.22468], [0.11144, 0.34417, 0.36186, 1.00467, -0.20288, 0.28068, -2.17053], [0.01408, 0.42588, 0.3395, 0.81775, -0.06063, 0.46836, -2.13488], [0.05508, 0.49693, 0.60847, 0.75768, -0.28984, 0.22029, -1.90414], [0.09607, 0.56798, 0.87743, 0.69761, -0.51905, -0.02779, -1.6734], [0.13707, 0.63904, 1.1464, 0.63754, -0.74827, -0.27586, -1.44266], [0.17807, 0.71009, 1.41536, 0.57747, -0.97748, -0.52393, -1.21192], [0.21906, 0.78114, 1.68432, 0.5174, -1.20669, -0.77201, -0.98118]]
end: [0.22907, 0.79849000000000003, 1.75, 0.50273000000000001, -1.2626599999999999, -0.83257999999999999, -0.92483000000000004]
obtacles: [[[0.6, 0.5, -1.0], [0.9, 0.6, 1.0]], [[0.6, -0.6, -1.0], [0.9, -0.5, 1.0]], [[0.6, -0.6, 0.9], [0.9, 0.6, 1.0]], [[0.6, -0.6, -1.0], [0.9, 0.6, -0.9]], [[0.6, -0.6, 0.4], [0.9, 0.6, 0.5]], [[0.6, -0.6, -0.6], [0.9, 0.6, -0.5]], [[0.6, -0.2, 0.5], [0.9, -0.1, 1.0]], [[0.6, 0.2, -0.6], [0.9, 0.3, 0.5]], [[0.6, -0.2, -1.0], [0.9, -0.1, -0.5]]]
start: [-0.38475999999999999, 1.9390799999999999, 1.75, 1.5764199999999999, -1.94364, -1.40168, -1.1262300000000001]
tajectories: [[-0.38476, 1.93908, 1.75, 1.57642, -1.94364, -1.40168, -1.12623], [-0.74508, 1.92743, 1.80937, 1.88343, -1.84634, -1.29713, -1.16924], [-1.10541, 1.91578, 1.86874, 2.19045, -1.74903, -1.19259, -1.21225], [-1.3976, 1.90633, 1.91689, 2.4394, -1.67013, -1.10782, -1.24712], [-1.63269, 1.66601, 2.07718, 2.4729, -1.72719, -1.10417, -0.92018], [-1.86779, 1.42569, 2.23747, 2.5064, -1.78426, -1.10053, -0.59324], [-2.10288, 1.18537, 2.39776, 2.5399, -1.84132, -1.09689, -0.26629], [-2.32934, 0.95388, 2.55217, 2.57216, -1.89629, -1.09338, 0.04864], [-2.05721, 0.96151, 2.38876, 2.21019, -1.76174, -1.08635, 0.05018], [-1.78507, 0.96914, 2.22534, 1.84821, -1.62719, -1.07932, 0.05172], [-1.51294, 0.97676, 2.06193, 1.48624, -1.49265, -1.0723, 0.05325], [-1.2408, 0.98439, 1.89851, 1.12427, -1.3581, -1.06527, 0.05479]]
end: [-0.99348000000000003, 0.99131999999999998, 1.75, 0.79530000000000001, -1.2358199999999999, -1.05888, 0.056189999999999997]
obtacles: [[[0.6, 0.5, -1.0], [0.9, 0.6, 1.0]], [[0.6, -0.6, -1.0], [0.9, -0.5, 1.0]], [[0.6, -0.6, 0.9], [0.9, 0.6, 1.0]], [[0.6, -0.6, -1.0], [0.9, 0.6, -0.9]], [[0.6, -0.6, 0.4], [0.9, 0.6, 0.5]], [[0.6, -0.6, -0.6], [0.9, 0.6, -0.5]], [[0.6, -0.2, 0.5], [0.9, -0.1, 1.0]], [[0.6, 0.2, -0.6], [0.9, 0.3, 0.5]], [[0.6, -0.2, -1.0], [0.9, -0.1, -0.5]]]
start: [-0.24729000000000001, 1.50634, 1.75, 0.78496999999999995, -1.65239, -1.39866, -0.53642999999999996]
tajectories: [[-0.24729, 1.50634, 1.75, 0.78497, -1.65239, -1.39866, -0.53643]]
end: [-0.34745999999999999, 1.5065, 1.75, 1.1344399999999999, -1.58806, -1.3813, -0.79110999999999998]
obtacles: [[[0.6, 0.5, -1.0], [0.9, 0.6, 1.0]], [[0.6, -0.6, -1.0], [0.9, -0.5, 1.0]], [[0.6, -0.6, 0.9], [0.9, 0.6, 1.0]], [[0.6, -0.6, -1.0], [0.9, 0.6, -0.9]], [[0.6, -0.6, 0.4], [0.9, 0.6, 0.5]], [[0.6, -0.6, -0.6], [0.9, 0.6, -0.5]], [[0.6, -0.2, 0.5], [0.9, -0.1, 1.0]], [[0.6, 0.2, -0.6], [0.9, 0.3, 0.5]], [[0.6, -0.2, -1.0], [0.9, -0.1, -0.5]]]
start: [-0.87785999999999997, 0.87524000000000002, 1.25, 0.72411999999999999, -0.87707999999999997, -1.24543, 0.15237999999999999]
tajectories: [[-0.87786, 0.87524, 1.25, 0.72412, -0.87708, -1.24543, 0.15238], [-0.89735, 0.61822, 0.87521, 0.86474, -0.93513, -1.2986, 0.28324], [-0.91684, 0.3612, 0.50042, 1.00535, -0.99319, -1.35176, 0.4141], [-0.93633, 0.10418, 0.12563, 1.14597, -1.05125, -1.40492, 0.54496], [-0.95028, -0.07977, -0.14261, 1.24661, -1.0928, -1.44297, 0.63861], [-1.03186, 0.20098, -0.1823, 1.5524, -0.94493, -1.28553, 0.48765], [-1.11345, 0.48173, -0.22198, 1.85818, -0.79707, -1.12809, 0.33669], [-1.16141, 0.64675, -0.24531, 2.03792, -0.71015, -1.03555, 0.24796], [-1.27712, 0.99629, -0.21058, 2.05457, -0.70739, -1.20119, -0.04445], [-1.39283, 1.34584, -0.17586, 2.07123, -0.70462, -1.36684, -0.33685], [-1.45729, 1.54056, -0.15652, 2.08052, -0.70308, -1.45912, -0.49975], [-1.36815, 1.5645, 0.15769, 2.00482, -1.04625, -1.41682, -0.63191], [-1.27901, 1.58843, 0.4719, 1.92912, -1.38943, -1.37452, -0.76407], [-1.18987, 1.61237, 0.78611, 1.85343, -1.7326, -1.33222, -0.89623], [-1.14928, 1.62327, 0.92919, 1.81896, -1.88887, -1.31295, -0.95641], [-0.8044, 1.76111, 1.208, 1.71954, -1.91628, -1.40747, -1.07789], [-0.45951, 1.89894, 1.4868, 1.62012, -1.94369, -1.50199, -1.19936]]
end: [-0.31947999999999999, 1.9549099999999999, 1.6000000000000001, 1.5797600000000001, -1.95482, -1.54036, -1.24868]
obtacles: [[[0.6, 0.5, -1.0], [0.9, 0.6, 1.0]], [[0.6, -0.6, -1.0], [0.9, -0.5, 1.0]], [[0.6, -0.6, 0.9], [0.9, 0.6, 1.0]], [[0.6, -0.6, -1.0], [0.9, 0.6, -0.9]], [[0.6, -0.6, 0.4], [0.9, 0.6, 0.5]], [[0.6, -0.6, -0.6], [0.9, 0.6, -0.5]], [[0.6, -0.2, 0.5], [0.9, -0.1, 1.0]], [[0.6, 0.2, -0.6], [0.9, 0.3, 0.5]], [[0.6, -0.2, -1.0], [0.9, -0.1, -0.5]]]
start: [-0.32619999999999999, 1.8273699999999999, 1.6499999999999999, 1.4154199999999999, -1.8366400000000001, -1.5344500000000001, -1.0741400000000001]
tajectories: [[-0.3262, 1.82737, 1.65, 1.41542, -1.83664, -1.53445, -1.07414], [-0.6008, 1.76409, 1.67837, 1.68431, -1.6228, -1.35162, -1.20951], [-0.87541, 1.70081, 1.70675, 1.9532, -1.40896, -1.16879, -1.34489], [-1.15001, 1.63753, 1.73512, 2.22209, -1.19511, -0.98596, -1.48026], [-1.42461, 1.57426, 1.7635, 2.49098, -0.98127, -0.80312, -1.61564], [-1.69921, 1.51098, 1.79187, 2.75987, -0.76743, -0.62029, -1.75101], [-1.97204, 1.44811, 1.82007, 3.02703, -0.55497, -0.43864, -1.88551], [-2.129, 1.32158, 1.8804, 2.62369, -0.46604, -0.56562, -2.02339], [-2.28595, 1.19505, 1.94073, 2.22036, -0.37712, -0.6926, -2.16126], [-2.4429, 1.06852, 2.00106, 1.81703, -0.2882, -0.81958, -2.29914], [-2.47532, 1.04238, 2.01353, 1.73371, -0.26983, -0.84581, -2.32762], [-2.46039, 0.98844, 1.69769, 1.47338, -0.34798, -0.7682, -2.06837], [-2.44546, 0.93449, 1.38185, 1.21304, -0.42614, -0.69058, -1.80913], [-2.43053, 0.88054, 1.06602, 0.95271, -0.50429, -0.61296, -1.54988], [-2.4156, 0.8266, 0.75018, 0.69237, -0.58244, -0.53535, -1.29064], [-2.40067, 0.77265, 0.43435, 0.43204, -0.66059, -0.45773, -1.03139], [-2.38574, 0.7187, 0.11851, 0.1717, -0.73875, -0.38011, -0.77214], [-2.37082, 0.66475, -0.19732, -0.08863, -0.8169, -0.3025, -0.5129], [-2.36974, 0.66087, -0.22004, -0.10736, -0.82252, -0.29691, -0.49425], [-2.05954, 0.68092, 0.05966, -0.14631, -0.99492, -0.38489, -0.30408], [-1.74934, 0.70097, 0.33936, -0.18525, -1.16731, -0.47286, -0.11391], [-1.43914, 0.72101, 0.61906, -0.2242, -1.33971, -0.56083, 0.07627], [-1.12894, 0.74106, 0.89876, -0.26315, -1.51211, -0.6488, 0.26644], [-0.81874, 0.7611, 1.17846, -0.3021, -1.6845, -0.73677, 0.45661], [-0.50854, 0.78115, 1.45816, -0.34104, -1.8569, -0.82475, 0.64679]]
end: [-0.29577999999999999, 0.79490000000000005, 1.6499999999999999, -0.36775999999999998, -1.9751399999999999, -0.88509000000000004, 0.77722000000000002]
