obtacles: [[[0.6, 0.5, -1.0], [0.9, 0.6, 1.0]], [[0.6, -0.6, -1.0], [0.9, -0.5, 1.0]], [[0.6, -0.6, 0.9], [0.9, 0.6, 1.0]], [[0.6, -0.6, -1.0], [0.9, 0.6, -0.9]], [[0.6, -0.6, 0.3], [0.9, 0.6, 0.4]], [[0.6, -0.6, -0.6], [0.9, 0.6, -0.5]], [[0.6, -0.3, 0.4], [0.9, -0.2, 1.0]], [[0.6, 0.0, -0.6], [0.9, 0.1, 0.4]], [[0.6, 0.2, -1.0], [0.9, 0.3, -0.5]]]
start: [2.14472, -1.9640599999999999, -1.55, 1.7430699999999999, 1.18577, 1.4860800000000001, 2.4160599999999999]
tajectories: [[2.14472, -1.96406, -1.55, 1.74307, 1.18577, 1.48608, 2.41606], [2.03253, -1.75169, -1.7376, 1.83128, 1.08274, 1.32622, 2.07966], [1.92035, -1.53931, -1.92519, 1.91948, 0.97971, 1.16636, 1.74325], [1.80816, -1.32694, -2.11279, 2.00769, 0.87668, 1.0065, 1.40684], [1.69598, -1.11457, -2.30038, 2.0959, 0.77366, 0.84663, 1.07044], [1.58379, -0.9022, -2.48798, 2.1841, 0.67063, 0.68677, 0.73403], [1.49982, -0.74324, -2.62839, 2.25013, 0.59351, 0.56712, 0.48223], [1.7791, -0.57875, -2.36821, 2.44065, 0.50309, 0.45882, 0.33715], [1.93091, -0.48933, -2.22677, 2.54423, 0.45394, 0.39995, 0.25828], [1.75451, -0.24849, -2.11693, 2.28952, 0.55366, 0.12809, 0.24899], [1.57811, -0.00765, -2.0071, 2.03481, 0.65338, -0.14376, 0.2397], [1.4017, 0.2332, -1.89726, 1.78009, 0.7531, -0.41561, 0.23041], [1.2253, 0.47404, -1.78743, 1.52538, 0.85282, -0.68747, 0.22112], [1.0489, 0.71488, -1.67759, 1.27067, 0.95254, -0.95932, 0.21184], [0.87249, 0.95572, -1.56776, 1.01596, 1.05226, -1.23117, 0.20255]]
end: [0.84397, 0.99465999999999999, -1.55, 0.97477999999999998, 1.0683800000000001, -1.27512, 0.20104]
obtacles: [[[0.6, 0.5, -1.0], [0.9, 0.6, 1.0]], [[0.6, -0.6, -1.0], [0.9, -0.5, 1.0]], [[0.6, -0.6, 0.9], [0.9, 0.6, 1.0]], [[0.6, -0.6, -1.0], [0.9, 0.6, -0.9]], [[0.6, -0.6, 0.3], [0.9, 0.6, 0.4]], [[0.6, -0.6, -0.6], [0.9, 0.6, -0.5]], [[0.6, -0.3, 0.4], [0.9, -0.2, 1.0]], [[0.6, 0.0, -0.6], [0.9, 0.1, 0.4]], [[0.6, 0.2, -1.0], [0.9, 0.3, -0.5]]]
start: [2.5522100000000001, -1.94706, -1.3500000000000001, 1.13642, 1.13819, 1.5406599999999999, 2.6433800000000001]
tajectories: [[2.55221, -1.94706, -1.35, 1.13642, 1.13819, 1.54066, 2.64338], [2.35924, -1.89434, -1.38563, 1.34023, 1.06187, 1.33667, 2.29736], [2.16627, -1.84161, -1.42127, 1.54405, 0.98555, 1.13268, 1.95133], [1.9733, -1.78888, -1.4569, 1.74786, 0.90923, 0.92869, 1.6053], [1.78033, -1.73616, -1.49253, 1.95168, 0.83291, 0.72469, 1.25928], [1.58736, -1.68343, -1.52817, 2.15549, 0.75659, 0.5207, 0.91325], [1.39439, -1.6307, -1.5638, 2.35931, 0.68027, 0.31671, 0.56723], [1.20142, -1.57798, -1.59943, 2.56312, 0.60395, 0.11272, 0.2212], [1.16636, -1.5684, -1.60591, 2.60015, 0.59008, 0.07566, 0.15834], [1.40055, -1.28029, -1.36284, 2.50544, 0.75807, -0.01677, 0.0727], [1.63474, -0.99218, -1.11977, 2.41073, 0.92606, -0.1092, -0.01294], [1.86893, -0.70407, -0.8767, 2.31603, 1.09406, -0.20163, -0.09858], [2.10312, -0.41597, -0.63363, 2.22132, 1.26205, -0.29406, -0.18422], [2.15142, -0.35654, -0.5835, 2.20179, 1.2967, -0.31312, -0.20188], [1.89051, -0.14746, -0.73568, 1.9348, 1.18819, -0.48199, -0.14287], [1.62961, 0.06163, -0.88785, 1.66781, 1.07968, -0.65085, -0.08386], [1.3687, 0.27071, -1.04003, 1.40082, 0.97118, -0.81972, -0.02485], [1.1078, 0.4798, -1.19221, 1.13384, 0.86267, -0.98858, 0.03416], [0.84689, 0.68889, -1.34439, 0.86685, 0.75416, -1.15745, 0.09317]]
end: [0.83726999999999996, 0.6966, -1.3500000000000001, 0.85699999999999998, 0.75016000000000005, -1.16368, 0.095350000000000004]
obtacles: [[[0.6, 0.5, -1.0], [0.9, 0.6, 1.0]], [[0.6, -0.6, -1.0], [0.9, -0.5, 1.0]], [[0.6, -0.6, 0.9], [0.9, 0.6, 1.0]], [[0.6, -0.6, -1.0], [0.9, 0.6, -0.9]], [[0.6, -0.6, 0.3], [0.9, 0.6, 0.4]], [[0.6, -0.6, -0.6], [0.9, 0.6, -0.5]], [[0.6, -0.3, 0.4], [0.9, -0.2, 1.0]], [[0.6, 0.0, -0.6], [0.9, 0.1, 0.4]], [[0.6, 0.2, -1.0], [0.9, 0.3, -0.5]]]
start: [0.88824000000000003, 1.62239, -1.6000000000000001, 1.7673000000000001, -1.5258700000000001, 1.5321199999999999, -2.26416]
tajectories: [[0.88824, 1.62239, -1.6, 1.7673, -1.52587, 1.53212, -2.26416], [1.24546, 1.69675, -1.66866, 1.89181, -1.32567, 1.30261, -2.32661], [1.60267, 1.77111, -1.73733, 2.01632, -1.12548, 1.0731, -2.38906], [1.95988, 1.84547, -1.80599, 2.14083, -0.92529, 0.84359, -2.45151], [2.24804, 1.90545, -1.86139, 2.24128, -0.7638, 0.65845, -2.50188], [1.98255, 1.67455, -1.98577, 2.10432, -0.7549, 0.76922, -2.2197], [1.71707, 1.44365, -2.11016, 1.96736, -0.746, 0.88, -1.93753], [1.45158, 1.21275, -2.23455, 1.8304, -0.7371, 0.99077, -1.65535], [1.37045, 1.14218, -2.27257, 1.78854, -0.73438, 1.02462, -1.56911], [1.38234, 0.79416, -2.35434, 1.82953, -0.70629, 0.92397, -1.23828], [1.39424, 0.44613, -2.43611, 1.87052, -0.6782, 0.82333, -0.90745], [1.40614, 0.0981, -2.51787, 1.91151, -0.65012, 0.72268, -0.57661], [1.41804, -0.24992, -2.59964, 1.95249, -0.62203, 0.62203, -0.24578], [1.42994, -0.59795, -2.68141, 1.99348, -0.59394, 0.52138, 0.08505], [1.43724, -0.81139, -2.73156, 2.01862, -0.57672, 0.45966, 0.28794], [1.50579, -0.96163, -2.68536, 1.9843, -0.88729, 0.14647, 0.44566], [1.57434, -1.11187, -2.63916, 1.94998, -1.19787, -0.16671, 0.60338], [1.64288, -1.2621, -2.59296, 1.91566, -1.50845, -0.4799, 0.76109], [1.71143, -1.41234, -2.54676, 1.88134, -1.81902, -0.79308, 0.91881], [1.77998, -1.56258, -2.50056, 1.84702, -2.1296, -1.10627, 1.07652], [1.7869, -1.57775, -2.49589, 1.84355, -2.16095, -1.13788, 1.09244], [1.94442, -1.64551, -2.28797, 1.75953, -2.10828, -1.22321, 0.69213], [2.10194, -1.71327, -2.08004, 1.67551, -2.05561, -1.30853, 0.29182], [2.25945, -1.78104, -1.87211, 1.59149, -2.00294, -1.39385, -0.10849], [2.41697, -1.8488, -1.66419, 1.50747, -1.95027, -1.47918, -0.5088]]
end: [2.54135, -1.9023099999999999, -1.5, 1.44113, -1.9086799999999999, -1.5465599999999999, -0.82491000000000003]
obtacles: [[[0.6, 0.5, -1.0], [0.9, 0.6, 1.0]], [[0.6, -0.6, -1.0], [0.9, -0.5, 1.0]], [[0.6, -0.6, 0.9], [0.9, 0.6, 1.0]], [[0.6, -0.6, -1.0], [0.9, 0.6, -0.9]], [[0.6, -0.6, 0.3], [0.9, 0.6, 0.4]], [[0.6, -0.6, -0.6], [0.9, 0.6, -0.5]], [[0.6, -0.3, 0.4], [0.9, -0.2, 1.0]], [[0.6, 0.0, -0.6], [0.9, 0.1, 0.4]], [[0.6, 0.2, -1.0], [0.9, 0.3, -0.5]]]
start: [2.3012100000000002, -1.6151800000000001, -1.5, 1.2193799999999999, -1.6369100000000001, -1.5197000000000001, -0.37574000000000002]
tajectories: [[2.30121, -1.61518, -1.5, 1.21938, -1.63691, -1.5197, -0.37574], [2.25586, -1.63815, -1.54637, 1.38712, -1.97087, -1.33318, -0.64184], [2.21051, -1.66111, -1.59275, 1.55486, -2.30482, -1.14666, -0.90795], [2.16517, -1.68408, -1.63912, 1.72261, -2.63878, -0.96014, -1.17406], [2.11982, -1.70705, -1.6855, 1.89035, -2.97274, -0.77363, -1.44017], [2.07447, -1.73002, -1.73187, 2.05809, -3.30669, -0.58711, -1.70627], [2.02913, -1.75298, -1.77825, 2.22583, -3.64065, -0.40059, -1.97238], [2.02683, -1.75415, -1.7806, 2.23433, -3.65757, -0.39114, -1.98586], [1.96048, -1.59124, -1.68444, 2.30469, -3.23398, -0.2486, -2.05741], [1.89413, -1.42833, -1.58829, 2.37505, -2.81039, -0.10606, -2.12896], [1.82779, -1.26542, -1.49214, 2.44541, -2.38681, 0.03648, -2.20052], [1.76144, -1.10251, -1.39598, 2.51576, -1.96322, 0.17902, -2.27207], [1.69509, -0.9396, -1.29983, 2.58612, -1.53963, 0.32156, -2.34362], [1.62874, -0.77669, -1.20367, 2.65648, -1.11605, 0.4641, -2.41517], [1.56944, -0.63108, -1.11773, 2.71937, -0.73743, 0.5915, -2.47913], [1.67787, -0.39229, -1.37152, 2.50746, -0.49159, 0.55374, -2.37892], [1.78629, -0.1535, -1.62531, 2.29554, -0.24575, 0.51598, -2.27871], [1.89472, 0.08528, -1.8791, 2.08362, 9e-05, 0.47822, -2.1785], [2.00315, 0.32407, -2.13289, 1.87171, 0.24593, 0.44046, -2.07829], [2.11158, 0.56286, -2.38668, 1.65979, 0.49178, 0.4027, -1.97808], [2.22001, 0.80165, -2.64047, 1.44787, 0.73762, 0.36494, -1.87787], [2.23262, 0.82943, -2.67, 1.42322, 0.76622, 0.36055, -1.86622], [2.04638, 0.85468, -2.48122, 1.37145, 0.80599, 0.08086, -1.55549], [1.86014, 0.87993, -2.29244, 1.31968, 0.84576, -0.19883, -1.24476], [1.67391, 0.90519, -2.10366, 1.26791, 0.88552, -0.47852, -0.93404], [1.48767, 0.93044, -1.91488, 1.21615, 0.92529, -0.75822, -0.62331], [1.30143, 0.95569, -1.7261, 1.16438, 0.96506, -1.03791, -0.31259], [1.11519, 0.98095, -1.53731, 1.11261, 1.00483, -1.3176, -0.00186]]
end: [1.0783799999999999, 0.98594000000000004, -1.5, 1.1023799999999999, 1.0126900000000001, -1.3728800000000001, 0.059560000000000002]
obtacles: [[[0.6, 0.5, -1.0], [0.9, 0.6, 1.0]], [[0.6, -0.6, -1.0], [0.9, -0.5, 1.0]], [[0.6, -0.6, 0.9], [0.9, 0.6, 1.0]], [[0.6, -0.6, -1.0], [0.9, 0.6, -0.9]], [[0.6, -0.6, 0.3], [0.9, 0.6, 0.4]], [[0.6, -0.6, -0.6], [0.9, 0.6, -0.5]], [[0.6, -0.3, 0.4], [0.9, -0.2, 1.0]], [[0.6, 0.0, -0.6], [0.9, 0.1, 0.4]], [[0.6, 0.2, -1.0], [0.9, 0.3, -0.5]]]
start: [2.1883300000000001, -1.6878599999999999, -1.55, 1.5177400000000001, -1.6888099999999999, -1.55637, -0.56240999999999997]
tajectories: [[2.18833, -1.68786, -1.55, 1.51774, -1.68881, -1.55637, -0.56241], [2.11069, -1.73672, -1.60817, 1.66727, -1.87239, -1.26164, -0.87108], [2.03304, -1.78557, -1.66633, 1.8168, -2.05598, -0.96692, -1.17976], [1.9554, -1.83443, -1.7245, 1.96633, -2.23956, -0.6722, -1.48843], [1.87775, -1.88329, -1.78267, 2.11586, -2.42314, -0.37748, -1.7971], [1.83398, -1.91083, -1.81546, 2.20016, -2.52664, -0.21133, -1.97112], [1.68295, -1.53498, -2.00291, 2.10903, -2.33001, -0.24628, -2.02211], [1.53192, -1.15914, -2.19037, 2.0179, -2.13338, -0.28123, -2.0731], [1.38088, -0.78329, -2.37783, 1.92678, -1.93675, -0.31619, -2.12409], [1.22985, -0.40745, -2.56528, 1.83565, -1.74011, -0.35114, -2.17507], [1.11588, -0.12382, -2.70674, 1.76688, -1.59173, -0.37752, -2.21355], [1.17186, -0.10503, -2.58601, 1.72227, -1.37067, -0.32012, -1.7919], [1.22784, -0.08625, -2.46529, 1.67766, -1.14961, -0.26272, -1.37026], [1.28382, -0.06746, -2.34456, 1.63305, -0.92855, -0.20531, -0.94861], [1.33979, -0.04867, -2.22383, 1.58844, -0.70749, -0.14791, -0.52696], [1.37987, -0.03522, -2.1374, 1.55651, -0.54924, -0.10682, -0.22512], [1.29515, 0.17272, -2.01728, 1.41689, -0.21472, -0.3345, -0.18128], [1.21044, 0.38065, -1.89716, 1.27728, 0.1198, -0.56218, -0.13744], [1.12573, 0.58859, -1.77704, 1.13766, 0.45432, -0.78986, -0.0936], [1.04102, 0.79652, -1.65692, 0.99804, 0.78885, -1.01754, -0.04976]]
end: [0.96560999999999997, 0.98160000000000003, -1.55, 0.87377000000000005, 1.0866, -1.2201900000000001, -0.01073]
obtacles: [[[0.6, 0.5, -1.0], [0.9, 0.6, 1.0]], [[0.6, -0.6, -1.0], [0.9, -0.5, 1.0]], [[0.6, -0.6, 0.9], [0.9, 0.6, 1.0]], [[0.6, -0.6, -1.0], [0.9, 0.6, -0.9]], [[0.6, -0.6, 0.3], [0.9, 0.6, 0.4]], [[0.6, -0.6, -0.6], [0.9, 0.6, -0.5]], [[0.6, -0.3, 0.4], [0.9, -0.2, 1.0]], [[0.6, 0.0, -0.6], [0.9, 0.1, 0.4]], [[0.6, 0.2, -1.0], [0.9, 0.3, -0.5]]]
start: [2.4843299999999999, -1.7465999999999999, -1.5, 1.26424, -1.7597, -1.55718, -0.59945000000000004]
tajectories: [[2.48433, -1.7466, -1.5, 1.26424, -1.7597, -1.55718, -0.59945], [2.34677, -1.64854, -1.7031, 1.48358, -1.60235, -1.3498, -0.85311], [2.20922, -1.55048, -1.90621, 1.70292, -1.44501, -1.14243, -1.10676], [2.07166, -1.45242, -2.10931, 1.92226, -1.28767, -0.93505, -1.36042], [1.93411, -1.35436, -2.31242, 2.1416, -1.13033, -0.72768, -1.61408], [1.85924, -1.30099, -2.42295, 2.26097, -1.0447, -0.61482, -1.75213], [1.56998, -0.99547, -2.37131, 2.40597, -0.85846, -0.72025, -1.69305], [1.28072, -0.68995, -2.31967, 2.55097, -0.67222, -0.82569, -1.63397], [0.99145, -0.38443, -2.26803, 2.69597, -0.48599, -0.93112, -1.57489], [0.88833, -0.27551, -2.24962, 2.74766, -0.41959, -0.96871, -1.55383], [0.77132, -0.0082, -2.27829, 2.4544, -0.25477, -0.86035, -1.35604], [0.65432, 0.25911, -2.30696, 2.16114, -0.08995, -0.75199, -1.15824], [0.60076, 0.38147, -2.32008, 2.02691, -0.0145, -0.70239, -1.06771], [0.6199, 0.57595, -2.31526, 1.8421, 0.13816, -0.52224, -0.71861], [0.63904, 0.77043, -2.31045, 1.6573, 0.29083, -0.34209, -0.36951], [0.6562, 0.94484, -2.30612, 1.49157, 0.42773, -0.18054, -0.05645], [0.74192, 0.94578, -2.06967, 1.23359, 0.63375, -0.45326, -0.11449], [0.82764, 0.94672, -1.83322, 0.9756, 0.83977, -0.72598, -0.17252], [0.91336, 0.94767, -1.59678, 0.71761, 1.04579, -0.99869, -0.23055]]
end: [0.94843999999999995, 0.94804999999999995, -1.5, 0.61202000000000001, 1.1301099999999999, -1.1103099999999999, -0.25430999999999998]
obtacles: [[[0.6, 0.5, -1.0], [0.9, 0.6, 1.0]], [[0.6, -0.6, -1.0], [0.9, -0.5, 1.0]], [[0.6, -0.6, 0.9], [0.9, 0.6, 1.0]], [[0.6, -0.6, -1.0], [0.9, 0.6, -0.9]], [[0.6, -0.6, 0.3], [0.9, 0.6, 0.4]], [[0.6, -0.6, -0.6], [0.9, 0.6, -0.5]], [[0.6, -0.3, 0.4], [0.9, -0.2, 1.0]], [[0.6, 0.0, -0.6], [0.9, 0.1, 0.4]], [[0.6, 0.2, -1.0], [0.9, 0.3, -0.5]]]
start: [0.81935000000000002, 1.96302, -1.6499999999999999, 1.62517, -1.18167, 1.47688, -2.3700399999999999]
tajectories: [[0.81935, 1.96302, -1.65, 1.62517, -1.18167, 1.47688, -2.37004], [1.21078, 1.90289, -1.67451, 1.66034, -0.91125, 1.47191, -2.23522], [1.60221, 1.84276, -1.69903, 1.69552, -0.64083, 1.46694, -2.10039], [1.99364, 1.78263, -1.72354, 1.7307, -0.37041, 1.46197, -1.96557], [2.16481, 1.75634, -1.73426, 1.74608, -0.25215, 1.45979, -1.90661], [2.28184, 1.56107, -1.55981, 1.86517, -0.50158, 1.23387, -2.10736], [2.39888, 1.3658, -1.38536, 1.98426, -0.75101, 1.00795, -2.30812], [2.46949, 1.24798, -1.2801, 2.05612, -0.90151, 0.87163, -2.42924], [2.25616, 0.99547, -1.34857, 1.87467, -1.17368, 0.70947, -2.48157], [2.04282, 0.74296, -1.41704, 1.69322, -1.44586, 0.54732, -2.53389], [1.82949, 0.49044, -1.48551, 1.51177, -1.71804, 0.38516, -2.58621], [1.74535, 0.39086, -1.51251, 1.44021, -1.82538, 0.32121, -2.60684], [1.38147, 0.48578, -1.55558, 1.30813, -1.9893, 0.5677, -2.5662], [1.01758, 0.5807, -1.59865, 1.17605, -2.15321, 0.8142, -2.52557], [0.6537, 0.67562, -1.64172, 1.04397, -2.31712, 1.06069, -2.48493]]
end: [0.58372000000000002, 0.69386999999999999, -1.6499999999999999, 1.01857, -2.3486400000000001, 1.1081000000000001, -2.4771100000000001]
obtacles: [[[0.6, 0.5, -1.0], [0.9, 0.6, 1.0]], [[0.6, -0.6, -1.0], [0.9, -0.5, 1.0]], [[0.6, -0.6, 0.9], [0.9, 0.6, 1.0]], [[0.6, -0.6, -1.0], [0.9, 0.6, -0.9]], [[0.6, -0.6, 0.3], [0.9, 0.6, 0.4]], [[0.6, -0.6, -0.6], [0.9, 0.6, -0.5]], [[0.6, -0.3, 0.4], [0.9, -0.2, 1.0]], [[0.6, 0.0, -0.6], [0.9, 0.1, 0.4]], [[0.6, 0.2, -1.0], [0.9, 0.3, -0.5]]]
start: [2.5392299999999999, -1.9476, -1.3, 0.98916999999999999, 1.1106199999999999, 1.56511, 2.8080500000000002]
tajectories: [[2.53923, -1.9476, -1.3, 0.98917, 1.11062, 1.56511, 2.80805], [2.38667, -1.77191, -1.45217, 1.18644, 0.97355, 1.283, 2.61986], [2.23411, -1.59622, -1.60434, 1.3837, 0.83647, 1.00089, 2.43167], [2.08155, -1.42053, -1.75651, 1.58096, 0.6994, 0.71878, 2.24348], [1.92899, -1.24484, -1.90868, 1.77822, 0.56233, 0.43667, 2.05528], [1.77643, -1.06914, -2.06085, 1.97548, 0.42525, 0.15456, 1.86709], [1.62387, -0.89345, -2.21302, 2.17275, 0.28818, -0.12754, 1.6789], [1.47131, -0.71776, -2.36519, 2.37001, 0.15111, -0.40965, 1.49071], [1.44256, -0.68466, -2.39386, 2.40718, 0.12528, -0.46281, 1.45525], [1.59439, -0.47028, -2.05087, 2.42386, 0.36617, -0.39699, 1.42865], [1.74622, -0.2559, -1.70788, 2.44054, 0.60706, -0.33116, 1.40205], [1.77108, -0.2208, -1.65173, 2.44328, 0.64649, -0.32039, 1.3977], [1.67346, -0.09844, -1.5052, 2.38811, 0.52249, -0.69281, 1.1811], [1.57584, 0.02391, -1.35868, 2.33295, 0.39849, -1.06522, 0.9645], [1.47822, 0.14627, -1.21215, 2.27778, 0.27448, -1.43764, 0.74789], [1.46999, 0.15658, -1.1998, 2.27314, 0.26403, -1.46903, 0.72964], [1.29506, 0.3596, -1.23029, 1.92329, 0.42473, -1.4643, 0.55929], [1.12013, 0.56261, -1.26077, 1.57345, 0.58543, -1.45957, 0.38894], [0.94521, 0.76562, -1.29126, 1.2236, 0.74613, -1.45485, 0.21859]]
end: [0.89505999999999997, 0.82382, -1.3, 1.12331, 0.79220000000000002, -1.4534899999999999, 0.16975000000000001]
obtacles: [[[0.6, 0.5, -1.0], [0.9, 0.6, 1.0]], [[0.6, -0.6, -1.0], [0.9, -0.5, 1.0]], [[0.6, -0.6, 0.9], [0.9, 0.6, 1.0]], [[0.6, -0.6, -1.0], [0.9, 0.6, -0.9]], [[0.6, -0.6, 0.3], [0.9, 0.6, 0.4]], [[0.6, -0.6, -0.6], [0.9, 0.6, -0.5]], [[0.6, -0.3, 0.4], [0.9, -0.2, 1.0]], [[0.6, 0.0, -0.6], [0.9, 0.1, 0.4]], [[0.6, 0.2, -1.0], [0.9, 0.3, -0.5]]]
start: [2.28939, -1.8544499999999999, -1.3999999999999999, 1.1229199999999999, 1.24187, 1.54491, 2.89961]
tajectories: [[2.28939, -1.85445, -1.4, 1.12292, 1.24187, 1.54491, 2.89961], [2.26496, -1.80905, -1.51601, 1.16933, 1.0472, 1.44983, 2.46974], [2.24052, -1.76365, -1.63201, 1.21573, 0.85254, 1.35475, 2.03986], [2.21609, -1.71825, -1.74802, 1.26214, 0.65787, 1.25967, 1.60998], [2.19166, -1.67285, -1.86403, 1.30854, 0.4632, 1.16459, 1.1801], [2.16722, -1.62746, -1.98003, 1.35495, 0.26854, 1.06951, 0.75022], [2.14279, -1.58206, -2.09604, 1.40135, 0.07387, 0.97443, 0.32034], [2.13933, -1.57563, -2.11248, 1.40793, 0.04629, 0.96096, 0.25944], [1.86645, -1.41474, -1.92201, 1.65903, 0.03368, 0.78085, 0.39256], [1.59357, -1.25386, -1.73154, 1.91014, 0.02106, 0.60073, 0.52569], [1.3207, -1.09298, -1.54108, 2.16125, 0.00845, 0.42062, 0.65882], [1.04782, -0.93209, -1.35061, 2.41235, -0.00417, 0.2405, 0.79195], [0.77495, -0.77121, -1.16014, 2.66346, -0.01679, 0.06039, 0.92507], [0.59885, -0.66738, -1.03723, 2.82551, -0.02493, -0.05585, 1.01099], [0.75366, -0.5394, -1.20039, 2.70406, -0.27338, -0.31443, 1.2102], [0.90848, -0.41141, -1.36356, 2.5826, -0.52183, -0.573, 1.40941], [1.0633, -0.28343, -1.52673, 2.46114, -0.77028, -0.83158, 1.60862], [1.21812, -0.15544, -1.68989, 2.33968, -1.01873, -1.09016, 1.80784], [1.37294, -0.02745, -1.85306, 2.21823, -1.26718, -1.34874, 2.00705], [1.41751, 0.0094, -1.90004, 2.18326, -1.33872, -1.42318, 2.0644], [1.28342, 0.11465, -1.81491, 2.00346, -1.00149, -1.40402, 1.80503], [1.14933, 0.21991, -1.72978, 1.82366, -0.66426, -1.38485, 1.54565], [1.01523, 0.32516, -1.64464, 1.64386, -0.32703, -1.36568, 1.28628], [0.88114, 0.43042, -1.55951, 1.46406, 0.01019, -1.34651, 1.0269], [0.74705, 0.53568, -1.47438, 1.28426, 0.34742, -1.32735, 0.76753]]
end: [0.62988999999999995, 0.62763999999999998, -1.3999999999999999, 1.1271599999999999, 0.64205999999999996, -1.3106, 0.54091]
obtacles: [[[0.6, 0.5, -1.0], [0.9, 0.6, 1.0]], [[0.6, -0.6, -1.0], [0.9, -0.5, 1.0]], [[0.6, -0.6, 0.9], [0.9, 0.6, 1.0]], [[0.6, -0.6, -1.0], [0.9, 0.6, -0.9]], [[0.6, -0.6, 0.3], [0.9, 0.6, 0.4]], [[0.6, -0.6, -0.6], [0.9, 0.6, -0.5]], [[0.6, -0.3, 0.4], [0.9, -0.2, 1.0]], [[0.6, 0.0, -0.6], [0.9, 0.1, 0.4]], [[0.6, 0.2, -1.0], [0.9, 0.3, -0.5]]]
start: [2.60764, -1.95689, -1.3500000000000001, 1.15177, 1.1298900000000001, 1.53867, 2.5743100000000001]
tajectories: [[2.60764, -1.95689, -1.35, 1.15177, 1.12989, 1.53867, 2.57431], [2.45004, -1.79966, -1.47316, 1.29602, 0.76532, 1.51409, 2.39839], [2.29244, -1.64243, -1.59632, 1.44026, 0.40075, 1.48951, 2.22247], [2.13485, -1.4852, -1.71948, 1.58451, 0.03617, 1.46492, 2.04655], [2.06446, -1.41498, -1.77448, 1.64893, -0.12665, 1.45395, 1.96798], [1.86145, -1.06926, -1.96998, 1.73815, -0.25763, 1.33738, 1.85687], [1.65844, -0.72354, -2.16548, 1.82736, -0.3886, 1.22081, 1.74576], [1.45544, -0.37782, -2.36098, 1.91657, -0.51957, 1.10424, 1.63465], [1.25243, -0.0321, -2.55648, 2.00578, -0.65055, 0.98767, 1.52354], [1.09695, 0.23269, -2.70621, 2.07411, -0.75086, 0.89839, 1.43844], [1.08518, 0.43897, -2.49148, 1.96118, -0.58086, 0.59298, 1.27634], [1.07341, 0.64526, -2.27676, 1.84826, -0.41085, 0.28758, 1.11423], [1.06165, 0.85154, -2.06203, 1.73534, -0.24085, -0.01783, 0.95213], [1.05493, 0.96931, -1.93944, 1.67087, -0.14379, -0.19219, 0.85958], [0.99055, 0.91688, -1.78592, 1.45151, 0.10713, -0.4514, 0.65644], [0.92617, 0.86445, -1.6324, 1.23215, 0.35805, -0.71061, 0.45329], [0.86179, 0.81201, -1.47888, 1.01278, 0.60897, -0.96983, 0.25014]]
end: [0.80774000000000001, 0.76798999999999995, -1.3500000000000001, 0.82862999999999998, 0.81960999999999995, -1.18743, 0.079600000000000004]
obtacles: [[[0.6, 0.5, -1.0], [0.9, 0.6, 1.0]], [[0.6, -0.6, -1.0], [0.9, -0.5, 1.0]], [[0.6, -0.6, 0.9], [0.9, 0.6, 1.0]], [[0.6, -0.6, -1.0], [0.9, 0.6, -0.9]], [[0.6, -0.6, 0.3], [0.9, 0.6, 0.4]], [[0.6, -0.6, -0.6], [0.9, 0.6, -0.5]], [[0.6, -0.3, 0.4], [0.9, -0.2, 1.0]], [[0.6, 0.0, -0.6], [0.9, 0.1, 0.4]], [[0.6, 0.2, -1.0], [0.9, 0.3, -0.5]]]
start: [0.42179, 0.93669999999999998, -1.3500000000000001, 0.74834000000000001, -2.16614, 1.2512700000000001, -2.7889699999999999]
tajectories: [[0.42179, 0.9367, -1.35, 0.74834, -2.16614, 1.25127, -2.78897], [0.59073, 0.92415, -1.54214, 0.93909, -2.26816, 0.91391, -2.63478], [0.75967, 0.91159, -1.73428, 1.12984, -2.37018, 0.57654, -2.48059], [0.92861, 0.89904, -1.92642, 1.32059, -2.4722, 0.23918, -2.3264], [1.09755, 0.88649, -2.11856, 1.51134, -2.57422, -0.09819, -2.17221], [1.26649, 0.87394, -2.3107, 1.7021, -2.67623, -0.43556, -2.01802], [1.43543, 0.86139, -2.50284, 1.89285, -2.77825, -0.77292, -1.86383], [1.57517, 0.85101, -2.66177, 2.05064, -2.86264, -1.05199, -1.73629], [1.36784, 0.518, -2.53483, 2.15234, -2.94906, -0.87246, -1.5632], [1.1605, 0.18499, -2.40789, 2.25405, -3.03548, -0.69294, -1.39012], [0.95316, -0.14802, -2.28094, 2.35575, -3.1219, -0.51341, -1.21703], [0.74582, -0.48103, -2.154, 2.45746, -3.20832, -0.33389, -1.04394], [0.53849, -0.81404, -2.02705, 2.55916, -3.29473, -0.15436, -0.87086], [0.33115, -1.14705, -1.90011, 2.66087, -3.38115, 0.02517, -0.69777], [0.18619, -1.37987, -1.81136, 2.73198, -3.44157, 0.15068, -0.57676], [0.25765, -1.43222, -1.84508, 2.73142, -3.51358, 0.37323, -0.14513], [0.32911, -1.48457, -1.87881, 2.73086, -3.58558, 0.59579, 0.2865], [0.40056, -1.53691, -1.91253, 2.73031, -3.65759, 0.81834, 0.71812], [0.47202, -1.58926, -1.94626, 2.72975, -3.72959, 1.04089, 1.14975], [0.54348, -1.6416, -1.97999, 2.72919, -3.8016, 1.26344, 1.58137], [0.61494, -1.69395, -2.01371, 2.72864, -3.8736, 1.486, 2.013], [0.62978, -1.70482, -2.02072, 2.72852, -3.88855, 1.5322, 2.1026], [0.77217, -1.73139, -1.94825, 2.59596, -3.68145, 1.21619, 1.85072], [0.91456, -1.75797, -1.87578, 2.4634, -3.47435, 0.90019, 1.59883], [1.05695, -1.78455, -1.80332, 2.33084, -3.26725, 0.58419, 1.34694], [1.19934, -1.81112, -1.73085, 2.19828, -3.06016, 0.26818, 1.09505], [1.34173, -1.8377, -1.65839, 2.06572, -2.85306, -0.04782, 0.84317], [1.48412, -1.86428, -1.58592, 1.93316, -2.64596, -0.36382, 0.59128], [1.62651, -1.89085, -1.51345, 1.8006, -2.43886, -0.67983, 0.33939], [1.7689, -1.91743, -1.44099, 1.66804, -2.23176, -0.99583, 0.08751], [1.91129, -1.94401, -1.36852, 1.53548, -2.02466, -1.31183, -0.16438]]
end: [1.9476899999999999, -1.9508000000000001, -1.3500000000000001, 1.5016, -1.97173, -1.3926000000000001, -0.22875999999999999]
obtacles: [[[0.6, 0.5, -1.0], [0.9, 0.6, 1.0]], [[0.6, -0.6, -1.0], [0.9, -0.5, 1.0]], [[0.6, -0.6, 0.9], [0.9, 0.6, 1.0]], [[0.6, -0.6, -1.0], [0.9, 0.6, -0.9]], [[0.6, -0.6, 0.3], [0.9, 0.6, 0.4]], [[0.6, -0.6, -0.6], [0.9, 0.6, -0.5]], [[0.6, -0.3, 0.4], [0.9, -0.2, 1.0]], [[0.6, 0.0, -0.6], [0.9, 0.1, 0.4]], [[0.6, 0.2, -1.0], [0.9, 0.3, -0.5]]]
start: [2.3480099999999999, -1.82843, -1.3, 0.82018000000000002, -1.94207, -1.5554300000000001, 0.01158]
tajectories: [[2.34801, -1.82843, -1.3, 0.82018, -1.94207, -1.55543, 0.01158], [2.14138, -1.80363, -1.39592, 1.19681, -1.82478, -1.54181, -0.19262], [1.93475, -1.77884, -1.49184, 1.57344, -1.70749, -1.5282, -0.39682], [1.72812, -1.75405, -1.58776, 1.95007, -1.59021, -1.51459, -0.60102], [1.52149, -1.72926, -1.68368, 2.3267, -1.47292, -1.50097, -0.80521], [1.3892, -1.71339, -1.74509, 2.56782, -1.39783, -1.49226, -0.93594], [1.38862, -1.29646, -1.85908, 2.3992, -1.46201, -1.35429, -1.04361], [1.38804, -0.87953, -1.97307, 2.23059, -1.52619, -1.21632, -1.15127], [1.38745, -0.46261, -2.08705, 2.06197, -1.59037, -1.07836, -1.25894], [1.38687, -0.04568, -2.20104, 1.89336, -1.65455, -0.94039, -1.36661], [1.38629, 0.37125, -2.31503, 1.72474, -1.71873, -0.80242, -1.47428], [1.38627, 0.38651, -2.3192, 1.71857, -1.72108, -0.79737, -1.47822], [1.38107, 0.56179, -2.34572, 1.79525, -1.64245, -0.37089, -1.63508], [1.37587, 0.73706, -2.37223, 1.87193, -1.56383, 0.05558, -1.79193], [1.37067, 0.91233, -2.39875, 1.94861, -1.4852, 0.48206, -1.94879], [1.36547, 1.0876, -2.42526, 2.02529, -1.40658, 0.90854, -2.10565], [1.36027, 1.26288, -2.45178, 2.10197, -1.32795, 1.33502, -2.2625], [1.35753, 1.35536, -2.46577, 2.14243, -1.28647, 1.56004, -2.34526], [1.1997, 1.20241, -2.21505, 1.89692, -1.54547, 1.4977, -2.43241], [1.04187, 1.04947, -1.96432, 1.65142, -1.80447, 1.43536, -2.51956], [0.88404, 0.89653, -1.7136, 1.40592, -2.06348, 1.37302, -2.6067], [0.72621, 0.74359, -1.46288, 1.16041, -2.32248, 1.31067, -2.69385]]
end: [0.62368000000000001, 0.64422999999999997, -1.3, 1.0009300000000001, -2.4907300000000001, 1.27017, -2.7504599999999999]
obtacles: [[[0.6, 0.5, -1.0], [0.9, 0.6, 1.0]], [[0.6, -0.6, -1.0], [0.9, -0.5, 1.0]], [[0.6, -0.6, 0.9], [0.9, 0.6, 1.0]], [[0.6, -0.6, -1.0], [0.9, 0.6, -0.9]], [[0.6, -0.6, 0.3], [0.9, 0.6, 0.4]], [[0.6, -0.6, -0.6], [0.9, 0.6, -0.5]], [[0.6, -0.3, 0.4], [0.9, -0.2, 1.0]], [[0.6, 0.0, -0.6], [0.9, 0.1, 0.4]], [[0.6, 0.2, -1.0], [0.9, 0.3, -0.5]]]
start: [-2.0318999999999998, -1.6450100000000001, 1.55, 1.8066899999999999, -1.50346, 1.5333000000000001, -2.4466299999999999]
tajectories: [[-2.0319, -1.64501, 1.55, 1.80669, -1.50346, 1.5333, -2.44663], [-1.9732, -1.5434, 1.63693, 1.97396, -1.42505, 1.26733, -2.09477], [-1.91449, -1.44179, 1.72385, 2.14123, -1.34664, 1.00136, -1.74291], [-1.85579, -1.34018, 1.81078, 2.3085, -1.26823, 0.73539, -1.39105], [-1.79709, -1.23857, 1.89771, 2.47577, -1.18982, 0.46942, -1.03919], [-1.74049, -1.1406, 1.98152, 2.63705, -1.11423, 0.21298, -0.69994], [-1.63592, -0.8849, 1.97997, 2.47608, -1.27059, -0.10709, -0.55545], [-1.53136, -0.6292, 1.97841, 2.31511, -1.42695, -0.42716, -0.41096], [-1.4268, -0.3735, 1.97686, 2.15414, -1.58331, -0.74723, -0.26648], [-1.34586, -0.17556, 1.97566, 2.02953, -1.70435, -0.99499, -0.15463], [-1.74064, 0.00711, 1.77729, 2.07945, -1.61024, -0.94393, -0.06816], [-2.13541, 0.18977, 1.57892, 2.12936, -1.51614, -0.89287, 0.01832], [-2.47258, 0.34578, 1.4095, 2.17199, -1.43576, -0.84926, 0.09218], [-2.116, 0.47768, 1.44175, 1.8741, -1.34321, -0.92645, 0.05826], [-1.75941, 0.60958, 1.474, 1.57622, -1.25067, -1.00364, 0.02434], [-1.40283, 0.74148, 1.50625, 1.27833, -1.15812, -1.08083, -0.00958], [-1.04625, 0.87338, 1.5385, 0.98044, -1.06557, -1.15802, -0.0435]]
end: [-0.91908000000000001, 0.92042000000000002, 1.55, 0.87421000000000004, -1.0325599999999999, -1.1855500000000001, -0.055599999999999997]
obtacles: [[[0.6, 0.5, -1.0], [0.9, 0.6, 1.0]], [[0.6, -0.6, -1.0], [0.9, -0.5, 1.0]], [[0.6, -0.6, 0.9], [0.9, 0.6, 1.0]], [[0.6, -0.6, -1.0], [0.9, 0.6, -0.9]], [[0.6, -0.6, 0.3], [0.9, 0.6, 0.4]], [[0.6, -0.6, -0.6], [0.9, 0.6, -0.5]], [[0.6, -0.3, 0.4], [0.9, -0.2, 1.0]], [[0.6, 0.0, -0.6], [0.9, 0.1, 0.4]], [[0.6, 0.2, -1.0], [0.9, 0.3, -0.5]]]
start: [2.2313100000000001, -1.9650099999999999, -1.1000000000000001, 1.87385, -1.8563799999999999, -1.0305500000000001, -0.78827000000000003]
tajectories: [[2.23131, -1.96501, -1.1, 1.87385, -1.85638, -1.03055, -0.78827], [2.13331, -1.94393, -1.19547, 1.81745, -1.5542, -0.71342, -0.59913], [2.03531, -1.92285, -1.29094, 1.76105, -1.25203, -0.3963, -0.40999], [1.93732, -1.90176, -1.38641, 1.70464, -0.94985, -0.07917, -0.22084], [1.83932, -1.88068, -1.48188, 1.64824, -0.64767, 0.23796, -0.0317], [1.74132, -1.8596, -1.57735, 1.59183, -0.3455, 0.55509, 0.15745], [1.67816, -1.84601, -1.63888, 1.55548, -0.15074, 0.75948, 0.27935], [1.63237, -1.82339, -1.76869, 1.73404, -0.10027, 0.79546, 0.72073], [1.58658, -1.80077, -1.89849, 1.9126, -0.04979, 0.83145, 1.16211], [1.54079, -1.77816, -2.0283, 2.09117, 0.00068, 0.86744, 1.60348], [1.495, -1.75554, -2.15811, 2.26973, 0.05116, 0.90342, 2.04486], [1.46618, -1.74131, -2.23981, 2.38212, 0.08293, 0.92608, 2.32268], [1.35568, -1.44645, -2.18962, 2.22502, -0.21001, 0.80596, 2.16968], [1.24518, -1.15159, -2.13942, 2.06792, -0.50295, 0.68585, 2.01668], [1.13468, -0.85674, -2.08922, 1.91083, -0.79589, 0.56574, 1.86368], [1.02419, -0.56188, -2.03903, 1.75373, -1.08883, 0.44562, 1.71067], [0.91369, -0.26702, -1.98883, 1.59663, -1.38177, 0.32551, 1.55767], [0.86609, -0.14002, -1.96721, 1.52896, -1.50795, 0.27377, 1.49177], [0.86684, 0.06571, -1.79226, 1.3506, -1.67544, 0.47411, 1.76938], [0.86759, 0.27143, -1.61732, 1.17224, -1.84293, 0.67446, 2.04699], [0.86833, 0.47715, -1.44237, 0.99388, -2.01041, 0.8748, 2.32461], [0.86908, 0.68287, -1.26742, 0.81552, -2.1779, 1.07514, 2.60222]]
end: [0.86980000000000002, 0.87973999999999997, -1.1000000000000001, 0.64483999999999997, -2.3381799999999999, 1.2668600000000001, 2.86788]
obtacles: [[[0.6, 0.5, -1.0], [0.9, 0.6, 1.0]], [[0.6, -0.6, -1.0], [0.9, -0.5, 1.0]], [[0.6, -0.6, 0.9], [0.9, 0.6, 1.0]], [[0.6, -0.6, -1.0], [0.9, 0.6, -0.9]], [[0.6, -0.6, 0.3], [0.9, 0.6, 0.4]], [[0.6, -0.6, -0.6], [0.9, 0.6, -0.5]], [[0.6, -0.3, 0.4], [0.9, -0.2, 1.0]], [[0.6, 0.0, -0.6], [0.9, 0.1, 0.4]], [[0.6, 0.2, -1.0], [0.9, 0.3, -0.5]]]
start: [0.13039000000000001, 0.91374999999999995, -0.94999999999999996, 0.90258000000000005, 0.69991999999999999, -1.5538799999999999, 0.56223999999999996]
tajectories: [[0.13039, 0.91375, -0.95, 0.90258, 0.69992, -1.55388, 0.56224], [0.49542, 0.85226, -0.95, 0.96093, 0.65845, -1.55389, 0.23384]]
end: [0.78939999999999999, 0.80274000000000001, -0.94999999999999996, 1.0079100000000001, 0.62505999999999995, -1.5539000000000001, -0.030640000000000001]
obtacles: [[[0.6, 0.5, -1.0], [0.9, 0.6, 1.0]], [[0.6, -0.6, -1.0], [0.9, -0.5, 1.0]], [[0.6, -0.6, 0.9], [0.9, 0.6, 1.0]], [[0.6, -0.6, -1.0], [0.9, 0.6, -0.9]], [[0.6, -0.6, 0.3], [0.9, 0.6, 0.4]], [[0.6, -0.6, -0.6], [0.9, 0.6, -0.5]], [[0.6, -0.3, 0.4], [0.9, -0.2, 1.0]], [[0.6, 0.0, -0.6], [0.9, 0.1, 0.4]], [[0.6, 0.2, -1.0], [0.9, 0.3, -0.5]]]
start: [2.0215000000000001, -1.7348699999999999, -1.45, 1.64063, -1.7274099999999999, -1.4404399999999999, -0.50036000000000003]
tajectories: [[2.0215, -1.73487, -1.45, 1.64063, -1.72741, -1.44044, -0.50036], [1.78872, -1.56096, -1.51948, 1.90796, -1.53124, -1.23536, -0.40692], [1.55593, -1.38705, -1.58897, 2.1753, -1.33507, -1.03028, -0.31348], [1.32314, -1.21314, -1.65845, 2.44263, -1.1389, -0.8252, -0.22003], [1.12384, -1.06425, -1.71794, 2.6715, -0.97095, -0.64963, -0.14004], [1.12352, -1.19868, -1.68161, 2.6042, -0.77337, -0.49032, -0.54211], [1.1232, -1.33312, -1.64528, 2.5369, -0.57579, -0.33102, -0.94418], [1.12288, -1.46755, -1.60894, 2.4696, -0.3782, -0.17171, -1.34625], [1.12256, -1.60198, -1.57261, 2.4023, -0.18062, -0.01241, -1.74832], [1.1225, -1.62852, -1.56544, 2.38901, -0.14161, 0.01904, -1.8277], [1.24327, -1.4692, -1.70968, 1.99825, -0.28241, 0.12866, -1.89619], [1.36403, -1.30988, -1.85392, 1.60748, -0.42321, 0.23827, -1.96467], [1.4848, -1.15056, -1.99816, 1.21672, -0.56401, 0.34788, -2.03316], [1.60556, -0.99124, -2.1424, 0.82595, -0.70481, 0.4575, -2.10164], [1.657, -0.92338, -2.20384, 0.65951, -0.76478, 0.50419, -2.13081], [1.66229, -0.54084, -2.30512, 0.6793, -1.02273, 0.37755, -2.23286], [1.66757, -0.1583, -2.40641, 0.6991, -1.28068, 0.25091, -2.33491], [1.67286, 0.22423, -2.50769, 0.71889, -1.53862, 0.12427, -2.43695], [1.67815, 0.60677, -2.60898, 0.73869, -1.79657, -0.00237, -2.539], [1.68249, 0.921, -2.69218, 0.75495, -2.00846, -0.10639, -2.62283], [1.43406, 0.8601, -2.38818, 0.76776, -2.09337, 0.17963, -2.67738], [1.18563, 0.7992, -2.08418, 0.78058, -2.17828, 0.46566, -2.73194], [0.93721, 0.7383, -1.78018, 0.7934, -2.26319, 0.75168, -2.7865], [0.68878, 0.6774, -1.47618, 0.80622, -2.3481, 1.0377, -2.84105]]
end: [0.66737999999999997, 0.67215000000000003, -1.45, 0.80732000000000004, -2.3554200000000001, 1.0623400000000001, -2.8457499999999998]
obtacles: [[[0.6, 0.5, -1.0], [0.9, 0.6, 1.0]], [[0.6, -0.6, -1.0], [0.9, -0.5, 1.0]], [[0.6, -0.6, 0.9], [0.9, 0.6, 1.0]], [[0.6, -0.6, -1.0], [0.9, 0.6, -0.9]], [[0.6, -0.6, 0.3], [0.9, 0.6, 0.4]], [[0.6, -0.6, -0.6], [0.9, 0.6, -0.5]], [[0.6, -0.3, 0.4], [0.9, -0.2, 1.0]], [[0.6, 0.0, -0.6], [0.9, 0.1, 0.4]], [[0.6, 0.2, -1.0], [0.9, 0.3, -0.5]]]
start: [2.5895999999999999, -1.8000700000000001, -1.3999999999999999, 1.03345, -1.8546499999999999, -1.5449299999999999, -0.45805000000000001]
tajectories: [[2.5896, -1.80007, -1.4, 1.03345, -1.85465, -1.54493, -0.45805], [2.2735, -1.72305, -1.56525, 1.30614, -1.93512, -1.53482, -0.26858], [1.95739, -1.64604, -1.7305, 1.57884, -2.01559, -1.52472, -0.0791], [1.64129, -1.56903, -1.89576, 1.85153, -2.09606, -1.51461, 0.11037], [1.41421, -1.51371, -2.01447, 2.04743, -2.15387, -1.50735, 0.24648], [1.56857, -1.25025, -1.69394, 2.05532, -1.94488, -1.50943, 0.34786], [1.72293, -0.9868, -1.3734, 2.06322, -1.73589, -1.5115, 0.44924], [1.87729, -0.72334, -1.05287, 2.07111, -1.52689, -1.51357, 0.55062], [1.91765, -0.65445, -0.96906, 2.07318, -1.47225, -1.51411, 0.57713], [1.6998, -0.34216, -1.10416, 1.98235, -1.2153, -1.42806, 0.6484], [1.48194, -0.02986, -1.23927, 1.89152, -0.95836, -1.342, 0.71968], [1.26408, 0.28244, -1.37437, 1.80069, -0.70141, -1.25594, 0.79095], [1.04623, 0.59473, -1.50948, 1.70986, -0.44447, -1.16988, 0.86223], [0.94092, 0.74569, -1.57478, 1.66596, -0.32027, -1.12828, 0.89668], [0.97715, 0.79232, -1.52555, 1.46677, 0.03238, -1.18406, 0.61931], [1.01338, 0.83896, -1.47632, 1.26758, 0.38504, -1.23983, 0.34193], [1.0496, 0.8856, -1.42709, 1.06839, 0.7377, -1.2956, 0.06456]]
end: [1.0695300000000001, 0.91127000000000002, -1.3999999999999999, 0.95879999999999999, 0.93172999999999995, -1.3262799999999999, -0.088059999999999999]
obtacles: [[[0.6, 0.5, -1.0], [0.9, 0.6, 1.0]], [[0.6, -0.6, -1.0], [0.9, -0.5, 1.0]], [[0.6, -0.6, 0.9], [0.9, 0.6, 1.0]], [[0.6, -0.6, -1.0], [0.9, 0.6, -0.9]], [[0.6, -0.6, 0.3], [0.9, 0.6, 0.4]], [[0.6, -0.6, -0.6], [0.9, 0.6, -0.5]], [[0.6, -0.3, 0.4], [0.9, -0.2, 1.0]], [[0.6, 0.0, -0.6], [0.9, 0.1, 0.4]], [[0.6, 0.2, -1.0], [0.9, 0.3, -0.5]]]
start: [2.2095400000000001, -1.86788, -1.5, 1.35456, -1.8759399999999999, -1.5675399999999999, -0.41141]
tajectories: [[2.20954, -1.86788, -1.5, 1.35456, -1.87594, -1.56754, -0.41141], [2.12082, -1.60167, -1.77294, 1.51412, -1.99153, -1.45449, -0.1989], [2.0321, -1.33546, -2.04589, 1.67369, -2.10711, -1.34143, 0.01361], [1.94338, -1.06925, -2.31883, 1.83325, -2.2227, -1.22838, 0.22612], [1.93282, -1.03757, -2.35131, 1.85224, -2.23645, -1.21493, 0.2514], [1.60168, -1.07083, -2.19148, 1.94869, -1.92372, -1.13601, 0.23247], [1.27054, -1.1041, -2.03164, 2.04515, -1.611, -1.05708, 0.21354], [0.9394, -1.13736, -1.8718, 2.1416, -1.29827, -0.97816, 0.19461], [0.60826, -1.17062, -1.71196, 2.23805, -0.98554, -0.89924, 0.17568], [0.27711, -1.20389, -1.55212, 2.33451, -0.67281, -0.82031, 0.15674], [0.12243, -1.21942, -1.47746, 2.37956, -0.52673, -0.78345, 0.1479], [0.46669, -1.00928, -1.31973, 2.30401, -0.34214, -0.91997, 0.21133], [0.81096, -0.79913, -1.162, 2.22846, -0.15755, -1.0565, 0.27476], [1.15522, -0.58899, -1.00427, 2.15291, 0.02704, -1.19302, 0.33819], [1.49948, -0.37884, -0.84654, 2.07735, 0.21163, -1.32955, 0.40162], [1.682, -0.26743, -0.76291, 2.0373, 0.30949, -1.40193, 0.43525], [1.49267, -0.01708, -0.91755, 1.74435, 0.47553, -1.33989, 0.33362], [1.30334, 0.23326, -1.07219, 1.4514, 0.64157, -1.27785, 0.23199], [1.11401, 0.48361, -1.22684, 1.15844, 0.80761, -1.2158, 0.13037], [0.92468, 0.73395, -1.38148, 0.86549, 0.97365, -1.15376, 0.02874]]
end: [0.77956999999999999, 0.92581999999999998, -1.5, 0.64095999999999997, 1.1009100000000001, -1.1062099999999999, -0.049149999999999999]
obtacles: [[[0.6, 0.5, -1.0], [0.9, 0.6, 1.0]], [[0.6, -0.6, -1.0], [0.9, -0.5, 1.0]], [[0.6, -0.6, 0.9], [0.9, 0.6, 1.0]], [[0.6, -0.6, -1.0], [0.9, 0.6, -0.9]], [[0.6, -0.6, 0.3], [0.9, 0.6, 0.4]], [[0.6, -0.6, -0.6], [0.9, 0.6, -0.5]], [[0.6, -0.3, 0.4], [0.9, -0.2, 1.0]], [[0.6, 0.0, -0.6], [0.9, 0.1, 0.4]], [[0.6, 0.2, -1.0], [0.9, 0.3, -0.5]]]
start: [2.44814, -1.8247, -1.5, 1.56185, -1.8259000000000001, -1.5045299999999999, -0.85085]
tajectories: [[2.44814, -1.8247, -1.5, 1.56185, -1.8259, -1.50453, -0.85085], [2.11924, -1.6983, -1.54899, 1.7197, -1.92082, -1.21484, -0.92567], [1.79033, -1.5719, -1.59799, 1.87756, -2.01574, -0.92516, -1.00049], [1.46143, -1.4455, -1.64698, 2.03542, -2.11066, -0.63547, -1.07531], [1.13253, -1.3191, -1.69597, 2.19328, -2.20558, -0.34578, -1.15013], [0.80362, -1.19271, -1.74497, 2.35113, -2.3005, -0.05609, -1.22495], [0.47472, -1.06631, -1.79396, 2.50899, -2.39542, 0.23359, -1.29977], [0.14582, -0.93991, -1.84295, 2.66685, -2.49034, 0.52328, -1.37459], [0.05374, -0.90452, -1.85667, 2.71104, -2.51692, 0.60438, -1.39553], [-0.03199, -0.93944, -1.98305, 2.69693, -2.60907, 0.5963, -0.93002], [-0.11772, -0.97436, -2.10944, 2.68281, -2.70122, 0.58822, -0.46451], [-0.20345, -1.00927, -2.23583, 2.6687, -2.79338, 0.58014, 0.001], [-0.28918, -1.04419, -2.36222, 2.65459, -2.88553, 0.57206, 0.46651], [-0.37491, -1.07911, -2.4886, 2.64047, -2.97768, 0.56398, 0.93203], [-0.46064, -1.11403, -2.61499, 2.62636, -3.06984, 0.5559, 1.39754], [-0.53588, -1.14467, -2.72591, 2.61397, -3.15071, 0.54881, 1.80608], [-0.21693, -0.80685, -2.70278, 2.62414, -3.03811, 0.44826, 1.70254], [0.10202, -0.46904, -2.67966, 2.63431, -2.9255, 0.3477, 1.599], [0.42097, -0.13122, -2.65653, 2.64448, -2.8129, 0.24715, 1.49546], [0.73993, 0.2066, -2.6334, 2.65465, -2.70029, 0.1466, 1.39192], [1.05888, 0.54441, -2.61027, 2.66482, -2.58769, 0.04605, 1.28838], [1.37783, 0.88223, -2.58715, 2.67499, -2.47508, -0.0545, 1.18484], [1.69678, 1.22005, -2.56402, 2.68515, -2.36248, -0.15505, 1.0813], [1.78987, 1.31865, -2.55727, 2.68812, -2.32961, -0.1844, 1.05108], [1.63693, 1.24857, -2.40934, 2.37122, -2.28266, -0.02926, 1.32148], [1.48399, 1.1785, -2.26141, 2.05431, -2.23571, 0.12588, 1.59187], [1.33105, 1.10842, -2.11348, 1.73741, -2.18876, 0.28102, 1.86227], [1.1781, 1.03835, -1.96556, 1.42051, -2.14181, 0.43616, 2.13267], [1.02516, 0.96827, -1.81763, 1.1036, -2.09486, 0.59129, 2.40306], [0.87222, 0.8982, -1.6697, 0.7867, -2.0479, 0.74643, 2.67346], [0.71928, 0.82812, -1.52177, 0.46979, -2.00095, 0.90157, 2.94386]]
end: [0.69677, 0.81781000000000004, -1.5, 0.42315000000000003, -1.99404, 0.9244, 2.9836499999999999]
obtacles: [[[0.6, 0.5, -1.0], [0.9, 0.6, 1.0]], [[0.6, -0.6, -1.0], [0.9, -0.5, 1.0]], [[0.6, -0.6, 0.9], [0.9, 0.6, 1.0]], [[0.6, -0.6, -1.0], [0.9, 0.6, -0.9]], [[0.6, -0.6, 0.3], [0.9, 0.6, 0.4]], [[0.6, -0.6, -0.6], [0.9, 0.6, -0.5]], [[0.6, -0.3, 0.4], [0.9, -0.2, 1.0]], [[0.6, 0.0, -0.6], [0.9, 0.1, 0.4]], [[0.6, 0.2, -1.0], [0.9, 0.3, -0.5]]]
start: [0.90861000000000003, 0.96811999999999998, -1.5, 1.3726700000000001, -2.17496, 1.51633, -2.6825700000000001]
tajectories: [[0.90861, 0.96812, -1.5, 1.37267, -2.17496, 1.51633, -2.68257], [0.88151, 0.52301, -1.63946, 1.52375, -2.1788, 1.45742, -2.60921], [0.85441, 0.0779, -1.77893, 1.67483, -2.18263, 1.39851, -2.53585], [0.82731, -0.36721, -1.91839, 1.82591, -2.18647, 1.33959, -2.46249], [0.80021, -0.81232, -2.05786, 1.97699, -2.19031, 1.28068, -2.38913], [0.77311, -1.25743, -2.19732, 2.12807, -2.19415, 1.22177, -2.31576], [0.74601, -1.70254, -2.33679, 2.27915, -2.19799, 1.16285, -2.2424], [0.7446, -1.72575, -2.34406, 2.28703, -2.19819, 1.15978, -2.23858], [0.78281, -1.72529, -2.08971, 2.31903, -2.264, 1.02474, -1.83826], [0.82102, -1.72482, -1.83535, 2.35103, -2.32982, 0.8897, -1.43795], [0.85923, -1.72435, -1.581, 2.38303, -2.39563, 0.75465, -1.03763], [0.89744, -1.72389, -1.32664, 2.41502, -2.46145, 0.61961, -0.63732], [0.93565, -1.72342, -1.07229, 2.44702, -2.52726, 0.48457, -0.23701], [0.97386, -1.72295, -0.81793, 2.47902, -2.59307, 0.34953, 0.16331], [0.97997, -1.72288, -0.77729, 2.48413, -2.60359, 0.32795, 0.22728], [1.18264, -1.76533, -0.9117, 2.28392, -2.48339, -0.02435, 0.12527], [1.38532, -1.80778, -1.04612, 2.08371, -2.3632, -0.37665, 0.02325], [1.58799, -1.85023, -1.18053, 1.88349, -2.243, -0.72895, -0.07876], [1.79066, -1.89268, -1.31494, 1.68328, -2.1228, -1.08125, -0.18077], [1.99333, -1.93514, -1.44936, 1.48307, -2.00261, -1.43355, -0.28279]]
end: [2.06969, -1.95113, -1.5, 1.40764, -1.9573199999999999, -1.56629, -0.32122000000000001]
obtacles: [[[0.6, 0.5, -1.0], [0.9, 0.6, 1.0]], [[0.6, -0.6, -1.0], [0.9, -0.5, 1.0]], [[0.6, -0.6, 0.9], [0.9, 0.6, 1.0]], [[0.6, -0.6, -1.0], [0.9, 0.6, -0.9]], [[0.6, -0.6, 0.3], [0.9, 0.6, 0.4]], [[0.6, -0.6, -0.6], [0.9, 0.6, -0.5]], [[0.6, -0.3, 0.4], [0.9, -0.2, 1.0]], [[0.6, 0.0, -0.6], [0.9, 0.1, 0.4]], [[0.6, 0.2, -1.0], [0.9, 0.3, -0.5]]]
start: [2.1778599999999999, -0.92401999999999995, -2.0499999999999998, 1.0194000000000001, -0.78686, -1.5685199999999999, 0.10678]
tajectories: [[2.17786, -0.92402, -2.05, 1.0194, -0.78686, -1.56852, 0.10678], [1.9383, -0.80896, -1.92233, 1.27795, -0.86896, -1.28216, 0.02021], [1.69875, -0.6939, -1.79466, 1.53649, -0.95105, -0.99581, -0.06636], [1.45919, -0.57884, -1.667, 1.79503, -1.03314, -0.70946, -0.15293], [1.21964, -0.46378, -1.53933, 2.05357, -1.11524, -0.4231, -0.23951], [0.98009, -0.34872, -1.41166, 2.31212, -1.19733, -0.13675, -0.32608], [0.7503, -0.23836, -1.2892, 2.56011, -1.27608, 0.13792, -0.40912], [0.84493, -0.1588, -1.05188, 2.29123, -1.56265, 0.27604, -0.47909], [0.93956, -0.07924, -0.81457, 2.02234, -1.84923, 0.41416, -0.54906], [1.03419, 0.00032, -0.57726, 1.75346, -2.13581, 0.55227, -0.61903], [1.12881, 0.07988, -0.33994, 1.48457, -2.42238, 0.69039, -0.689], [1.22344, 0.15944, -0.10263, 1.21568, -2.70896, 0.8285, -0.75897], [1.22516, 0.16088, -0.09831, 1.21079, -2.71417, 0.83102, -0.76025], [1.23894, 0.25232, -0.1672, 1.50052, -2.63519, 0.92603, -1.13106], [1.25272, 0.34375, -0.23608, 1.79024, -2.55621, 1.02104, -1.50187], [1.26649, 0.43519, -0.30497, 2.07996, -2.47723, 1.11605, -1.87268], [1.27263, 0.47592, -0.33565, 2.20901, -2.44205, 1.15837, -2.03784], [1.27433, 0.79839, -0.57931, 2.18007, -2.59439, 0.93188, -1.93157], [1.27603, 1.12086, -0.82298, 2.15113, -2.74673, 0.70539, -1.82529], [1.27772, 1.44333, -1.06664, 2.12218, -2.89908, 0.4789, -1.71902], [1.27942, 1.7658, -1.3103, 2.09324, -3.05142, 0.25241, -1.61274], [1.27954, 1.78917, -1.32796, 2.09114, -3.06246, 0.23599, -1.60504], [1.19382, 1.82387, -1.38134, 1.99005, -2.69216, 0.49226, -1.76497], [1.1081, 1.85858, -1.43473, 1.88895, -2.32186, 0.74854, -1.92491], [1.02238, 1.89328, -1.48812, 1.78785, -1.95156, 1.00481, -2.08484], [0.93666, 1.92799, -1.54151, 1.68675, -1.58126, 1.26108, -2.24477], [0.85093, 1.96269, -1.5949, 1.58565, -1.21096, 1.51735, -2.40471]]
end: [0.84274000000000004, 1.96601, -1.6000000000000001, 1.5759799999999999, -1.17557, 1.5418499999999999, -2.4199899999999999]
