obtacles: [[[0.6, 0.5, -1.0], [0.9, 0.6, 1.0]], [[0.6, -0.6, -1.0], [0.9, -0.5, 1.0]], [[0.6, -0.6, 0.9], [0.9, 0.6, 1.0]], [[0.6, -0.6, -1.0], [0.9, 0.6, -0.9]], [[0.6, -0.6, 0.4], [0.9, 0.6, 0.5]], [[0.6, -0.6, -0.4], [0.9, 0.6, -0.3]], [[0.6, 0.1, 0.5], [0.9, 0.2, 1.0]], [[0.6, -0.2, -0.4], [0.9, -0.1, 0.5]], [[0.6, -0.1, -1.0], [0.9, 0.0, -0.3]]]
start: [1.09883, 1.4883299999999999, -1.6499999999999999, 1.8366800000000001, -1.6713100000000001, 1.51633, -2.3977400000000002]
tajectories: [[1.09883, 1.48833, -1.65, 1.83668, -1.67131, 1.51633, -2.39774], [1.23277, 1.36601, -1.52777, 1.83851, -1.29652, 1.28891, -2.29791], [1.36671, 1.24369, -1.40553, 1.84033, -0.92173, 1.06148, -2.19809], [1.50064, 1.12137, -1.2833, 1.84216, -0.54695, 0.83406, -2.09826], [1.63458, 0.99904, -1.16106, 1.84399, -0.17216, 0.60663, -1.99844], [1.76852, 0.87672, -1.03883, 1.84582, 0.20263, 0.3792, -1.89861], [1.90246, 0.7544, -0.9166, 1.84765, 0.57742, 0.15178, -1.79879], [1.96259, 0.69948, -0.86171, 1.84847, 0.7457, 0.04966, -1.75397], [1.94263, 0.40287, -0.87443, 2.21416, 0.76622, 0.20689, -1.80488], [1.92825, 0.18927, -0.88359, 2.47752, 0.781, 0.32012, -1.84155], [1.73419, 0.10034, -1.02634, 2.4165, 0.73923, -0.08661, -1.72683], [1.54013, 0.0114, -1.16909, 2.35548, 0.69747, -0.49333, -1.61211], [1.34606, -0.07754, -1.31184, 2.29446, 0.65571, -0.90005, -1.49739], [1.152, -0.16647, -1.45459, 2.23345, 0.61395, -1.30678, -1.38268], [1.05886, -0.20916, -1.5231, 2.20416, 0.59391, -1.50198, -1.32762], [1.25389, -0.31795, -1.54382, 1.94942, 0.32456, -1.43225, -1.08804], [1.44892, -0.42675, -1.56453, 1.69468, 0.05522, -1.36252, -0.84847], [1.64394, -0.53554, -1.58525, 1.43994, -0.21412, -1.29278, -0.60889], [1.83897, -0.64434, -1.60596, 1.18519, -0.48347, -1.22305, -0.36931], [2.034, -0.75314, -1.62668, 0.93045, -0.75281, -1.15332, -0.12974], [2.22902, -0.86193, -1.64739, 0.67571, -1.02215, -1.08359, 0.10984]]
end: [2.2535699999999999, -0.87561999999999995, -1.6499999999999999, 0.64365000000000006, -1.0560499999999999, -1.0748200000000001, 0.13999]
obtacles: [[[0.6, 0.5, -1.0], [0.9, 0.6, 1.0]], [[0.6, -0.6, -1.0], [0.9, -0.5, 1.0]], [[0.6, -0.6, 0.9], [0.9, 0.6, 1.0]], [[0.6, -0.6, -1.0], [0.9, 0.6, -0.9]], [[0.6, -0.6, 0.4], [0.9, 0.6, 0.5]], [[0.6, -0.6, -0.4], [0.9, 0.6, -0.3]], [[0.6, 0.1, 0.5], [0.9, 0.2, 1.0]], [[0.6, -0.2, -0.4], [0.9, -0.1, 0.5]], [[0.6, -0.1, -1.0], [0.9, 0.0, -0.3]]]
start: [2.0725600000000002, -1.52704, -1.5, 1.8611800000000001, -1.50851, -1.5155799999999999, -0.79542000000000002]
tajectories: [[2.07256, -1.52704, -1.5, 1.86118, -1.50851, -1.51558, -0.79542], [1.96505, -1.57634, -1.51688, 2.02387, -1.42412, -1.34618, -1.21188], [1.85753, -1.62564, -1.53375, 2.18656, -1.33973, -1.17678, -1.62834], [1.75002, -1.67495, -1.55063, 2.34925, -1.25534, -1.00737, -2.0448], [1.64251, -1.72425, -1.56751, 2.51194, -1.17096, -0.83797, -2.46126], [1.535, -1.77355, -1.58439, 2.67463, -1.08657, -0.66857, -2.87772], [1.5136, -1.78336, -1.58775, 2.70701, -1.06977, -0.63485, -2.9606], [1.53221, -1.6207, -1.33165, 2.67321, -0.84659, -0.64598, -2.63421], [1.55083, -1.45803, -1.07556, 2.63941, -0.6234, -0.6571, -2.30782], [1.56944, -1.29536, -0.81946, 2.60561, -0.40022, -0.66823, -1.98143], [1.58806, -1.13269, -0.56337, 2.57181, -0.17703, -0.67935, -1.65504], [1.60667, -0.97003, -0.30727, 2.53801, 0.04615, -0.69048, -1.32865], [1.62529, -0.80736, -0.05118, 2.5042, 0.26933, -0.7016, -1.00226], [1.6439, -0.64469, 0.20492, 2.4704, 0.49252, -0.71273, -0.67587], [1.64799, -0.60902, 0.26107, 2.46299, 0.54145, -0.71517, -0.6043], [1.53775, -0.35915, -0.02488, 2.18955, 0.62375, -0.7898, -0.52347], [1.42752, -0.10929, -0.31083, 1.91611, 0.70605, -0.86444, -0.44264], [1.31729, 0.14058, -0.59678, 1.64267, 0.78834, -0.93907, -0.3618], [1.20706, 0.39045, -0.88273, 1.36922, 0.87064, -1.01371, -0.28097], [1.09683, 0.64032, -1.16868, 1.09578, 0.95293, -1.08834, -0.20014], [0.98659, 0.89019, -1.45463, 0.82234, 1.03523, -1.16298, -0.11931]]
end: [0.96909999999999996, 0.92984, -1.5, 0.77895000000000003, 1.0482899999999999, -1.17482, -0.10648000000000001]
obtacles: [[[0.6, 0.5, -1.0], [0.9, 0.6, 1.0]], [[0.6, -0.6, -1.0], [0.9, -0.5, 1.0]], [[0.6, -0.6, 0.9], [0.9, 0.6, 1.0]], [[0.6, -0.6, -1.0], [0.9, 0.6, -0.9]], [[0.6, -0.6, 0.4], [0.9, 0.6, 0.5]], [[0.6, -0.6, -0.4], [0.9, 0.6, -0.3]], [[0.6, 0.1, 0.5], [0.9, 0.2, 1.0]], [[0.6, -0.2, -0.4], [0.9, -0.1, 0.5]], [[0.6, -0.1, -1.0], [0.9, 0.0, -0.3]]]
start: [0.57576000000000005, 1.54451, -1.6000000000000001, 1.2014400000000001, -1.58477, 1.5340800000000001, -2.5152700000000001]
tajectories: [[0.57576, 1.54451, -1.6, 1.20144, -1.58477, 1.53408, -2.51527], [0.81957, 1.81794, -1.63806, 1.39489, -1.31534, 1.53408, -2.58106]]
end: [0.89605000000000001, 1.90371, -1.6499999999999999, 1.45557, -1.2308300000000001, 1.5340800000000001, -2.6016900000000001]
obtacles: [[[0.6, 0.5, -1.0], [0.9, 0.6, 1.0]], [[0.6, -0.6, -1.0], [0.9, -0.5, 1.0]], [[0.6, -0.6, 0.9], [0.9, 0.6, 1.0]], [[0.6, -0.6, -1.0], [0.9, 0.6, -0.9]], [[0.6, -0.6, 0.4], [0.9, 0.6, 0.5]], [[0.6, -0.6, -0.4], [0.9, 0.6, -0.3]], [[0.6, 0.1, 0.5], [0.9, 0.2, 1.0]], [[0.6, -0.2, -0.4], [0.9, -0.1, 0.5]], [[0.6, -0.1, -1.0], [0.9, 0.0, -0.3]]]
start: [0.31308999999999998, 0.79215000000000002, -1.3500000000000001, 0.86738999999999999, -2.3125499999999999, 1.2287999999999999, -2.5440800000000001]
tajectories: [[0.31309, 0.79215, -1.35, 0.86739, -2.31255, 1.2288, -2.54408], [-0.03157, 0.6141, -1.48366, 1.14725, -2.36067, 1.19764, -2.5506], [-0.37622, 0.43606, -1.61732, 1.4271, -2.40878, 1.16649, -2.55713], [-0.72088, 0.25801, -1.75098, 1.70696, -2.45689, 1.13533, -2.56366], [-1.06553, 0.07996, -1.88464, 1.98681, -2.505, 1.10418, -2.57018], [-1.41019, -0.09808, -2.0183, 2.26667, -2.55312, 1.07303, -2.57671], [-1.75484, -0.27613, -2.15196, 2.54652, -2.60123, 1.04187, -2.58323], [-1.7696, -0.28376, -2.15768, 2.55851, -2.60329, 1.04054, -2.58351], [-1.57522, 0.03704, -2.17524, 2.61022, -2.29193, 0.94679, -2.55928], [-1.38083, 0.35783, -2.19279, 2.66192, -1.98057, 0.85304, -2.53505], [-1.18645, 0.67863, -2.21035, 2.71363, -1.6692, 0.75929, -2.51082], [-0.99206, 0.99942, -2.22791, 2.76534, -1.35784, 0.66554, -2.48658], [-0.89845, 1.15392, -2.23636, 2.79024, -1.20789, 0.62039, -2.47491], [-0.50486, 1.09377, -2.31805, 2.72212, -1.24732, 0.34153, -2.50384], [-0.11127, 1.03363, -2.39974, 2.65399, -1.28675, 0.06267, -2.53277], [0.28232, 0.97349, -2.48143, 2.58587, -1.32618, -0.2162, -2.5617], [0.67591, 0.91334, -2.56312, 2.51775, -1.36561, -0.49506, -2.59063], [1.0695, 0.8532, -2.64481, 2.44963, -1.40504, -0.77392, -2.61956], [1.24857, 0.82584, -2.68197, 2.41863, -1.42298, -0.9008, -2.63272], [1.32682, 1.19459, -2.45634, 2.41491, -1.46937, -1.10231, -2.51348], [1.36478, 1.3735, -2.34687, 2.41311, -1.49188, -1.20008, -2.45562], [1.31162, 1.46684, -2.23433, 2.25659, -1.44202, -0.7568, -2.50374], [1.25846, 1.56018, -2.1218, 2.10008, -1.39216, -0.31351, -2.55187], [1.2053, 1.65352, -2.00927, 1.94356, -1.34231, 0.12977, -2.59999], [1.15214, 1.74686, -1.89673, 1.78705, -1.29245, 0.57305, -2.64812], [1.09898, 1.8402, -1.7842, 1.63054, -1.2426, 1.01633, -2.69624], [1.04582, 1.93354, -1.67167, 1.47402, -1.19274, 1.45962, -2.74437]]
end: [1.03559, 1.9515100000000001, -1.6499999999999999, 1.4438899999999999, -1.1831400000000001, 1.5449600000000001, -2.7536399999999999]
obtacles: [[[0.6, 0.5, -1.0], [0.9, 0.6, 1.0]], [[0.6, -0.6, -1.0], [0.9, -0.5, 1.0]], [[0.6, -0.6, 0.9], [0.9, 0.6, 1.0]], [[0.6, -0.6, -1.0], [0.9, 0.6, -0.9]], [[0.6, -0.6, 0.4], [0.9, 0.6, 0.5]], [[0.6, -0.6, -0.4], [0.9, 0.6, -0.3]], [[0.6, 0.1, 0.5], [0.9, 0.2, 1.0]], [[0.6, -0.2, -0.4], [0.9, -0.1, 0.5]], [[0.6, -0.1, -1.0], [0.9, 0.0, -0.3]]]
start: [0.92544000000000004, 1.53989, -1.6000000000000001, 1.9744900000000001, -1.6107, 1.5561, -2.0918000000000001]
tajectories: [[0.92544, 1.53989, -1.6, 1.97449, -1.6107, 1.5561, -2.0918]]
end: [0.86607999999999996, 1.5921799999999999, -1.6000000000000001, 1.7696400000000001, -1.5556000000000001, 1.5379499999999999, -2.2385999999999999]
obtacles: [[[0.6, 0.5, -1.0], [0.9, 0.6, 1.0]], [[0.6, -0.6, -1.0], [0.9, -0.5, 1.0]], [[0.6, -0.6, 0.9], [0.9, 0.6, 1.0]], [[0.6, -0.6, -1.0], [0.9, 0.6, -0.9]], [[0.6, -0.6, 0.4], [0.9, 0.6, 0.5]], [[0.6, -0.6, -0.4], [0.9, 0.6, -0.3]], [[0.6, 0.1, 0.5], [0.9, 0.2, 1.0]], [[0.6, -0.2, -0.4], [0.9, -0.1, 0.5]], [[0.6, -0.1, -1.0], [0.9, 0.0, -0.3]]]
start: [2.1144699999999998, -1.5854299999999999, -1.55, 1.8515900000000001, -1.5790999999999999, -1.5467599999999999, -0.82421999999999995]
tajectories: [[2.11447, -1.58543, -1.55, 1.85159, -1.5791, -1.54676, -0.82422], [1.8733, -1.3036, -1.65888, 1.9103, -1.65469, -1.42617, -0.54701], [1.63213, -1.02176, -1.76776, 1.969, -1.73028, -1.30557, -0.2698], [1.39095, -0.73993, -1.87664, 2.0277, -1.80587, -1.18498, 0.00741], [1.14978, -0.45809, -1.98553, 2.0864, -1.88146, -1.06438, 0.28462], [0.90861, -0.17625, -2.09441, 2.1451, -1.95705, -0.94378, 0.56183], [0.66743, 0.10558, -2.20329, 2.20381, -2.03264, -0.82319, 0.83904], [0.55274, 0.23962, -2.25507, 2.23172, -2.06859, -0.76584, 0.97088], [0.90355, 0.38578, -2.24619, 2.26456, -2.21677, -0.63009, 1.22391], [1.25437, 0.53194, -2.23731, 2.29739, -2.36494, -0.49435, 1.47693], [1.60519, 0.6781, -2.22843, 2.33022, -2.51312, -0.3586, 1.72996], [1.95601, 0.82427, -2.21955, 2.36306, -2.6613, -0.22285, 1.98299], [2.22052, 0.93447, -2.21285, 2.38781, -2.77302, -0.12051, 2.17377], [1.98441, 0.93116, -2.09944, 2.05659, -2.62564, 0.07101, 2.28896], [1.7483, 0.92786, -1.98603, 1.72536, -2.47825, 0.26253, 2.40414], [1.51219, 0.92455, -1.87262, 1.39414, -2.33087, 0.45405, 2.51933], [1.27608, 0.92124, -1.7592, 1.06291, -2.18349, 0.64557, 2.63452], [1.03998, 0.91794, -1.64579, 0.73168, -2.03611, 0.83709, 2.74971]]
end: [0.84055000000000002, 0.91513999999999995, -1.55, 0.45191999999999999, -1.9116299999999999, 0.99885000000000002, 2.847]
obtacles: [[[0.6, 0.5, -1.0], [0.9, 0.6, 1.0]], [[0.6, -0.6, -1.0], [0.9, -0.5, 1.0]], [[0.6, -0.6, 0.9], [0.9, 0.6, 1.0]], [[0.6, -0.6, -1.0], [0.9, 0.6, -0.9]], [[0.6, -0.6, 0.4], [0.9, 0.6, 0.5]], [[0.6, -0.6, -0.4], [0.9, 0.6, -0.3]], [[0.6, 0.1, 0.5], [0.9, 0.2, 1.0]], [[0.6, -0.2, -0.4], [0.9, -0.1, 0.5]], [[0.6, -0.1, -1.0], [0.9, 0.0, -0.3]]]
start: [0.63714999999999999, 1.8454900000000001, -1.8, 0.91639000000000004, -1.2150000000000001, 1.5624, -2.89568]
tajectories: [[0.63715, 1.84549, -1.8, 0.91639, -1.215, 1.5624, -2.89568], [0.77215, 1.77333, -1.58494, 1.10128, -0.87202, 1.53428, -2.72924], [0.90715, 1.70116, -1.36988, 1.28618, -0.52903, 1.50616, -2.56281], [1.04215, 1.629, -1.15482, 1.47107, -0.18605, 1.47804, -2.39637], [1.17715, 1.55684, -0.93976, 1.65597, 0.15694, 1.44992, -2.22994], [1.31215, 1.48468, -0.72469, 1.84087, 0.49992, 1.4218, -2.06351], [1.33005, 1.47511, -0.69617, 1.86539, 0.54542, 1.41807, -2.04143], [1.52508, 1.3225, -0.86191, 1.73217, 0.20784, 1.3828, -1.87333], [1.72011, 1.1699, -1.02766, 1.59896, -0.12974, 1.34754, -1.70524], [1.91514, 1.01729, -1.19341, 1.46574, -0.46731, 1.31228, -1.53714], [2.11016, 0.86469, -1.35915, 1.33252, -0.80489, 1.27702, -1.36905], [2.30519, 0.71208, -1.5249, 1.1993, -1.14247, 1.24176, -1.20095], [2.34265, 0.68277, -1.55674, 1.17372, -1.20731, 1.23498, -1.16867], [2.11245, 0.53455, -1.48559, 1.14361, -1.51646, 1.11256, -1.41055], [1.88224, 0.38633, -1.41444, 1.11351, -1.82561, 0.99014, -1.65243], [1.65203, 0.23812, -1.3433, 1.0834, -2.13476, 0.86771, -1.89432], [1.42183, 0.0899, -1.27215, 1.0533, -2.4439, 0.74529, -2.1362], [1.19162, -0.05832, -1.201, 1.02319, -2.75305, 0.62287, -2.37809], [1.07127, -0.1358, -1.16381, 1.00745, -2.91466, 0.55887, -2.50453], [0.70091, -0.13634, -1.17863, 1.07674, -3.14989, 0.33501, -2.55315], [0.33054, -0.13688, -1.19346, 1.14603, -3.38511, 0.11115, -2.60177], [-0.03983, -0.13741, -1.20828, 1.21532, -3.62033, -0.11271, -2.65039], [-0.29048, -0.13777, -1.21831, 1.26221, -3.77952, -0.26421, -2.68329], [-0.28252, 0.06182, -1.04039, 1.10135, -3.57764, 0.07018, -2.68325], [-0.27456, 0.26141, -0.86247, 0.9405, -3.37577, 0.40457, -2.6832], [-0.2666, 0.461, -0.68455, 0.77964, -3.1739, 0.73896, -2.68316], [-0.25864, 0.66059, -0.50662, 0.61878, -2.97202, 1.07334, -2.68312]]
end: [-0.25387999999999999, 0.7802, -0.40000000000000002, 0.52237999999999996, -2.8510499999999999, 1.27373, -2.68309]
obtacles: [[[0.6, 0.5, -1.0], [0.9, 0.6, 1.0]], [[0.6, -0.6, -1.0], [0.9, -0.5, 1.0]], [[0.6, -0.6, 0.9], [0.9, 0.6, 1.0]], [[0.6, -0.6, -1.0], [0.9, 0.6, -0.9]], [[0.6, -0.6, 0.4], [0.9, 0.6, 0.5]], [[0.6, -0.6, -0.4], [0.9, 0.6, -0.3]], [[0.6, 0.1, 0.5], [0.9, 0.2, 1.0]], [[0.6, -0.2, -0.4], [0.9, -0.1, 0.5]], [[0.6, -0.1, -1.0], [0.9, 0.0, -0.3]]]
start: [2.3635100000000002, -1.80972, -1.0, 1.44614, 1.2190099999999999, 1.05704, 2.6372499999999999]
tajectories: [[2.36351, -1.80972, -1.0, 1.44614, 1.21901, 1.05704, 2.63725], [2.18091, -1.75358, -1.14286, 1.63486, 1.15543, 1.05398, 2.24554], [1.99832, -1.69745, -1.28572, 1.82357, 1.09185, 1.05093, 1.85384], [1.81573, -1.64131, -1.42857, 2.01229, 1.02827, 1.04787, 1.46213], [1.63314, -1.58517, -1.57143, 2.201, 0.96469, 1.04482, 1.07042], [1.45055, -1.52904, -1.71429, 2.38972, 0.90111, 1.04176, 0.67871], [1.26795, -1.4729, -1.85715, 2.57844, 0.83753, 1.03871, 0.287], [1.08536, -1.41676, -2.00001, 2.76715, 0.77396, 1.03565, -0.1047], [1.03941, -1.40263, -2.03596, 2.81465, 0.75795, 1.03488, -0.20329], [1.13218, -1.30321, -1.82822, 2.81599, 0.83414, 0.68587, 0.04315], [1.22496, -1.20379, -1.62048, 2.81732, 0.91033, 0.33685, 0.2896], [1.31773, -1.10436, -1.41275, 2.81866, 0.98652, -0.01217, 0.53604], [1.35344, -1.0661, -1.3328, 2.81918, 1.01584, -0.14648, 0.63087], [1.30646, -0.92125, -1.01606, 2.63013, 0.96624, -0.41849, 0.5113], [1.25949, -0.7764, -0.69933, 2.44107, 0.91664, -0.6905, 0.39172], [1.21251, -0.63155, -0.38259, 2.25202, 0.86705, -0.96251, 0.27214], [1.16554, -0.48671, -0.06585, 2.06296, 0.81745, -1.23452, 0.15256], [1.11856, -0.34186, 0.25088, 1.87391, 0.76786, -1.50653, 0.03298], [1.11036, -0.31656, 0.30621, 1.84089, 0.7592, -1.55404, 0.01209], [1.0375, -0.0708, 0.0108, 1.55082, 0.74521, -1.4624, -0.05345], [0.96464, 0.17497, -0.2846, 1.26075, 0.73122, -1.37076, -0.11899], [0.89178, 0.42073, -0.58001, 0.97069, 0.71724, -1.27912, -0.18453], [0.81893, 0.66649, -0.87541, 0.68062, 0.70325, -1.18748, -0.25006]]
end: [0.78820000000000001, 0.77014000000000005, -1.0, 0.55828, 0.69735000000000003, -1.1488400000000001, -0.27771000000000001]
obtacles: [[[0.6, 0.5, -1.0], [0.9, 0.6, 1.0]], [[0.6, -0.6, -1.0], [0.9, -0.5, 1.0]], [[0.6, -0.6, 0.9], [0.9, 0.6, 1.0]], [[0.6, -0.6, -1.0], [0.9, 0.6, -0.9]], [[0.6, -0.6, 0.4], [0.9, 0.6, 0.5]], [[0.6, -0.6, -0.4], [0.9, 0.6, -0.3]], [[0.6, 0.1, 0.5], [0.9, 0.2, 1.0]], [[0.6, -0.2, -0.4], [0.9, -0.1, 0.5]], [[0.6, -0.1, -1.0], [0.9, 0.0, -0.3]]]
start: [0.78530999999999995, 1.81545, -1.55, 1.7093499999999999, -1.3256399999999999, 1.55732, -2.2166600000000001]
tajectories: [[0.78531, 1.81545, -1.55, 1.70935, -1.32564, 1.55732, -2.21666], [1.10997, 1.64004, -1.50035, 1.85197, -1.1332, 1.54461, -1.98464], [1.43462, 1.46463, -1.45071, 1.99459, -0.94075, 1.5319, -1.75263], [1.75928, 1.28921, -1.40106, 2.13721, -0.74831, 1.51918, -1.52062], [2.08393, 1.1138, -1.35142, 2.27982, -0.55587, 1.50647, -1.28861], [2.40858, 0.93839, -1.30177, 2.42244, -0.36343, 1.49375, -1.05659], [2.52841, 0.87365, -1.28345, 2.47508, -0.2924, 1.48906, -0.97096], [2.34915, 0.55335, -1.18879, 2.30734, -0.12747, 1.41984, -0.75605], [2.16989, 0.23305, -1.09412, 2.1396, 0.03746, 1.35062, -0.54115], [1.99063, -0.08724, -0.99946, 1.97187, 0.20238, 1.2814, -0.32624], [1.81137, -0.40754, -0.90479, 1.80413, 0.36731, 1.21218, -0.11133], [1.6321, -0.72784, -0.81013, 1.63639, 0.53224, 1.14296, 0.10358], [1.57777, -0.82491, -0.78144, 1.58555, 0.58223, 1.12198, 0.16871], [1.46712, -0.73015, -0.72412, 1.31914, 0.40215, 0.9657, 0.48122], [1.35646, -0.63539, -0.66679, 1.05273, 0.22206, 0.80943, 0.79373], [1.24581, -0.54063, -0.60947, 0.78632, 0.04198, 0.65315, 1.10624], [1.13515, -0.44586, -0.55215, 0.51991, -0.1381, 0.49687, 1.41875], [1.06419, -0.38509, -0.51538, 0.34906, -0.25358, 0.39665, 1.61916], [1.25747, -0.47883, -0.71062, 0.42229, -0.38978, 0.12574, 1.35755], [1.45075, -0.57257, -0.90585, 0.49551, -0.52597, -0.14516, 1.09594], [1.64403, -0.6663, -1.10108, 0.56874, -0.66217, -0.41607, 0.83433], [1.83731, -0.76004, -1.29631, 0.64196, -0.79836, -0.68698, 0.57272], [2.03059, -0.85378, -1.49154, 0.71518, -0.93456, -0.95788, 0.31111]]
end: [2.1874699999999998, -0.92986000000000002, -1.6499999999999999, 0.77461999999999998, -1.0450999999999999, -1.17777, 0.098769999999999997]
obtacles: [[[0.6, 0.5, -1.0], [0.9, 0.6, 1.0]], [[0.6, -0.6, -1.0], [0.9, -0.5, 1.0]], [[0.6, -0.6, 0.9], [0.9, 0.6, 1.0]], [[0.6, -0.6, -1.0], [0.9, 0.6, -0.9]], [[0.6, -0.6, 0.4], [0.9, 0.6, 0.5]], [[0.6, -0.6, -0.4], [0.9, 0.6, -0.3]], [[0.6, 0.1, 0.5], [0.9, 0.2, 1.0]], [[0.6, -0.2, -0.4], [0.9, -0.1, 0.5]], [[0.6, -0.1, -1.0], [0.9, 0.0, -0.3]]]
start: [2.1411099999999998, -1.7392399999999999, -1.55, 1.7581199999999999, -1.73261, -1.5194099999999999, -0.75170999999999999]
tajectories: [[2.14111, -1.73924, -1.55, 1.75812, -1.73261, -1.51941, -0.75171], [1.88239, -1.60517, -1.51189, 1.87447, -1.48913, -1.41242, -0.46999], [1.62367, -1.47109, -1.47379, 1.99081, -1.24565, -1.30543, -0.18826], [1.36495, -1.33701, -1.43568, 2.10715, -1.00216, -1.19844, 0.09346], [1.10623, -1.20294, -1.39758, 2.22349, -0.75868, -1.09145, 0.37519], [0.84751, -1.06886, -1.35947, 2.33984, -0.51519, -0.98446, 0.65691], [0.5888, -0.93478, -1.32137, 2.45618, -0.27171, -0.87747, 0.93864], [0.51011, -0.89401, -1.30978, 2.49156, -0.19766, -0.84493, 1.02432], [0.55493, -0.94562, -1.29331, 2.14401, -0.06709, -0.64952, 0.76159], [0.59975, -0.99724, -1.27683, 1.79645, 0.06347, -0.45411, 0.49885], [0.64457, -1.04885, -1.26036, 1.4489, 0.19403, -0.2587, 0.23612], [0.68939, -1.10047, -1.24389, 1.10134, 0.32459, -0.06329, -0.02662], [0.72334, -1.13958, -1.23141, 0.838, 0.42351, 0.08477, -0.22569], [1.04266, -0.88639, -1.0235, 0.75515, 0.46225, 0.23933, -0.13374], [1.36197, -0.63321, -0.8156, 0.67229, 0.50099, 0.3939, -0.04179], [1.68129, -0.38002, -0.6077, 0.58943, 0.53973, 0.54847, 0.05016], [1.89959, -0.20693, -0.46556, 0.53279, 0.56621, 0.65414, 0.11303], [1.70578, -0.0107, -0.67633, 0.60143, 0.63496, 0.30764, 0.11564], [1.51198, 0.18553, -0.88711, 0.67007, 0.70372, -0.03886, 0.11825], [1.31818, 0.38175, -1.09788, 0.73871, 0.77247, -0.38536, 0.12087], [1.12437, 0.57798, -1.30866, 0.80735, 0.84123, -0.73186, 0.12348], [0.93057, 0.77421, -1.51943, 0.87599, 0.90998, -1.07836, 0.12609]]
end: [0.90246000000000004, 0.80266999999999999, -1.55, 0.88595000000000002, 0.91995000000000005, -1.12862, 0.12647]
obtacles: [[[0.6, 0.5, -1.0], [0.9, 0.6, 1.0]], [[0.6, -0.6, -1.0], [0.9, -0.5, 1.0]], [[0.6, -0.6, 0.9], [0.9, 0.6, 1.0]], [[0.6, -0.6, -1.0], [0.9, 0.6, -0.9]], [[0.6, -0.6, 0.4], [0.9, 0.6, 0.5]], [[0.6, -0.6, -0.4], [0.9, 0.6, -0.3]], [[0.6, 0.1, 0.5], [0.9, 0.2, 1.0]], [[0.6, -0.2, -0.4], [0.9, -0.1, 0.5]], [[0.6, -0.1, -1.0], [0.9, 0.0, -0.3]]]
start: [0.92254999999999998, 1.9621900000000001, -1.6499999999999999, 1.57813, -1.1788000000000001, 1.4947900000000001, -2.5168200000000001]
tajectories: [[0.92255, 1.96219, -1.65, 1.57813, -1.1788, 1.49479, -2.51682], [0.99044, 1.79156, -1.60715, 1.98347, -1.36377, 1.46961, -2.64046], [1.05833, 1.62092, -1.56429, 2.38882, -1.54873, 1.44442, -2.7641], [1.12622, 1.45029, -1.52144, 2.79416, -1.7337, 1.41924, -2.88774], [1.14405, 1.40547, -1.51019, 2.90062, -1.78228, 1.41263, -2.92022], [0.80555, 1.27169, -1.67607, 2.87006, -1.85735, 1.45739, -2.63485], [0.46706, 1.13791, -1.84195, 2.8395, -1.93243, 1.50216, -2.34949], [0.18248, 1.02544, -1.98141, 2.81381, -1.99554, 1.53979, -2.10958], [0.19782, 0.96752, -1.88843, 2.34016, -2.06777, 1.44929, -2.10555], [0.21316, 0.9096, -1.79545, 1.86651, -2.14001, 1.35878, -2.10152], [0.22851, 0.85168, -1.70247, 1.39287, -2.21224, 1.26828, -2.09749]]
end: [0.23716999999999999, 0.81899999999999995, -1.6499999999999999, 1.1255999999999999, -2.25299, 1.2172099999999999, -2.0952199999999999]
obtacles: [[[0.6, 0.5, -1.0], [0.9, 0.6, 1.0]], [[0.6, -0.6, -1.0], [0.9, -0.5, 1.0]], [[0.6, -0.6, 0.9], [0.9, 0.6, 1.0]], [[0.6, -0.6, -1.0], [0.9, 0.6, -0.9]], [[0.6, -0.6, 0.4], [0.9, 0.6, 0.5]], [[0.6, -0.6, -0.4], [0.9, 0.6, -0.3]], [[0.6, 0.1, 0.5], [0.9, 0.2, 1.0]], [[0.6, -0.2, -0.4], [0.9, -0.1, 0.5]], [[0.6, -0.1, -1.0], [0.9, 0.0, -0.3]]]
start: [0.84209000000000001, 1.7806200000000001, -1.7, 1.0849500000000001, -1.3252900000000001, 1.5566199999999999, -2.91411]
tajectories: [[0.84209, 1.78062, -1.7, 1.08495, -1.32529, 1.55662, -2.91411], [0.86001, 1.60081, -1.55089, 1.25578, -1.12896, 1.24128, -2.74691], [0.87793, 1.42101, -1.40178, 1.4266, -0.93264, 0.92594, -2.57972], [0.89585, 1.24121, -1.25266, 1.59742, -0.73631, 0.6106, -2.41253], [0.91377, 1.06141, -1.10355, 1.76825, -0.53998, 0.29526, -2.24534], [0.93168, 0.88161, -0.95444, 1.93907, -0.34366, -0.02008, -2.07815], [0.94493, 0.74873, -0.84424, 2.06532, -0.19856, -0.25313, -1.95459], [1.10175, 0.59066, -0.84452, 2.18506, -0.5346, -0.51632, -2.01695], [1.25857, 0.43258, -0.84481, 2.30481, -0.87064, -0.77951, -2.07932], [1.4154, 0.27451, -0.84509, 2.42455, -1.20668, -1.04269, -2.14168], [1.46333, 0.22619, -0.84518, 2.46115, -1.3094, -1.12314, -2.16074], [1.52163, 0.20031, -1.1712, 2.34772, -1.53583, -1.0953, -1.88738], [1.57993, 0.17444, -1.49722, 2.23429, -1.76225, -1.06745, -1.61401], [1.63823, 0.14856, -1.82325, 2.12086, -1.98868, -1.0396, -1.34064], [1.69653, 0.12269, -2.14927, 2.00743, -2.2151, -1.01176, -1.06727], [1.75483, 0.09681, -2.47529, 1.894, -2.44153, -0.98391, -0.7939], [1.76776, 0.09107, -2.54763, 1.86884, -2.49176, -0.97774, -0.73325], [1.86239, -0.09766, -2.4158, 1.66931, -2.14898, -1.04986, -0.57346], [1.95703, -0.28639, -2.28398, 1.46979, -1.80619, -1.12199, -0.41366], [2.05166, -0.47511, -2.15216, 1.27027, -1.46341, -1.19412, -0.25386], [2.14629, -0.66384, -2.02034, 1.07075, -1.12062, -1.26625, -0.09406]]
end: [2.2326800000000002, -0.83613000000000004, -1.8999999999999999, 0.88859999999999995, -0.80769999999999997, -1.3321000000000001, 0.051810000000000002]
obtacles: [[[0.6, 0.5, -1.0], [0.9, 0.6, 1.0]], [[0.6, -0.6, -1.0], [0.9, -0.5, 1.0]], [[0.6, -0.6, 0.9], [0.9, 0.6, 1.0]], [[0.6, -0.6, -1.0], [0.9, 0.6, -0.9]], [[0.6, -0.6, 0.4], [0.9, 0.6, 0.5]], [[0.6, -0.6, -0.4], [0.9, 0.6, -0.3]], [[0.6, 0.1, 0.5], [0.9, 0.2, 1.0]], [[0.6, -0.2, -0.4], [0.9, -0.1, 0.5]], [[0.6, -0.1, -1.0], [0.9, 0.0, -0.3]]]
start: [1.08745, 1.7461800000000001, -1.6000000000000001, 1.5989899999999999, -1.39621, 1.5371300000000001, -2.6355599999999999]
tajectories: [[1.08745, 1.74618, -1.6, 1.59899, -1.39621, 1.53713, -2.63556], [1.01388, 1.4212, -1.40053, 1.8214, -1.58725, 1.42424, -2.61365], [0.94031, 1.09622, -1.20106, 2.04381, -1.77829, 1.31135, -2.59175], [0.86675, 0.77124, -1.00159, 2.26622, -1.96933, 1.19846, -2.56984], [0.79318, 0.44625, -0.80212, 2.48863, -2.16037, 1.08557, -2.54793], [0.74643, 0.23974, -0.67536, 2.62997, -2.28177, 1.01384, -2.53401], [0.98786, -0.07245, -0.83673, 2.42503, -2.41385, 0.94312, -2.59537], [1.22929, -0.38463, -0.9981, 2.22009, -2.54593, 0.87241, -2.65673], [1.36242, -0.55678, -1.08709, 2.10708, -2.61877, 0.83341, -2.69057], [1.20352, -0.25787, -1.26748, 1.93752, -2.86498, 0.72057, -2.71812], [1.04463, 0.04104, -1.44787, 1.76796, -3.11119, 0.60773, -2.74567], [0.88573, 0.33996, -1.62826, 1.5984, -3.3574, 0.4949, -2.77322], [0.85132, 0.40468, -1.66733, 1.56168, -3.41071, 0.47046, -2.77918], [0.64601, 0.51657, -1.64927, 1.41794, -3.09497, 0.66347, -2.5858], [0.4407, 0.62846, -1.63122, 1.27419, -2.77923, 0.85648, -2.39242], [0.23539, 0.74036, -1.61317, 1.13045, -2.46349, 1.04949, -2.19904]]
end: [0.085559999999999997, 0.82201000000000002, -1.6000000000000001, 1.02555, -2.2330800000000002, 1.19034, -2.0579200000000002]
