obtacles: [[[0.6, 0.5, -1.0], [0.9, 0.6, 1.0]], [[0.6, -0.6, -1.0], [0.9, -0.5, 1.0]], [[0.6, -0.6, 0.9], [0.9, 0.6, 1.0]], [[0.6, -0.6, -1.0], [0.9, 0.6, -0.9]], [[0.6, -0.6, 0.4], [0.9, 0.6, 0.5]], [[0.6, -0.6, -0.5], [0.9, 0.6, -0.4]], [[0.6, 0.2, 0.5], [0.9, 0.3, 1.0]], [[0.6, 0.0, -0.5], [0.9, 0.1, 0.5]], [[0.6, -0.1, -1.0], [0.9, 0.0, -0.4]]]
start: [2.4374400000000001, -1.8896999999999999, -1.5, 1.4013100000000001, -1.8969400000000001, -1.5574699999999999, -0.68357000000000001]
tajectories: [[2.43744, -1.8897, -1.5, 1.40131, -1.89694, -1.55747, -0.68357], [2.31425, -1.67134, -1.6848, 1.6177, -1.83947, -1.36052, -0.43045], [2.19107, -1.45298, -1.86961, 1.83409, -1.78199, -1.16357, -0.17732], [2.06788, -1.23462, -2.05441, 2.05048, -1.72452, -0.96662, 0.0758], [1.9447, -1.01626, -2.23922, 2.26688, -1.66704, -0.76966, 0.32892], [1.82151, -0.7979, -2.42402, 2.48327, -1.60957, -0.57271, 0.58205], [1.70479, -0.59099, -2.59913, 2.68831, -1.55511, -0.38609, 0.8219], [1.57672, -0.4401, -2.63947, 2.44337, -1.37934, -0.42346, 1.16383], [1.44864, -0.28921, -2.6798, 2.19843, -1.20358, -0.46083, 1.50577], [1.32057, -0.13832, -2.72013, 1.95349, -1.02782, -0.4982, 1.8477], [1.28548, -0.09698, -2.73119, 1.88637, -0.97966, -0.50844, 1.9414], [1.5203, 0.01031, -2.70218, 1.69473, -1.22752, -0.22682, 1.87039], [1.75512, 0.11759, -2.67317, 1.50309, -1.47537, 0.05479, 1.79939], [1.98994, 0.22488, -2.64417, 1.31145, -1.72323, 0.3364, 1.72838], [2.22476, 0.33216, -2.61516, 1.11981, -1.97109, 0.61801, 1.65738], [2.45959, 0.43945, -2.58615, 0.92816, -2.21895, 0.89963, 1.58637], [2.61321, 0.50964, -2.56718, 0.80279, -2.3811, 1.08386, 1.53992], [2.28872, 0.56711, -2.30616, 0.79245, -2.37838, 1.11807, 1.80822], [1.96423, 0.62458, -2.04514, 0.78212, -2.37566, 1.15228, 2.07653], [1.63974, 0.68204, -1.78411, 0.77178, -2.37294, 1.18649, 2.34484], [1.31525, 0.73951, -1.52309, 0.76144, -2.37022, 1.2207, 2.61314], [0.99076, 0.79698, -1.26207, 0.75111, -2.3675, 1.25491, 2.88145]]
end: [0.85143999999999997, 0.82165999999999995, -1.1499999999999999, 0.74666999999999994, -2.36633, 1.2696000000000001, 2.9966499999999998]
obtacles: [[[0.6, 0.5, -1.0], [0.9, 0.6, 1.0]], [[0.6, -0.6, -1.0], [0.9, -0.5, 1.0]], [[0.6, -0.6, 0.9], [0.9, 0.6, 1.0]], [[0.6, -0.6, -1.0], [0.9, 0.6, -0.9]], [[0.6, -0.6, 0.4], [0.9, 0.6, 0.5]], [[0.6, -0.6, -0.5], [0.9, 0.6, -0.4]], [[0.6, 0.2, 0.5], [0.9, 0.3, 1.0]], [[0.6, 0.0, -0.5], [0.9, 0.1, 0.5]], [[0.6, -0.1, -1.0], [0.9, 0.0, -0.4]]]
start: [0.65085000000000004, 1.88236, -1.8500000000000001, 1.24644, -1.18262, 1.41927, -2.61998]
tajectories: [[0.65085, 1.88236, -1.85, 1.24644, -1.18262, 1.41927, -2.61998], [0.72404, 1.87514, -1.97639, 1.4953, -1.58953, 1.38815, -2.60814], [0.79722, 1.86791, -2.10278, 1.74416, -1.99644, 1.35702, -2.59631], [0.87041, 1.86069, -2.22916, 1.99303, -2.40335, 1.3259, -2.58448], [0.94359, 1.85346, -2.35555, 2.24189, -2.81026, 1.29478, -2.57265], [1.01678, 1.84624, -2.48194, 2.49076, -3.21717, 1.26365, -2.56082], [1.07278, 1.84071, -2.57865, 2.68119, -3.52853, 1.23984, -2.55176], [1.16432, 1.56778, -2.55512, 2.57716, -3.25582, 0.98234, -2.42897], [1.25586, 1.29486, -2.5316, 2.47313, -2.9831, 0.72484, -2.30617], [1.34739, 1.02193, -2.50807, 2.36911, -2.71039, 0.46735, -2.18337], [1.43893, 0.749, -2.48454, 2.26508, -2.43768, 0.20985, -2.06058], [1.53047, 0.47607, -2.46101, 2.16106, -2.16497, -0.04765, -1.93778], [1.62201, 0.20314, -2.43749, 2.05703, -1.89225, -0.30515, -1.81498], [1.69359, -0.01026, -2.41909, 1.97569, -1.67902, -0.50649, -1.71896], [1.41892, 0.16365, -2.33216, 1.77043, -1.6089, -0.64941, -1.98218], [1.14425, 0.33757, -2.24524, 1.56517, -1.53879, -0.79233, -2.24539], [0.86959, 0.51149, -2.15831, 1.35991, -1.46867, -0.93525, -2.5086], [0.6091, 0.67643, -2.07587, 1.16524, -1.40218, -1.07079, -2.75823], [0.45996, 0.7183, -2.02616, 1.05703, -1.50885, -0.64143, -2.63137], [0.31083, 0.76017, -1.97645, 0.94882, -1.61552, -0.21206, -2.50452], [0.16169, 0.80205, -1.92674, 0.84061, -1.72218, 0.2173, -2.37767], [0.01255, 0.84392, -1.87704, 0.7324, -1.82885, 0.64667, -2.25081]]
end: [-0.068559999999999996, 0.86668999999999996, -1.8500000000000001, 0.67354000000000003, -1.88687, 0.88019000000000003, -2.1818200000000001]
obtacles: [[[0.6, 0.5, -1.0], [0.9, 0.6, 1.0]], [[0.6, -0.6, -1.0], [0.9, -0.5, 1.0]], [[0.6, -0.6, 0.9], [0.9, 0.6, 1.0]], [[0.6, -0.6, -1.0], [0.9, 0.6, -0.9]], [[0.6, -0.6, 0.4], [0.9, 0.6, 0.5]], [[0.6, -0.6, -0.5], [0.9, 0.6, -0.4]], [[0.6, 0.2, 0.5], [0.9, 0.3, 1.0]], [[0.6, 0.0, -0.5], [0.9, 0.1, 0.5]], [[0.6, -0.1, -1.0], [0.9, 0.0, -0.4]]]
start: [2.0601099999999999, -1.49282, -1.5, 1.8021799999999999, -1.4785600000000001, -1.52, -0.72580999999999996]
tajectories: [[2.06011, -1.49282, -1.5, 1.80218, -1.47856, -1.52, -0.72581], [2.04172, -1.43756, -1.65255, 1.87791, -1.07409, -1.28799, -0.73937], [2.02332, -1.38229, -1.80509, 1.95363, -0.66962, -1.05598, -0.75292], [2.00492, -1.32702, -1.95764, 2.02935, -0.26516, -0.82398, -0.76648], [1.98653, -1.27176, -2.11018, 2.10507, 0.13931, -0.59197, -0.78004], [1.96813, -1.21649, -2.26273, 2.18079, 0.54378, -0.35997, -0.79359], [1.94973, -1.16123, -2.41527, 2.25652, 0.94824, -0.12796, -0.80715], [1.94845, -1.15737, -2.42591, 2.2618, 0.97645, -0.11178, -0.80809], [1.53812, -1.23067, -2.37652, 2.00008, 0.90349, -0.11278, -0.80831], [1.1278, -1.30397, -2.32713, 1.73836, 0.83052, -0.11378, -0.80852], [0.71748, -1.37727, -2.27774, 1.47663, 0.75756, -0.11479, -0.80874], [0.30715, -1.45057, -2.22835, 1.21491, 0.68459, -0.11579, -0.80895], [0.22255, -1.46568, -2.21817, 1.16095, 0.66955, -0.11599, -0.80899], [0.5181, -1.26486, -1.97128, 1.10643, 0.74347, 0.00316, -1.00581], [0.81365, -1.06405, -1.72439, 1.05191, 0.81738, 0.12232, -1.20263], [1.10919, -0.86323, -1.4775, 0.99739, 0.8913, 0.24148, -1.39945], [1.40474, -0.66242, -1.23061, 0.94287, 0.96522, 0.36063, -1.59627], [1.70029, -0.4616, -0.98373, 0.88835, 1.03913, 0.47979, -1.79308], [1.90293, -0.32391, -0.81445, 0.85096, 1.08981, 0.56149, -1.92803], [1.72473, -0.12211, -0.86264, 0.81216, 1.04163, 0.25681, -1.64779], [1.54653, 0.0797, -0.91084, 0.77336, 0.99345, -0.04787, -1.36754], [1.36833, 0.2815, -0.95903, 0.73455, 0.94527, -0.35256, -1.08729], [1.19013, 0.48331, -1.00723, 0.69575, 0.89709, -0.65724, -0.80704], [1.01193, 0.68511, -1.05542, 0.65695, 0.84891, -0.96192, -0.5268]]
end: [0.84711000000000003, 0.87175999999999998, -1.1000000000000001, 0.62105999999999995, 0.80435000000000001, -1.2437199999999999, -0.2676]
obtacles: [[[0.6, 0.5, -1.0], [0.9, 0.6, 1.0]], [[0.6, -0.6, -1.0], [0.9, -0.5, 1.0]], [[0.6, -0.6, 0.9], [0.9, 0.6, 1.0]], [[0.6, -0.6, -1.0], [0.9, 0.6, -0.9]], [[0.6, -0.6, 0.4], [0.9, 0.6, 0.5]], [[0.6, -0.6, -0.5], [0.9, 0.6, -0.4]], [[0.6, 0.2, 0.5], [0.9, 0.3, 1.0]], [[0.6, 0.0, -0.5], [0.9, 0.1, 0.5]], [[0.6, -0.1, -1.0], [0.9, 0.0, -0.4]]]
start: [2.47682, -1.55392, -1.55, 1.1276200000000001, -1.56447, -1.54478, -0.46310000000000001]
tajectories: [[2.47682, -1.55392, -1.55, 1.12762, -1.56447, -1.54478, -0.4631], [2.33169, -1.36215, -1.71793, 1.33137, -1.82705, -1.39987, -0.28281], [2.18657, -1.17038, -1.88585, 1.53513, -2.08962, -1.25497, -0.10252], [2.04145, -0.97861, -2.05378, 1.73889, -2.3522, -1.11007, 0.07777], [1.89632, -0.78684, -2.2217, 1.94264, -2.61478, -0.96517, 0.25805], [1.86003, -0.73888, -2.26371, 1.99361, -2.68046, -0.92893, 0.30315], [1.81276, -0.62509, -1.98232, 2.13733, -2.67715, -0.60217, 0.47108], [1.7655, -0.5113, -1.70093, 2.28106, -2.67385, -0.27541, 0.63901], [1.71824, -0.39751, -1.41954, 2.42478, -2.67054, 0.05135, 0.80694], [1.67098, -0.28372, -1.13816, 2.5685, -2.66724, 0.37811, 0.97487], [1.63734, -0.20274, -0.93789, 2.67079, -2.66488, 0.61066, 1.09439], [1.84068, -0.07103, -1.17454, 2.49289, -2.67327, 0.75279, 1.38315], [2.04401, 0.06068, -1.41119, 2.31499, -2.68166, 0.89492, 1.67191], [2.24735, 0.19238, -1.64784, 2.13709, -2.69005, 1.03704, 1.96068], [2.45069, 0.32409, -1.8845, 1.95919, -2.69844, 1.17917, 2.24944], [2.51856, 0.36806, -1.96349, 1.8998, -2.70124, 1.22661, 2.34583], [2.18404, 0.47988, -1.87791, 1.61495, -2.54746, 1.18357, 2.45363], [1.84952, 0.59169, -1.79233, 1.33009, -2.39368, 1.14053, 2.56143], [1.51499, 0.70351, -1.70675, 1.04523, -2.23989, 1.09749, 2.66923], [1.18047, 0.81533, -1.62117, 0.76037, -2.08611, 1.05445, 2.77703]]
end: [0.90227000000000002, 0.90832000000000002, -1.55, 0.52347999999999995, -1.9582200000000001, 1.0186599999999999, 2.8666800000000001]
obtacles: [[[0.6, 0.5, -1.0], [0.9, 0.6, 1.0]], [[0.6, -0.6, -1.0], [0.9, -0.5, 1.0]], [[0.6, -0.6, 0.9], [0.9, 0.6, 1.0]], [[0.6, -0.6, -1.0], [0.9, 0.6, -0.9]], [[0.6, -0.6, 0.4], [0.9, 0.6, 0.5]], [[0.6, -0.6, -0.5], [0.9, 0.6, -0.4]], [[0.6, 0.2, 0.5], [0.9, 0.3, 1.0]], [[0.6, 0.0, -0.5], [0.9, 0.1, 0.5]], [[0.6, -0.1, -1.0], [0.9, 0.0, -0.4]]]
start: [1.05545, 1.8856900000000001, -1.55, 1.8700699999999999, -1.2634000000000001, 1.49831, -2.3349099999999998]
tajectories: [[1.05545, 1.88569, -1.55, 1.87007, -1.2634, 1.49831, -2.33491], [1.24018, 1.70873, -1.2357, 1.74834, -0.99742, 1.50002, -2.34933], [1.42492, 1.53178, -0.92141, 1.62661, -0.73144, 1.50172, -2.36376], [1.60965, 1.35482, -0.60711, 1.50487, -0.46545, 1.50343, -2.37818], [1.79438, 1.17786, -0.29281, 1.38314, -0.19947, 1.50513, -2.39261], [1.97912, 1.0009, 0.02149, 1.26141, 0.06651, 1.50683, -2.40703], [2.16385, 0.82395, 0.33578, 1.13968, 0.3325, 1.50854, -2.42146], [2.22826, 0.76225, 0.44536, 1.09724, 0.42523, 1.50913, -2.42649], [1.99578, 0.60241, 0.10743, 1.12664, 0.46092, 1.37033, -2.23994], [1.76331, 0.44256, -0.23051, 1.15603, 0.49661, 1.23153, -2.05338], [1.53083, 0.28272, -0.56844, 1.18543, 0.5323, 1.09272, -1.86683], [1.29836, 0.12288, -0.90637, 1.21482, 0.56799, 0.95392, -1.68028], [1.06588, -0.03696, -1.24431, 1.24422, 0.60368, 0.81512, -1.49372], [0.83341, -0.19681, -1.58224, 1.27362, 0.63937, 0.67632, -1.30717], [0.60093, -0.35665, -1.92017, 1.30301, 0.67506, 0.53751, -1.12062], [0.37221, -0.51391, -2.25266, 1.33193, 0.71018, 0.40095, -0.93707], [0.40224, -0.39675, -2.23699, 1.19212, 0.76638, 0.11231, -0.57776], [0.43228, -0.27959, -2.22132, 1.05231, 0.82258, -0.17633, -0.21844], [0.46232, -0.16244, -2.20565, 0.9125, 0.87878, -0.46497, 0.14087], [0.49236, -0.04528, -2.18998, 0.77269, 0.93497, -0.75361, 0.50019], [0.5224, 0.07188, -2.17431, 0.63288, 0.99117, -1.04225, 0.8595], [0.54809, 0.1721, -2.16091, 0.51329, 1.03924, -1.28915, 1.16685], [0.80588, 0.01541, -2.06756, 0.60798, 0.7418, -1.28675, 0.93699], [1.06368, -0.14127, -1.97421, 0.70267, 0.44436, -1.28436, 0.70713], [1.32147, -0.29795, -1.88086, 0.79736, 0.14692, -1.28196, 0.47727], [1.57926, -0.45464, -1.78751, 0.89205, -0.15052, -1.27957, 0.24741], [1.83705, -0.61132, -1.69416, 0.98674, -0.44796, -1.27718, 0.01755], [2.09485, -0.768, -1.60081, 1.08143, -0.7454, -1.27478, -0.21231]]
end: [2.2351800000000002, -0.85328999999999999, -1.55, 1.13297, -0.90730999999999995, -1.2734799999999999, -0.33744000000000002]
obtacles: [[[0.6, 0.5, -1.0], [0.9, 0.6, 1.0]], [[0.6, -0.6, -1.0], [0.9, -0.5, 1.0]], [[0.6, -0.6, 0.9], [0.9, 0.6, 1.0]], [[0.6, -0.6, -1.0], [0.9, 0.6, -0.9]], [[0.6, -0.6, 0.4], [0.9, 0.6, 0.5]], [[0.6, -0.6, -0.5], [0.9, 0.6, -0.4]], [[0.6, 0.2, 0.5], [0.9, 0.3, 1.0]], [[0.6, 0.0, -0.5], [0.9, 0.1, 0.5]], [[0.6, -0.1, -1.0], [0.9, 0.0, -0.4]]]
start: [2.2854000000000001, -1.70763, -1.55, 1.7018, -1.70383, -1.53254, -0.84164000000000005]
tajectories: [[2.2854, -1.70763, -1.55, 1.7018, -1.70383, -1.53254, -0.84164], [1.9899, -1.61023, -1.48064, 1.86355, -1.45186, -1.53419, -0.59928], [1.69441, -1.51284, -1.41129, 2.02529, -1.1999, -1.53584, -0.35693], [1.39891, -1.41544, -1.34193, 2.18704, -0.94793, -1.53748, -0.11457], [1.10342, -1.31805, -1.27257, 2.34878, -0.69597, -1.53913, 0.12778], [0.80792, -1.22065, -1.20321, 2.51053, -0.444, -1.54077, 0.37014], [0.51243, -1.12326, -1.13386, 2.67227, -0.19204, -1.54242, 0.61249], [0.30031, -1.05334, -1.08407, 2.78838, -0.01116, -1.5436, 0.78646], [0.57577, -0.81204, -1.31189, 2.60536, 0.03393, -1.48079, 0.94305], [0.85124, -0.57074, -1.5397, 2.42235, 0.07903, -1.41799, 1.09964], [1.12671, -0.32944, -1.76752, 2.23933, 0.12413, -1.35519, 1.25623], [1.40217, -0.08814, -1.99533, 2.05631, 0.16923, -1.29238, 1.41282], [1.67764, 0.15316, -2.22315, 1.8733, 0.21433, -1.22958, 1.5694], [1.9531, 0.39446, -2.45096, 1.69028, 0.25943, -1.16678, 1.72599], [2.11447, 0.53581, -2.58442, 1.58307, 0.28585, -1.12999, 1.81772], [1.9476, 0.58703, -2.4481, 1.43021, -0.00067, -0.84962, 1.94767], [1.78074, 0.63825, -2.31179, 1.27734, -0.28718, -0.56925, 2.07761], [1.61387, 0.68947, -2.17548, 1.12447, -0.5737, -0.28889, 2.20756], [1.447, 0.7407, -2.03917, 0.97161, -0.86021, -0.00852, 2.3375], [1.28013, 0.79192, -1.90285, 0.81874, -1.14673, 0.27185, 2.46745], [1.11326, 0.84314, -1.76654, 0.66588, -1.43324, 0.55221, 2.59739], [0.94639, 0.89436, -1.63023, 0.51301, -1.71976, 0.83258, 2.72733]]
end: [0.84818000000000005, 0.92451000000000005, -1.55, 0.42304000000000003, -1.88839, 0.99760000000000004, 2.80382]
obtacles: [[[0.6, 0.5, -1.0], [0.9, 0.6, 1.0]], [[0.6, -0.6, -1.0], [0.9, -0.5, 1.0]], [[0.6, -0.6, 0.9], [0.9, 0.6, 1.0]], [[0.6, -0.6, -1.0], [0.9, 0.6, -0.9]], [[0.6, -0.6, 0.4], [0.9, 0.6, 0.5]], [[0.6, -0.6, -0.5], [0.9, 0.6, -0.4]], [[0.6, 0.2, 0.5], [0.9, 0.3, 1.0]], [[0.6, 0.0, -0.5], [0.9, 0.1, 0.5]], [[0.6, -0.1, -1.0], [0.9, 0.0, -0.4]]]
start: [1.13304, 1.90625, -1.7, 1.3297699999999999, -4.3558899999999996, -1.53122, 0.16769999999999999]
tajectories: [[1.13304, 1.90625, -1.7, 1.32977, -4.35589, -1.53122, 0.1677], [1.13434, 1.81357, -1.48964, 1.41477, -4.03701, -1.35935, -0.07461], [1.13565, 1.72089, -1.27928, 1.49976, -3.71813, -1.18749, -0.31691], [1.13696, 1.6282, -1.06892, 1.58476, -3.39925, -1.01562, -0.55921], [1.13827, 1.53552, -0.85856, 1.66975, -3.08038, -0.84375, -0.80152], [1.13957, 1.44283, -0.6482, 1.75475, -2.7615, -0.67188, -1.04382], [1.14088, 1.35015, -0.43784, 1.83974, -2.44262, -0.50002, -1.28613], [1.14219, 1.25747, -0.22748, 1.92474, -2.12374, -0.32815, -1.52843], [1.14349, 1.16478, -0.01712, 2.00973, -1.80487, -0.15628, -1.77073], [1.14467, 1.0813, 0.17236, 2.08629, -1.51764, -0.00148, -1.98899], [1.07184, 0.77434, 0.14393, 2.10052, -1.17291, -0.08873, -1.83731], [0.999, 0.46738, 0.1155, 2.11474, -0.82819, -0.17599, -1.68563], [0.92617, 0.16041, 0.08708, 2.12896, -0.48346, -0.26325, -1.53395], [0.85333, -0.14655, 0.05865, 2.14318, -0.13873, -0.35051, -1.38227], [0.7805, -0.45351, 0.03022, 2.15741, 0.206, -0.43777, -1.23059], [0.70766, -0.76048, 0.0018, 2.17163, 0.55073, -0.52502, -1.07891], [0.66387, -0.94505, -0.0153, 2.18018, 0.758, -0.57749, -0.98771], [0.53148, -0.67607, -0.3014, 2.0868, 0.80691, -0.68871, -1.22177], [0.39909, -0.4071, -0.58751, 1.99341, 0.85582, -0.79993, -1.45584], [0.26671, -0.13813, -0.87361, 1.90003, 0.90473, -0.91115, -1.68991], [0.13432, 0.13085, -1.15972, 1.80664, 0.95364, -1.02237, -1.92398], [0.00193, 0.39982, -1.44582, 1.71326, 1.00255, -1.1336, -2.15805], [-0.0924, 0.59147, -1.64968, 1.64672, 1.0374, -1.21285, -2.32483], [-0.0516, 0.61791, -1.65609, 1.53013, 0.64013, -0.9371, -2.3368], [-0.0108, 0.64435, -1.6625, 1.41354, 0.24286, -0.66135, -2.34877], [0.03, 0.67079, -1.66892, 1.29695, -0.15441, -0.38561, -2.36074], [0.0708, 0.69723, -1.67533, 1.18036, -0.55168, -0.10986, -2.37271], [0.11159, 0.72367, -1.68174, 1.06377, -0.94895, 0.16588, -2.38468], [0.15239, 0.75011, -1.68815, 0.94718, -1.34622, 0.44163, -2.39665], [0.19319, 0.77655, -1.69456, 0.83059, -1.74349, 0.71737, -2.40862]]
end: [0.2278, 0.79898999999999998, -1.7, 0.73168, -2.0805199999999999, 0.95130999999999999, -2.4187799999999999]
obtacles: [[[0.6, 0.5, -1.0], [0.9, 0.6, 1.0]], [[0.6, -0.6, -1.0], [0.9, -0.5, 1.0]], [[0.6, -0.6, 0.9], [0.9, 0.6, 1.0]], [[0.6, -0.6, -1.0], [0.9, 0.6, -0.9]], [[0.6, -0.6, 0.4], [0.9, 0.6, 0.5]], [[0.6, -0.6, -0.5], [0.9, 0.6, -0.4]], [[0.6, 0.2, 0.5], [0.9, 0.3, 1.0]], [[0.6, 0.0, -0.5], [0.9, 0.1, 0.5]], [[0.6, -0.1, -1.0], [0.9, 0.0, -0.4]]]
start: [-2.3721800000000002, -1.9632799999999999, 1.3, 1.4964299999999999, -1.14872, 1.35097, -2.516]
tajectories: [[-2.37218, -1.96328, 1.3, 1.49643, -1.14872, 1.35097, -2.516], [-2.32585, -1.93086, 1.16854, 1.7506, -1.30926, 1.25392, -2.15583], [-2.27952, -1.89844, 1.03708, 2.00478, -1.4698, 1.15687, -1.79566], [-2.23319, -1.86602, 0.90562, 2.25895, -1.63034, 1.05982, -1.43549], [-2.18685, -1.83359, 0.77415, 2.51313, -1.79088, 0.96277, -1.07532], [-2.14052, -1.80117, 0.64269, 2.7673, -1.95142, 0.86572, -0.71515], [-2.09419, -1.76875, 0.51123, 3.02148, -2.11196, 0.76866, -0.35498], [-2.08548, -1.76265, 0.48652, 3.06927, -2.14214, 0.75042, -0.28726], [-2.03892, -1.52894, 0.27834, 2.85218, -1.95647, 0.4892, -0.2811], [-1.99236, -1.29522, 0.07017, 2.6351, -1.7708, 0.22798, -0.27493], [-1.9458, -1.0615, -0.13801, 2.41802, -1.58513, -0.03324, -0.26876], [-1.89924, -0.82778, -0.34618, 2.20094, -1.39946, -0.29445, -0.2626], [-1.85268, -0.59406, -0.55436, 1.98386, -1.21378, -0.55567, -0.25643], [-1.82323, -0.44623, -0.68603, 1.84655, -1.09634, -0.7209, -0.25253], [-1.62674, -0.24986, -0.32336, 1.68689, -1.01356, -0.81554, -0.25272], [-1.43025, -0.0535, 0.03931, 1.52723, -0.93079, -0.91019, -0.25291], [-1.23376, 0.14287, 0.40199, 1.36757, -0.84801, -1.00484, -0.2531], [-1.03727, 0.33923, 0.76466, 1.20791, -0.76523, -1.09949, -0.25329], [-0.84078, 0.5356, 1.12733, 1.04825, -0.68245, -1.19414, -0.25348]]
end: [-0.74722999999999995, 0.62909000000000004, 1.3, 0.97223999999999999, -0.64303999999999994, -1.2392000000000001, -0.25357000000000002]
obtacles: [[[0.6, 0.5, -1.0], [0.9, 0.6, 1.0]], [[0.6, -0.6, -1.0], [0.9, -0.5, 1.0]], [[0.6, -0.6, 0.9], [0.9, 0.6, 1.0]], [[0.6, -0.6, -1.0], [0.9, 0.6, -0.9]], [[0.6, -0.6, 0.4], [0.9, 0.6, 0.5]], [[0.6, -0.6, -0.5], [0.9, 0.6, -0.4]], [[0.6, 0.2, 0.5], [0.9, 0.3, 1.0]], [[0.6, 0.0, -0.5], [0.9, 0.1, 0.5]], [[0.6, -0.1, -1.0], [0.9, 0.0, -0.4]]]
start: [-2.4728699999999999, -1.8298099999999999, 1.3, 1.05332, -1.2108699999999999, 1.47262, -2.8103400000000001]
tajectories: [[-2.47287, -1.82981, 1.3, 1.05332, -1.21087, 1.47262, -2.81034], [-2.35006, -1.62895, 1.5191, 1.23146, -0.996, 1.43285, -2.55134], [-2.22725, -1.42809, 1.7382, 1.4096, -0.78114, 1.39307, -2.29234], [-2.10444, -1.22722, 1.95731, 1.58774, -0.56627, 1.3533, -2.03333], [-1.98163, -1.02636, 2.17641, 1.76588, -0.3514, 1.31352, -1.77433], [-1.85882, -0.8255, 2.39551, 1.94401, -0.13654, 1.27375, -1.51532], [-1.73601, -0.62464, 2.61461, 2.12215, 0.07833, 1.23397, -1.25632], [-1.6752, -0.52518, 2.72309, 2.21035, 0.18471, 1.21428, -1.12808], [-1.71077, -0.381, 2.66118, 2.25628, -0.00154, 0.78663, -1.06155], [-1.74634, -0.23681, 2.59926, 2.3022, -0.18779, 0.35898, -0.99502], [-1.7819, -0.09262, 2.53734, 2.34813, -0.37404, -0.06868, -0.92849], [-1.81747, 0.05157, 2.47543, 2.39406, -0.56028, -0.49633, -0.86196], [-1.85303, 0.19576, 2.41351, 2.43998, -0.74653, -0.92398, -0.79542], [-1.85433, 0.20101, 2.41126, 2.44166, -0.75332, -0.93955, -0.793], [-1.63496, 0.29582, 2.1881, 2.0955, -0.75342, -0.96596, -0.64278], [-1.41559, 0.39064, 1.96495, 1.74934, -0.75353, -0.99236, -0.49257], [-1.19621, 0.48545, 1.7418, 1.40318, -0.75364, -1.01877, -0.34235], [-0.97684, 0.58027, 1.51865, 1.05702, -0.75375, -1.04517, -0.19213]]
end: [-0.76190000000000002, 0.67317000000000005, 1.3, 0.71784999999999999, -0.75385000000000002, -1.07104, -0.044949999999999997]
obtacles: [[[0.6, 0.5, -1.0], [0.9, 0.6, 1.0]], [[0.6, -0.6, -1.0], [0.9, -0.5, 1.0]], [[0.6, -0.6, 0.9], [0.9, 0.6, 1.0]], [[0.6, -0.6, -1.0], [0.9, 0.6, -0.9]], [[0.6, -0.6, 0.4], [0.9, 0.6, 0.5]], [[0.6, -0.6, -0.5], [0.9, 0.6, -0.4]], [[0.6, 0.2, 0.5], [0.9, 0.3, 1.0]], [[0.6, 0.0, -0.5], [0.9, 0.1, 0.5]], [[0.6, -0.1, -1.0], [0.9, 0.0, -0.4]]]
start: [-0.27318999999999999, 1.67255, 1.3, -0.41488000000000003, -1.2823, -1.5564899999999999, 0.67212000000000005]
tajectories: [[-0.27319, 1.67255, 1.3, -0.41488, -1.2823, -1.55649, 0.67212], [-0.34047, 1.6914, 0.87943, -0.36847, -1.14811, -1.38713, 0.53284], [-0.40776, 1.71025, 0.45886, -0.32206, -1.01393, -1.21776, 0.39357], [-0.47504, 1.72909, 0.03829, -0.27566, -0.87975, -1.0484, 0.2543], [-0.54232, 1.74794, -0.38228, -0.22925, -0.74556, -0.87904, 0.11503], [-0.59367, 1.76232, -0.70325, -0.19383, -0.64315, -0.74978, 0.00874], [-0.50494, 1.67896, -0.62061, 0.10208, -1.00769, -0.79007, -0.07047], [-0.41621, 1.5956, -0.53796, 0.398, -1.37222, -0.83035, -0.14968], [-0.32748, 1.51224, -0.45531, 0.69391, -1.73675, -0.87064, -0.22889], [-0.23939, 1.42949, -0.37326, 0.98768, -2.09865, -0.91064, -0.30753], [-0.22005, 1.36373, -0.40425, 1.22346, -2.39697, -0.63382, -0.15543], [-0.20071, 1.29798, -0.43524, 1.45923, -2.69528, -0.357, -0.00334], [-0.18137, 1.23222, -0.46623, 1.69501, -2.9936, -0.08019, 0.14875], [-0.16742, 1.18478, -0.48859, 1.86511, -3.20881, 0.11952, 0.25847], [-0.25585, 0.90385, -0.30479, 2.01574, -3.26926, -0.13009, 0.05642], [-0.34428, 0.62292, -0.12099, 2.16638, -3.3297, -0.3797, -0.14564], [-0.43272, 0.342, 0.06281, 2.31701, -3.39015, -0.62931, -0.3477], [-0.52115, 0.06107, 0.2466, 2.46765, -3.45059, -0.87892, -0.54976], [-0.55121, -0.03443, 0.30909, 2.51886, -3.47114, -0.96378, -0.61845], [-0.73273, -0.28754, 0.54525, 2.55436, -3.75924, -0.9509, -0.50539], [-0.91424, -0.54066, 0.78142, 2.58987, -4.04734, -0.93801, -0.39233], [-1.09576, -0.79377, 1.01759, 2.62538, -4.33544, -0.92513, -0.27928], [-1.27728, -1.04688, 1.25376, 2.66088, -4.62354, -0.91225, -0.16622], [-1.30071, -1.07956, 1.28425, 2.66547, -4.66073, -0.91058, -0.15163], [-1.65786, -1.03604, 1.30988, 2.79667, -4.66043, -1.12217, -0.31492], [-1.73893, -1.29268, 1.32092, 2.41912, -4.55633, -1.20606, -0.18446], [-1.82, -1.54932, 1.33196, 2.04156, -4.45223, -1.28996, -0.054], [-1.90107, -1.80595, 1.343, 1.66401, -4.34812, -1.37385, 0.07645]]
end: [-1.95251, -1.96878, 1.3500000000000001, 1.4244699999999999, -4.28207, -1.4270799999999999, 0.15922]
obtacles: [[[0.6, 0.5, -1.0], [0.9, 0.6, 1.0]], [[0.6, -0.6, -1.0], [0.9, -0.5, 1.0]], [[0.6, -0.6, 0.9], [0.9, 0.6, 1.0]], [[0.6, -0.6, -1.0], [0.9, 0.6, -0.9]], [[0.6, -0.6, 0.4], [0.9, 0.6, 0.5]], [[0.6, -0.6, -0.5], [0.9, 0.6, -0.4]], [[0.6, 0.2, 0.5], [0.9, 0.3, 1.0]], [[0.6, 0.0, -0.5], [0.9, 0.1, 0.5]], [[0.6, -0.1, -1.0], [0.9, 0.0, -0.4]]]
start: [-0.91369999999999996, 1.4987999999999999, 1.6000000000000001, 1.14958, -1.51695, -1.51478, -0.23845]
tajectories: [[-0.9137, 1.4988, 1.6, 1.14958, -1.51695, -1.51478, -0.23845], [-0.99111, 1.36663, 1.22875, 1.35837, -1.69418, -1.46037, -0.34213], [-1.06851, 1.23447, 0.85749, 1.56715, -1.87141, -1.40597, -0.44581], [-1.14592, 1.1023, 0.48624, 1.77593, -2.04864, -1.35157, -0.54949], [-1.22333, 0.97014, 0.11498, 1.98471, -2.22587, -1.29716, -0.65317], [-1.30074, 0.83797, -0.25627, 2.19349, -2.4031, -1.24276, -0.75686], [-1.32607, 0.79471, -0.37778, 2.26183, -2.46111, -1.22495, -0.79079], [-1.27956, 0.56783, -0.15029, 2.30277, -2.15233, -1.11833, -0.98109], [-1.23305, 0.34094, 0.0772, 2.34371, -1.84354, -1.01171, -1.17138], [-1.18653, 0.11406, 0.3047, 2.38465, -1.53476, -0.90509, -1.36168], [-1.14378, -0.09449, 0.51381, 2.42229, -1.25093, -0.80708, -1.53659], [-1.27534, -0.39939, 0.39992, 2.46412, -1.59838, -0.82876, -1.59832], [-1.4069, -0.7043, 0.28604, 2.50596, -1.94584, -0.85043, -1.66006], [-1.53846, -1.0092, 0.17215, 2.54779, -2.2933, -0.87211, -1.72179], [-1.67002, -1.3141, 0.05827, 2.58962, -2.64075, -0.89378, -1.78352], [-1.80158, -1.619, -0.05562, 2.63146, -2.98821, -0.91546, -1.84526], [-1.85233, -1.73661, -0.09955, 2.64759, -3.12224, -0.92382, -1.86907], [-1.91404, -1.7723, 0.11927, 2.39165, -3.29674, -1.02416, -1.56739], [-1.97576, -1.80799, 0.33809, 2.13571, -3.47124, -1.12449, -1.26571], [-2.03747, -1.84368, 0.55691, 1.87977, -3.64573, -1.22483, -0.96403], [-2.09919, -1.87937, 0.77573, 1.62382, -3.82023, -1.32517, -0.66235], [-2.16091, -1.91506, 0.99456, 1.36788, -3.99473, -1.42551, -0.36067], [-2.22262, -1.95075, 1.21338, 1.11194, -4.16923, -1.52584, -0.05899]]
end: [-2.2470500000000002, -1.96488, 1.3, 1.0106200000000001, -4.2383100000000002, -1.5655699999999999, 0.060440000000000001]
obtacles: [[[0.6, 0.5, -1.0], [0.9, 0.6, 1.0]], [[0.6, -0.6, -1.0], [0.9, -0.5, 1.0]], [[0.6, -0.6, 0.9], [0.9, 0.6, 1.0]], [[0.6, -0.6, -1.0], [0.9, 0.6, -0.9]], [[0.6, -0.6, 0.4], [0.9, 0.6, 0.5]], [[0.6, -0.6, -0.5], [0.9, 0.6, -0.4]], [[0.6, 0.2, 0.5], [0.9, 0.3, 1.0]], [[0.6, 0.0, -0.5], [0.9, 0.1, 0.5]], [[0.6, -0.1, -1.0], [0.9, 0.0, -0.4]]]
start: [-2.1627100000000001, -1.7512700000000001, 1.5, 1.65219, -1.39605, 1.48675, -2.4820600000000002]
tajectories: [[-2.16271, -1.75127, 1.5, 1.65219, -1.39605, 1.48675, -2.48206], [-1.97324, -1.68637, 1.43712, 1.77167, -1.3109, 1.26022, -2.11724], [-1.78376, -1.62146, 1.37423, 1.89115, -1.22576, 1.03369, -1.75243], [-1.59428, -1.55656, 1.31135, 2.01063, -1.14061, 0.80716, -1.38761], [-1.4048, -1.49165, 1.24847, 2.13011, -1.05547, 0.58062, -1.0228], [-1.21532, -1.42675, 1.18559, 2.24958, -0.97032, 0.35409, -0.65798], [-1.02584, -1.36184, 1.1227, 2.36906, -0.88518, 0.12756, -0.29317], [-0.97144, -1.34321, 1.10465, 2.40337, -0.86073, 0.06252, -0.18841], [-0.76136, -1.07606, 1.36918, 2.26977, -0.96465, -0.10376, -0.09769], [-0.55129, -0.80892, 1.63372, 2.13618, -1.06856, -0.27003, -0.00696], [-0.36577, -0.57299, 1.86735, 2.01819, -1.16034, -0.41688, 0.07317], [-0.47461, -0.22148, 2.05556, 2.0263, -0.9838, -0.62126, -0.00533], [-0.58344, 0.13004, 2.24377, 2.03441, -0.80726, -0.82564, -0.08382], [-0.66327, 0.38786, 2.38182, 2.04036, -0.67777, -0.97555, -0.14139], [-0.68613, 0.50321, 2.1192, 1.6402, -0.75966, -0.99134, -0.13025], [-0.709, 0.61856, 1.85658, 1.24005, -0.84155, -1.00712, -0.1191], [-0.73186, 0.73392, 1.59396, 0.8399, -0.92343, -1.02291, -0.10795]]
end: [-0.74004000000000003, 0.77517999999999998, 1.5, 0.69672999999999996, -0.95272999999999997, -1.0285599999999999, -0.10396]
obtacles: [[[0.6, 0.5, -1.0], [0.9, 0.6, 1.0]], [[0.6, -0.6, -1.0], [0.9, -0.5, 1.0]], [[0.6, -0.6, 0.9], [0.9, 0.6, 1.0]], [[0.6, -0.6, -1.0], [0.9, 0.6, -0.9]], [[0.6, -0.6, 0.4], [0.9, 0.6, 0.5]], [[0.6, -0.6, -0.5], [0.9, 0.6, -0.4]], [[0.6, 0.2, 0.5], [0.9, 0.3, 1.0]], [[0.6, 0.0, -0.5], [0.9, 0.1, 0.5]], [[0.6, -0.1, -1.0], [0.9, 0.0, -0.4]]]
start: [-2.1978399999999998, -1.95302, 1.5, 1.4951700000000001, -1.1840900000000001, 1.5335300000000001, -2.6111800000000001]
tajectories: [[-2.19784, -1.95302, 1.5, 1.49517, -1.18409, 1.53353, -2.61118], [-2.01196, -1.68355, 1.52865, 1.64476, -1.231, 1.19128, -2.62855], [-1.82608, -1.41408, 1.55729, 1.79435, -1.27791, 0.84903, -2.64592], [-1.6402, -1.14461, 1.58594, 1.94395, -1.32481, 0.50678, -2.66329], [-1.45432, -0.87514, 1.61458, 2.09354, -1.37172, 0.16454, -2.68067], [-1.26844, -0.60567, 1.64323, 2.24314, -1.41863, -0.17771, -2.69804], [-1.10807, -0.37318, 1.66794, 2.3722, -1.4591, -0.47298, -2.71303], [-1.19883, -0.27153, 1.76482, 2.4827, -1.04557, -0.59366, -2.55725], [-1.28959, -0.16989, 1.86169, 2.5932, -0.63204, -0.71434, -2.40148], [-1.38035, -0.06824, 1.95856, 2.70369, -0.21851, -0.83502, -2.2457], [-1.43711, -0.00466, 2.01915, 2.7728, 0.04013, -0.9105, -2.14828], [-1.31452, 0.1244, 1.92315, 2.47534, -0.10075, -0.98344, -1.83933], [-1.19192, 0.25347, 1.82716, 2.17788, -0.24163, -1.05637, -1.53039], [-1.06932, 0.38254, 1.73116, 1.88041, -0.38252, -1.12931, -1.22145], [-0.94673, 0.5116, 1.63517, 1.58295, -0.5234, -1.20224, -0.91251], [-0.82413, 0.64067, 1.53918, 1.28549, -0.66429, -1.27518, -0.60357]]
end: [-0.77410000000000001, 0.69335000000000002, 1.5, 1.16408, -0.72177999999999998, -1.30494, -0.47748000000000002]
