obtacles: [[[0.6, 0.5, -1.0], [0.9, 0.6, 1.0]], [[0.6, -0.6, -1.0], [0.9, -0.5, 1.0]], [[0.6, -0.6, 0.9], [0.9, 0.6, 1.0]], [[0.6, -0.6, -1.0], [0.9, 0.6, -0.9]], [[0.6, -0.6, 0.4], [0.9, 0.6, 0.5]], [[0.6, -0.6, -0.5], [0.9, 0.6, -0.4]], [[0.6, -0.1, 0.5], [0.9, 0.0, 1.0]], [[0.6, 0.0, -0.5], [0.9, 0.1, 0.5]], [[0.6, -0.2, -1.0], [0.9, -0.1, -0.4]]]
start: [0.93818000000000001, 1.61589, -1.6000000000000001, 1.01685, -4.6586800000000004, -1.5697000000000001, 0.077990000000000004]
tajectories: [[0.93818, 1.61589, -1.6, 1.01685, -4.65868, -1.5697, 0.07799], [1.00742, 1.45257, -1.46645, 1.18145, -4.28997, -1.37593, 0.06765], [1.07665, 1.28924, -1.3329, 1.34605, -3.92125, -1.18217, 0.05731], [1.14589, 1.12592, -1.19935, 1.51065, -3.55254, -0.9884, 0.04697], [1.21513, 0.9626, -1.0658, 1.67525, -3.18383, -0.79463, 0.03663], [1.28437, 0.79927, -0.93225, 1.83985, -2.81511, -0.60086, 0.02629], [1.35361, 0.63595, -0.7987, 2.00445, -2.4464, -0.40709, 0.01595], [1.42068, 0.47773, -0.66932, 2.1639, -2.08921, -0.21938, 0.00593], [1.40753, 0.33791, -0.64709, 1.81045, -2.24622, -0.48537, 0.10318], [1.39437, 0.19808, -0.62487, 1.45701, -2.40322, -0.75136, 0.20043], [1.38122, 0.05826, -0.60264, 1.10356, -2.56022, -1.01734, 0.29768], [1.36807, -0.08157, -0.58041, 0.75011, -2.71722, -1.28333, 0.39493], [1.35582, -0.21175, -0.55972, 0.42104, -2.86339, -1.53097, 0.48547], [1.12312, -0.19584, -0.68326, 0.45277, -2.80428, -1.36508, 0.10035], [0.89043, -0.17994, -0.80681, 0.4845, -2.74516, -1.19919, -0.28477], [0.65773, -0.16403, -0.93035, 0.51623, -2.68605, -1.0333, -0.66988], [0.42504, -0.14812, -1.0539, 0.54796, -2.62694, -0.86741, -1.055], [0.19234, -0.13221, -1.17745, 0.57969, -2.56782, -0.70152, -1.44012], [0.08593, -0.12494, -1.23394, 0.5942, -2.54079, -0.62567, -1.61623], [-0.04792, 0.05249, -1.23604, 0.39329, -2.88726, -0.72067, -1.79277], [-0.18177, 0.22993, -1.23814, 0.19238, -3.23373, -0.81567, -1.96931], [-0.31563, 0.40736, -1.24024, -0.00853, -3.58019, -0.91067, -2.14585], [-0.43744, 0.56882, -1.24215, -0.19136, -3.89548, -0.99713, -2.3065], [-0.47956, 0.6338, -1.31115, -0.23072, -3.99168, -0.99301, -1.82856], [-0.52168, 0.69878, -1.38014, -0.27008, -4.08788, -0.98888, -1.35063], [-0.5638, 0.76377, -1.44914, -0.30943, -4.18408, -0.98476, -0.87269], [-0.60592, 0.82875, -1.51814, -0.34879, -4.28028, -0.98064, -0.39476], [-0.64804, 0.89373, -1.58714, -0.38815, -4.37648, -0.97652, 0.08318]]
end: [-0.65588000000000002, 0.90583999999999998, -1.6000000000000001, -0.39549000000000001, -4.3944000000000001, -0.97575000000000001, 0.17222999999999999]
obtacles: [[[0.6, 0.5, -1.0], [0.9, 0.6, 1.0]], [[0.6, -0.6, -1.0], [0.9, -0.5, 1.0]], [[0.6, -0.6, 0.9], [0.9, 0.6, 1.0]], [[0.6, -0.6, -1.0], [0.9, 0.6, -0.9]], [[0.6, -0.6, 0.4], [0.9, 0.6, 0.5]], [[0.6, -0.6, -0.5], [0.9, 0.6, -0.4]], [[0.6, -0.1, 0.5], [0.9, 0.0, 1.0]], [[0.6, 0.0, -0.5], [0.9, 0.1, 0.5]], [[0.6, -0.2, -1.0], [0.9, -0.1, -0.4]]]
start: [2.2596400000000001, -1.73783, -1.6000000000000001, 1.93072, -1.73739, -1.53918, -1.04857]
tajectories: [[2.25964, -1.73783, -1.6, 1.93072, -1.73739, -1.53918, -1.04857], [2.05272, -1.48213, -1.68375, 2.15059, -1.50406, -1.36059, -1.05894], [1.84579, -1.22644, -1.7675, 2.37047, -1.27074, -1.182, -1.06931], [1.63887, -0.97075, -1.85126, 2.59034, -1.03741, -1.00341, -1.07967], [1.43194, -0.71505, -1.93501, 2.81021, -0.80408, -0.82481, -1.09004], [1.22502, -0.45936, -2.01876, 3.03009, -0.57075, -0.64622, -1.1004], [1.16818, -0.38912, -2.04177, 3.09048, -0.50666, -0.59716, -1.10325], [1.35807, -0.33675, -1.88915, 2.88379, -0.15747, -0.70346, -1.21257], [1.54797, -0.28437, -1.73652, 2.6771, 0.19171, -0.80976, -1.32189], [1.73786, -0.23199, -1.5839, 2.47041, 0.5409, -0.91606, -1.43121], [1.92776, -0.17962, -1.43128, 2.26372, 0.89009, -1.02236, -1.54053], [2.08316, -0.13676, -1.30639, 2.09458, 1.17584, -1.10935, -1.62999], [1.87138, 0.08054, -1.36407, 1.83359, 1.16954, -1.11389, -1.336], [1.6596, 0.29783, -1.42175, 1.5726, 1.16325, -1.11842, -1.042], [1.44783, 0.51513, -1.47943, 1.31162, 1.15696, -1.12295, -0.74801], [1.23605, 0.73242, -1.53711, 1.05063, 1.15067, -1.12749, -0.45402], [1.02428, 0.94972, -1.5948, 0.78964, 1.14437, -1.13202, -0.16003]]
end: [1.0051699999999999, 0.96931999999999996, -1.6000000000000001, 0.76609000000000005, 1.14381, -1.13243, -0.13350999999999999]
obtacles: [[[0.6, 0.5, -1.0], [0.9, 0.6, 1.0]], [[0.6, -0.6, -1.0], [0.9, -0.5, 1.0]], [[0.6, -0.6, 0.9], [0.9, 0.6, 1.0]], [[0.6, -0.6, -1.0], [0.9, 0.6, -0.9]], [[0.6, -0.6, 0.4], [0.9, 0.6, 0.5]], [[0.6, -0.6, -0.5], [0.9, 0.6, -0.4]], [[0.6, -0.1, 0.5], [0.9, 0.0, 1.0]], [[0.6, 0.0, -0.5], [0.9, 0.1, 0.5]], [[0.6, -0.2, -1.0], [0.9, -0.1, -0.4]]]
start: [2.1846700000000001, -1.7860199999999999, -1.45, 1.8667100000000001, -1.7442800000000001, -1.3950100000000001, -0.88139999999999996]
tajectories: [[2.18467, -1.78602, -1.45, 1.86671, -1.74428, -1.39501, -0.8814], [2.13765, -1.58908, -1.50608, 1.8918, -1.57638, -0.9759, -0.84417], [2.09064, -1.39214, -1.56216, 1.91688, -1.40848, -0.55679, -0.80695], [2.04362, -1.1952, -1.61824, 1.94196, -1.24058, -0.13768, -0.76972], [1.99661, -0.99825, -1.67432, 1.96705, -1.07268, 0.28143, -0.73249], [1.94959, -0.80131, -1.7304, 1.99213, -0.90478, 0.70054, -0.69527], [1.90258, -0.60437, -1.78648, 2.01721, -0.73688, 1.11965, -0.65804], [1.87316, -0.48114, -1.82157, 2.03291, -0.63182, 1.38191, -0.63475], [1.84439, -0.25153, -2.02505, 1.6719, -0.52629, 1.37326, -0.51852], [1.81562, -0.02192, -2.22853, 1.31089, -0.42077, 1.36462, -0.40229], [1.78685, 0.20768, -2.43201, 0.94988, -0.31524, 1.35597, -0.28606], [1.76161, 0.40907, -2.61048, 0.63324, -0.22268, 1.34839, -0.18411], [1.64932, 0.47184, -2.46483, 0.63158, -0.45544, 1.31845, 0.21233], [1.53702, 0.53461, -2.31918, 0.62993, -0.6882, 1.28852, 0.60876], [1.42473, 0.59738, -2.17352, 0.62828, -0.92095, 1.25858, 1.0052], [1.31244, 0.66015, -2.02787, 0.62662, -1.15371, 1.22865, 1.40163], [1.20014, 0.72292, -1.88222, 0.62497, -1.38647, 1.19871, 1.79807], [1.08785, 0.78569, -1.73657, 0.62332, -1.61922, 1.16878, 2.1945], [0.97556, 0.84846, -1.59091, 0.62166, -1.85198, 1.13885, 2.59094]]
end: [0.86692000000000002, 0.90919000000000005, -1.45, 0.62005999999999994, -2.0771600000000001, 1.10988, 2.9744700000000002]
obtacles: [[[0.6, 0.5, -1.0], [0.9, 0.6, 1.0]], [[0.6, -0.6, -1.0], [0.9, -0.5, 1.0]], [[0.6, -0.6, 0.9], [0.9, 0.6, 1.0]], [[0.6, -0.6, -1.0], [0.9, 0.6, -0.9]], [[0.6, -0.6, 0.4], [0.9, 0.6, 0.5]], [[0.6, -0.6, -0.5], [0.9, 0.6, -0.4]], [[0.6, -0.1, 0.5], [0.9, 0.0, 1.0]], [[0.6, 0.0, -0.5], [0.9, 0.1, 0.5]], [[0.6, -0.2, -1.0], [0.9, -0.1, -0.4]]]
start: [0.30925000000000002, 0.75014000000000003, -0.80000000000000004, 0.76985999999999999, -2.6196199999999998, 1.3748499999999999, -2.91676]
tajectories: [[0.30925, 0.75014, -0.8, 0.76986, -2.61962, 1.37485, -2.91676], [0.43137, 0.62607, -0.58807, 0.82887, -2.79117, 1.29579, -2.5485], [0.55349, 0.502, -0.37614, 0.88788, -2.96272, 1.21673, -2.18024], [0.67561, 0.37793, -0.1642, 0.9469, -3.13426, 1.13767, -1.81198], [0.79773, 0.25386, 0.04773, 1.00591, -3.30581, 1.05861, -1.44371], [0.85476, 0.19592, 0.14671, 1.03347, -3.38593, 1.02169, -1.27172], [0.63978, -0.17863, -0.00647, 1.09622, -3.50137, 0.91389, -1.37728], [0.42479, -0.55318, -0.15966, 1.15898, -3.61681, 0.80608, -1.48284], [0.2098, -0.92773, -0.31284, 1.22173, -3.73225, 0.69828, -1.58839], [-0.00518, -1.30228, -0.46602, 1.28449, -3.84768, 0.59048, -1.69395], [-0.07516, -1.4242, -0.51588, 1.30491, -3.88526, 0.55539, -1.72831], [0.28766, -1.48385, -0.74439, 1.46174, -3.85439, 0.36331, -1.7163], [0.65048, -1.5435, -0.9729, 1.61856, -3.82353, 0.17123, -1.70429], [1.01331, -1.60316, -1.20141, 1.77538, -3.79266, -0.02085, -1.69228], [1.18266, -1.631, -1.30807, 1.84858, -3.77826, -0.1105, -1.68667], [1.41108, -1.65676, -1.27839, 1.77195, -3.47384, -0.38519, -1.53739], [1.6395, -1.68253, -1.24872, 1.69532, -3.16943, -0.65988, -1.3881], [1.86792, -1.7083, -1.21904, 1.61869, -2.86502, -0.93457, -1.23882], [2.09635, -1.73407, -1.18937, 1.54207, -2.5606, -1.20926, -1.08954], [2.20929, -1.74681, -1.17469, 1.50418, -2.41009, -1.34508, -1.01572], [2.26977, -1.82119, -1.08314, 1.24669, -2.38362, -1.38912, -0.61139], [2.33025, -1.89557, -0.99158, 0.9892, -2.35716, -1.43316, -0.20706], [2.39072, -1.96995, -0.90003, 0.73171, -2.33069, -1.47721, 0.19728]]
end: [2.3907400000000001, -1.9699800000000001, -0.90000000000000002, 0.73163, -2.3306800000000001, -1.47722, 0.19739999999999999]
obtacles: [[[0.6, 0.5, -1.0], [0.9, 0.6, 1.0]], [[0.6, -0.6, -1.0], [0.9, -0.5, 1.0]], [[0.6, -0.6, 0.9], [0.9, 0.6, 1.0]], [[0.6, -0.6, -1.0], [0.9, 0.6, -0.9]], [[0.6, -0.6, 0.4], [0.9, 0.6, 0.5]], [[0.6, -0.6, -0.5], [0.9, 0.6, -0.4]], [[0.6, -0.1, 0.5], [0.9, 0.0, 1.0]], [[0.6, 0.0, -0.5], [0.9, 0.1, 0.5]], [[0.6, -0.2, -1.0], [0.9, -0.1, -0.4]]]
start: [0.89298, 1.6415999999999999, -1.6000000000000001, 1.5361400000000001, -1.4990000000000001, 1.5441400000000001, -2.5004200000000001]
tajectories: [[0.89298, 1.6416, -1.6, 1.53614, -1.499, 1.54414, -2.50042], [0.96079, 1.63722, -1.57222, 1.63644, -1.70032, 1.38433, -2.08996], [1.02861, 1.63285, -1.54444, 1.73674, -1.90165, 1.22452, -1.6795], [1.09643, 1.62847, -1.51666, 1.83704, -2.10297, 1.06471, -1.26904], [1.16425, 1.62409, -1.48888, 1.93734, -2.30429, 0.9049, -0.85857], [1.23207, 1.61972, -1.4611, 2.03764, -2.50562, 0.74509, -0.44811], [1.29988, 1.61534, -1.43332, 2.13794, -2.70694, 0.58528, -0.03765], [1.30229, 1.61518, -1.43233, 2.1415, -2.71409, 0.5796, -0.02307], [1.48099, 1.40075, -1.52057, 2.19885, -2.43132, 0.62581, 0.25785], [1.65969, 1.18632, -1.60881, 2.2562, -2.14855, 0.67201, 0.53877], [1.83838, 0.97188, -1.69705, 2.31355, -1.86579, 0.71821, 0.8197], [2.01708, 0.75745, -1.78528, 2.3709, -1.58302, 0.76442, 1.10062], [2.19578, 0.54301, -1.87352, 2.42825, -1.30025, 0.81062, 1.38155], [2.37447, 0.32858, -1.96176, 2.48559, -1.01748, 0.85682, 1.66247], [2.43113, 0.26059, -1.98973, 2.50378, -0.92783, 0.87147, 1.75154], [2.33365, 0.24033, -2.0529, 2.485, -0.66908, 0.59329, 1.4492], [2.23618, 0.22006, -2.11607, 2.46623, -0.41033, 0.3151, 1.14687], [2.13871, 0.1998, -2.17924, 2.44745, -0.15158, 0.03691, 0.84454], [2.04123, 0.17953, -2.24241, 2.42867, 0.10718, -0.24127, 0.5422], [1.94376, 0.15926, -2.30558, 2.4099, 0.36593, -0.51946, 0.23987], [1.84628, 0.139, -2.36875, 2.39112, 0.62468, -0.79764, -0.06246], [1.74881, 0.11873, -2.43191, 2.37235, 0.88343, -1.07583, -0.3648], [1.6535, 0.09891, -2.49368, 2.35399, 1.13644, -1.34785, -0.66042], [1.75137, -0.05498, -2.35903, 2.09478, 0.79502, -1.30723, -0.54554], [1.84924, -0.20887, -2.22437, 1.83558, 0.45359, -1.26661, -0.43066], [1.94712, -0.36277, -2.08972, 1.57637, 0.11217, -1.226, -0.31578], [2.04499, -0.51666, -1.95506, 1.31717, -0.22926, -1.18538, -0.2009], [2.14286, -0.67056, -1.8204, 1.05797, -0.57068, -1.14476, -0.08602], [2.24074, -0.82445, -1.68575, 0.79876, -0.91211, -1.10415, 0.02886]]
end: [2.3030599999999999, -0.92244999999999999, -1.6000000000000001, 0.63370000000000004, -1.1295299999999999, -1.0782799999999999, 0.10201]
obtacles: [[[0.6, 0.5, -1.0], [0.9, 0.6, 1.0]], [[0.6, -0.6, -1.0], [0.9, -0.5, 1.0]], [[0.6, -0.6, 0.9], [0.9, 0.6, 1.0]], [[0.6, -0.6, -1.0], [0.9, 0.6, -0.9]], [[0.6, -0.6, 0.4], [0.9, 0.6, 0.5]], [[0.6, -0.6, -0.5], [0.9, 0.6, -0.4]], [[0.6, -0.1, 0.5], [0.9, 0.0, 1.0]], [[0.6, 0.0, -0.5], [0.9, 0.1, 0.5]], [[0.6, -0.2, -1.0], [0.9, -0.1, -0.4]]]
start: [0.90215999999999996, 1.76847, -1.55, 1.6994400000000001, -1.3721099999999999, 1.56582, -2.34274]
tajectories: [[0.90216, 1.76847, -1.55, 1.69944, -1.37211, 1.56582, -2.34274], [1.06152, 1.64277, -1.63127, 1.75109, -1.69462, 1.2645, -2.4115], [1.22087, 1.51708, -1.71254, 1.80274, -2.01712, 0.96318, -2.48026], [1.38023, 1.39138, -1.7938, 1.85439, -2.33963, 0.66185, -2.54901], [1.53959, 1.26569, -1.87507, 1.90604, -2.66214, 0.36053, -2.61777], [1.69895, 1.13999, -1.95634, 1.95769, -2.98464, 0.05921, -2.68653], [1.80538, 1.05604, -2.01062, 1.99219, -3.20005, -0.14205, -2.73246], [1.70642, 0.83408, -2.20057, 2.11552, -3.19348, 0.22896, -2.68822], [1.60745, 0.61213, -2.39051, 2.23886, -3.18691, 0.59997, -2.64398], [1.50848, 0.39017, -2.58046, 2.3622, -3.18033, 0.97098, -2.59974], [1.46784, 0.29903, -2.65846, 2.41284, -3.17764, 1.12333, -2.58157], [1.18947, 0.39004, -2.44943, 2.12844, -3.00246, 1.12451, -2.48688], [0.91111, 0.48105, -2.2404, 1.84405, -2.82728, 1.12568, -2.39219], [0.63274, 0.57206, -2.03138, 1.55965, -2.6521, 1.12686, -2.2975], [0.35437, 0.66308, -1.82235, 1.27525, -2.47693, 1.12804, -2.2028], [0.076, 0.75409, -1.61332, 0.99086, -2.30175, 1.12921, -2.10811]]
end: [-0.0083199999999999993, 0.78166000000000002, -1.55, 0.90469999999999995, -2.2486799999999998, 1.12957, -2.0794299999999999]
obtacles: [[[0.6, 0.5, -1.0], [0.9, 0.6, 1.0]], [[0.6, -0.6, -1.0], [0.9, -0.5, 1.0]], [[0.6, -0.6, 0.9], [0.9, 0.6, 1.0]], [[0.6, -0.6, -1.0], [0.9, 0.6, -0.9]], [[0.6, -0.6, 0.4], [0.9, 0.6, 0.5]], [[0.6, -0.6, -0.5], [0.9, 0.6, -0.4]], [[0.6, -0.1, 0.5], [0.9, 0.0, 1.0]], [[0.6, 0.0, -0.5], [0.9, 0.1, 0.5]], [[0.6, -0.2, -1.0], [0.9, -0.1, -0.4]]]
start: [2.2475499999999999, -1.5546599999999999, -1.55, 1.34843, -1.5596399999999999, -1.54695, -0.45467999999999997]
tajectories: [[2.24755, -1.55466, -1.55, 1.34843, -1.55964, -1.54695, -0.45468], [2.07744, -1.55452, -1.58585, 1.51427, -1.63409, -1.27811, -0.11637], [1.90733, -1.55438, -1.62171, 1.68011, -1.70855, -1.00926, 0.22193], [1.73723, -1.55424, -1.65756, 1.84595, -1.783, -0.74041, 0.56024], [1.56712, -1.5541, -1.69342, 2.0118, -1.85746, -0.47156, 0.89855], [1.39702, -1.55396, -1.72927, 2.17764, -1.93192, -0.20271, 1.23686], [1.22691, -1.55382, -1.76512, 2.34348, -2.00637, 0.06613, 1.57516], [1.05681, -1.55368, -1.80098, 2.50932, -2.08083, 0.33498, 1.91347], [0.92926, -1.55357, -1.82786, 2.63367, -2.13665, 0.53657, 2.16714], [1.16203, -1.15571, -1.9291, 2.56758, -2.17099, 0.68302, 2.15038], [1.39479, -0.75785, -2.03034, 2.5015, -2.20533, 0.82947, 2.13362], [1.62756, -0.35998, -2.13158, 2.43541, -2.23966, 0.97593, 2.11687], [1.81498, -0.03964, -2.2131, 2.3822, -2.26731, 1.09385, 2.10337], [1.62626, 0.14708, -2.08434, 2.0139, -2.20128, 1.07874, 2.25408], [1.43755, 0.3338, -1.95558, 1.64561, -2.13526, 1.06364, 2.40479], [1.24883, 0.52052, -1.82682, 1.27731, -2.06923, 1.04854, 2.5555], [1.06012, 0.70724, -1.69805, 0.90901, -2.00321, 1.03343, 2.70621], [0.8714, 0.89395, -1.56929, 0.54071, -1.93718, 1.01833, 2.85691]]
end: [0.84313000000000005, 0.92193000000000003, -1.55, 0.48553000000000002, -1.9272899999999999, 1.01607, 2.8795000000000002]
obtacles: [[[0.6, 0.5, -1.0], [0.9, 0.6, 1.0]], [[0.6, -0.6, -1.0], [0.9, -0.5, 1.0]], [[0.6, -0.6, 0.9], [0.9, 0.6, 1.0]], [[0.6, -0.6, -1.0], [0.9, 0.6, -0.9]], [[0.6, -0.6, 0.4], [0.9, 0.6, 0.5]], [[0.6, -0.6, -0.5], [0.9, 0.6, -0.4]], [[0.6, -0.1, 0.5], [0.9, 0.0, 1.0]], [[0.6, 0.0, -0.5], [0.9, 0.1, 0.5]], [[0.6, -0.2, -1.0], [0.9, -0.1, -0.4]]]
start: [1.99722, -1.77982, -1.55, 1.68181, -1.77641, -1.5275799999999999, -0.53078999999999998]
tajectories: [[1.99722, -1.77982, -1.55, 1.68181, -1.77641, -1.52758, -0.53079], [1.68956, -1.57094, -1.66739, 1.73728, -2.06257, -1.43042, -0.59023], [1.38191, -1.36206, -1.78479, 1.79276, -2.34872, -1.33327, -0.64967], [1.07425, -1.15318, -1.90218, 1.84823, -2.63488, -1.23612, -0.70911], [0.7666, -0.9443, -2.01958, 1.9037, -2.92104, -1.13897, -0.76855], [0.45894, -0.73541, -2.13697, 1.95917, -3.2072, -1.04181, -0.82799], [0.15128, -0.52653, -2.25436, 2.01465, -3.49335, -0.94466, -0.88744], [-0.15637, -0.31765, -2.37176, 2.07012, -3.77951, -0.84751, -0.94688], [-0.27741, -0.23547, -2.41794, 2.09194, -3.89209, -0.80928, -0.97026], [0.09924, -0.2864, -2.13735, 2.20343, -3.8592, -0.69869, -0.93756], [0.47588, -0.33733, -1.85676, 2.31493, -3.8263, -0.58809, -0.90485], [0.85253, -0.38826, -1.57617, 2.42642, -3.79341, -0.47749, -0.87215], [1.22917, -0.43919, -1.29558, 2.53791, -3.76051, -0.36689, -0.83945], [1.60582, -0.49012, -1.01499, 2.6494, -3.72762, -0.25629, -0.80674], [1.98246, -0.54105, -0.7344, 2.76089, -3.69472, -0.14569, -0.77404], [2.31275, -0.58571, -0.48834, 2.85866, -3.66587, -0.0487, -0.74536], [2.29477, -0.46851, -0.67667, 2.61559, -3.3469, -0.026, -0.54754], [2.27678, -0.35131, -0.86499, 2.37251, -3.02794, -0.00329, -0.34972], [2.25879, -0.23411, -1.05332, 2.12944, -2.70897, 0.01941, -0.1519], [2.24081, -0.11692, -1.24165, 1.88637, -2.39, 0.04211, 0.04592], [2.22282, 0.00028, -1.42997, 1.64329, -2.07103, 0.06481, 0.24374], [2.20608, 0.10939, -1.60529, 1.41701, -1.7741, 0.08595, 0.4279], [1.97482, 0.22978, -1.59705, 1.26098, -1.78663, 0.21845, 0.80193], [1.74357, 0.35018, -1.58882, 1.10495, -1.79916, 0.35095, 1.17596], [1.51232, 0.47057, -1.58058, 0.94891, -1.8117, 0.48345, 1.54999], [1.28107, 0.59096, -1.57235, 0.79288, -1.82423, 0.61595, 1.92402], [1.04981, 0.71136, -1.56412, 0.63685, -1.83677, 0.74846, 2.29805], [0.81856, 0.83175, -1.55588, 0.48081, -1.8493, 0.88096, 2.67208]]
end: [0.65337999999999996, 0.91774999999999995, -1.55, 0.36936000000000002, -1.85825, 0.97560000000000002, 2.9392499999999999]
obtacles: [[[0.6, 0.5, -1.0], [0.9, 0.6, 1.0]], [[0.6, -0.6, -1.0], [0.9, -0.5, 1.0]], [[0.6, -0.6, 0.9], [0.9, 0.6, 1.0]], [[0.6, -0.6, -1.0], [0.9, 0.6, -0.9]], [[0.6, -0.6, 0.4], [0.9, 0.6, 0.5]], [[0.6, -0.6, -0.5], [0.9, 0.6, -0.4]], [[0.6, -0.1, 0.5], [0.9, 0.0, 1.0]], [[0.6, 0.0, -0.5], [0.9, 0.1, 0.5]], [[0.6, -0.2, -1.0], [0.9, -0.1, -0.4]]]
start: [2.3198099999999999, -1.8019099999999999, -1.6000000000000001, 1.9039299999999999, -1.7987899999999999, -1.5227299999999999, -1.0800399999999999]
tajectories: [[2.31981, -1.80191, -1.6, 1.90393, -1.79879, -1.52273, -1.08004], [2.12015, -1.77997, -1.50303, 1.90911, -1.83959, -1.39427, -0.65336], [1.92048, -1.75803, -1.40605, 1.91429, -1.88038, -1.26581, -0.22668], [1.72082, -1.7361, -1.30908, 1.91947, -1.92117, -1.13735, 0.2], [1.52115, -1.71416, -1.21211, 1.92465, -1.96196, -1.0089, 0.62668], [1.32149, -1.69222, -1.11514, 1.92983, -2.00276, -0.88044, 1.05336], [1.12182, -1.67028, -1.01816, 1.93501, -2.04355, -0.75198, 1.48004], [0.92216, -1.64834, -0.92119, 1.94019, -2.08434, -0.62352, 1.90672], [0.77838, -1.63254, -0.85136, 1.94392, -2.11372, -0.53102, 2.21397], [0.69525, -1.66566, -0.7621, 1.93108, -1.63464, -0.46629, 2.20131], [0.61213, -1.69877, -0.67284, 1.91824, -1.15557, -0.40157, 2.18865], [0.529, -1.73189, -0.58357, 1.9054, -0.6765, -0.33685, 2.17598], [0.44588, -1.76501, -0.49431, 1.89257, -0.19742, -0.27213, 2.16332], [0.36275, -1.79813, -0.40505, 1.87973, 0.28165, -0.20741, 2.15065], [0.27963, -1.83124, -0.31578, 1.86689, 0.76072, -0.14269, 2.13799], [0.24647, -1.84445, -0.28017, 1.86177, 0.95184, -0.11687, 2.13294], [0.67258, -1.66146, -0.18487, 2.00942, 1.01373, -0.13158, 2.13064], [1.0987, -1.47846, -0.08958, 2.15708, 1.07563, -0.14629, 2.12833], [1.52482, -1.29546, 0.00572, 2.30473, 1.13752, -0.161, 2.12603], [1.95094, -1.11247, 0.10102, 2.45238, 1.19941, -0.17571, 2.12373], [2.26801, -0.9763, 0.17193, 2.56225, 1.24546, -0.18665, 2.12202], [2.10528, -0.75579, -0.0401, 2.33797, 1.22728, -0.28763, 1.85913], [1.94256, -0.53528, -0.25213, 2.11369, 1.20909, -0.38861, 1.59625], [1.77983, -0.31478, -0.46416, 1.8894, 1.19091, -0.48959, 1.33336], [1.6171, -0.09427, -0.67619, 1.66512, 1.17272, -0.59056, 1.07047], [1.45438, 0.12624, -0.88822, 1.44084, 1.15454, -0.69154, 0.80759], [1.29165, 0.34675, -1.10026, 1.21656, 1.13636, -0.79252, 0.5447], [1.12892, 0.56725, -1.31229, 0.99228, 1.11817, -0.8935, 0.28181], [0.9662, 0.78776, -1.52432, 0.76799, 1.09999, -0.99447, 0.01893]]
end: [0.90810999999999997, 0.86646999999999996, -1.6000000000000001, 0.68794, 1.0934900000000001, -1.0305200000000001, -0.074910000000000004]
obtacles: [[[0.6, 0.5, -1.0], [0.9, 0.6, 1.0]], [[0.6, -0.6, -1.0], [0.9, -0.5, 1.0]], [[0.6, -0.6, 0.9], [0.9, 0.6, 1.0]], [[0.6, -0.6, -1.0], [0.9, 0.6, -0.9]], [[0.6, -0.6, 0.4], [0.9, 0.6, 0.5]], [[0.6, -0.6, -0.5], [0.9, 0.6, -0.4]], [[0.6, -0.1, 0.5], [0.9, 0.0, 1.0]], [[0.6, 0.0, -0.5], [0.9, 0.1, 0.5]], [[0.6, -0.2, -1.0], [0.9, -0.1, -0.4]]]
start: [2.2193700000000001, -1.7387699999999999, -1.5, 1.4929300000000001, -1.74404, -1.51424, -0.55984]
tajectories: [[2.21937, -1.73877, -1.5, 1.49293, -1.74404, -1.51424, -0.55984], [2.07799, -1.7554, -1.60475, 1.58414, -2.07025, -1.3764, -0.26824], [1.93662, -1.77203, -1.7095, 1.67535, -2.39647, -1.23857, 0.02336], [1.79524, -1.78866, -1.81424, 1.76656, -2.72269, -1.10073, 0.31495], [1.65386, -1.80529, -1.91899, 1.85777, -3.0489, -0.9629, 0.60655], [1.51249, -1.82192, -2.02374, 1.94899, -3.37512, -0.82506, 0.89814], [1.37111, -1.83855, -2.12849, 2.0402, -3.70134, -0.68723, 1.18974], [1.22973, -1.85518, -2.23323, 2.13141, -4.02755, -0.54939, 1.48134], [1.16845, -1.86239, -2.27863, 2.17094, -4.16895, -0.48965, 1.60772], [1.25609, -1.64125, -2.16435, 1.90938, -4.10134, -0.42163, 1.28718], [1.34373, -1.4201, -2.05007, 1.64782, -4.03374, -0.35361, 0.96664], [1.43138, -1.19896, -1.93579, 1.38626, -3.96614, -0.2856, 0.6461], [1.51902, -0.97782, -1.82151, 1.1247, -3.89854, -0.21758, 0.32556], [1.60666, -0.75668, -1.70723, 0.86314, -3.83093, -0.14956, 0.00502], [1.6943, -0.53554, -1.59295, 0.60158, -3.76333, -0.08155, -0.31551], [1.78194, -0.3144, -1.47867, 0.34002, -3.69573, -0.01353, -0.63605], [1.86958, -0.09326, -1.36439, 0.07846, -3.62812, 0.05449, -0.95659], [1.93136, 0.06262, -1.28384, -0.1059, -3.58047, 0.10243, -1.18253], [1.59429, 0.19109, -1.40841, -0.15801, -3.48877, 0.22291, -1.46311], [1.25722, 0.31957, -1.53298, -0.21011, -3.39707, 0.34339, -1.74368], [0.92015, 0.44804, -1.65755, -0.26222, -3.30537, 0.46388, -2.02426], [0.58308, 0.57651, -1.78212, -0.31432, -3.21367, 0.58436, -2.30484], [0.24602, 0.70499, -1.90669, -0.36643, -3.12197, 0.70484, -2.58541], [0.03372, 0.7859, -1.98514, -0.39924, -3.06421, 0.78072, -2.76212], [0.25811, 0.8014, -1.86113, -0.05099, -2.84996, 0.89541, -2.82288], [0.48251, 0.81689, -1.73711, 0.29727, -2.63571, 1.01009, -2.88364], [0.7069, 0.83238, -1.61309, 0.64552, -2.42146, 1.12477, -2.94439]]
end: [0.91151000000000004, 0.84650999999999998, -1.5, 0.96306999999999998, -2.2261000000000002, 1.2293499999999999, -2.99979]
obtacles: [[[0.6, 0.5, -1.0], [0.9, 0.6, 1.0]], [[0.6, -0.6, -1.0], [0.9, -0.5, 1.0]], [[0.6, -0.6, 0.9], [0.9, 0.6, 1.0]], [[0.6, -0.6, -1.0], [0.9, 0.6, -0.9]], [[0.6, -0.6, 0.4], [0.9, 0.6, 0.5]], [[0.6, -0.6, -0.5], [0.9, 0.6, -0.4]], [[0.6, -0.1, 0.5], [0.9, 0.0, 1.0]], [[0.6, 0.0, -0.5], [0.9, 0.1, 0.5]], [[0.6, -0.2, -1.0], [0.9, -0.1, -0.4]]]
start: [1.03729, 1.78487, -1.6000000000000001, 1.60714, -1.35778, 1.5345500000000001, -2.5787499999999999]
tajectories: [[1.03729, 1.78487, -1.6, 1.60714, -1.35778, 1.53455, -2.57875], [1.25808, 1.62886, -1.67139, 1.76348, -1.17535, 1.5114, -2.24177], [1.47888, 1.47285, -1.74278, 1.91981, -0.99291, 1.48824, -1.90479], [1.69968, 1.31684, -1.81416, 2.07615, -0.81048, 1.46508, -1.56782], [1.70238, 1.31493, -1.81504, 2.07806, -0.80824, 1.4648, -1.56369], [1.60992, 1.05992, -1.89997, 2.06936, -1.10666, 1.18363, -1.53172], [1.51746, 0.80491, -1.98491, 2.06066, -1.40508, 0.90245, -1.49975], [1.42501, 0.5499, -2.06984, 2.05196, -1.70349, 0.62128, -1.46778], [1.36636, 0.38814, -2.12372, 2.04644, -1.89279, 0.44292, -1.44751], [1.04257, 0.48019, -1.99984, 1.78158, -1.97556, 0.60077, -1.58689], [0.71879, 0.57225, -1.87597, 1.51672, -2.05834, 0.75861, -1.72628], [0.39501, 0.6643, -1.7521, 1.25185, -2.14111, 0.91646, -1.86567], [0.07123, 0.75635, -1.62822, 0.98699, -2.22388, 1.0743, -2.00505]]
end: [-0.0025400000000000002, 0.77732999999999997, -1.6000000000000001, 0.92664000000000002, -2.24274, 1.1102700000000001, -2.03681]
obtacles: [[[0.6, 0.5, -1.0], [0.9, 0.6, 1.0]], [[0.6, -0.6, -1.0], [0.9, -0.5, 1.0]], [[0.6, -0.6, 0.9], [0.9, 0.6, 1.0]], [[0.6, -0.6, -1.0], [0.9, 0.6, -0.9]], [[0.6, -0.6, 0.4], [0.9, 0.6, 0.5]], [[0.6, -0.6, -0.5], [0.9, 0.6, -0.4]], [[0.6, -0.1, 0.5], [0.9, 0.0, 1.0]], [[0.6, 0.0, -0.5], [0.9, 0.1, 0.5]], [[0.6, -0.2, -1.0], [0.9, -0.1, -0.4]]]
start: [0.78752999999999995, 1.9114199999999999, -1.6499999999999999, 1.43442, -1.22255, 1.54233, -2.5133399999999999]
tajectories: [[0.78753, 1.91142, -1.65, 1.43442, -1.22255, 1.54233, -2.51334], [0.99594, 1.65111, -1.47932, 1.6513, -1.39405, 1.38796, -2.61026], [1.20435, 1.3908, -1.30865, 1.86818, -1.56554, 1.23358, -2.70718], [1.41276, 1.13049, -1.13797, 2.08506, -1.73704, 1.07921, -2.8041], [1.62117, 0.87017, -0.96729, 2.30195, -1.90854, 0.92484, -2.90102], [1.67859, 0.79844, -0.92026, 2.36171, -1.9558, 0.8823, -2.92772], [1.80775, 0.41601, -0.78174, 2.46054, -1.87093, 0.71723, -2.77391], [1.93691, 0.03358, -0.64321, 2.55936, -1.78607, 0.55217, -2.62009], [2.06607, -0.34885, -0.50469, 2.65819, -1.70121, 0.3871, -2.46627], [2.19523, -0.73128, -0.36616, 2.75702, -1.61635, 0.22203, -2.31245], [2.26732, -0.94473, -0.28885, 2.81218, -1.56899, 0.1299, -2.2266], [2.23767, -1.06818, -0.1985, 2.55804, -1.39294, -0.13179, -1.9783], [2.20801, -1.19164, -0.10815, 2.3039, -1.21689, -0.39348, -1.73], [2.17836, -1.31509, -0.0178, 2.04976, -1.04084, -0.65517, -1.48169], [2.14871, -1.43855, 0.07255, 1.79563, -0.86479, -0.91686, -1.23339], [2.11905, -1.56201, 0.16289, 1.54149, -0.68874, -1.17855, -0.98508], [2.11797, -1.56652, 0.1662, 1.5322, -0.6823, -1.18812, -0.97601], [2.09861, -1.39464, 0.04823, 1.48723, -0.7931, -1.25089, -0.5425], [2.07924, -1.22276, -0.06974, 1.44226, -0.9039, -1.31367, -0.109], [2.06917, -1.13332, -0.13113, 1.41886, -0.96156, -1.34634, 0.11659], [2.14004, -1.05046, -0.58732, 1.27832, -0.95075, -1.31228, 0.02185], [2.21092, -0.9676, -1.0435, 1.13778, -0.93994, -1.27823, -0.0729], [2.2818, -0.88474, -1.49969, 0.99723, -0.92913, -1.24418, -0.16765]]
end: [2.3051599999999999, -0.85743999999999998, -1.6499999999999999, 0.95093000000000005, -0.92557, -1.2329600000000001, -0.19886000000000001]
obtacles: [[[0.6, 0.5, -1.0], [0.9, 0.6, 1.0]], [[0.6, -0.6, -1.0], [0.9, -0.5, 1.0]], [[0.6, -0.6, 0.9], [0.9, 0.6, 1.0]], [[0.6, -0.6, -1.0], [0.9, 0.6, -0.9]], [[0.6, -0.6, 0.4], [0.9, 0.6, 0.5]], [[0.6, -0.6, -0.5], [0.9, 0.6, -0.4]], [[0.6, -0.1, 0.5], [0.9, 0.0, 1.0]], [[0.6, 0.0, -0.5], [0.9, 0.1, 0.5]], [[0.6, -0.2, -1.0], [0.9, -0.1, -0.4]]]
start: [1.98776, -1.61795, -1.3999999999999999, 1.6208100000000001, -1.60998, -1.39802, -0.45954]
tajectories: [[1.98776, -1.61795, -1.4, 1.62081, -1.60998, -1.39802, -0.45954], [2.0792, -1.5592, -1.80731, 1.8423, -1.53709, -1.27779, -0.51835], [2.17064, -1.50044, -2.21461, 2.0638, -1.46419, -1.15756, -0.57716], [2.26209, -1.44168, -2.62192, 2.2853, -1.3913, -1.03733, -0.63596], [2.28196, -1.42891, -2.71044, 2.33344, -1.37545, -1.0112, -0.64874], [2.05673, -1.46051, -2.44639, 2.4485, -1.17965, -1.05117, -0.92328], [1.8315, -1.49211, -2.18233, 2.56357, -0.98385, -1.09114, -1.19782], [1.60627, -1.52372, -1.91828, 2.67864, -0.78805, -1.13111, -1.47236], [1.38104, -1.55532, -1.65423, 2.7937, -0.59225, -1.17108, -1.7469], [1.15581, -1.58692, -1.39017, 2.90877, -0.39645, -1.21105, -2.02144], [0.93057, -1.61853, -1.12612, 3.02383, -0.20065, -1.25102, -2.29598], [0.92928, -1.61871, -1.1246, 3.02449, -0.19953, -1.25125, -2.29756], [0.97185, -1.31761, -1.03136, 2.92141, -0.55845, -1.19409, -2.37573], [1.01442, -1.01652, -0.93812, 2.81832, -0.91738, -1.13693, -2.4539], [1.05698, -0.71542, -0.84488, 2.71523, -1.27631, -1.07977, -2.53207], [1.09955, -0.41432, -0.75164, 2.61215, -1.63524, -1.02261, -2.61025], [1.14212, -0.11323, -0.65839, 2.50906, -1.99417, -0.96544, -2.68842], [1.18469, 0.18787, -0.56515, 2.40598, -2.3531, -0.90828, -2.76659], [1.22725, 0.48896, -0.47191, 2.30289, -2.71203, -0.85112, -2.84476], [1.26982, 0.79006, -0.37867, 2.1998, -3.07096, -0.79396, -2.92294], [1.27481, 0.82532, -0.36775, 2.18773, -3.113, -0.78726, -2.93209], [1.24695, 0.95857, -0.55008, 2.07239, -2.86146, -0.43886, -2.91586], [1.21909, 1.09181, -0.73242, 1.95706, -2.60993, -0.09045, -2.89963], [1.19123, 1.22506, -0.91476, 1.84172, -2.3584, 0.25796, -2.8834], [1.16338, 1.35831, -1.0971, 1.72639, -2.10687, 0.60637, -2.86717], [1.13552, 1.49155, -1.27943, 1.61105, -1.85533, 0.95478, -2.85094], [1.10766, 1.6248, -1.46177, 1.49571, -1.6038, 1.30318, -2.8347]]
end: [1.0865400000000001, 1.7258100000000001, -1.6000000000000001, 1.40828, -1.4131199999999999, 1.56731, -2.8224]
obtacles: [[[0.6, 0.5, -1.0], [0.9, 0.6, 1.0]], [[0.6, -0.6, -1.0], [0.9, -0.5, 1.0]], [[0.6, -0.6, 0.9], [0.9, 0.6, 1.0]], [[0.6, -0.6, -1.0], [0.9, 0.6, -0.9]], [[0.6, -0.6, 0.4], [0.9, 0.6, 0.5]], [[0.6, -0.6, -0.5], [0.9, 0.6, -0.4]], [[0.6, -0.1, 0.5], [0.9, 0.0, 1.0]], [[0.6, 0.0, -0.5], [0.9, 0.1, 0.5]], [[0.6, -0.2, -1.0], [0.9, -0.1, -0.4]]]
start: [0.94188000000000005, 1.86389, -1.95, 1.30846, -4.31724, -1.30016, 0.25544]
tajectories: [[0.94188, 1.86389, -1.95, 1.30846, -4.31724, -1.30016, 0.25544], [1.03757, 1.8068, -1.79516, 1.5008, -4.37516, -0.95251, 0.48435], [1.13326, 1.74971, -1.64033, 1.69315, -4.43308, -0.60485, 0.71326], [1.22894, 1.69263, -1.48549, 1.88549, -4.491, -0.2572, 0.94216], [1.32463, 1.63554, -1.33066, 2.07783, -4.54892, 0.09046, 1.17107], [1.42031, 1.57845, -1.17582, 2.27017, -4.60683, 0.43811, 1.39997], [1.5048, 1.52805, -1.03911, 2.43999, -4.65797, 0.74506, 1.60208], [1.5993, 1.52762, -1.2113, 2.25453, -4.4167, 0.74736, 1.2574], [1.69381, 1.52719, -1.38349, 2.06907, -4.17544, 0.74967, 0.91271], [1.78832, 1.52677, -1.55568, 1.88361, -3.93417, 0.75197, 0.56802], [1.88282, 1.52634, -1.72787, 1.69815, -3.6929, 0.75427, 0.22334], [1.97733, 1.52591, -1.90006, 1.51269, -3.45163, 0.75657, -0.12135], [1.99115, 1.52585, -1.92524, 1.48557, -3.41634, 0.7569, -0.17176], [1.97686, 1.53436, -2.07989, 1.55629, -3.15522, 0.76418, -0.56236], [1.96258, 1.54288, -2.23453, 1.62701, -2.89411, 0.77146, -0.95296], [1.94829, 1.55139, -2.38918, 1.69772, -2.63299, 0.77874, -1.34356], [1.93401, 1.55991, -2.54382, 1.76844, -2.37187, 0.78602, -1.73417], [1.92207, 1.56703, -2.67311, 1.82756, -2.15357, 0.79211, -2.06071], [1.87465, 1.30934, -2.53295, 1.74639, -1.92084, 0.61034, -1.80011], [1.82724, 1.05165, -2.39279, 1.66521, -1.68811, 0.42858, -1.5395], [1.77982, 0.79397, -2.25264, 1.58403, -1.45539, 0.24681, -1.2789], [1.73241, 0.53628, -2.11248, 1.50285, -1.22266, 0.06505, -1.0183], [1.68499, 0.27859, -1.97232, 1.42168, -0.98993, -0.11672, -0.75769], [1.63758, 0.02091, -1.83217, 1.3405, -0.7572, -0.29848, -0.49709], [1.59016, -0.23678, -1.69201, 1.25932, -0.52447, -0.48025, -0.23648], [1.57446, -0.32211, -1.6456, 1.23244, -0.44741, -0.54044, -0.15019], [1.84562, -0.49856, -1.76353, 1.13654, -0.55449, -0.87041, -0.10671], [2.11677, -0.675, -1.88145, 1.04063, -0.66157, -1.20038, -0.06323]]
end: [2.2743799999999998, -0.77756000000000003, -1.95, 0.98489000000000004, -0.72380999999999995, -1.39218, -0.037960000000000001]
obtacles: [[[0.6, 0.5, -1.0], [0.9, 0.6, 1.0]], [[0.6, -0.6, -1.0], [0.9, -0.5, 1.0]], [[0.6, -0.6, 0.9], [0.9, 0.6, 1.0]], [[0.6, -0.6, -1.0], [0.9, 0.6, -0.9]], [[0.6, -0.6, 0.4], [0.9, 0.6, 0.5]], [[0.6, -0.6, -0.5], [0.9, 0.6, -0.4]], [[0.6, -0.1, 0.5], [0.9, 0.0, 1.0]], [[0.6, 0.0, -0.5], [0.9, 0.1, 0.5]], [[0.6, -0.2, -1.0], [0.9, -0.1, -0.4]]]
start: [1.15038, 1.46132, -1.6000000000000001, 1.64598, -1.68218, 1.55006, -2.64324]
tajectories: [[1.15038, 1.46132, -1.6, 1.64598, -1.68218, 1.55006, -2.64324], [1.27241, 1.19784, -1.34525, 1.79903, -1.60646, 1.35327, -2.46184], [1.39444, 0.93436, -1.09051, 1.95208, -1.53074, 1.15647, -2.28043], [1.51647, 0.67088, -0.83576, 2.10512, -1.45501, 0.95968, -2.09903], [1.6385, 0.4074, -0.58102, 2.25817, -1.37929, 0.76289, -1.91763], [1.69288, 0.28998, -0.4675, 2.32637, -1.34555, 0.67519, -1.83679], [1.47492, 0.13894, -0.63501, 2.43022, -1.35513, 0.65617, -1.46212], [1.25696, -0.01211, -0.80252, 2.53407, -1.3647, 0.63715, -1.08745], [1.039, -0.16316, -0.97002, 2.63793, -1.37428, 0.61813, -0.71277], [0.82104, -0.3142, -1.13753, 2.74178, -1.38386, 0.59912, -0.3381], [0.73041, -0.37701, -1.20718, 2.78496, -1.38784, 0.59121, -0.18231], [0.61026, 0.02616, -1.4544, 2.75446, -1.31592, 0.51503, -0.18246], [0.49011, 0.42932, -1.70162, 2.72395, -1.24399, 0.43885, -0.18261], [0.36997, 0.83248, -1.94883, 2.69345, -1.17207, 0.36267, -0.18276], [0.30557, 1.04859, -2.08135, 2.6771, -1.13352, 0.32183, -0.18284], [0.21853, 1.01094, -2.00472, 2.34819, -1.27948, 0.423, -0.49173], [0.13148, 0.97329, -1.9281, 2.01928, -1.42543, 0.52417, -0.80062], [0.04444, 0.93564, -1.85147, 1.69036, -1.57139, 0.62533, -1.10951], [-0.0426, 0.89799, -1.77485, 1.36145, -1.71735, 0.7265, -1.4184], [-0.12964, 0.86034, -1.69822, 1.03254, -1.86331, 0.82766, -1.72729], [-0.21668, 0.82269, -1.62159, 0.70363, -2.00927, 0.92883, -2.03618]]
end: [-0.24121000000000001, 0.81208000000000002, -1.6000000000000001, 0.61092999999999997, -2.0503999999999998, 0.95733999999999997, -2.12323]
obtacles: [[[0.6, 0.5, -1.0], [0.9, 0.6, 1.0]], [[0.6, -0.6, -1.0], [0.9, -0.5, 1.0]], [[0.6, -0.6, 0.9], [0.9, 0.6, 1.0]], [[0.6, -0.6, -1.0], [0.9, 0.6, -0.9]], [[0.6, -0.6, 0.4], [0.9, 0.6, 0.5]], [[0.6, -0.6, -0.5], [0.9, 0.6, -0.4]], [[0.6, -0.1, 0.5], [0.9, 0.0, 1.0]], [[0.6, 0.0, -0.5], [0.9, 0.1, 0.5]], [[0.6, -0.2, -1.0], [0.9, -0.1, -0.4]]]
start: [0.71443999999999996, 1.8878699999999999, -1.7, 1.2766900000000001, -1.23024, 1.5440100000000001, -2.6046399999999998]
tajectories: [[0.71444, 1.88787, -1.7, 1.27669, -1.23024, 1.54401, -2.60464], [0.91474, 1.77279, -1.38, 1.48749, -1.26387, 1.54222, -2.38404], [1.11503, 1.65771, -1.05999, 1.6983, -1.29751, 1.54043, -2.16344], [1.31533, 1.54263, -0.73999, 1.9091, -1.33114, 1.53864, -1.94284], [1.51562, 1.42755, -0.41999, 2.1199, -1.36477, 1.53685, -1.72224], [1.71591, 1.31246, -0.09999, 2.33071, -1.3984, 1.53506, -1.50164], [1.91621, 1.19738, 0.22002, 2.54151, -1.43204, 1.53327, -1.28105], [2.1165, 1.0823, 0.54002, 2.75232, -1.46567, 1.53148, -1.06045], [2.3168, 0.96722, 0.86002, 2.96312, -1.4993, 1.52969, -0.83985], [2.32343, 0.96341, 0.87062, 2.97011, -1.50042, 1.52963, -0.83254], [2.31863, 0.79822, 0.63124, 2.57786, -1.52169, 1.43061, -0.7969], [2.31383, 0.63303, 0.39186, 2.18561, -1.54296, 1.33159, -0.76126], [2.30903, 0.46783, 0.15248, 1.79336, -1.56424, 1.23258, -0.72563], [2.30424, 0.30264, -0.0869, 1.40111, -1.58551, 1.13356, -0.68999], [2.29944, 0.13745, -0.32628, 1.00886, -1.60679, 1.03454, -0.65435], [2.29464, -0.02774, -0.56566, 0.61661, -1.62806, 0.93553, -0.61871], [2.28984, -0.19293, -0.80504, 0.22436, -1.64933, 0.83651, -0.58308], [2.28714, -0.28588, -0.93973, 0.00366, -1.6613, 0.78079, -0.56302], [1.82066, -0.14359, -0.93888, -0.08469, -1.71797, 0.75245, -0.58125], [1.35418, -0.00131, -0.93802, -0.17304, -1.77464, 0.72411, -0.59949], [0.8877, 0.14097, -0.93717, -0.26139, -1.83131, 0.69576, -0.61772], [0.42122, 0.28325, -0.93631, -0.34974, -1.88799, 0.66742, -0.63595], [-0.04526, 0.42553, -0.93546, -0.43809, -1.94466, 0.63907, -0.65418], [-0.51174, 0.56781, -0.9346, -0.52644, -2.00133, 0.61073, -0.67241], [-0.97821, 0.71009, -0.93375, -0.61479, -2.058, 0.58239, -0.69064], [-1.15863, 0.76512, -0.93341, -0.64896, -2.07991, 0.57142, -0.69769], [-1.08803, 0.79293, -1.07954, -0.6193, -1.89681, 0.66395, -1.12186], [-1.01743, 0.82075, -1.22566, -0.58964, -1.7137, 0.75648, -1.54603], [-0.94683, 0.84856, -1.37178, -0.55998, -1.5306, 0.84901, -1.9702], [-0.87623, 0.87638, -1.51791, -0.53032, -1.34749, 0.94154, -2.39437], [-0.80564, 0.90419, -1.66403, -0.50066, -1.16438, 1.03407, -2.81854]]
end: [-0.78825999999999996, 0.91103999999999996, -1.7, -0.49336000000000002, -1.11931, 1.0568500000000001, -2.9229500000000002]
obtacles: [[[0.6, 0.5, -1.0], [0.9, 0.6, 1.0]], [[0.6, -0.6, -1.0], [0.9, -0.5, 1.0]], [[0.6, -0.6, 0.9], [0.9, 0.6, 1.0]], [[0.6, -0.6, -1.0], [0.9, 0.6, -0.9]], [[0.6, -0.6, 0.4], [0.9, 0.6, 0.5]], [[0.6, -0.6, -0.5], [0.9, 0.6, -0.4]], [[0.6, -0.1, 0.5], [0.9, 0.0, 1.0]], [[0.6, 0.0, -0.5], [0.9, 0.1, 0.5]], [[0.6, -0.2, -1.0], [0.9, -0.1, -0.4]]]
start: [0.75455000000000005, 0.82313999999999998, -1.3, 0.91483000000000003, -2.3209599999999999, 1.30854, -2.98434]
tajectories: [[0.75455, 0.82314, -1.3, 0.91483, -2.32096, 1.30854, -2.98434], [1.0125, 0.5831, -1.2426, 1.17333, -2.45453, 1.15342, -2.86677], [1.27045, 0.34306, -1.18521, 1.43183, -2.58809, 0.9983, -2.7492], [1.52839, 0.10301, -1.12781, 1.69033, -2.72166, 0.84318, -2.63163], [1.78634, -0.13703, -1.07041, 1.94884, -2.85523, 0.68806, -2.51406], [2.04429, -0.37707, -1.01301, 2.20734, -2.98879, 0.53294, -2.39649], [2.30224, -0.61712, -0.95562, 2.46584, -3.12236, 0.37782, -2.27892], [2.3743, -0.68418, -0.93958, 2.53805, -3.15967, 0.33448, -2.24608], [2.39167, -0.90872, -1.08783, 2.56072, -2.94212, -0.01968, -2.18264], [2.40903, -1.13327, -1.23607, 2.58338, -2.72457, -0.37385, -2.11919], [2.4264, -1.35781, -1.38432, 2.60605, -2.50703, -0.72802, -2.05575], [2.44377, -1.58236, -1.53256, 2.62871, -2.28948, -1.08219, -1.9923], [2.46114, -1.8069, -1.6808, 2.65137, -2.07193, -1.43635, -1.92886], [2.46542, -1.86218, -1.7173, 2.65695, -2.01837, -1.52354, -1.91324], [2.36082, -1.88655, -1.64235, 2.36981, -1.99764, -1.49891, -1.52677], [2.25623, -1.91092, -1.56739, 2.08266, -1.97691, -1.47427, -1.1403], [2.15163, -1.9353, -1.49244, 1.79551, -1.95617, -1.44964, -0.75384]]
end: [2.0924100000000001, -1.9491000000000001, -1.45, 1.63293, -1.9444300000000001, -1.4356899999999999, -0.53502000000000005]
obtacles: [[[0.6, 0.5, -1.0], [0.9, 0.6, 1.0]], [[0.6, -0.6, -1.0], [0.9, -0.5, 1.0]], [[0.6, -0.6, 0.9], [0.9, 0.6, 1.0]], [[0.6, -0.6, -1.0], [0.9, 0.6, -0.9]], [[0.6, -0.6, 0.4], [0.9, 0.6, 0.5]], [[0.6, -0.6, -0.5], [0.9, 0.6, -0.4]], [[0.6, -0.1, 0.5], [0.9, 0.0, 1.0]], [[0.6, 0.0, -0.5], [0.9, 0.1, 0.5]], [[0.6, -0.2, -1.0], [0.9, -0.1, -0.4]]]
start: [0.61095999999999995, 1.7133400000000001, -1.7, 0.90719000000000005, -1.37914, 1.55783, -2.8558400000000002]
tajectories: [[0.61096, 1.71334, -1.7, 0.90719, -1.37914, 1.55783, -2.85584], [0.77238, 1.65748, -1.52522, 1.26514, -1.61686, 1.49286, -2.8182], [0.9338, 1.60162, -1.35043, 1.62308, -1.85459, 1.42788, -2.78056], [1.09521, 1.54575, -1.17565, 1.98102, -2.09231, 1.36291, -2.74292], [1.25663, 1.48989, -1.00086, 2.33897, -2.33003, 1.29794, -2.70527], [1.37871, 1.44764, -0.86867, 2.60969, -2.50983, 1.2488, -2.6768], [1.03733, 1.28512, -1.15524, 2.7352, -2.58806, 1.24743, -2.62167], [0.69594, 1.12259, -1.44182, 2.86072, -2.66628, 1.24607, -2.56654], [0.35456, 0.96006, -1.7284, 2.98623, -2.7445, 1.24471, -2.5114], [0.19101, 0.8822, -1.86569, 3.04636, -2.78198, 1.24406, -2.48499], [0.14221, 0.68623, -1.89435, 2.65595, -2.60985, 1.10703, -2.57201], [0.10906, 0.5531, -1.91382, 2.39072, -2.49291, 1.01393, -2.63114], [0.03602, 0.63125, -1.85843, 1.94277, -2.36063, 0.99865, -2.50036], [-0.03701, 0.70941, -1.80304, 1.49482, -2.22836, 0.98338, -2.36959], [-0.11004, 0.78756, -1.74765, 1.04687, -2.09608, 0.9681, -2.23882]]
end: [-0.17288000000000001, 0.8548, -1.7, 0.66147, -1.98228, 0.95496000000000003, -2.1263000000000001]
obtacles: [[[0.6, 0.5, -1.0], [0.9, 0.6, 1.0]], [[0.6, -0.6, -1.0], [0.9, -0.5, 1.0]], [[0.6, -0.6, 0.9], [0.9, 0.6, 1.0]], [[0.6, -0.6, -1.0], [0.9, 0.6, -0.9]], [[0.6, -0.6, 0.4], [0.9, 0.6, 0.5]], [[0.6, -0.6, -0.5], [0.9, 0.6, -0.4]], [[0.6, -0.1, 0.5], [0.9, 0.0, 1.0]], [[0.6, 0.0, -0.5], [0.9, 0.1, 0.5]], [[0.6, -0.2, -1.0], [0.9, -0.1, -0.4]]]
start: [0.68891999999999998, 1.6916100000000001, -1.75, 0.68933, -4.4974999999999996, -1.55125, -0.01257]
tajectories: [[0.68892, 1.69161, -1.75, 0.68933, -4.4975, -1.55125, -0.01257], [0.91093, 1.73437, -1.72301, 1.10558, -4.47465, -1.40334, -0.06247], [1.13293, 1.77714, -1.69603, 1.52183, -4.45179, -1.25543, -0.11237], [1.35494, 1.8199, -1.66904, 1.93808, -4.42894, -1.10752, -0.16228], [1.57695, 1.86267, -1.64206, 2.35433, -4.40608, -0.9596, -0.21218], [1.72291, 1.89079, -1.62432, 2.628, -4.39105, -0.86236, -0.24499], [1.49506, 1.52103, -1.64638, 2.54154, -4.21434, -0.91556, -0.1059], [1.26721, 1.15128, -1.66845, 2.45508, -4.03763, -0.96875, 0.03319], [1.03936, 0.78152, -1.69052, 2.36862, -3.86092, -1.02195, 0.17228], [0.8115, 0.41177, -1.71259, 2.28216, -3.68421, -1.07515, 0.31137], [0.69938, 0.22981, -1.72345, 2.23962, -3.59725, -1.10133, 0.37982], [0.24025, 0.30901, -1.71493, 2.15559, -3.58473, -1.16003, 0.23084], [-0.21888, 0.38821, -1.70642, 2.07156, -3.57222, -1.21873, 0.08187], [-0.67801, 0.46741, -1.69791, 1.98753, -3.5597, -1.27743, -0.06711], [-0.70225, 0.47159, -1.69746, 1.98309, -3.55904, -1.28053, -0.07497], [-0.98479, 0.52974, -1.60072, 1.62648, -3.3951, -1.33711, -0.06151], [-1.26734, 0.58789, -1.50398, 1.26988, -3.23115, -1.39369, -0.04804], [-1.54988, 0.64603, -1.40725, 0.91327, -3.0672, -1.45027, -0.03457], [-1.61857, 0.66017, -1.38373, 0.82658, -3.02735, -1.46402, -0.0313], [-1.61688, 0.66333, -1.56751, 0.45697, -3.28508, -1.35, -0.0181], [-1.61519, 0.66649, -1.7513, 0.08736, -3.54281, -1.23598, -0.0049], [-1.6135, 0.66966, -1.93508, -0.28225, -3.80054, -1.12195, 0.0083], [-1.61274, 0.67107, -2.01733, -0.44766, -3.91588, -1.07092, 0.01421], [-1.14125, 0.70128, -1.89646, -0.48366, -3.99417, -1.0177, -0.02962], [-0.66977, 0.73149, -1.77559, -0.51966, -4.07246, -0.96449, -0.07345]]
end: [-0.56994, 0.73789000000000005, -1.75, -0.52727999999999997, -4.0890399999999998, -0.95321999999999996, -0.082729999999999998]
