obtacles: [[[0.6, 0.5, -1.0], [0.9, 0.6, 1.0]], [[0.6, -0.6, -1.0], [0.9, -0.5, 1.0]], [[0.6, -0.6, 0.9], [0.9, 0.6, 1.0]], [[0.6, -0.6, -1.0], [0.9, 0.6, -0.9]], [[0.6, -0.6, 0.5], [0.9, 0.6, 0.6]], [[0.6, -0.6, -0.5], [0.9, 0.6, -0.4]], [[0.6, 0.1, 0.6], [0.9, 0.2, 1.0]], [[0.6, -0.1, -0.5], [0.9, 0.0, 0.6]], [[0.6, -0.3, -1.0], [0.9, -0.2, -0.4]]]
start: [-2.1063700000000001, -1.9647600000000001, 1.3, 1.7475000000000001, -1.2112400000000001, 1.2549399999999999, -2.54155]
tajectories: [[-2.10637, -1.96476, 1.3, 1.7475, -1.21124, 1.25494, -2.54155], [-1.82253, -1.76574, 0.99622, 1.80855, -1.04966, 1.19248, -2.47984], [-1.53869, -1.56671, 0.69244, 1.8696, -0.88809, 1.13002, -2.41813], [-1.25485, -1.36769, 0.38866, 1.93065, -0.72652, 1.06756, -2.35643], [-0.97101, -1.16866, 0.08488, 1.9917, -0.56495, 1.0051, -2.29472], [-0.68717, -0.96964, -0.2189, 2.05275, -0.40337, 0.94265, -2.23301], [-0.40333, -0.77062, -0.52268, 2.11381, -0.2418, 0.88019, -2.1713], [-0.11949, -0.57159, -0.82646, 2.17486, -0.08023, 0.81773, -2.10959], [0.03156, -0.46568, -0.98812, 2.20735, 0.00575, 0.78449, -2.07675], [-0.32129, -0.49452, -0.94697, 2.22684, 0.04051, 0.46621, -1.93506], [-0.67414, -0.52337, -0.90581, 2.24633, 0.07527, 0.14792, -1.79337], [-1.027, -0.55221, -0.86466, 2.26582, 0.11002, -0.17036, -1.65168], [-1.37985, -0.58106, -0.8235, 2.28531, 0.14478, -0.48865, -1.50999], [-1.7327, -0.60991, -0.78235, 2.30481, 0.17953, -0.80693, -1.3683], [-1.98766, -0.63075, -0.75261, 2.31889, 0.20464, -1.03692, -1.26592], [-1.78433, -0.44199, -0.45385, 2.10347, 0.07179, -1.05433, -1.1266], [-1.58101, -0.25324, -0.15508, 1.88805, -0.06106, -1.07174, -0.98728], [-1.37768, -0.06448, 0.14368, 1.67262, -0.19391, -1.08915, -0.84796], [-1.17435, 0.12427, 0.44245, 1.4572, -0.32676, -1.10656, -0.70864], [-0.97103, 0.31302, 0.74121, 1.24178, -0.45962, -1.12397, -0.56932], [-0.7677, 0.50178, 1.03998, 1.02636, -0.59247, -1.14139, -0.43001]]
end: [-0.59074000000000004, 0.66605999999999999, 1.3, 0.83887, -0.70809, -1.1565399999999999, -0.30875000000000002]
obtacles: [[[0.6, 0.5, -1.0], [0.9, 0.6, 1.0]], [[0.6, -0.6, -1.0], [0.9, -0.5, 1.0]], [[0.6, -0.6, 0.9], [0.9, 0.6, 1.0]], [[0.6, -0.6, -1.0], [0.9, 0.6, -0.9]], [[0.6, -0.6, 0.5], [0.9, 0.6, 0.6]], [[0.6, -0.6, -0.5], [0.9, 0.6, -0.4]], [[0.6, 0.1, 0.6], [0.9, 0.2, 1.0]], [[0.6, -0.1, -0.5], [0.9, 0.0, 0.6]], [[0.6, -0.3, -1.0], [0.9, -0.2, -0.4]]]
start: [-0.98280000000000001, 1.2880400000000001, 1.5, 1.27322, -1.2800199999999999, -1.55393, -0.28281000000000001]
tajectories: [[-0.9828, 1.28804, 1.5, 1.27322, -1.28002, -1.55393, -0.28281], [-1.10113, 1.27712, 1.6186, 1.47389, -1.10926, -1.40694, -0.64444], [-1.21946, 1.2662, 1.73719, 1.67456, -0.9385, -1.25995, -1.00608], [-1.33778, 1.25528, 1.85579, 1.87523, -0.76773, -1.11296, -1.36771], [-1.45611, 1.24436, 1.97439, 2.0759, -0.59697, -0.96596, -1.72935], [-1.57383, 1.23349, 2.09237, 2.27553, -0.42709, -0.81973, -2.08912], [-1.65241, 1.05629, 2.13225, 2.22912, -0.31251, -0.39418, -2.20938], [-1.73099, 0.87909, 2.17214, 2.18271, -0.19794, 0.03137, -2.32964], [-1.80957, 0.70189, 2.21202, 2.13631, -0.08336, 0.45691, -2.4499], [-1.88814, 0.52468, 2.2519, 2.0899, 0.03121, 0.88246, -2.57017], [-1.9359, 0.41699, 2.27614, 2.06169, 0.10085, 1.1411, -2.64326], [-1.85821, -0.01748, 2.0811, 2.01227, 0.13556, 1.03081, -2.60642], [-1.78052, -0.45194, 1.88607, 1.96285, 0.17027, 0.92053, -2.56959], [-1.70283, -0.88641, 1.69103, 1.91342, 0.20498, 0.81025, -2.53275], [-1.64891, -1.18792, 1.55568, 1.87913, 0.22906, 0.73372, -2.50719], [-1.76983, -1.38842, 1.54116, 1.77031, -0.13822, 0.94569, -2.56462], [-1.89074, -1.58893, 1.52664, 1.66149, -0.5055, 1.15767, -2.62204], [-2.01166, -1.78943, 1.51212, 1.55267, -0.87278, 1.36964, -2.67947]]
end: [-2.1126, -1.9568000000000001, 1.5, 1.46183, -1.1793800000000001, 1.5466, -2.7273999999999998]
obtacles: [[[0.6, 0.5, -1.0], [0.9, 0.6, 1.0]], [[0.6, -0.6, -1.0], [0.9, -0.5, 1.0]], [[0.6, -0.6, 0.9], [0.9, 0.6, 1.0]], [[0.6, -0.6, -1.0], [0.9, 0.6, -0.9]], [[0.6, -0.6, 0.5], [0.9, 0.6, 0.6]], [[0.6, -0.6, -0.5], [0.9, 0.6, -0.4]], [[0.6, 0.1, 0.6], [0.9, 0.2, 1.0]], [[0.6, -0.1, -0.5], [0.9, 0.0, 0.6]], [[0.6, -0.3, -1.0], [0.9, -0.2, -0.4]]]
start: [-0.38551000000000002, 1.4072499999999999, 1.5, -0.75568000000000002, -1.63256, -1.4036599999999999, 1.1521699999999999]
tajectories: [[-0.38551, 1.40725, 1.5, -0.75568, -1.63256, -1.40366, 1.15217], [-0.39145, 1.54788, 1.08657, -0.6847, -1.75024, -1.39645, 1.35298], [-0.39739, 1.68851, 0.67314, -0.61372, -1.86792, -1.38924, 1.55379], [-0.40137, 1.78268, 0.3963, -0.56618, -1.94672, -1.38441, 1.68826], [-0.38541, 1.65673, 0.28336, -0.31647, -1.78165, -1.2851, 1.33946], [-0.36946, 1.53078, 0.17042, -0.06675, -1.61659, -1.18578, 0.99067], [-0.35529, 1.41894, 0.07013, 0.15499, -1.47001, -1.09759, 0.68094], [-0.37521, 1.3937, 0.18427, 0.19239, -1.23237, -0.70448, 0.52756], [-0.39512, 1.36846, 0.29841, 0.22979, -0.99473, -0.31136, 0.37418], [-0.41504, 1.34322, 0.41256, 0.26719, -0.75709, 0.08175, 0.2208], [-0.42464, 1.33106, 0.46757, 0.28522, -0.64255, 0.27122, 0.14687], [-0.4433, 1.35326, 0.40777, 0.59638, -0.31645, 0.07249, 0.201], [-0.46196, 1.37547, 0.34796, 0.90753, 0.00965, -0.12624, 0.25513], [-0.47674, 1.39307, 0.30058, 1.15406, 0.26802, -0.2837, 0.29801], [-0.52659, 1.2171, 0.13895, 1.43382, 0.00147, -0.12821, 0.16787], [-0.57644, 1.04114, -0.02268, 1.71359, -0.26507, 0.02727, 0.03773], [-0.62629, 0.86518, -0.18432, 1.99335, -0.53162, 0.18275, -0.09241], [-0.6395, 0.81858, -0.22712, 2.06744, -0.60221, 0.22393, -0.12688], [-0.75413, 0.70484, -0.11939, 2.0667, -0.4322, 0.65102, -0.15864], [-0.86876, 0.59111, -0.01166, 2.06595, -0.2622, 1.07812, -0.1904], [-0.94395, 0.51651, 0.059, 2.06546, -0.15069, 1.35827, -0.21123], [-1.07224, 0.20665, -0.01926, 1.97276, -0.1938, 1.40522, -0.55583], [-1.20053, -0.10322, -0.09752, 1.88006, -0.23692, 1.45217, -0.90042], [-1.32883, -0.41308, -0.17578, 1.78736, -0.28004, 1.49912, -1.24502], [-1.35123, -0.4672, -0.18945, 1.77117, -0.28757, 1.50732, -1.3052], [-1.44974, -0.66093, -0.10786, 1.96679, -0.40601, 1.52852, -1.68383], [-1.54826, -0.85467, -0.02626, 2.16241, -0.52444, 1.54973, -2.06246], [-1.63712, -1.02944, 0.04734, 2.33888, -0.63128, 1.56885, -2.40401], [-1.71998, -1.19444, 0.40443, 2.13932, -0.82951, 1.55349, -2.4991], [-1.80285, -1.35945, 0.76153, 1.93976, -1.02773, 1.53812, -2.59418], [-1.88571, -1.52446, 1.11862, 1.7402, -1.22595, 1.52275, -2.68926], [-1.96857, -1.68947, 1.47571, 1.54064, -1.42417, 1.50739, -2.78435]]
end: [-1.97421, -1.70069, 1.5, 1.5270699999999999, -1.4376500000000001, 1.50634, -2.79081]
obtacles: [[[0.6, 0.5, -1.0], [0.9, 0.6, 1.0]], [[0.6, -0.6, -1.0], [0.9, -0.5, 1.0]], [[0.6, -0.6, 0.9], [0.9, 0.6, 1.0]], [[0.6, -0.6, -1.0], [0.9, 0.6, -0.9]], [[0.6, -0.6, 0.5], [0.9, 0.6, 0.6]], [[0.6, -0.6, -0.5], [0.9, 0.6, -0.4]], [[0.6, 0.1, 0.6], [0.9, 0.2, 1.0]], [[0.6, -0.1, -0.5], [0.9, 0.0, 0.6]], [[0.6, -0.3, -1.0], [0.9, -0.2, -0.4]]]
start: [-2.1052399999999998, -1.32605, 1.55, 1.4139200000000001, -1.8096399999999999, 1.51298, -2.7545299999999999]
tajectories: [[-2.10524, -1.32605, 1.55, 1.41392, -1.80964, 1.51298, -2.75453], [-1.99447, -1.37458, 1.63498, 1.62398, -1.46835, 1.32449, -2.57557], [-1.8837, -1.42311, 1.71997, 1.83403, -1.12707, 1.13599, -2.39661], [-1.77294, -1.47164, 1.80495, 2.04409, -0.78579, 0.9475, -2.21765], [-1.66217, -1.52017, 1.88994, 2.25414, -0.44451, 0.75901, -2.03869], [-1.55141, -1.5687, 1.97492, 2.4642, -0.10323, 0.57052, -1.85973], [-1.46789, -1.60529, 2.03899, 2.62258, 0.15409, 0.4284, -1.7248], [-1.63756, -1.20982, 2.01805, 2.4559, 0.18084, 0.53514, -1.56832], [-1.80722, -0.81435, 1.99711, 2.28923, 0.20758, 0.64189, -1.41184], [-1.97688, -0.41887, 1.97617, 2.12256, 0.23432, 0.74863, -1.25536], [-2.14655, -0.0234, 1.95523, 1.95588, 0.26107, 0.85538, -1.09888], [-2.31621, 0.37207, 1.93429, 1.78921, 0.28781, 0.96213, -0.94239], [-2.48588, 0.76754, 1.91334, 1.62253, 0.31456, 1.06887, -0.78591], [-2.5255, 0.8599, 1.90845, 1.58361, 0.3208, 1.0938, -0.74937], [-2.15511, 0.93697, 1.79579, 1.57212, 0.06128, 0.95099, -0.82875], [-1.78472, 1.01405, 1.68314, 1.56063, -0.19825, 0.80818, -0.90814], [-1.41434, 1.09112, 1.57048, 1.54915, -0.45777, 0.66537, -0.98752], [-1.24303, 1.12676, 1.51837, 1.54384, -0.5778, 0.59932, -1.02424], [-1.20662, 1.23213, 1.53392, 1.50191, -0.78844, 0.18631, -0.88063], [-1.17021, 1.33749, 1.54946, 1.45999, -0.99908, -0.22671, -0.73701], [-1.13381, 1.44285, 1.56501, 1.41807, -1.20972, -0.63972, -0.5934], [-1.0974, 1.54821, 1.58056, 1.37614, -1.42035, -1.05273, -0.44978], [-1.061, 1.65358, 1.5961, 1.33422, -1.63099, -1.46575, -0.30617]]
end: [-1.0518700000000001, 1.6799900000000001, 1.6000000000000001, 1.3237099999999999, -1.68381, -1.56931, -0.27016000000000001]
obtacles: [[[0.6, 0.5, -1.0], [0.9, 0.6, 1.0]], [[0.6, -0.6, -1.0], [0.9, -0.5, 1.0]], [[0.6, -0.6, 0.9], [0.9, 0.6, 1.0]], [[0.6, -0.6, -1.0], [0.9, 0.6, -0.9]], [[0.6, -0.6, 0.5], [0.9, 0.6, 0.6]], [[0.6, -0.6, -0.5], [0.9, 0.6, -0.4]], [[0.6, 0.1, 0.6], [0.9, 0.2, 1.0]], [[0.6, -0.1, -0.5], [0.9, 0.0, 0.6]], [[0.6, -0.3, -1.0], [0.9, -0.2, -0.4]]]
start: [0.22717000000000001, 1.5548900000000001, 1.6000000000000001, 1.12971, -1.5688800000000001, -1.5376000000000001, -1.35714]
tajectories: [[0.22717, 1.55489, 1.6, 1.12971, -1.56888, -1.5376, -1.35714], [0.22397, 1.45705, 1.35823, 0.90714, -1.24717, -1.55026, -1.18751], [0.22077, 1.35921, 1.11645, 0.68458, -0.92546, -1.56292, -1.01789], [0.2189, 1.30193, 0.97491, 0.55428, -0.73711, -1.57034, -0.91858], [0.21595, 1.32041, 0.71476, 0.73714, -0.86048, -1.42124, -0.58529], [0.213, 1.33889, 0.45461, 0.92, -0.98384, -1.27215, -0.25199], [0.21014, 1.35682, 0.20218, 1.09743, -1.10353, -1.12749, 0.07141], [0.16645, 1.19673, 0.31819, 1.46587, -1.36803, -1.15794, 0.02275], [0.12276, 1.03664, 0.43421, 1.83432, -1.63252, -1.18838, -0.0259], [0.07908, 0.87655, 0.55022, 2.20276, -1.89702, -1.21883, -0.07456], [0.04539, 0.7531, 0.63968, 2.48689, -2.10098, -1.24231, -0.11209], [-0.42057, 0.82556, 0.54324, 2.35549, -2.12014, -1.25191, -0.0874], [-0.88652, 0.89803, 0.4468, 2.22409, -2.13929, -1.26151, -0.0627], [-1.27845, 0.95898, 0.36568, 2.11356, -2.1554, -1.26959, -0.04194], [-1.21788, 1.2267, 0.7138, 1.94222, -2.08601, -1.35282, -0.15318], [-1.1573, 1.49441, 1.06192, 1.77089, -2.01663, -1.43606, -0.26442], [-1.09673, 1.76213, 1.41004, 1.59955, -1.94724, -1.5193, -0.37566]]
end: [-1.06368, 1.90822, 1.6000000000000001, 1.5060500000000001, -1.9093800000000001, -1.5647200000000001, -0.43636000000000003]
obtacles: [[[0.6, 0.5, -1.0], [0.9, 0.6, 1.0]], [[0.6, -0.6, -1.0], [0.9, -0.5, 1.0]], [[0.6, -0.6, 0.9], [0.9, 0.6, 1.0]], [[0.6, -0.6, -1.0], [0.9, 0.6, -0.9]], [[0.6, -0.6, 0.5], [0.9, 0.6, 0.6]], [[0.6, -0.6, -0.5], [0.9, 0.6, -0.4]], [[0.6, 0.1, 0.6], [0.9, 0.2, 1.0]], [[0.6, -0.1, -0.5], [0.9, 0.0, 0.6]], [[0.6, -0.3, -1.0], [0.9, -0.2, -0.4]]]
start: [-2.2333799999999999, -1.97052, 1.5, 1.45886, -1.16571, 1.5495099999999999, -2.6096599999999999]
tajectories: [[-2.23338, -1.97052, 1.5, 1.45886, -1.16571, 1.54951, -2.60966], [-2.09441, -1.77664, 1.52454, 1.63804, -1.23276, 1.23682, -2.36859], [-1.95544, -1.58277, 1.54908, 1.81723, -1.29981, 0.92412, -2.12752], [-1.81647, -1.38889, 1.57362, 1.99641, -1.36686, 0.61142, -1.88645], [-1.6775, -1.19501, 1.59816, 2.17559, -1.43391, 0.29873, -1.64538], [-1.53853, -1.00114, 1.6227, 2.35478, -1.50095, -0.01397, -1.4043], [-1.39955, -0.80726, 1.64724, 2.53396, -1.568, -0.32667, -1.16323], [-1.26058, -0.61338, 1.67179, 2.71314, -1.63505, -0.63936, -0.92216], [-1.19181, -0.51745, 1.68393, 2.80181, -1.66823, -0.7941, -0.80287], [-1.30393, -0.55066, 1.79004, 2.37843, -1.8534, -0.90027, -0.81903], [-1.41605, -0.58387, 1.89615, 1.95506, -2.03857, -1.00645, -0.83519], [-1.52816, -0.61708, 2.00226, 1.53169, -2.22374, -1.11263, -0.85135], [-1.61835, -0.64379, 2.08761, 1.19112, -2.37269, -1.19804, -0.86434], [-1.80237, -0.30242, 1.93929, 0.9768, -2.35979, -1.21896, -1.0406], [-1.98639, 0.03895, 1.79097, 0.76248, -2.3469, -1.23989, -1.21685], [-2.1704, 0.38032, 1.64265, 0.54816, -2.334, -1.26081, -1.39311], [-2.35442, 0.7217, 1.49433, 0.33384, -2.32111, -1.28173, -1.56936], [-2.47527, 0.94588, 1.39692, 0.19309, -2.31264, -1.29547, -1.68511], [-2.15848, 0.89617, 1.41519, 0.3378, -2.03205, -1.27488, -1.46891], [-1.84169, 0.84646, 1.43345, 0.4825, -1.75146, -1.25429, -1.25271], [-1.5249, 0.79675, 1.45172, 0.62721, -1.47087, -1.2337, -1.0365], [-1.20811, 0.74704, 1.46998, 0.77192, -1.19028, -1.21311, -0.8203], [-0.89132, 0.69733, 1.48824, 0.91662, -0.90969, -1.19251, -0.6041]]
end: [-0.68742000000000003, 0.66534000000000004, 1.5, 1.00976, -0.72909000000000002, -1.17926, -0.46494000000000002]
obtacles: [[[0.6, 0.5, -1.0], [0.9, 0.6, 1.0]], [[0.6, -0.6, -1.0], [0.9, -0.5, 1.0]], [[0.6, -0.6, 0.9], [0.9, 0.6, 1.0]], [[0.6, -0.6, -1.0], [0.9, 0.6, -0.9]], [[0.6, -0.6, 0.5], [0.9, 0.6, 0.6]], [[0.6, -0.6, -0.5], [0.9, 0.6, -0.4]], [[0.6, 0.1, 0.6], [0.9, 0.2, 1.0]], [[0.6, -0.1, -0.5], [0.9, 0.0, 0.6]], [[0.6, -0.3, -1.0], [0.9, -0.2, -0.4]]]
start: [-2.5051399999999999, -1.4581299999999999, 1.5, 1.10361, -1.64002, 1.45716, -2.6665000000000001]
tajectories: [[-2.50514, -1.45813, 1.5, 1.10361, -1.64002, 1.45716, -2.6665], [-2.42728, -1.49626, 1.34069, 1.34943, -1.99997, 1.40269, -2.51111], [-2.34942, -1.5344, 1.18139, 1.59526, -2.35991, 1.34822, -2.35572], [-2.27156, -1.57253, 1.02208, 1.84108, -2.71986, 1.29375, -2.20033], [-2.1937, -1.61067, 0.86277, 2.08691, -3.0798, 1.23928, -2.04493], [-2.11583, -1.6488, 0.70347, 2.33274, -3.43975, 1.18481, -1.88954], [-2.03797, -1.68693, 0.54416, 2.57856, -3.79969, 1.13035, -1.73415], [-2.0009, -1.70509, 0.46831, 2.69561, -3.97108, 1.10441, -1.66016], [-1.98158, -1.34292, 0.65397, 2.42912, -4.0649, 1.08879, -1.5975], [-1.96227, -0.98075, 0.83964, 2.16263, -4.15871, 1.07317, -1.53484], [-1.94296, -0.61858, 1.0253, 1.89614, -4.25253, 1.05755, -1.47219], [-1.92421, -0.26701, 1.20553, 1.63745, -4.34359, 1.04239, -1.41136], [-1.84472, 0.14694, 1.23917, 1.78275, -4.17508, 0.89968, -1.37506], [-1.76522, 0.56089, 1.27281, 1.92806, -4.00657, 0.75697, -1.33876], [-1.68573, 0.97484, 1.30645, 2.07336, -3.83805, 0.61426, -1.30245], [-1.60624, 1.38879, 1.34009, 2.21867, -3.66954, 0.47155, -1.26615], [-1.52675, 1.80274, 1.37373, 2.36397, -3.50102, 0.32885, -1.22985], [-1.52174, 1.82884, 1.37585, 2.37313, -3.4904, 0.31985, -1.22756], [-1.41861, 1.83962, 1.42453, 2.20347, -3.20766, -0.01114, -1.0912], [-1.31549, 1.8504, 1.4732, 2.03381, -2.92491, -0.34213, -0.95484], [-1.21236, 1.86118, 1.52188, 1.86414, -2.64217, -0.67312, -0.81848], [-1.10923, 1.87197, 1.57055, 1.69448, -2.35942, -1.00411, -0.68212], [-1.00611, 1.88275, 1.61922, 1.52482, -2.07668, -1.3351, -0.54576]]
end: [-0.94089999999999996, 1.88957, 1.6499999999999999, 1.41754, -1.89791, -1.5443800000000001, -0.45954]
obtacles: [[[0.6, 0.5, -1.0], [0.9, 0.6, 1.0]], [[0.6, -0.6, -1.0], [0.9, -0.5, 1.0]], [[0.6, -0.6, 0.9], [0.9, 0.6, 1.0]], [[0.6, -0.6, -1.0], [0.9, 0.6, -0.9]], [[0.6, -0.6, 0.5], [0.9, 0.6, 0.6]], [[0.6, -0.6, -0.5], [0.9, 0.6, -0.4]], [[0.6, 0.1, 0.6], [0.9, 0.2, 1.0]], [[0.6, -0.1, -0.5], [0.9, 0.0, 0.6]], [[0.6, -0.3, -1.0], [0.9, -0.2, -0.4]]]
start: [-0.48096, 1.3485100000000001, 1.6000000000000001, 0.45051999999999998, -1.4987600000000001, -1.3583400000000001, 0.01951]
tajectories: [[-0.48096, 1.34851, 1.6, 0.45052, -1.49876, -1.35834, 0.01951], [-0.51829, 1.41093, 1.43142, 0.58801, -1.06712, -1.33281, 0.12158], [-0.55561, 1.47335, 1.26284, 0.72551, -0.63547, -1.30728, 0.22365], [-0.58538, 1.52313, 1.12837, 0.83518, -0.29116, -1.28691, 0.30507], [-0.67592, 1.59932, 1.3359, 1.00616, -0.17796, -1.14275, -0.05562], [-0.76646, 1.6755, 1.54343, 1.17715, -0.06476, -0.99859, -0.41631], [-0.85699, 1.75168, 1.75096, 1.34813, 0.04844, -0.85443, -0.77701], [-0.94753, 1.82787, 1.95849, 1.51911, 0.16165, -0.71028, -1.1377], [-0.96956, 1.8464, 2.00899, 1.56072, 0.1892, -0.6752, -1.22547], [-1.12769, 1.71449, 1.92137, 1.77389, -0.1845, -0.60211, -1.32283], [-1.28582, 1.58257, 1.83375, 1.98707, -0.5582, -0.52903, -1.42019], [-1.44395, 1.45065, 1.74613, 2.20025, -0.9319, -0.45594, -1.51754], [-1.57835, 1.33854, 1.67167, 2.38142, -1.24951, -0.39383, -1.60029], [-1.51732, 1.40863, 1.8493, 2.33739, -1.37232, -0.36638, -2.03851], [-1.45629, 1.47873, 2.02692, 2.29336, -1.49512, -0.33892, -2.47673], [-1.4323, 1.50628, 2.09675, 2.27605, -1.5434, -0.32813, -2.649], [-1.05516, 1.24683, 2.08091, 2.22524, -1.46192, -0.50256, -2.67256], [-0.67802, 0.98739, 2.06506, 2.17443, -1.38045, -0.677, -2.69612], [-0.30741, 0.73243, 2.04949, 2.1245, -1.30038, -0.84841, -2.71928], [-0.06382, 1.03783, 2.12154, 2.30751, -1.3174, -1.08625, -2.7623], [0.15073, 1.30684, 2.185, 2.4687, -1.33239, -1.29573, -2.80021], [0.15773, 1.47006, 2.04211, 2.19822, -1.49063, -1.35986, -2.48306], [0.16473, 1.63327, 1.89921, 1.92775, -1.64887, -1.42399, -2.16591], [0.17172, 1.79649, 1.75632, 1.65727, -1.80711, -1.48812, -1.84877]]
end: [0.17693, 1.9179299999999999, 1.6499999999999999, 1.4560299999999999, -1.9248400000000001, -1.5358400000000001, -1.6128100000000001]
obtacles: [[[0.6, 0.5, -1.0], [0.9, 0.6, 1.0]], [[0.6, -0.6, -1.0], [0.9, -0.5, 1.0]], [[0.6, -0.6, 0.9], [0.9, 0.6, 1.0]], [[0.6, -0.6, -1.0], [0.9, 0.6, -0.9]], [[0.6, -0.6, 0.5], [0.9, 0.6, 0.6]], [[0.6, -0.6, -0.5], [0.9, 0.6, -0.4]], [[0.6, 0.1, 0.6], [0.9, 0.2, 1.0]], [[0.6, -0.1, -0.5], [0.9, 0.0, 0.6]], [[0.6, -0.3, -1.0], [0.9, -0.2, -0.4]]]
start: [-2.3418899999999998, -1.95926, 1.6499999999999999, 1.8444, -1.1759599999999999, 1.53895, -2.0876800000000002]
tajectories: [[-2.34189, -1.95926, 1.65, 1.8444, -1.17596, 1.53895, -2.08768], [-2.12124, -1.76752, 1.81008, 2.05515, -1.36068, 1.29585, -2.05188], [-1.90058, -1.57578, 1.97016, 2.26591, -1.5454, 1.05274, -2.01609], [-1.67992, -1.38404, 2.13024, 2.47667, -1.73011, 0.80964, -1.9803], [-1.51716, -1.2426, 2.24833, 2.63213, -1.86637, 0.63032, -1.95389], [-1.68129, -0.97722, 2.30344, 2.61585, -1.72602, 0.60684, -1.59462], [-1.84543, -0.71183, 2.35855, 2.59957, -1.58568, 0.58336, -1.23534], [-2.00956, -0.44645, 2.41366, 2.58328, -1.44533, 0.55988, -0.87606], [-2.17369, -0.18106, 2.46877, 2.567, -1.30499, 0.5364, -0.51678], [-2.2225, -0.10215, 2.48516, 2.56216, -1.26326, 0.52942, -0.40996], [-2.16913, 0.12183, 2.34266, 2.33816, -1.01482, 0.27742, -0.44569], [-2.11577, 0.34582, 2.20016, 2.11416, -0.76639, 0.02541, -0.48142], [-2.06241, 0.56981, 2.05766, 1.89016, -0.51796, -0.22659, -0.51715], [-2.01887, 0.75255, 1.9414, 1.7074, -0.31527, -0.43219, -0.5463], [-1.65139, 0.74815, 1.85381, 1.5186, -0.46665, -0.65202, -0.52657], [-1.28392, 0.74375, 1.76622, 1.32981, -0.61802, -0.87185, -0.50685], [-0.91645, 0.73935, 1.67863, 1.14101, -0.7694, -1.09167, -0.48712]]
end: [-0.79634000000000005, 0.73790999999999995, 1.6499999999999999, 1.0792999999999999, -0.81888000000000005, -1.1635200000000001, -0.48068]
