obtacles: [[[0.6, 0.5, -1.0], [0.9, 0.6, 1.0]], [[0.6, -0.6, -1.0], [0.9, -0.5, 1.0]], [[0.6, -0.6, 0.9], [0.9, 0.6, 1.0]], [[0.6, -0.6, -1.0], [0.9, 0.6, -0.9]], [[0.6, -0.6, 0.3], [0.9, 0.6, 0.4]], [[0.6, -0.6, -0.5], [0.9, 0.6, -0.4]], [[0.6, 0.0, 0.4], [0.9, 0.1, 1.0]], [[0.6, -0.3, -0.5], [0.9, -0.2, 0.4]], [[0.6, -0.1, -1.0], [0.9, 0.0, -0.4]]]
start: [0.42509000000000002, 1.75834, -1.6000000000000001, 1.6173599999999999, -1.38469, 1.53345, -1.95556]
tajectories: [[0.42509, 1.75834, -1.6, 1.61736, -1.38469, 1.53345, -1.95556]]
end: [0.30762, 1.7660100000000001, -1.6499999999999999, 1.3292299999999999, -1.36229, 1.54183, -2.1307700000000001]
obtacles: [[[0.6, 0.5, -1.0], [0.9, 0.6, 1.0]], [[0.6, -0.6, -1.0], [0.9, -0.5, 1.0]], [[0.6, -0.6, 0.9], [0.9, 0.6, 1.0]], [[0.6, -0.6, -1.0], [0.9, 0.6, -0.9]], [[0.6, -0.6, 0.3], [0.9, 0.6, 0.4]], [[0.6, -0.6, -0.5], [0.9, 0.6, -0.4]], [[0.6, 0.0, 0.4], [0.9, 0.1, 1.0]], [[0.6, -0.3, -0.5], [0.9, -0.2, 0.4]], [[0.6, -0.1, -1.0], [0.9, 0.0, -0.4]]]
start: [1.10205, 1.94936, -1.55, 1.6648099999999999, -1.1919900000000001, 1.5553399999999999, -2.5778099999999999]
tajectories: [[1.10205, 1.94936, -1.55, 1.66481, -1.19199, 1.55534, -2.57781], [1.06056, 1.71049, -1.31377, 1.71568, -0.86053, 1.46122, -2.45906], [1.01908, 1.47162, -1.07754, 1.76656, -0.52907, 1.36711, -2.3403], [0.9776, 1.23274, -0.84131, 1.81744, -0.19761, 1.27299, -2.22154], [0.93611, 0.99387, -0.60508, 1.86832, 0.13385, 1.17888, -2.10279], [0.89463, 0.755, -0.36886, 1.91919, 0.46531, 1.08476, -1.98403], [0.85314, 0.51612, -0.13263, 1.97007, 0.79677, 0.99065, -1.86528], [0.82793, 0.37096, 0.01093, 2.00099, 0.9982, 0.93345, -1.79311], [0.93582, 0.13932, 0.0984, 1.88236, 0.86409, 0.55398, -1.82469], [1.0437, -0.09231, 0.18587, 1.76373, 0.72998, 0.1745, -1.85628], [1.15159, -0.32395, 0.27334, 1.6451, 0.59587, -0.20497, -1.88786], [1.25947, -0.55558, 0.36081, 1.52647, 0.46177, -0.58444, -1.91945], [1.27142, -0.58125, 0.3705, 1.51332, 0.4469, -0.62649, -1.92295], [1.43667, -0.63834, 0.06673, 1.45015, 0.21819, -0.73187, -1.6785], [1.60192, -0.69543, -0.23704, 1.38698, -0.01052, -0.83725, -1.43406], [1.76717, -0.75252, -0.5408, 1.32381, -0.23923, -0.94264, -1.18961], [1.93242, -0.80961, -0.84457, 1.26064, -0.46794, -1.04802, -0.94516], [2.09767, -0.8667, -1.14834, 1.19747, -0.69666, -1.1534, -0.70072], [2.26292, -0.92379, -1.4521, 1.1343, -0.92537, -1.25878, -0.45627]]
end: [2.3161700000000001, -0.94218999999999997, -1.55, 1.11395, -0.99907999999999997, -1.29274, -0.37748999999999999]
obtacles: [[[0.6, 0.5, -1.0], [0.9, 0.6, 1.0]], [[0.6, -0.6, -1.0], [0.9, -0.5, 1.0]], [[0.6, -0.6, 0.9], [0.9, 0.6, 1.0]], [[0.6, -0.6, -1.0], [0.9, 0.6, -0.9]], [[0.6, -0.6, 0.3], [0.9, 0.6, 0.4]], [[0.6, -0.6, -0.5], [0.9, 0.6, -0.4]], [[0.6, 0.0, 0.4], [0.9, 0.1, 1.0]], [[0.6, -0.3, -0.5], [0.9, -0.2, 0.4]], [[0.6, -0.1, -1.0], [0.9, 0.0, -0.4]]]
start: [0.96499000000000001, 1.6229899999999999, -1.6000000000000001, 1.1085700000000001, -1.5110600000000001, 1.56796, -2.9988600000000001]
tajectories: [[0.96499, 1.62299, -1.6, 1.10857, -1.51106, 1.56796, -2.99886], [0.93051, 1.65913, -1.41694, 1.30219, -1.77358, 1.25461, -2.9019], [0.89604, 1.69527, -1.23387, 1.49582, -2.0361, 0.94126, -2.80495], [0.86722, 1.72548, -1.08086, 1.65766, -2.25554, 0.67934, -2.72392], [1.0841, 1.61721, -1.20556, 1.84634, -2.29945, 0.41284, -2.46479], [1.30097, 1.50894, -1.33026, 2.03501, -2.34337, 0.14634, -2.20567], [1.51784, 1.40068, -1.45497, 2.22368, -2.38729, -0.12016, -1.94655], [1.73472, 1.29241, -1.57967, 2.41236, -2.43121, -0.38666, -1.68743], [1.95159, 1.18414, -1.70438, 2.60103, -2.47512, -0.65315, -1.4283], [2.02275, 1.14861, -1.7453, 2.66294, -2.48953, -0.7406, -1.34328], [1.64484, 1.12571, -1.93061, 2.60377, -2.65761, -0.88781, -1.48072], [1.26693, 1.10281, -2.11593, 2.5446, -2.8257, -1.03503, -1.61817], [0.88902, 1.07991, -2.30124, 2.48543, -2.99378, -1.18224, -1.75562], [0.5111, 1.05701, -2.48656, 2.42625, -3.16186, -1.32945, -1.89307], [0.30938, 1.04479, -2.58547, 2.39467, -3.25157, -1.40803, -1.96643], [0.28577, 1.01067, -2.43649, 2.15937, -3.08731, -1.03211, -2.01558], [0.26216, 0.97655, -2.28751, 1.92407, -2.92305, -0.65618, -2.06472], [0.23855, 0.94244, -2.13853, 1.68877, -2.75879, -0.28025, -2.11387], [0.21493, 0.90832, -1.98955, 1.45348, -2.59453, 0.09567, -2.16302], [0.19132, 0.8742, -1.84057, 1.21818, -2.43027, 0.4716, -2.21216], [0.16771, 0.84009, -1.69158, 0.98288, -2.26601, 0.84752, -2.26131]]
end: [0.15318999999999999, 0.81911, -1.6000000000000001, 0.83823000000000003, -2.1650299999999998, 1.0786199999999999, -2.2915199999999998]
obtacles: [[[0.6, 0.5, -1.0], [0.9, 0.6, 1.0]], [[0.6, -0.6, -1.0], [0.9, -0.5, 1.0]], [[0.6, -0.6, 0.9], [0.9, 0.6, 1.0]], [[0.6, -0.6, -1.0], [0.9, 0.6, -0.9]], [[0.6, -0.6, 0.3], [0.9, 0.6, 0.4]], [[0.6, -0.6, -0.5], [0.9, 0.6, -0.4]], [[0.6, 0.0, 0.4], [0.9, 0.1, 1.0]], [[0.6, -0.3, -0.5], [0.9, -0.2, 0.4]], [[0.6, -0.1, -1.0], [0.9, 0.0, -0.4]]]
start: [0.97902, 1.9479900000000001, -1.8, 1.8795599999999999, -4.4057199999999996, -1.25227, 0.80696999999999997]
tajectories: [[0.97902, 1.94799, -1.8, 1.87956, -4.40572, -1.25227, 0.80697], [1.21124, 1.86787, -1.75307, 1.79999, -4.16815, -1.23522, 0.45427], [1.44346, 1.78775, -1.70614, 1.72043, -3.93059, -1.21816, 0.10157], [1.67568, 1.70763, -1.65921, 1.64086, -3.69302, -1.20111, -0.25112], [1.9079, 1.62751, -1.61228, 1.5613, -3.45546, -1.18406, -0.60382], [2.14012, 1.54739, -1.56535, 1.48173, -3.21789, -1.167, -0.95651], [2.35425, 1.47351, -1.52207, 1.40836, -2.99883, -1.15127, -1.28174], [2.40222, 1.38002, -1.24863, 1.44186, -2.78852, -1.2502, -1.61196], [2.45019, 1.28653, -0.9752, 1.47535, -2.5782, -1.34912, -1.94219], [2.49816, 1.19304, -0.70176, 1.50884, -2.36788, -1.44804, -2.27242], [2.54179, 1.10802, -0.45306, 1.5393, -2.17659, -1.53801, -2.57276], [2.41176, 0.85158, -0.47454, 1.63964, -1.85825, -1.43554, -2.36073], [2.28172, 0.59515, -0.49601, 1.73998, -1.5399, -1.33307, -2.14869], [2.15169, 0.33872, -0.51749, 1.84032, -1.22155, -1.2306, -1.93666], [2.02166, 0.08228, -0.53896, 1.94066, -0.9032, -1.12813, -1.72462], [1.89163, -0.17415, -0.56044, 2.041, -0.58486, -1.02566, -1.51259], [1.76159, -0.43058, -0.58191, 2.14134, -0.26651, -0.92319, -1.30055], [1.63156, -0.68702, -0.60339, 2.24168, 0.05184, -0.82072, -1.08852], [1.56985, -0.80872, -0.61358, 2.2893, 0.20293, -0.77208, -0.98788], [1.677, -0.84423, -0.85554, 2.03264, -0.02126, -0.90573, -0.77642], [1.78416, -0.87973, -1.0975, 1.77597, -0.24545, -1.03937, -0.56496], [1.89132, -0.91524, -1.33945, 1.51931, -0.46964, -1.17302, -0.3535], [1.99848, -0.95074, -1.58141, 1.26265, -0.69383, -1.30666, -0.14204], [2.10564, -0.98625, -1.82336, 1.00599, -0.91802, -1.44031, 0.06942]]
end: [2.1174300000000001, -0.99016000000000004, -1.8500000000000001, 0.97772999999999999, -0.94269999999999998, -1.45502, 0.092700000000000005]
obtacles: [[[0.6, 0.5, -1.0], [0.9, 0.6, 1.0]], [[0.6, -0.6, -1.0], [0.9, -0.5, 1.0]], [[0.6, -0.6, 0.9], [0.9, 0.6, 1.0]], [[0.6, -0.6, -1.0], [0.9, 0.6, -0.9]], [[0.6, -0.6, 0.3], [0.9, 0.6, 0.4]], [[0.6, -0.6, -0.5], [0.9, 0.6, -0.4]], [[0.6, 0.0, 0.4], [0.9, 0.1, 1.0]], [[0.6, -0.3, -0.5], [0.9, -0.2, 0.4]], [[0.6, -0.1, -1.0], [0.9, 0.0, -0.4]]]
start: [0.83987999999999996, 1.78637, -1.8500000000000001, 1.4472100000000001, -1.31511, 1.32762, -2.5960800000000002]
tajectories: [[0.83988, 1.78637, -1.85, 1.44721, -1.31511, 1.32762, -2.59608], [0.92896, 1.8058, -1.67108, 1.52296, -0.95964, 1.39294, -2.32532], [1.01804, 1.82523, -1.49216, 1.5987, -0.60417, 1.45827, -2.05456], [1.10712, 1.84466, -1.31324, 1.67445, -0.2487, 1.5236, -1.7838], [1.14398, 1.8527, -1.23919, 1.70579, -0.10159, 1.55063, -1.67175], [1.28411, 1.65174, -1.3834, 1.86164, -0.47146, 1.54382, -1.58203], [1.42424, 1.45079, -1.5276, 2.01749, -0.84132, 1.53701, -1.49232], [1.56436, 1.24983, -1.6718, 2.17334, -1.21119, 1.53019, -1.4026], [1.70449, 1.04887, -1.816, 2.32919, -1.58106, 1.52338, -1.31289], [1.84462, 0.84791, -1.9602, 2.48505, -1.95092, 1.51656, -1.22317], [1.8925, 0.77924, -2.00948, 2.5383, -2.07732, 1.51424, -1.19251], [1.60459, 0.61745, -1.92367, 2.40245, -2.30754, 1.37433, -1.39876], [1.31668, 0.45567, -1.83786, 2.2666, -2.53777, 1.23443, -1.60501], [1.02878, 0.29389, -1.75206, 2.13075, -2.768, 1.09453, -1.81127], [0.74087, 0.13211, -1.66625, 1.9949, -2.99823, 0.95463, -2.01752], [0.63365, 0.07186, -1.63429, 1.9443, -3.08396, 0.90253, -2.09433], [0.43741, 0.29095, -1.68807, 1.67066, -2.79431, 0.92305, -2.05698], [0.24117, 0.51005, -1.74184, 1.39702, -2.50465, 0.94358, -2.01963], [0.04494, 0.72914, -1.79561, 1.12338, -2.21499, 0.9641, -1.98227], [-0.1513, 0.94824, -1.84939, 0.84974, -1.92534, 0.98463, -1.94492]]
end: [-0.15353, 0.95072999999999996, -1.8500000000000001, 0.84662999999999999, -1.92204, 0.98485999999999996, -1.9444999999999999]
obtacles: [[[0.6, 0.5, -1.0], [0.9, 0.6, 1.0]], [[0.6, -0.6, -1.0], [0.9, -0.5, 1.0]], [[0.6, -0.6, 0.9], [0.9, 0.6, 1.0]], [[0.6, -0.6, -1.0], [0.9, 0.6, -0.9]], [[0.6, -0.6, 0.3], [0.9, 0.6, 0.4]], [[0.6, -0.6, -0.5], [0.9, 0.6, -0.4]], [[0.6, 0.0, 0.4], [0.9, 0.1, 1.0]], [[0.6, -0.3, -0.5], [0.9, -0.2, 0.4]], [[0.6, -0.1, -1.0], [0.9, 0.0, -0.4]]]
start: [1.10805, 1.9208700000000001, -1.6000000000000001, 1.4947999999999999, -1.21956, 1.5694900000000001, -2.76024]
tajectories: [[1.10805, 1.92087, -1.6, 1.4948, -1.21956, 1.56949, -2.76024], [1.13945, 1.92908, -1.73856, 1.71143, -1.5558, 1.34078, -2.62811], [1.17086, 1.9373, -1.87712, 1.92806, -1.89203, 1.11208, -2.49598], [1.20227, 1.94552, -2.01568, 2.1447, -2.22827, 0.88337, -2.36386], [1.23368, 1.95373, -2.15424, 2.36133, -2.5645, 0.65467, -2.23173], [1.26508, 1.96195, -2.29281, 2.57796, -2.90074, 0.42596, -2.0996], [1.29649, 1.97016, -2.43137, 2.79459, -3.23697, 0.19726, -1.96747], [1.30431, 1.97221, -2.46585, 2.84851, -3.32066, 0.14034, -1.93459], [1.32294, 1.64068, -2.52944, 2.73626, -3.36006, 0.34098, -2.2197], [1.34156, 1.30915, -2.59302, 2.62401, -3.39946, 0.54163, -2.50481], [1.36019, 0.97761, -2.6566, 2.51176, -3.43885, 0.74227, -2.78991], [1.37233, 0.76155, -2.69803, 2.4386, -3.46453, 0.87303, -2.97572], [1.1292, 0.78628, -2.49956, 2.19768, -3.23248, 0.94412, -2.79148], [0.88608, 0.81101, -2.30109, 1.95675, -3.00044, 1.0152, -2.60725], [0.64295, 0.83574, -2.10262, 1.71583, -2.76839, 1.08629, -2.42301], [0.39983, 0.86047, -1.90415, 1.4749, -2.53634, 1.15738, -2.23877], [0.1567, 0.8852, -1.70568, 1.23398, -2.3043, 1.22847, -2.05453]]
end: [0.02724, 0.89837, -1.6000000000000001, 1.10568, -2.1807300000000001, 1.2663199999999999, -1.95642]
obtacles: [[[0.6, 0.5, -1.0], [0.9, 0.6, 1.0]], [[0.6, -0.6, -1.0], [0.9, -0.5, 1.0]], [[0.6, -0.6, 0.9], [0.9, 0.6, 1.0]], [[0.6, -0.6, -1.0], [0.9, 0.6, -0.9]], [[0.6, -0.6, 0.3], [0.9, 0.6, 0.4]], [[0.6, -0.6, -0.5], [0.9, 0.6, -0.4]], [[0.6, 0.0, 0.4], [0.9, 0.1, 1.0]], [[0.6, -0.3, -0.5], [0.9, -0.2, 0.4]], [[0.6, -0.1, -1.0], [0.9, 0.0, -0.4]]]
start: [0.84689999999999999, 1.8563099999999999, -1.6000000000000001, 1.59981, -1.28607, 1.53461, -2.3980700000000001]
tajectories: [[0.8469, 1.85631, -1.6, 1.59981, -1.28607, 1.53461, -2.39807], [0.79437, 1.62694, -1.37081, 1.77915, -1.36131, 1.2638, -2.57397], [0.74183, 1.39757, -1.14163, 1.95849, -1.43656, 0.99299, -2.74987], [0.69051, 1.17353, -0.91775, 2.13367, -1.51006, 0.72846, -2.9217], [0.79009, 0.73605, -1.04273, 2.26235, -1.55367, 0.61025, -2.89633], [0.88967, 0.29857, -1.16771, 2.39103, -1.59728, 0.49205, -2.87096], [0.96869, -0.04854, -1.26687, 2.49313, -1.63188, 0.39826, -2.85084], [0.74115, 0.13396, -1.33166, 2.17336, -1.72352, 0.5392, -2.67702], [0.51362, 0.31647, -1.39644, 1.85359, -1.81516, 0.68013, -2.50321], [0.28609, 0.49897, -1.46123, 1.53382, -1.9068, 0.82107, -2.3294], [0.05856, 0.68147, -1.52601, 1.21405, -1.99844, 0.962, -2.15558], [-0.16897, 0.86398, -1.5908, 0.89427, -2.09007, 1.10294, -1.98177]]
end: [-0.20129, 0.88990000000000002, -1.6000000000000001, 0.84885999999999995, -2.1030899999999999, 1.1229499999999999, -1.95709]
obtacles: [[[0.6, 0.5, -1.0], [0.9, 0.6, 1.0]], [[0.6, -0.6, -1.0], [0.9, -0.5, 1.0]], [[0.6, -0.6, 0.9], [0.9, 0.6, 1.0]], [[0.6, -0.6, -1.0], [0.9, 0.6, -0.9]], [[0.6, -0.6, 0.3], [0.9, 0.6, 0.4]], [[0.6, -0.6, -0.5], [0.9, 0.6, -0.4]], [[0.6, 0.0, 0.4], [0.9, 0.1, 1.0]], [[0.6, -0.3, -0.5], [0.9, -0.2, 0.4]], [[0.6, -0.1, -1.0], [0.9, 0.0, -0.4]]]
start: [1.11158, 1.70042, -1.6000000000000001, 1.7415400000000001, -1.44787, 1.5202800000000001, -2.5166400000000002]
tajectories: [[1.11158, 1.70042, -1.6, 1.74154, -1.44787, 1.52028, -2.51664], [1.04628, 1.58054, -1.2996, 1.82614, -1.10111, 1.40379, -2.52893], [0.98098, 1.46067, -0.99919, 1.91073, -0.75434, 1.2873, -2.54121], [0.91569, 1.34079, -0.69879, 1.99533, -0.40758, 1.17082, -2.5535], [0.85039, 1.22092, -0.39838, 2.07992, -0.06081, 1.05433, -2.56579], [0.78509, 1.10104, -0.09798, 2.16452, 0.28596, 0.93784, -2.57808], [0.71979, 0.98117, 0.20243, 2.24911, 0.63272, 0.82136, -2.59037], [0.65449, 0.86129, 0.50283, 2.33371, 0.97949, 0.70487, -2.60266], [0.64112, 0.83674, 0.56437, 2.35103, 1.05052, 0.68101, -2.60518], [0.46335, 0.65362, 0.43285, 2.35632, 0.65809, 0.63284, -2.49923], [0.28559, 0.4705, 0.30134, 2.36161, 0.26566, 0.58468, -2.39327], [0.10783, 0.28739, 0.16983, 2.3669, -0.12676, 0.53652, -2.28731], [-0.06994, 0.10427, 0.03832, 2.37219, -0.51919, 0.48835, -2.18136], [-0.2477, -0.07884, -0.09319, 2.37748, -0.91161, 0.44019, -2.0754], [-0.42547, -0.26196, -0.2247, 2.38276, -1.30404, 0.39202, -1.96944], [-0.60323, -0.44508, -0.35622, 2.38805, -1.69647, 0.34386, -1.86349], [-0.62937, -0.472, -0.37555, 2.38883, -1.75417, 0.33678, -1.84791], [-0.53381, -0.21433, -0.60591, 2.07919, -1.80961, 0.4759, -1.90364], [-0.43824, 0.04334, -0.83627, 1.76956, -1.86505, 0.61502, -1.95937], [-0.34268, 0.30101, -1.06662, 1.45992, -1.92049, 0.75415, -2.0151], [-0.24711, 0.55868, -1.29698, 1.15028, -1.97593, 0.89327, -2.07083], [-0.15155, 0.81635, -1.52733, 0.84064, -2.03137, 1.03239, -2.12656]]
end: [-0.12139999999999999, 0.89763000000000004, -1.6000000000000001, 0.74297000000000002, -2.0488599999999999, 1.0762799999999999, -2.1441400000000002]
obtacles: [[[0.6, 0.5, -1.0], [0.9, 0.6, 1.0]], [[0.6, -0.6, -1.0], [0.9, -0.5, 1.0]], [[0.6, -0.6, 0.9], [0.9, 0.6, 1.0]], [[0.6, -0.6, -1.0], [0.9, 0.6, -0.9]], [[0.6, -0.6, 0.3], [0.9, 0.6, 0.4]], [[0.6, -0.6, -0.5], [0.9, 0.6, -0.4]], [[0.6, 0.0, 0.4], [0.9, 0.1, 1.0]], [[0.6, -0.3, -0.5], [0.9, -0.2, 0.4]], [[0.6, -0.1, -1.0], [0.9, 0.0, -0.4]]]
start: [0.82303999999999999, 1.9666699999999999, -1.55, 1.6595500000000001, -1.1746799999999999, 1.5557300000000001, -2.3039399999999999]
tajectories: [[0.82304, 1.96667, -1.55, 1.65955, -1.17468, 1.55573, -2.30394], [0.84837, 1.70485, -1.47759, 1.8842, -1.20914, 1.28423, -2.52799], [0.87369, 1.44303, -1.40518, 2.10885, -1.2436, 1.01273, -2.75203], [0.89869, 1.18454, -1.3337, 2.33064, -1.27763, 0.74468, -2.97323], [1.03969, 1.08625, -1.68176, 2.46806, -1.49985, 0.85381, -2.83489], [1.18068, 0.98796, -2.02982, 2.60548, -1.72208, 0.96293, -2.69656], [1.31872, 0.89173, -2.37059, 2.74003, -1.93965, 1.06977, -2.56112], [1.04054, 0.8863, -2.19427, 2.39889, -2.0034, 1.12345, -2.4263], [0.76236, 0.88087, -2.01794, 2.05776, -2.06716, 1.17712, -2.29147], [0.48418, 0.87544, -1.84162, 1.71663, -2.13091, 1.23079, -2.15665], [0.206, 0.87001, -1.6653, 1.37549, -2.19467, 1.28447, -2.02183]]
end: [0.02409, 0.86646000000000001, -1.55, 1.15242, -2.2363599999999999, 1.3195699999999999, -1.93367]
obtacles: [[[0.6, 0.5, -1.0], [0.9, 0.6, 1.0]], [[0.6, -0.6, -1.0], [0.9, -0.5, 1.0]], [[0.6, -0.6, 0.9], [0.9, 0.6, 1.0]], [[0.6, -0.6, -1.0], [0.9, 0.6, -0.9]], [[0.6, -0.6, 0.3], [0.9, 0.6, 0.4]], [[0.6, -0.6, -0.5], [0.9, 0.6, -0.4]], [[0.6, 0.0, 0.4], [0.9, 0.1, 1.0]], [[0.6, -0.3, -0.5], [0.9, -0.2, 0.4]], [[0.6, -0.1, -1.0], [0.9, 0.0, -0.4]]]
start: [0.19522, 0.71231, -1.55, 0.95574000000000003, -2.33474, 1.1311599999999999, -2.21157]
tajectories: [[0.19522, 0.71231, -1.55, 0.95574, -2.33474, 1.13116, -2.21157], [0.31511, 0.82809, -1.77318, 1.32614, -2.5092, 1.13766, -2.28039], [0.435, 0.94386, -1.99637, 1.69654, -2.68366, 1.14416, -2.3492], [0.5549, 1.05964, -2.21955, 2.06694, -2.85812, 1.15066, -2.41802], [0.67479, 1.17541, -2.44274, 2.43735, -3.03259, 1.15716, -2.48683], [0.78963, 1.28631, -2.65651, 2.79214, -3.1997, 1.16339, -2.55275], [0.79773, 1.37871, -2.25611, 2.76229, -3.14928, 1.19156, -2.27554], [0.80583, 1.47112, -1.85571, 2.73244, -3.09886, 1.21974, -1.99833], [0.81393, 1.56352, -1.4553, 2.70259, -3.04844, 1.24791, -1.72111], [0.82203, 1.65592, -1.0549, 2.67274, -2.99802, 1.27609, -1.4439], [0.83013, 1.74832, -0.65449, 2.6429, -2.94761, 1.30427, -1.16669], [0.83128, 1.76143, -0.59772, 2.63866, -2.94046, 1.30826, -1.12739], [0.88097, 1.79409, -0.78671, 2.47452, -2.59912, 1.34765, -1.38378], [0.93066, 1.82675, -0.97571, 2.31037, -2.25778, 1.38705, -1.64017], [0.98035, 1.85941, -1.1647, 2.14622, -1.91645, 1.42644, -1.89657], [1.03005, 1.89208, -1.3537, 1.98208, -1.57511, 1.46583, -2.15296], [1.07974, 1.92474, -1.5427, 1.81793, -1.23377, 1.50523, -2.40936]]
end: [1.0816600000000001, 1.9259999999999999, -1.55, 1.81159, -1.22058, 1.50675, -2.41927]
obtacles: [[[0.6, 0.5, -1.0], [0.9, 0.6, 1.0]], [[0.6, -0.6, -1.0], [0.9, -0.5, 1.0]], [[0.6, -0.6, 0.9], [0.9, 0.6, 1.0]], [[0.6, -0.6, -1.0], [0.9, 0.6, -0.9]], [[0.6, -0.6, 0.3], [0.9, 0.6, 0.4]], [[0.6, -0.6, -0.5], [0.9, 0.6, -0.4]], [[0.6, 0.0, 0.4], [0.9, 0.1, 1.0]], [[0.6, -0.3, -0.5], [0.9, -0.2, 0.4]], [[0.6, -0.1, -1.0], [0.9, 0.0, -0.4]]]
start: [0.4995, 1.64564, -1.6499999999999999, 1.71574, -1.5079100000000001, 1.4818100000000001, -1.9311199999999999]
tajectories: [[0.4995, 1.64564, -1.65, 1.71574, -1.50791, 1.48181, -1.93112], [0.74059, 1.48436, -1.32576, 1.68817, -1.3353, 1.4992, -1.75827], [0.98167, 1.32308, -1.00151, 1.66061, -1.16269, 1.5166, -1.58543], [1.22275, 1.1618, -0.67727, 1.63304, -0.99008, 1.53399, -1.41258], [1.46384, 1.00052, -0.35303, 1.60547, -0.81747, 1.55138, -1.23973], [1.62238, 0.89446, -0.1398, 1.58734, -0.70396, 1.56282, -1.12606], [1.91897, 0.90472, -0.38503, 1.71266, -0.64185, 1.3209, -0.97211], [2.21556, 0.91498, -0.63027, 1.83797, -0.57975, 1.07898, -0.81816], [2.51216, 0.92523, -0.87551, 1.96328, -0.51764, 0.83706, -0.66421], [2.51956, 0.92549, -0.88163, 1.96641, -0.51609, 0.83102, -0.66037], [2.46484, 0.72404, -0.9815, 1.8608, -0.6005, 0.61075, -1.02044], [2.41011, 0.52258, -1.08136, 1.75519, -0.68491, 0.39049, -1.38052], [2.35538, 0.32113, -1.18123, 1.64957, -0.76931, 0.17023, -1.74059], [2.30065, 0.11968, -1.28109, 1.54396, -0.85372, -0.05003, -2.10067], [2.24593, -0.08177, -1.38096, 1.43834, -0.93813, -0.2703, -2.46075], [2.23238, -0.13165, -1.40568, 1.4122, -0.95903, -0.32483, -2.54989], [1.9722, 0.07949, -1.45048, 1.37978, -1.16418, -0.02096, -2.5655], [1.71202, 0.29062, -1.49527, 1.34737, -1.36934, 0.28292, -2.58111], [1.45183, 0.50176, -1.54006, 1.31495, -1.57449, 0.58679, -2.59672], [1.19165, 0.71289, -1.58485, 1.28254, -1.77964, 0.89066, -2.61233], [0.93147, 0.92403, -1.62965, 1.25013, -1.9848, 1.19454, -2.62794]]
end: [0.81323999999999996, 1.01997, -1.6499999999999999, 1.2354000000000001, -2.07802, 1.3326199999999999, -2.63504]
obtacles: [[[0.6, 0.5, -1.0], [0.9, 0.6, 1.0]], [[0.6, -0.6, -1.0], [0.9, -0.5, 1.0]], [[0.6, -0.6, 0.9], [0.9, 0.6, 1.0]], [[0.6, -0.6, -1.0], [0.9, 0.6, -0.9]], [[0.6, -0.6, 0.3], [0.9, 0.6, 0.4]], [[0.6, -0.6, -0.5], [0.9, 0.6, -0.4]], [[0.6, 0.0, 0.4], [0.9, 0.1, 1.0]], [[0.6, -0.3, -0.5], [0.9, -0.2, 0.4]], [[0.6, -0.1, -1.0], [0.9, 0.0, -0.4]]]
start: [0.29730000000000001, 1.7986500000000001, -1.6499999999999999, 1.24973, -1.3298000000000001, 1.56894, -2.1984499999999998]
tajectories: [[0.2973, 1.79865, -1.65, 1.24973, -1.3298, 1.56894, -2.19845], [0.36428, 1.74548, -1.45023, 1.28824, -0.95004, 1.4752, -1.9787], [0.43126, 1.69232, -1.25046, 1.32675, -0.57028, 1.38145, -1.75895], [0.49824, 1.63915, -1.05068, 1.36526, -0.19053, 1.28771, -1.5392], [0.56522, 1.58599, -0.85091, 1.40377, 0.18923, 1.19396, -1.31945], [0.6322, 1.53282, -0.65114, 1.44228, 0.56899, 1.10022, -1.0997], [0.69919, 1.47965, -0.45137, 1.48079, 0.94875, 1.00648, -0.87995], [0.74712, 1.44161, -0.30841, 1.50835, 1.22052, 0.93939, -0.72269], [0.82089, 1.28978, -0.35181, 1.66369, 0.93197, 0.97612, -0.3897], [0.89465, 1.13795, -0.39521, 1.81903, 0.64343, 1.01286, -0.05671], [0.96842, 0.98612, -0.43861, 1.97438, 0.35488, 1.04959, 0.27629], [1.04219, 0.8343, -0.482, 2.12972, 0.06634, 1.08632, 0.60928], [1.11595, 0.68247, -0.5254, 2.28506, -0.22221, 1.12306, 0.94227], [1.18972, 0.53064, -0.5688, 2.44041, -0.51076, 1.15979, 1.27526], [1.26349, 0.37881, -0.6122, 2.59575, -0.7993, 1.19652, 1.60826], [1.28088, 0.343, -0.62244, 2.63239, -0.86736, 1.20519, 1.68679], [1.49805, 0.35266, -0.9256, 2.5822, -0.59395, 1.05566, 1.79265], [1.71522, 0.36233, -1.22877, 2.53201, -0.32054, 0.90613, 1.8985], [1.93239, 0.37199, -1.53194, 2.48183, -0.04713, 0.7566, 2.00436], [2.14956, 0.38165, -1.83511, 2.43164, 0.22627, 0.60707, 2.11021], [2.33384, 0.38985, -2.09236, 2.38905, 0.45828, 0.48019, 2.20004], [2.08904, 0.45753, -2.03356, 2.03822, 0.22412, 0.54165, 2.21856], [1.84424, 0.52522, -1.97475, 1.68738, -0.01003, 0.60312, 2.23709], [1.59945, 0.5929, -1.91594, 1.33655, -0.24418, 0.66458, 2.25561], [1.35465, 0.66058, -1.85713, 0.98571, -0.47834, 0.72605, 2.27414], [1.10985, 0.72827, -1.79833, 0.63488, -0.71249, 0.78751, 2.29266], [0.86505, 0.79595, -1.73952, 0.28404, -0.94665, 0.84898, 2.31118], [0.62026, 0.86363, -1.68071, -0.0668, -1.1808, 0.91044, 2.32971]]
end: [0.4924, 0.89898, -1.6499999999999999, -0.25002999999999997, -1.3030999999999999, 0.94255, 2.3393799999999998]
obtacles: [[[0.6, 0.5, -1.0], [0.9, 0.6, 1.0]], [[0.6, -0.6, -1.0], [0.9, -0.5, 1.0]], [[0.6, -0.6, 0.9], [0.9, 0.6, 1.0]], [[0.6, -0.6, -1.0], [0.9, 0.6, -0.9]], [[0.6, -0.6, 0.3], [0.9, 0.6, 0.4]], [[0.6, -0.6, -0.5], [0.9, 0.6, -0.4]], [[0.6, 0.0, 0.4], [0.9, 0.1, 1.0]], [[0.6, -0.3, -0.5], [0.9, -0.2, 0.4]], [[0.6, -0.1, -1.0], [0.9, 0.0, -0.4]]]
start: [0.89788000000000001, 1.73661, -1.6000000000000001, 1.67859, -4.5505100000000001, -1.5243899999999999, 0.77451999999999999]
tajectories: [[0.89788, 1.73661, -1.6, 1.67859, -4.55051, -1.52439, 0.77452], [0.9403, 1.53476, -1.32991, 1.81838, -4.23714, -1.49984, 0.64737], [0.98271, 1.33292, -1.05981, 1.95816, -3.92378, -1.47528, 0.52023], [1.02513, 1.13107, -0.78972, 2.09795, -3.61041, -1.45073, 0.39308], [1.06754, 0.92922, -0.51962, 2.23773, -3.29704, -1.42617, 0.26594], [1.10996, 0.72738, -0.24953, 2.37752, -2.98367, -1.40162, 0.13879], [1.13316, 0.61693, -0.10174, 2.45401, -2.8122, -1.38818, 0.06922], [1.0979, 0.28824, -0.21303, 2.43698, -2.89287, -1.06132, -0.05201], [1.06264, -0.04044, -0.32433, 2.41994, -2.97354, -0.73445, -0.17324], [1.02737, -0.36913, -0.43562, 2.40291, -3.05421, -0.40759, -0.29448], [0.99211, -0.69782, -0.54692, 2.38588, -3.13488, -0.08072, -0.41571], [0.95853, -1.01074, -0.65287, 2.36966, -3.21168, 0.23046, -0.53113], [0.81594, -0.68313, -0.85075, 2.37541, -3.11611, 0.45005, -0.69176], [0.67335, -0.35553, -1.04863, 2.38116, -3.02054, 0.66963, -0.8524], [0.53076, -0.02792, -1.2465, 2.38691, -2.92498, 0.88922, -1.01303], [0.42275, 0.22022, -1.39639, 2.39126, -2.85259, 1.05554, -1.1347], [0.2734, 0.37894, -1.44389, 2.02868, -2.67431, 1.07129, -1.32642], [0.12405, 0.53766, -1.49139, 1.66611, -2.49603, 1.08704, -1.51813], [-0.0253, 0.69637, -1.53889, 1.30353, -2.31775, 1.10278, -1.70984], [-0.17465, 0.85509, -1.58639, 0.94096, -2.13947, 1.11853, -1.90156]]
end: [-0.21743000000000001, 0.90056000000000003, -1.6000000000000001, 0.83709999999999996, -2.0884100000000001, 1.12304, -1.9564699999999999]
obtacles: [[[0.6, 0.5, -1.0], [0.9, 0.6, 1.0]], [[0.6, -0.6, -1.0], [0.9, -0.5, 1.0]], [[0.6, -0.6, 0.9], [0.9, 0.6, 1.0]], [[0.6, -0.6, -1.0], [0.9, 0.6, -0.9]], [[0.6, -0.6, 0.3], [0.9, 0.6, 0.4]], [[0.6, -0.6, -0.5], [0.9, 0.6, -0.4]], [[0.6, 0.0, 0.4], [0.9, 0.1, 1.0]], [[0.6, -0.3, -0.5], [0.9, -0.2, 0.4]], [[0.6, -0.1, -1.0], [0.9, 0.0, -0.4]]]
start: [2.6038600000000001, -0.91732999999999998, -2.2000000000000002, 0.88346000000000002, -0.69726999999999995, -1.54623, -0.13754]
tajectories: [[2.60386, -0.91733, -2.2, 0.88346, -0.69727, -1.54623, -0.13754], [2.39053, -0.88337, -2.00688, 0.78166, -0.72678, -1.50418, 0.25367], [2.17721, -0.84941, -1.81376, 0.67986, -0.75628, -1.46212, 0.64487], [1.96388, -0.81545, -1.62063, 0.57806, -0.78579, -1.42007, 1.03607], [1.75056, -0.78149, -1.42751, 0.47626, -0.8153, -1.37801, 1.42728], [1.53723, -0.74753, -1.23439, 0.37446, -0.84481, -1.33596, 1.81848], [1.32391, -0.71357, -1.04127, 0.27266, -0.87431, -1.2939, 2.20968], [1.19853, -0.69361, -0.92777, 0.21283, -0.89166, -1.26918, 2.4396], [1.21786, -0.67274, -0.67408, 0.36207, -1.03192, -1.08059, 2.11201], [1.23718, -0.65188, -0.42039, 0.51132, -1.17218, -0.89201, 1.78441], [1.25651, -0.63101, -0.1667, 0.66056, -1.31245, -0.70342, 1.45681], [1.27583, -0.61015, 0.08699, 0.8098, -1.45271, -0.51483, 1.12921], [1.29515, -0.58929, 0.34067, 0.95905, -1.59297, -0.32624, 0.80161], [1.31448, -0.56842, 0.59436, 1.10829, -1.73324, -0.13765, 0.47401], [1.32491, -0.55716, 0.73128, 1.18884, -1.80894, -0.03587, 0.29721], [1.34857, -0.27163, 0.68943, 1.43932, -1.72658, -0.17661, 0.02003], [1.37224, 0.01391, 0.64758, 1.6898, -1.64423, -0.31736, -0.25715], [1.3959, 0.29944, 0.60573, 1.94028, -1.56188, -0.4581, -0.53432], [1.41957, 0.58497, 0.56388, 2.19076, -1.47953, -0.59885, -0.8115], [1.42804, 0.68721, 0.54889, 2.28045, -1.45004, -0.64924, -0.91075], [1.36893, 0.83237, 0.22648, 2.33147, -1.63526, -0.45144, -1.12394], [1.30982, 0.97754, -0.09593, 2.38248, -1.82047, -0.25363, -1.33713], [1.25071, 1.1227, -0.41834, 2.4335, -2.00568, -0.05582, -1.55032], [1.1916, 1.26786, -0.74075, 2.48452, -2.1909, 0.14199, -1.76351], [1.13249, 1.41302, -1.06316, 2.53553, -2.37611, 0.3398, -1.9767], [1.09269, 1.51077, -1.28026, 2.56989, -2.50083, 0.473, -2.12026], [1.09585, 1.61072, -1.35384, 2.32496, -2.20042, 0.72487, -2.26486], [1.09901, 1.71067, -1.42742, 2.08003, -1.90001, 0.97675, -2.40946], [1.10217, 1.81062, -1.501, 1.8351, -1.5996, 1.22863, -2.55406], [1.10534, 1.91057, -1.57458, 1.59017, -1.29919, 1.4805, -2.69866]]
end: [1.10643, 1.9451000000000001, -1.6000000000000001, 1.5055700000000001, -1.1954199999999999, 1.56751, -2.7486100000000002]
obtacles: [[[0.6, 0.5, -1.0], [0.9, 0.6, 1.0]], [[0.6, -0.6, -1.0], [0.9, -0.5, 1.0]], [[0.6, -0.6, 0.9], [0.9, 0.6, 1.0]], [[0.6, -0.6, -1.0], [0.9, 0.6, -0.9]], [[0.6, -0.6, 0.3], [0.9, 0.6, 0.4]], [[0.6, -0.6, -0.5], [0.9, 0.6, -0.4]], [[0.6, 0.0, 0.4], [0.9, 0.1, 1.0]], [[0.6, -0.3, -0.5], [0.9, -0.2, 0.4]], [[0.6, -0.1, -1.0], [0.9, 0.0, -0.4]]]
start: [2.1079300000000001, -1.01935, -1.6000000000000001, 1.05531, -1.0681099999999999, -1.3319000000000001, -0.074999999999999997]
tajectories: [[2.10793, -1.01935, -1.6, 1.05531, -1.06811, -1.3319, -0.075], [2.04119, -1.01408, -1.28007, 1.13292, -1.35882, -1.24363, 0.13675], [1.97444, -1.00881, -0.96014, 1.21053, -1.64952, -1.15536, 0.34849], [1.9077, -1.00354, -0.64021, 1.28815, -1.94023, -1.06708, 0.56024], [1.84095, -0.99827, -0.32028, 1.36576, -2.23093, -0.97881, 0.77199], [1.77421, -0.993, -0.00035, 1.44338, -2.52164, -0.89054, 0.98373], [1.70746, -0.98773, 0.31958, 1.52099, -2.81235, -0.80227, 1.19548], [1.66161, -0.98411, 0.53937, 1.57431, -3.01205, -0.74163, 1.34095], [1.56542, -0.83492, 0.56378, 1.6476, -2.74936, -0.39006, 1.48207], [1.46923, -0.68572, 0.58819, 1.72088, -2.48667, -0.03849, 1.62319], [1.37304, -0.53653, 0.6126, 1.79417, -2.22398, 0.31308, 1.76431], [1.27686, -0.38734, 0.63701, 1.86746, -1.96129, 0.66465, 1.90543], [1.18067, -0.23815, 0.66141, 1.94075, -1.6986, 1.01622, 2.04655], [1.08448, -0.08896, 0.68582, 2.01404, -1.43591, 1.36779, 2.18768], [1.05577, -0.04442, 0.69311, 2.03591, -1.35751, 1.47273, 2.2298], [1.03105, 0.12139, 0.31953, 1.79226, -1.44345, 1.40438, 2.33422], [1.00632, 0.28721, -0.05405, 1.5486, -1.5294, 1.33604, 2.43863], [0.98159, 0.45303, -0.42763, 1.30494, -1.61535, 1.26769, 2.54305], [0.95687, 0.61885, -0.80122, 1.06129, -1.7013, 1.19934, 2.64747], [0.93214, 0.78467, -1.1748, 0.81763, -1.78725, 1.131, 2.75189], [0.90741, 0.95049, -1.54838, 0.57397, -1.8732, 1.06265, 2.85631]]
end: [0.90400000000000003, 0.97340000000000004, -1.6000000000000001, 0.5403, -1.8850800000000001, 1.05321, 2.87073]
obtacles: [[[0.6, 0.5, -1.0], [0.9, 0.6, 1.0]], [[0.6, -0.6, -1.0], [0.9, -0.5, 1.0]], [[0.6, -0.6, 0.9], [0.9, 0.6, 1.0]], [[0.6, -0.6, -1.0], [0.9, 0.6, -0.9]], [[0.6, -0.6, 0.3], [0.9, 0.6, 0.4]], [[0.6, -0.6, -0.5], [0.9, 0.6, -0.4]], [[0.6, 0.0, 0.4], [0.9, 0.1, 1.0]], [[0.6, -0.3, -0.5], [0.9, -0.2, 0.4]], [[0.6, -0.1, -1.0], [0.9, 0.0, -0.4]]]
start: [0.65637000000000001, 1.8612299999999999, -1.6000000000000001, 1.5991500000000001, -1.28111, 1.5347, -2.2083499999999998]
tajectories: [[0.65637, 1.86123, -1.6, 1.59915, -1.28111, 1.5347, -2.20835], [0.62551, 1.8039, -1.47219, 1.54201, -1.48627, 1.20326, -1.93592], [0.59466, 1.74656, -1.34437, 1.48487, -1.69142, 0.87182, -1.6635], [0.5638, 1.68922, -1.21656, 1.42772, -1.89658, 0.54038, -1.39107], [0.53295, 1.63188, -1.08875, 1.37058, -2.10174, 0.20893, -1.11864], [0.50209, 1.57454, -0.96094, 1.31344, -2.30689, -0.12251, -0.84622], [0.47124, 1.51721, -0.83312, 1.2563, -2.51205, -0.45395, -0.57379], [0.44038, 1.45987, -0.70531, 1.19915, -2.7172, -0.78539, -0.30137], [0.4324, 1.44503, -0.67223, 1.18437, -2.77029, -0.87116, -0.23087], [0.68454, 1.51899, -0.79073, 1.30622, -2.58788, -0.7776, 0.10085], [0.93668, 1.59294, -0.90923, 1.42806, -2.40547, -0.68404, 0.43258], [1.18882, 1.6669, -1.02773, 1.54991, -2.22306, -0.59047, 0.7643], [1.44096, 1.74085, -1.14622, 1.67176, -2.04065, -0.49691, 1.09602], [1.6931, 1.8148, -1.26472, 1.79361, -1.85824, -0.40335, 1.42774], [1.7658, 1.83613, -1.29889, 1.82875, -1.80564, -0.37637, 1.5234], [1.87701, 1.72812, -1.50304, 2.0462, -1.844, -0.0679, 1.32245], [1.98822, 1.62011, -1.70718, 2.26366, -1.88236, 0.24056, 1.1215], [2.09943, 1.51209, -1.91133, 2.48112, -1.92071, 0.54903, 0.92055], [2.21064, 1.40408, -2.11547, 2.69857, -1.95907, 0.8575, 0.7196], [2.23336, 1.38201, -2.15718, 2.743, -1.96691, 0.92052, 0.67854], [1.84544, 1.27846, -2.17401, 2.67601, -1.96559, 0.9375, 0.38917], [1.45753, 1.1749, -2.19085, 2.60903, -1.96427, 0.95448, 0.0998], [1.06961, 1.07135, -2.20768, 2.54204, -1.96295, 0.97146, -0.18957], [0.68169, 0.96779, -2.22452, 2.47505, -1.96163, 0.98845, -0.47895], [0.29378, 0.86424, -2.24135, 2.40807, -1.96031, 1.00543, -0.76832], [0.21577, 0.84341, -2.24474, 2.3946, -1.96004, 1.00884, -0.82651], [0.13606, 0.83277, -2.12468, 2.01924, -1.94896, 0.97825, -1.12175], [0.05634, 0.82212, -2.00463, 1.64389, -1.93788, 0.94766, -1.417], [-0.02337, 0.81147, -1.88457, 1.26854, -1.9268, 0.91707, -1.71225], [-0.10309, 0.80082, -1.76452, 0.89319, -1.91572, 0.88647, -2.00749], [-0.18281, 0.79017, -1.64446, 0.51784, -1.90464, 0.85588, -2.30274]]
end: [-0.21232999999999999, 0.78622999999999998, -1.6000000000000001, 0.37883, -1.9005399999999999, 0.84455000000000002, -2.41208]
obtacles: [[[0.6, 0.5, -1.0], [0.9, 0.6, 1.0]], [[0.6, -0.6, -1.0], [0.9, -0.5, 1.0]], [[0.6, -0.6, 0.9], [0.9, 0.6, 1.0]], [[0.6, -0.6, -1.0], [0.9, 0.6, -0.9]], [[0.6, -0.6, 0.3], [0.9, 0.6, 0.4]], [[0.6, -0.6, -0.5], [0.9, 0.6, -0.4]], [[0.6, 0.0, 0.4], [0.9, 0.1, 1.0]], [[0.6, -0.3, -0.5], [0.9, -0.2, 0.4]], [[0.6, -0.1, -1.0], [0.9, 0.0, -0.4]]]
start: [0.61777000000000004, 1.91001, -1.8999999999999999, 0.86533000000000004, -1.1028500000000001, 1.55444, -2.9548000000000001]
tajectories: [[0.61777, 1.91001, -1.9, 0.86533, -1.10285, 1.55444, -2.9548], [0.6543, 1.7299, -1.6974, 1.09977, -1.04748, 1.29763, -2.72853], [0.69084, 1.54979, -1.4948, 1.33421, -0.99212, 1.04081, -2.50227], [0.72737, 1.36968, -1.2922, 1.56865, -0.93676, 0.78399, -2.276], [0.7639, 1.18956, -1.0896, 1.80308, -0.88139, 0.52717, -2.04973], [0.80043, 1.00945, -0.887, 2.03752, -0.82603, 0.27036, -1.82346], [0.83697, 0.82934, -0.6844, 2.27196, -0.77067, 0.01354, -1.5972], [0.85338, 0.74844, -0.5934, 2.37726, -0.7458, -0.10181, -1.49557], [0.55537, 0.5494, -0.56921, 2.42228, -0.91789, 0.1304, -1.30735], [0.25737, 0.35036, -0.54502, 2.4673, -1.08997, 0.36262, -1.11912], [0.21147, 0.3197, -0.5413, 2.47423, -1.11648, 0.39838, -1.09013], [0.26979, 0.45195, -0.85637, 2.38367, -1.43149, 0.53685, -1.147], [0.32811, 0.58421, -1.17143, 2.29311, -1.74651, 0.67531, -1.20386], [0.37773, 0.69674, -1.43952, 2.21605, -2.01454, 0.79313, -1.25224], [0.27149, 0.76248, -1.57695, 1.81866, -1.99822, 0.83913, -1.48719], [0.16525, 0.82821, -1.71438, 1.42127, -1.98189, 0.88513, -1.72214], [0.059, 0.89394, -1.85182, 1.02387, -1.96557, 0.93113, -1.95709]]
end: [0.021760000000000002, 0.91698999999999997, -1.8999999999999999, 0.88454999999999995, -1.95984, 0.94725000000000004, -2.0394600000000001]
obtacles: [[[0.6, 0.5, -1.0], [0.9, 0.6, 1.0]], [[0.6, -0.6, -1.0], [0.9, -0.5, 1.0]], [[0.6, -0.6, 0.9], [0.9, 0.6, 1.0]], [[0.6, -0.6, -1.0], [0.9, 0.6, -0.9]], [[0.6, -0.6, 0.3], [0.9, 0.6, 0.4]], [[0.6, -0.6, -0.5], [0.9, 0.6, -0.4]], [[0.6, 0.0, 0.4], [0.9, 0.1, 1.0]], [[0.6, -0.3, -0.5], [0.9, -0.2, 0.4]], [[0.6, -0.1, -1.0], [0.9, 0.0, -0.4]]]
start: [0.85924, 1.9094500000000001, -1.7, 1.3817999999999999, -4.3551399999999996, -1.5138199999999999, 0.49014999999999997]
tajectories: [[0.85924, 1.90945, -1.7, 1.3818, -4.35514, -1.51382, 0.49015], [0.94629, 1.85213, -1.53891, 1.60912, -4.43745, -1.21291, 0.23679], [1.03334, 1.79481, -1.37782, 1.83644, -4.51976, -0.912, -0.01658], [1.12039, 1.73749, -1.21673, 2.06376, -4.60206, -0.6111, -0.26994], [1.20745, 1.68017, -1.05564, 2.29107, -4.68437, -0.31019, -0.5233], [1.24764, 1.6537, -0.98125, 2.39604, -4.72238, -0.17124, -0.6403], [1.43958, 1.40683, -0.84302, 2.37655, -4.50691, 0.10771, -0.54822], [1.63153, 1.15995, -0.70478, 2.35705, -4.29145, 0.38667, -0.45615], [1.82347, 0.91307, -0.56655, 2.33756, -4.07599, 0.66563, -0.36407], [2.01074, 0.6722, -0.43168, 2.31854, -3.86577, 0.9378, -0.27424], [2.03432, 0.53445, -0.67852, 2.45307, -3.50095, 0.99517, -0.39695], [2.05789, 0.39669, -0.92535, 2.5876, -3.13614, 1.05253, -0.51966], [2.08147, 0.25894, -1.17219, 2.72214, -2.77132, 1.1099, -0.64237], [2.10505, 0.12119, -1.41903, 2.85667, -2.4065, 1.16727, -0.76507], [2.12782, -0.01191, -1.65752, 2.98666, -2.05402, 1.2227, -0.88363], [1.79591, 0.12192, -1.66409, 2.67885, -2.07029, 1.20627, -1.04673], [1.46399, 0.25575, -1.67065, 2.37105, -2.08656, 1.18984, -1.20982], [1.13208, 0.38958, -1.67722, 2.06324, -2.10284, 1.17341, -1.37291], [0.80016, 0.52341, -1.68379, 1.75544, -2.11911, 1.15699, -1.53601], [0.46824, 0.65724, -1.69036, 1.44763, -2.13538, 1.14056, -1.6991], [0.13633, 0.79107, -1.69693, 1.13983, -2.15166, 1.12413, -1.86219]]
end: [-0.018890000000000001, 0.85365000000000002, -1.7, 0.99587999999999999, -2.1592699999999998, 1.1164499999999999, -1.9384600000000001]
obtacles: [[[0.6, 0.5, -1.0], [0.9, 0.6, 1.0]], [[0.6, -0.6, -1.0], [0.9, -0.5, 1.0]], [[0.6, -0.6, 0.9], [0.9, 0.6, 1.0]], [[0.6, -0.6, -1.0], [0.9, 0.6, -0.9]], [[0.6, -0.6, 0.3], [0.9, 0.6, 0.4]], [[0.6, -0.6, -0.5], [0.9, 0.6, -0.4]], [[0.6, 0.0, 0.4], [0.9, 0.1, 1.0]], [[0.6, -0.3, -0.5], [0.9, -0.2, 0.4]], [[0.6, -0.1, -1.0], [0.9, 0.0, -0.4]]]
start: [1.1128100000000001, 1.86588, -1.7, 1.8304499999999999, -1.3137300000000001, 1.37575, -2.4684699999999999]
tajectories: [[1.11281, 1.86588, -1.7, 1.83045, -1.31373, 1.37575, -2.46847], [0.88726, 1.75425, -1.75495, 2.1138, -1.30904, 1.05451, -2.45646], [0.66171, 1.64262, -1.80991, 2.39714, -1.30434, 0.73327, -2.44445], [0.43804, 1.53192, -1.8644, 2.67813, -1.29969, 0.41471, -2.43253], [0.57533, 1.26298, -1.80565, 2.37645, -1.26808, 0.66447, -2.46378], [0.71262, 0.99404, -1.74689, 2.07476, -1.23647, 0.91423, -2.49503], [0.8499, 0.72509, -1.68814, 1.77308, -1.20485, 1.16399, -2.52628], [0.98671, 0.4571, -1.62959, 1.47246, -1.17335, 1.41287, -2.55741], [0.71311, 0.58817, -1.65136, 1.40129, -1.49424, 1.3677, -2.33966], [0.43952, 0.71924, -1.67313, 1.33013, -1.81513, 1.32252, -2.1219], [0.16593, 0.85032, -1.69489, 1.25897, -2.13602, 1.27735, -1.90414]]
end: [0.10172, 0.88107999999999997, -1.7, 1.2422599999999999, -2.2113399999999999, 1.26674, -1.85303]
obtacles: [[[0.6, 0.5, -1.0], [0.9, 0.6, 1.0]], [[0.6, -0.6, -1.0], [0.9, -0.5, 1.0]], [[0.6, -0.6, 0.9], [0.9, 0.6, 1.0]], [[0.6, -0.6, -1.0], [0.9, 0.6, -0.9]], [[0.6, -0.6, 0.3], [0.9, 0.6, 0.4]], [[0.6, -0.6, -0.5], [0.9, 0.6, -0.4]], [[0.6, 0.0, 0.4], [0.9, 0.1, 1.0]], [[0.6, -0.3, -0.5], [0.9, -0.2, 0.4]], [[0.6, -0.1, -1.0], [0.9, 0.0, -0.4]]]
start: [0.67803000000000002, 1.76806, -1.8, 0.79432999999999998, -4.4118700000000004, -1.5491900000000001, 0.090249999999999997]
tajectories: [[0.67803, 1.76806, -1.8, 0.79433, -4.41187, -1.54919, 0.09025], [0.79743, 1.8077, -1.57227, 1.04636, -4.28029, -1.32322, -0.13429], [0.91682, 1.84734, -1.34454, 1.29838, -4.1487, -1.09725, -0.35882], [1.03622, 1.88697, -1.11681, 1.55041, -4.01712, -0.87128, -0.58336], [1.05658, 1.89373, -1.07797, 1.59339, -3.99468, -0.83274, -0.62165], [1.16909, 1.59182, -1.14294, 1.8517, -4.08413, -0.9963, -0.42043], [1.2816, 1.2899, -1.20792, 2.11001, -4.17358, -1.15985, -0.21921], [1.39411, 0.98798, -1.27289, 2.36833, -4.26303, -1.3234, -0.01799], [1.48631, 0.74058, -1.32613, 2.58, -4.33633, -1.45743, 0.1469], [1.26438, 0.64178, -1.54526, 2.23616, -4.2914, -1.44394, -0.00322], [1.04244, 0.54299, -1.76439, 1.89232, -4.24647, -1.43046, -0.15334], [0.82051, 0.44419, -1.98353, 1.54847, -4.20154, -1.41697, -0.30347], [0.59857, 0.34539, -2.20266, 1.20463, -4.1566, -1.40348, -0.45359], [0.39307, 0.25391, -2.40556, 0.88625, -4.115, -1.391, -0.59259], [0.32393, 0.26425, -2.20089, 0.99853, -3.84547, -1.21083, -0.88501], [0.2548, 0.27459, -1.99621, 1.11081, -3.57594, -1.03066, -1.17743], [0.18566, 0.28493, -1.79154, 1.22309, -3.30641, -0.85049, -1.46985], [0.11653, 0.29526, -1.58687, 1.33537, -3.03688, -0.67032, -1.76226], [0.04739, 0.3056, -1.38219, 1.44765, -2.76735, -0.49015, -2.05468], [-0.00346, 0.3132, -1.23164, 1.53024, -2.5691, -0.35763, -2.26977], [-0.0038, 0.48308, -1.38129, 1.33206, -2.3925, -9e-05, -2.24867], [-0.00415, 0.65296, -1.53094, 1.13387, -2.21589, 0.35744, -2.22758], [-0.0045, 0.82284, -1.68059, 0.93568, -2.03928, 0.71498, -2.20649]]
end: [-0.0047800000000000004, 0.95838999999999996, -1.8, 0.77754999999999996, -1.8983699999999999, 1.00027, -2.1896599999999999]
obtacles: [[[0.6, 0.5, -1.0], [0.9, 0.6, 1.0]], [[0.6, -0.6, -1.0], [0.9, -0.5, 1.0]], [[0.6, -0.6, 0.9], [0.9, 0.6, 1.0]], [[0.6, -0.6, -1.0], [0.9, 0.6, -0.9]], [[0.6, -0.6, 0.3], [0.9, 0.6, 0.4]], [[0.6, -0.6, -0.5], [0.9, 0.6, -0.4]], [[0.6, 0.0, 0.4], [0.9, 0.1, 1.0]], [[0.6, -0.3, -0.5], [0.9, -0.2, 0.4]], [[0.6, -0.1, -1.0], [0.9, 0.0, -0.4]]]
start: [0.71784000000000003, 1.85639, -1.55, 1.6701900000000001, -1.2845800000000001, 1.5626899999999999, -2.1874199999999999]
tajectories: [[0.71784, 1.85639, -1.55, 1.67019, -1.28458, 1.56269, -2.18742], [0.85279, 1.83456, -1.37752, 1.66697, -0.89312, 1.34339, -2.20206], [0.98774, 1.81274, -1.20504, 1.66374, -0.50165, 1.12409, -2.21669], [1.12268, 1.79092, -1.03256, 1.66052, -0.11018, 0.90479, -2.23133], [1.25763, 1.76909, -0.86008, 1.65729, 0.28128, 0.68549, -2.24597], [1.37469, 1.75016, -0.71045, 1.6545, 0.62087, 0.49525, -2.25866], [1.31633, 1.58509, -0.83987, 1.77296, 0.23339, 0.31525, -2.18112], [1.25796, 1.42002, -0.96928, 1.89143, -0.1541, 0.13524, -2.10358], [1.19959, 1.25494, -1.09869, 2.0099, -0.54159, -0.04477, -2.02603], [1.14123, 1.08987, -1.2281, 2.12837, -0.92907, -0.22478, -1.94849], [1.08286, 0.92479, -1.35751, 2.24684, -1.31656, -0.40478, -1.87095], [1.02449, 0.75972, -1.48693, 2.36531, -1.70405, -0.58479, -1.7934], [0.96613, 0.59464, -1.61634, 2.48377, -2.09153, -0.7648, -1.71586], [0.93575, 0.50872, -1.6837, 2.54544, -2.29322, -0.85849, -1.6755], [0.82059, 0.23061, -1.78872, 2.29911, -2.43472, -1.08677, -1.80022], [0.70543, -0.04749, -1.89375, 2.05278, -2.57623, -1.31504, -1.92493], [0.67172, -0.1289, -1.9245, 1.98067, -2.61765, -1.38186, -1.96144], [0.56028, 0.02051, -1.86187, 1.79937, -2.55818, -0.9642, -1.98344], [0.44884, 0.16993, -1.79925, 1.61807, -2.49871, -0.54654, -2.00545], [0.3374, 0.31934, -1.73663, 1.43676, -2.43923, -0.12887, -2.02745], [0.22596, 0.46876, -1.67401, 1.25546, -2.37976, 0.28879, -2.04946], [0.11452, 0.61818, -1.61139, 1.07416, -2.32029, 0.70645, -2.07146]]
end: [0.0052599999999999999, 0.76466000000000001, -1.55, 0.89641000000000004, -2.2619899999999999, 1.1159300000000001, -2.0930399999999998]
