obtacles: [[[0.6, 0.5, -1.0], [0.9, 0.6, 1.0]], [[0.6, -0.6, -1.0], [0.9, -0.5, 1.0]], [[0.6, -0.6, 0.9], [0.9, 0.6, 1.0]], [[0.6, -0.6, -1.0], [0.9, 0.6, -0.9]], [[0.6, -0.6, 0.5], [0.9, 0.6, 0.6]], [[0.6, -0.6, -0.6], [0.9, 0.6, -0.5]], [[0.6, -0.3, 0.6], [0.9, -0.2, 1.0]], [[0.6, 0.0, -0.6], [0.9, 0.1, 0.6]], [[0.6, 0.1, -1.0], [0.9, 0.2, -0.5]]]
start: [0.31168000000000001, 0.73041999999999996, -1.7, 0.99260000000000004, -2.28783, 1.07118, -2.2122600000000001]
tajectories: [[0.31168, 0.73042, -1.7, 0.9926, -2.28783, 1.07118, -2.21226], [0.65196, 0.75062, -1.86238, 1.19323, -2.1501, 0.90933, -2.06389], [0.99224, 0.77081, -2.02476, 1.39387, -2.01236, 0.74749, -1.91551], [1.33252, 0.791, -2.18713, 1.5945, -1.87463, 0.58564, -1.76714], [1.6728, 0.8112, -2.34951, 1.79514, -1.73689, 0.42379, -1.61877], [1.75054, 0.81581, -2.38661, 1.84098, -1.70543, 0.38682, -1.58487], [1.60894, 0.88022, -2.32076, 2.02636, -1.55229, 0.16514, -1.92326], [1.46733, 0.94462, -2.25492, 2.21174, -1.39915, -0.05653, -2.26165], [1.39596, 0.97708, -2.22173, 2.30517, -1.32198, -0.16825, -2.43219], [1.38642, 1.19678, -2.07965, 2.18409, -1.49829, -0.53661, -2.4358], [1.37688, 1.41649, -1.93758, 2.06302, -1.6746, -0.90498, -2.43941], [1.36734, 1.63619, -1.7955, 1.94195, -1.85092, -1.27335, -2.44302], [1.36632, 1.6597, -1.7803, 1.92899, -1.86979, -1.31277, -2.44341], [1.24851, 1.67788, -1.81626, 1.73354, -2.17869, -1.34705, -2.12766], [1.13071, 1.69606, -1.85222, 1.53808, -2.48759, -1.38134, -1.8119], [1.0129, 1.71424, -1.88818, 1.34263, -2.79649, -1.41562, -1.49615], [0.89509, 1.73242, -1.92413, 1.14718, -3.10539, -1.4499, -1.1804], [0.77728, 1.75061, -1.96009, 0.95172, -3.4143, -1.48418, -0.86465], [0.65947, 1.76879, -1.99605, 0.75627, -3.7232, -1.51846, -0.54889], [0.54166, 1.78697, -2.03201, 0.56082, -4.0321, -1.55275, -0.23314]]
end: [0.48272999999999999, 1.79606, -2.0499999999999998, 0.46304000000000001, -4.1866300000000001, -1.5699000000000001, -0.075179999999999997]
obtacles: [[[0.6, 0.5, -1.0], [0.9, 0.6, 1.0]], [[0.6, -0.6, -1.0], [0.9, -0.5, 1.0]], [[0.6, -0.6, 0.9], [0.9, 0.6, 1.0]], [[0.6, -0.6, -1.0], [0.9, 0.6, -0.9]], [[0.6, -0.6, 0.5], [0.9, 0.6, 0.6]], [[0.6, -0.6, -0.6], [0.9, 0.6, -0.5]], [[0.6, -0.3, 0.6], [0.9, -0.2, 1.0]], [[0.6, 0.0, -0.6], [0.9, 0.1, 0.6]], [[0.6, 0.1, -1.0], [0.9, 0.2, -0.5]]]
start: [-0.24173, 1.6892499999999999, -2.1000000000000001, 0.86312999999999995, -4.2608499999999996, -1.26179, 1.00122]
tajectories: [[-0.24173, 1.68925, -2.1, 0.86313, -4.26085, -1.26179, 1.00122], [-0.21747, 1.62902, -2.04251, 0.63406, -3.84162, -1.30043, 1.11418], [-0.1932, 1.56879, -1.98502, 0.405, -3.42239, -1.33907, 1.22713], [-0.16893, 1.50856, -1.92753, 0.17593, -3.00316, -1.37771, 1.34009], [-0.14467, 1.44833, -1.87004, -0.05314, -2.58393, -1.41635, 1.45305], [-0.13644, 1.4279, -1.85054, -0.13084, -2.44171, -1.42946, 1.49137], [-0.15839, 1.32111, -1.57872, 0.11311, -2.20395, -1.33117, 1.68764], [-0.18034, 1.21433, -1.30691, 0.35707, -1.96619, -1.23288, 1.88392], [-0.2023, 1.10755, -1.03509, 0.60103, -1.72842, -1.13459, 2.0802], [-0.22425, 1.00077, -0.76327, 0.84499, -1.49066, -1.03631, 2.27647], [-0.23231, 0.96158, -0.66352, 0.93452, -1.40341, -1.00024, 2.3485], [-0.20042, 0.83536, -0.63062, 1.28352, -1.63655, -0.83761, 2.51985], [-0.16853, 0.70914, -0.59773, 1.63252, -1.8697, -0.67498, 2.6912], [-0.13664, 0.58292, -0.56483, 1.98153, -2.10284, -0.51235, 2.86255], [-0.12442, 0.53454, -0.55223, 2.1153, -2.1922, -0.45002, 2.92822], [-0.18779, 0.62218, -0.57814, 2.10923, -2.36103, -0.27882, 2.50422], [-0.25117, 0.70982, -0.60406, 2.10316, -2.52985, -0.10762, 2.08021], [-0.31454, 0.79746, -0.62998, 2.09709, -2.69868, 0.06359, 1.6562], [-0.34318, 0.83706, -0.64169, 2.09435, -2.77496, 0.14094, 1.46462], [-0.19337, 0.80926, -0.9255, 2.03189, -3.04623, -0.11784, 1.50681], [-0.04355, 0.78146, -1.20931, 1.96943, -3.3175, -0.37662, 1.54899], [0.10626, 0.75367, -1.49312, 1.90697, -3.58878, -0.63539, 1.59118], [0.15969, 0.74375, -1.59433, 1.8847, -3.68552, -0.72768, 1.60622], [0.46557, 0.85425, -1.39457, 2.18481, -3.75118, -0.81289, 1.65805], [0.77145, 0.96475, -1.19481, 2.48491, -3.81683, -0.8981, 1.70988], [0.89161, 1.00816, -1.11634, 2.60281, -3.84263, -0.93158, 1.73023], [1.20509, 0.87462, -1.06291, 2.45531, -3.9152, -1.07128, 1.43953], [1.51856, 0.74109, -1.00948, 2.30782, -3.98777, -1.21098, 1.14883], [1.75948, 0.63846, -0.96841, 2.19447, -4.04353, -1.31834, 0.92542], [1.58514, 0.92242, -1.25444, 2.04435, -4.1611, -1.24949, 0.79867], [1.4108, 1.20638, -1.54046, 1.89422, -4.27867, -1.18064, 0.67192], [1.23647, 1.49033, -1.82648, 1.74409, -4.39623, -1.11178, 0.54516]]
end: [1.06976, 1.76187, -2.1000000000000001, 1.60053, -4.5086500000000003, -1.0459400000000001, 0.42396]
obtacles: [[[0.6, 0.5, -1.0], [0.9, 0.6, 1.0]], [[0.6, -0.6, -1.0], [0.9, -0.5, 1.0]], [[0.6, -0.6, 0.9], [0.9, 0.6, 1.0]], [[0.6, -0.6, -1.0], [0.9, 0.6, -0.9]], [[0.6, -0.6, 0.5], [0.9, 0.6, 0.6]], [[0.6, -0.6, -0.6], [0.9, 0.6, -0.5]], [[0.6, -0.3, 0.6], [0.9, -0.2, 1.0]], [[0.6, 0.0, -0.6], [0.9, 0.1, 0.6]], [[0.6, 0.1, -1.0], [0.9, 0.2, -0.5]]]
start: [0.91954000000000002, 1.6603000000000001, -1.6000000000000001, 1.61121, -1.4824999999999999, 1.5381199999999999, -2.45268]
tajectories: [[0.91954, 1.6603, -1.6, 1.61121, -1.4825, 1.53812, -2.45268]]
end: [0.87334000000000001, 1.9400999999999999, -1.6000000000000001, 1.68344, -1.20635, 1.5031099999999999, -2.3494299999999999]
obtacles: [[[0.6, 0.5, -1.0], [0.9, 0.6, 1.0]], [[0.6, -0.6, -1.0], [0.9, -0.5, 1.0]], [[0.6, -0.6, 0.9], [0.9, 0.6, 1.0]], [[0.6, -0.6, -1.0], [0.9, 0.6, -0.9]], [[0.6, -0.6, 0.5], [0.9, 0.6, 0.6]], [[0.6, -0.6, -0.6], [0.9, 0.6, -0.5]], [[0.6, -0.3, 0.6], [0.9, -0.2, 1.0]], [[0.6, 0.0, -0.6], [0.9, 0.1, 0.6]], [[0.6, 0.1, -1.0], [0.9, 0.2, -0.5]]]
start: [2.2298800000000001, -1.7756799999999999, -1.45, 1.7575400000000001, -1.75193, -1.41648, -0.81935000000000002]
tajectories: [[2.22988, -1.77568, -1.45, 1.75754, -1.75193, -1.41648, -0.81935], [2.12062, -1.73031, -1.23892, 1.83155, -1.83064, -1.18835, -0.46196], [2.01136, -1.68494, -1.02784, 1.90556, -1.90935, -0.96022, -0.10456], [1.9021, -1.63957, -0.81676, 1.97957, -1.98806, -0.73209, 0.25284], [1.79284, -1.5942, -0.60568, 2.05358, -2.06676, -0.50396, 0.61024], [1.68358, -1.54883, -0.3946, 2.12759, -2.14547, -0.27583, 0.96764], [1.57432, -1.50346, -0.18352, 2.2016, -2.22418, -0.0477, 1.32503], [1.56482, -1.49952, -0.16518, 2.20803, -2.23102, -0.02787, 1.35609], [1.68969, -1.32483, -0.25158, 2.0005, -1.90876, -0.19839, 1.49903], [1.81456, -1.15014, -0.33799, 1.79298, -1.5865, -0.36891, 1.64196], [1.93943, -0.97545, -0.4244, 1.58545, -1.26424, -0.53944, 1.78489], [2.06429, -0.80076, -0.51081, 1.37792, -0.94198, -0.70996, 1.92782], [2.18235, -0.63559, -0.59251, 1.18171, -0.6373, -0.87118, 2.06296], [2.09268, -0.4267, -0.76266, 1.11659, -0.47794, -0.62333, 1.78313], [2.00301, -0.2178, -0.9328, 1.05146, -0.31859, -0.37547, 1.5033], [1.91334, -0.0089, -1.10295, 0.98633, -0.15924, -0.12762, 1.22347], [1.82366, 0.2, -1.27309, 0.9212, 0.00011, 0.12024, 0.94364], [1.75816, 0.3526, -1.39738, 0.87363, 0.11652, 0.30129, 0.73923], [1.51612, 0.44706, -1.41067, 0.82805, 0.31074, -0.03236, 0.56261], [1.27407, 0.54153, -1.42397, 0.78247, 0.50497, -0.366, 0.38599], [1.03203, 0.63599, -1.43726, 0.73689, 0.69919, -0.69965, 0.20937]]
end: [0.80000000000000004, 0.72655000000000003, -1.45, 0.69320000000000004, 0.88537999999999994, -1.01949, 0.040059999999999998]
obtacles: [[[0.6, 0.5, -1.0], [0.9, 0.6, 1.0]], [[0.6, -0.6, -1.0], [0.9, -0.5, 1.0]], [[0.6, -0.6, 0.9], [0.9, 0.6, 1.0]], [[0.6, -0.6, -1.0], [0.9, 0.6, -0.9]], [[0.6, -0.6, 0.5], [0.9, 0.6, 0.6]], [[0.6, -0.6, -0.6], [0.9, 0.6, -0.5]], [[0.6, -0.3, 0.6], [0.9, -0.2, 1.0]], [[0.6, 0.0, -0.6], [0.9, 0.1, 0.6]], [[0.6, 0.1, -1.0], [0.9, 0.2, -0.5]]]
start: [2.36496, -1.8180499999999999, -1.2, 0.61228000000000005, 1.12832, 1.56915, -2.9302600000000001]
tajectories: [[2.36496, -1.81805, -1.2, 0.61228, 1.12832, 1.56915, -2.93026], [2.34636, -1.82784, -1.16929, 0.78077, 1.07684, 1.13291, -2.76514], [2.32777, -1.83764, -1.13858, 0.94926, 1.02536, 0.69666, -2.60002], [2.30917, -1.84743, -1.10786, 1.11775, 0.97388, 0.26042, -2.43489], [2.29057, -1.85722, -1.07715, 1.28624, 0.92241, -0.17583, -2.26977], [2.27197, -1.86702, -1.04644, 1.45473, 0.87093, -0.61207, -2.10465], [2.25338, -1.87681, -1.01573, 1.62322, 0.81945, -1.04832, -1.93953], [2.24229, -1.88265, -0.99742, 1.72364, 0.78877, -1.30832, -1.84111], [2.21714, -1.65021, -1.23616, 1.72315, 0.81543, -0.96648, -1.98525], [2.19198, -1.41778, -1.4749, 1.72265, 0.84209, -0.62463, -2.12939], [2.16683, -1.18534, -1.71363, 1.72215, 0.86875, -0.28279, -2.27354], [2.14168, -0.9529, -1.95237, 1.72166, 0.89541, 0.05906, -2.41768], [2.11652, -0.72047, -2.19111, 1.72116, 0.92207, 0.4009, -2.56182], [2.09137, -0.48803, -2.42984, 1.72067, 0.94873, 0.74275, -2.70596], [2.07453, -0.33243, -2.58966, 1.72034, 0.96657, 0.97159, -2.80245], [2.14938, -0.20434, -2.55779, 1.70151, 1.01903, 0.87108, -2.3401], [2.22424, -0.07626, -2.52593, 1.68268, 1.07149, 0.77056, -1.87775], [2.29909, 0.05183, -2.49406, 1.66386, 1.12394, 0.67005, -1.41541], [2.37394, 0.17991, -2.46219, 1.64503, 1.1764, 0.56954, -0.95306], [2.4488, 0.308, -2.43032, 1.6262, 1.22886, 0.46902, -0.49071], [2.52365, 0.43609, -2.39845, 1.60737, 1.28131, 0.36851, -0.02836], [2.55441, 0.48873, -2.38536, 1.59964, 1.30287, 0.3272, 0.16165], [2.22359, 0.51724, -2.16724, 1.45096, 1.19243, 0.08675, 0.15515], [1.89276, 0.54575, -1.94912, 1.30228, 1.08198, -0.15371, 0.14864], [1.56193, 0.57427, -1.731, 1.1536, 0.97153, -0.39416, 0.14214], [1.2311, 0.60278, -1.51288, 1.00493, 0.86109, -0.63462, 0.13563], [0.90028, 0.6313, -1.29476, 0.85625, 0.75064, -0.87507, 0.12913], [0.56945, 0.65981, -1.07664, 0.70757, 0.6402, -1.11553, 0.12262]]
end: [0.52903999999999995, 0.6633, -1.05, 0.68940999999999997, 0.62670999999999999, -1.1449, 0.12182999999999999]
obtacles: [[[0.6, 0.5, -1.0], [0.9, 0.6, 1.0]], [[0.6, -0.6, -1.0], [0.9, -0.5, 1.0]], [[0.6, -0.6, 0.9], [0.9, 0.6, 1.0]], [[0.6, -0.6, -1.0], [0.9, 0.6, -0.9]], [[0.6, -0.6, 0.5], [0.9, 0.6, 0.6]], [[0.6, -0.6, -0.6], [0.9, 0.6, -0.5]], [[0.6, -0.3, 0.6], [0.9, -0.2, 1.0]], [[0.6, 0.0, -0.6], [0.9, 0.1, 0.6]], [[0.6, 0.1, -1.0], [0.9, 0.2, -0.5]]]
start: [2.4794, -1.78085, -1.25, 1.20451, -1.8884300000000001, -1.35589, -0.47366000000000003]
tajectories: [[2.4794, -1.78085, -1.25, 1.20451, -1.88843, -1.35589, -0.47366], [2.41072, -1.71766, -1.17048, 1.45491, -1.47783, -1.39805, -0.43012], [2.34205, -1.65447, -1.09096, 1.70532, -1.06724, -1.4402, -0.38658], [2.27337, -1.59127, -1.01144, 1.95573, -0.65664, -1.48235, -0.34305], [2.24513, -1.56529, -0.97874, 2.05868, -0.48782, -1.49969, -0.32515], [2.04738, -1.23353, -1.263, 2.07566, -0.44918, -1.36601, -0.34442], [1.84962, -0.90176, -1.54726, 2.09264, -0.41054, -1.23233, -0.36369], [1.65187, -0.56999, -1.83151, 2.10961, -0.3719, -1.09865, -0.38297], [1.45412, -0.23823, -2.11577, 2.12659, -0.33325, -0.96497, -0.40224], [1.25637, 0.09354, -2.40003, 2.14357, -0.29461, -0.83129, -0.42151], [1.09317, 0.36733, -2.63461, 2.15758, -0.26272, -0.72098, -0.43742], [0.96268, 0.40491, -2.6346, 2.05536, -0.43994, -0.32403, -0.25817], [0.83218, 0.44249, -2.6346, 1.95313, -0.61716, 0.07293, -0.07892], [0.70169, 0.48007, -2.63459, 1.85091, -0.79438, 0.46988, 0.10033], [0.5712, 0.51766, -2.63459, 1.74869, -0.97161, 0.86683, 0.27959], [0.4407, 0.55524, -2.63458, 1.64647, -1.14883, 1.26378, 0.45884], [0.41716, 0.56202, -2.63458, 1.62803, -1.1808, 1.33539, 0.49117], [0.46221, 0.5927, -2.42353, 1.45143, -1.3426, 1.28328, 0.86854], [0.50727, 0.62338, -2.21248, 1.27484, -1.50439, 1.23117, 1.2459], [0.55232, 0.65406, -2.00143, 1.09824, -1.66619, 1.17905, 1.62327], [0.59737, 0.68474, -1.79037, 0.92165, -1.82799, 1.12694, 2.00064], [0.64243, 0.71542, -1.57932, 0.74505, -1.98979, 1.07482, 2.378], [0.68748, 0.7461, -1.36827, 0.56846, -2.15159, 1.02271, 2.75537]]
end: [0.71272999999999997, 0.76329000000000002, -1.25, 0.46949999999999997, -2.2422599999999999, 0.99351, 2.9668299999999999]
obtacles: [[[0.6, 0.5, -1.0], [0.9, 0.6, 1.0]], [[0.6, -0.6, -1.0], [0.9, -0.5, 1.0]], [[0.6, -0.6, 0.9], [0.9, 0.6, 1.0]], [[0.6, -0.6, -1.0], [0.9, 0.6, -0.9]], [[0.6, -0.6, 0.5], [0.9, 0.6, 0.6]], [[0.6, -0.6, -0.6], [0.9, 0.6, -0.5]], [[0.6, -0.3, 0.6], [0.9, -0.2, 1.0]], [[0.6, 0.0, -0.6], [0.9, 0.1, 0.6]], [[0.6, 0.1, -1.0], [0.9, 0.2, -0.5]]]
start: [0.13413, 0.55281999999999998, -0.65000000000000002, 0.85075000000000001, -2.80748, 1.32128, -2.7869999999999999]
tajectories: [[0.13413, 0.55282, -0.65, 0.85075, -2.80748, 1.32128, -2.787], [0.24458, 0.41363, -0.57954, 1.08319, -2.81966, 1.23296, -2.39779], [0.35504, 0.27444, -0.50908, 1.31563, -2.83185, 1.14465, -2.00858], [0.46549, 0.13524, -0.43861, 1.54808, -2.84404, 1.05634, -1.61937], [0.57594, -0.00395, -0.36815, 1.78052, -2.85623, 0.96802, -1.23016], [0.68639, -0.14315, -0.29769, 2.01296, -2.86842, 0.87971, -0.84095], [0.783, -0.26489, -0.23606, 2.21627, -2.87908, 0.80246, -0.50052], [0.90737, -0.43607, -0.2227, 2.33011, -3.1484, 0.51795, -0.30402], [1.03174, -0.60724, -0.20934, 2.44395, -3.41772, 0.23343, -0.10752], [1.1561, -0.77841, -0.19598, 2.55779, -3.68703, -0.05109, 0.08898], [1.28047, -0.94959, -0.18262, 2.67163, -3.95635, -0.33561, 0.28548], [1.32476, -1.01055, -0.17786, 2.71217, -4.05227, -0.43694, 0.35546], [1.42637, -1.15601, -0.38313, 2.54738, -3.72469, -0.59821, 0.22932], [1.52797, -1.30148, -0.5884, 2.3826, -3.39711, -0.75948, 0.10318], [1.62958, -1.44694, -0.79367, 2.21781, -3.06954, -0.92076, -0.02296], [1.73118, -1.59241, -0.99894, 2.05302, -2.74196, -1.08203, -0.1491], [1.83279, -1.73787, -1.2042, 1.88824, -2.41438, -1.2433, -0.27523], [1.93439, -1.88334, -1.40947, 1.72345, -2.0868, -1.40457, -0.40137]]
end: [1.9792000000000001, -1.9474899999999999, -1.5, 1.6507799999999999, -1.94234, -1.4757, -0.45700000000000002]
obtacles: [[[0.6, 0.5, -1.0], [0.9, 0.6, 1.0]], [[0.6, -0.6, -1.0], [0.9, -0.5, 1.0]], [[0.6, -0.6, 0.9], [0.9, 0.6, 1.0]], [[0.6, -0.6, -1.0], [0.9, 0.6, -0.9]], [[0.6, -0.6, 0.5], [0.9, 0.6, 0.6]], [[0.6, -0.6, -0.6], [0.9, 0.6, -0.5]], [[0.6, -0.3, 0.6], [0.9, -0.2, 1.0]], [[0.6, 0.0, -0.6], [0.9, 0.1, 0.6]], [[0.6, 0.1, -1.0], [0.9, 0.2, -0.5]]]
start: [2.3661699999999999, -1.8467499999999999, -1.6000000000000001, 1.6766300000000001, -1.8482499999999999, -1.56995, -0.90515000000000001]
tajectories: [[2.36617, -1.84675, -1.6, 1.67663, -1.84825, -1.56995, -0.90515], [2.04733, -1.60407, -1.50164, 1.75557, -1.8235, -1.3405, -0.76274], [1.7285, -1.36139, -1.40329, 1.83452, -1.79874, -1.11105, -0.62033], [1.40966, -1.1187, -1.30493, 1.91346, -1.77398, -0.8816, -0.47792], [1.09082, -0.87602, -1.20658, 1.9924, -1.74922, -0.65215, -0.33551], [0.77198, -0.63333, -1.10822, 2.07135, -1.72446, -0.4227, -0.1931], [0.56473, -0.47558, -1.04429, 2.12266, -1.70837, -0.27354, -0.10053], [0.63288, -0.55545, -1.31676, 2.06655, -1.38966, -0.06307, -0.22588], [0.70103, -0.63532, -1.58923, 2.01043, -1.07095, 0.14739, -0.35124], [0.76917, -0.7152, -1.8617, 1.95431, -0.75224, 0.35786, -0.4766], [0.83732, -0.79507, -2.13417, 1.8982, -0.43353, 0.56833, -0.60195], [0.85491, -0.81568, -2.20448, 1.88372, -0.35129, 0.62264, -0.6343], [1.13663, -0.46634, -2.26891, 1.86127, -0.17646, 0.6975, -0.72242], [1.41836, -0.11699, -2.33334, 1.83883, -0.00163, 0.77236, -0.81054], [1.70008, 0.23235, -2.39777, 1.81638, 0.1732, 0.84721, -0.89866], [1.98181, 0.58169, -2.4622, 1.79394, 0.34803, 0.92207, -0.98678], [2.26353, 0.93104, -2.52664, 1.77149, 0.52287, 0.99693, -1.0749], [2.29076, 0.9648, -2.53286, 1.76932, 0.53976, 1.00417, -1.08342], [2.05273, 0.93571, -2.38297, 1.59052, 0.61983, 0.68859, -0.90436], [1.8147, 0.90661, -2.23308, 1.41172, 0.6999, 0.37302, -0.72531], [1.57667, 0.87751, -2.08319, 1.23293, 0.77997, 0.05744, -0.54625], [1.33864, 0.84841, -1.93331, 1.05413, 0.86004, -0.25813, -0.36719], [1.10061, 0.81932, -1.78342, 0.87533, 0.94011, -0.5737, -0.18814], [0.86258, 0.79022, -1.63353, 0.69653, 1.02018, -0.88928, -0.00908]]
end: [0.80933999999999995, 0.78371000000000002, -1.6000000000000001, 0.65654000000000001, 1.03809, -0.95986000000000005, 0.030970000000000001]
obtacles: [[[0.6, 0.5, -1.0], [0.9, 0.6, 1.0]], [[0.6, -0.6, -1.0], [0.9, -0.5, 1.0]], [[0.6, -0.6, 0.9], [0.9, 0.6, 1.0]], [[0.6, -0.6, -1.0], [0.9, 0.6, -0.9]], [[0.6, -0.6, 0.5], [0.9, 0.6, 0.6]], [[0.6, -0.6, -0.6], [0.9, 0.6, -0.5]], [[0.6, -0.3, 0.6], [0.9, -0.2, 1.0]], [[0.6, 0.0, -0.6], [0.9, 0.1, 0.6]], [[0.6, 0.1, -1.0], [0.9, 0.2, -0.5]]]
start: [1.1818, 1.8489599999999999, -1.6000000000000001, 1.4708600000000001, -1.29115, 1.5702499999999999, -2.8567]
tajectories: [[1.1818, 1.84896, -1.6, 1.47086, -1.29115, 1.57025, -2.8567], [1.22075, 1.86061, -1.70256, 1.69863, -1.34005, 1.14182, -2.85868], [1.2597, 1.87226, -1.80512, 1.92641, -1.38896, 0.71339, -2.86066], [1.29865, 1.88391, -1.90769, 2.15418, -1.43787, 0.28496, -2.86264], [1.3376, 1.89556, -2.01025, 2.38195, -1.48678, -0.14347, -2.86462], [1.36765, 1.90454, -2.08936, 2.55764, -1.5245, -0.47394, -2.86615], [1.39416, 1.77695, -2.16519, 2.41724, -1.39366, -0.39788, -2.43644], [1.42068, 1.64935, -2.24102, 2.27684, -1.26281, -0.32182, -2.00673], [1.4472, 1.52175, -2.31685, 2.13645, -1.13197, -0.24577, -1.57702], [1.47372, 1.39415, -2.39268, 1.99605, -1.00113, -0.16971, -1.14731], [1.48391, 1.34514, -2.42181, 1.94212, -0.95087, -0.1405, -0.98226], [1.68043, 1.01942, -2.2105, 1.96216, -0.91845, -0.29613, -0.7953], [1.87696, 0.6937, -1.99919, 1.9822, -0.88602, -0.45177, -0.60833], [2.07349, 0.36798, -1.78788, 2.00224, -0.85359, -0.6074, -0.42136], [2.27001, 0.04226, -1.57656, 2.02228, -0.82117, -0.76303, -0.23439], [2.38979, -0.15626, -1.44778, 2.03449, -0.8014, -0.85789, -0.12044], [2.45308, -0.35288, -1.51789, 1.59839, -0.82334, -0.92435, -0.20611], [2.51636, -0.5495, -1.588, 1.16229, -0.84527, -0.9908, -0.29179]]
end: [2.5723199999999999, -0.72336999999999996, -1.6499999999999999, 0.77664999999999995, -0.86467000000000005, -1.0495699999999999, -0.36754999999999999]
obtacles: [[[0.6, 0.5, -1.0], [0.9, 0.6, 1.0]], [[0.6, -0.6, -1.0], [0.9, -0.5, 1.0]], [[0.6, -0.6, 0.9], [0.9, 0.6, 1.0]], [[0.6, -0.6, -1.0], [0.9, 0.6, -0.9]], [[0.6, -0.6, 0.5], [0.9, 0.6, 0.6]], [[0.6, -0.6, -0.6], [0.9, 0.6, -0.5]], [[0.6, -0.3, 0.6], [0.9, -0.2, 1.0]], [[0.6, 0.0, -0.6], [0.9, 0.1, 0.6]], [[0.6, 0.1, -1.0], [0.9, 0.2, -0.5]]]
start: [0.78507000000000005, 1.8119400000000001, -1.6499999999999999, 1.6078300000000001, -1.33186, 1.4850699999999999, -2.33873]
tajectories: [[0.78507, 1.81194, -1.65, 1.60783, -1.33186, 1.48507, -2.33873]]
end: [1.0902700000000001, 1.9456500000000001, -1.55, 1.7038199999999999, -1.1964900000000001, 1.5414099999999999, -2.5296599999999998]
