obtacles: [[[0.6, 0.5, -1.0], [0.9, 0.6, 1.0]], [[0.6, -0.6, -1.0], [0.9, -0.5, 1.0]], [[0.6, -0.6, 0.9], [0.9, 0.6, 1.0]], [[0.6, -0.6, -1.0], [0.9, 0.6, -0.9]], [[0.6, -0.6, 0.5], [0.9, 0.6, 0.6]], [[0.6, -0.6, -0.5], [0.9, 0.6, -0.4]], [[0.6, 0.2, 0.6], [0.9, 0.3, 1.0]], [[0.6, 0.1, -0.5], [0.9, 0.2, 0.6]], [[0.6, 0.1, -1.0], [0.9, 0.2, -0.4]]]
start: [-0.51393, 1.61907, 1.6000000000000001, 1.6536299999999999, -1.6165099999999999, -1.53773, -1.1382399999999999]
tajectories: [[-0.51393, 1.61907, 1.6, 1.65363, -1.61651, -1.53773, -1.13824], [-0.37792, 1.48061, 1.6, 1.27711, -1.49689, -1.5028, -0.90365]]
end: [-0.33743000000000001, 1.4394, 1.6000000000000001, 1.16503, -1.46129, -1.4923999999999999, -0.83382000000000001]
obtacles: [[[0.6, 0.5, -1.0], [0.9, 0.6, 1.0]], [[0.6, -0.6, -1.0], [0.9, -0.5, 1.0]], [[0.6, -0.6, 0.9], [0.9, 0.6, 1.0]], [[0.6, -0.6, -1.0], [0.9, 0.6, -0.9]], [[0.6, -0.6, 0.5], [0.9, 0.6, 0.6]], [[0.6, -0.6, -0.5], [0.9, 0.6, -0.4]], [[0.6, 0.2, 0.6], [0.9, 0.3, 1.0]], [[0.6, 0.1, -0.5], [0.9, 0.2, 0.6]], [[0.6, 0.1, -1.0], [0.9, 0.2, -0.4]]]
start: [-2.1448900000000002, -1.67012, 1.55, 1.4362999999999999, -1.46959, 1.56359, -2.7033900000000002]
tajectories: [[-2.14489, -1.67012, 1.55, 1.4363, -1.46959, 1.56359, -2.70339], [-2.1275, -1.52659, 1.61579, 1.54296, -1.86397, 1.51486, -2.46784], [-2.11012, -1.38306, 1.68158, 1.64961, -2.25835, 1.46614, -2.23229], [-2.09273, -1.23953, 1.74738, 1.75627, -2.65272, 1.41742, -1.99675], [-2.07534, -1.096, 1.81317, 1.86293, -3.0471, 1.36869, -1.7612], [-2.05795, -0.95247, 1.87896, 1.96958, -3.44148, 1.31997, -1.52565], [-2.04623, -0.85575, 1.9233, 2.04146, -3.70724, 1.28713, -1.36692], [-1.68509, -0.85107, 1.93887, 2.0511, -3.43289, 1.07769, -1.35797], [-1.32394, -0.8464, 1.95445, 2.06075, -3.15854, 0.86825, -1.34902], [-0.96279, -0.84172, 1.97002, 2.07039, -2.88419, 0.65881, -1.34007], [-0.60164, -0.83705, 1.9856, 2.08003, -2.60983, 0.44937, -1.33113], [-0.2405, -0.83237, 2.00117, 2.08968, -2.33548, 0.23993, -1.32218], [-0.06625, -0.83012, 2.00869, 2.09433, -2.20311, 0.13888, -1.31786], [-0.43597, -0.88109, 2.08265, 1.91827, -2.12929, -0.04208, -1.128], [-0.80568, -0.93206, 2.15662, 1.7422, -2.05547, -0.22304, -0.93815], [-1.1754, -0.98303, 2.23058, 1.56613, -1.98165, -0.40401, -0.74829], [-1.29923, -1.00011, 2.25536, 1.50716, -1.95693, -0.46462, -0.6847], [-1.24142, -0.62717, 2.16202, 1.62109, -1.8458, -0.33562, -0.92323], [-1.18361, -0.25423, 2.06869, 1.73502, -1.73468, -0.20662, -1.16175], [-1.1258, 0.11871, 1.97536, 1.84896, -1.62356, -0.07762, -1.40028], [-1.06948, 0.48198, 1.88445, 1.95993, -1.51532, 0.04803, -1.63262], [-1.00302, 0.53416, 1.80874, 1.72379, -1.35811, -0.21285, -1.33499], [-0.93656, 0.58634, 1.73303, 1.48765, -1.2009, -0.47374, -1.03735], [-0.87009, 0.63852, 1.65732, 1.25151, -1.04368, -0.73463, -0.73971], [-0.80363, 0.6907, 1.58162, 1.01537, -0.88647, -0.99552, -0.44207]]
end: [-0.77588000000000001, 0.71248999999999996, 1.55, 0.91674999999999995, -0.82081999999999999, -1.1044700000000001, -0.31777]
obtacles: [[[0.6, 0.5, -1.0], [0.9, 0.6, 1.0]], [[0.6, -0.6, -1.0], [0.9, -0.5, 1.0]], [[0.6, -0.6, 0.9], [0.9, 0.6, 1.0]], [[0.6, -0.6, -1.0], [0.9, 0.6, -0.9]], [[0.6, -0.6, 0.5], [0.9, 0.6, 0.6]], [[0.6, -0.6, -0.5], [0.9, 0.6, -0.4]], [[0.6, 0.2, 0.6], [0.9, 0.3, 1.0]], [[0.6, 0.1, -0.5], [0.9, 0.2, 0.6]], [[0.6, 0.1, -1.0], [0.9, 0.2, -0.4]]]
start: [-2.0405199999999999, -1.7794000000000001, 1.6000000000000001, 1.7468999999999999, -1.3603499999999999, 1.56264, -2.49356]
tajectories: [[-2.04052, -1.7794, 1.6, 1.7469, -1.36035, 1.56264, -2.49356], [-1.8831, -1.5293, 1.635, 1.7076, -1.18703, 1.36847, -2.18999], [-1.72567, -1.2792, 1.67, 1.66829, -1.01371, 1.1743, -1.88641], [-1.56824, -1.02911, 1.70499, 1.62899, -0.8404, 0.98013, -1.58284], [-1.41082, -0.77901, 1.73999, 1.58969, -0.66708, 0.78596, -1.27926], [-1.25339, -0.52891, 1.77499, 1.55038, -0.49376, 0.59179, -0.97568], [-1.10931, -0.30002, 1.80702, 1.51441, -0.33514, 0.41408, -0.69785], [-1.24009, -0.29314, 1.94329, 1.08656, -0.16824, 0.47192, -0.70231], [-1.37087, -0.28626, 2.07957, 0.6587, -0.00135, 0.52975, -0.70677], [-1.50165, -0.27938, 2.21584, 0.23085, 0.16555, 0.58759, -0.71124], [-1.63243, -0.2725, 2.35212, -0.197, 0.33245, 0.64543, -0.7157], [-1.76322, -0.26562, 2.4884, -0.62485, 0.49935, 0.70327, -0.72017], [-1.79901, -0.26374, 2.52569, -0.74195, 0.54502, 0.71909, -0.72139], [-1.89099, -0.20741, 2.45889, -0.4093, 0.51028, 0.50956, -1.00091], [-1.98298, -0.15108, 2.39209, -0.07665, 0.47553, 0.30002, -1.28044], [-2.07496, -0.09474, 2.32529, 0.256, 0.44078, 0.09049, -1.55996], [-2.16695, -0.03841, 2.25849, 0.58865, 0.40604, -0.11905, -1.83949], [-2.25893, 0.01793, 2.19169, 0.9213, 0.37129, -0.32858, -2.11901], [-2.35092, 0.07426, 2.12488, 1.25395, 0.33655, -0.53812, -2.39854], [-2.4429, 0.13059, 2.05808, 1.5866, 0.3018, -0.74765, -2.67807], [-2.4536, 0.13714, 2.05031, 1.62529, 0.29776, -0.77203, -2.71058], [-2.22531, 0.21772, 1.94402, 1.51395, 0.1505, -0.83009, -2.3329], [-1.99702, 0.2983, 1.83773, 1.40261, 0.00325, -0.88815, -1.95523], [-1.76872, 0.37887, 1.73144, 1.29127, -0.144, -0.94621, -1.57755], [-1.54043, 0.45945, 1.62515, 1.17993, -0.29126, -1.00428, -1.19987], [-1.31213, 0.54003, 1.51886, 1.06858, -0.43851, -1.06234, -0.8222], [-1.08384, 0.6206, 1.41256, 0.95724, -0.58577, -1.1204, -0.44452], [-0.85555, 0.70118, 1.30627, 0.8459, -0.73302, -1.17847, -0.06684]]
end: [-0.84208000000000005, 0.70592999999999995, 1.3, 0.83933000000000002, -0.74170999999999998, -1.1818900000000001, -0.044560000000000002]
obtacles: [[[0.6, 0.5, -1.0], [0.9, 0.6, 1.0]], [[0.6, -0.6, -1.0], [0.9, -0.5, 1.0]], [[0.6, -0.6, 0.9], [0.9, 0.6, 1.0]], [[0.6, -0.6, -1.0], [0.9, 0.6, -0.9]], [[0.6, -0.6, 0.5], [0.9, 0.6, 0.6]], [[0.6, -0.6, -0.5], [0.9, 0.6, -0.4]], [[0.6, 0.2, 0.6], [0.9, 0.3, 1.0]], [[0.6, 0.1, -0.5], [0.9, 0.2, 0.6]], [[0.6, 0.1, -1.0], [0.9, 0.2, -0.4]]]
start: [-0.20549999999999999, 1.8373600000000001, 1.95, 0.66527999999999998, -2.0304000000000002, -1.5576099999999999, -0.40523999999999999]
tajectories: [[-0.2055, 1.83736, 1.95, 0.66528, -2.0304, -1.55761, -0.40524], [-0.21438, 1.68905, 1.60811, 0.44356, -2.22567, -1.48675, -0.2684], [-0.22327, 1.54074, 1.26623, 0.22183, -2.42094, -1.4159, -0.13155], [-0.23215, 1.39243, 0.92434, 0.00011, -2.61621, -1.34504, 0.00529], [-0.23644, 1.32075, 0.75912, -0.10704, -2.71057, -1.3108, 0.07143], [-0.26333, 1.28629, 0.6078, 0.31321, -2.9097, -1.29466, 0.16453], [-0.29022, 1.25182, 0.45649, 0.73346, -3.10884, -1.27852, 0.25764], [-0.31711, 1.21735, 0.30517, 1.15371, -3.30797, -1.26239, 0.35074], [-0.344, 1.18288, 0.15385, 1.57395, -3.50711, -1.24625, 0.44385], [-0.3709, 1.14842, 0.00254, 1.9942, -3.70624, -1.23011, 0.53696], [-0.38355, 1.1322, -0.06867, 2.19195, -3.79994, -1.22251, 0.58077], [-0.70979, 0.79614, -0.0035, 2.27938, -3.86117, -1.1834, 0.69681], [-1.03603, 0.46009, 0.06167, 2.36681, -3.9224, -1.14428, 0.81284], [-1.36227, 0.12403, 0.12684, 2.45424, -3.98362, -1.10516, 0.92888], [-1.68851, -0.21202, 0.19201, 2.54167, -4.04485, -1.06605, 1.04492], [-2.01475, -0.54808, 0.25718, 2.6291, -4.10608, -1.02693, 1.16095], [-2.28018, -0.82149, 0.31021, 2.70023, -4.15589, -0.99511, 1.25536], [-2.23829, -0.70279, 0.38457, 2.57175, -3.72827, -0.97847, 1.08515], [-2.19641, -0.58408, 0.45893, 2.44327, -3.30064, -0.96183, 0.91493], [-2.15452, -0.46538, 0.53329, 2.31478, -2.87301, -0.94519, 0.74471], [-2.11264, -0.34668, 0.60765, 2.1863, -2.44538, -0.92855, 0.5745], [-2.07075, -0.22797, 0.68202, 2.05781, -2.01775, -0.91191, 0.40428], [-2.02886, -0.10927, 0.75638, 1.92933, -1.59012, -0.89528, 0.23406], [-1.98698, 0.00944, 0.83074, 1.80085, -1.16249, -0.87864, 0.06385], [-1.97837, 0.03383, 0.84602, 1.77445, -1.07463, -0.87522, 0.02887], [-1.65455, 0.21947, 0.92836, 1.47515, -0.98007, -0.94536, 0.05021], [-1.33074, 0.40512, 1.01071, 1.17585, -0.88551, -1.01549, 0.07155], [-1.00692, 0.59077, 1.09305, 0.87655, -0.79095, -1.08563, 0.09289]]
end: [-0.78298000000000001, 0.71916000000000002, 1.1499999999999999, 0.66954999999999998, -0.72555000000000003, -1.1341300000000001, 0.10765]
obtacles: [[[0.6, 0.5, -1.0], [0.9, 0.6, 1.0]], [[0.6, -0.6, -1.0], [0.9, -0.5, 1.0]], [[0.6, -0.6, 0.9], [0.9, 0.6, 1.0]], [[0.6, -0.6, -1.0], [0.9, 0.6, -0.9]], [[0.6, -0.6, 0.5], [0.9, 0.6, 0.6]], [[0.6, -0.6, -0.5], [0.9, 0.6, -0.4]], [[0.6, 0.2, 0.6], [0.9, 0.3, 1.0]], [[0.6, 0.1, -0.5], [0.9, 0.2, 0.6]], [[0.6, 0.1, -1.0], [0.9, 0.2, -0.4]]]
start: [-1.97898, -1.7118599999999999, 1.55, 1.6603399999999999, -1.4320900000000001, 1.5377099999999999, -2.64764]
tajectories: [[-1.97898, -1.71186, 1.55, 1.66034, -1.43209, 1.53771, -2.64764], [-1.81676, -1.67032, 1.19488, 1.79378, -1.32919, 1.34739, -2.47092], [-1.65454, -1.62879, 0.83976, 1.92723, -1.22629, 1.15706, -2.29419], [-1.49232, -1.58725, 0.48464, 2.06068, -1.1234, 0.96673, -2.11747], [-1.33011, -1.54571, 0.12952, 2.19412, -1.0205, 0.77641, -1.94075], [-1.16789, -1.50418, -0.22559, 2.32757, -0.9176, 0.58608, -1.76403], [-1.00567, -1.46264, -0.58071, 2.46102, -0.81471, 0.39575, -1.5873], [-0.97044, -1.45362, -0.65785, 2.49, -0.79236, 0.35441, -1.54892], [-0.71385, -1.20047, -0.75192, 2.47277, -0.62512, 0.14529, -1.35085], [-0.45726, -0.94732, -0.84598, 2.45554, -0.45789, -0.06384, -1.15278], [-0.20067, -0.69418, -0.94005, 2.43831, -0.29065, -0.27297, -0.95471], [0.05592, -0.44103, -1.03412, 2.42108, -0.12342, -0.48209, -0.75663], [0.31251, -0.18788, -1.12818, 2.40385, 0.04381, -0.69122, -0.55856], [0.4006, -0.10097, -1.16048, 2.39793, 0.10123, -0.76302, -0.49056], [0.23563, 0.1074, -1.05232, 2.38863, -0.09948, -0.78679, -0.13456], [0.07067, 0.31577, -0.94416, 2.37933, -0.30019, -0.81056, 0.22144], [-0.09429, 0.52413, -0.83601, 2.37004, -0.5009, -0.83433, 0.57744], [-0.25925, 0.7325, -0.72785, 2.36074, -0.70161, -0.85811, 0.93344], [-0.42421, 0.94087, -0.6197, 2.35144, -0.90232, -0.88188, 1.28944], [-0.58917, 1.14924, -0.51154, 2.34214, -1.10303, -0.90565, 1.64544], [-0.6528, 1.22961, -0.46982, 2.33855, -1.18045, -0.91482, 1.78277], [-0.66684, 1.27289, -0.15624, 2.08149, -1.23243, -1.01118, 1.51532], [-0.68088, 1.31616, 0.15734, 1.82443, -1.28441, -1.10754, 1.24787], [-0.69492, 1.35944, 0.47093, 1.56737, -1.33639, -1.2039, 0.98042], [-0.70896, 1.40271, 0.78451, 1.31032, -1.38837, -1.30025, 0.71297], [-0.723, 1.44599, 1.09809, 1.05326, -1.44035, -1.39661, 0.44552], [-0.73705, 1.48927, 1.41168, 0.7962, -1.49233, -1.49297, 0.17807]]
end: [-0.74324000000000001, 1.5083599999999999, 1.55, 0.68281000000000003, -1.5152600000000001, -1.5354699999999999, 0.060100000000000001]
obtacles: [[[0.6, 0.5, -1.0], [0.9, 0.6, 1.0]], [[0.6, -0.6, -1.0], [0.9, -0.5, 1.0]], [[0.6, -0.6, 0.9], [0.9, 0.6, 1.0]], [[0.6, -0.6, -1.0], [0.9, 0.6, -0.9]], [[0.6, -0.6, 0.5], [0.9, 0.6, 0.6]], [[0.6, -0.6, -0.5], [0.9, 0.6, -0.4]], [[0.6, 0.2, 0.6], [0.9, 0.3, 1.0]], [[0.6, 0.1, -0.5], [0.9, 0.2, 0.6]], [[0.6, 0.1, -1.0], [0.9, 0.2, -0.4]]]
start: [-1.9782900000000001, -1.4110100000000001, 1.55, 1.5559799999999999, -1.7302999999999999, 1.5479099999999999, -2.7454200000000002]
tajectories: [[-1.97829, -1.41101, 1.55, 1.55598, -1.7303, 1.54791, -2.74542], [-1.86241, -1.4789, 1.7869, 1.78986, -1.62669, 1.4068, -2.4446], [-1.74653, -1.5468, 2.0238, 2.02374, -1.52308, 1.2657, -2.14378], [-1.64044, -1.60895, 2.24068, 2.23786, -1.42822, 1.13652, -1.86838], [-1.4952, -1.29593, 2.19133, 2.27155, -1.40026, 0.99426, -1.5423], [-1.34995, -0.98291, 2.14197, 2.30524, -1.37231, 0.852, -1.21621], [-1.2047, -0.66988, 2.09262, 2.33892, -1.34435, 0.70975, -0.89013], [-1.05945, -0.35686, 2.04326, 2.37261, -1.3164, 0.56749, -0.56405], [-0.91421, -0.04384, 1.99391, 2.4063, -1.28844, 0.42523, -0.23797], [-0.7925, 0.21845, 1.95255, 2.43453, -1.26502, 0.30603, 0.03526], [-1.09743, 0.31277, 2.19436, 2.44881, -1.28086, 0.14547, 0.28709], [-1.40235, 0.40709, 2.43617, 2.46308, -1.29671, -0.01509, 0.53892], [-1.70728, 0.50141, 2.67798, 2.47736, -1.31256, -0.17565, 0.79075], [-1.70797, 0.50163, 2.67852, 2.47739, -1.3126, -0.17601, 0.79131], [-1.78964, 0.80437, 2.52881, 2.60664, -1.35485, -0.50508, 0.74148], [-1.87131, 1.10711, 2.37909, 2.73588, -1.39711, -0.83415, 0.69164], [-1.95299, 1.40986, 2.22938, 2.86513, -1.43936, -1.16322, 0.6418], [-2.03405, 1.71033, 2.08079, 2.99341, -1.4813, -1.48982, 0.59234], [-1.81827, 1.60609, 1.95993, 2.62821, -1.42953, -1.49983, 0.38785], [-1.60249, 1.50185, 1.83907, 2.26301, -1.37777, -1.50985, 0.18336], [-1.38671, 1.39761, 1.7182, 1.89781, -1.326, -1.51987, -0.02113], [-1.17093, 1.29337, 1.59734, 1.53261, -1.27424, -1.52989, -0.22562]]
end: [-1.0864100000000001, 1.25254, 1.55, 1.3895599999999999, -1.25396, -1.5338099999999999, -0.30571999999999999]
obtacles: [[[0.6, 0.5, -1.0], [0.9, 0.6, 1.0]], [[0.6, -0.6, -1.0], [0.9, -0.5, 1.0]], [[0.6, -0.6, 0.9], [0.9, 0.6, 1.0]], [[0.6, -0.6, -1.0], [0.9, 0.6, -0.9]], [[0.6, -0.6, 0.5], [0.9, 0.6, 0.6]], [[0.6, -0.6, -0.5], [0.9, 0.6, -0.4]], [[0.6, 0.2, 0.6], [0.9, 0.3, 1.0]], [[0.6, 0.1, -0.5], [0.9, 0.2, 0.6]], [[0.6, 0.1, -1.0], [0.9, 0.2, -0.4]]]
start: [-0.71694000000000002, 1.3546199999999999, 1.7, 1.9877199999999999, -1.3210299999999999, -1.5425899999999999, -1.2883599999999999]
tajectories: [[-0.71694, 1.35462, 1.7, 1.98772, -1.32103, -1.54259, -1.28836], [-0.8676, 1.56973, 1.7, 1.83757, -1.54929, -1.50977, -0.96385], [-1.01826, 1.78484, 1.7, 1.68742, -1.77755, -1.47695, -0.63933]]
end: [-1.13611, 1.9531099999999999, 1.7, 1.5699700000000001, -1.95611, -1.4512799999999999, -0.38547999999999999]
obtacles: [[[0.6, 0.5, -1.0], [0.9, 0.6, 1.0]], [[0.6, -0.6, -1.0], [0.9, -0.5, 1.0]], [[0.6, -0.6, 0.9], [0.9, 0.6, 1.0]], [[0.6, -0.6, -1.0], [0.9, 0.6, -0.9]], [[0.6, -0.6, 0.5], [0.9, 0.6, 0.6]], [[0.6, -0.6, -0.5], [0.9, 0.6, -0.4]], [[0.6, 0.2, 0.6], [0.9, 0.3, 1.0]], [[0.6, 0.1, -0.5], [0.9, 0.2, 0.6]], [[0.6, 0.1, -1.0], [0.9, 0.2, -0.4]]]
start: [-0.69638, 1.6794899999999999, 1.6499999999999999, 1.7293700000000001, -1.6660699999999999, -1.4758599999999999, -1.0241499999999999]
tajectories: [[-0.69638, 1.67949, 1.65, 1.72937, -1.66607, -1.47586, -1.02415]]
end: [-0.47599000000000002, 1.81209, 1.6499999999999999, 1.4235, -1.8212600000000001, -1.52986, -0.93274000000000001]
obtacles: [[[0.6, 0.5, -1.0], [0.9, 0.6, 1.0]], [[0.6, -0.6, -1.0], [0.9, -0.5, 1.0]], [[0.6, -0.6, 0.9], [0.9, 0.6, 1.0]], [[0.6, -0.6, -1.0], [0.9, 0.6, -0.9]], [[0.6, -0.6, 0.5], [0.9, 0.6, 0.6]], [[0.6, -0.6, -0.5], [0.9, 0.6, -0.4]], [[0.6, 0.2, 0.6], [0.9, 0.3, 1.0]], [[0.6, 0.1, -0.5], [0.9, 0.2, 0.6]], [[0.6, 0.1, -1.0], [0.9, 0.2, -0.4]]]
start: [-0.97319999999999995, 1.8096399999999999, 1.6499999999999999, 1.8065800000000001, -1.7863500000000001, -1.44041, -0.80974999999999997]
tajectories: [[-0.9732, 1.80964, 1.65, 1.80658, -1.78635, -1.44041, -0.80975], [-0.976, 1.51386, 1.54259, 1.87296, -2.06128, -1.35752, -1.06294], [-0.9788, 1.21808, 1.43518, 1.93934, -2.3362, -1.27463, -1.31614], [-0.9816, 0.9223, 1.32777, 2.00572, -2.61113, -1.19174, -1.56933], [-0.98441, 0.62652, 1.22036, 2.0721, -2.88605, -1.10885, -1.82253], [-0.98721, 0.33074, 1.11295, 2.13848, -3.16098, -1.02596, -2.07573], [-0.98842, 0.20308, 1.06659, 2.16713, -3.27964, -0.99019, -2.185], [-0.89331, 0.12601, 1.02722, 2.12248, -2.87071, -0.82436, -1.99329], [-0.7982, 0.04894, 0.98785, 2.07782, -2.46179, -0.65853, -1.80158], [-0.70309, -0.02813, 0.94847, 2.03316, -2.05287, -0.49271, -1.60987], [-0.60799, -0.10521, 0.9091, 1.9885, -1.64394, -0.32688, -1.41815], [-0.51288, -0.18228, 0.86973, 1.94385, -1.23502, -0.16105, -1.22644], [-0.48687, -0.20335, 0.85897, 1.93163, -1.12321, -0.11571, -1.17402], [-0.51258, -0.01565, 0.91886, 1.7216, -0.96727, -0.43081, -0.96714], [-0.53829, 0.17205, 0.97876, 1.51157, -0.81133, -0.74591, -0.76025], [-0.56399, 0.35976, 1.03866, 1.30154, -0.65539, -1.06101, -0.55337], [-0.5897, 0.54746, 1.09855, 1.0915, -0.49945, -1.37611, -0.34648]]
end: [-0.59031999999999996, 0.55198999999999998, 1.1000000000000001, 1.08643, -0.49569000000000002, -1.3837200000000001, -0.34148000000000001]
obtacles: [[[0.6, 0.5, -1.0], [0.9, 0.6, 1.0]], [[0.6, -0.6, -1.0], [0.9, -0.5, 1.0]], [[0.6, -0.6, 0.9], [0.9, 0.6, 1.0]], [[0.6, -0.6, -1.0], [0.9, 0.6, -0.9]], [[0.6, -0.6, 0.5], [0.9, 0.6, 0.6]], [[0.6, -0.6, -0.5], [0.9, 0.6, -0.4]], [[0.6, 0.2, 0.6], [0.9, 0.3, 1.0]], [[0.6, 0.1, -0.5], [0.9, 0.2, 0.6]], [[0.6, 0.1, -1.0], [0.9, 0.2, -0.4]]]
start: [-0.71438000000000001, 1.72211, 1.6000000000000001, 1.6020399999999999, -1.7212099999999999, -1.5372300000000001, -0.88292000000000004]
tajectories: [[-0.71438, 1.72211, 1.6, 1.60204, -1.72121, -1.53723, -0.88292], [-0.50064, 1.92552, 1.72225, 1.3145, -1.95397, -1.5382, -0.77739]]
end: [-0.45212000000000002, 1.9716899999999999, 1.75, 1.2492300000000001, -2.0068100000000002, -1.53843, -0.75343000000000004]
