obtacles: [[[0.6, 0.5, -1.0], [0.9, 0.6, 1.0]], [[0.6, -0.6, -1.0], [0.9, -0.5, 1.0]], [[0.6, -0.6, 0.9], [0.9, 0.6, 1.0]], [[0.6, -0.6, -1.0], [0.9, 0.6, -0.9]], [[0.6, -0.6, 0.3], [0.9, 0.6, 0.4]], [[0.6, -0.6, -0.6], [0.9, 0.6, -0.5]], [[0.6, -0.2, 0.4], [0.9, -0.1, 1.0]], [[0.6, 0.2, -0.6], [0.9, 0.3, 0.4]], [[0.6, -0.3, -1.0], [0.9, -0.2, -0.5]]]
start: [2.22227, -1.95367, -1.1000000000000001, 1.33788, -2.0791400000000002, -1.24173, -0.23943999999999999]
tajectories: [[2.22227, -1.95367, -1.1, 1.33788, -2.07914, -1.24173, -0.23944], [2.04138, -1.86576, -1.27747, 1.61541, -1.98212, -0.98399, -0.08072], [1.86049, -1.77784, -1.45494, 1.89293, -1.88511, -0.72626, 0.078], [1.6796, -1.68992, -1.63241, 2.17046, -1.78809, -0.46852, 0.23672], [1.49871, -1.60201, -1.80988, 2.44798, -1.69107, -0.21079, 0.39545], [1.44479, -1.5758, -1.86278, 2.5307, -1.66215, -0.13397, 0.44276], [1.61748, -1.36434, -1.56206, 2.47161, -1.92876, -0.12772, 0.34066], [1.79016, -1.15288, -1.26134, 2.41252, -2.19536, -0.12147, 0.23856], [1.96285, -0.94142, -0.96062, 2.35343, -2.46197, -0.11523, 0.13647], [2.11068, -0.76039, -0.70317, 2.30284, -2.69021, -0.10988, 0.04906], [1.92752, -0.76673, -0.41704, 2.18785, -2.75987, -0.12181, -0.292], [1.74436, -0.77307, -0.13092, 2.07286, -2.82953, -0.13373, -0.63307], [1.56119, -0.77941, 0.15521, 1.95787, -2.89919, -0.14566, -0.97413], [1.37803, -0.78575, 0.44134, 1.84288, -2.96886, -0.15759, -1.31519], [1.22308, -0.79111, 0.68339, 1.7456, -3.02779, -0.16768, -1.60372], [1.21082, -0.6641, 0.28402, 1.61381, -3.06073, -0.27953, -1.8117], [1.19857, -0.53709, -0.11536, 1.48201, -3.09366, -0.39137, -2.01968], [1.18631, -0.41008, -0.51473, 1.35022, -3.1266, -0.50322, -2.22767], [1.17405, -0.28307, -0.9141, 1.21843, -3.15954, -0.61507, -2.43565], [1.16878, -0.22845, -1.08585, 1.16175, -3.1737, -0.66317, -2.52509], [1.05547, -0.05938, -1.08892, 1.13384, -3.05824, -0.22907, -2.60269], [0.94216, 0.10968, -1.092, 1.10594, -2.94278, 0.20502, -2.68028], [0.82885, 0.27875, -1.09507, 1.07803, -2.82732, 0.63912, -2.75787], [0.71554, 0.44781, -1.09814, 1.05013, -2.71186, 1.07321, -2.83547]]
end: [0.64698999999999995, 0.55008999999999997, -1.1000000000000001, 1.03325, -2.64201, 1.3358300000000001, -2.8824100000000001]
obtacles: [[[0.6, 0.5, -1.0], [0.9, 0.6, 1.0]], [[0.6, -0.6, -1.0], [0.9, -0.5, 1.0]], [[0.6, -0.6, 0.9], [0.9, 0.6, 1.0]], [[0.6, -0.6, -1.0], [0.9, 0.6, -0.9]], [[0.6, -0.6, 0.3], [0.9, 0.6, 0.4]], [[0.6, -0.6, -0.6], [0.9, 0.6, -0.5]], [[0.6, -0.2, 0.4], [0.9, -0.1, 1.0]], [[0.6, 0.2, -0.6], [0.9, 0.3, 0.4]], [[0.6, -0.3, -1.0], [0.9, -0.2, -0.5]]]
start: [-0.87868999999999997, 1.9497500000000001, 1.6000000000000001, 1.9192100000000001, -1.9202999999999999, -1.4184099999999999, -1.00796]
tajectories: [[-0.87869, 1.94975, 1.6, 1.91921, -1.9203, -1.41841, -1.00796], [-1.18636, 1.90669, 1.75022, 2.00337, -1.69224, -1.21824, -0.82974], [-1.49402, 1.86364, 1.90044, 2.08753, -1.46418, -1.01808, -0.65152], [-1.80169, 1.82058, 2.05066, 2.1717, -1.23612, -0.81791, -0.47331], [-1.99986, 1.79285, 2.14742, 2.22591, -1.08922, -0.68898, -0.35851], [-1.62089, 1.6035, 2.22076, 2.45714, -1.11496, -0.6105, -0.42824], [-1.24192, 1.41416, 2.29409, 2.68838, -1.14069, -0.53202, -0.49797], [-0.86296, 1.22482, 2.36743, 2.91961, -1.16642, -0.45354, -0.5677], [-0.66014, 1.12349, 2.40667, 3.04337, -1.18019, -0.41153, -0.60501], [-0.53955, 1.06613, 2.25551, 2.60214, -1.15576, -0.52151, -0.64911], [-0.41897, 1.00877, 2.10434, 2.16091, -1.13132, -0.63148, -0.6932], [-0.29838, 0.95142, 1.95317, 1.71968, -1.10689, -0.74145, -0.73729], [-0.1778, 0.89406, 1.80201, 1.27845, -1.08245, -0.85143, -0.78138], [-0.05721, 0.8367, 1.65084, 0.83723, -1.05801, -0.9614, -0.82547]]
end: [-0.016660000000000001, 0.81740999999999997, 1.6000000000000001, 0.68884000000000001, -1.04979, -0.99838000000000005, -0.84030000000000005]
obtacles: [[[0.6, 0.5, -1.0], [0.9, 0.6, 1.0]], [[0.6, -0.6, -1.0], [0.9, -0.5, 1.0]], [[0.6, -0.6, 0.9], [0.9, 0.6, 1.0]], [[0.6, -0.6, -1.0], [0.9, 0.6, -0.9]], [[0.6, -0.6, 0.3], [0.9, 0.6, 0.4]], [[0.6, -0.6, -0.6], [0.9, 0.6, -0.5]], [[0.6, -0.2, 0.4], [0.9, -0.1, 1.0]], [[0.6, 0.2, -0.6], [0.9, 0.3, 0.4]], [[0.6, -0.3, -1.0], [0.9, -0.2, -0.5]]]
start: [-0.74441000000000002, 1.9413100000000001, 1.7, 1.3541099999999999, -1.96031, -1.5313399999999999, -0.57767000000000002]
tajectories: [[-0.74441, 1.94131, 1.7, 1.35411, -1.96031, -1.53134, -0.57767], [-0.79616, 1.82968, 1.62259, 1.67379, -2.20571, -1.33625, -0.40916], [-0.84792, 1.71806, 1.54517, 1.99346, -2.45111, -1.14116, -0.24065], [-0.89967, 1.60643, 1.46776, 2.31314, -2.69651, -0.94607, -0.07214], [-0.91772, 1.5675, 1.44076, 2.42463, -2.7821, -0.87803, -0.01337], [-0.87451, 1.48071, 1.85575, 2.53299, -2.69394, -1.09687, -0.04466], [-0.8313, 1.39392, 2.27074, 2.64135, -2.60579, -1.3157, -0.07596], [-0.80763, 1.34636, 2.49813, 2.70072, -2.55748, -1.43561, -0.0931], [-0.70429, 1.30836, 2.51475, 2.49683, -2.32459, -1.27241, -0.43244], [-0.60095, 1.27037, 2.53137, 2.29293, -2.0917, -1.10921, -0.77179], [-0.49761, 1.23237, 2.54799, 2.08903, -1.85881, -0.946, -1.11113], [-0.48136, 1.2264, 2.5506, 2.05698, -1.8222, -0.92035, -1.16446], [-0.41796, 1.09811, 2.3149, 1.72982, -1.57844, -0.94553, -1.08153], [-0.35455, 0.96982, 2.0792, 1.40265, -1.33468, -0.9707, -0.9986], [-0.29114, 0.84153, 1.84351, 1.07549, -1.09092, -0.99588, -0.91567]]
end: [-0.25253999999999999, 0.76341999999999999, 1.7, 0.87629000000000001, -0.9425, -1.0112000000000001, -0.86517999999999995]
obtacles: [[[0.6, 0.5, -1.0], [0.9, 0.6, 1.0]], [[0.6, -0.6, -1.0], [0.9, -0.5, 1.0]], [[0.6, -0.6, 0.9], [0.9, 0.6, 1.0]], [[0.6, -0.6, -1.0], [0.9, 0.6, -0.9]], [[0.6, -0.6, 0.3], [0.9, 0.6, 0.4]], [[0.6, -0.6, -0.6], [0.9, 0.6, -0.5]], [[0.6, -0.2, 0.4], [0.9, -0.1, 1.0]], [[0.6, 0.2, -0.6], [0.9, 0.3, 0.4]], [[0.6, -0.3, -1.0], [0.9, -0.2, -0.5]]]
start: [0.23955000000000001, 0.94479000000000002, 1.7, 0.36676999999999998, -1.43154, -0.94667000000000001, -0.69318000000000002]
tajectories: [[0.23955, 0.94479, 1.7, 0.36677, -1.43154, -0.94667, -0.69318], [0.1565, 0.93709, 1.78102, 0.43461, -1.30583, -0.71194, -0.29197], [0.07345, 0.9294, 1.86205, 0.50245, -1.18013, -0.4772, 0.10925], [-0.0096, 0.9217, 1.94307, 0.5703, -1.05443, -0.24246, 0.51046], [-0.07557, 0.91558, 2.00743, 0.62419, -0.95458, -0.056, 0.82916], [-0.10205, 0.74788, 1.83873, 0.8405, -0.85144, 0.31175, 0.82196], [-0.12853, 0.58018, 1.67003, 1.05681, -0.74831, 0.67949, 0.81476], [-0.15074, 0.43952, 1.52853, 1.23824, -0.6618, 0.98794, 0.80872], [-0.49387, 0.26147, 1.37537, 1.25098, -0.83205, 0.87327, 0.62214], [-0.837, 0.08341, 1.22221, 1.26371, -1.0023, 0.75861, 0.43557], [-1.18012, -0.09464, 1.06905, 1.27645, -1.17256, 0.64395, 0.249], [-1.52325, -0.2727, 0.9159, 1.28919, -1.34281, 0.52929, 0.06243], [-1.77081, -0.40116, 0.80539, 1.29837, -1.46565, 0.44656, -0.07218], [-1.62924, -0.17854, 0.6344, 1.48229, -1.76142, 0.31221, -0.18083], [-1.48767, 0.04408, 0.46341, 1.6662, -2.05719, 0.17786, -0.28949], [-1.3461, 0.2667, 0.29242, 1.85011, -2.35296, 0.04351, -0.39814], [-1.20452, 0.48933, 0.12142, 2.03402, -2.64873, -0.09084, -0.50679], [-1.06295, 0.71195, -0.04957, 2.21793, -2.9445, -0.22519, -0.61544], [-0.92138, 0.93457, -0.22056, 2.40184, -3.24027, -0.35954, -0.72409], [-0.87105, 1.01371, -0.28135, 2.46722, -3.34542, -0.4073, -0.76271], [-0.92231, 1.16245, 0.05005, 2.31755, -3.10457, -0.58139, -0.6941], [-0.97356, 1.31119, 0.38144, 2.16788, -2.86372, -0.75549, -0.62548], [-1.02482, 1.45994, 0.71284, 2.01822, -2.62287, -0.92958, -0.55686], [-1.07608, 1.60868, 1.04423, 1.86855, -2.38202, -1.10367, -0.48824], [-1.12733, 1.75742, 1.37563, 1.71888, -2.14117, -1.27777, -0.41962]]
end: [-1.1775, 1.9030100000000001, 1.7, 1.57239, -1.9054199999999999, -1.44817, -0.35246]
obtacles: [[[0.6, 0.5, -1.0], [0.9, 0.6, 1.0]], [[0.6, -0.6, -1.0], [0.9, -0.5, 1.0]], [[0.6, -0.6, 0.9], [0.9, 0.6, 1.0]], [[0.6, -0.6, -1.0], [0.9, 0.6, -0.9]], [[0.6, -0.6, 0.3], [0.9, 0.6, 0.4]], [[0.6, -0.6, -0.6], [0.9, 0.6, -0.5]], [[0.6, -0.2, 0.4], [0.9, -0.1, 1.0]], [[0.6, 0.2, -0.6], [0.9, 0.3, 0.4]], [[0.6, -0.3, -1.0], [0.9, -0.2, -0.5]]]
start: [-0.69155999999999995, 1.9540200000000001, 1.55, 1.8823799999999999, -1.94282, -1.47438, -1.17669]
tajectories: [[-0.69156, 1.95402, 1.55, 1.88238, -1.94282, -1.47438, -1.17669], [-0.86339, 1.82628, 1.40803, 2.0453, -1.70114, -1.47035, -0.86199], [-1.03521, 1.69855, 1.26606, 2.20822, -1.45946, -1.46631, -0.54729], [-1.20704, 1.57082, 1.12409, 2.37114, -1.21778, -1.46228, -0.23258], [-1.37886, 1.44308, 0.98212, 2.53406, -0.9761, -1.45825, 0.08212], [-1.55069, 1.31535, 0.84015, 2.69698, -0.73442, -1.45421, 0.39682], [-1.72251, 1.18762, 0.69818, 2.8599, -0.49274, -1.45018, 0.71152], [-1.87998, 1.07056, 0.56807, 3.00921, -0.27125, -1.44648, 0.99993], [-1.98663, 0.9694, 0.70011, 2.69484, -0.09199, -1.38086, 0.72481], [-2.09327, 0.86825, 0.83215, 2.38048, 0.08727, -1.31523, 0.44968], [-2.19991, 0.7671, 0.96418, 2.06611, 0.26653, -1.2496, 0.17455], [-2.30656, 0.66594, 1.09622, 1.75175, 0.44579, -1.18397, -0.10058], [-2.4132, 0.56479, 1.22826, 1.43739, 0.62506, -1.11835, -0.3757], [-2.41892, 0.55936, 1.23534, 1.42053, 0.63467, -1.11483, -0.39046], [-2.13703, 0.40491, 1.22563, 1.32347, 0.49708, -0.82004, -0.56749], [-1.85514, 0.25046, 1.21593, 1.22641, 0.35949, -0.52526, -0.74452], [-1.57325, 0.09601, 1.20623, 1.12935, 0.22189, -0.23048, -0.92156], [-1.29137, -0.05844, 1.19652, 1.03229, 0.0843, 0.0643, -1.09859], [-1.00948, -0.21289, 1.18682, 0.93523, -0.05329, 0.35909, -1.27562], [-0.72759, -0.36734, 1.17711, 0.83817, -0.19088, 0.65387, -1.45266], [-0.4457, -0.52179, 1.16741, 0.74111, -0.32847, 0.94865, -1.62969], [-0.16381, -0.67624, 1.1577, 0.64405, -0.46607, 1.24344, -1.80672], [-0.16188, -0.6773, 1.15764, 0.64338, -0.46701, 1.24546, -1.80794], [-0.26516, -0.43745, 1.25786, 0.8839, -0.14542, 1.22682, -1.90861], [-0.36844, -0.19759, 1.35808, 1.12443, 0.17618, 1.20817, -2.00927], [-0.47173, 0.04226, 1.4583, 1.36495, 0.49778, 1.18952, -2.10994], [-0.57501, 0.28212, 1.55852, 1.60547, 0.81937, 1.17088, -2.21061], [-0.6783, 0.52198, 1.65875, 1.846, 1.14097, 1.15223, -2.31127], [-0.72094, 0.621, 1.70012, 1.9453, 1.27374, 1.14453, -2.35283], [-0.59667, 0.64077, 1.68185, 1.74473, 0.96457, 0.90389, -2.15256], [-0.4724, 0.66054, 1.66358, 1.54417, 0.65539, 0.66325, -1.95229], [-0.34813, 0.68031, 1.6453, 1.3436, 0.34622, 0.42261, -1.75202], [-0.22386, 0.70007, 1.62703, 1.14304, 0.03704, 0.18196, -1.55175], [-0.09959, 0.71984, 1.60876, 0.94247, -0.27213, -0.05868, -1.35148], [0.02468, 0.73961, 1.59048, 0.74191, -0.58131, -0.29932, -1.15121], [0.14895, 0.75938, 1.57221, 0.54134, -0.89048, -0.53996, -0.95094], [0.27322, 0.77915, 1.55394, 0.34077, -1.19966, -0.78061, -0.75067]]
end: [0.29998999999999998, 0.78339999999999999, 1.55, 0.29757, -1.2662500000000001, -0.83243999999999996, -0.70753999999999995]
obtacles: [[[0.6, 0.5, -1.0], [0.9, 0.6, 1.0]], [[0.6, -0.6, -1.0], [0.9, -0.5, 1.0]], [[0.6, -0.6, 0.9], [0.9, 0.6, 1.0]], [[0.6, -0.6, -1.0], [0.9, 0.6, -0.9]], [[0.6, -0.6, 0.3], [0.9, 0.6, 0.4]], [[0.6, -0.6, -0.6], [0.9, 0.6, -0.5]], [[0.6, -0.2, 0.4], [0.9, -0.1, 1.0]], [[0.6, 0.2, -0.6], [0.9, 0.3, 0.4]], [[0.6, -0.3, -1.0], [0.9, -0.2, -0.5]]]
start: [-0.062920000000000004, 1.89235, 2.0, 0.70177, -2.10087, -1.5572699999999999, -0.56452000000000002]
tajectories: [[-0.06292, 1.89235, 2.0, 0.70177, -2.10087, -1.55727, -0.56452], [-0.28313, 1.86831, 1.89533, 0.84782, -2.47545, -1.45587, -0.43016], [-0.50335, 1.84427, 1.79067, 0.99387, -2.85002, -1.35446, -0.2958], [-0.72356, 1.82022, 1.686, 1.13992, -3.2246, -1.25306, -0.16145], [-0.87181, 1.80404, 1.61554, 1.23824, -3.47677, -1.18479, -0.071], [-1.05436, 1.78097, 1.42288, 1.53777, -3.31445, -1.07127, -0.29478], [-1.19468, 1.76324, 1.27479, 1.76802, -3.18969, -0.98402, -0.46679], [-1.47908, 1.68826, 1.58123, 1.82176, -3.0442, -0.96196, -0.25455], [-1.76347, 1.61328, 1.88768, 1.87551, -2.89871, -0.9399, -0.0423], [-2.04787, 1.5383, 2.19412, 1.92926, -2.75322, -0.91784, 0.16995], [-2.13416, 1.51555, 2.2871, 1.94556, -2.70907, -0.91114, 0.23435], [-1.85859, 1.39616, 2.22642, 1.71967, -2.40476, -0.90597, 0.1227], [-1.58303, 1.27678, 2.16573, 1.49378, -2.10045, -0.90079, 0.01104], [-1.30746, 1.15739, 2.10505, 1.26788, -1.79614, -0.89562, -0.10061], [-1.03189, 1.038, 2.04437, 1.04199, -1.49183, -0.89044, -0.21226]]
end: [-0.83042000000000005, 0.95072000000000001, 2.0, 0.87683999999999995, -1.26935, -0.88666, -0.29388999999999998]
obtacles: [[[0.6, 0.5, -1.0], [0.9, 0.6, 1.0]], [[0.6, -0.6, -1.0], [0.9, -0.5, 1.0]], [[0.6, -0.6, 0.9], [0.9, 0.6, 1.0]], [[0.6, -0.6, -1.0], [0.9, 0.6, -0.9]], [[0.6, -0.6, 0.3], [0.9, 0.6, 0.4]], [[0.6, -0.6, -0.6], [0.9, 0.6, -0.5]], [[0.6, -0.2, 0.4], [0.9, -0.1, 1.0]], [[0.6, 0.2, -0.6], [0.9, 0.3, 0.4]], [[0.6, -0.3, -1.0], [0.9, -0.2, -0.5]]]
start: [-0.49157000000000001, 1.7330300000000001, 1.6000000000000001, 1.43024, -1.7355100000000001, -1.5648899999999999, -0.93581000000000003]
tajectories: [[-0.49157, 1.73303, 1.6, 1.43024, -1.73551, -1.56489, -0.93581], [-0.51708, 1.80012, 1.81039, 1.18315, -1.92963, -1.56525, -0.61667], [-0.54259, 1.8672, 2.02079, 0.93607, -2.12375, -1.56562, -0.29753], [-0.5681, 1.93429, 2.23118, 0.68898, -2.31787, -1.56598, 0.02161]]
end: [-0.58250000000000002, 1.97217, 2.3500000000000001, 0.54944000000000004, -2.4275000000000002, -1.5661799999999999, 0.20183000000000001]
obtacles: [[[0.6, 0.5, -1.0], [0.9, 0.6, 1.0]], [[0.6, -0.6, -1.0], [0.9, -0.5, 1.0]], [[0.6, -0.6, 0.9], [0.9, 0.6, 1.0]], [[0.6, -0.6, -1.0], [0.9, 0.6, -0.9]], [[0.6, -0.6, 0.3], [0.9, 0.6, 0.4]], [[0.6, -0.6, -0.6], [0.9, 0.6, -0.5]], [[0.6, -0.2, 0.4], [0.9, -0.1, 1.0]], [[0.6, 0.2, -0.6], [0.9, 0.3, 0.4]], [[0.6, -0.3, -1.0], [0.9, -0.2, -0.5]]]
start: [-0.34627000000000002, 1.92713, 1.75, 1.6691499999999999, -1.91517, -1.36893, -1.2553000000000001]
tajectories: [[-0.34627, 1.92713, 1.75, 1.66915, -1.91517, -1.36893, -1.2553], [-0.60823, 1.7649, 1.56412, 1.88122, -1.95739, -1.11792, -1.35897], [-0.87019, 1.60267, 1.37824, 2.09328, -1.99962, -0.86691, -1.46263], [-1.13215, 1.44044, 1.19236, 2.30535, -2.04185, -0.6159, -1.5663], [-1.3941, 1.27821, 1.00648, 2.51741, -2.08408, -0.36489, -1.66996], [-1.57456, 1.16645, 0.87843, 2.6635, -2.11316, -0.19197, -1.74137], [-1.55125, 1.20634, 0.87418, 2.39716, -1.9981, -0.31229, -1.35512], [-1.52794, 1.24623, 0.86993, 2.13081, -1.88304, -0.4326, -0.96886], [-1.50463, 1.28613, 0.86568, 1.86447, -1.76797, -0.55292, -0.5826], [-1.48132, 1.32602, 0.86142, 1.59813, -1.65291, -0.67323, -0.19635], [-1.47386, 1.33878, 0.86006, 1.51288, -1.61608, -0.71175, -0.07271], [-1.46551, 1.04291, 0.90056, 1.15046, -1.49254, -0.74574, 0.04126], [-1.45716, 0.74705, 0.94105, 0.78805, -1.369, -0.77972, 0.15522], [-1.44881, 0.45118, 0.98154, 0.42563, -1.24545, -0.81371, 0.26919], [-1.44046, 0.15531, 1.02203, 0.06321, -1.12191, -0.8477, 0.38315], [-1.43439, -0.05948, 1.05143, -0.19989, -1.03222, -0.87238, 0.46589], [-1.18582, 0.20262, 1.23532, -0.25204, -1.28681, -0.92117, 0.59151], [-0.93724, 0.46472, 1.4192, -0.30418, -1.54141, -0.96995, 0.71714], [-0.68866, 0.72682, 1.60309, -0.35633, -1.796, -1.01874, 0.84276]]
end: [-0.49006, 0.93623000000000001, 1.75, -0.39799000000000001, -1.9994000000000001, -1.05772, 0.94313000000000002]
obtacles: [[[0.6, 0.5, -1.0], [0.9, 0.6, 1.0]], [[0.6, -0.6, -1.0], [0.9, -0.5, 1.0]], [[0.6, -0.6, 0.9], [0.9, 0.6, 1.0]], [[0.6, -0.6, -1.0], [0.9, 0.6, -0.9]], [[0.6, -0.6, 0.3], [0.9, 0.6, 0.4]], [[0.6, -0.6, -0.6], [0.9, 0.6, -0.5]], [[0.6, -0.2, 0.4], [0.9, -0.1, 1.0]], [[0.6, 0.2, -0.6], [0.9, 0.3, 0.4]], [[0.6, -0.3, -1.0], [0.9, -0.2, -0.5]]]
start: [-0.13653000000000001, 0.84565999999999997, 1.6000000000000001, 1.3065, -0.86736999999999997, -1.3752, -1.2530300000000001]
tajectories: [[-0.13653, 0.84566, 1.6, 1.3065, -0.86737, -1.3752, -1.25303], [-0.22372, 0.89936, 1.7392, 1.76158, -0.9708, -1.41892, -1.23214], [-0.31091, 0.95306, 1.8784, 2.21665, -1.07422, -1.46264, -1.21125], [-0.3981, 1.00677, 2.0176, 2.67173, -1.17764, -1.50636, -1.19036], [-0.48199, 1.05843, 2.15152, 3.10956, -1.27715, -1.54843, -1.17026], [-0.51274, 0.99136, 1.85846, 3.0432, -1.22282, -1.25178, -0.91863], [-0.54349, 0.92429, 1.5654, 2.97685, -1.16848, -0.95513, -0.667], [-0.57424, 0.85721, 1.27234, 2.9105, -1.11415, -0.65848, -0.41537], [-0.60499, 0.79014, 0.97928, 2.84415, -1.05981, -0.36183, -0.16374], [-0.63574, 0.72307, 0.68622, 2.7778, -1.00548, -0.06518, 0.08788], [-0.66649, 0.65599, 0.39316, 2.71145, -0.95115, 0.23146, 0.33951], [-0.69724, 0.58892, 0.10011, 2.6451, -0.89681, 0.52811, 0.59114], [-0.70619, 0.5694, 0.0148, 2.62578, -0.881, 0.61446, 0.66439], [-0.76413, 0.73536, 0.24653, 2.46523, -1.00158, 0.2984, 0.50567], [-0.82207, 0.90132, 0.47825, 2.30468, -1.12216, -0.01766, 0.34694], [-0.88001, 1.06728, 0.70997, 2.14413, -1.24274, -0.33372, 0.18822], [-0.93795, 1.23324, 0.9417, 1.98358, -1.36333, -0.64978, 0.0295], [-0.99589, 1.3992, 1.17342, 1.82303, -1.48391, -0.96584, -0.12922], [-1.05383, 1.56516, 1.40515, 1.66247, -1.60449, -1.2819, -0.28794]]
end: [-1.1025400000000001, 1.7047099999999999, 1.6000000000000001, 1.5274700000000001, -1.7058899999999999, -1.5476700000000001, -0.4214]
obtacles: [[[0.6, 0.5, -1.0], [0.9, 0.6, 1.0]], [[0.6, -0.6, -1.0], [0.9, -0.5, 1.0]], [[0.6, -0.6, 0.9], [0.9, 0.6, 1.0]], [[0.6, -0.6, -1.0], [0.9, 0.6, -0.9]], [[0.6, -0.6, 0.3], [0.9, 0.6, 0.4]], [[0.6, -0.6, -0.6], [0.9, 0.6, -0.5]], [[0.6, -0.2, 0.4], [0.9, -0.1, 1.0]], [[0.6, 0.2, -0.6], [0.9, 0.3, 0.4]], [[0.6, -0.3, -1.0], [0.9, -0.2, -0.5]]]
start: [-1.1518900000000001, 1.84646, 1.6000000000000001, 1.7087399999999999, -1.8403499999999999, -1.50549, -0.54393999999999998]
tajectories: [[-1.15189, 1.84646, 1.6, 1.70874, -1.84035, -1.50549, -0.54394], [-1.14277, 1.72931, 1.30208, 1.75664, -1.79533, -1.40101, -0.90753], [-1.13365, 1.61216, 1.00417, 1.80454, -1.75031, -1.29653, -1.27113], [-1.12452, 1.49501, 0.70625, 1.85244, -1.7053, -1.19205, -1.63472], [-1.1154, 1.37786, 0.40833, 1.90035, -1.66028, -1.08756, -1.99832], [-1.10627, 1.26071, 0.11042, 1.94825, -1.61526, -0.98308, -2.36191], [-1.09832, 1.15864, -0.14917, 1.98998, -1.57604, -0.89204, -2.67872], [-1.10129, 0.95156, -0.14203, 1.87304, -1.60941, -0.45519, -2.64094], [-1.10426, 0.74449, -0.13489, 1.75609, -1.64277, -0.01833, -2.60315], [-1.10723, 0.53741, -0.12775, 1.63915, -1.67614, 0.41853, -2.56537], [-1.1102, 0.33034, -0.12062, 1.5222, -1.70951, 0.85539, -2.52759], [-1.11317, 0.12327, -0.11348, 1.40526, -1.74287, 1.29224, -2.4898], [-1.11464, 0.02069, -0.10994, 1.34733, -1.7594, 1.50864, -2.47109], [-1.31847, -0.19798, 0.26654, 1.3296, -1.84623, 1.49016, -2.57457], [-1.5223, -0.41664, 0.64301, 1.31186, -1.93306, 1.47167, -2.67805], [-1.72612, -0.63531, 1.01949, 1.29413, -2.01988, 1.45319, -2.78153], [-1.92995, -0.85398, 1.39597, 1.2764, -2.10671, 1.43471, -2.88501]]
end: [-2.0404100000000001, -0.97248999999999997, 1.6000000000000001, 1.26678, -2.1537700000000002, 1.42469, -2.94109]
obtacles: [[[0.6, 0.5, -1.0], [0.9, 0.6, 1.0]], [[0.6, -0.6, -1.0], [0.9, -0.5, 1.0]], [[0.6, -0.6, 0.9], [0.9, 0.6, 1.0]], [[0.6, -0.6, -1.0], [0.9, 0.6, -0.9]], [[0.6, -0.6, 0.3], [0.9, 0.6, 0.4]], [[0.6, -0.6, -0.6], [0.9, 0.6, -0.5]], [[0.6, -0.2, 0.4], [0.9, -0.1, 1.0]], [[0.6, 0.2, -0.6], [0.9, 0.3, 0.4]], [[0.6, -0.3, -1.0], [0.9, -0.2, -0.5]]]
start: [-0.86407999999999996, 1.7700100000000001, 1.55, 1.9563200000000001, -1.76332, -1.5152399999999999, -1.0889500000000001]
tajectories: [[-0.86408, 1.77001, 1.55, 1.95632, -1.76332, -1.51524, -1.08895], [-0.64299, 1.73523, 1.60037, 1.55242, -1.75226, -1.52781, -0.90467], [-0.42191, 1.70046, 1.65073, 1.14851, -1.74119, -1.54039, -0.72039]]
end: [-0.20566000000000001, 1.6664399999999999, 1.7, 0.75344, -1.73037, -1.5527, -0.54013999999999995]
obtacles: [[[0.6, 0.5, -1.0], [0.9, 0.6, 1.0]], [[0.6, -0.6, -1.0], [0.9, -0.5, 1.0]], [[0.6, -0.6, 0.9], [0.9, 0.6, 1.0]], [[0.6, -0.6, -1.0], [0.9, 0.6, -0.9]], [[0.6, -0.6, 0.3], [0.9, 0.6, 0.4]], [[0.6, -0.6, -0.6], [0.9, 0.6, -0.5]], [[0.6, -0.2, 0.4], [0.9, -0.1, 1.0]], [[0.6, 0.2, -0.6], [0.9, 0.3, 0.4]], [[0.6, -0.3, -1.0], [0.9, -0.2, -0.5]]]
start: [-0.18149000000000001, 0.66988999999999999, 1.0, 0.97123999999999999, -0.55832000000000004, -1.40466, -0.60009000000000001]
tajectories: [[-0.18149, 0.66989, 1.0, 0.97124, -0.55832, -1.40466, -0.60009], [-0.16962, 0.45366, 0.91351, 1.18684, -0.53999, -1.39106, -0.21458], [-0.15774, 0.23743, 0.82703, 1.40245, -0.52166, -1.37746, 0.17093], [-0.14586, 0.0212, 0.74054, 1.61805, -0.50334, -1.36387, 0.55644], [-0.13398, -0.19503, 0.65405, 1.83366, -0.48501, -1.35027, 0.94195], [-0.1221, -0.41126, 0.56757, 2.04926, -0.46668, -1.33667, 1.32746], [-0.11788, -0.48812, 0.53683, 2.12589, -0.46016, -1.33183, 1.46447], [-0.27407, -0.4761, 0.43928, 2.09341, -0.59432, -1.36017, 1.02166], [-0.43027, -0.46408, 0.34173, 2.06094, -0.72848, -1.38851, 0.57884], [-0.58647, -0.45207, 0.24418, 2.02846, -0.86263, -1.41684, 0.13603], [-0.74266, -0.44005, 0.14663, 1.99599, -0.99679, -1.44518, -0.30679], [-0.89886, -0.42804, 0.04908, 1.96351, -1.13095, -1.47352, -0.74961], [-1.04723, -0.41662, -0.04358, 1.93266, -1.25838, -1.50043, -1.17022], [-1.24808, -0.31976, 0.03925, 2.07088, -1.55513, -1.22249, -1.26505], [-1.44893, -0.22289, 0.12207, 2.2091, -1.85189, -0.94454, -1.35989], [-1.64978, -0.12603, 0.2049, 2.34733, -2.14864, -0.6666, -1.45473], [-1.85064, -0.02917, 0.28772, 2.48555, -2.4454, -0.38866, -1.54956], [-2.05149, 0.0677, 0.37055, 2.62377, -2.74215, -0.11071, -1.6444], [-2.25234, 0.16456, 0.45337, 2.76199, -3.03891, 0.16723, -1.73924], [-2.32904, 0.20155, 0.485, 2.81477, -3.15223, 0.27337, -1.77545], [-2.15544, 0.44088, 0.63055, 2.65524, -2.98836, 0.0226, -1.61356], [-1.98184, 0.68022, 0.7761, 2.4957, -2.82449, -0.22816, -1.45166], [-1.80824, 0.91955, 0.92165, 2.33617, -2.66063, -0.47893, -1.28977], [-1.63463, 1.15889, 1.0672, 2.17663, -2.49676, -0.72969, -1.12788], [-1.46103, 1.39823, 1.21275, 2.0171, -2.33289, -0.98046, -0.96599], [-1.28743, 1.63756, 1.3583, 1.85756, -2.16903, -1.23122, -0.80409], [-1.11383, 1.8769, 1.50385, 1.69802, -2.00516, -1.48199, -0.6422]]
end: [-1.0587899999999999, 1.95278, 1.55, 1.64744, -1.9532099999999999, -1.56149, -0.59087000000000001]
obtacles: [[[0.6, 0.5, -1.0], [0.9, 0.6, 1.0]], [[0.6, -0.6, -1.0], [0.9, -0.5, 1.0]], [[0.6, -0.6, 0.9], [0.9, 0.6, 1.0]], [[0.6, -0.6, -1.0], [0.9, 0.6, -0.9]], [[0.6, -0.6, 0.3], [0.9, 0.6, 0.4]], [[0.6, -0.6, -0.6], [0.9, 0.6, -0.5]], [[0.6, -0.2, 0.4], [0.9, -0.1, 1.0]], [[0.6, 0.2, -0.6], [0.9, 0.3, 0.4]], [[0.6, -0.3, -1.0], [0.9, -0.2, -0.5]]]
start: [-0.55288999999999999, 1.9600599999999999, 1.8500000000000001, 0.98987000000000003, -2.04562, -1.56592, -0.38041000000000003]
tajectories: [[-0.55289, 1.96006, 1.85, 0.98987, -2.04562, -1.56592, -0.38041], [-0.6179, 1.849, 1.67529, 1.25826, -1.79294, -1.30836, -0.35396], [-0.68291, 1.73794, 1.50059, 1.52664, -1.54026, -1.05079, -0.3275], [-0.74792, 1.62689, 1.32588, 1.79503, -1.28758, -0.79322, -0.30105], [-0.81293, 1.51583, 1.15118, 2.06341, -1.0349, -0.53566, -0.27459], [-0.87794, 1.40477, 0.97647, 2.3318, -0.78223, -0.27809, -0.24814], [-0.92044, 1.33219, 0.86229, 2.50722, -0.61707, -0.10975, -0.23085], [-0.65277, 1.03445, 0.89356, 2.45191, -0.87797, 0.02234, -0.21801], [-0.38511, 0.73672, 0.92483, 2.39661, -1.13887, 0.15442, -0.20518], [-0.11745, 0.43899, 0.95611, 2.3413, -1.39976, 0.2865, -0.19234], [0.15021, 0.14126, 0.98738, 2.28599, -1.66066, 0.41858, -0.17951], [0.40911, -0.14673, 1.01763, 2.2325, -1.91302, 0.54634, -0.16709], [0.36803, -0.22367, 1.14171, 2.14216, -1.66882, 0.16503, -0.28456], [0.32694, -0.3006, 1.26579, 2.05183, -1.42461, -0.21629, -0.40203], [0.28586, -0.37754, 1.38988, 1.96149, -1.18041, -0.59761, -0.5195], [0.26353, -0.41934, 1.45729, 1.91241, -1.04775, -0.80476, -0.58331], [0.21165, -0.0445, 1.56009, 1.65304, -1.09791, -0.86628, -0.73384], [0.15977, 0.33035, 1.66289, 1.39367, -1.14806, -0.9278, -0.88436], [0.10789, 0.70519, 1.76569, 1.13429, -1.19822, -0.98932, -1.03489]]
end: [0.065350000000000005, 1.0125900000000001, 1.8500000000000001, 0.92157999999999995, -1.23936, -1.0397700000000001, -1.1583300000000001]
obtacles: [[[0.6, 0.5, -1.0], [0.9, 0.6, 1.0]], [[0.6, -0.6, -1.0], [0.9, -0.5, 1.0]], [[0.6, -0.6, 0.9], [0.9, 0.6, 1.0]], [[0.6, -0.6, -1.0], [0.9, 0.6, -0.9]], [[0.6, -0.6, 0.3], [0.9, 0.6, 0.4]], [[0.6, -0.6, -0.6], [0.9, 0.6, -0.5]], [[0.6, -0.2, 0.4], [0.9, -0.1, 1.0]], [[0.6, 0.2, -0.6], [0.9, 0.3, 0.4]], [[0.6, -0.3, -1.0], [0.9, -0.2, -0.5]]]
start: [-0.51293, 1.8286199999999999, 1.8500000000000001, 0.81862999999999997, -1.94801, -1.5504100000000001, -0.26539000000000001]
tajectories: [[-0.51293, 1.82862, 1.85, 0.81863, -1.94801, -1.55041, -0.26539], [-0.71183, 1.71768, 1.72825, 1.06059, -2.09939, -1.32368, -0.48998], [-0.91073, 1.60674, 1.6065, 1.30255, -2.25077, -1.09696, -0.71458], [-1.10963, 1.4958, 1.48476, 1.54451, -2.40215, -0.87023, -0.93917], [-1.30853, 1.38486, 1.36301, 1.78647, -2.55353, -0.6435, -1.16377], [-1.50743, 1.27392, 1.24126, 2.02843, -2.70491, -0.41678, -1.38836], [-1.70633, 1.16297, 1.11951, 2.27039, -2.85629, -0.19005, -1.61296], [-1.90523, 1.05203, 0.99776, 2.51235, -3.00767, 0.03668, -1.83755], [-1.99068, 1.00437, 0.94546, 2.61629, -3.0727, 0.13408, -1.93404], [-1.82408, 0.6751, 0.87904, 2.33624, -2.90821, 0.17408, -1.98229], [-1.65749, 0.34582, 0.81262, 2.0562, -2.74372, 0.21408, -2.03054], [-1.49089, 0.01655, 0.7462, 1.77615, -2.57923, 0.25409, -2.07879], [-1.3243, -0.31273, 0.67978, 1.49611, -2.41474, 0.29409, -2.12705], [-1.1577, -0.64201, 0.61336, 1.21606, -2.25025, 0.33409, -2.1753], [-0.99111, -0.97128, 0.54694, 0.93601, -2.08576, 0.3741, -2.22355], [-0.82451, -1.30056, 0.48052, 0.65597, -1.92127, 0.4141, -2.27181], [-0.81979, -1.30988, 0.47864, 0.64804, -1.91661, 0.41523, -2.27317], [-0.78879, -1.06217, 0.58849, 0.76857, -1.55976, 0.35042, -2.1013], [-0.75779, -0.81446, 0.69834, 0.8891, -1.20291, 0.2856, -1.92942], [-0.72678, -0.56675, 0.80818, 1.00964, -0.84607, 0.22078, -1.75755], [-0.69578, -0.31904, 0.91803, 1.13017, -0.48922, 0.15596, -1.58567], [-0.66478, -0.07132, 1.02788, 1.25071, -0.13237, 0.09115, -1.41379], [-0.63377, 0.17639, 1.13773, 1.37124, 0.22448, 0.02633, -1.24192], [-0.61581, 0.31989, 1.20137, 1.44107, 0.4312, -0.01122, -1.14235], [-0.44431, 0.42885, 1.31846, 1.24662, 0.07197, -0.16696, -1.07995], [-0.27281, 0.53781, 1.43555, 1.05217, -0.28727, -0.3227, -1.01756], [-0.10131, 0.64677, 1.55264, 0.85773, -0.6465, -0.47844, -0.95516], [0.07019, 0.75573, 1.66973, 0.66328, -1.00573, -0.63418, -0.89276], [0.24169, 0.86469, 1.78682, 0.46883, -1.36496, -0.78992, -0.83037]]
end: [0.33422000000000002, 0.92347999999999997, 1.8500000000000001, 0.36391000000000001, -1.5588, -0.87395, -0.79669999999999996]
obtacles: [[[0.6, 0.5, -1.0], [0.9, 0.6, 1.0]], [[0.6, -0.6, -1.0], [0.9, -0.5, 1.0]], [[0.6, -0.6, 0.9], [0.9, 0.6, 1.0]], [[0.6, -0.6, -1.0], [0.9, 0.6, -0.9]], [[0.6, -0.6, 0.3], [0.9, 0.6, 0.4]], [[0.6, -0.6, -0.6], [0.9, 0.6, -0.5]], [[0.6, -0.2, 0.4], [0.9, -0.1, 1.0]], [[0.6, 0.2, -0.6], [0.9, 0.3, 0.4]], [[0.6, -0.3, -1.0], [0.9, -0.2, -0.5]]]
start: [-0.96206000000000003, 1.87263, 1.8500000000000001, 1.27084, -1.94624, -1.4065099999999999, -0.23477000000000001]
tajectories: [[-0.96206, 1.87263, 1.85, 1.27084, -1.94624, -1.40651, -0.23477], [-0.9272, 1.80589, 1.60175, 1.37053, -2.16953, -1.15067, -0.47446], [-0.89234, 1.73915, 1.35351, 1.47022, -2.39282, -0.89482, -0.71415], [-0.85748, 1.67241, 1.10526, 1.56992, -2.6161, -0.63898, -0.95384], [-0.82262, 1.60567, 0.85701, 1.66961, -2.83939, -0.38313, -1.19353], [-0.79595, 1.55461, 0.66709, 1.74588, -3.01022, -0.18739, -1.37691], [-1.10602, 1.51289, 1.00247, 1.8198, -2.84566, -0.18513, -1.46108], [-1.4161, 1.47118, 1.33784, 1.89373, -2.6811, -0.18287, -1.54526], [-1.72618, 1.42946, 1.67322, 1.96766, -2.51654, -0.1806, -1.62943], [-2.03626, 1.38774, 2.00859, 2.04159, -2.35198, -0.17834, -1.7136], [-2.34634, 1.34602, 2.34397, 2.11552, -2.18742, -0.17607, -1.79778], [-2.44624, 1.33258, 2.45202, 2.13933, -2.1344, -0.17534, -1.8249], [-2.17911, 1.08231, 2.36641, 2.1043, -1.82416, -0.27948, -1.84363], [-1.91198, 0.83203, 2.2808, 2.06926, -1.51392, -0.38361, -1.86236], [-1.64484, 0.58175, 2.19519, 2.03422, -1.20368, -0.48775, -1.88109], [-1.37771, 0.33148, 2.10958, 1.99918, -0.89343, -0.59188, -1.89982], [-1.11058, 0.0812, 2.02397, 1.96414, -0.58319, -0.69602, -1.91855], [-1.02979, 0.00551, 1.99808, 1.95354, -0.48936, -0.72751, -1.92421], [-0.78454, 0.28012, 1.95504, 1.75611, -0.64087, -0.85796, -1.74079], [-0.5393, 0.55473, 1.912, 1.55868, -0.79238, -0.9884, -1.55737], [-0.29406, 0.82934, 1.86896, 1.36125, -0.94388, -1.11884, -1.37395]]
end: [-0.186, 0.95033999999999996, 1.8500000000000001, 1.27427, -1.01064, -1.17632, -1.2931299999999999]
obtacles: [[[0.6, 0.5, -1.0], [0.9, 0.6, 1.0]], [[0.6, -0.6, -1.0], [0.9, -0.5, 1.0]], [[0.6, -0.6, 0.9], [0.9, 0.6, 1.0]], [[0.6, -0.6, -1.0], [0.9, 0.6, -0.9]], [[0.6, -0.6, 0.3], [0.9, 0.6, 0.4]], [[0.6, -0.6, -0.6], [0.9, 0.6, -0.5]], [[0.6, -0.2, 0.4], [0.9, -0.1, 1.0]], [[0.6, 0.2, -0.6], [0.9, 0.3, 0.4]], [[0.6, -0.3, -1.0], [0.9, -0.2, -0.5]]]
start: [-2.0379499999999999, -1.00204, 1.6499999999999999, 1.22837, 1.0081500000000001, -1.45248, 0.13578999999999999]
tajectories: [[-2.03795, -1.00204, 1.65, 1.22837, 1.00815, -1.45248, 0.13579], [-2.01728, -0.76446, 1.88434, 1.22603, 0.81724, -1.14395, 0.21687], [-1.99661, -0.52687, 2.11868, 1.22368, 0.62634, -0.83543, 0.29795], [-1.97595, -0.28928, 2.35302, 1.22133, 0.43543, -0.52691, 0.37903], [-1.97015, -0.22263, 2.41876, 1.22067, 0.38188, -0.44036, 0.40178], [-1.81376, -0.08523, 2.30484, 1.45138, 0.04341, -0.58621, 0.33375], [-1.65738, 0.05218, 2.19092, 1.68208, -0.29505, -0.73207, 0.26572], [-1.51752, 0.17506, 2.08904, 1.8884, -0.59773, -0.8625, 0.20488], [-1.66525, 0.54134, 2.1757, 1.88369, -0.76046, -0.81624, -0.03568], [-1.81297, 0.90761, 2.26236, 1.87898, -0.92318, -0.76999, -0.27623], [-1.84936, 0.99784, 2.28371, 1.87782, -0.96327, -0.7586, -0.33549], [-1.58236, 1.01715, 2.06732, 1.57979, -1.02967, -0.9237, -0.23048], [-1.31536, 1.03645, 1.85094, 1.28176, -1.09606, -1.08881, -0.12548]]
end: [-1.0674300000000001, 1.0543800000000001, 1.6499999999999999, 1.00501, -1.1577200000000001, -1.24213, -0.027969999999999998]
obtacles: [[[0.6, 0.5, -1.0], [0.9, 0.6, 1.0]], [[0.6, -0.6, -1.0], [0.9, -0.5, 1.0]], [[0.6, -0.6, 0.9], [0.9, 0.6, 1.0]], [[0.6, -0.6, -1.0], [0.9, 0.6, -0.9]], [[0.6, -0.6, 0.3], [0.9, 0.6, 0.4]], [[0.6, -0.6, -0.6], [0.9, 0.6, -0.5]], [[0.6, -0.2, 0.4], [0.9, -0.1, 1.0]], [[0.6, 0.2, -0.6], [0.9, 0.3, 0.4]], [[0.6, -0.3, -1.0], [0.9, -0.2, -0.5]]]
start: [-0.49902999999999997, 1.95103, 1.75, 1.2337199999999999, -1.9880100000000001, -1.5373300000000001, -0.69303000000000003]
tajectories: [[-0.49903, 1.95103, 1.75, 1.23372, -1.98801, -1.53733, -0.69303], [-0.79441, 1.85667, 1.51229, 1.36003, -2.19382, -1.34701, -0.64003], [-1.08979, 1.7623, 1.27459, 1.48635, -2.39962, -1.15668, -0.58704], [-1.38517, 1.66794, 1.03688, 1.61266, -2.60542, -0.96635, -0.53404], [-1.68054, 1.57357, 0.79917, 1.73898, -2.81122, -0.77602, -0.48105], [-1.97592, 1.47921, 0.56147, 1.86529, -3.01702, -0.58569, -0.42805], [-2.2713, 1.38485, 0.32376, 1.9916, -3.22283, -0.39537, -0.37505], [-2.3271, 1.36702, 0.27886, 2.01546, -3.2617, -0.35941, -0.36504], [-2.15377, 1.1249, 0.24743, 1.98447, -3.04256, -0.36042, -0.69876], [-1.98045, 0.88278, 0.21601, 1.95347, -2.82343, -0.36142, -1.03247], [-1.80712, 0.64066, 0.18458, 1.92247, -2.60429, -0.36242, -1.36618], [-1.63379, 0.39854, 0.15316, 1.89147, -2.38515, -0.36343, -1.6999], [-1.46047, 0.15641, 0.12174, 1.86047, -2.16601, -0.36443, -2.03361], [-1.32894, -0.02731, 0.09789, 1.83695, -1.99972, -0.36519, -2.28684], [-1.01768, -0.10415, 0.3413, 1.93468, -1.92095, -0.63197, -2.25468], [-0.70641, -0.18099, 0.58471, 2.03241, -1.84217, -0.89875, -2.22251], [-0.39515, -0.25784, 0.82812, 2.13014, -1.7634, -1.16553, -2.19034], [-0.23457, -0.29748, 0.9537, 2.18055, -1.72276, -1.30316, -2.17375], [-0.14677, -0.02522, 1.12573, 1.9001, -1.60198, -1.25382, -1.96663], [-0.05897, 0.24703, 1.29776, 1.61965, -1.4812, -1.20449, -1.75951], [0.02883, 0.51929, 1.46979, 1.3392, -1.36042, -1.15515, -1.55239], [0.11663, 0.79154, 1.64182, 1.05874, -1.23965, -1.10582, -1.34527]]
end: [0.17183999999999999, 0.96274000000000004, 1.75, 0.88239000000000001, -1.1637, -1.0747899999999999, -1.2150300000000001]
obtacles: [[[0.6, 0.5, -1.0], [0.9, 0.6, 1.0]], [[0.6, -0.6, -1.0], [0.9, -0.5, 1.0]], [[0.6, -0.6, 0.9], [0.9, 0.6, 1.0]], [[0.6, -0.6, -1.0], [0.9, 0.6, -0.9]], [[0.6, -0.6, 0.3], [0.9, 0.6, 0.4]], [[0.6, -0.6, -0.6], [0.9, 0.6, -0.5]], [[0.6, -0.2, 0.4], [0.9, -0.1, 1.0]], [[0.6, 0.2, -0.6], [0.9, 0.3, 0.4]], [[0.6, -0.3, -1.0], [0.9, -0.2, -0.5]]]
start: [-0.11119, 1.80416, 1.8500000000000001, 0.73484000000000005, -1.9326300000000001, -1.5626100000000001, -0.58921000000000001]
tajectories: [[-0.11119, 1.80416, 1.85, 0.73484, -1.93263, -1.56261, -0.58921], [-0.23692, 1.83309, 1.87767, 0.96187, -1.84853, -1.17576, -0.43324], [-0.36266, 1.86202, 1.90534, 1.1889, -1.76443, -0.78892, -0.27727], [-0.48839, 1.89094, 1.93302, 1.41594, -1.68033, -0.40208, -0.1213], [-0.61412, 1.91987, 1.96069, 1.64297, -1.59623, -0.01524, 0.03467], [-0.73985, 1.9488, 1.98836, 1.87, -1.51213, 0.3716, 0.19064], [-0.753, 1.95182, 1.99125, 1.89373, -1.50334, 0.41205, 0.20694], [-1.07934, 1.76845, 1.83646, 2.02059, -1.48411, 0.66409, 0.12996], [-1.40569, 1.58508, 1.68166, 2.14744, -1.46488, 0.91613, 0.05299], [-1.73204, 1.40171, 1.52686, 2.2743, -1.44564, 1.16816, -0.02399], [-1.73987, 1.39731, 1.52315, 2.27734, -1.44518, 1.17421, -0.02584], [-1.7455, 1.24015, 1.52635, 2.10716, -1.41938, 1.06242, 0.4021], [-1.75114, 1.08298, 1.52955, 1.93697, -1.39358, 0.95063, 0.83004], [-1.75677, 0.92582, 1.53274, 1.76679, -1.36777, 0.83884, 1.25797], [-1.76241, 0.76865, 1.53594, 1.5966, -1.34197, 0.72705, 1.68591], [-1.76679, 0.64638, 1.53843, 1.4642, -1.32189, 0.64008, 2.01884], [-1.53945, 0.66693, 1.58646, 1.17886, -1.45045, 0.39569, 1.82413], [-1.3121, 0.68748, 1.63449, 0.89353, -1.57901, 0.15131, 1.62941], [-1.08476, 0.70802, 1.68252, 0.60819, -1.70757, -0.09308, 1.43469], [-0.85741, 0.72857, 1.73055, 0.32286, -1.83613, -0.33747, 1.23997], [-0.63007, 0.74912, 1.77858, 0.03753, -1.96469, -0.58186, 1.04525], [-0.40272, 0.76967, 1.82661, -0.24781, -2.09325, -0.82625, 0.85053]]
end: [-0.29203000000000001, 0.77966999999999997, 1.8500000000000001, -0.38673999999999997, -2.15584, -0.94523999999999997, 0.75571999999999995]
