obtacles: [[[0.6, 0.5, -1.0], [0.9, 0.6, 1.0]], [[0.6, -0.6, -1.0], [0.9, -0.5, 1.0]], [[0.6, -0.6, 0.9], [0.9, 0.6, 1.0]], [[0.6, -0.6, -1.0], [0.9, 0.6, -0.9]], [[0.6, -0.6, 0.3], [0.9, 0.6, 0.4]], [[0.6, -0.6, -0.5], [0.9, 0.6, -0.4]], [[0.6, -0.3, 0.4], [0.9, -0.2, 1.0]], [[0.6, -0.3, -0.5], [0.9, -0.2, 0.4]], [[0.6, -0.3, -1.0], [0.9, -0.2, -0.4]]]
start: [-0.95384000000000002, 1.74587, 1.7, 1.24884, -1.7781, -1.5055099999999999, -0.27684999999999998]
tajectories: [[-0.95384, 1.74587, 1.7, 1.24884, -1.7781, -1.50551, -0.27685], [-1.10932, 1.59962, 1.52591, 1.55829, -1.52023, -1.46523, -0.3781], [-1.26479, 1.45336, 1.35182, 1.86774, -1.26236, -1.42494, -0.47935], [-1.42026, 1.30711, 1.17773, 2.17719, -1.00449, -1.38466, -0.5806], [-1.57574, 1.16085, 1.00364, 2.48664, -0.74662, -1.34437, -0.68185], [-1.65445, 1.08681, 0.91551, 2.64329, -0.61608, -1.32398, -0.73311], [-1.34749, 0.732, 0.82228, 2.6204, -0.62169, -1.3245, -0.87677], [-1.04054, 0.37718, 0.72905, 2.5975, -0.62731, -1.32503, -1.02043], [-0.73358, 0.02237, 0.63583, 2.5746, -0.63293, -1.32555, -1.1641], [-0.42663, -0.33244, 0.5426, 2.55171, -0.63855, -1.32608, -1.30776], [-0.23963, -0.54861, 0.4858, 2.53776, -0.64197, -1.3264, -1.39529], [-0.18228, -0.28004, 0.4304, 2.16614, -0.77614, -1.22306, -1.46409], [-0.12493, -0.01147, 0.375, 1.79452, -0.91031, -1.11972, -1.53288], [-0.06758, 0.2571, 0.3196, 1.42291, -1.04449, -1.01638, -1.60168], [-0.01441, 0.50608, 0.26825, 1.0784, -1.16887, -0.92058, -1.66546], [0.09665, 0.63439, 0.66106, 0.9142, -1.22466, -0.93989, -1.47454], [0.20772, 0.7627, 1.05387, 0.75, -1.28044, -0.9592, -1.28361], [0.31878, 0.89101, 1.44668, 0.5858, -1.33622, -0.97851, -1.09268]]
end: [0.39040999999999998, 0.97375999999999996, 1.7, 0.47992000000000001, -1.3722000000000001, -0.99097000000000002, -0.96955000000000002]
obtacles: [[[0.6, 0.5, -1.0], [0.9, 0.6, 1.0]], [[0.6, -0.6, -1.0], [0.9, -0.5, 1.0]], [[0.6, -0.6, 0.9], [0.9, 0.6, 1.0]], [[0.6, -0.6, -1.0], [0.9, 0.6, -0.9]], [[0.6, -0.6, 0.3], [0.9, 0.6, 0.4]], [[0.6, -0.6, -0.5], [0.9, 0.6, -0.4]], [[0.6, -0.3, 0.4], [0.9, -0.2, 1.0]], [[0.6, -0.3, -0.5], [0.9, -0.2, 0.4]], [[0.6, -0.3, -1.0], [0.9, -0.2, -0.4]]]
start: [1.03261, 1.9455199999999999, -1.5, 1.7571600000000001, -1.18977, 1.5676699999999999, -2.40421]
tajectories: [[1.03261, 1.94552, -1.5, 1.75716, -1.18977, 1.56767, -2.40421], [1.23693, 1.75228, -1.48179, 1.80217, -0.93597, 1.30292, -2.21968], [1.44126, 1.55905, -1.46358, 1.84718, -0.68218, 1.03818, -2.03515], [1.64559, 1.36581, -1.44538, 1.89219, -0.42839, 0.77343, -1.85062], [1.84992, 1.17257, -1.42717, 1.9372, -0.1746, 0.50869, -1.66609], [2.05425, 0.97933, -1.40896, 1.98221, 0.0792, 0.24395, -1.48156], [2.25858, 0.78609, -1.39075, 2.02722, 0.33299, -0.0208, -1.29703], [2.46291, 0.59285, -1.37254, 2.07223, 0.58678, -0.28554, -1.1125], [2.51058, 0.54777, -1.36829, 2.08273, 0.64599, -0.34731, -1.06944], [2.41805, 0.55703, -1.45235, 2.06219, 0.25999, -0.48322, -1.32712], [2.32552, 0.56629, -1.53641, 2.04166, -0.12602, -0.61912, -1.58479], [2.23299, 0.57555, -1.62047, 2.02112, -0.51202, -0.75503, -1.84246], [2.14046, 0.58481, -1.70453, 2.00058, -0.89803, -0.89094, -2.10013], [2.04793, 0.59407, -1.78859, 1.98005, -1.28403, -1.02684, -2.3578], [2.02654, 0.59621, -1.80803, 1.9753, -1.37327, -1.05826, -2.41737], [1.78081, 0.60681, -1.75802, 1.8243, -1.54412, -0.69094, -2.42681], [1.53508, 0.61741, -1.70801, 1.6733, -1.71496, -0.32362, -2.43625], [1.28935, 0.62801, -1.65801, 1.5223, -1.88581, 0.0437, -2.44569], [1.04362, 0.63861, -1.608, 1.3713, -2.05665, 0.41103, -2.45513], [0.79789, 0.64921, -1.55799, 1.2203, -2.2275, 0.77835, -2.46457], [0.55216, 0.65981, -1.50799, 1.0693, -2.39834, 1.14567, -2.47401]]
end: [0.51292000000000004, 0.66149999999999998, -1.5, 1.0451900000000001, -2.42563, 1.2043299999999999, -2.4755199999999999]
obtacles: [[[0.6, 0.5, -1.0], [0.9, 0.6, 1.0]], [[0.6, -0.6, -1.0], [0.9, -0.5, 1.0]], [[0.6, -0.6, 0.9], [0.9, 0.6, 1.0]], [[0.6, -0.6, -1.0], [0.9, 0.6, -0.9]], [[0.6, -0.6, 0.3], [0.9, 0.6, 0.4]], [[0.6, -0.6, -0.5], [0.9, 0.6, -0.4]], [[0.6, -0.3, 0.4], [0.9, -0.2, 1.0]], [[0.6, -0.3, -0.5], [0.9, -0.2, 0.4]], [[0.6, -0.3, -1.0], [0.9, -0.2, -0.4]]]
start: [-0.0052599999999999999, 1.79582, -2.0, 0.50704000000000005, -1.08945, 1.56887, -2.6790099999999999]
tajectories: [[-0.00526, 1.79582, -2.0, 0.50704, -1.08945, 1.56887, -2.67901], [0.10536, 1.78542, -1.90936, 0.54349, -1.2078, 1.43356, -2.23652], [0.21598, 1.77503, -1.81871, 0.57995, -1.32615, 1.29826, -1.79404], [0.3266, 1.76463, -1.72807, 0.61641, -1.4445, 1.16295, -1.35155], [0.43722, 1.75423, -1.63742, 0.65287, -1.56285, 1.02764, -0.90906], [0.54784, 1.74384, -1.54678, 0.68932, -1.6812, 0.89233, -0.46658], [0.64026, 1.73515, -1.47106, 0.71978, -1.78006, 0.77929, -0.09692], [0.66374, 1.62816, -1.18525, 0.85363, -1.46368, 0.65539, 0.05458], [0.68723, 1.52116, -0.89945, 0.98747, -1.1473, 0.53148, 0.20608], [0.71072, 1.41417, -0.61364, 1.12132, -0.83092, 0.40757, 0.35758], [0.72201, 1.36273, -0.47624, 1.18566, -0.67882, 0.348, 0.43042], [0.86645, 1.24383, -0.48396, 1.51566, -0.62761, 0.37389, 0.75097], [1.01088, 1.12492, -0.49168, 1.84565, -0.5764, 0.39977, 1.07152], [1.12053, 1.03465, -0.49754, 2.09617, -0.53752, 0.41942, 1.31488], [1.07215, 1.06694, -0.88218, 2.18628, -0.43248, 0.63695, 1.49431], [1.02377, 1.09923, -1.26682, 2.27639, -0.32745, 0.85448, 1.67374], [0.97538, 1.13152, -1.65146, 2.36649, -0.22241, 1.07201, 1.85317], [0.927, 1.16381, -2.03611, 2.4566, -0.11737, 1.28954, 2.0326], [0.92578, 1.16463, -2.04579, 2.45887, -0.11472, 1.29501, 2.03712], [0.84169, 1.11577, -2.03793, 2.00329, -0.2689, 1.23964, 2.11515], [0.7576, 1.06691, -2.03006, 1.54771, -0.42309, 1.18427, 2.19318], [0.67351, 1.01806, -2.0222, 1.09213, -0.57727, 1.12889, 2.27121], [0.58942, 0.9692, -2.01434, 0.63655, -0.73145, 1.07352, 2.34924], [0.50534, 0.92034, -2.00647, 0.18097, -0.88563, 1.01815, 2.42727]]
end: [0.43608999999999998, 0.88010999999999995, -2.0, -0.19419, -1.0125900000000001, 0.97255000000000003, 2.49153]
obtacles: [[[0.6, 0.5, -1.0], [0.9, 0.6, 1.0]], [[0.6, -0.6, -1.0], [0.9, -0.5, 1.0]], [[0.6, -0.6, 0.9], [0.9, 0.6, 1.0]], [[0.6, -0.6, -1.0], [0.9, 0.6, -0.9]], [[0.6, -0.6, 0.3], [0.9, 0.6, 0.4]], [[0.6, -0.6, -0.5], [0.9, 0.6, -0.4]], [[0.6, -0.3, 0.4], [0.9, -0.2, 1.0]], [[0.6, -0.3, -0.5], [0.9, -0.2, 0.4]], [[0.6, -0.3, -1.0], [0.9, -0.2, -0.4]]]
start: [0.43139, 1.96522, -2.0499999999999998, 0.76366000000000001, -4.1018600000000003, -1.5539799999999999, 0.22942000000000001]
tajectories: [[0.43139, 1.96522, -2.05, 0.76366, -4.10186, -1.55398, 0.22942], [0.63484, 1.88628, -1.94214, 1.15503, -3.99374, -1.39341, 0.21968], [0.83829, 1.80734, -1.83428, 1.54641, -3.88562, -1.23285, 0.20994], [1.04174, 1.72839, -1.72643, 1.93779, -3.7775, -1.07228, 0.20021], [1.12224, 1.69716, -1.68375, 2.09263, -3.73472, -1.00875, 0.19635], [1.50269, 1.71295, -1.72447, 2.07606, -3.6888, -0.81916, -0.05864], [1.88314, 1.72874, -1.76518, 2.05948, -3.64288, -0.62956, -0.31363], [2.26359, 1.74452, -1.80589, 2.04291, -3.59696, -0.43996, -0.56862], [2.54837, 1.75634, -1.83637, 2.0305, -3.56259, -0.29805, -0.75948], [2.55265, 1.46236, -1.85336, 1.90543, -3.57483, -0.26823, -1.14235], [2.55693, 1.16839, -1.87035, 1.78036, -3.58708, -0.23842, -1.52522], [2.56122, 0.87441, -1.88734, 1.65529, -3.59933, -0.2086, -1.90808], [2.5655, 0.58043, -1.90433, 1.53022, -3.61157, -0.17879, -2.29095], [2.56786, 0.41812, -1.91371, 1.46116, -3.61834, -0.16233, -2.50233], [2.17611, 0.51896, -1.97662, 1.29942, -3.40564, -0.06097, -2.52933], [1.78435, 0.61979, -2.03953, 1.13767, -3.19295, 0.04038, -2.55632], [1.3926, 0.72062, -2.10244, 0.97592, -2.98025, 0.14174, -2.58331], [1.00084, 0.82145, -2.16535, 0.81417, -2.76756, 0.24309, -2.6103], [0.84811, 0.86076, -2.18987, 0.75112, -2.68463, 0.2826, -2.62083], [0.7422, 0.88662, -2.12031, 0.89667, -2.35793, 0.58882, -2.51317], [0.63629, 0.91248, -2.05076, 1.04222, -2.03123, 0.89504, -2.40552]]
end: [0.63514000000000004, 0.91276999999999997, -2.0499999999999998, 1.0438099999999999, -2.0276700000000001, 0.89837999999999996, -2.4043399999999999]
obtacles: [[[0.6, 0.5, -1.0], [0.9, 0.6, 1.0]], [[0.6, -0.6, -1.0], [0.9, -0.5, 1.0]], [[0.6, -0.6, 0.9], [0.9, 0.6, 1.0]], [[0.6, -0.6, -1.0], [0.9, 0.6, -0.9]], [[0.6, -0.6, 0.3], [0.9, 0.6, 0.4]], [[0.6, -0.6, -0.5], [0.9, 0.6, -0.4]], [[0.6, -0.3, 0.4], [0.9, -0.2, 1.0]], [[0.6, -0.3, -0.5], [0.9, -0.2, 0.4]], [[0.6, -0.3, -1.0], [0.9, -0.2, -0.4]]]
start: [0.55654000000000003, 1.6561600000000001, -1.7, 1.39937, -1.4640200000000001, 1.45861, -2.3102900000000002]
tajectories: [[0.55654, 1.65616, -1.7, 1.39937, -1.46402, 1.45861, -2.31029], [0.57844, 1.64103, -1.54477, 1.46619, -1.82879, 1.43314, -2.0153], [0.60033, 1.6259, -1.38954, 1.533, -2.19357, 1.40766, -1.72031], [0.62222, 1.61078, -1.23431, 1.59982, -2.55834, 1.38219, -1.42532], [0.64412, 1.59565, -1.07908, 1.66664, -2.92312, 1.35671, -1.13032], [0.66601, 1.58052, -0.92384, 1.73345, -3.28789, 1.33124, -0.83533], [0.68791, 1.5654, -0.76861, 1.80027, -3.65267, 1.30577, -0.54034], [0.68836, 1.56508, -0.76536, 1.80167, -3.66031, 1.30523, -0.53415], [0.77863, 1.6069, -0.79149, 1.81846, -3.88632, 0.91124, -0.71533], [0.8689, 1.64873, -0.81761, 1.83525, -4.11233, 0.51724, -0.89651], [0.95916, 1.69055, -0.84374, 1.85204, -4.33834, 0.12324, -1.07768], [1.04943, 1.73238, -0.86987, 1.86883, -4.56435, -0.27075, -1.25886], [1.10045, 1.75602, -0.88464, 1.87832, -4.69211, -0.49347, -1.36127], [1.49379, 1.78098, -0.87057, 1.83842, -4.49606, -0.51151, -1.59389], [1.88713, 1.80594, -0.8565, 1.79851, -4.30002, -0.52954, -1.82652], [2.28047, 1.8309, -0.84243, 1.75861, -4.10398, -0.54758, -2.05914], [2.46068, 1.84233, -0.83598, 1.74032, -4.01416, -0.55584, -2.16571], [2.25504, 1.45864, -0.89289, 1.81979, -3.83314, -0.61404, -2.04414], [2.0494, 1.07494, -0.94979, 1.89926, -3.65212, -0.67224, -1.92256], [1.84376, 0.69124, -1.0067, 1.97873, -3.4711, -0.73045, -1.80098], [1.63812, 0.30755, -1.06361, 2.05819, -3.29008, -0.78865, -1.67941], [1.43248, -0.07615, -1.12051, 2.13766, -3.10906, -0.84685, -1.55783], [1.26738, -0.38421, -1.1662, 2.20146, -2.96372, -0.89358, -1.46021], [1.1961, -0.18644, -1.25321, 2.02563, -2.84427, -0.55516, -1.65647], [1.12483, 0.01133, -1.34021, 1.84979, -2.72482, -0.21673, -1.85273], [1.05355, 0.20911, -1.42721, 1.67396, -2.60537, 0.12169, -2.04899], [0.98228, 0.40688, -1.51421, 1.49812, -2.48592, 0.46012, -2.24525], [0.911, 0.60465, -1.60121, 1.32229, -2.36647, 0.79855, -2.44151], [0.83973, 0.80243, -1.68821, 1.14645, -2.24701, 1.13697, -2.63777]]
end: [0.83006999999999997, 0.82921999999999996, -1.7, 1.12263, -2.2308300000000001, 1.18283, -2.6643599999999998]
obtacles: [[[0.6, 0.5, -1.0], [0.9, 0.6, 1.0]], [[0.6, -0.6, -1.0], [0.9, -0.5, 1.0]], [[0.6, -0.6, 0.9], [0.9, 0.6, 1.0]], [[0.6, -0.6, -1.0], [0.9, 0.6, -0.9]], [[0.6, -0.6, 0.3], [0.9, 0.6, 0.4]], [[0.6, -0.6, -0.5], [0.9, 0.6, -0.4]], [[0.6, -0.3, 0.4], [0.9, -0.2, 1.0]], [[0.6, -0.3, -0.5], [0.9, -0.2, 0.4]], [[0.6, -0.3, -1.0], [0.9, -0.2, -0.4]]]
start: [0.85999000000000003, 1.9367300000000001, -1.95, 0.80954000000000004, -4.1916700000000002, -1.5673699999999999, -0.12235]
tajectories: [[0.85999, 1.93673, -1.95, 0.80954, -4.19167, -1.56737, -0.12235], [0.87435, 1.83044, -1.76334, 1.24737, -4.19558, -1.52902, -0.22468], [0.88872, 1.72416, -1.57667, 1.6852, -4.19949, -1.49066, -0.32701], [0.90309, 1.61788, -1.39001, 2.12303, -4.20341, -1.4523, -0.42935], [0.91745, 1.5116, -1.20335, 2.56086, -4.20732, -1.41394, -0.53168], [0.92711, 1.44015, -1.07787, 2.85518, -4.20995, -1.38816, -0.60047], [1.13435, 1.41065, -1.31229, 2.58951, -4.24357, -1.26179, -0.85255], [1.3416, 1.38116, -1.54671, 2.32384, -4.27719, -1.13542, -1.10463], [1.54884, 1.35166, -1.78113, 2.05817, -4.31081, -1.00905, -1.35671], [1.75608, 1.32216, -2.01555, 1.7925, -4.34443, -0.88268, -1.6088], [1.96333, 1.29267, -2.24998, 1.52682, -4.37804, -0.75631, -1.86088], [2.02385, 1.28405, -2.31844, 1.44923, -4.38786, -0.71941, -1.9345], [1.80273, 1.23661, -2.26307, 1.41398, -4.04061, -0.45104, -1.97849], [1.5816, 1.18917, -2.20769, 1.37872, -3.69335, -0.18267, -2.02248], [1.36048, 1.14173, -2.15232, 1.34346, -3.34609, 0.0857, -2.06647], [1.13935, 1.09429, -2.09694, 1.3082, -2.99883, 0.35406, -2.11046], [0.91823, 1.04686, -2.04157, 1.27294, -2.65158, 0.62243, -2.15445], [0.6971, 0.99942, -1.98619, 1.23768, -2.30432, 0.8908, -2.19844]]
end: [0.55257000000000001, 0.96840999999999999, -1.95, 1.2146300000000001, -2.07734, 1.0662100000000001, -2.2271899999999998]
obtacles: [[[0.6, 0.5, -1.0], [0.9, 0.6, 1.0]], [[0.6, -0.6, -1.0], [0.9, -0.5, 1.0]], [[0.6, -0.6, 0.9], [0.9, 0.6, 1.0]], [[0.6, -0.6, -1.0], [0.9, 0.6, -0.9]], [[0.6, -0.6, 0.3], [0.9, 0.6, 0.4]], [[0.6, -0.6, -0.5], [0.9, 0.6, -0.4]], [[0.6, -0.3, 0.4], [0.9, -0.2, 1.0]], [[0.6, -0.3, -0.5], [0.9, -0.2, 0.4]], [[0.6, -0.3, -1.0], [0.9, -0.2, -0.4]]]
start: [0.69013000000000002, 1.85303, -1.95, 1.0631900000000001, -1.1343099999999999, 1.39456, -2.8622299999999998]
tajectories: [[0.69013, 1.85303, -1.95, 1.06319, -1.13431, 1.39456, -2.86223], [0.77604, 1.84035, -1.70024, 1.20537, -1.12605, 1.37626, -2.4629], [0.86195, 1.82766, -1.45048, 1.34755, -1.11778, 1.35797, -2.06358], [0.94786, 1.81497, -1.20072, 1.48973, -1.10952, 1.33967, -1.66425], [1.03377, 1.80229, -0.95096, 1.6319, -1.10125, 1.32138, -1.26493], [1.11968, 1.7896, -0.7012, 1.77408, -1.09299, 1.30308, -0.8656], [1.15728, 1.78405, -0.59189, 1.83631, -1.08937, 1.29507, -0.69083], [1.29221, 1.59056, -0.49108, 1.92063, -0.94287, 0.91112, -0.60027], [1.42715, 1.39707, -0.39027, 2.00495, -0.79637, 0.52717, -0.50971], [1.50858, 1.28031, -0.32943, 2.05583, -0.70797, 0.29549, -0.45506], [1.11849, 1.05056, -0.49115, 2.13049, -0.82045, 0.31066, -0.47615], [0.72841, 0.82081, -0.65287, 2.20515, -0.93292, 0.32583, -0.49723], [0.33833, 0.59106, -0.81458, 2.2798, -1.0454, 0.34101, -0.51831], [-0.05175, 0.36131, -0.9763, 2.35446, -1.15787, 0.35618, -0.5394], [-0.44183, 0.13155, -1.13801, 2.42911, -1.27035, 0.37135, -0.56048], [-0.47545, 0.11175, -1.15195, 2.43555, -1.28004, 0.37266, -0.5623], [-0.17618, 0.10999, -1.31443, 2.23258, -1.47308, 0.14279, -0.50995], [0.12309, 0.10822, -1.4769, 2.02961, -1.66612, -0.08707, -0.45761], [0.42236, 0.10646, -1.63938, 1.82665, -1.85915, -0.31694, -0.40527], [0.72163, 0.10469, -1.80185, 1.62368, -2.05219, -0.5468, -0.35292], [0.89382, 0.10368, -1.89533, 1.5069, -2.16326, -0.67906, -0.3228], [1.16812, -0.10513, -1.93638, 1.38888, -1.88385, -0.8507, -0.23327], [1.44242, -0.31393, -1.97743, 1.27086, -1.60443, -1.02234, -0.14374], [1.71672, -0.52273, -2.01848, 1.15284, -1.32502, -1.19398, -0.05421], [1.99102, -0.73153, -2.05953, 1.03482, -1.0456, -1.36562, 0.03532]]
end: [2.2614700000000001, -0.93740000000000001, -2.1000000000000001, 0.91844999999999999, -0.77010999999999996, -1.53485, 0.12359000000000001]
obtacles: [[[0.6, 0.5, -1.0], [0.9, 0.6, 1.0]], [[0.6, -0.6, -1.0], [0.9, -0.5, 1.0]], [[0.6, -0.6, 0.9], [0.9, 0.6, 1.0]], [[0.6, -0.6, -1.0], [0.9, 0.6, -0.9]], [[0.6, -0.6, 0.3], [0.9, 0.6, 0.4]], [[0.6, -0.6, -0.5], [0.9, 0.6, -0.4]], [[0.6, -0.3, 0.4], [0.9, -0.2, 1.0]], [[0.6, -0.3, -0.5], [0.9, -0.2, 0.4]], [[0.6, -0.3, -1.0], [0.9, -0.2, -0.4]]]
start: [0.48635, 1.95926, -1.7, 1.87818, -1.2305200000000001, 1.3405100000000001, -1.81494]
tajectories: [[0.48635, 1.95926, -1.7, 1.87818, -1.23052, 1.34051, -1.81494], [0.731, 1.80934, -1.4387, 1.92061, -1.40169, 1.11229, -1.94226], [0.97565, 1.65941, -1.1774, 1.96304, -1.57285, 0.88407, -2.06959], [1.2203, 1.50949, -0.91611, 2.00547, -1.74401, 0.65585, -2.19691], [1.46495, 1.35957, -0.65481, 2.04789, -1.91518, 0.42763, -2.32423], [1.7096, 1.20964, -0.39351, 2.09032, -2.08634, 0.19941, -2.45156], [1.95425, 1.05972, -0.13221, 2.13275, -2.25751, -0.02881, -2.57888], [2.11695, 0.96001, 0.04156, 2.16096, -2.37134, -0.18059, -2.66355], [2.02217, 0.6173, -0.08327, 2.11093, -2.68489, -0.1076, -2.62066], [1.92738, 0.27459, -0.20809, 2.0609, -2.99844, -0.03461, -2.57776], [1.8326, -0.06812, -0.33292, 2.01087, -3.31199, 0.03837, -2.53486], [1.80807, -0.15682, -0.36523, 1.99793, -3.39314, 0.05726, -2.52376], [1.61609, 0.00327, -0.59275, 1.76357, -3.15969, 0.1993, -2.60219], [1.42412, 0.16336, -0.82027, 1.5292, -2.92624, 0.34133, -2.68063], [1.23214, 0.32344, -1.04779, 1.29484, -2.69278, 0.48337, -2.75906], [1.04016, 0.48353, -1.27531, 1.06048, -2.45933, 0.62541, -2.8375], [0.84818, 0.64362, -1.50284, 0.82612, -2.22588, 0.76744, -2.91593]]
end: [0.68181999999999998, 0.78234000000000004, -1.7, 0.62302999999999997, -2.0235799999999999, 0.89053000000000004, -2.9839000000000002]
obtacles: [[[0.6, 0.5, -1.0], [0.9, 0.6, 1.0]], [[0.6, -0.6, -1.0], [0.9, -0.5, 1.0]], [[0.6, -0.6, 0.9], [0.9, 0.6, 1.0]], [[0.6, -0.6, -1.0], [0.9, 0.6, -0.9]], [[0.6, -0.6, 0.3], [0.9, 0.6, 0.4]], [[0.6, -0.6, -0.5], [0.9, 0.6, -0.4]], [[0.6, -0.3, 0.4], [0.9, -0.2, 1.0]], [[0.6, -0.3, -0.5], [0.9, -0.2, 0.4]], [[0.6, -0.3, -1.0], [0.9, -0.2, -0.4]]]
start: [0.96331, 1.7240899999999999, -1.55, 1.7569600000000001, -1.41632, 1.56273, -2.3469699999999998]
tajectories: [[0.96331, 1.72409, -1.55, 1.75696, -1.41632, 1.56273, -2.34697], [1.15904, 1.73194, -1.47481, 1.91011, -1.84175, 1.55955, -2.38584], [1.35478, 1.7398, -1.39962, 2.06326, -2.26719, 1.55636, -2.42472], [1.55052, 1.74766, -1.32443, 2.21641, -2.69262, 1.55318, -2.46359], [1.74625, 1.75551, -1.24924, 2.36957, -3.11806, 1.54999, -2.50247], [1.94199, 1.76337, -1.17404, 2.52272, -3.5435, 1.54681, -2.54134], [2.03263, 1.76701, -1.13922, 2.59364, -3.74051, 1.54533, -2.55934], [1.92, 1.65413, -1.34074, 2.21847, -3.54019, 1.52584, -2.6113], [1.80737, 1.54125, -1.54225, 1.84329, -3.33986, 1.50635, -2.66325], [1.69475, 1.42837, -1.74376, 1.46812, -3.13954, 1.48685, -2.71521], [1.58212, 1.31549, -1.94527, 1.09294, -2.93921, 1.46736, -2.76716], [1.46949, 1.20261, -2.14679, 0.71777, -2.73888, 1.44786, -2.81912], [1.4674, 1.20051, -2.15053, 0.7108, -2.73517, 1.4475, -2.82008], [1.37025, 0.9049, -2.1947, 0.49282, -2.49718, 1.23072, -2.81128], [1.2731, 0.60929, -2.23887, 0.27484, -2.25919, 1.01394, -2.80248], [1.17595, 0.31368, -2.28304, 0.05686, -2.0212, 0.79716, -2.79368], [1.07881, 0.01807, -2.32721, -0.16112, -1.78321, 0.58038, -2.78488], [0.98166, -0.27754, -2.37139, -0.3791, -1.54522, 0.3636, -2.77609], [0.92268, -0.45701, -2.3982, -0.51144, -1.40074, 0.23199, -2.77074], [0.61399, -0.28662, -2.38049, -0.48944, -1.2678, 0.36045, -2.46957], [0.30529, -0.11622, -2.36278, -0.46745, -1.13485, 0.48891, -2.1684], [-0.0034, 0.05417, -2.34507, -0.44545, -1.00191, 0.61736, -1.86723], [-0.31209, 0.22456, -2.32736, -0.42346, -0.86897, 0.74582, -1.56607], [-0.62078, 0.39495, -2.30965, -0.40146, -0.73602, 0.87427, -1.2649], [-0.92948, 0.56535, -2.29194, -0.37946, -0.60308, 1.00273, -0.96373], [-1.23817, 0.73574, -2.27423, -0.35747, -0.47014, 1.13118, -0.66256], [-1.28146, 0.75963, -2.27174, -0.35438, -0.45149, 1.1492, -0.62032], [-1.14891, 0.80895, -2.12709, -0.29488, -0.67269, 1.12041, -1.01501], [-1.01637, 0.85826, -1.98243, -0.23538, -0.89388, 1.09161, -1.40969], [-0.88382, 0.90758, -1.83777, -0.17588, -1.11508, 1.06282, -1.80438], [-0.75127, 0.95689, -1.69312, -0.11637, -1.33627, 1.03402, -2.19907]]
end: [-0.62014000000000002, 1.0056799999999999, -1.55, -0.057500000000000002, -1.55511, 1.0055400000000001, -2.58955]
obtacles: [[[0.6, 0.5, -1.0], [0.9, 0.6, 1.0]], [[0.6, -0.6, -1.0], [0.9, -0.5, 1.0]], [[0.6, -0.6, 0.9], [0.9, 0.6, 1.0]], [[0.6, -0.6, -1.0], [0.9, 0.6, -0.9]], [[0.6, -0.6, 0.3], [0.9, 0.6, 0.4]], [[0.6, -0.6, -0.5], [0.9, 0.6, -0.4]], [[0.6, -0.3, 0.4], [0.9, -0.2, 1.0]], [[0.6, -0.3, -0.5], [0.9, -0.2, 0.4]], [[0.6, -0.3, -1.0], [0.9, -0.2, -0.4]]]
start: [0.80452999999999997, 1.6721299999999999, -1.55, 1.7959499999999999, -1.46739, 1.5683800000000001, -2.1492499999999999]
tajectories: [[0.80453, 1.67213, -1.55, 1.79595, -1.46739, 1.56838, -2.14925], [0.90727, 1.60049, -1.59341, 1.51517, -1.53842, 1.54685, -2.53406]]
end: [0.92286000000000001, 1.58962, -1.6000000000000001, 1.47258, -1.5491900000000001, 1.54358, -2.5924399999999999]
obtacles: [[[0.6, 0.5, -1.0], [0.9, 0.6, 1.0]], [[0.6, -0.6, -1.0], [0.9, -0.5, 1.0]], [[0.6, -0.6, 0.9], [0.9, 0.6, 1.0]], [[0.6, -0.6, -1.0], [0.9, 0.6, -0.9]], [[0.6, -0.6, 0.3], [0.9, 0.6, 0.4]], [[0.6, -0.6, -0.5], [0.9, 0.6, -0.4]], [[0.6, -0.3, 0.4], [0.9, -0.2, 1.0]], [[0.6, -0.3, -0.5], [0.9, -0.2, 0.4]], [[0.6, -0.3, -1.0], [0.9, -0.2, -0.4]]]
start: [0.62549999999999994, 1.9542200000000001, -1.6000000000000001, 1.71848, -1.19472, 1.4888699999999999, -2.0698699999999999]
tajectories: [[0.6255, 1.95422, -1.6, 1.71848, -1.19472, 1.48887, -2.06987], [0.66642, 1.87234, -1.63342, 2.033, -1.4655, 1.25791, -2.19202], [0.70735, 1.79046, -1.66683, 2.34751, -1.73629, 1.02696, -2.31417], [0.74828, 1.70859, -1.70025, 2.66202, -2.00708, 0.796, -2.43632], [0.7892, 1.62671, -1.73367, 2.97654, -2.27786, 0.56505, -2.55846], [0.79167, 1.62177, -1.73568, 2.99551, -2.2942, 0.55111, -2.56583], [0.96548, 1.50443, -1.79804, 2.86468, -2.0368, 0.63293, -2.23106], [1.13928, 1.3871, -1.86039, 2.73386, -1.77941, 0.71475, -1.89628], [1.31309, 1.26976, -1.92275, 2.60303, -1.52202, 0.79657, -1.56151], [1.4869, 1.15243, -1.9851, 2.4722, -1.26463, 0.87839, -1.22673], [1.6607, 1.03509, -2.04745, 2.34137, -1.00723, 0.96022, -0.89195], [1.78219, 0.95308, -2.09104, 2.24993, -0.82732, 1.01741, -0.65796], [1.94279, 0.79957, -1.8434, 2.10764, -0.5636, 0.79828, -0.61909], [2.10339, 0.64607, -1.59577, 1.96535, -0.29989, 0.57915, -0.58022], [2.26399, 0.49257, -1.34814, 1.82306, -0.03617, 0.36002, -0.54136], [2.34033, 0.4196, -1.23043, 1.75543, 0.08918, 0.25586, -0.52288], [2.0424, 0.51342, -1.33523, 1.56, 0.39892, 0.18359, -0.56874], [1.74447, 0.60723, -1.44002, 1.36458, 0.70866, 0.11131, -0.6146], [1.44655, 0.70104, -1.54481, 1.16915, 1.01841, 0.03904, -0.66046], [1.30833, 0.74457, -1.59343, 1.07849, 1.16211, 0.00551, -0.68173], [1.05409, 0.75652, -1.59561, 0.8593, 1.17596, -0.28001, -0.44623], [0.79985, 0.76847, -1.5978, 0.64011, 1.18982, -0.56553, -0.21074], [0.54561, 0.78042, -1.59998, 0.42093, 1.20368, -0.85104, 0.02476]]
end: [0.54349999999999998, 0.78051999999999999, -1.6000000000000001, 0.41909999999999997, 1.2037899999999999, -0.85341999999999996, 0.026720000000000001]
obtacles: [[[0.6, 0.5, -1.0], [0.9, 0.6, 1.0]], [[0.6, -0.6, -1.0], [0.9, -0.5, 1.0]], [[0.6, -0.6, 0.9], [0.9, 0.6, 1.0]], [[0.6, -0.6, -1.0], [0.9, 0.6, -0.9]], [[0.6, -0.6, 0.3], [0.9, 0.6, 0.4]], [[0.6, -0.6, -0.5], [0.9, 0.6, -0.4]], [[0.6, -0.3, 0.4], [0.9, -0.2, 1.0]], [[0.6, -0.3, -0.5], [0.9, -0.2, 0.4]], [[0.6, -0.3, -1.0], [0.9, -0.2, -0.4]]]
start: [0.33473999999999998, 1.8997599999999999, -1.95, 0.76659999999999995, -1.07416, 1.56047, -2.7760400000000001]
tajectories: [[0.33474, 1.89976, -1.95, 0.7666, -1.07416, 1.56047, -2.77604], [0.26588, 1.83396, -2.0014, 0.64468, -1.16286, 1.12141, -2.6251], [0.19703, 1.76815, -2.0528, 0.52276, -1.25155, 0.68235, -2.47417], [0.12818, 1.70234, -2.1042, 0.40084, -1.34025, 0.24329, -2.32324], [0.05933, 1.63653, -2.1556, 0.27892, -1.42894, -0.19578, -2.17231], [0.01871, 1.59771, -2.18593, 0.207, -1.48127, -0.45481, -2.08327], [-0.00183, 1.58562, -2.11024, -0.03734, -1.50589, -0.42096, -1.65636], [-0.02236, 1.57353, -2.03456, -0.28168, -1.53052, -0.3871, -1.22945], [-0.04289, 1.56144, -1.95888, -0.52601, -1.55514, -0.35324, -0.80254], [-0.06342, 1.54936, -1.8832, -0.77035, -1.57976, -0.31938, -0.37563], [-0.06419, 1.5489, -1.88036, -0.77951, -1.58068, -0.31811, -0.35961], [0.00359, 1.63416, -1.58702, -0.73245, -1.85232, -0.57187, -0.46775], [0.07136, 1.71942, -1.29368, -0.68538, -2.12396, -0.82562, -0.57589], [0.13914, 1.80468, -1.00034, -0.63831, -2.3956, -1.07937, -0.68403], [0.19532, 1.87535, -0.75719, -0.5993, -2.62075, -1.2897, -0.77367], [0.1212, 1.77299, -0.55492, -0.18252, -2.59039, -1.19577, -0.87195], [0.04707, 1.67063, -0.35264, 0.23426, -2.56002, -1.10183, -0.97022], [-0.02706, 1.56827, -0.15037, 0.65105, -2.52966, -1.0079, -1.0685], [-0.10119, 1.4659, 0.05191, 1.06783, -2.49929, -0.91397, -1.16678], [-0.14447, 1.40613, 0.17003, 1.31121, -2.48156, -0.85911, -1.22417], [-0.13971, 1.3709, 0.34852, 1.61404, -2.69941, -0.83621, -1.50201], [-0.13495, 1.33568, 0.52701, 1.91686, -2.91726, -0.8133, -1.77984], [-0.13019, 1.30046, 0.7055, 2.21969, -3.13511, -0.7904, -2.05768], [-0.12648, 1.27301, 0.84463, 2.45574, -3.30493, -0.77254, -2.27425], [0.20678, 1.39826, 0.86897, 2.26518, -3.25102, -0.59598, -2.04564], [0.54004, 1.52352, 0.89332, 2.07462, -3.19711, -0.41941, -1.81703], [0.8733, 1.64878, 0.91766, 1.88407, -3.14321, -0.24285, -1.58842], [1.1762, 1.76263, 0.93979, 1.71087, -3.09421, -0.08237, -1.38063], [1.28817, 1.33152, 0.89724, 1.61744, -3.03609, -0.01499, -1.5627], [1.40014, 0.9004, 0.85469, 1.52401, -2.97797, 0.0524, -1.74477], [1.51211, 0.46929, 0.81214, 1.43059, -2.91985, 0.11978, -1.92684], [1.59595, 0.14647, 0.78028, 1.36063, -2.87633, 0.17023, -2.06317], [1.63126, 0.01139, 0.34084, 1.53465, -2.81974, 0.16651, -2.12565], [1.66657, -0.1237, -0.09859, 1.70866, -2.76314, 0.16279, -2.18813], [1.70188, -0.25879, -0.53803, 1.88267, -2.70654, 0.15906, -2.2506], [1.7255, -0.34915, -0.83195, 1.99907, -2.66868, 0.15657, -2.29239], [1.59096, -0.11566, -1.07762, 1.95753, -2.33052, 0.13794, -2.31695], [1.45641, 0.11783, -1.32328, 1.916, -1.99236, 0.1193, -2.3415], [1.32186, 0.35132, -1.56895, 1.87446, -1.6542, 0.10066, -2.36605], [1.25032, 0.47548, -1.69959, 1.85237, -1.47437, 0.09075, -2.37911], [1.02728, 0.58401, -1.77726, 1.54831, -1.64923, 0.33258, -2.40964], [0.80424, 0.69254, -1.85494, 1.24424, -1.82409, 0.5744, -2.44017], [0.58121, 0.80107, -1.93261, 0.94018, -1.99895, 0.81623, -2.47071]]
end: [0.53129000000000004, 0.82535999999999998, -1.95, 0.87212000000000001, -2.03809, 0.87034999999999996, -2.4775399999999999]
obtacles: [[[0.6, 0.5, -1.0], [0.9, 0.6, 1.0]], [[0.6, -0.6, -1.0], [0.9, -0.5, 1.0]], [[0.6, -0.6, 0.9], [0.9, 0.6, 1.0]], [[0.6, -0.6, -1.0], [0.9, 0.6, -0.9]], [[0.6, -0.6, 0.3], [0.9, 0.6, 0.4]], [[0.6, -0.6, -0.5], [0.9, 0.6, -0.4]], [[0.6, -0.3, 0.4], [0.9, -0.2, 1.0]], [[0.6, -0.3, -0.5], [0.9, -0.2, 0.4]], [[0.6, -0.3, -1.0], [0.9, -0.2, -0.4]]]
start: [0.49367, 1.01125, -1.95, 0.60279000000000005, -1.6247199999999999, 0.90827000000000002, -2.9037600000000001]
tajectories: [[0.49367, 1.01125, -1.95, 0.60279, -1.62472, 0.90827, -2.90376], [0.66038, 1.01996, -2.04693, 0.78948, -1.307, 0.63344, -2.86617], [0.82709, 1.02867, -2.14386, 0.97616, -0.98929, 0.35862, -2.82857], [0.9938, 1.03738, -2.24079, 1.16285, -0.67157, 0.0838, -2.79098], [1.16051, 1.04608, -2.33772, 1.34954, -0.35385, -0.19102, -2.75338], [1.32722, 1.05479, -2.43465, 1.53623, -0.03614, -0.46584, -2.71579], [1.49393, 1.0635, -2.53158, 1.72292, 0.28158, -0.74066, -2.67819], [1.66064, 1.0722, -2.62851, 1.90961, 0.59929, -1.01548, -2.6406], [1.82735, 1.08091, -2.72544, 2.09629, 0.91701, -1.29031, -2.603], [1.84579, 1.08187, -2.73617, 2.11695, 0.95216, -1.32071, -2.59884], [1.81651, 0.94105, -2.71099, 2.04627, 0.85291, -1.26192, -2.14018], [1.78722, 0.80022, -2.68581, 1.97559, 0.75366, -1.20313, -1.68152], [1.75794, 0.65939, -2.66064, 1.90492, 0.6544, -1.14434, -1.22285], [1.72865, 0.51856, -2.63546, 1.83424, 0.55515, -1.08555, -0.76419], [1.69937, 0.37773, -2.61028, 1.76356, 0.4559, -1.02676, -0.30552], [1.67009, 0.2369, -2.58511, 1.69288, 0.35664, -0.96797, 0.15314], [1.6408, 0.09607, -2.55993, 1.62221, 0.25739, -0.90918, 0.6118], [1.61152, -0.04476, -2.53475, 1.55153, 0.15813, -0.85039, 1.07047], [1.58223, -0.18559, -2.50958, 1.48085, 0.05888, -0.79159, 1.52913], [1.55789, -0.30263, -2.48865, 1.42211, -0.02361, -0.74273, 1.91032], [1.35818, -0.58113, -2.41433, 1.73979, -0.11518, -0.86501, 1.8577], [1.15847, -0.85964, -2.34002, 2.05747, -0.20676, -0.98729, 1.80509], [0.95876, -1.13815, -2.2657, 2.37515, -0.29833, -1.10957, 1.75247], [0.75905, -1.41666, -2.19138, 2.69283, -0.38991, -1.23185, 1.69986], [0.60387, -1.63308, -2.13363, 2.93968, -0.46107, -1.32687, 1.65897], [0.81379, -1.68314, -2.04506, 2.73821, -0.68885, -1.35858, 1.33944], [1.0237, -1.73321, -1.95649, 2.53674, -0.91663, -1.39028, 1.01991], [1.23362, -1.78328, -1.86792, 2.33527, -1.14442, -1.42199, 0.70037], [1.44354, -1.83334, -1.77934, 2.13379, -1.3722, -1.4537, 0.38084], [1.65346, -1.88341, -1.69077, 1.93232, -1.59999, -1.48541, 0.06131], [1.86338, -1.93347, -1.6022, 1.73085, -1.82777, -1.51712, -0.25822]]
end: [1.9871000000000001, -1.9629799999999999, -1.55, 1.6121099999999999, -1.9620200000000001, -1.5358099999999999, -0.44655]
obtacles: [[[0.6, 0.5, -1.0], [0.9, 0.6, 1.0]], [[0.6, -0.6, -1.0], [0.9, -0.5, 1.0]], [[0.6, -0.6, 0.9], [0.9, 0.6, 1.0]], [[0.6, -0.6, -1.0], [0.9, 0.6, -0.9]], [[0.6, -0.6, 0.3], [0.9, 0.6, 0.4]], [[0.6, -0.6, -0.5], [0.9, 0.6, -0.4]], [[0.6, -0.3, 0.4], [0.9, -0.2, 1.0]], [[0.6, -0.3, -0.5], [0.9, -0.2, 0.4]], [[0.6, -0.3, -1.0], [0.9, -0.2, -0.4]]]
start: [2.1235200000000001, -1.0307200000000001, -1.6499999999999999, 1.0592999999999999, -1.0578000000000001, -1.37707, -0.070260000000000003]
tajectories: [[2.12352, -1.03072, -1.65, 1.0593, -1.0578, -1.37707, -0.07026], [1.84837, -0.90584, -1.56504, 1.28757, -1.19905, -1.2409, -0.31698], [1.57321, -0.78096, -1.48007, 1.51584, -1.34029, -1.10473, -0.56371], [1.29805, -0.65608, -1.39511, 1.74412, -1.48154, -0.96857, -0.81044], [1.0229, -0.53121, -1.31014, 1.97239, -1.62279, -0.8324, -1.05717], [0.74774, -0.40633, -1.22518, 2.20066, -1.76404, -0.69623, -1.3039], [0.50081, -0.29426, -1.14893, 2.40552, -1.8908, -0.57403, -1.52532], [0.55311, -0.16272, -1.3794, 2.43555, -1.8201, -0.27067, -1.80624], [0.56242, -0.13932, -1.42039, 2.44089, -1.80752, -0.21672, -1.8562], [0.57275, 0.19709, -1.45364, 2.56438, -1.71172, 0.11076, -1.91901], [0.58308, 0.5335, -1.48688, 2.68788, -1.61592, 0.43823, -1.98183], [0.59342, 0.86991, -1.52013, 2.81137, -1.52012, 0.76571, -2.04465], [0.59912, 1.05543, -1.53846, 2.87948, -1.46729, 0.94631, -2.07929], [0.61564, 1.28485, -1.21337, 2.65794, -1.53064, 0.75417, -2.11681], [0.63216, 1.51426, -0.88828, 2.43641, -1.594, 0.56204, -2.15433], [0.64766, 1.72945, -0.58335, 2.22862, -1.65343, 0.38182, -2.18953], [0.68844, 1.78328, -0.86096, 2.00764, -1.53469, 0.69006, -2.29165], [0.72923, 1.83712, -1.13856, 1.78666, -1.41595, 0.99831, -2.39378], [0.77002, 1.89096, -1.41617, 1.56569, -1.29722, 1.30655, -2.4959]]
end: [0.80437000000000003, 1.93631, -1.6499999999999999, 1.3795599999999999, -1.1972, 1.56619, -2.5819200000000002]
obtacles: [[[0.6, 0.5, -1.0], [0.9, 0.6, 1.0]], [[0.6, -0.6, -1.0], [0.9, -0.5, 1.0]], [[0.6, -0.6, 0.9], [0.9, 0.6, 1.0]], [[0.6, -0.6, -1.0], [0.9, 0.6, -0.9]], [[0.6, -0.6, 0.3], [0.9, 0.6, 0.4]], [[0.6, -0.6, -0.5], [0.9, 0.6, -0.4]], [[0.6, -0.3, 0.4], [0.9, -0.2, 1.0]], [[0.6, -0.3, -0.5], [0.9, -0.2, 0.4]], [[0.6, -0.3, -1.0], [0.9, -0.2, -0.4]]]
start: [0.77741000000000005, 0.94555999999999996, -1.7, 1.59409, -2.2018499999999999, 1.47986, -2.25339]
tajectories: [[0.77741, 0.94556, -1.7, 1.59409, -2.20185, 1.47986, -2.25339], [0.99795, 0.99727, -1.7, 1.40982, -2.1237, 1.38009, -2.63897]]
end: [1.08876, 1.01857, -1.7, 1.3339399999999999, -2.09152, 1.339, -2.7977500000000002]
obtacles: [[[0.6, 0.5, -1.0], [0.9, 0.6, 1.0]], [[0.6, -0.6, -1.0], [0.9, -0.5, 1.0]], [[0.6, -0.6, 0.9], [0.9, 0.6, 1.0]], [[0.6, -0.6, -1.0], [0.9, 0.6, -0.9]], [[0.6, -0.6, 0.3], [0.9, 0.6, 0.4]], [[0.6, -0.6, -0.5], [0.9, 0.6, -0.4]], [[0.6, -0.3, 0.4], [0.9, -0.2, 1.0]], [[0.6, -0.3, -0.5], [0.9, -0.2, 0.4]], [[0.6, -0.3, -1.0], [0.9, -0.2, -0.4]]]
start: [0.41977999999999999, 0.96752000000000005, -1.7, 0.14541999999999999, -1.5429200000000001, 0.95608000000000004, 2.8986299999999998]
tajectories: [[0.41978, 0.96752, -1.7, 0.14542, -1.54292, 0.95608, 2.89863], [0.42957, 0.87685, -1.54437, 0.36383, -1.88857, 1.04391, 2.69231], [0.43935, 0.78618, -1.38875, 0.58225, -2.23423, 1.13174, 2.48599], [0.44913, 0.69551, -1.23312, 0.80066, -2.57988, 1.21958, 2.27968], [0.45892, 0.60484, -1.0775, 1.01908, -2.92554, 1.30741, 2.07336], [0.4687, 0.51417, -0.92187, 1.23749, -3.27119, 1.39524, 1.86704], [0.47621, 0.44458, -0.80241, 1.40515, -3.53652, 1.46266, 1.70868], [0.48371, 0.1398, -0.78109, 1.64493, -3.57455, 1.1756, 1.8322], [0.49122, -0.16497, -0.75976, 1.88472, -3.61259, 0.88854, 1.95571], [0.49872, -0.46974, -0.73844, 2.1245, -3.65062, 0.60148, 2.07923], [0.50622, -0.77451, -0.71711, 2.36428, -3.68866, 0.31442, 2.20275], [0.51288, -1.04494, -0.69819, 2.57705, -3.7224, 0.0597, 2.31235], [0.57859, -1.06093, -0.94454, 2.46031, -3.42266, -0.22482, 2.29463], [0.64429, -1.07693, -1.19089, 2.34357, -3.12292, -0.50934, 2.2769], [0.71, -1.09292, -1.43724, 2.22683, -2.82318, -0.79385, 2.25918], [0.77571, -1.10892, -1.68359, 2.11009, -2.52344, -1.07837, 2.24145], [0.84141, -1.12491, -1.92994, 1.99334, -2.2237, -1.36289, 2.22372], [0.84984, -1.12696, -1.96153, 1.97837, -2.18525, -1.39939, 2.22145], [1.03422, -1.25673, -1.89496, 1.92236, -2.14357, -1.42049, 1.78623], [1.2186, -1.3865, -1.8284, 1.86636, -2.10188, -1.44159, 1.35102], [1.40298, -1.51627, -1.76183, 1.81035, -2.06019, -1.4627, 0.9158], [1.58736, -1.64604, -1.69526, 1.75434, -2.0185, -1.4838, 0.48059], [1.77174, -1.77581, -1.62869, 1.69833, -1.97682, -1.5049, 0.04537], [1.95612, -1.90558, -1.56212, 1.64233, -1.93513, -1.526, -0.38984]]
end: [1.9896799999999999, -1.9292100000000001, -1.55, 1.6321300000000001, -1.92754, -1.5298499999999999, -0.46906999999999999]
obtacles: [[[0.6, 0.5, -1.0], [0.9, 0.6, 1.0]], [[0.6, -0.6, -1.0], [0.9, -0.5, 1.0]], [[0.6, -0.6, 0.9], [0.9, 0.6, 1.0]], [[0.6, -0.6, -1.0], [0.9, 0.6, -0.9]], [[0.6, -0.6, 0.3], [0.9, 0.6, 0.4]], [[0.6, -0.6, -0.5], [0.9, 0.6, -0.4]], [[0.6, -0.3, 0.4], [0.9, -0.2, 1.0]], [[0.6, -0.3, -0.5], [0.9, -0.2, 0.4]], [[0.6, -0.3, -1.0], [0.9, -0.2, -0.4]]]
start: [0.75727, 1.8501700000000001, -1.8, 1.0258700000000001, -4.3555000000000001, -1.5269600000000001, 0.22833000000000001]
tajectories: [[0.75727, 1.85017, -1.8, 1.02587, -4.3555, -1.52696, 0.22833], [0.66681, 1.77609, -1.79589, 0.83268, -4.01081, -1.28921, 0.07455], [0.57636, 1.70202, -1.79178, 0.63948, -3.66611, -1.05146, -0.07924], [0.48591, 1.62794, -1.78767, 0.44629, -3.32142, -0.81371, -0.23303], [0.39545, 1.55386, -1.78355, 0.25309, -2.97672, -0.57596, -0.38681], [0.305, 1.47979, -1.77944, 0.0599, -2.63203, -0.33822, -0.5406], [0.21454, 1.40571, -1.77533, -0.13329, -2.28733, -0.10047, -0.69439], [0.17546, 1.37371, -1.77356, -0.21676, -2.13842, 0.00225, -0.76083], [0.30692, 1.45157, -1.62147, 0.06494, -1.97771, -0.15108, -1.0344], [0.43838, 1.52944, -1.46939, 0.34663, -1.81701, -0.3044, -1.30797], [0.56983, 1.6073, -1.31731, 0.62833, -1.65631, -0.45773, -1.58154], [0.70129, 1.68517, -1.16522, 0.91002, -1.49561, -0.61105, -1.85511], [0.78539, 1.73498, -1.06793, 1.09023, -1.3928, -0.70914, -2.03012], [0.82859, 1.69592, -1.18881, 1.41665, -1.15037, -0.61509, -1.78965], [0.8718, 1.65686, -1.30969, 1.74307, -0.90793, -0.52104, -1.54918], [0.915, 1.61781, -1.43057, 2.06949, -0.6655, -0.42699, -1.30871], [0.95821, 1.57875, -1.55145, 2.39591, -0.42306, -0.33294, -1.06824], [1.00141, 1.53969, -1.67233, 2.72234, -0.18063, -0.23889, -0.82777], [1.00913, 1.53271, -1.69392, 2.78065, -0.13732, -0.22209, -0.78482], [1.05241, 1.48611, -1.86813, 2.67945, -0.17705, 0.10672, -1.09413], [1.09568, 1.4395, -2.04233, 2.57825, -0.21678, 0.43553, -1.40344], [1.13896, 1.3929, -2.21654, 2.47705, -0.25651, 0.76434, -1.71275], [1.17153, 1.35782, -2.34766, 2.40088, -0.28641, 1.01183, -1.94556], [1.02908, 1.25148, -2.24391, 2.12788, -0.64399, 1.01097, -2.01801], [0.88663, 1.14515, -2.14016, 1.85488, -1.00156, 1.0101, -2.09047], [0.74419, 1.03882, -2.03641, 1.58188, -1.35913, 1.00924, -2.16292], [0.60174, 0.93248, -1.93266, 1.30888, -1.7167, 1.00838, -2.23537], [0.45929, 0.82615, -1.82891, 1.03588, -2.07428, 1.00752, -2.30782]]
end: [0.41959999999999997, 0.79652000000000001, -1.8, 0.95979999999999999, -2.1739199999999999, 1.00728, -2.3280099999999999]
obtacles: [[[0.6, 0.5, -1.0], [0.9, 0.6, 1.0]], [[0.6, -0.6, -1.0], [0.9, -0.5, 1.0]], [[0.6, -0.6, 0.9], [0.9, 0.6, 1.0]], [[0.6, -0.6, -1.0], [0.9, 0.6, -0.9]], [[0.6, -0.6, 0.3], [0.9, 0.6, 0.4]], [[0.6, -0.6, -0.5], [0.9, 0.6, -0.4]], [[0.6, -0.3, 0.4], [0.9, -0.2, 1.0]], [[0.6, -0.3, -0.5], [0.9, -0.2, 0.4]], [[0.6, -0.3, -1.0], [0.9, -0.2, -0.4]]]
start: [0.83228000000000002, 1.7627200000000001, -1.55, 1.8040099999999999, -1.37927, 1.54657, -2.1701899999999998]
tajectories: [[0.83228, 1.76272, -1.55, 1.80401, -1.37927, 1.54657, -2.17019], [0.92653, 1.58426, -1.23912, 1.90452, -1.26809, 1.44249, -1.88854], [1.02078, 1.4058, -0.92824, 2.00503, -1.15691, 1.33841, -1.60689], [1.11504, 1.22734, -0.61737, 2.10554, -1.04573, 1.23433, -1.32524], [1.20929, 1.04888, -0.30649, 2.20606, -0.93455, 1.13025, -1.04358], [1.30354, 0.87043, 0.00439, 2.30657, -0.82337, 1.02617, -0.76193], [1.37241, 0.74003, 0.23154, 2.38001, -0.74214, 0.95012, -0.55614], [1.50613, 0.50227, 0.21142, 2.2697, -0.43102, 0.70953, -0.46483], [1.63985, 0.2645, 0.19129, 2.15938, -0.1199, 0.46895, -0.37353], [1.77357, 0.02674, 0.17116, 2.04907, 0.19121, 0.22836, -0.28223], [1.90729, -0.21103, 0.15104, 1.93875, 0.50233, -0.01223, -0.19093], [2.01901, -0.40968, 0.13422, 1.84659, 0.76227, -0.21324, -0.11465], [1.83447, -0.28767, -0.31198, 1.84655, 0.80418, -0.20964, -0.10069], [1.64992, -0.16565, -0.75817, 1.84652, 0.84609, -0.20605, -0.08674], [1.46538, -0.04364, -1.20437, 1.84648, 0.888, -0.20245, -0.07279], [1.28083, 0.07838, -1.65057, 1.84645, 0.92991, -0.19885, -0.05884], [1.09629, 0.2004, -2.09676, 1.84641, 0.97182, -0.19526, -0.04488], [0.98619, 0.27319, -2.36297, 1.84639, 0.99682, -0.19311, -0.03656], [1.18388, 0.08844, -2.23002, 1.67679, 0.66689, -0.33962, -0.03204], [1.38156, -0.09632, -2.09707, 1.50719, 0.33695, -0.48614, -0.02751], [1.57925, -0.28108, -1.96411, 1.33758, 0.00701, -0.63265, -0.02299], [1.77693, -0.46583, -1.83116, 1.16798, -0.32292, -0.77917, -0.01847], [1.97462, -0.65059, -1.69821, 0.99838, -0.65286, -0.92568, -0.01395], [2.1723, -0.83534, -1.56526, 0.82878, -0.98279, -1.0722, -0.00943]]
end: [2.1949999999999998, -0.85655000000000003, -1.55, 0.80930999999999997, -1.02067, -1.0890200000000001, -0.0089099999999999995]
obtacles: [[[0.6, 0.5, -1.0], [0.9, 0.6, 1.0]], [[0.6, -0.6, -1.0], [0.9, -0.5, 1.0]], [[0.6, -0.6, 0.9], [0.9, 0.6, 1.0]], [[0.6, -0.6, -1.0], [0.9, 0.6, -0.9]], [[0.6, -0.6, 0.3], [0.9, 0.6, 0.4]], [[0.6, -0.6, -0.5], [0.9, 0.6, -0.4]], [[0.6, -0.3, 0.4], [0.9, -0.2, 1.0]], [[0.6, -0.3, -0.5], [0.9, -0.2, 0.4]], [[0.6, -0.3, -1.0], [0.9, -0.2, -0.4]]]
start: [-2.3220200000000002, -1.84761, 1.25, 0.76448000000000005, -4.2919999999999998, -1.55809, -0.10285999999999999]
tajectories: [[-2.32202, -1.84761, 1.25, 0.76448, -4.292, -1.55809, -0.10286], [-2.35773, -1.81628, 1.34459, 0.89771, -3.88596, -1.3211, -0.0993], [-2.39344, -1.78494, 1.43918, 1.03094, -3.47993, -1.08411, -0.09573], [-2.42915, -1.75361, 1.53377, 1.16417, -3.07389, -0.84712, -0.09217], [-2.46486, -1.72228, 1.62836, 1.2974, -2.66785, -0.61013, -0.0886], [-2.49856, -1.69271, 1.71765, 1.42315, -2.28459, -0.38643, -0.08524], [-2.461, -1.71255, 1.70641, 1.54268, -2.06288, -0.47746, -0.50517], [-2.42345, -1.73239, 1.69518, 1.66221, -1.84116, -0.56849, -0.92509], [-2.38589, -1.75223, 1.68395, 1.78174, -1.61945, -0.65953, -1.34502], [-2.34833, -1.77207, 1.67272, 1.90127, -1.39774, -0.75056, -1.76495], [-2.32262, -1.78565, 1.66503, 1.98309, -1.24597, -0.81287, -2.0524], [-2.2793, -1.6665, 1.32432, 2.12783, -1.4638, -0.72439, -2.2564], [-2.23598, -1.54735, 0.98361, 2.27257, -1.68163, -0.63592, -2.4604], [-2.19266, -1.4282, 0.6429, 2.41732, -1.89947, -0.54744, -2.66439], [-2.14934, -1.30905, 0.30219, 2.56206, -2.1173, -0.45897, -2.86839], [-2.13519, -1.27013, 0.1909, 2.60934, -2.18845, -0.43007, -2.93503], [-2.15638, -1.09439, 0.36479, 2.30125, -2.45759, -0.32346, -2.83648], [-2.17757, -0.91865, 0.53868, 1.99317, -2.72673, -0.21684, -2.73793], [-2.19876, -0.74291, 0.71258, 1.68509, -2.99587, -0.11023, -2.63938], [-2.20329, -0.70538, 0.74971, 1.61929, -3.05335, -0.08746, -2.61833], [-2.28872, -0.73225, 0.89901, 1.3937, -2.76531, 0.2055, -2.61666], [-2.37416, -0.75912, 1.0483, 1.16811, -2.47727, 0.49847, -2.61498], [-2.45959, -0.78599, 1.19759, 0.94251, -2.18923, 0.79144, -2.61331]]
end: [-2.4895800000000001, -0.79542000000000002, 1.25, 0.86331999999999998, -2.08812, 0.89427999999999996, -2.6127199999999999]
obtacles: [[[0.6, 0.5, -1.0], [0.9, 0.6, 1.0]], [[0.6, -0.6, -1.0], [0.9, -0.5, 1.0]], [[0.6, -0.6, 0.9], [0.9, 0.6, 1.0]], [[0.6, -0.6, -1.0], [0.9, 0.6, -0.9]], [[0.6, -0.6, 0.3], [0.9, 0.6, 0.4]], [[0.6, -0.6, -0.5], [0.9, 0.6, -0.4]], [[0.6, -0.3, 0.4], [0.9, -0.2, 1.0]], [[0.6, -0.3, -0.5], [0.9, -0.2, 0.4]], [[0.6, -0.3, -1.0], [0.9, -0.2, -0.4]]]
start: [0.19184000000000001, 0.94547999999999999, 1.25, -0.84272000000000002, -1.9046000000000001, -0.95164000000000004, 0.86304999999999998]
tajectories: [[0.19184, 0.94548, 1.25, -0.84272, -1.9046, -0.95164, 0.86305], [0.11986, 0.94623, 0.92223, -0.70539, -1.89215, -1.07004, 0.54002], [0.04789, 0.94698, 0.59445, -0.56806, -1.8797, -1.18844, 0.21699], [-0.02409, 0.94774, 0.26668, -0.43073, -1.86724, -1.30685, -0.10605], [-0.09606, 0.94849, -0.06109, -0.29341, -1.85479, -1.42525, -0.42908], [-0.11027, 0.94864, -0.1258, -0.2663, -1.85234, -1.44862, -0.49285], [-0.07545, 0.80784, -0.01482, 0.10798, -1.8597, -1.21736, -0.3411], [-0.04063, 0.66704, 0.09615, 0.48226, -1.86707, -0.98609, -0.18936], [-0.00582, 0.52624, 0.20713, 0.85654, -1.87444, -0.75483, -0.03762], [0.029, 0.38545, 0.3181, 1.23082, -1.88181, -0.52356, 0.11412], [0.05983, 0.26079, 0.41635, 1.56218, -1.88834, -0.31881, 0.24847], [0.11712, 0.1387, 0.72862, 1.8125, -2.09256, -0.1458, 0.25037], [0.17441, 0.01661, 1.04088, 2.06282, -2.29679, 0.0272, 0.25227], [0.2317, -0.10548, 1.35314, 2.31314, -2.50102, 0.20021, 0.25417], [0.28882, -0.22723, 1.66451, 2.56274, -2.70467, 0.37273, 0.25607], [-0.12098, -0.4343, 1.75031, 2.52915, -2.7379, 0.30095, 0.09975], [-0.53079, -0.64137, 1.83611, 2.49557, -2.77113, 0.22917, -0.05657], [-0.94059, -0.84844, 1.92191, 2.46198, -2.80437, 0.1574, -0.21289], [-1.3504, -1.05551, 2.0077, 2.42839, -2.8376, 0.08562, -0.36921], [-1.47927, -1.12063, 2.03468, 2.41782, -2.84805, 0.06305, -0.41837], [-1.41971, -1.25855, 2.22158, 2.35954, -2.9801, -0.29192, -0.2047], [-1.36016, -1.39648, 2.40848, 2.30126, -3.11215, -0.6469, 0.00898], [-1.3006, -1.5344, 2.59538, 2.24297, -3.2442, -1.00188, 0.22265], [-1.27698, -1.5891, 2.6695, 2.21986, -3.29657, -1.14266, 0.30739], [-1.48445, -1.67255, 2.35956, 1.98116, -3.49665, -1.21544, 0.26699], [-1.69191, -1.756, 2.04963, 1.74246, -3.69672, -1.28822, 0.22658], [-1.89937, -1.83945, 1.73969, 1.50376, -3.89679, -1.361, 0.18617], [-2.10683, -1.9229, 1.42976, 1.26506, -4.09686, -1.43379, 0.14577]]
end: [-2.22715, -1.9713000000000001, 1.25, 1.12662, -4.2129000000000003, -1.476, 0.12232999999999999]
obtacles: [[[0.6, 0.5, -1.0], [0.9, 0.6, 1.0]], [[0.6, -0.6, -1.0], [0.9, -0.5, 1.0]], [[0.6, -0.6, 0.9], [0.9, 0.6, 1.0]], [[0.6, -0.6, -1.0], [0.9, 0.6, -0.9]], [[0.6, -0.6, 0.3], [0.9, 0.6, 0.4]], [[0.6, -0.6, -0.5], [0.9, 0.6, -0.4]], [[0.6, -0.3, 0.4], [0.9, -0.2, 1.0]], [[0.6, -0.3, -0.5], [0.9, -0.2, 0.4]], [[0.6, -0.3, -1.0], [0.9, -0.2, -0.4]]]
start: [-0.99865000000000004, 1.85511, 1.6499999999999999, 1.3786400000000001, -1.8649199999999999, -1.5498099999999999, -0.36553999999999998]
tajectories: [[-0.99865, 1.85511, 1.65, 1.37864, -1.86492, -1.54981, -0.36554], [-1.09983, 1.80625, 1.49328, 1.48431, -1.6398, -1.19795, -0.53035], [-1.20101, 1.75739, 1.33655, 1.58998, -1.41468, -0.84608, -0.69516], [-1.30219, 1.70853, 1.17983, 1.69565, -1.18957, -0.49422, -0.85996], [-1.40336, 1.65967, 1.02311, 1.80132, -0.96445, -0.14235, -1.02477], [-1.50454, 1.61082, 0.86639, 1.90699, -0.73933, 0.20951, -1.18958], [-1.59759, 1.56588, 0.72225, 2.00418, -0.53229, 0.53312, -1.34116], [-1.34276, 1.36471, 0.66335, 2.25763, -0.60468, 0.28675, -1.23656], [-1.08792, 1.16354, 0.60446, 2.51109, -0.67706, 0.04037, -1.13197], [-0.83309, 0.96237, 0.54557, 2.76454, -0.74945, -0.20601, -1.02737], [-0.74068, 0.88942, 0.52421, 2.85645, -0.7757, -0.29535, -0.98945], [-0.61202, 0.80988, 0.80136, 2.91086, -0.55747, -0.6028, -0.91734], [-0.48336, 0.73034, 1.0785, 2.96527, -0.33924, -0.91025, -0.84524], [-0.35469, 0.6508, 1.35565, 3.01969, -0.12101, -1.2177, -0.77314], [-0.24566, 0.58339, 1.5905, 3.0658, 0.06391, -1.47823, -0.71204], [-0.24981, 0.61702, 1.60321, 2.61769, -0.13374, -1.39531, -0.75616], [-0.25396, 0.65064, 1.61592, 2.16958, -0.33139, -1.31239, -0.80029], [-0.2581, 0.68427, 1.62863, 1.72147, -0.52904, -1.22946, -0.84441], [-0.26225, 0.7179, 1.64133, 1.27336, -0.72669, -1.14654, -0.88853]]
end: [-0.26507999999999998, 0.74082999999999999, 1.6499999999999999, 0.96774000000000004, -0.86148999999999998, -1.08999, -0.91862999999999995]
