obtacles: [[[0.6, 0.5, -1.0], [0.9, 0.6, 1.0]], [[0.6, -0.6, -1.0], [0.9, -0.5, 1.0]], [[0.6, -0.6, 0.9], [0.9, 0.6, 1.0]], [[0.6, -0.6, -1.0], [0.9, 0.6, -0.9]], [[0.6, -0.6, 0.3], [0.9, 0.6, 0.4]], [[0.6, -0.6, -0.5], [0.9, 0.6, -0.4]], [[0.6, -0.3, 0.4], [0.9, -0.2, 1.0]], [[0.6, 0.2, -0.5], [0.9, 0.3, 0.4]], [[0.6, 0.0, -1.0], [0.9, 0.1, -0.4]]]
start: [2.16018, -1.94546, -1.1499999999999999, 1.82226, -1.86768, -1.0936399999999999, -0.68722000000000005]
tajectories: [[2.16018, -1.94546, -1.15, 1.82226, -1.86768, -1.09364, -0.68722], [1.91239, -1.89778, -1.29142, 1.74488, -2.26351, -1.15124, -0.70566], [1.6646, -1.8501, -1.43283, 1.6675, -2.65934, -1.20884, -0.72409], [1.41681, -1.80242, -1.57425, 1.59013, -3.05517, -1.26644, -0.74252], [1.32175, -1.78413, -1.62849, 1.56044, -3.20702, -1.28854, -0.7496], [1.13699, -1.58567, -1.33867, 1.68126, -3.19156, -1.06854, -0.57859], [0.95223, -1.38721, -1.04884, 1.80207, -3.1761, -0.84854, -0.40759], [0.76747, -1.18874, -0.75901, 1.92288, -3.16065, -0.62855, -0.23658], [0.58271, -0.99028, -0.46918, 2.04369, -3.14519, -0.40855, -0.06558], [0.39796, -0.79182, -0.17935, 2.1645, -3.12973, -0.18855, 0.10543], [0.39716, -0.79096, -0.1781, 2.16503, -3.12967, -0.1876, 0.10616], [0.43989, -0.63049, -0.30909, 2.01688, -3.16963, 0.00412, 0.4869], [0.48263, -0.47002, -0.44009, 1.86873, -3.2096, 0.19585, 0.86763], [0.52537, -0.30954, -0.57109, 1.72059, -3.24957, 0.38758, 1.24836], [0.5681, -0.14907, -0.70208, 1.57244, -3.28954, 0.57931, 1.62909], [0.59902, -0.03297, -0.79686, 1.46526, -3.31845, 0.71802, 1.90454], [0.62253, 0.1958, -0.88047, 1.23876, -3.0624, 0.83273, 2.14967], [0.64604, 0.42458, -0.96408, 1.01227, -2.80634, 0.94745, 2.39481], [0.66956, 0.65336, -1.04769, 0.78577, -2.55028, 1.06217, 2.63994], [0.69307, 0.88213, -1.13131, 0.55928, -2.29422, 1.17688, 2.88508]]
end: [0.69833000000000001, 0.93328, -1.1499999999999999, 0.50863999999999998, -2.23698, 1.2025300000000001, 2.93988]
obtacles: [[[0.6, 0.5, -1.0], [0.9, 0.6, 1.0]], [[0.6, -0.6, -1.0], [0.9, -0.5, 1.0]], [[0.6, -0.6, 0.9], [0.9, 0.6, 1.0]], [[0.6, -0.6, -1.0], [0.9, 0.6, -0.9]], [[0.6, -0.6, 0.3], [0.9, 0.6, 0.4]], [[0.6, -0.6, -0.5], [0.9, 0.6, -0.4]], [[0.6, -0.3, 0.4], [0.9, -0.2, 1.0]], [[0.6, 0.2, -0.5], [0.9, 0.3, 0.4]], [[0.6, 0.0, -1.0], [0.9, 0.1, -0.4]]]
start: [0.60085, 0.89024000000000003, -1.1499999999999999, 1.0589200000000001, -2.35242, 1.53938, -2.82151]
tajectories: [[0.60085, 0.89024, -1.15, 1.05892, -2.35242, 1.53938, -2.82151], [0.90891, 0.68777, -1.08003, 1.21458, -2.20655, 1.36124, -2.64272], [1.21696, 0.48529, -1.01007, 1.37024, -2.06069, 1.18309, -2.46393], [1.52502, 0.28281, -0.9401, 1.52589, -1.91482, 1.00494, -2.28513], [1.83307, 0.08033, -0.87014, 1.68155, -1.76896, 0.82679, -2.10634], [2.14113, -0.12215, -0.80017, 1.83721, -1.62309, 0.64865, -1.92754], [2.44918, -0.32462, -0.73021, 1.99287, -1.47723, 0.4705, -1.74875], [2.55561, -0.39458, -0.70604, 2.04664, -1.42684, 0.40895, -1.68698], [2.48708, -0.38341, -1.06987, 2.1822, -1.46986, 0.24792, -1.42883], [2.41854, -0.37225, -1.43371, 2.31776, -1.51288, 0.08689, -1.17067], [2.35001, -0.36109, -1.79754, 2.45332, -1.5559, -0.07414, -0.91251], [2.28148, -0.34993, -2.16138, 2.58888, -1.59892, -0.23517, -0.65436], [2.21295, -0.33877, -2.52521, 2.72444, -1.64194, -0.3962, -0.3962], [2.20735, -0.33786, -2.55492, 2.73551, -1.64545, -0.40935, -0.37512], [2.16128, -0.64425, -2.34642, 2.48691, -1.70777, -0.61867, -0.34304], [2.11522, -0.95065, -2.13791, 2.23832, -1.77008, -0.82798, -0.31096], [2.06915, -1.25704, -1.9294, 1.98972, -1.83239, -1.0373, -0.27888], [2.02308, -1.56343, -1.7209, 1.74112, -1.89471, -1.24661, -0.2468], [1.97701, -1.86983, -1.51239, 1.49252, -1.95702, -1.45593, -0.21472]]
end: [1.96323, -1.9615100000000001, -1.45, 1.4181299999999999, -1.97566, -1.5185599999999999, -0.20512]
obtacles: [[[0.6, 0.5, -1.0], [0.9, 0.6, 1.0]], [[0.6, -0.6, -1.0], [0.9, -0.5, 1.0]], [[0.6, -0.6, 0.9], [0.9, 0.6, 1.0]], [[0.6, -0.6, -1.0], [0.9, 0.6, -0.9]], [[0.6, -0.6, 0.3], [0.9, 0.6, 0.4]], [[0.6, -0.6, -0.5], [0.9, 0.6, -0.4]], [[0.6, -0.3, 0.4], [0.9, -0.2, 1.0]], [[0.6, 0.2, -0.5], [0.9, 0.3, 0.4]], [[0.6, 0.0, -1.0], [0.9, 0.1, -0.4]]]
start: [2.2678500000000001, -1.7277800000000001, -1.45, 1.03254, -1.76735, -1.5487500000000001, -0.14710999999999999]
tajectories: [[2.26785, -1.72778, -1.45, 1.03254, -1.76735, -1.54875, -0.14711], [2.22662, -1.60761, -1.58328, 1.27666, -1.92038, -1.39031, -0.47572], [2.18539, -1.48745, -1.71655, 1.52079, -2.07341, -1.23188, -0.80432], [2.14415, -1.36728, -1.84983, 1.76491, -2.22644, -1.07345, -1.13293], [2.10292, -1.24712, -1.98311, 2.00903, -2.37947, -0.91501, -1.46153], [2.06169, -1.12695, -2.11638, 2.25316, -2.5325, -0.75658, -1.79014], [2.02046, -1.00679, -2.24966, 2.49728, -2.68553, -0.59814, -2.11874], [2.00342, -0.95715, -2.30471, 2.59812, -2.74874, -0.5327, -2.25448], [2.05817, -0.72483, -2.08906, 2.59095, -2.43488, -0.50471, -2.03726], [2.11291, -0.49251, -1.87341, 2.58378, -2.12102, -0.47672, -1.82004], [2.16766, -0.26019, -1.65776, 2.57661, -1.80717, -0.44872, -1.60283], [2.2224, -0.02787, -1.44211, 2.56944, -1.49331, -0.42073, -1.38561], [2.27715, 0.20446, -1.22646, 2.56228, -1.17945, -0.39274, -1.1684], [2.30543, 0.32449, -1.11504, 2.55857, -1.01728, -0.37827, -1.05616], [2.19721, 0.2335, -1.19468, 2.57752, -0.62512, -0.63231, -1.12674], [2.08898, 0.1425, -1.27433, 2.59646, -0.23296, -0.88634, -1.19732], [1.98076, 0.0515, -1.35398, 2.6154, 0.1592, -1.14038, -1.2679], [1.87254, -0.0395, -1.43363, 2.63434, 0.55136, -1.39441, -1.33847], [1.8126, -0.08989, -1.47773, 2.64483, 0.76853, -1.53509, -1.37756], [1.61343, 0.08143, -1.47315, 2.298, 0.82732, -1.46419, -1.14912], [1.41426, 0.25274, -1.46858, 1.95116, 0.88611, -1.39328, -0.92069], [1.21509, 0.42405, -1.464, 1.60433, 0.9449, -1.32238, -0.69225], [1.01591, 0.59537, -1.45942, 1.25749, 1.00369, -1.25148, -0.46382], [0.81674, 0.76668, -1.45484, 0.91066, 1.06248, -1.18057, -0.23538], [0.61757, 0.938, -1.45026, 0.56382, 1.12127, -1.10967, -0.00695]]
end: [0.60609999999999997, 0.94786000000000004, -1.45, 0.54386000000000001, 1.1246499999999999, -1.1055900000000001, 0.0061999999999999998]
obtacles: [[[0.6, 0.5, -1.0], [0.9, 0.6, 1.0]], [[0.6, -0.6, -1.0], [0.9, -0.5, 1.0]], [[0.6, -0.6, 0.9], [0.9, 0.6, 1.0]], [[0.6, -0.6, -1.0], [0.9, 0.6, -0.9]], [[0.6, -0.6, 0.3], [0.9, 0.6, 0.4]], [[0.6, -0.6, -0.5], [0.9, 0.6, -0.4]], [[0.6, -0.3, 0.4], [0.9, -0.2, 1.0]], [[0.6, 0.2, -0.5], [0.9, 0.3, 0.4]], [[0.6, 0.0, -1.0], [0.9, 0.1, -0.4]]]
start: [2.0057499999999999, -1.9177500000000001, -1.45, 1.4688099999999999, 1.2122900000000001, 1.4925999999999999, 2.8439899999999998]
tajectories: [[2.00575, -1.91775, -1.45, 1.46881, 1.21229, 1.4926, 2.84399], [1.86906, -1.63584, -1.66777, 1.67022, 1.01058, 1.44439, 2.69963], [1.73237, -1.35393, -1.88555, 1.87163, 0.80887, 1.39618, 2.55527], [1.59568, -1.07202, -2.10332, 2.07304, 0.60716, 1.34797, 2.4109], [1.45899, -0.79011, -2.3211, 2.27445, 0.40545, 1.29976, 2.26654], [1.32231, -0.50821, -2.53887, 2.47586, 0.20374, 1.25155, 2.12217], [1.2747, -0.41002, -2.61472, 2.54601, 0.13348, 1.23476, 2.07189], [1.24708, -0.27181, -2.44983, 2.5885, 0.16204, 0.79056, 2.12678], [1.21946, -0.1336, -2.28494, 2.631, 0.19059, 0.34637, 2.18167], [1.19184, 0.00461, -2.12005, 2.67349, 0.21915, -0.09783, 2.23656], [1.16421, 0.14282, -1.95516, 2.71599, 0.2477, -0.54203, 2.29145], [1.15043, 0.21177, -1.8729, 2.73719, 0.26195, -0.76363, 2.31884], [1.03158, 0.29517, -1.80201, 2.40106, 0.36089, -0.80884, 2.00408], [0.91273, 0.37858, -1.73111, 2.06492, 0.45982, -0.85405, 1.68932], [0.79388, 0.46199, -1.66022, 1.72879, 0.55876, -0.89926, 1.37456], [0.67503, 0.5454, -1.58933, 1.39265, 0.6577, -0.94447, 1.0598], [0.55618, 0.62881, -1.51844, 1.05652, 0.75664, -0.98969, 0.74504]]
end: [0.44144, 0.70933000000000002, -1.45, 0.73202, 0.85214999999999996, -1.0333300000000001, 0.44117000000000001]
obtacles: [[[0.6, 0.5, -1.0], [0.9, 0.6, 1.0]], [[0.6, -0.6, -1.0], [0.9, -0.5, 1.0]], [[0.6, -0.6, 0.9], [0.9, 0.6, 1.0]], [[0.6, -0.6, -1.0], [0.9, 0.6, -0.9]], [[0.6, -0.6, 0.3], [0.9, 0.6, 0.4]], [[0.6, -0.6, -0.5], [0.9, 0.6, -0.4]], [[0.6, -0.3, 0.4], [0.9, -0.2, 1.0]], [[0.6, 0.2, -0.5], [0.9, 0.3, 0.4]], [[0.6, 0.0, -1.0], [0.9, 0.1, -0.4]]]
start: [0.85890999999999995, 0.88034000000000001, -1.3, 1.0983799999999999, 0.84365999999999997, -1.4644299999999999, 0.18206]
tajectories: [[0.85891, 0.88034, -1.3, 1.09838, 0.84366, -1.46443, 0.18206], [1.14779, 0.73333, -1.38633, 1.43217, 0.83699, -1.47216, 0.3432], [1.43666, 0.58631, -1.47266, 1.76596, 0.83032, -1.47989, 0.50434], [1.72553, 0.43929, -1.55898, 2.09975, 0.82365, -1.48762, 0.66548], [2.01441, 0.29227, -1.64531, 2.43354, 0.81697, -1.49535, 0.82661], [2.05867, 0.26975, -1.65854, 2.48469, 0.81595, -1.49653, 0.85131], [1.97696, 0.07977, -1.71835, 2.56992, 0.5825, -1.15884, 1.01822], [1.89525, -0.11022, -1.77816, 2.65514, 0.34906, -0.82115, 1.18513], [1.81355, -0.3002, -1.83797, 2.74037, 0.11561, -0.48346, 1.35204], [1.74195, -0.46667, -1.89038, 2.81504, -0.08894, -0.18756, 1.49829], [1.78119, -0.84734, -1.94387, 2.62081, -0.01282, 0.04937, 1.53031], [1.82043, -1.22802, -1.99736, 2.42658, 0.06331, 0.2863, 1.56233], [1.85968, -1.6087, -2.05085, 2.23235, 0.13943, 0.52323, 1.59436], [1.88467, -1.85115, -2.08492, 2.10865, 0.18791, 0.67413, 1.61475], [1.9799, -1.87935, -1.92082, 1.90674, 0.41618, 0.88103, 1.89319], [2.07512, -1.90755, -1.75672, 1.70483, 0.64444, 1.08793, 2.17163], [2.17035, -1.93575, -1.59262, 1.50292, 0.87271, 1.29483, 2.45007], [2.26557, -1.96395, -1.42852, 1.30102, 1.10097, 1.50173, 2.72851]]
end: [2.2821199999999999, -1.96885, -1.3999999999999999, 1.2659199999999999, 1.1406400000000001, 1.53769, 2.77691]
obtacles: [[[0.6, 0.5, -1.0], [0.9, 0.6, 1.0]], [[0.6, -0.6, -1.0], [0.9, -0.5, 1.0]], [[0.6, -0.6, 0.9], [0.9, 0.6, 1.0]], [[0.6, -0.6, -1.0], [0.9, 0.6, -0.9]], [[0.6, -0.6, 0.3], [0.9, 0.6, 0.4]], [[0.6, -0.6, -0.5], [0.9, 0.6, -0.4]], [[0.6, -0.3, 0.4], [0.9, -0.2, 1.0]], [[0.6, 0.2, -0.5], [0.9, 0.3, 0.4]], [[0.6, 0.0, -1.0], [0.9, 0.1, -0.4]]]
start: [-2.0628700000000002, -0.90595000000000003, 1.6499999999999999, 1.3665499999999999, -2.2370100000000002, 1.5065900000000001, -2.8589000000000002]
tajectories: [[-2.06287, -0.90595, 1.65, 1.36655, -2.23701, 1.50659, -2.8589], [-2.1339, -0.74719, 1.20354, 1.41488, -2.13701, 1.46727, -2.77803], [-2.20493, -0.58842, 0.75708, 1.4632, -2.03701, 1.42794, -2.69716], [-2.27596, -0.42966, 0.31062, 1.51153, -1.937, 1.38862, -2.61629], [-2.347, -0.2709, -0.13584, 1.55985, -1.837, 1.34929, -2.53541], [-2.41803, -0.11213, -0.58229, 1.60818, -1.737, 1.30997, -2.45454], [-2.48906, 0.04663, -1.02875, 1.6565, -1.637, 1.27064, -2.37367], [-2.56009, 0.2054, -1.47521, 1.70483, -1.53699, 1.23131, -2.29279], [-2.58283, 0.25622, -1.61814, 1.7203, -1.50498, 1.21872, -2.2669], [-2.30699, 0.35281, -1.45342, 1.80855, -1.28955, 0.93427, -2.21851], [-2.03115, 0.44939, -1.2887, 1.8968, -1.07413, 0.64983, -2.17012], [-1.7553, 0.54598, -1.12398, 1.98505, -0.8587, 0.36538, -2.12172], [-1.47946, 0.64256, -0.95927, 2.0733, -0.64328, 0.08093, -2.07333], [-1.20362, 0.73915, -0.79455, 2.16155, -0.42785, -0.20352, -2.02494], [-0.92777, 0.83573, -0.62983, 2.24979, -0.21242, -0.48797, -1.97654], [-0.65193, 0.93232, -0.46511, 2.33804, 0.003, -0.77242, -1.92815], [-0.37608, 1.0289, -0.30039, 2.42629, 0.21843, -1.05687, -1.87976], [-0.37116, 1.03062, -0.29745, 2.42787, 0.22228, -1.06195, -1.87889], [-0.47128, 1.16541, -0.02918, 2.32043, -0.09441, -1.13219, -1.69703], [-0.57141, 1.30019, 0.23909, 2.213, -0.41109, -1.20243, -1.51517], [-0.67153, 1.43497, 0.50737, 2.10556, -0.72778, -1.27267, -1.33331], [-0.77165, 1.56975, 0.77564, 1.99813, -1.04446, -1.34291, -1.15145], [-0.87178, 1.70454, 1.04392, 1.89069, -1.36114, -1.41316, -0.96959], [-0.9719, 1.83932, 1.31219, 1.78325, -1.67783, -1.4834, -0.78773]]
end: [-1.0606500000000001, 1.95879, 1.55, 1.6880200000000001, -1.95855, -1.54566, -0.62651999999999997]
obtacles: [[[0.6, 0.5, -1.0], [0.9, 0.6, 1.0]], [[0.6, -0.6, -1.0], [0.9, -0.5, 1.0]], [[0.6, -0.6, 0.9], [0.9, 0.6, 1.0]], [[0.6, -0.6, -1.0], [0.9, 0.6, -0.9]], [[0.6, -0.6, 0.3], [0.9, 0.6, 0.4]], [[0.6, -0.6, -0.5], [0.9, 0.6, -0.4]], [[0.6, -0.3, 0.4], [0.9, -0.2, 1.0]], [[0.6, 0.2, -0.5], [0.9, 0.3, 0.4]], [[0.6, 0.0, -1.0], [0.9, 0.1, -0.4]]]
start: [-0.77471999999999996, 1.86913, 1.6000000000000001, 1.6271100000000001, -1.8673, -1.52637, -0.84136999999999995]
tajectories: [[-0.77472, 1.86913, 1.6, 1.62711, -1.8673, -1.52637, -0.84137], [-0.9045, 1.58981, 1.30481, 1.7573, -2.07932, -1.44836, -0.84547], [-1.03428, 1.3105, 1.00963, 1.88748, -2.29135, -1.37034, -0.84957], [-1.16406, 1.03118, 0.71444, 2.01767, -2.50337, -1.29233, -0.85367], [-1.29384, 0.75187, 0.41926, 2.14786, -2.7154, -1.21431, -0.85777], [-1.42362, 0.47255, 0.12407, 2.27804, -2.92742, -1.1363, -0.86187], [-1.49751, 0.31352, -0.044, 2.35216, -3.04815, -1.09188, -0.86421], [-1.2868, 0.01563, -0.00637, 2.4361, -2.86617, -1.09278, -1.13859], [-1.0761, -0.28226, 0.03127, 2.52004, -2.6842, -1.09369, -1.41298], [-0.86539, -0.58014, 0.0689, 2.60399, -2.50223, -1.09459, -1.68737], [-0.83404, -0.62447, 0.0745, 2.61647, -2.47515, -1.09473, -1.72819], [-0.70483, -0.36584, 0.34399, 2.50316, -2.19145, -1.08787, -1.70761], [-0.57562, -0.10722, 0.61347, 2.38984, -1.90775, -1.08101, -1.68702], [-0.44641, 0.1514, 0.88296, 2.27652, -1.62406, -1.07415, -1.66644], [-0.3172, 0.41002, 1.15245, 2.1632, -1.34036, -1.06729, -1.64585], [-0.18799, 0.66864, 1.42194, 2.04988, -1.05666, -1.06043, -1.62527], [-0.17537, 0.69389, 1.44825, 2.03882, -1.02896, -1.05976, -1.62326], [-0.0223, 0.7985, 1.50269, 1.60815, -1.06468, -1.10034, -1.46749], [0.13076, 0.90311, 1.55714, 1.17748, -1.1004, -1.14093, -1.31172]]
end: [0.25125999999999998, 0.98545000000000005, 1.6000000000000001, 0.83845000000000003, -1.12852, -1.1728799999999999, -1.1891]
obtacles: [[[0.6, 0.5, -1.0], [0.9, 0.6, 1.0]], [[0.6, -0.6, -1.0], [0.9, -0.5, 1.0]], [[0.6, -0.6, 0.9], [0.9, 0.6, 1.0]], [[0.6, -0.6, -1.0], [0.9, 0.6, -0.9]], [[0.6, -0.6, 0.3], [0.9, 0.6, 0.4]], [[0.6, -0.6, -0.5], [0.9, 0.6, -0.4]], [[0.6, -0.3, 0.4], [0.9, -0.2, 1.0]], [[0.6, 0.2, -0.5], [0.9, 0.3, 0.4]], [[0.6, 0.0, -1.0], [0.9, 0.1, -0.4]]]
start: [-1.07674, 1.6132899999999999, 1.6000000000000001, 1.61578, -1.61195, -1.5397400000000001, -0.53778000000000004]
tajectories: [[-1.07674, 1.61329, 1.6, 1.61578, -1.61195, -1.53974, -0.53778], [-0.96948, 1.53691, 1.36609, 1.97196, -1.5239, -1.34231, -0.60371], [-0.86222, 1.46053, 1.13217, 2.32815, -1.43585, -1.14489, -0.66964], [-0.75496, 1.38415, 0.89826, 2.68434, -1.34779, -0.94747, -0.73558], [-0.67428, 1.3267, 0.72232, 2.95226, -1.28156, -0.79897, -0.78517], [-0.35125, 1.03669, 0.93331, 2.88603, -1.19344, -0.83206, -0.72367], [-0.02822, 0.74668, 1.14431, 2.81981, -1.10532, -0.86514, -0.66218], [0.29481, 0.45668, 1.3553, 2.75358, -1.0172, -0.89823, -0.60068], [0.61784, 0.16667, 1.5663, 2.68736, -0.92908, -0.93132, -0.53919], [0.94087, -0.12334, 1.77729, 2.62114, -0.84095, -0.9644, -0.4777], [1.2639, -0.41335, 1.98828, 2.55491, -0.75283, -0.99749, -0.4162], [1.33183, -0.47433, 2.03265, 2.54099, -0.7343, -1.00445, -0.40327], [1.37015, -0.42008, 1.61388, 2.35572, -0.69985, -0.85062, -0.2982], [1.40848, -0.36582, 1.1951, 2.17045, -0.66539, -0.69679, -0.19312], [1.4468, -0.31157, 0.77633, 1.98518, -0.63094, -0.54297, -0.08805], [1.48512, -0.25731, 0.35755, 1.79991, -0.59649, -0.38914, 0.01703], [1.52344, -0.20306, -0.06122, 1.61464, -0.56203, -0.23531, 0.1221], [1.52457, -0.20146, -0.07357, 1.60917, -0.56102, -0.23077, 0.1252], [1.20256, -0.09222, -0.0332, 1.43759, -0.57292, -0.10599, -0.17076], [0.88055, 0.01702, 0.00717, 1.26601, -0.58481, 0.01879, -0.46672], [0.55854, 0.12625, 0.04754, 1.09443, -0.59671, 0.14358, -0.76268], [0.23653, 0.23549, 0.08791, 0.92284, -0.60861, 0.26836, -1.05864], [-0.05818, 0.33547, 0.12486, 0.76581, -0.6195, 0.38257, -1.32951], [-0.00253, 0.45843, 0.45552, 0.72104, -0.74451, 0.07451, -1.22993], [0.05312, 0.5814, 0.78618, 0.67628, -0.86952, -0.23355, -1.13036], [0.10876, 0.70436, 1.11684, 0.63152, -0.99452, -0.54161, -1.03078], [0.16441, 0.82733, 1.4475, 0.58675, -1.11953, -0.84967, -0.9312]]
end: [0.19008, 0.88404000000000005, 1.6000000000000001, 0.56611, -1.1771799999999999, -0.99173999999999995, -0.88527999999999996]
obtacles: [[[0.6, 0.5, -1.0], [0.9, 0.6, 1.0]], [[0.6, -0.6, -1.0], [0.9, -0.5, 1.0]], [[0.6, -0.6, 0.9], [0.9, 0.6, 1.0]], [[0.6, -0.6, -1.0], [0.9, 0.6, -0.9]], [[0.6, -0.6, 0.3], [0.9, 0.6, 0.4]], [[0.6, -0.6, -0.5], [0.9, 0.6, -0.4]], [[0.6, -0.3, 0.4], [0.9, -0.2, 1.0]], [[0.6, 0.2, -0.5], [0.9, 0.3, 0.4]], [[0.6, 0.0, -1.0], [0.9, 0.1, -0.4]]]
start: [-0.95057000000000003, 1.08131, 1.6000000000000001, 0.84330000000000005, -1.20886, -1.2324600000000001, 0.037490000000000002]
tajectories: [[-0.95057, 1.08131, 1.6, 0.8433, -1.20886, -1.23246, 0.03749], [-1.15992, 0.82445, 1.41903, 1.01653, -0.99534, -1.07567, 0.12269], [-1.36928, 0.56759, 1.23806, 1.18976, -0.78182, -0.91887, 0.20788], [-1.57863, 0.31073, 1.05709, 1.36299, -0.56829, -0.76207, 0.29308], [-1.78798, 0.05388, 0.87612, 1.53623, -0.35477, -0.60527, 0.37827], [-1.99734, -0.20298, 0.69515, 1.70946, -0.14125, -0.44847, 0.46347], [-2.20669, -0.45984, 0.51418, 1.88269, 0.07228, -0.29167, 0.54866], [-2.37096, -0.66138, 0.37217, 2.01862, 0.23982, -0.16864, 0.61551], [-2.33426, -0.38915, 0.3577, 1.9486, 0.38974, -0.02789, 0.25894], [-2.29756, -0.11691, 0.34323, 1.87858, 0.53966, 0.11286, -0.09762], [-2.26086, 0.15533, 0.32876, 1.80856, 0.68958, 0.25361, -0.45419], [-2.22415, 0.42757, 0.31429, 1.73854, 0.8395, 0.39436, -0.81076], [-2.18745, 0.6998, 0.29982, 1.66852, 0.98943, 0.5351, -1.16733], [-2.15075, 0.97204, 0.28535, 1.5985, 1.13935, 0.67585, -1.5239], [-2.14768, 0.99483, 0.28414, 1.59264, 1.1519, 0.68764, -1.55375], [-1.88441, 0.92964, 0.5065, 1.79038, 1.14375, 0.48185, -1.767], [-1.62115, 0.86444, 0.72886, 1.98813, 1.1356, 0.27605, -1.98025], [-1.35788, 0.79924, 0.95122, 2.18587, 1.12745, 0.07026, -2.1935], [-1.09461, 0.73404, 1.17358, 2.38362, 1.1193, -0.13553, -2.40676], [-1.0938, 0.73384, 1.17427, 2.38423, 1.11928, -0.13616, -2.40741], [-1.00182, 0.89375, 1.2232, 2.31072, 0.71885, -0.3132, -2.27903], [-0.90984, 1.05366, 1.27214, 2.23721, 0.31842, -0.49025, -2.15064], [-0.81786, 1.21357, 1.32108, 2.1637, -0.08201, -0.66729, -2.02226], [-0.72588, 1.37348, 1.37001, 2.09019, -0.48244, -0.84433, -1.89388], [-0.6339, 1.53339, 1.41895, 2.01667, -0.88287, -1.02137, -1.76549], [-0.54192, 1.6933, 1.46789, 1.94316, -1.2833, -1.19841, -1.63711], [-0.44994, 1.85321, 1.51682, 1.86965, -1.68373, -1.37545, -1.50872]]
end: [-0.38757999999999998, 1.9616199999999999, 1.55, 1.8198099999999999, -1.9552, -1.4954700000000001, -1.4216800000000001]
obtacles: [[[0.6, 0.5, -1.0], [0.9, 0.6, 1.0]], [[0.6, -0.6, -1.0], [0.9, -0.5, 1.0]], [[0.6, -0.6, 0.9], [0.9, 0.6, 1.0]], [[0.6, -0.6, -1.0], [0.9, 0.6, -0.9]], [[0.6, -0.6, 0.3], [0.9, 0.6, 0.4]], [[0.6, -0.6, -0.5], [0.9, 0.6, -0.4]], [[0.6, -0.3, 0.4], [0.9, -0.2, 1.0]], [[0.6, 0.2, -0.5], [0.9, 0.3, 0.4]], [[0.6, 0.0, -1.0], [0.9, 0.1, -0.4]]]
start: [-0.042290000000000001, 0.98085999999999995, 1.55, 0.99224000000000001, -1.05122, -1.27685, -1.0222899999999999]
tajectories: [[-0.04229, 0.98086, 1.55, 0.99224, -1.05122, -1.27685, -1.02229], [-0.05986, 0.78049, 1.15596, 1.06511, -1.0826, -1.25522, -0.80431], [-0.07743, 0.58012, 0.76193, 1.13798, -1.11399, -1.23359, -0.58633], [-0.09499, 0.37975, 0.36789, 1.21085, -1.14537, -1.21196, -0.36835], [-0.11256, 0.17938, -0.02615, 1.28372, -1.17675, -1.19033, -0.15037], [-0.13013, -0.021, -0.42018, 1.35659, -1.20813, -1.1687, 0.0676], [-0.1477, -0.22137, -0.81422, 1.42946, -1.23952, -1.14707, 0.28558], [-0.1541, -0.29438, -0.95781, 1.45601, -1.25095, -1.13919, 0.36501], [-0.43108, -0.28845, -0.8019, 1.63667, -1.38987, -0.85147, 0.24575], [-0.70806, -0.28252, -0.646, 1.81732, -1.52879, -0.56375, 0.12648], [-0.98504, -0.27659, -0.49009, 1.99798, -1.66771, -0.27603, 0.00721], [-1.26202, -0.27066, -0.33419, 2.17863, -1.80663, 0.01168, -0.11205], [-1.539, -0.26473, -0.17828, 2.35929, -1.94555, 0.2994, -0.23132], [-1.81598, -0.2588, -0.02238, 2.53994, -2.08447, 0.58712, -0.35059], [-1.89974, -0.25701, 0.02477, 2.59457, -2.12648, 0.67412, -0.38665], [-1.70302, 0.0527, 0.24131, 2.50711, -2.34465, 0.56374, -0.35408], [-1.5063, 0.36241, 0.45785, 2.41965, -2.56282, 0.45335, -0.32151], [-1.30958, 0.67211, 0.67439, 2.33219, -2.78098, 0.34296, -0.28893], [-1.11286, 0.98182, 0.89093, 2.24473, -2.99915, 0.23257, -0.25636], [-0.91614, 1.29153, 1.10747, 2.15727, -3.21732, 0.12218, -0.22378], [-0.71942, 1.60123, 1.32401, 2.06981, -3.43549, 0.0118, -0.19121], [-0.62499, 1.74991, 1.42797, 2.02782, -3.54022, -0.0412, -0.17557], [-0.62913, 1.77519, 1.52094, 1.78282, -3.24027, -0.34184, -0.15788], [-0.63326, 1.80047, 1.61392, 1.53781, -2.94032, -0.64248, -0.14019], [-0.6374, 1.82575, 1.7069, 1.29281, -2.64036, -0.94313, -0.1225], [-0.64154, 1.85104, 1.79987, 1.0478, -2.34041, -1.24377, -0.10481], [-0.64567, 1.87632, 1.89285, 0.8028, -2.04046, -1.54442, -0.08711]]
end: [-0.64598999999999995, 1.87826, 1.8999999999999999, 0.78395000000000004, -2.0173800000000002, -1.5675399999999999, -0.085750000000000007]
obtacles: [[[0.6, 0.5, -1.0], [0.9, 0.6, 1.0]], [[0.6, -0.6, -1.0], [0.9, -0.5, 1.0]], [[0.6, -0.6, 0.9], [0.9, 0.6, 1.0]], [[0.6, -0.6, -1.0], [0.9, 0.6, -0.9]], [[0.6, -0.6, 0.3], [0.9, 0.6, 0.4]], [[0.6, -0.6, -0.5], [0.9, 0.6, -0.4]], [[0.6, -0.3, 0.4], [0.9, -0.2, 1.0]], [[0.6, 0.2, -0.5], [0.9, 0.3, 0.4]], [[0.6, 0.0, -1.0], [0.9, 0.1, -0.4]]]
start: [-0.068440000000000001, 0.96575, 1.8, 0.37092999999999998, -1.53084, -0.92998000000000003, -0.38757999999999998]
tajectories: [[-0.06844, 0.96575, 1.8, 0.37093, -1.53084, -0.92998, -0.38758], [-0.03907, 0.76948, 1.452, 0.54378, -1.6973, -0.86999, -0.21927], [-0.0097, 0.57321, 1.104, 0.71663, -1.86376, -0.81, -0.05097], [0.01967, 0.37693, 0.756, 0.88948, -2.03021, -0.75002, 0.11734], [0.04904, 0.18066, 0.40799, 1.06232, -2.19667, -0.69003, 0.28564], [0.0784, -0.01561, 0.05999, 1.23517, -2.36313, -0.63004, 0.45395], [0.10777, -0.21188, -0.28801, 1.40802, -2.52959, -0.57006, 0.62225], [0.10939, -0.22271, -0.30722, 1.41756, -2.53878, -0.56675, 0.63154], [-0.09137, -0.40849, -0.17763, 1.26411, -2.87375, -0.45276, 0.72973], [-0.29212, -0.59427, -0.04804, 1.11067, -3.20873, -0.33878, 0.82792], [-0.49288, -0.78006, 0.08155, 0.95722, -3.54371, -0.22479, 0.92611], [-0.69364, -0.96584, 0.21114, 0.80378, -3.87868, -0.11081, 1.0243], [-0.76097, -1.02814, 0.2546, 0.75232, -3.99102, -0.07258, 1.05723], [-0.83724, -0.61639, 0.23533, 0.99986, -3.91746, -0.09598, 1.1411], [-0.91351, -0.20464, 0.21606, 1.2474, -3.8439, -0.11939, 1.22497], [-0.98979, 0.20712, 0.19678, 1.49494, -3.77033, -0.1428, 1.30884], [-1.06606, 0.61887, 0.17751, 1.74248, -3.69677, -0.1662, 1.39271], [-1.14233, 1.03063, 0.15824, 1.99002, -3.6232, -0.18961, 1.47658], [-1.2086, 1.38839, 0.14149, 2.2051, -3.55928, -0.20994, 1.54945], [-1.15482, 1.46513, 0.40507, 1.99751, -3.34327, -0.40746, 1.34214], [-1.10104, 1.54186, 0.66864, 1.78992, -3.12727, -0.60498, 1.13482], [-1.04726, 1.61859, 0.93222, 1.58233, -2.91126, -0.80249, 0.9275], [-0.99348, 1.69533, 1.1958, 1.37474, -2.69525, -1.00001, 0.72019], [-0.9397, 1.77206, 1.45938, 1.16715, -2.47924, -1.19753, 0.51287], [-0.88592, 1.8488, 1.72295, 0.95956, -2.26323, -1.39504, 0.30556]]
end: [-0.83960000000000001, 1.9149, 1.95, 0.78073999999999999, -2.0771500000000001, -1.56518, 0.12697]
obtacles: [[[0.6, 0.5, -1.0], [0.9, 0.6, 1.0]], [[0.6, -0.6, -1.0], [0.9, -0.5, 1.0]], [[0.6, -0.6, 0.9], [0.9, 0.6, 1.0]], [[0.6, -0.6, -1.0], [0.9, 0.6, -0.9]], [[0.6, -0.6, 0.3], [0.9, 0.6, 0.4]], [[0.6, -0.6, -0.5], [0.9, 0.6, -0.4]], [[0.6, -0.3, 0.4], [0.9, -0.2, 1.0]], [[0.6, 0.2, -0.5], [0.9, 0.3, 0.4]], [[0.6, 0.0, -1.0], [0.9, 0.1, -0.4]]]
start: [-0.38106000000000001, 1.01431, 1.8999999999999999, 1.4857199999999999, -1.0115099999999999, -1.24675, -1.2932999999999999]
tajectories: [[-0.38106, 1.01431, 1.9, 1.48572, -1.01151, -1.24675, -1.2933], [-0.44612, 0.71147, 1.70069, 1.51108, -1.2151, -1.20365, -1.55859], [-0.51119, 0.40864, 1.50138, 1.53643, -1.41868, -1.16054, -1.82389], [-0.57625, 0.1058, 1.30207, 1.56178, -1.62227, -1.11744, -2.08919], [-0.64132, -0.19704, 1.10276, 1.58713, -1.82585, -1.07434, -2.35449], [-0.70638, -0.49988, 0.90345, 1.61249, -2.02944, -1.03123, -2.61978], [-0.77145, -0.80272, 0.70414, 1.63784, -2.23302, -0.98813, -2.88508], [-0.788, -0.87977, 0.65342, 1.64429, -2.28482, -0.97716, -2.95258], [-0.93834, -0.58426, 0.67097, 1.81556, -2.42153, -0.87087, -2.66896], [-1.08867, -0.28876, 0.68852, 1.98684, -2.55824, -0.76458, -2.38533], [-1.23901, 0.00675, 0.70606, 2.15811, -2.69495, -0.65829, -2.1017], [-1.38934, 0.30226, 0.72361, 2.32939, -2.83166, -0.552, -1.81808], [-1.53968, 0.59777, 0.74116, 2.50066, -2.96838, -0.44571, -1.53445], [-1.69002, 0.89328, 0.7587, 2.67194, -3.10509, -0.33942, -1.25083], [-1.70356, 0.91991, 0.76028, 2.68737, -3.11741, -0.32984, -1.22527], [-1.58082, 1.08975, 0.93844, 2.42454, -2.94168, -0.52511, -1.03485], [-1.45808, 1.2596, 1.11659, 2.16172, -2.76595, -0.72038, -0.84443], [-1.33535, 1.42945, 1.29475, 1.89889, -2.59022, -0.91564, -0.65401], [-1.21261, 1.59929, 1.4729, 1.63606, -2.41449, -1.11091, -0.46359], [-1.08987, 1.76914, 1.65106, 1.37323, -2.23876, -1.30618, -0.27317], [-0.96713, 1.93899, 1.82921, 1.11041, -2.06303, -1.50145, -0.08275]]
end: [-0.95281000000000005, 1.9588099999999999, 1.8500000000000001, 1.0797399999999999, -2.0425300000000002, -1.52423, -0.060539999999999997]
obtacles: [[[0.6, 0.5, -1.0], [0.9, 0.6, 1.0]], [[0.6, -0.6, -1.0], [0.9, -0.5, 1.0]], [[0.6, -0.6, 0.9], [0.9, 0.6, 1.0]], [[0.6, -0.6, -1.0], [0.9, 0.6, -0.9]], [[0.6, -0.6, 0.3], [0.9, 0.6, 0.4]], [[0.6, -0.6, -0.5], [0.9, 0.6, -0.4]], [[0.6, -0.3, 0.4], [0.9, -0.2, 1.0]], [[0.6, 0.2, -0.5], [0.9, 0.3, 0.4]], [[0.6, 0.0, -1.0], [0.9, 0.1, -0.4]]]
start: [-0.91803999999999997, 1.80823, 1.75, 0.94391000000000003, -1.8672299999999999, -1.56847, -0.0040899999999999999]
tajectories: [[-0.91804, 1.80823, 1.75, 0.94391, -1.86723, -1.56847, -0.00409], [-0.97149, 1.60749, 1.62549, 1.25699, -2.14069, -1.44497, -0.06145], [-1.02494, 1.40676, 1.50099, 1.57008, -2.41416, -1.32147, -0.11881], [-1.07838, 1.20603, 1.37648, 1.88317, -2.68762, -1.19797, -0.17618], [-1.13183, 1.00529, 1.25197, 2.19625, -2.96108, -1.07447, -0.23354], [-1.18528, 0.80456, 1.12746, 2.50934, -3.23454, -0.95097, -0.29091], [-1.21748, 0.68364, 1.05246, 2.69793, -3.39926, -0.87658, -0.32546], [-1.35116, 0.4318, 1.06495, 2.60897, -3.29066, -0.51167, -0.45067], [-1.48485, 0.17996, 1.07743, 2.52001, -3.18206, -0.14675, -0.57587], [-1.61853, -0.07188, 1.08992, 2.43104, -3.07347, 0.21816, -0.70108], [-1.72621, -0.27473, 1.09997, 2.35939, -2.98599, 0.51209, -0.80193], [-1.85292, -0.35272, 1.16108, 2.14142, -2.77014, 0.7894, -1.03242], [-1.97962, -0.43072, 1.22218, 1.92346, -2.55429, 1.06671, -1.26292], [-2.06177, -0.48128, 1.2618, 1.78214, -2.41435, 1.24651, -1.41236], [-2.16786, -0.61002, 1.39309, 1.56125, -2.34936, 1.27712, -1.80092], [-2.27394, -0.73876, 1.52437, 1.34035, -2.28438, 1.30773, -2.18948], [-2.38003, -0.86749, 1.65565, 1.11946, -2.21939, 1.33834, -2.57805]]
end: [-2.45627, -0.96001000000000003, 1.75, 0.96070999999999995, -2.1726899999999998, 1.3603400000000001, -2.8572899999999999]
obtacles: [[[0.6, 0.5, -1.0], [0.9, 0.6, 1.0]], [[0.6, -0.6, -1.0], [0.9, -0.5, 1.0]], [[0.6, -0.6, 0.9], [0.9, 0.6, 1.0]], [[0.6, -0.6, -1.0], [0.9, 0.6, -0.9]], [[0.6, -0.6, 0.3], [0.9, 0.6, 0.4]], [[0.6, -0.6, -0.5], [0.9, 0.6, -0.4]], [[0.6, -0.3, 0.4], [0.9, -0.2, 1.0]], [[0.6, 0.2, -0.5], [0.9, 0.3, 0.4]], [[0.6, 0.0, -1.0], [0.9, 0.1, -0.4]]]
start: [-0.51454, 1.8765099999999999, 1.6499999999999999, 1.45061, -1.8839699999999999, -1.53196, -0.91773000000000005]
tajectories: [[-0.51454, 1.87651, 1.65, 1.45061, -1.88397, -1.53196, -0.91773], [-0.57449, 1.63798, 1.30584, 1.62361, -1.80007, -1.35199, -0.87642], [-0.63444, 1.39944, 0.96168, 1.7966, -1.71617, -1.17202, -0.8351], [-0.69439, 1.16091, 0.61752, 1.96959, -1.63227, -0.99206, -0.79379], [-0.75433, 0.92237, 0.27336, 2.14258, -1.54837, -0.81209, -0.75248], [-0.81428, 0.68384, -0.0708, 2.31557, -1.46447, -0.63212, -0.71116], [-0.87423, 0.4453, -0.41496, 2.48856, -1.38057, -0.45215, -0.66985], [-0.93418, 0.20677, -0.75912, 2.66156, -1.29667, -0.27218, -0.62854], [-0.9383, 0.19037, -0.78279, 2.67345, -1.2909, -0.25981, -0.6257], [-0.92133, -0.20037, -0.63511, 2.74294, -1.12927, -0.46891, -0.6023], [-0.90436, -0.59112, -0.48743, 2.81244, -0.96764, -0.67801, -0.57891], [-0.88739, -0.98186, -0.33975, 2.88193, -0.80601, -0.88711, -0.55551], [-0.87488, -1.26997, -0.23087, 2.93317, -0.68684, -1.04129, -0.53826], [-0.79675, -0.97526, 0.08932, 2.83071, -0.63815, -1.04765, -0.74226], [-0.71861, -0.68056, 0.40951, 2.72826, -0.58945, -1.05402, -0.94625], [-0.64048, -0.38585, 0.7297, 2.62581, -0.54076, -1.06038, -1.15024], [-0.56234, -0.09115, 1.04989, 2.52336, -0.49206, -1.06675, -1.35424], [-0.48421, 0.20356, 1.37008, 2.42091, -0.44336, -1.07312, -1.55823], [-0.42773, 0.41659, 1.60153, 2.34685, -0.40817, -1.07772, -1.70569], [-0.27588, 0.5141, 1.61286, 1.94435, -0.57756, -1.04853, -1.54521], [-0.12404, 0.61161, 1.62419, 1.54185, -0.74696, -1.01933, -1.38474], [0.0278, 0.70912, 1.63552, 1.13935, -0.91636, -0.99014, -1.22427], [0.17965, 0.80663, 1.64685, 0.73685, -1.08576, -0.96095, -1.0638]]
end: [0.22192000000000001, 0.83377999999999997, 1.6499999999999999, 0.62478999999999996, -1.1329199999999999, -0.95282, -1.01912]
obtacles: [[[0.6, 0.5, -1.0], [0.9, 0.6, 1.0]], [[0.6, -0.6, -1.0], [0.9, -0.5, 1.0]], [[0.6, -0.6, 0.9], [0.9, 0.6, 1.0]], [[0.6, -0.6, -1.0], [0.9, 0.6, -0.9]], [[0.6, -0.6, 0.3], [0.9, 0.6, 0.4]], [[0.6, -0.6, -0.5], [0.9, 0.6, -0.4]], [[0.6, -0.3, 0.4], [0.9, -0.2, 1.0]], [[0.6, 0.2, -0.5], [0.9, 0.3, 0.4]], [[0.6, 0.0, -1.0], [0.9, 0.1, -0.4]]]
start: [-0.08584, 0.86480000000000001, 1.6499999999999999, 0.92510999999999999, -1.0047999999999999, -1.11687, -1.00258]
tajectories: [[-0.08584, 0.8648, 1.65, 0.92511, -1.0048, -1.11687, -1.00258], [0.27159, 0.68197, 1.66943, 0.93717, -0.73782, -1.06528, -1.12236], [0.62902, 0.49914, 1.68886, 0.94922, -0.47084, -1.01368, -1.24215], [0.98646, 0.31631, 1.7083, 0.96128, -0.20386, -0.96208, -1.36194], [1.34389, 0.13347, 1.72773, 0.97333, 0.06312, -0.91048, -1.48173], [1.70132, -0.04936, 1.74716, 0.98539, 0.3301, -0.85888, -1.60152], [1.79502, -0.09729, 1.75225, 0.98855, 0.40008, -0.84535, -1.63292], [1.62451, -0.11347, 1.97125, 0.70738, 0.21612, -0.79142, -1.39439], [1.45399, -0.12965, 2.19024, 0.42621, 0.03215, -0.73748, -1.15587], [1.28348, -0.14584, 2.40924, 0.14504, -0.15181, -0.68354, -0.91734], [1.11296, -0.16202, 2.62823, -0.13614, -0.33578, -0.6296, -0.67881], [1.07793, -0.16535, 2.67323, -0.19391, -0.37358, -0.61852, -0.6298], [0.83269, -0.28831, 2.52275, 0.07052, -0.65253, -0.55888, -0.60144], [0.58745, -0.41127, 2.37227, 0.33494, -0.93148, -0.49924, -0.57308], [0.34222, -0.53423, 2.22179, 0.59937, -1.21042, -0.43961, -0.54473], [0.09698, -0.65719, 2.07131, 0.8638, -1.48937, -0.37997, -0.51637], [-0.14825, -0.78015, 1.92083, 1.12823, -1.76832, -0.32033, -0.48801], [-0.39349, -0.90311, 1.77035, 1.39266, -2.04727, -0.26069, -0.45966], [-0.40344, -0.9081, 1.76424, 1.40339, -2.05859, -0.25827, -0.45851], [-0.65111, -0.77049, 1.83276, 1.39822, -2.004, -0.34665, -0.06581], [-0.89878, -0.63288, 1.90129, 1.39305, -1.9494, -0.43502, 0.32688], [-1.14645, -0.49526, 1.96981, 1.38788, -1.89481, -0.52339, 0.71958], [-1.39412, -0.35765, 2.03834, 1.38271, -1.84022, -0.61177, 1.11228], [-1.64179, -0.22004, 2.10686, 1.37754, -1.78562, -0.70014, 1.50497], [-1.85112, -0.10373, 2.16478, 1.37317, -1.73948, -0.77483, 1.83688], [-1.77644, 0.23595, 1.89532, 1.52494, -1.90682, -0.8446, 1.81379], [-1.70175, 0.57563, 1.62587, 1.6767, -2.07416, -0.91438, 1.7907], [-1.62707, 0.91531, 1.35642, 1.82847, -2.24149, -0.98415, 1.76761], [-1.55239, 1.25499, 1.08696, 1.98023, -2.40883, -1.05392, 1.74452], [-1.49436, 1.51892, 0.87759, 2.09816, -2.53885, -1.10813, 1.72658], [-1.33618, 1.54667, 1.03825, 1.80949, -2.39821, -1.19246, 1.42963], [-1.178, 1.57441, 1.19891, 1.52083, -2.25756, -1.2768, 1.13269], [-1.01982, 1.60216, 1.35957, 1.23217, -2.11691, -1.36114, 0.83574], [-0.86163, 1.6299, 1.52023, 0.9435, -1.97627, -1.44547, 0.53879], [-0.70345, 1.65765, 1.68089, 0.65484, -1.83562, -1.52981, 0.24185]]
end: [-0.63541000000000003, 1.6695800000000001, 1.75, 0.53066000000000002, -1.77512, -1.56609, 0.11411]
obtacles: [[[0.6, 0.5, -1.0], [0.9, 0.6, 1.0]], [[0.6, -0.6, -1.0], [0.9, -0.5, 1.0]], [[0.6, -0.6, 0.9], [0.9, 0.6, 1.0]], [[0.6, -0.6, -1.0], [0.9, 0.6, -0.9]], [[0.6, -0.6, 0.3], [0.9, 0.6, 0.4]], [[0.6, -0.6, -0.5], [0.9, 0.6, -0.4]], [[0.6, -0.3, 0.4], [0.9, -0.2, 1.0]], [[0.6, 0.2, -0.5], [0.9, 0.3, 0.4]], [[0.6, 0.0, -1.0], [0.9, 0.1, -0.4]]]
start: [-0.45099, 1.6360399999999999, 1.75, 1.08639, -1.71295, -1.4434100000000001, -0.62044999999999995]
tajectories: [[-0.45099, 1.63604, 1.75, 1.08639, -1.71295, -1.44341, -0.62045], [-0.61325, 1.76917, 1.83759, 0.90696, -1.8852, -1.5109, -0.25732]]
end: [-0.72885, 1.86402, 1.8999999999999999, 0.77912000000000003, -2.0079199999999999, -1.5589900000000001, 0.0014]
obtacles: [[[0.6, 0.5, -1.0], [0.9, 0.6, 1.0]], [[0.6, -0.6, -1.0], [0.9, -0.5, 1.0]], [[0.6, -0.6, 0.9], [0.9, 0.6, 1.0]], [[0.6, -0.6, -1.0], [0.9, 0.6, -0.9]], [[0.6, -0.6, 0.3], [0.9, 0.6, 0.4]], [[0.6, -0.6, -0.5], [0.9, 0.6, -0.4]], [[0.6, -0.3, 0.4], [0.9, -0.2, 1.0]], [[0.6, 0.2, -0.5], [0.9, 0.3, 0.4]], [[0.6, 0.0, -1.0], [0.9, 0.1, -0.4]]]
start: [-0.16939000000000001, 0.93713999999999997, 1.2, 0.93794, -0.85731999999999997, -1.45581, -0.68861000000000006]
tajectories: [[-0.16939, 0.93714, 1.2, 0.93794, -0.85732, -1.45581, -0.68861], [-0.25816, 0.66508, 0.87928, 1.16254, -0.85901, -1.4544, -0.56699], [-0.34693, 0.39301, 0.55855, 1.38713, -0.8607, -1.45298, -0.44538], [-0.4357, 0.12095, 0.23783, 1.61173, -0.86238, -1.45157, -0.32376], [-0.52447, -0.15111, -0.0829, 1.83633, -0.86407, -1.45016, -0.20215], [-0.57986, -0.32089, -0.28304, 1.97648, -0.86512, -1.44928, -0.12626], [-0.72971, -0.27121, -0.22721, 2.01754, -0.87748, -0.98546, -0.19691], [-0.87956, -0.22153, -0.17137, 2.0586, -0.88983, -0.52163, -0.26755], [-1.0294, -0.17185, -0.11553, 2.09966, -0.90218, -0.05781, -0.3382], [-1.17925, -0.12217, -0.0597, 2.14072, -0.91454, 0.40601, -0.40885], [-1.3291, -0.07249, -0.00386, 2.18178, -0.92689, 0.86983, -0.4795], [-1.42406, -0.041, 0.03152, 2.2078, -0.93472, 1.16375, -0.52427], [-1.57401, 0.21725, 0.36877, 2.32822, -1.00278, 1.07494, -0.38263], [-1.72396, 0.4755, 0.70602, 2.44864, -1.07085, 0.98613, -0.241], [-1.87391, 0.73376, 1.04327, 2.56905, -1.13891, 0.89731, -0.09936], [-2.02386, 0.99201, 1.38052, 2.68947, -1.20697, 0.8085, 0.04228], [-2.17381, 1.25027, 1.71777, 2.80989, -1.27504, 0.71969, 0.18392], [-2.32375, 1.50852, 2.05502, 2.9303, -1.3431, 0.63087, 0.32556], [-2.44827, 1.72297, 2.33507, 3.03029, -1.39962, 0.55713, 0.44317], [-2.24721, 1.76275, 2.22566, 2.77944, -1.49206, 0.22192, 0.33277], [-2.04615, 1.80254, 2.11625, 2.52859, -1.5845, -0.11328, 0.22236], [-1.8451, 1.84233, 2.00684, 2.27774, -1.67694, -0.44849, 0.11196], [-1.64404, 1.88211, 1.89743, 2.02689, -1.76938, -0.78369, 0.00156], [-1.44298, 1.9219, 1.78802, 1.77604, -1.86182, -1.1189, -0.10885], [-1.24192, 1.96168, 1.67861, 1.52519, -1.95426, -1.4541, -0.21925]]
end: [-1.1893499999999999, 1.9720800000000001, 1.6499999999999999, 1.4595899999999999, -1.9784299999999999, -1.54175, -0.24812000000000001]
obtacles: [[[0.6, 0.5, -1.0], [0.9, 0.6, 1.0]], [[0.6, -0.6, -1.0], [0.9, -0.5, 1.0]], [[0.6, -0.6, 0.9], [0.9, 0.6, 1.0]], [[0.6, -0.6, -1.0], [0.9, 0.6, -0.9]], [[0.6, -0.6, 0.3], [0.9, 0.6, 0.4]], [[0.6, -0.6, -0.5], [0.9, 0.6, -0.4]], [[0.6, -0.3, 0.4], [0.9, -0.2, 1.0]], [[0.6, 0.2, -0.5], [0.9, 0.3, 0.4]], [[0.6, 0.0, -1.0], [0.9, 0.1, -0.4]]]
start: [-0.61863000000000001, 1.77325, 1.6499999999999999, 1.31826, -1.7865899999999999, -1.54599, -0.68888000000000005]
tajectories: [[-0.61863, 1.77325, 1.65, 1.31826, -1.78659, -1.54599, -0.68888], [-0.84248, 1.71033, 1.44765, 1.46095, -2.06759, -1.31258, -0.72332], [-1.06633, 1.64741, 1.2453, 1.60365, -2.34859, -1.07918, -0.75776], [-1.29018, 1.5845, 1.04295, 1.74635, -2.6296, -0.84578, -0.79219], [-1.49824, 1.52602, 0.85487, 1.87898, -2.89078, -0.62884, -0.8242], [-1.48148, 1.1607, 0.56066, 1.74179, -2.86218, -0.72178, -0.78647], [-1.46471, 0.79538, 0.26645, 1.60459, -2.83358, -0.81472, -0.74875], [-1.44795, 0.43006, -0.02776, 1.4674, -2.80498, -0.90767, -0.71102], [-1.43119, 0.06474, -0.32196, 1.33021, -2.77638, -1.00061, -0.67329], [-1.41443, -0.30058, -0.61617, 1.19301, -2.74778, -1.09355, -0.63556], [-1.41226, -0.34783, -0.65422, 1.17527, -2.74408, -1.10557, -0.63068], [-1.14345, -0.41514, -0.40682, 1.27172, -2.48398, -0.99289, -0.78018], [-0.87464, -0.48245, -0.15942, 1.36817, -2.22389, -0.8802, -0.92968], [-0.60582, -0.54976, 0.08799, 1.46462, -1.96379, -0.76751, -1.07918], [-0.33701, -0.61706, 0.33539, 1.56107, -1.7037, -0.65483, -1.22869], [-0.0682, -0.68437, 0.5828, 1.65752, -1.4436, -0.54214, -1.37819], [0.11483, -0.7302, 0.75125, 1.72319, -1.26651, -0.46541, -1.47998], [0.05703, -0.4472, 1.03054, 1.67478, -1.00037, -0.39135, -1.38045], [-0.00077, -0.1642, 1.30983, 1.62637, -0.73423, -0.31729, -1.28092], [-0.05857, 0.11881, 1.58912, 1.57796, -0.46809, -0.24322, -1.18138], [-0.11636, 0.40181, 1.86841, 1.52954, -0.20195, -0.16916, -1.08185], [-0.16026, 0.61676, 2.08054, 1.49277, 0.0002, -0.11291, -1.00625], [-0.02733, 0.67433, 1.97233, 1.22206, -0.32458, -0.30784, -0.98304], [0.10561, 0.73191, 1.86412, 0.95135, -0.64935, -0.50278, -0.95983], [0.23855, 0.78948, 1.75592, 0.68063, -0.97413, -0.69772, -0.93662]]
end: [0.36865999999999999, 0.84584000000000004, 1.6499999999999999, 0.41565999999999997, -1.2920199999999999, -0.88853000000000004, -0.91390000000000005]
obtacles: [[[0.6, 0.5, -1.0], [0.9, 0.6, 1.0]], [[0.6, -0.6, -1.0], [0.9, -0.5, 1.0]], [[0.6, -0.6, 0.9], [0.9, 0.6, 1.0]], [[0.6, -0.6, -1.0], [0.9, 0.6, -0.9]], [[0.6, -0.6, 0.3], [0.9, 0.6, 0.4]], [[0.6, -0.6, -0.5], [0.9, 0.6, -0.4]], [[0.6, -0.3, 0.4], [0.9, -0.2, 1.0]], [[0.6, 0.2, -0.5], [0.9, 0.3, 0.4]], [[0.6, 0.0, -1.0], [0.9, 0.1, -0.4]]]
start: [0.076689999999999994, 0.79430000000000001, 1.6499999999999999, 0.50692999999999999, -1.18252, -0.87622, -0.75812000000000002]
tajectories: [[0.07669, 0.7943, 1.65, 0.50693, -1.18252, -0.87622, -0.75812], [-0.13699, 0.82977, 1.84019, 0.8212, -1.27273, -0.75544, -0.97123], [-0.35067, 0.86524, 2.03038, 1.13547, -1.36295, -0.63466, -1.18435], [-0.56435, 0.90072, 2.22057, 1.44974, -1.45316, -0.51388, -1.39746], [-0.77803, 0.93619, 2.41076, 1.76401, -1.54338, -0.3931, -1.61058], [-0.89723, 0.95598, 2.51686, 1.93932, -1.5937, -0.32573, -1.72946], [-1.16754, 1.13594, 2.33971, 2.12971, -1.65197, -0.05812, -1.77311], [-1.43785, 1.31591, 2.16256, 2.32011, -1.71024, 0.20949, -1.81676], [-1.70816, 1.49587, 1.98541, 2.5105, -1.76851, 0.47709, -1.86041], [-1.92802, 1.64225, 1.84131, 2.66536, -1.81591, 0.69476, -1.89591], [-1.86757, 1.69294, 1.58182, 2.48517, -1.95039, 0.43286, -1.65655], [-1.80711, 1.74363, 1.32233, 2.30498, -2.08488, 0.17096, -1.41719], [-1.74665, 1.79432, 1.06283, 2.12479, -2.21937, -0.09094, -1.17783], [-1.68619, 1.84501, 0.80334, 1.9446, -2.35385, -0.35284, -0.93847], [-1.68526, 1.84579, 0.79933, 1.94182, -2.35593, -0.35688, -0.93477], [-1.48961, 1.86807, 1.03312, 1.72703, -2.28438, -0.62536, -0.75247], [-1.29395, 1.89034, 1.26691, 1.51225, -2.21282, -0.89384, -0.57018], [-1.0983, 1.91262, 1.50071, 1.29746, -2.14127, -1.16232, -0.38788], [-0.90265, 1.93489, 1.7345, 1.08268, -2.06972, -1.4308, -0.20558]]
end: [-0.80598999999999998, 1.9459, 1.8500000000000001, 0.97657000000000005, -2.03437, -1.5634399999999999, -0.11552]
obtacles: [[[0.6, 0.5, -1.0], [0.9, 0.6, 1.0]], [[0.6, -0.6, -1.0], [0.9, -0.5, 1.0]], [[0.6, -0.6, 0.9], [0.9, 0.6, 1.0]], [[0.6, -0.6, -1.0], [0.9, 0.6, -0.9]], [[0.6, -0.6, 0.3], [0.9, 0.6, 0.4]], [[0.6, -0.6, -0.5], [0.9, 0.6, -0.4]], [[0.6, -0.3, 0.4], [0.9, -0.2, 1.0]], [[0.6, 0.2, -0.5], [0.9, 0.3, 0.4]], [[0.6, 0.0, -1.0], [0.9, 0.1, -0.4]]]
start: [-0.97316999999999998, 1.9447300000000001, 1.5, 1.8773599999999999, -1.9482299999999999, -1.52332, -0.90851999999999999]
tajectories: [[-0.97317, 1.94473, 1.5, 1.87736, -1.94823, -1.52332, -0.90852], [-1.33981, 1.80152, 1.38504, 2.0313, -2.13131, -1.39692, -1.00155], [-1.70646, 1.6583, 1.27008, 2.18524, -2.31439, -1.27053, -1.09457], [-2.0731, 1.51509, 1.15513, 2.33919, -2.49747, -1.14413, -1.1876], [-2.39431, 1.38962, 1.05441, 2.47405, -2.65786, -1.0334, -1.2691], [-2.35805, 1.34221, 1.28172, 2.20342, -2.80776, -0.91302, -0.97829], [-2.3218, 1.2948, 1.50903, 1.93279, -2.95766, -0.79265, -0.68748], [-2.28554, 1.24739, 1.73634, 1.66216, -3.10756, -0.67227, -0.39668], [-2.24929, 1.19999, 1.96365, 1.39153, -3.25746, -0.5519, -0.10587], [-2.21303, 1.15258, 2.19096, 1.12091, -3.40736, -0.43152, 0.18494], [-2.17678, 1.10517, 2.41826, 0.85028, -3.55725, -0.31115, 0.47575], [-2.17136, 1.09808, 2.45222, 0.80985, -3.57965, -0.29316, 0.51919], [-2.09483, 0.99048, 2.47884, 1.13117, -3.33579, -0.43142, 0.29553], [-2.0183, 0.88288, 2.50546, 1.4525, -3.09193, -0.56968, 0.07186], [-1.94176, 0.77528, 2.53208, 1.77382, -2.84808, -0.70793, -0.1518], [-1.86523, 0.66768, 2.5587, 2.09515, -2.60422, -0.84619, -0.37546], [-1.7887, 0.56008, 2.58532, 2.41647, -2.36036, -0.98445, -0.59913], [-1.71217, 0.45247, 2.61194, 2.7378, -2.1165, -1.1227, -0.82279], [-1.63564, 0.34487, 2.63856, 3.05912, -1.87265, -1.26096, -1.04646], [-1.63337, 0.34169, 2.63935, 3.06863, -1.86543, -1.26505, -1.05308], [-1.37082, 0.42547, 2.44642, 2.73987, -1.69646, -1.27574, -1.0621], [-1.10828, 0.50925, 2.2535, 2.4111, -1.5275, -1.28642, -1.07112], [-0.84573, 0.59302, 2.06058, 2.08234, -1.35853, -1.29711, -1.08014], [-0.58318, 0.6768, 1.86765, 1.75357, -1.18957, -1.30779, -1.08917], [-0.32063, 0.76058, 1.67473, 1.42481, -1.0206, -1.31848, -1.09819]]
end: [-0.082839999999999997, 0.83645999999999998, 1.5, 1.1270500000000001, -0.86756999999999995, -1.3281499999999999, -1.10636]
obtacles: [[[0.6, 0.5, -1.0], [0.9, 0.6, 1.0]], [[0.6, -0.6, -1.0], [0.9, -0.5, 1.0]], [[0.6, -0.6, 0.9], [0.9, 0.6, 1.0]], [[0.6, -0.6, -1.0], [0.9, 0.6, -0.9]], [[0.6, -0.6, 0.3], [0.9, 0.6, 0.4]], [[0.6, -0.6, -0.5], [0.9, 0.6, -0.4]], [[0.6, -0.3, 0.4], [0.9, -0.2, 1.0]], [[0.6, 0.2, -0.5], [0.9, 0.3, 0.4]], [[0.6, 0.0, -1.0], [0.9, 0.1, -0.4]]]
start: [-0.95857999999999999, 1.90238, 1.8500000000000001, 1.3349800000000001, -1.9643600000000001, -1.3925399999999999, -0.29376000000000002]
tajectories: [[-0.95858, 1.90238, 1.85, 1.33498, -1.96436, -1.39254, -0.29376], [-0.9082, 1.81346, 1.73855, 1.5512, -1.55021, -1.30931, -0.3377], [-0.85782, 1.72455, 1.6271, 1.76743, -1.13606, -1.22608, -0.38165], [-0.80744, 1.63563, 1.51565, 1.98365, -0.7219, -1.14285, -0.4256], [-0.75706, 1.54672, 1.4042, 2.19987, -0.30775, -1.05961, -0.46955], [-0.70667, 1.4578, 1.29276, 2.4161, 0.10641, -0.97638, -0.51349], [-0.6931, 1.43384, 1.26273, 2.47435, 0.21799, -0.95396, -0.52533], [-1.07393, 1.48851, 1.39314, 2.48567, 0.08356, -0.79513, -0.72917], [-1.45476, 1.54317, 1.52355, 2.49699, -0.05088, -0.6363, -0.933], [-1.83559, 1.59783, 1.65397, 2.50831, -0.18531, -0.47748, -1.13683], [-2.21642, 1.65249, 1.78438, 2.51963, -0.31974, -0.31865, -1.34067], [-2.22198, 1.65329, 1.78628, 2.51979, -0.3217, -0.31633, -1.34364], [-2.11386, 1.23866, 1.87408, 2.52477, -0.25585, -0.54791, -1.31732], [-2.00574, 0.82403, 1.96188, 2.52974, -0.19, -0.7795, -1.291], [-1.89762, 0.4094, 2.04968, 2.53471, -0.12416, -1.01108, -1.26468], [-1.7895, -0.00523, 2.13747, 2.53968, -0.05831, -1.24266, -1.23836], [-1.68138, -0.41986, 2.22527, 2.54466, 0.00754, -1.47424, -1.21204], [-1.65139, -0.53486, 2.24962, 2.54604, 0.0258, -1.53847, -1.20474], [-1.38134, -0.25469, 2.17231, 2.31557, -0.16198, -1.47677, -1.22506], [-1.11128, 0.02549, 2.095, 2.0851, -0.34975, -1.41507, -1.24538], [-0.84122, 0.30566, 2.01769, 1.85463, -0.53753, -1.35337, -1.26571], [-0.57117, 0.58583, 1.94038, 1.62416, -0.72531, -1.29167, -1.28603], [-0.30111, 0.86601, 1.86307, 1.39369, -0.91308, -1.22997, -1.30635]]
end: [-0.25546999999999997, 0.91335999999999995, 1.8500000000000001, 1.3547400000000001, -0.94481999999999999, -1.2195400000000001, -1.30979]
