obtacles: [[[0.6, 0.5, -1.0], [0.9, 0.6, 1.0]], [[0.6, -0.6, -1.0], [0.9, -0.5, 1.0]], [[0.6, -0.6, 0.9], [0.9, 0.6, 1.0]], [[0.6, -0.6, -1.0], [0.9, 0.6, -0.9]], [[0.6, -0.6, 0.3], [0.9, 0.6, 0.4]], [[0.6, -0.6, -0.5], [0.9, 0.6, -0.4]], [[0.6, -0.2, 0.4], [0.9, -0.1, 1.0]], [[0.6, -0.2, -0.5], [0.9, -0.1, 0.4]], [[0.6, -0.1, -1.0], [0.9, 0.0, -0.4]]]
start: [-0.90329999999999999, 1.6587700000000001, 1.6000000000000001, 1.51448, -1.6603000000000001, -1.5467, -0.60880999999999996]
tajectories: [[-0.9033, 1.65877, 1.6, 1.51448, -1.6603, -1.5467, -0.60881], [-1.15568, 1.69309, 1.45382, 1.56732, -1.76022, -1.37905, -0.25827], [-1.40805, 1.72741, 1.30763, 1.62016, -1.86014, -1.2114, 0.09227], [-1.66043, 1.76173, 1.16145, 1.67301, -1.96006, -1.04376, 0.44281], [-1.9128, 1.79605, 1.01526, 1.72585, -2.05998, -0.87611, 0.79335], [-2.16517, 1.83037, 0.86908, 1.77869, -2.1599, -0.70846, 1.14388], [-2.35234, 1.85582, 0.76067, 1.81788, -2.23401, -0.58414, 1.40385], [-2.11141, 1.69785, 1.06174, 1.88693, -2.19052, -0.74299, 1.19299], [-1.87049, 1.53987, 1.36282, 1.95598, -2.14703, -0.90184, 0.98214], [-1.62956, 1.3819, 1.6639, 2.02503, -2.10355, -1.06069, 0.77129], [-1.38864, 1.22392, 1.96497, 2.09408, -2.06006, -1.21955, 0.56044], [-1.35832, 1.20404, 2.00286, 2.10276, -2.05459, -1.23953, 0.5339], [-1.10757, 1.00267, 1.84, 2.07278, -1.88353, -1.28079, 0.23694], [-0.85682, 0.8013, 1.67715, 2.0428, -1.71248, -1.32205, -0.06003], [-0.60607, 0.59992, 1.51429, 2.01281, -1.54143, -1.36331, -0.357], [-0.35532, 0.39855, 1.35143, 1.98283, -1.37037, -1.40457, -0.65397], [-0.10457, 0.19718, 1.18858, 1.95284, -1.19932, -1.44583, -0.95094], [0.04782, 0.07479, 1.0896, 1.93462, -1.09536, -1.47091, -1.13142], [0.16502, 0.30418, 1.2202, 1.5486, -1.1529, -1.3554, -1.10089], [0.28221, 0.53356, 1.3508, 1.16258, -1.21043, -1.2399, -1.07035], [0.3994, 0.76294, 1.4814, 0.77657, -1.26797, -1.12439, -1.03982]]
end: [0.50583, 0.97124999999999995, 1.6000000000000001, 0.42601, -1.3202199999999999, -1.0195000000000001, -1.0120899999999999]
obtacles: [[[0.6, 0.5, -1.0], [0.9, 0.6, 1.0]], [[0.6, -0.6, -1.0], [0.9, -0.5, 1.0]], [[0.6, -0.6, 0.9], [0.9, 0.6, 1.0]], [[0.6, -0.6, -1.0], [0.9, 0.6, -0.9]], [[0.6, -0.6, 0.3], [0.9, 0.6, 0.4]], [[0.6, -0.6, -0.5], [0.9, 0.6, -0.4]], [[0.6, -0.2, 0.4], [0.9, -0.1, 1.0]], [[0.6, -0.2, -0.5], [0.9, -0.1, 0.4]], [[0.6, -0.1, -1.0], [0.9, 0.0, -0.4]]]
start: [-1.13422, 1.7978799999999999, 1.7, 1.51589, -1.8061499999999999, -1.45756, -0.35350999999999999]
tajectories: [[-1.13422, 1.79788, 1.7, 1.51589, -1.80615, -1.45756, -0.35351], [-1.24893, 1.76749, 1.42557, 1.73301, -1.93441, -1.1725, -0.47901], [-1.36364, 1.73709, 1.15114, 1.95013, -2.06267, -0.88743, -0.60452], [-1.47834, 1.70669, 0.87671, 2.16725, -2.19093, -0.60236, -0.73003], [-1.54314, 1.68952, 0.72168, 2.2899, -2.26339, -0.44132, -0.80093], [-1.60094, 1.27091, 0.97591, 2.34715, -2.24261, -0.38631, -0.80826], [-1.65873, 0.85229, 1.23013, 2.40439, -2.22184, -0.3313, -0.8156], [-1.69717, 0.57385, 1.39923, 2.44247, -2.20802, -0.29471, -0.82048], [-1.34248, 0.48435, 1.54543, 2.52309, -1.9587, -0.3606, -0.6728], [-0.98779, 0.39485, 1.69163, 2.60371, -1.70939, -0.4265, -0.52513], [-0.63309, 0.30534, 1.83783, 2.68433, -1.46007, -0.49239, -0.37745], [-0.29877, 0.22098, 1.97564, 2.76032, -1.22508, -0.5545, -0.23826], [-0.24348, 0.3723, 1.91368, 2.34541, -1.1876, -0.6751, -0.41744], [-0.1882, 0.52362, 1.85171, 1.9305, -1.15013, -0.7957, -0.59663], [-0.13291, 0.67493, 1.78975, 1.51559, -1.11266, -0.9163, -0.77581], [-0.07763, 0.82625, 1.72778, 1.10068, -1.07519, -1.0369, -0.955]]
end: [-0.052839999999999998, 0.89409000000000005, 1.7, 0.91466000000000003, -1.0583899999999999, -1.09097, -1.0353300000000001]
obtacles: [[[0.6, 0.5, -1.0], [0.9, 0.6, 1.0]], [[0.6, -0.6, -1.0], [0.9, -0.5, 1.0]], [[0.6, -0.6, 0.9], [0.9, 0.6, 1.0]], [[0.6, -0.6, -1.0], [0.9, 0.6, -0.9]], [[0.6, -0.6, 0.3], [0.9, 0.6, 0.4]], [[0.6, -0.6, -0.5], [0.9, 0.6, -0.4]], [[0.6, -0.2, 0.4], [0.9, -0.1, 1.0]], [[0.6, -0.2, -0.5], [0.9, -0.1, 0.4]], [[0.6, -0.1, -1.0], [0.9, 0.0, -0.4]]]
start: [-2.4399799999999998, -0.90927999999999998, 1.6000000000000001, 1.4875100000000001, -2.2323599999999999, 1.5426500000000001, -2.3560599999999998]
tajectories: [[-2.43998, -0.90928, 1.6, 1.48751, -2.23236, 1.54265, -2.35606], [-2.23912, -0.55648, 1.74731, 1.58379, -2.05853, 1.4089, -2.4343], [-2.03827, -0.20368, 1.89461, 1.68007, -1.88471, 1.27515, -2.51254], [-1.83742, 0.14912, 2.04192, 1.77634, -1.71089, 1.1414, -2.59077], [-1.63657, 0.50191, 2.18922, 1.87262, -1.53707, 1.00765, -2.66901], [-1.43572, 0.85471, 2.33653, 1.96889, -1.36325, 0.8739, -2.74725], [-1.23486, 1.20751, 2.48384, 2.06517, -1.18943, 0.74015, -2.82549], [-1.0756, 1.48726, 2.60065, 2.14151, -1.0516, 0.63409, -2.88753], [-1.0673, 1.05666, 2.58032, 2.10923, -0.87216, 0.64044, -2.71198], [-1.059, 0.62605, 2.55999, 2.07694, -0.69272, 0.64679, -2.53644], [-1.0507, 0.19545, 2.53966, 2.04465, -0.51328, 0.65315, -2.36089], [-1.04241, -0.23516, 2.51933, 2.01236, -0.33385, 0.6595, -2.18534], [-1.03411, -0.66576, 2.499, 1.98008, -0.15441, 0.66585, -2.0098], [-1.02581, -1.09637, 2.47867, 1.94779, 0.02503, 0.6722, -1.83425], [-1.01914, -1.44251, 2.46233, 1.92184, 0.16927, 0.6773, -1.69314], [-1.3122, -1.47083, 2.29236, 1.8765, -0.15093, 0.83944, -1.75273], [-1.60526, -1.49914, 2.12239, 1.83116, -0.47114, 1.00157, -1.81233], [-1.89832, -1.52745, 1.95243, 1.78582, -0.79134, 1.1637, -1.87192], [-2.19138, -1.55576, 1.78246, 1.74048, -1.11155, 1.32584, -1.93152], [-2.48444, -1.58407, 1.61249, 1.69514, -1.43175, 1.48797, -1.99112]]
end: [-2.5921799999999999, -1.5944799999999999, 1.55, 1.6784699999999999, -1.54948, 1.54758, -2.0130300000000001]
obtacles: [[[0.6, 0.5, -1.0], [0.9, 0.6, 1.0]], [[0.6, -0.6, -1.0], [0.9, -0.5, 1.0]], [[0.6, -0.6, 0.9], [0.9, 0.6, 1.0]], [[0.6, -0.6, -1.0], [0.9, 0.6, -0.9]], [[0.6, -0.6, 0.3], [0.9, 0.6, 0.4]], [[0.6, -0.6, -0.5], [0.9, 0.6, -0.4]], [[0.6, -0.2, 0.4], [0.9, -0.1, 1.0]], [[0.6, -0.2, -0.5], [0.9, -0.1, 0.4]], [[0.6, -0.1, -1.0], [0.9, 0.0, -0.4]]]
start: [-2.0838700000000001, -1.65358, 1.45, 1.3816200000000001, -1.4662599999999999, 1.4682200000000001, -2.8280799999999999]
tajectories: [[-2.08387, -1.65358, 1.45, 1.38162, -1.46626, 1.46822, -2.82808], [-1.94019, -1.73489, 1.5456, 1.61839, -1.61429, 1.19972, -2.57601], [-1.79651, -1.8162, 1.6412, 1.85516, -1.76233, 0.93122, -2.32394], [-1.65283, -1.89751, 1.7368, 2.09193, -1.91036, 0.66272, -2.07186], [-1.6038, -1.92526, 1.76942, 2.17272, -1.96087, 0.5711, -1.98585], [-1.50436, -1.75575, 1.51923, 2.25139, -1.94673, 0.22071, -1.84578], [-1.40491, -1.58625, 1.26903, 2.33006, -1.93259, -0.12968, -1.70571], [-1.33385, -1.46513, 1.09026, 2.38628, -1.92249, -0.38005, -1.60563], [-1.14571, -1.21438, 1.16071, 2.18401, -1.77188, -0.66806, -1.62024], [-0.95757, -0.96362, 1.23116, 1.98174, -1.62128, -0.95608, -1.63486], [-0.76943, -0.71287, 1.30161, 1.77946, -1.47067, -1.24409, -1.64948], [-0.74465, -0.67985, 1.31088, 1.75283, -1.45084, -1.28201, -1.6514], [-1.01166, -0.36149, 1.46242, 1.58919, -1.38969, -1.33193, -1.50518], [-1.27866, -0.04313, 1.61395, 1.42554, -1.32854, -1.38184, -1.35895], [-1.39815, 0.09935, 1.68177, 1.3523, -1.30117, -1.40418, -1.29351], [-1.31376, 0.37294, 1.60955, 1.29855, -1.20027, -1.41837, -0.90681], [-1.22936, 0.64653, 1.53732, 1.24479, -1.09937, -1.43257, -0.52011], [-1.14497, 0.92013, 1.4651, 1.19104, -0.99847, -1.44676, -0.13341]]
end: [-1.1273200000000001, 0.97733000000000003, 1.45, 1.1798, -0.97738000000000003, -1.44973, -0.052560000000000003]
obtacles: [[[0.6, 0.5, -1.0], [0.9, 0.6, 1.0]], [[0.6, -0.6, -1.0], [0.9, -0.5, 1.0]], [[0.6, -0.6, 0.9], [0.9, 0.6, 1.0]], [[0.6, -0.6, -1.0], [0.9, 0.6, -0.9]], [[0.6, -0.6, 0.3], [0.9, 0.6, 0.4]], [[0.6, -0.6, -0.5], [0.9, 0.6, -0.4]], [[0.6, -0.2, 0.4], [0.9, -0.1, 1.0]], [[0.6, -0.2, -0.5], [0.9, -0.1, 0.4]], [[0.6, -0.1, -1.0], [0.9, 0.0, -0.4]]]
start: [-0.70621, 1.6433199999999999, 1.6499999999999999, 0.83908000000000005, -1.67764, -1.5605, -0.12945000000000001]
tajectories: [[-0.70621, 1.64332, 1.65, 0.83908, -1.67764, -1.5605, -0.12945], [-0.85027, 1.68298, 1.35135, 1.05278, -1.66849, -1.50569, -0.42899], [-0.99433, 1.72264, 1.05271, 1.26648, -1.65934, -1.45088, -0.72854], [-1.13839, 1.7623, 0.75406, 1.48018, -1.65019, -1.39608, -1.02809], [-1.28245, 1.80196, 0.45542, 1.69388, -1.64104, -1.34127, -1.32764], [-1.42651, 1.84162, 0.15677, 1.90758, -1.63189, -1.28647, -1.62719], [-1.49767, 1.86121, 0.00925, 2.01314, -1.62737, -1.25939, -1.77515], [-1.37344, 1.69984, -0.27861, 1.87677, -1.57383, -0.95176, -1.67738], [-1.24921, 1.53847, -0.56647, 1.74039, -1.52029, -0.64412, -1.57961], [-1.12498, 1.3771, -0.85433, 1.60402, -1.46675, -0.33649, -1.48184], [-1.03857, 1.26487, -1.05454, 1.50917, -1.42952, -0.12253, -1.41384], [-1.07218, 1.04178, -1.01641, 1.57799, -1.56769, -0.14675, -0.99762], [-1.10579, 0.81869, -0.97827, 1.6468, -1.70586, -0.17097, -0.58141], [-1.13939, 0.5956, -0.94013, 1.71562, -1.84403, -0.19519, -0.16519], [-1.173, 0.37251, -0.902, 1.78443, -1.9822, -0.21942, 0.25102], [-1.20661, 0.14942, -0.86386, 1.85324, -2.12037, -0.24364, 0.66723], [-1.22203, 0.04703, -0.84636, 1.88483, -2.18378, -0.25475, 0.85826], [-1.28487, -0.24302, -1.11324, 1.91882, -1.98333, -0.08277, 0.99892], [-1.3477, -0.53306, -1.38011, 1.95281, -1.78288, 0.08922, 1.13959], [-1.35649, -0.57365, -1.41746, 1.95757, -1.75483, 0.11329, 1.15927], [-1.58228, -0.6677, -1.31894, 2.02552, -1.89147, 0.37257, 1.4592], [-1.80806, -0.76175, -1.22042, 2.09346, -2.02811, 0.63184, 1.75913], [-2.03385, -0.85579, -1.12191, 2.16141, -2.16475, 0.89112, 2.05907], [-2.25963, -0.94984, -1.02339, 2.22936, -2.30139, 1.15039, 2.359], [-2.4264, -1.0193, -0.95062, 2.27955, -2.40232, 1.3419, 2.58053], [-2.39378, -1.00921, -0.50096, 2.07411, -2.39176, 1.36713, 2.64125], [-2.36117, -0.99911, -0.0513, 1.86867, -2.3812, 1.39236, 2.70197], [-2.32855, -0.98901, 0.39836, 1.66323, -2.37064, 1.41759, 2.76268], [-2.29593, -0.97891, 0.84802, 1.45779, -2.36008, 1.44283, 2.8234], [-2.26331, -0.96881, 1.29768, 1.25235, -2.34952, 1.46806, 2.88412], [-2.2307, -0.95871, 1.74734, 1.04691, -2.33896, 1.49329, 2.94483]]
end: [-2.2087400000000001, -0.95191999999999999, 2.0499999999999998, 0.90863000000000005, -2.3318500000000002, 1.51027, 2.9857]
obtacles: [[[0.6, 0.5, -1.0], [0.9, 0.6, 1.0]], [[0.6, -0.6, -1.0], [0.9, -0.5, 1.0]], [[0.6, -0.6, 0.9], [0.9, 0.6, 1.0]], [[0.6, -0.6, -1.0], [0.9, 0.6, -0.9]], [[0.6, -0.6, 0.3], [0.9, 0.6, 0.4]], [[0.6, -0.6, -0.5], [0.9, 0.6, -0.4]], [[0.6, -0.2, 0.4], [0.9, -0.1, 1.0]], [[0.6, -0.2, -0.5], [0.9, -0.1, 0.4]], [[0.6, -0.1, -1.0], [0.9, 0.0, -0.4]]]
start: [-2.0692599999999999, -1.0013099999999999, 1.7, 1.1334299999999999, 1.0015700000000001, -1.44034, 0.061449999999999998]
tajectories: [[-2.06926, -1.00131, 1.7, 1.13343, 1.00157, -1.44034, 0.06145], [-1.93509, -0.93332, 1.4566, 1.15707, 0.7995, -1.1314, 0.23835], [-1.80092, -0.86533, 1.21321, 1.18072, 0.59743, -0.82245, 0.41526], [-1.66675, -0.79735, 0.96981, 1.20436, 0.39536, -0.5135, 0.59216], [-1.53257, -0.72936, 0.72641, 1.22801, 0.19329, -0.20456, 0.76907], [-1.3984, -0.66137, 0.48302, 1.25165, -0.00877, 0.10439, 0.94597], [-1.26423, -0.59338, 0.23962, 1.2753, -0.21084, 0.41333, 1.12288], [-1.1572, -0.53914, 0.04546, 1.29416, -0.37204, 0.65979, 1.264], [-1.26012, -0.17935, -0.16588, 1.34841, -0.23694, 0.73661, 1.45942], [-1.36305, 0.18045, -0.37722, 1.40266, -0.10184, 0.81344, 1.65485], [-1.46598, 0.54025, -0.58856, 1.45691, 0.03326, 0.89026, 1.85027], [-1.56891, 0.90005, -0.7999, 1.51116, 0.16837, 0.96708, 2.04569], [-1.67184, 1.25984, -1.01124, 1.56541, 0.30347, 1.04391, 2.24112], [-1.74381, 1.51142, -1.15901, 1.60334, 0.39793, 1.09762, 2.37776], [-1.60361, 1.56756, -0.71416, 1.54637, 0.52959, 1.16829, 2.43878], [-1.46341, 1.62371, -0.26931, 1.4894, 0.66126, 1.23895, 2.4998], [-1.32321, 1.67986, 0.17554, 1.43243, 0.79292, 1.30961, 2.56083], [-1.18301, 1.736, 0.6204, 1.37546, 0.92459, 1.38028, 2.62185], [-1.04281, 1.79215, 1.06525, 1.31848, 1.05625, 1.45094, 2.68287], [-0.90261, 1.8483, 1.5101, 1.26151, 1.18791, 1.52161, 2.7439]]
end: [-0.84275999999999995, 1.87226, 1.7, 1.23719, 1.2441199999999999, 1.5517700000000001, 2.7699500000000001]
obtacles: [[[0.6, 0.5, -1.0], [0.9, 0.6, 1.0]], [[0.6, -0.6, -1.0], [0.9, -0.5, 1.0]], [[0.6, -0.6, 0.9], [0.9, 0.6, 1.0]], [[0.6, -0.6, -1.0], [0.9, 0.6, -0.9]], [[0.6, -0.6, 0.3], [0.9, 0.6, 0.4]], [[0.6, -0.6, -0.5], [0.9, 0.6, -0.4]], [[0.6, -0.2, 0.4], [0.9, -0.1, 1.0]], [[0.6, -0.2, -0.5], [0.9, -0.1, 0.4]], [[0.6, -0.1, -1.0], [0.9, 0.0, -0.4]]]
start: [-2.1620400000000002, -1.79512, 1.6000000000000001, 1.7447299999999999, -1.3448500000000001, 1.5603400000000001, -2.3743099999999999]
tajectories: [[-2.16204, -1.79512, 1.6, 1.74473, -1.34485, 1.56034, -2.37431], [-2.10173, -1.63771, 1.73796, 1.9304, -1.38635, 1.16103, -2.45747], [-2.04142, -1.48031, 1.87592, 2.11606, -1.42785, 0.76173, -2.54064], [-1.98111, -1.32291, 2.01389, 2.30172, -1.46934, 0.36242, -2.6238], [-1.9208, -1.1655, 2.15185, 2.48739, -1.51084, -0.03688, -2.70696], [-1.86049, -1.0081, 2.28981, 2.67305, -1.55234, -0.43618, -2.79013], [-1.80018, -0.8507, 2.42777, 2.85871, -1.59383, -0.83549, -2.87329], [-1.73987, -0.69329, 2.56573, 3.04438, -1.63533, -1.23479, -2.95645], [-1.73585, -0.6828, 2.57493, 3.05676, -1.6381, -1.26142, -2.962], [-1.57619, -0.60899, 2.24894, 3.06294, -1.64435, -1.15474, -2.64368], [-1.41653, -0.53518, 1.92294, 3.06911, -1.6506, -1.04806, -2.32536], [-1.25686, -0.46137, 1.59694, 3.07529, -1.65684, -0.94137, -2.00705], [-1.0972, -0.38756, 1.27094, 3.08146, -1.66309, -0.83469, -1.68873], [-0.93754, -0.31375, 0.94494, 3.08764, -1.66934, -0.72801, -1.37041], [-0.77788, -0.23995, 0.61894, 3.09381, -1.67559, -0.62133, -1.05209], [-0.65284, -0.18214, 0.36364, 3.09865, -1.68048, -0.53778, -0.8028], [-0.88043, -0.19981, 0.29805, 2.78593, -1.59204, -0.72061, -0.56926], [-1.10803, -0.21747, 0.23246, 2.47321, -1.5036, -0.90344, -0.33571], [-1.33563, -0.23514, 0.16687, 2.1605, -1.41517, -1.08627, -0.10216], [-1.56322, -0.2528, 0.10129, 1.84778, -1.32673, -1.26911, 0.13139], [-1.70723, -0.26398, 0.05979, 1.64992, -1.27077, -1.38479, 0.27916], [-1.53331, -0.02579, 0.38745, 1.43439, -1.23712, -1.30292, 0.24218], [-1.35939, 0.2124, 0.71512, 1.21886, -1.20348, -1.22106, 0.20521], [-1.18547, 0.45059, 1.04278, 1.00333, -1.16983, -1.1392, 0.16823], [-1.01155, 0.68878, 1.37045, 0.7878, -1.13619, -1.05734, 0.13126]]
end: [-0.88970000000000005, 0.85565000000000002, 1.6000000000000001, 0.63680999999999999, -1.1126199999999999, -0.99999000000000005, 0.10535]
obtacles: [[[0.6, 0.5, -1.0], [0.9, 0.6, 1.0]], [[0.6, -0.6, -1.0], [0.9, -0.5, 1.0]], [[0.6, -0.6, 0.9], [0.9, 0.6, 1.0]], [[0.6, -0.6, -1.0], [0.9, 0.6, -0.9]], [[0.6, -0.6, 0.3], [0.9, 0.6, 0.4]], [[0.6, -0.6, -0.5], [0.9, 0.6, -0.4]], [[0.6, -0.2, 0.4], [0.9, -0.1, 1.0]], [[0.6, -0.2, -0.5], [0.9, -0.1, 0.4]], [[0.6, -0.1, -1.0], [0.9, 0.0, -0.4]]]
start: [-1.21092, 1.7152000000000001, 1.6000000000000001, 1.5600400000000001, -1.71556, -1.54345, -0.34501999999999999]
tajectories: [[-1.21092, 1.7152, 1.6, 1.56004, -1.71556, -1.54345, -0.34502], [-1.32426, 1.54547, 1.33109, 1.85188, -1.5006, -1.48537, -0.3809], [-1.43759, 1.37574, 1.06219, 2.14371, -1.28564, -1.42729, -0.41677], [-1.55093, 1.206, 0.79328, 2.43555, -1.07069, -1.36921, -0.45264], [-1.66426, 1.03627, 0.52437, 2.72738, -0.85573, -1.31113, -0.48852], [-1.77759, 0.86654, 0.25546, 3.01922, -0.64077, -1.25306, -0.52439], [-1.82432, 0.79657, 0.14461, 3.13953, -0.55216, -1.22911, -0.53918], [-1.54197, 0.53945, 0.15129, 2.98031, -0.33283, -1.2207, -0.71412], [-1.25963, 0.28234, 0.15797, 2.8211, -0.1135, -1.21229, -0.88906], [-0.97729, 0.02523, 0.16465, 2.66188, 0.10583, -1.20387, -1.064], [-0.69494, -0.23189, 0.17133, 2.50267, 0.32516, -1.19546, -1.23894], [-0.4126, -0.489, 0.17801, 2.34345, 0.54449, -1.18704, -1.41388], [-0.13026, -0.74611, 0.18469, 2.18424, 0.76382, -1.17863, -1.58883], [0.15209, -1.00323, 0.19138, 2.02502, 0.98315, -1.17022, -1.76377], [0.20178, -1.04848, 0.19255, 1.997, 1.02175, -1.16874, -1.79456], [0.15748, -0.7519, 0.40187, 1.8702, 0.7214, -1.18886, -1.69673], [0.11319, -0.45532, 0.6112, 1.74339, 0.42105, -1.20898, -1.59891], [0.0689, -0.15874, 0.82052, 1.61659, 0.1207, -1.22911, -1.50109], [0.0246, 0.13783, 1.02984, 1.48979, -0.17965, -1.24923, -1.40327], [-0.01969, 0.43441, 1.23917, 1.36299, -0.48, -1.26936, -1.30544], [-0.06399, 0.73099, 1.44849, 1.23619, -0.78035, -1.28948, -1.20762]]
end: [-0.096049999999999996, 0.94564999999999999, 1.6000000000000001, 1.1444099999999999, -0.99773999999999996, -1.3040499999999999, -1.1368199999999999]
obtacles: [[[0.6, 0.5, -1.0], [0.9, 0.6, 1.0]], [[0.6, -0.6, -1.0], [0.9, -0.5, 1.0]], [[0.6, -0.6, 0.9], [0.9, 0.6, 1.0]], [[0.6, -0.6, -1.0], [0.9, 0.6, -0.9]], [[0.6, -0.6, 0.3], [0.9, 0.6, 0.4]], [[0.6, -0.6, -0.5], [0.9, 0.6, -0.4]], [[0.6, -0.2, 0.4], [0.9, -0.1, 1.0]], [[0.6, -0.2, -0.5], [0.9, -0.1, 0.4]], [[0.6, -0.1, -1.0], [0.9, 0.0, -0.4]]]
start: [-0.90452999999999995, 1.75756, 1.6499999999999999, 1.24505, -1.7729900000000001, -1.5565599999999999, -0.33166000000000001]
tajectories: [[-0.90453, 1.75756, 1.65, 1.24505, -1.77299, -1.55656, -0.33166], [-0.95338, 1.63914, 1.25096, 1.35886, -1.79855, -1.35651, -0.18769], [-1.00223, 1.52072, 0.85191, 1.47266, -1.82411, -1.15645, -0.04372], [-1.05108, 1.4023, 0.45287, 1.58647, -1.84968, -0.9564, 0.10025], [-1.09024, 1.30738, 0.13302, 1.67769, -1.87017, -0.79604, 0.21564], [-1.07744, 1.15254, -0.08231, 1.9175, -1.87976, -0.79511, -0.13349], [-1.06464, 0.9977, -0.29764, 2.15731, -1.88935, -0.79418, -0.48262], [-1.05185, 0.84286, -0.51297, 2.39711, -1.89894, -0.79325, -0.83175], [-1.03905, 0.68802, -0.7283, 2.63692, -1.90854, -0.79231, -1.18089], [-1.0329, 0.61359, -0.83181, 2.7522, -1.91315, -0.79187, -1.34871], [-0.88623, 0.46373, -0.41513, 2.68763, -1.88874, -0.90254, -1.4728], [-0.73957, 0.31387, 0.00155, 2.62306, -1.86433, -1.01321, -1.59688], [-0.59291, 0.16402, 0.41823, 2.55849, -1.83992, -1.12388, -1.72097], [-0.44625, 0.01416, 0.83492, 2.49392, -1.81551, -1.23455, -1.84505], [-0.38853, -0.04482, 0.99891, 2.4685, -1.8059, -1.27811, -1.89389], [-0.31123, 0.15721, 1.151, 2.14082, -1.59615, -1.25524, -1.72601], [-0.23393, 0.35924, 1.30309, 1.81313, -1.3864, -1.23237, -1.55814], [-0.15664, 0.56127, 1.45518, 1.48544, -1.17665, -1.2095, -1.39026], [-0.07934, 0.76329, 1.60727, 1.15775, -0.96691, -1.18663, -1.22238]]
end: [-0.057619999999999998, 0.82004999999999995, 1.6499999999999999, 1.06569, -0.90798000000000001, -1.1801999999999999, -1.1752199999999999]
obtacles: [[[0.6, 0.5, -1.0], [0.9, 0.6, 1.0]], [[0.6, -0.6, -1.0], [0.9, -0.5, 1.0]], [[0.6, -0.6, 0.9], [0.9, 0.6, 1.0]], [[0.6, -0.6, -1.0], [0.9, 0.6, -0.9]], [[0.6, -0.6, 0.3], [0.9, 0.6, 0.4]], [[0.6, -0.6, -0.5], [0.9, 0.6, -0.4]], [[0.6, -0.2, 0.4], [0.9, -0.1, 1.0]], [[0.6, -0.2, -0.5], [0.9, -0.1, 0.4]], [[0.6, -0.1, -1.0], [0.9, 0.0, -0.4]]]
start: [-1.06179, 1.9312800000000001, 1.6499999999999999, 1.45241, -1.9381900000000001, -1.53894, -0.37025000000000002]
tajectories: [[-1.06179, 1.93128, 1.65, 1.45241, -1.93819, -1.53894, -0.37025], [-1.31188, 1.77869, 1.63345, 1.7827, -2.0763, -1.44058, -0.20884], [-1.56197, 1.62611, 1.6169, 2.113, -2.21441, -1.34222, -0.04742], [-1.69585, 1.54444, 1.60804, 2.2898, -2.28834, -1.28957, 0.03898], [-1.39753, 1.25788, 1.70063, 2.27089, -2.13696, -1.15664, -0.13242], [-1.09921, 0.97132, 1.79323, 2.25198, -1.98559, -1.02372, -0.30382], [-0.8009, 0.68476, 1.88582, 2.23307, -1.83422, -0.89079, -0.47522], [-0.61987, 0.51087, 1.94201, 2.22159, -1.74237, -0.81013, -0.57923], [-0.49735, 0.65411, 1.84991, 1.88494, -1.51703, -0.9573, -0.72141], [-0.37482, 0.79735, 1.7578, 1.54828, -1.29169, -1.10446, -0.86359], [-0.25229, 0.94059, 1.6657, 1.21163, -1.06635, -1.25163, -1.00577]]
end: [-0.23141, 0.96501000000000003, 1.6499999999999999, 1.15425, -1.0279400000000001, -1.27671, -1.03]
obtacles: [[[0.6, 0.5, -1.0], [0.9, 0.6, 1.0]], [[0.6, -0.6, -1.0], [0.9, -0.5, 1.0]], [[0.6, -0.6, 0.9], [0.9, 0.6, 1.0]], [[0.6, -0.6, -1.0], [0.9, 0.6, -0.9]], [[0.6, -0.6, 0.3], [0.9, 0.6, 0.4]], [[0.6, -0.6, -0.5], [0.9, 0.6, -0.4]], [[0.6, -0.2, 0.4], [0.9, -0.1, 1.0]], [[0.6, -0.2, -0.5], [0.9, -0.1, 0.4]], [[0.6, -0.1, -1.0], [0.9, 0.0, -0.4]]]
start: [-2.5436700000000001, -1.95181, 1.55, 1.59765, -4.3319000000000001, -1.5415099999999999, 0.99007000000000001]
tajectories: [[-2.54367, -1.95181, 1.55, 1.59765, -4.3319, -1.54151, 0.99007], [-2.46204, -1.79479, 1.66513, 1.67837, -3.96915, -1.54117, 1.24954], [-2.38041, -1.63776, 1.78027, 1.75908, -3.60641, -1.54083, 1.509], [-2.29877, -1.48073, 1.8954, 1.8398, -3.24366, -1.54049, 1.76847], [-2.21714, -1.32371, 2.01054, 1.92052, -2.88091, -1.54015, 2.02793], [-2.13551, -1.16668, 2.12567, 2.00124, -2.51816, -1.53981, 2.28739], [-2.07904, -1.05804, 2.20533, 2.05708, -2.2672, -1.53957, 2.46691], [-1.91788, -0.86579, 2.28634, 2.16193, -2.50205, -1.54244, 2.12875], [-1.75673, -0.67354, 2.36736, 2.26678, -2.7369, -1.54531, 1.7906], [-1.59557, -0.48129, 2.44837, 2.37163, -2.97176, -1.54817, 1.45244], [-1.47264, -0.33463, 2.51017, 2.45162, -3.15091, -1.55036, 1.19449], [-1.22538, -0.16892, 2.41546, 2.35394, -3.26115, -1.22054, 1.34266], [-0.97813, -0.00321, 2.32075, 2.25626, -3.3714, -0.89071, 1.49084], [-0.73087, 0.1625, 2.22605, 2.15859, -3.48164, -0.56089, 1.63902], [-0.48361, 0.32821, 2.13134, 2.06091, -3.59188, -0.23107, 1.78719], [-0.23635, 0.49392, 2.03663, 1.96323, -3.70212, 0.09876, 1.93537], [-0.16197, 0.54377, 2.00814, 1.93385, -3.73529, 0.19798, 1.97994], [-0.27576, 0.58518, 1.86135, 1.62722, -3.78867, 0.49653, 2.14662], [-0.38956, 0.62658, 1.71456, 1.32059, -3.84205, 0.79509, 2.3133], [-0.50335, 0.66799, 1.56776, 1.01396, -3.89544, 1.09364, 2.47998]]
end: [-0.51712000000000002, 0.67300000000000004, 1.55, 0.97685, -3.9018999999999999, 1.1297699999999999, 2.5001500000000001]
obtacles: [[[0.6, 0.5, -1.0], [0.9, 0.6, 1.0]], [[0.6, -0.6, -1.0], [0.9, -0.5, 1.0]], [[0.6, -0.6, 0.9], [0.9, 0.6, 1.0]], [[0.6, -0.6, -1.0], [0.9, 0.6, -0.9]], [[0.6, -0.6, 0.3], [0.9, 0.6, 0.4]], [[0.6, -0.6, -0.5], [0.9, 0.6, -0.4]], [[0.6, -0.2, 0.4], [0.9, -0.1, 1.0]], [[0.6, -0.2, -0.5], [0.9, -0.1, 0.4]], [[0.6, -0.1, -1.0], [0.9, 0.0, -0.4]]]
start: [-1.1063000000000001, 1.69228, 1.6000000000000001, 1.6993199999999999, -1.6876500000000001, -1.5265, -0.58865000000000001]
tajectories: [[-1.1063, 1.69228, 1.6, 1.69932, -1.68765, -1.5265, -0.58865], [-1.22471, 1.65747, 1.58308, 1.79047, -2.10615, -1.30094, -0.60071], [-1.34312, 1.62267, 1.56617, 1.88163, -2.52466, -1.07538, -0.61277], [-1.46153, 1.58786, 1.54925, 1.97278, -2.94317, -0.84982, -0.62482], [-1.57994, 1.55306, 1.53234, 2.06394, -3.36168, -0.62426, -0.63688], [-1.69834, 1.51825, 1.51542, 2.15509, -3.78019, -0.3987, -0.64893], [-1.7344, 1.50766, 1.51027, 2.18285, -3.90762, -0.33002, -0.6526], [-1.91758, 1.33074, 1.62425, 1.9429, -3.60405, -0.33455, -0.8023], [-2.10076, 1.15383, 1.73823, 1.70295, -3.30049, -0.33908, -0.95199], [-2.28394, 0.97691, 1.85221, 1.463, -2.99693, -0.34361, -1.10168], [-2.46712, 0.8, 1.96619, 1.22305, -2.69336, -0.34813, -1.25138], [-2.54484, 0.72494, 2.01454, 1.12125, -2.56457, -0.35006, -1.31488], [-2.41299, 0.72799, 2.00573, 1.1308, -2.18628, -0.25705, -1.59893], [-2.28115, 0.73104, 1.99692, 1.14035, -1.80798, -0.16404, -1.88298], [-2.1493, 0.73409, 1.98811, 1.1499, -1.42969, -0.07103, -2.16702], [-2.01746, 0.73714, 1.9793, 1.15944, -1.0514, 0.02198, -2.45107], [-1.88561, 0.74019, 1.97049, 1.16899, -0.6731, 0.11498, -2.73511], [-1.76944, 0.74288, 1.96273, 1.1774, -0.33979, 0.19693, -2.98538], [-1.75579, 0.62173, 2.08075, 1.31208, -0.12399, 0.06592, -2.6121], [-1.74213, 0.50059, 2.19876, 1.44675, 0.09181, -0.06509, -2.23882], [-1.72848, 0.37944, 2.31678, 1.58142, 0.30761, -0.19609, -1.86553], [-1.71483, 0.2583, 2.4348, 1.71609, 0.52341, -0.3271, -1.49225], [-1.70117, 0.13715, 2.55282, 1.85076, 0.73921, -0.45811, -1.11896], [-1.68755, 0.01626, 2.67059, 1.98515, 0.95456, -0.58885, -0.74646], [-1.85062, -0.20492, 2.45337, 1.69223, 1.00196, -0.71289, -0.59198], [-2.0137, -0.4261, 2.23615, 1.39931, 1.04936, -0.83694, -0.4375], [-2.17677, -0.64729, 2.01893, 1.10639, 1.09676, -0.96098, -0.28302], [-2.33985, -0.86847, 1.80171, 0.81346, 1.14417, -1.08503, -0.12854]]
end: [-2.4537399999999998, -1.02295, 1.6499999999999999, 0.60887999999999998, 1.1772800000000001, -1.1716599999999999, -0.020639999999999999]
obtacles: [[[0.6, 0.5, -1.0], [0.9, 0.6, 1.0]], [[0.6, -0.6, -1.0], [0.9, -0.5, 1.0]], [[0.6, -0.6, 0.9], [0.9, 0.6, 1.0]], [[0.6, -0.6, -1.0], [0.9, 0.6, -0.9]], [[0.6, -0.6, 0.3], [0.9, 0.6, 0.4]], [[0.6, -0.6, -0.5], [0.9, 0.6, -0.4]], [[0.6, -0.2, 0.4], [0.9, -0.1, 1.0]], [[0.6, -0.2, -0.5], [0.9, -0.1, 0.4]], [[0.6, -0.1, -1.0], [0.9, 0.0, -0.4]]]
start: [-0.93266000000000004, 1.0408999999999999, 1.55, 0.68577999999999995, -4.3430200000000001, 1.1812, -2.9627599999999998]
tajectories: [[-0.93266, 1.0409, 1.55, 0.68578, -4.34302, 1.1812, -2.96276], [-1.13968, 0.84142, 1.70526, 0.78462, -4.34354, 1.18357, -2.59742], [-1.3467, 0.64195, 1.86052, 0.88346, -4.34407, 1.18595, -2.23209], [-1.55373, 0.44247, 2.01579, 0.9823, -4.34459, 1.18832, -1.86676], [-1.76075, 0.243, 2.17105, 1.08115, -4.34511, 1.19069, -1.50142], [-1.96777, 0.04352, 2.32631, 1.17999, -4.34564, 1.19306, -1.13609], [-2.1748, -0.15595, 2.48157, 1.27883, -4.34616, 1.19543, -0.77075], [-2.27475, -0.25226, 2.55653, 1.32655, -4.34641, 1.19658, -0.59437], [-1.98837, -0.24354, 2.44165, 1.50294, -4.31764, 1.08689, -0.26159], [-1.702, -0.23481, 2.32676, 1.67934, -4.28886, 0.97721, 0.07118], [-1.41562, -0.22608, 2.21187, 1.85574, -4.26009, 0.86752, 0.40396], [-1.40362, -0.22572, 2.20705, 1.86313, -4.25888, 0.86292, 0.4179], [-1.39096, -0.6094, 2.16089, 1.61474, -4.37134, 0.70121, 0.41829], [-1.3783, -0.99308, 2.11473, 1.36635, -4.4838, 0.53951, 0.41867], [-1.36564, -1.37677, 2.06858, 1.11795, -4.59626, 0.3778, 0.41906], [-1.35693, -1.64051, 2.03685, 0.94721, -4.67357, 0.26664, 0.41932], [-1.39108, -1.67732, 1.96251, 1.29891, -4.58351, -0.06394, 0.44881], [-1.42522, -1.71413, 1.88818, 1.6506, -4.49345, -0.39452, 0.4783], [-1.45937, -1.75094, 1.81385, 2.0023, -4.40338, -0.7251, 0.50779], [-1.49351, -1.78775, 1.73952, 2.35399, -4.31332, -1.05568, 0.53728], [-1.49857, -1.7932, 1.72852, 2.40606, -4.29999, -1.10463, 0.54164], [-1.7379, -1.74053, 1.64331, 2.06109, -4.44476, -1.31133, 0.54025], [-1.97723, -1.68787, 1.55811, 1.71612, -4.58953, -1.51802, 0.53886]]
end: [-2.0000200000000001, -1.68286, 1.55, 1.68327, -4.6033099999999996, -1.5377099999999999, 0.53871999999999998]
obtacles: [[[0.6, 0.5, -1.0], [0.9, 0.6, 1.0]], [[0.6, -0.6, -1.0], [0.9, -0.5, 1.0]], [[0.6, -0.6, 0.9], [0.9, 0.6, 1.0]], [[0.6, -0.6, -1.0], [0.9, 0.6, -0.9]], [[0.6, -0.6, 0.3], [0.9, 0.6, 0.4]], [[0.6, -0.6, -0.5], [0.9, 0.6, -0.4]], [[0.6, -0.2, 0.4], [0.9, -0.1, 1.0]], [[0.6, -0.2, -0.5], [0.9, -0.1, 0.4]], [[0.6, -0.1, -1.0], [0.9, 0.0, -0.4]]]
start: [-2.1436099999999998, -1.9598199999999999, 1.6000000000000001, 1.8770500000000001, -1.19045, 1.4820899999999999, -2.27386]
tajectories: [[-2.14361, -1.95982, 1.6, 1.87705, -1.19045, 1.48209, -2.27386], [-1.83807, -1.68391, 1.62412, 1.90736, -0.91995, 1.43558, -2.33457], [-1.53253, -1.408, 1.64824, 1.93767, -0.64945, 1.38907, -2.39528], [-1.227, -1.13209, 1.67237, 1.96798, -0.37894, 1.34257, -2.45599], [-0.92146, -0.85618, 1.69649, 1.99829, -0.10844, 1.29606, -2.5167], [-0.61592, -0.58027, 1.72061, 2.02861, 0.16206, 1.24955, -2.57741], [-0.31039, -0.30436, 1.74473, 2.05892, 0.43256, 1.20304, -2.63812], [-0.23288, -0.23436, 1.75085, 2.06661, 0.50118, 1.19124, -2.65352], [-0.38829, -0.08303, 1.84306, 2.17135, 0.14275, 0.95673, -2.6548], [-0.54371, 0.0683, 1.93528, 2.27608, -0.21568, 0.72221, -2.65609], [-0.69912, 0.21963, 2.02749, 2.38082, -0.57411, 0.48769, -2.65738], [-0.85453, 0.37096, 2.1197, 2.48556, -0.93254, 0.25318, -2.65866], [-1.00995, 0.52229, 2.21191, 2.5903, -1.29097, 0.01866, -2.65995], [-1.16536, 0.67362, 2.30413, 2.69504, -1.6494, -0.21585, -2.66124], [-1.25579, 0.76168, 2.35778, 2.75598, -1.85796, -0.35231, -2.66198], [-1.3641, 0.79886, 2.32776, 2.61308, -1.7039, -0.18583, -2.25687], [-1.4724, 0.83604, 2.29774, 2.47019, -1.54985, -0.01935, -1.85175], [-1.5807, 0.87323, 2.26772, 2.32729, -1.39579, 0.14713, -1.44664], [-1.68901, 0.91041, 2.2377, 2.1844, -1.24173, 0.31362, -1.04152], [-1.79731, 0.94759, 2.20768, 2.0415, -1.08768, 0.4801, -0.63641], [-1.88338, 0.97715, 2.18382, 1.92794, -0.96524, 0.6124, -0.31445], [-1.66314, 0.98132, 2.01354, 1.67009, -0.97108, 0.29804, -0.23001], [-1.44289, 0.9855, 1.84325, 1.41223, -0.97693, -0.01632, -0.14556], [-1.22265, 0.98968, 1.67297, 1.15438, -0.98277, -0.33068, -0.06112], [-1.0024, 0.99386, 1.50268, 0.89652, -0.98861, -0.64505, 0.02333], [-0.78216, 0.99804, 1.3324, 0.63867, -0.99445, -0.95941, 0.10777]]
end: [-0.61092000000000002, 1.00129, 1.2, 0.43818000000000001, -0.99899000000000004, -1.2038199999999999, 0.17343]
obtacles: [[[0.6, 0.5, -1.0], [0.9, 0.6, 1.0]], [[0.6, -0.6, -1.0], [0.9, -0.5, 1.0]], [[0.6, -0.6, 0.9], [0.9, 0.6, 1.0]], [[0.6, -0.6, -1.0], [0.9, 0.6, -0.9]], [[0.6, -0.6, 0.3], [0.9, 0.6, 0.4]], [[0.6, -0.6, -0.5], [0.9, 0.6, -0.4]], [[0.6, -0.2, 0.4], [0.9, -0.1, 1.0]], [[0.6, -0.2, -0.5], [0.9, -0.1, 0.4]], [[0.6, -0.1, -1.0], [0.9, 0.0, -0.4]]]
start: [-2.3410199999999999, -1.8554600000000001, 1.5, 1.4617899999999999, -1.27996, 1.5338499999999999, -2.49593]
tajectories: [[-2.34102, -1.85546, 1.5, 1.46179, -1.27996, 1.53385, -2.49593], [-2.29488, -1.70312, 1.63581, 1.53739, -1.07206, 1.33739, -2.15143], [-2.24874, -1.55078, 1.77162, 1.61299, -0.86416, 1.14093, -1.80692], [-2.2026, -1.39844, 1.90744, 1.6886, -0.65626, 0.94447, -1.46242], [-2.15646, -1.2461, 2.04325, 1.7642, -0.44836, 0.74801, -1.11792], [-2.11032, -1.09376, 2.17906, 1.8398, -0.24046, 0.55155, -0.77341], [-2.06418, -0.94142, 2.31487, 1.9154, -0.03256, 0.35509, -0.42891], [-2.01804, -0.78909, 2.45068, 1.99101, 0.17534, 0.15863, -0.0844], [-2.0142, -0.77638, 2.46201, 1.99731, 0.19268, 0.14225, -0.05568], [-2.05858, -0.69049, 2.41863, 2.15861, -0.13871, -0.16549, -0.14641], [-2.10296, -0.60459, 2.37525, 2.31992, -0.4701, -0.47322, -0.23714], [-2.14735, -0.5187, 2.33187, 2.48122, -0.80149, -0.78095, -0.32787], [-2.19173, -0.4328, 2.28848, 2.64253, -1.13289, -1.08868, -0.4186], [-2.23611, -0.3469, 2.2451, 2.80383, -1.46428, -1.39641, -0.50933], [-2.23922, -0.34089, 2.24207, 2.81512, -1.48747, -1.41795, -0.51568], [-2.08696, -0.19405, 2.08514, 2.65585, -1.77792, -1.28689, -0.74747], [-1.9347, -0.04721, 1.92822, 2.49658, -2.06837, -1.15583, -0.97926], [-1.78245, 0.09963, 1.7713, 2.33731, -2.35882, -1.02478, -1.21105], [-1.63019, 0.24648, 1.61437, 2.17804, -2.64927, -0.89372, -1.44283], [-1.47793, 0.39332, 1.45745, 2.01877, -2.93972, -0.76266, -1.67462], [-1.44302, 0.42699, 1.42146, 1.98225, -3.00632, -0.73261, -1.72777], [-1.72027, 0.23165, 1.30544, 1.83624, -2.8123, -0.93704, -1.58368], [-1.99752, 0.03631, 1.18942, 1.69024, -2.61829, -1.14147, -1.4396], [-2.27478, -0.15902, 1.0734, 1.54423, -2.42428, -1.3459, -1.29551], [-2.53291, -0.34089, 0.96538, 1.4083, -2.24365, -1.53623, -1.16136], [-2.25244, -0.11579, 1.0657, 1.34129, -1.99235, -1.48986, -0.95932], [-1.97198, 0.10931, 1.16601, 1.27428, -1.74106, -1.44349, -0.75728], [-1.69152, 0.3344, 1.26633, 1.20726, -1.48977, -1.39712, -0.55524], [-1.41105, 0.5595, 1.36665, 1.14025, -1.23848, -1.35075, -0.35321], [-1.13059, 0.7846, 1.46697, 1.07324, -0.98719, -1.30438, -0.15117]]
end: [-1.0382499999999999, 0.85870999999999997, 1.5, 1.0511699999999999, -0.90444999999999998, -1.28911, -0.084650000000000003]
obtacles: [[[0.6, 0.5, -1.0], [0.9, 0.6, 1.0]], [[0.6, -0.6, -1.0], [0.9, -0.5, 1.0]], [[0.6, -0.6, 0.9], [0.9, 0.6, 1.0]], [[0.6, -0.6, -1.0], [0.9, 0.6, -0.9]], [[0.6, -0.6, 0.3], [0.9, 0.6, 0.4]], [[0.6, -0.6, -0.5], [0.9, 0.6, -0.4]], [[0.6, -0.2, 0.4], [0.9, -0.1, 1.0]], [[0.6, -0.2, -0.5], [0.9, -0.1, 0.4]], [[0.6, -0.1, -1.0], [0.9, 0.0, -0.4]]]
start: [-2.4257, -1.76315, 1.3999999999999999, 0.95364000000000004, -1.3154999999999999, 1.5453699999999999, -2.9236200000000001]
tajectories: [[-2.4257, -1.76315, 1.4, 0.95364, -1.3155, 1.54537, -2.92362], [-2.29183, -1.71176, 1.47333, 1.17226, -1.09396, 1.20432, -2.81933], [-2.15797, -1.66037, 1.54667, 1.39088, -0.87243, 0.86328, -2.71504], [-2.0241, -1.60899, 1.62, 1.6095, -0.65089, 0.52224, -2.61075], [-1.93162, -1.57349, 1.67066, 1.76052, -0.49785, 0.28664, -2.5387], [-1.71098, -1.75774, 2.04591, 1.7869, -0.58163, 0.22552, -2.41578], [-1.52982, -1.90902, 2.35399, 1.80856, -0.65042, 0.17535, -2.31485], [-1.45399, -1.67341, 2.25489, 1.66143, -0.61628, 0.09758, -1.92748], [-1.37816, -1.4378, 2.15579, 1.5143, -0.58214, 0.01981, -1.54011], [-1.30233, -1.20218, 2.05669, 1.36717, -0.548, -0.05795, -1.15275], [-1.2265, -0.96657, 1.95759, 1.22004, -0.51386, -0.13572, -0.76538], [-1.21565, -0.93285, 1.9434, 1.19898, -0.50897, -0.14685, -0.70994], [-1.43605, -0.52231, 2.02625, 1.14956, -0.47583, -0.28328, -0.64779], [-1.65644, -0.11176, 2.10909, 1.10014, -0.4427, -0.41972, -0.58565], [-1.87683, 0.29878, 2.19193, 1.05071, -0.40956, -0.55615, -0.52351], [-2.06735, 0.65366, 2.26354, 1.00799, -0.38092, -0.67409, -0.46979], [-1.93954, 0.7925, 2.41442, 1.19767, -0.69299, -0.91203, -0.42928], [-1.81173, 0.93135, 2.5653, 1.38735, -1.00506, -1.14996, -0.38877], [-1.79946, 0.94468, 2.57979, 1.40555, -1.03502, -1.1728, -0.38488], [-1.53098, 0.95904, 2.19146, 1.3064, -1.01602, -1.264, -0.29317], [-1.2625, 0.9734, 1.80314, 1.20725, -0.99703, -1.3552, -0.20146], [-0.99402, 0.98776, 1.41482, 1.10811, -0.97804, -1.44639, -0.10975]]
end: [-0.98377000000000003, 0.98831000000000002, 1.3999999999999999, 1.10432, -0.97731999999999997, -1.44987, -0.10625]
obtacles: [[[0.6, 0.5, -1.0], [0.9, 0.6, 1.0]], [[0.6, -0.6, -1.0], [0.9, -0.5, 1.0]], [[0.6, -0.6, 0.9], [0.9, 0.6, 1.0]], [[0.6, -0.6, -1.0], [0.9, 0.6, -0.9]], [[0.6, -0.6, 0.3], [0.9, 0.6, 0.4]], [[0.6, -0.6, -0.5], [0.9, 0.6, -0.4]], [[0.6, -0.2, 0.4], [0.9, -0.1, 1.0]], [[0.6, -0.2, -0.5], [0.9, -0.1, 0.4]], [[0.6, -0.1, -1.0], [0.9, 0.0, -0.4]]]
start: [2.1627399999999999, -1.6613199999999999, -1.5, 1.1702900000000001, -1.6817899999999999, -1.5411699999999999, -0.18659000000000001]
tajectories: [[2.16274, -1.66132, -1.5, 1.17029, -1.68179, -1.54117, -0.18659], [1.95543, -1.72883, -1.55714, 1.56598, -1.51472, -1.49286, -0.29787], [1.74813, -1.79634, -1.61428, 1.96167, -1.34764, -1.44455, -0.40915], [1.54082, -1.86385, -1.67142, 2.35736, -1.18057, -1.39625, -0.52044], [1.51809, -1.87125, -1.67768, 2.40074, -1.16226, -1.39095, -0.53264], [1.70327, -1.49371, -1.75714, 2.59809, -1.05172, -1.38089, -0.40778], [1.88846, -1.11617, -1.83659, 2.79544, -0.94118, -1.37083, -0.28292], [2.06935, -0.74737, -1.91421, 2.98823, -0.83321, -1.36101, -0.16095], [1.92097, -0.33717, -2.02088, 2.89, -0.76728, -1.31447, -0.34035], [1.7726, 0.07302, -2.12755, 2.79177, -0.70135, -1.26793, -0.51975], [1.66843, 0.361, -2.20244, 2.7228, -0.65507, -1.23525, -0.6457], [1.53075, 0.53779, -2.19128, 2.4854, -0.32007, -1.21182, -0.47098], [1.39306, 0.71458, -2.18013, 2.24799, 0.01494, -1.18839, -0.29627], [1.30025, 0.83375, -2.17261, 2.08796, 0.24076, -1.17259, -0.17849], [1.18187, 0.85093, -1.99076, 1.69944, 0.46626, -1.1502, -0.16057], [1.06348, 0.86812, -1.80891, 1.31091, 0.69175, -1.12781, -0.14265], [0.9451, 0.8853, -1.62706, 0.92239, 0.91724, -1.10542, -0.12473]]
end: [0.86238000000000004, 0.89731000000000005, -1.5, 0.65092000000000005, 1.0748, -1.08978, -0.11221]
obtacles: [[[0.6, 0.5, -1.0], [0.9, 0.6, 1.0]], [[0.6, -0.6, -1.0], [0.9, -0.5, 1.0]], [[0.6, -0.6, 0.9], [0.9, 0.6, 1.0]], [[0.6, -0.6, -1.0], [0.9, 0.6, -0.9]], [[0.6, -0.6, 0.3], [0.9, 0.6, 0.4]], [[0.6, -0.6, -0.5], [0.9, 0.6, -0.4]], [[0.6, -0.2, 0.4], [0.9, -0.1, 1.0]], [[0.6, -0.2, -0.5], [0.9, -0.1, 0.4]], [[0.6, -0.1, -1.0], [0.9, 0.0, -0.4]]]
start: [0.33390999999999998, 1.9030800000000001, -2.0, 0.69713000000000003, -1.0344100000000001, 1.56833, -2.8521100000000001]
tajectories: [[0.33391, 1.90308, -2.0, 0.69713, -1.03441, 1.56833, -2.85211], [0.43923, 1.78479, -1.74928, 0.86943, -1.08779, 1.37095, -2.55117], [0.54456, 1.6665, -1.49857, 1.04172, -1.14117, 1.17357, -2.25024], [0.64988, 1.54821, -1.24785, 1.21402, -1.19454, 0.97619, -1.9493], [0.75521, 1.42992, -0.99713, 1.38632, -1.24792, 0.77881, -1.64837], [0.82076, 1.35629, -0.84109, 1.49355, -1.28114, 0.65596, -1.46106], [0.9811, 1.31914, -0.80337, 1.83202, -1.5088, 0.88761, -1.49901], [1.14144, 1.28199, -0.76565, 2.17049, -1.73645, 1.11926, -1.53696], [1.30178, 1.24484, -0.72794, 2.50896, -1.96411, 1.35091, -1.57491], [1.43127, 1.21484, -0.69748, 2.78231, -2.14797, 1.53799, -1.60555], [1.17649, 1.01402, -0.95369, 2.8554, -2.06102, 1.49491, -1.85923], [0.92171, 0.81319, -1.20991, 2.9285, -1.97407, 1.45183, -2.1129], [0.66693, 0.61237, -1.46613, 3.0016, -1.88712, 1.40874, -2.36657], [0.41215, 0.41155, -1.72235, 3.0747, -1.80017, 1.36566, -2.62025], [0.3912, 0.39503, -1.74342, 3.08071, -1.79302, 1.36212, -2.64111], [0.36845, 0.40659, -1.69536, 2.65693, -1.6883, 1.13352, -2.70612], [0.3457, 0.41815, -1.64729, 2.23315, -1.58357, 0.90492, -2.77113], [0.32295, 0.42971, -1.59923, 1.80938, -1.47884, 0.67632, -2.83614], [0.30238, 0.44017, -1.55576, 1.4261, -1.38413, 0.46956, -2.89494], [0.08432, 0.62616, -1.68637, 1.19611, -1.4369, 0.60358, -2.61717], [-0.13374, 0.81216, -1.81697, 0.96612, -1.48967, 0.73761, -2.3394], [-0.3518, 0.99816, -1.94757, 0.73613, -1.54245, 0.87164, -2.06163]]
end: [-0.43935000000000002, 1.07283, -2.0, 0.64380000000000004, -1.5636399999999999, 0.92544000000000004, -1.9501200000000001]
obtacles: [[[0.6, 0.5, -1.0], [0.9, 0.6, 1.0]], [[0.6, -0.6, -1.0], [0.9, -0.5, 1.0]], [[0.6, -0.6, 0.9], [0.9, 0.6, 1.0]], [[0.6, -0.6, -1.0], [0.9, 0.6, -0.9]], [[0.6, -0.6, 0.3], [0.9, 0.6, 0.4]], [[0.6, -0.6, -0.5], [0.9, 0.6, -0.4]], [[0.6, -0.2, 0.4], [0.9, -0.1, 1.0]], [[0.6, -0.2, -0.5], [0.9, -0.1, 0.4]], [[0.6, -0.1, -1.0], [0.9, 0.0, -0.4]]]
start: [0.96091000000000004, 1.9515, -1.6000000000000001, 1.78173, -4.3445200000000002, -1.4662999999999999, 0.79574]
tajectories: [[0.96091, 1.9515, -1.6, 1.78173, -4.34452, -1.4663, 0.79574], [1.12504, 1.74894, -1.30345, 1.79201, -4.15504, -1.4684, 1.03673], [1.28917, 1.54639, -1.0069, 1.80228, -3.96556, -1.47051, 1.27772], [1.4533, 1.34383, -0.71034, 1.81256, -3.77608, -1.47261, 1.51871], [1.61742, 1.14127, -0.41379, 1.82283, -3.5866, -1.47471, 1.75969], [1.78155, 0.93871, -0.11724, 1.83311, -3.39711, -1.47682, 2.00068], [1.8519, 0.8519, 0.00986, 1.83751, -3.3159, -1.47772, 2.10397], [1.81584, 0.54729, 0.08763, 1.57778, -3.07473, -1.45442, 1.95002], [1.77978, 0.24269, 0.16541, 1.31805, -2.83356, -1.43112, 1.79608], [1.74372, -0.06192, 0.24318, 1.05832, -2.59239, -1.40783, 1.64214], [1.70766, -0.36653, 0.32095, 0.79858, -2.35122, -1.38453, 1.48819], [1.68114, -0.59055, 0.37815, 0.60757, -2.17385, -1.36739, 1.37498], [1.78513, -0.67695, 0.01368, 0.64625, -1.98801, -1.34561, 1.12523], [1.88912, -0.76335, -0.35079, 0.68493, -1.80216, -1.32382, 0.87549], [1.9931, -0.84975, -0.71526, 0.72361, -1.61631, -1.30203, 0.62574], [2.09709, -0.93615, -1.07973, 0.7623, -1.43047, -1.28024, 0.37599], [2.20108, -1.02255, -1.4442, 0.80098, -1.24462, -1.25845, 0.12624]]
end: [2.24553, -1.05949, -1.6000000000000001, 0.81750999999999996, -1.16517, -1.2491399999999999, 0.019480000000000001]
obtacles: [[[0.6, 0.5, -1.0], [0.9, 0.6, 1.0]], [[0.6, -0.6, -1.0], [0.9, -0.5, 1.0]], [[0.6, -0.6, 0.9], [0.9, 0.6, 1.0]], [[0.6, -0.6, -1.0], [0.9, 0.6, -0.9]], [[0.6, -0.6, 0.3], [0.9, 0.6, 0.4]], [[0.6, -0.6, -0.5], [0.9, 0.6, -0.4]], [[0.6, -0.2, 0.4], [0.9, -0.1, 1.0]], [[0.6, -0.2, -0.5], [0.9, -0.1, 0.4]], [[0.6, -0.1, -1.0], [0.9, 0.0, -0.4]]]
start: [0.82865999999999995, 1.95143, -1.5, 2.0153300000000001, -1.1966399999999999, 1.4701599999999999, -1.96034]
tajectories: [[0.82866, 1.95143, -1.5, 2.01533, -1.19664, 1.47016, -1.96034], [0.98026, 1.86016, -1.42212, 2.10565, -0.83936, 1.26071, -2.14185], [1.13187, 1.7689, -1.34425, 2.19597, -0.48208, 1.05126, -2.32337], [1.28348, 1.67764, -1.26637, 2.28628, -0.1248, 0.84181, -2.50488], [1.39156, 1.61258, -1.21085, 2.35067, 0.12991, 0.69249, -2.63428], [1.5337, 1.68897, -1.29757, 2.29382, 0.39746, 0.34636, -2.48658], [1.67585, 1.76536, -1.3843, 2.23698, 0.66502, 0.00023, -2.33888], [1.81799, 1.84176, -1.47102, 2.18013, 0.93258, -0.34589, -2.19118], [1.96014, 1.91815, -1.55774, 2.12328, 1.20013, -0.69202, -2.04348], [1.99738, 1.93817, -1.58047, 2.10839, 1.27024, -0.78272, -2.00478], [1.93948, 1.64553, -1.46392, 2.09177, 1.25406, -0.93854, -1.65463], [1.88158, 1.35289, -1.34738, 2.07515, 1.23788, -1.09437, -1.30447], [1.82368, 1.06025, -1.23083, 2.05853, 1.2217, -1.25019, -0.95432], [1.76577, 0.76761, -1.11429, 2.04191, 1.20552, -1.40601, -0.60417], [1.75563, 0.71633, -1.09387, 2.039, 1.20268, -1.43332, -0.5428], [1.49049, 0.72508, -1.1932, 1.67507, 1.15672, -1.31051, -0.40096], [1.22536, 0.73383, -1.29253, 1.31114, 1.11077, -1.1877, -0.25911], [0.96022, 0.74258, -1.39186, 0.9472, 1.06481, -1.0649, -0.11726], [0.69509, 0.75134, -1.49119, 0.58327, 1.01885, -0.94209, 0.02458]]
end: [0.67157, 0.75210999999999995, -1.5, 0.55098999999999998, 1.01478, -0.93118999999999996, 0.037170000000000002]
obtacles: [[[0.6, 0.5, -1.0], [0.9, 0.6, 1.0]], [[0.6, -0.6, -1.0], [0.9, -0.5, 1.0]], [[0.6, -0.6, 0.9], [0.9, 0.6, 1.0]], [[0.6, -0.6, -1.0], [0.9, 0.6, -0.9]], [[0.6, -0.6, 0.3], [0.9, 0.6, 0.4]], [[0.6, -0.6, -0.5], [0.9, 0.6, -0.4]], [[0.6, -0.2, 0.4], [0.9, -0.1, 1.0]], [[0.6, -0.2, -0.5], [0.9, -0.1, 0.4]], [[0.6, -0.1, -1.0], [0.9, 0.0, -0.4]]]
start: [0.91925999999999997, 1.8506400000000001, -1.6000000000000001, 1.5104900000000001, -1.28969, 1.5594300000000001, -2.5560800000000001]
tajectories: [[0.91926, 1.85064, -1.6, 1.51049, -1.28969, 1.55943, -2.55608], [0.89051, 1.68917, -1.36899, 1.64446, -1.09043, 1.30767, -2.3354], [0.86176, 1.5277, -1.13798, 1.77842, -0.89117, 1.0559, -2.11472], [0.83301, 1.36623, -0.90697, 1.91239, -0.69191, 0.80414, -1.89404], [0.80427, 1.20476, -0.67596, 2.04635, -0.49264, 0.55238, -1.67337], [0.77552, 1.04329, -0.44495, 2.18031, -0.29338, 0.30061, -1.45269], [0.74677, 0.88182, -0.21394, 2.31428, -0.09412, 0.04885, -1.23201], [0.73015, 0.78845, -0.08035, 2.39174, 0.02111, -0.09674, -1.1044], [1.02514, 0.81465, -0.29193, 2.33448, -0.07504, 0.02739, -0.80508], [1.32012, 0.84086, -0.50352, 2.27721, -0.1712, 0.15152, -0.50576], [1.61511, 0.86707, -0.7151, 2.21995, -0.26735, 0.27565, -0.20643], [1.9101, 0.89327, -0.92668, 2.16268, -0.36351, 0.39978, 0.09289], [2.20509, 0.91948, -1.13827, 2.10542, -0.45966, 0.52391, 0.39222], [2.45199, 0.94142, -1.31535, 2.05749, -0.54014, 0.62781, 0.64274], [2.32053, 0.97018, -1.54608, 1.65194, -0.43803, 0.57611, 0.60969], [2.18907, 0.99895, -1.77681, 1.2464, -0.33592, 0.52441, 0.57664], [2.05761, 1.02771, -2.00753, 0.84086, -0.23382, 0.47271, 0.54359], [1.92615, 1.05647, -2.23826, 0.43531, -0.13171, 0.42101, 0.51053], [1.80783, 1.08237, -2.44592, 0.07029, -0.03981, 0.37447, 0.48079], [1.61308, 0.92054, -2.39616, 0.32824, 0.1609, 0.36433, 0.75735], [1.41833, 0.75872, -2.34639, 0.58618, 0.3616, 0.35419, 1.03392], [1.22358, 0.59689, -2.29662, 0.84412, 0.56231, 0.34404, 1.31049], [1.02882, 0.43507, -2.24686, 1.10206, 0.76301, 0.3339, 1.58705], [0.8866, 0.31689, -2.21052, 1.29043, 0.90958, 0.32649, 1.78902], [1.07962, 0.13886, -2.13069, 1.21211, 0.63422, 0.12807, 1.55804], [1.27263, -0.03916, -2.05086, 1.13379, 0.35886, -0.07034, 1.32705], [1.46564, -0.21719, -1.97103, 1.05548, 0.0835, -0.26876, 1.09606], [1.65865, -0.39522, -1.89121, 0.97716, -0.19186, -0.46717, 0.86507], [1.85167, -0.57324, -1.81138, 0.89885, -0.46722, -0.66559, 0.63408], [2.04468, -0.75127, -1.73155, 0.82053, -0.74257, -0.864, 0.40309], [2.23769, -0.9293, -1.65172, 0.74221, -1.01793, -1.06242, 0.1721]]
end: [2.3627500000000001, -1.0446500000000001, -1.6000000000000001, 0.69147000000000003, -1.19635, -1.1909799999999999, 0.022440000000000002]
