obtacles: [[[0.6, 0.5, -1.0], [0.9, 0.6, 1.0]], [[0.6, -0.6, -1.0], [0.9, -0.5, 1.0]], [[0.6, -0.6, 0.9], [0.9, 0.6, 1.0]], [[0.6, -0.6, -1.0], [0.9, 0.6, -0.9]], [[0.6, -0.6, 0.3], [0.9, 0.6, 0.4]], [[0.6, -0.6, -0.6], [0.9, 0.6, -0.5]], [[0.6, 0.0, 0.4], [0.9, 0.1, 1.0]], [[0.6, 0.0, -0.6], [0.9, 0.1, 0.4]], [[0.6, -0.2, -1.0], [0.9, -0.1, -0.5]]]
start: [-0.42695, 1.9443900000000001, 1.8500000000000001, 0.96262000000000003, 1.10836, 1.5687500000000001, 2.65951]
tajectories: [[-0.42695, 1.94439, 1.85, 0.96262, 1.10836, 1.56875, 2.65951], [-0.66396, 1.84624, 1.6952, 1.17622, 0.95636, 1.30993, 2.50296], [-0.90097, 1.74808, 1.54039, 1.38983, 0.80436, 1.0511, 2.34641], [-1.13798, 1.64993, 1.38559, 1.60343, 0.65235, 0.79228, 2.18987], [-1.37498, 1.55177, 1.23079, 1.81704, 0.50035, 0.53345, 2.03332], [-1.61199, 1.45362, 1.07598, 2.03064, 0.34835, 0.27463, 1.87677], [-1.849, 1.35546, 0.92118, 2.24424, 0.19634, 0.0158, 1.72022], [-2.08601, 1.25731, 0.76638, 2.45785, 0.04434, -0.24302, 1.56368], [-2.32302, 1.15916, 0.61157, 2.67145, -0.10766, -0.50185, 1.40713], [-2.51849, 1.0782, 0.4839, 2.84762, -0.23303, -0.71531, 1.27802], [-2.26292, 1.01853, 0.79224, 2.82312, -0.34676, -0.72712, 1.009], [-2.00735, 0.95885, 1.10058, 2.79863, -0.4605, -0.73892, 0.73997], [-1.75178, 0.89917, 1.40892, 2.77413, -0.57423, -0.75072, 0.47095], [-1.61529, 0.8673, 1.57359, 2.76105, -0.63497, -0.75703, 0.32728], [-1.25871, 0.83996, 1.71444, 2.60242, -0.74351, -0.50843, 0.268], [-0.90212, 0.81262, 1.85529, 2.44379, -0.85205, -0.25982, 0.20872], [-0.54553, 0.78529, 1.99614, 2.28516, -0.96058, -0.01122, 0.14945], [-0.20407, 0.75911, 2.13101, 2.13326, -1.06452, 0.22684, 0.09268], [-0.14048, 0.79914, 2.06804, 1.8744, -1.07896, -0.05484, -0.21363], [-0.07689, 0.83918, 2.00506, 1.61555, -1.0934, -0.33653, -0.51994], [-0.0133, 0.87922, 1.94209, 1.3567, -1.10784, -0.61822, -0.82626], [0.05028, 0.91926, 1.87911, 1.09784, -1.12228, -0.8999, -1.13257]]
end: [0.079680000000000001, 0.93776999999999999, 1.8500000000000001, 0.97819, -1.1289499999999999, -1.0301100000000001, -1.27416]
obtacles: [[[0.6, 0.5, -1.0], [0.9, 0.6, 1.0]], [[0.6, -0.6, -1.0], [0.9, -0.5, 1.0]], [[0.6, -0.6, 0.9], [0.9, 0.6, 1.0]], [[0.6, -0.6, -1.0], [0.9, 0.6, -0.9]], [[0.6, -0.6, 0.3], [0.9, 0.6, 0.4]], [[0.6, -0.6, -0.6], [0.9, 0.6, -0.5]], [[0.6, 0.0, 0.4], [0.9, 0.1, 1.0]], [[0.6, 0.0, -0.6], [0.9, 0.1, 0.4]], [[0.6, -0.2, -1.0], [0.9, -0.1, -0.5]]]
start: [-0.53007000000000004, 1.9528700000000001, 1.8500000000000001, 1.01335, -2.0395500000000002, -1.55104, -0.42421999999999999]
tajectories: [[-0.53007, 1.95287, 1.85, 1.01335, -2.03955, -1.55104, -0.42422], [-0.73019, 1.90849, 1.79974, 1.24691, -1.69822, -1.41228, -0.54731], [-0.9303, 1.8641, 1.74948, 1.48047, -1.35689, -1.27353, -0.6704], [-1.13041, 1.81972, 1.69922, 1.71402, -1.01556, -1.13478, -0.79349], [-1.33052, 1.77533, 1.64896, 1.94758, -0.67423, -0.99603, -0.91658], [-1.42636, 1.75407, 1.62489, 2.05944, -0.51076, -0.92958, -0.97553], [-1.44448, 1.52609, 1.46081, 2.15787, -0.59043, -0.97465, -0.58476], [-1.46259, 1.2981, 1.29673, 2.2563, -0.6701, -1.01973, -0.19398], [-1.48071, 1.07012, 1.13265, 2.35473, -0.74977, -1.0648, 0.1968], [-1.49883, 0.84213, 0.96858, 2.45316, -0.82944, -1.10987, 0.58757], [-1.51694, 0.61415, 0.8045, 2.55159, -0.90911, -1.15494, 0.97835], [-1.5261, 0.49894, 0.72159, 2.60133, -0.94937, -1.17772, 1.17582], [-1.54199, 0.64305, 1.0764, 2.38413, -0.88166, -1.10118, 1.38905], [-1.55788, 0.78716, 1.43121, 2.16692, -0.81396, -1.02464, 1.60228], [-1.57377, 0.93127, 1.78602, 1.94972, -0.74625, -0.9481, 1.81551], [-1.58967, 1.07539, 2.14083, 1.73251, -0.67855, -0.87156, 2.02874], [-1.60556, 1.2195, 2.49565, 1.51531, -0.61084, -0.79502, 2.24197], [-1.61078, 1.26681, 2.61214, 1.44399, -0.58861, -0.76989, 2.31198], [-1.41203, 1.19827, 2.49631, 1.28032, -0.72519, -0.77127, 1.92865], [-1.21328, 1.12972, 2.38048, 1.11665, -0.86177, -0.77264, 1.54532], [-1.01453, 1.06118, 2.26465, 0.95298, -0.99835, -0.77401, 1.16199], [-0.81578, 0.99263, 2.14882, 0.78931, -1.13493, -0.77539, 0.77867], [-0.61703, 0.92409, 2.033, 0.62564, -1.27151, -0.77676, 0.39534], [-0.41828, 0.85555, 1.91717, 0.46197, -1.40809, -0.77813, 0.01201]]
end: [-0.30302000000000001, 0.81579999999999997, 1.8500000000000001, 0.36706, -1.48729, -0.77893000000000001, -0.21027999999999999]
obtacles: [[[0.6, 0.5, -1.0], [0.9, 0.6, 1.0]], [[0.6, -0.6, -1.0], [0.9, -0.5, 1.0]], [[0.6, -0.6, 0.9], [0.9, 0.6, 1.0]], [[0.6, -0.6, -1.0], [0.9, 0.6, -0.9]], [[0.6, -0.6, 0.3], [0.9, 0.6, 0.4]], [[0.6, -0.6, -0.6], [0.9, 0.6, -0.5]], [[0.6, 0.0, 0.4], [0.9, 0.1, 1.0]], [[0.6, 0.0, -0.6], [0.9, 0.1, 0.4]], [[0.6, -0.2, -1.0], [0.9, -0.1, -0.5]]]
start: [-2.2570199999999998, -1.84382, 1.55, 1.6381600000000001, -1.2996000000000001, 1.5326599999999999, -2.3960699999999999]
tajectories: [[-2.25702, -1.84382, 1.55, 1.63816, -1.2996, 1.53266, -2.39607], [-2.08264, -1.68851, 1.59438, 1.83271, -1.3901, 1.27236, -2.11375], [-1.90825, -1.5332, 1.63877, 2.02726, -1.4806, 1.01207, -1.83143], [-1.73387, -1.37789, 1.68315, 2.22182, -1.5711, 0.75177, -1.54911], [-1.55948, -1.22257, 1.72754, 2.41637, -1.6616, 0.49148, -1.2668], [-1.3851, -1.06726, 1.77192, 2.61092, -1.7521, 0.23119, -0.98448], [-1.27167, -0.96624, 1.80079, 2.73747, -1.81096, 0.06188, -0.80085], [-1.30379, -0.841, 2.04746, 2.68015, -1.84552, -0.22109, -0.50438], [-1.33591, -0.71576, 2.29412, 2.62283, -1.88008, -0.50405, -0.20792], [-1.35606, -0.63719, 2.44887, 2.58687, -1.90176, -0.68157, -0.02194], [-1.40048, -0.3022, 2.32652, 2.41665, -1.72282, -0.90333, 0.08132], [-1.4449, 0.03279, 2.20417, 2.24642, -1.54387, -1.12509, 0.18458], [-1.48932, 0.36778, 2.08182, 2.0762, -1.36492, -1.34685, 0.28785], [-1.53318, 0.69853, 1.96102, 1.90814, -1.18824, -1.5658, 0.3898], [-1.29434, 0.75247, 1.84913, 1.52729, -1.18701, -1.41279, 0.29456], [-1.05551, 0.8064, 1.73724, 1.14643, -1.18577, -1.25979, 0.19931], [-0.81668, 0.86034, 1.62535, 0.76558, -1.18453, -1.10679, 0.10407]]
end: [-0.65583999999999998, 0.89666000000000001, 1.55, 0.50909000000000004, -1.1836899999999999, -1.0037499999999999, 0.03993]
obtacles: [[[0.6, 0.5, -1.0], [0.9, 0.6, 1.0]], [[0.6, -0.6, -1.0], [0.9, -0.5, 1.0]], [[0.6, -0.6, 0.9], [0.9, 0.6, 1.0]], [[0.6, -0.6, -1.0], [0.9, 0.6, -0.9]], [[0.6, -0.6, 0.3], [0.9, 0.6, 0.4]], [[0.6, -0.6, -0.6], [0.9, 0.6, -0.5]], [[0.6, 0.0, 0.4], [0.9, 0.1, 1.0]], [[0.6, 0.0, -0.6], [0.9, 0.1, 0.4]], [[0.6, -0.2, -1.0], [0.9, -0.1, -0.5]]]
start: [-1.0851900000000001, 1.9512400000000001, 1.7, 1.6870499999999999, -1.9387399999999999, -1.4081900000000001, -0.54661999999999999]
tajectories: [[-1.08519, 1.95124, 1.7, 1.68705, -1.93874, -1.40819, -0.54662], [-1.27388, 1.86838, 1.86516, 2.00826, -2.15273, -1.29192, -0.41334], [-1.46258, 1.78553, 2.03033, 2.32947, -2.36672, -1.17566, -0.28007], [-1.65127, 1.70267, 2.19549, 2.65068, -2.58072, -1.0594, -0.14679], [-1.75625, 1.65657, 2.28739, 2.8294, -2.69978, -0.99471, -0.07264], [-1.58487, 1.29793, 2.30172, 2.77291, -2.56824, -0.89183, -0.31905], [-1.41349, 0.93929, 2.31605, 2.71643, -2.43669, -0.78896, -0.56547], [-1.24211, 0.58064, 2.33038, 2.65994, -2.30515, -0.68608, -0.81188], [-1.07073, 0.222, 2.34471, 2.60346, -2.1736, -0.58321, -1.0583], [-0.91787, -0.09787, 2.35749, 2.55308, -2.05628, -0.49145, -1.27807], [-0.92957, -0.1811, 2.24336, 2.47476, -1.86465, -0.37007, -1.69319], [-0.94126, -0.26433, 2.12924, 2.39644, -1.67303, -0.2487, -2.10831], [-0.95155, -0.33762, 2.02875, 2.32748, -1.5043, -0.14182, -2.47383], [-1.20999, -0.40329, 1.96419, 2.10423, -1.69139, 0.15174, -2.53468], [-1.46844, -0.46896, 1.89964, 1.88098, -1.87849, 0.44531, -2.59552], [-1.72688, -0.53462, 1.83508, 1.65773, -2.06558, 0.73888, -2.65637], [-1.98532, -0.60029, 1.77053, 1.43449, -2.25268, 1.03244, -2.71722], [-2.24377, -0.66596, 1.70597, 1.21124, -2.43977, 1.32601, -2.77807]]
end: [-2.2676699999999999, -0.67203000000000002, 1.7, 1.1906000000000001, -2.4570699999999999, 1.3531599999999999, -2.78369]
obtacles: [[[0.6, 0.5, -1.0], [0.9, 0.6, 1.0]], [[0.6, -0.6, -1.0], [0.9, -0.5, 1.0]], [[0.6, -0.6, 0.9], [0.9, 0.6, 1.0]], [[0.6, -0.6, -1.0], [0.9, 0.6, -0.9]], [[0.6, -0.6, 0.3], [0.9, 0.6, 0.4]], [[0.6, -0.6, -0.6], [0.9, 0.6, -0.5]], [[0.6, 0.0, 0.4], [0.9, 0.1, 1.0]], [[0.6, 0.0, -0.6], [0.9, 0.1, 0.4]], [[0.6, -0.2, -1.0], [0.9, -0.1, -0.5]]]
start: [-2.0016699999999998, -1.6131, 1.55, 1.7418199999999999, -1.53264, 1.54312, -2.54067]
tajectories: [[-2.00167, -1.6131, 1.55, 1.74182, -1.53264, 1.54312, -2.54067], [-1.94366, -1.58304, 1.68301, 1.82401, -1.30206, 1.18654, -2.33827], [-1.88566, -1.55298, 1.81603, 1.9062, -1.07148, 0.82995, -2.13587], [-1.82766, -1.52292, 1.94904, 1.98838, -0.8409, 0.47337, -1.93347], [-1.76965, -1.49286, 2.08205, 2.07057, -0.61032, 0.11678, -1.73108], [-1.71165, -1.4628, 2.21506, 2.15276, -0.37974, -0.2398, -1.52868], [-1.65365, -1.43274, 2.34808, 2.23495, -0.14916, -0.59639, -1.32628], [-1.64864, -1.43014, 2.35955, 2.24204, -0.12926, -0.62716, -1.30882], [-1.40447, -1.60778, 2.04193, 2.10649, -0.24355, -0.7237, -1.17772], [-1.1603, -1.78542, 1.7243, 1.97094, -0.35784, -0.82024, -1.04662], [-1.1079, -1.82355, 1.65613, 1.94185, -0.38237, -0.84096, -1.01849], [-1.18996, -1.53746, 1.3949, 1.68843, -0.41039, -0.84177, -0.85065], [-1.27202, -1.25136, 1.13368, 1.435, -0.43841, -0.84257, -0.68281], [-1.35408, -0.96527, 0.87245, 1.18158, -0.46643, -0.84338, -0.51498], [-1.43614, -0.67917, 0.61123, 0.92816, -0.49445, -0.84419, -0.34714], [-1.51821, -0.39308, 0.35, 0.67474, -0.52247, -0.84499, -0.17931], [-1.54201, -0.3101, 0.27423, 0.60124, -0.5306, -0.84523, -0.13063], [-1.74556, -0.20252, 0.57546, 0.83807, -0.72502, -0.93951, -0.18964], [-1.94911, -0.09494, 0.87668, 1.0749, -0.91944, -1.03379, -0.24865], [-2.15266, 0.01264, 1.1779, 1.31173, -1.11387, -1.12808, -0.30766], [-2.34839, 0.11608, 1.46754, 1.53945, -1.30082, -1.21873, -0.3644], [-1.94307, 0.32346, 1.49089, 1.37203, -1.19907, -1.21023, -0.30345], [-1.53776, 0.53084, 1.51424, 1.20462, -1.09732, -1.20173, -0.2425], [-1.13244, 0.73822, 1.53758, 1.0372, -0.99557, -1.19322, -0.18155]]
end: [-0.91691999999999996, 0.84848999999999997, 1.55, 0.94818000000000002, -0.94145999999999996, -1.1887000000000001, -0.14913999999999999]
obtacles: [[[0.6, 0.5, -1.0], [0.9, 0.6, 1.0]], [[0.6, -0.6, -1.0], [0.9, -0.5, 1.0]], [[0.6, -0.6, 0.9], [0.9, 0.6, 1.0]], [[0.6, -0.6, -1.0], [0.9, 0.6, -0.9]], [[0.6, -0.6, 0.3], [0.9, 0.6, 0.4]], [[0.6, -0.6, -0.6], [0.9, 0.6, -0.5]], [[0.6, 0.0, 0.4], [0.9, 0.1, 1.0]], [[0.6, 0.0, -0.6], [0.9, 0.1, 0.4]], [[0.6, -0.2, -1.0], [0.9, -0.1, -0.5]]]
start: [-0.16255, 0.86473999999999995, 2.25, -0.54156000000000004, -2.4694699999999998, -1.25603, 0.59797999999999996]
tajectories: [[-0.16255, 0.86474, 2.25, -0.54156, -2.46947, -1.25603, 0.59798], [-0.23643, 0.89017, 2.21802, -0.35844, -2.49971, -1.223, 1.05332], [-0.31031, 0.9156, 2.18605, -0.17533, -2.52996, -1.18997, 1.50866], [-0.38419, 0.94103, 2.15407, 0.00779, -2.56021, -1.15694, 1.964], [-0.45807, 0.96645, 2.12209, 0.19091, -2.59046, -1.12391, 2.41934], [-0.50591, 0.98291, 2.10139, 0.30946, -2.61004, -1.10252, 2.71413], [-0.48214, 0.94903, 2.29051, 0.32383, -2.43335, -1.22967, 2.30802], [-0.45838, 0.91514, 2.47964, 0.3382, -2.25666, -1.35681, 1.90191], [-0.43462, 0.88125, 2.66876, 0.35258, -2.07997, -1.48396, 1.4958], [-0.42975, 0.87431, 2.70751, 0.35552, -2.04377, -1.51001, 1.4126], [-0.15275, 0.56749, 2.49284, 0.35163, -1.92128, -1.49302, 1.27941], [0.12426, 0.26067, 2.27817, 0.34774, -1.79879, -1.47604, 1.14622], [0.40126, -0.04616, 2.0635, 0.34384, -1.6763, -1.45905, 1.01304], [0.67827, -0.35298, 1.84884, 0.33995, -1.55381, -1.44206, 0.87985], [0.84099, -0.53321, 1.72273, 0.33766, -1.48186, -1.43208, 0.80162], [0.64399, -0.6918, 1.62112, 0.66228, -1.63737, -1.2509, 0.68616], [0.44699, -0.85039, 1.51951, 0.9869, -1.79288, -1.06971, 0.57071], [0.24998, -1.00898, 1.4179, 1.31151, -1.94838, -0.88853, 0.45526], [0.05298, -1.16756, 1.31629, 1.63613, -2.10389, -0.70735, 0.33981], [-0.11732, -1.30466, 1.22845, 1.91676, -2.23832, -0.55071, 0.24], [-0.36134, -1.4108, 1.38204, 1.98722, -2.37352, -0.70028, -0.09164], [-0.60536, -1.51694, 1.53562, 2.05769, -2.50871, -0.84985, -0.42328], [-0.84938, -1.62309, 1.68921, 2.12815, -2.6439, -0.99942, -0.75492], [-1.0934, -1.72923, 1.8428, 2.19862, -2.77909, -1.14899, -1.08656], [-1.23322, -1.79005, 1.9308, 2.23899, -2.85655, -1.23469, -1.27658], [-1.37757, -1.78604, 1.85718, 2.09462, -3.17678, -1.29873, -0.96636], [-1.52192, -1.78203, 1.78355, 1.95024, -3.49701, -1.36278, -0.65614], [-1.66627, -1.77802, 1.70993, 1.80587, -3.81724, -1.42682, -0.34593], [-1.81062, -1.77401, 1.63631, 1.6615, -4.13747, -1.49087, -0.03571], [-1.95497, -1.77, 1.56268, 1.51712, -4.4577, -1.55491, 0.2745]]
end: [-1.97983, -1.7693099999999999, 1.55, 1.4922599999999999, -4.5128599999999999, -1.56595, 0.32794000000000001]
obtacles: [[[0.6, 0.5, -1.0], [0.9, 0.6, 1.0]], [[0.6, -0.6, -1.0], [0.9, -0.5, 1.0]], [[0.6, -0.6, 0.9], [0.9, 0.6, 1.0]], [[0.6, -0.6, -1.0], [0.9, 0.6, -0.9]], [[0.6, -0.6, 0.3], [0.9, 0.6, 0.4]], [[0.6, -0.6, -0.6], [0.9, 0.6, -0.5]], [[0.6, 0.0, 0.4], [0.9, 0.1, 1.0]], [[0.6, 0.0, -0.6], [0.9, 0.1, 0.4]], [[0.6, -0.2, -1.0], [0.9, -0.1, -0.5]]]
start: [-0.75421000000000005, 1.7629300000000001, 1.8, 1.4491799999999999, -1.79362, -1.37127, -0.65039000000000002]
tajectories: [[-0.75421, 1.76293, 1.8, 1.44918, -1.79362, -1.37127, -0.65039], [-0.89177, 1.67907, 1.70039, 1.82946, -1.55225, -1.39016, -0.75477], [-1.02933, 1.59522, 1.60078, 2.20974, -1.31088, -1.40906, -0.85915], [-1.16689, 1.51136, 1.50117, 2.59002, -1.06952, -1.42796, -0.96352], [-1.30123, 1.42947, 1.40389, 2.96138, -0.83381, -1.44641, -1.06545], [-1.23837, 1.00537, 1.33155, 2.91413, -0.84572, -1.44245, -1.30745], [-1.17551, 0.58127, 1.25921, 2.86688, -0.85764, -1.4385, -1.54945], [-1.11265, 0.15717, 1.18687, 2.81963, -0.86955, -1.43454, -1.79145], [-1.07165, -0.11941, 1.13969, 2.78882, -0.87732, -1.43196, -1.94928], [-0.84248, -0.17576, 1.25736, 2.49356, -1.07955, -1.28657, -1.77251], [-0.6133, -0.23211, 1.37502, 2.1983, -1.28178, -1.14119, -1.59574], [-0.38412, -0.28846, 1.49269, 1.90305, -1.48401, -0.99581, -1.41898], [-0.15494, -0.34481, 1.61036, 1.60779, -1.68624, -0.85042, -1.24221], [0.07423, -0.40116, 1.72803, 1.31253, -1.88847, -0.70504, -1.06544], [0.11801, -0.41192, 1.75051, 1.25614, -1.9271, -0.67727, -1.03168], [0.39387, -0.23515, 1.67682, 0.98995, -1.72867, -0.83946, -1.05786], [0.66973, -0.05838, 1.60314, 0.72375, -1.53024, -1.00165, -1.08403], [0.94559, 0.11839, 1.52946, 0.45756, -1.33181, -1.16383, -1.11021], [1.22145, 0.29517, 1.45577, 0.19136, -1.13338, -1.32602, -1.13639], [1.49731, 0.47194, 1.38209, -0.07483, -0.93495, -1.48821, -1.16257], [1.57041, 0.51878, 1.36256, -0.14537, -0.88237, -1.53119, -1.1695], [1.22967, 0.65195, 1.49378, 0.02451, -1.06518, -1.35095, -1.10481], [0.88894, 0.78512, 1.62499, 0.19438, -1.24799, -1.1707, -1.04012], [0.5482, 0.91828, 1.7562, 0.36426, -1.4308, -0.99046, -0.97543]]
end: [0.43446000000000001, 0.96274000000000004, 1.8, 0.42097000000000001, -1.49183, -0.93028999999999995, -0.95382999999999996]
obtacles: [[[0.6, 0.5, -1.0], [0.9, 0.6, 1.0]], [[0.6, -0.6, -1.0], [0.9, -0.5, 1.0]], [[0.6, -0.6, 0.9], [0.9, 0.6, 1.0]], [[0.6, -0.6, -1.0], [0.9, 0.6, -0.9]], [[0.6, -0.6, 0.3], [0.9, 0.6, 0.4]], [[0.6, -0.6, -0.6], [0.9, 0.6, -0.5]], [[0.6, 0.0, 0.4], [0.9, 0.1, 1.0]], [[0.6, 0.0, -0.6], [0.9, 0.1, 0.4]], [[0.6, -0.2, -1.0], [0.9, -0.1, -0.5]]]
start: [-2.4325999999999999, -1.7273799999999999, 1.3, 1.2580499999999999, -4.4756, -1.3659399999999999, 0.50322999999999996]
tajectories: [[-2.4326, -1.72738, 1.3, 1.25805, -4.4756, -1.36594, 0.50323], [-2.2048, -1.71805, 1.60261, 1.39005, -4.38243, -1.33326, 0.22167], [-1.97701, -1.70872, 1.90523, 1.52205, -4.28926, -1.30058, -0.05989], [-1.74921, -1.69938, 2.20784, 1.65405, -4.19609, -1.2679, -0.34144], [-1.55983, -1.69163, 2.45942, 1.76379, -4.11863, -1.24073, -0.57552], [-1.53228, -1.4664, 2.24507, 1.69055, -4.23568, -1.1048, -0.91468], [-1.50472, -1.24117, 2.03073, 1.61732, -4.35272, -0.96887, -1.25383], [-1.47717, -1.01594, 1.81638, 1.54408, -4.46977, -0.83294, -1.59299], [-1.44961, -0.79071, 1.60203, 1.47084, -4.58681, -0.69701, -1.93215], [-1.42205, -0.56548, 1.38769, 1.3976, -4.70386, -0.56108, -2.2713], [-1.40481, -0.42455, 1.25357, 1.35178, -4.77709, -0.47603, -2.48351], [-1.29638, -0.15236, 1.26308, 1.20086, -4.63922, -0.13753, -2.57123], [-1.18794, 0.11982, 1.27258, 1.04994, -4.50135, 0.20098, -2.65895], [-1.0795, 0.39201, 1.28209, 0.89902, -4.36348, 0.53948, -2.74667], [-0.97106, 0.6642, 1.29159, 0.7481, -4.2256, 0.87799, -2.83439]]
end: [-0.87517, 0.90488000000000002, 1.3, 0.61463999999999996, -4.1036900000000003, 1.1773100000000001, -2.9119600000000001]
obtacles: [[[0.6, 0.5, -1.0], [0.9, 0.6, 1.0]], [[0.6, -0.6, -1.0], [0.9, -0.5, 1.0]], [[0.6, -0.6, 0.9], [0.9, 0.6, 1.0]], [[0.6, -0.6, -1.0], [0.9, 0.6, -0.9]], [[0.6, -0.6, 0.3], [0.9, 0.6, 0.4]], [[0.6, -0.6, -0.6], [0.9, 0.6, -0.5]], [[0.6, 0.0, 0.4], [0.9, 0.1, 1.0]], [[0.6, 0.0, -0.6], [0.9, 0.1, 0.4]], [[0.6, -0.2, -1.0], [0.9, -0.1, -0.5]]]
start: [-2.33291, -1.8247500000000001, 1.3, 1.48864, -4.4289800000000001, -1.33108, 0.61082000000000003]
tajectories: [[-2.33291, -1.82475, 1.3, 1.48864, -4.42898, -1.33108, 0.61082], [-1.96082, -1.81669, 1.31149, 1.6947, -4.30217, -1.15455, 0.46368], [-1.58873, -1.80864, 1.32298, 1.90075, -4.17536, -0.97802, 0.31655], [-1.21664, -1.80059, 1.33447, 2.10681, -4.04855, -0.8015, 0.16941], [-0.84456, -1.79253, 1.34596, 2.31287, -3.92174, -0.62497, 0.02227], [-0.47247, -1.78448, 1.35745, 2.51893, -3.79493, -0.44844, -0.12486], [-0.10038, -1.77642, 1.36894, 2.72499, -3.66811, -0.27191, -0.272], [0.27171, -1.76837, 1.38043, 2.93105, -3.5413, -0.09538, -0.41914], [0.5223, -1.76295, 1.38817, 3.06982, -3.4559, 0.0235, -0.51823], [0.33957, -1.62251, 1.1772, 2.95591, -3.29816, 0.10923, -0.8456], [0.15683, -1.48208, 0.96624, 2.842, -3.14043, 0.19496, -1.17298], [-0.0259, -1.34165, 0.75527, 2.72809, -2.98269, 0.28068, -1.50035], [-0.20864, -1.20121, 0.54431, 2.61418, -2.82495, 0.36641, -1.82773], [-0.39137, -1.06078, 0.33334, 2.50027, -2.66722, 0.45214, -2.1551], [-0.57411, -0.92035, 0.12238, 2.38636, -2.50948, 0.53786, -2.48248], [-0.74484, -0.78914, -0.07473, 2.27993, -2.3621, 0.61796, -2.78835], [-0.75004, -0.53638, 0.13154, 2.02049, -2.626, 0.69532, -2.81297], [-0.75524, -0.28363, 0.3378, 1.76105, -2.8899, 0.77268, -2.8376], [-0.76044, -0.03087, 0.54407, 1.50162, -3.1538, 0.85004, -2.86222], [-0.76564, 0.22188, 0.75033, 1.24218, -3.4177, 0.9274, -2.88685], [-0.77084, 0.47464, 0.9566, 0.98274, -3.6816, 1.00476, -2.91147], [-0.77605, 0.7274, 1.16286, 0.7233, -3.9455, 1.08212, -2.93609]]
end: [-0.77949999999999997, 0.89544000000000001, 1.3, 0.55081000000000002, -4.1209499999999997, 1.1335599999999999, -2.9524699999999999]
obtacles: [[[0.6, 0.5, -1.0], [0.9, 0.6, 1.0]], [[0.6, -0.6, -1.0], [0.9, -0.5, 1.0]], [[0.6, -0.6, 0.9], [0.9, 0.6, 1.0]], [[0.6, -0.6, -1.0], [0.9, 0.6, -0.9]], [[0.6, -0.6, 0.3], [0.9, 0.6, 0.4]], [[0.6, -0.6, -0.6], [0.9, 0.6, -0.5]], [[0.6, 0.0, 0.4], [0.9, 0.1, 1.0]], [[0.6, 0.0, -0.6], [0.9, 0.1, 0.4]], [[0.6, -0.2, -1.0], [0.9, -0.1, -0.5]]]
start: [-2.2432599999999998, -1.95617, 1.25, 0.92595000000000005, -4.2162100000000002, -1.5632299999999999, -0.037409999999999999]
tajectories: [[-2.24326, -1.95617, 1.25, 0.92595, -4.21621, -1.56323, -0.03741], [-2.16972, -1.8784, 1.42543, 1.20392, -4.1819, -1.23286, 0.10466], [-2.09617, -1.80062, 1.60085, 1.4819, -4.14759, -0.9025, 0.24672], [-2.02263, -1.72284, 1.77628, 1.75987, -4.11329, -0.57214, 0.38879], [-1.94908, -1.64506, 1.9517, 2.03784, -4.07898, -0.24178, 0.53086], [-1.87554, -1.56728, 2.12713, 2.31582, -4.04467, 0.08858, 0.67293], [-1.85827, -1.54902, 2.1683, 2.38106, -4.03662, 0.16612, 0.70627], [-1.65897, -1.23534, 2.10933, 2.40211, -3.96338, 0.21402, 1.02298], [-1.45967, -0.92166, 2.05035, 2.42316, -3.89014, 0.26191, 1.33968], [-1.40572, -0.83676, 2.03438, 2.42885, -3.87031, 0.27488, 1.4254], [-1.47017, -0.49374, 1.86943, 2.44116, -3.83004, 0.58942, 1.44172], [-1.53462, -0.15073, 1.70448, 2.45348, -3.78976, 0.90397, 1.45805], [-1.58964, 0.14205, 1.56369, 2.46398, -3.75539, 1.17244, 1.47198], [-1.36134, 0.35223, 1.57432, 2.20232, -3.82745, 1.28237, 1.73245], [-1.13305, 0.56241, 1.58494, 1.94066, -3.89952, 1.3923, 1.99292], [-0.90476, 0.7726, 1.59557, 1.67899, -3.97159, 1.50223, 2.2534]]
end: [-0.80957000000000001, 0.86024, 1.6000000000000001, 1.56989, -4.0016299999999996, 1.5480700000000001, 2.3620000000000001]
obtacles: [[[0.6, 0.5, -1.0], [0.9, 0.6, 1.0]], [[0.6, -0.6, -1.0], [0.9, -0.5, 1.0]], [[0.6, -0.6, 0.9], [0.9, 0.6, 1.0]], [[0.6, -0.6, -1.0], [0.9, 0.6, -0.9]], [[0.6, -0.6, 0.3], [0.9, 0.6, 0.4]], [[0.6, -0.6, -0.6], [0.9, 0.6, -0.5]], [[0.6, 0.0, 0.4], [0.9, 0.1, 1.0]], [[0.6, 0.0, -0.6], [0.9, 0.1, 0.4]], [[0.6, -0.2, -1.0], [0.9, -0.1, -0.5]]]
start: [-2.1019100000000002, -1.8249599999999999, 1.55, 1.5518400000000001, -4.4578499999999996, -1.5554399999999999, 0.50753999999999999]
tajectories: [[-2.10191, -1.82496, 1.55, 1.55184, -4.45785, -1.55544, 0.50754], [-1.80493, -1.65503, 1.61944, 1.65462, -4.36184, -1.53799, 0.17888], [-1.50795, -1.48511, 1.68888, 1.75739, -4.26583, -1.52053, -0.14979], [-1.21097, -1.31518, 1.75833, 1.86017, -4.16982, -1.50308, -0.47845], [-0.91399, -1.14526, 1.82777, 1.96294, -4.0738, -1.48563, -0.80712], [-0.61701, -0.97533, 1.89721, 2.06572, -3.97779, -1.46818, -1.13578], [-0.32003, -0.80541, 1.96665, 2.16849, -3.88178, -1.45072, -1.46444], [-0.22958, -0.75366, 1.9878, 2.19979, -3.85254, -1.44541, -1.56453], [-0.35949, -0.71217, 1.89977, 2.03511, -3.44182, -1.29806, -1.48626], [-0.48939, -0.67067, 1.81175, 1.87043, -3.03109, -1.15071, -1.40798], [-0.61929, -0.62918, 1.72372, 1.70575, -2.62037, -1.00336, -1.32971], [-0.70812, -0.60081, 1.66353, 1.59314, -2.3395, -0.90259, -1.27618], [-1.06868, -0.41207, 1.74648, 1.59702, -2.29088, -1.05221, -1.04654], [-1.42923, -0.22334, 1.82944, 1.60091, -2.24227, -1.20182, -0.8169], [-1.78979, -0.0346, 1.91239, 1.60479, -2.19365, -1.35144, -0.58726], [-2.15034, 0.15413, 1.99534, 1.60868, -2.14503, -1.50106, -0.35761], [-2.17622, 0.16768, 2.0013, 1.60896, -2.14154, -1.51179, -0.34113], [-1.88583, 0.3242, 1.80552, 1.47314, -1.85885, -1.51873, -0.27456], [-1.59544, 0.48072, 1.60974, 1.33732, -1.57615, -1.52567, -0.20798], [-1.30505, 0.63725, 1.41396, 1.2015, -1.29346, -1.53261, -0.14141], [-1.01466, 0.79377, 1.21818, 1.06568, -1.01076, -1.53955, -0.07483]]
end: [-0.76520999999999995, 0.92822000000000005, 1.05, 0.94901000000000002, -0.76792000000000005, -1.5455099999999999, -0.017639999999999999]
obtacles: [[[0.6, 0.5, -1.0], [0.9, 0.6, 1.0]], [[0.6, -0.6, -1.0], [0.9, -0.5, 1.0]], [[0.6, -0.6, 0.9], [0.9, 0.6, 1.0]], [[0.6, -0.6, -1.0], [0.9, 0.6, -0.9]], [[0.6, -0.6, 0.3], [0.9, 0.6, 0.4]], [[0.6, -0.6, -0.6], [0.9, 0.6, -0.5]], [[0.6, 0.0, 0.4], [0.9, 0.1, 1.0]], [[0.6, 0.0, -0.6], [0.9, 0.1, 0.4]], [[0.6, -0.2, -1.0], [0.9, -0.1, -0.5]]]
start: [-2.1717300000000002, -1.9561299999999999, 1.1000000000000001, 1.4970000000000001, -1.1140399999999999, 1.16856, -2.80267]
tajectories: [[-2.17173, -1.95613, 1.1, 1.497, -1.11404, 1.16856, -2.80267], [-1.96025, -1.9148, 1.31097, 1.87588, -1.10995, 1.25365, -2.7118], [-1.74877, -1.87346, 1.52195, 2.25475, -1.10586, 1.33874, -2.62093], [-1.5373, -1.83213, 1.73292, 2.63362, -1.10177, 1.42382, -2.53006], [-1.48165, -1.82125, 1.78844, 2.73333, -1.10069, 1.44622, -2.50614], [-1.32458, -1.55451, 1.64663, 2.60123, -1.15515, 1.10919, -2.49786], [-1.16752, -1.28777, 1.50481, 2.46914, -1.20961, 0.77217, -2.48958], [-1.01046, -1.02102, 1.363, 2.33705, -1.26406, 0.43514, -2.48131], [-0.92664, -0.87866, 1.28732, 2.26655, -1.29313, 0.25527, -2.47689], [-1.0481, -0.83141, 1.31938, 2.35698, -1.10609, 0.01205, -2.11679], [-1.16956, -0.78417, 1.35144, 2.44741, -0.91905, -0.23116, -1.75669], [-1.29102, -0.73692, 1.38351, 2.53785, -0.73201, -0.47438, -1.3966], [-1.33984, -0.71793, 1.39639, 2.57419, -0.65683, -0.57214, -1.25187], [-1.24461, -0.43645, 1.1486, 2.35868, -0.59005, -0.6725, -1.05357], [-1.14937, -0.15497, 0.9008, 2.14317, -0.52327, -0.77286, -0.85528], [-1.05414, 0.1265, 0.653, 1.92766, -0.45648, -0.87322, -0.65699], [-0.97512, 0.36006, 0.44739, 1.74884, -0.40107, -0.95649, -0.49246], [-0.86451, 0.53862, 0.5078, 1.38991, -0.43805, -1.09376, -0.26182], [-0.7539, 0.71718, 0.56821, 1.03098, -0.47504, -1.23103, -0.03119], [-0.6433, 0.89573, 0.62863, 0.67205, -0.51203, -1.3683, 0.19945]]
end: [-0.60416000000000003, 0.95891000000000004, 0.65000000000000002, 0.54505999999999999, -0.52510999999999997, -1.4168700000000001, 0.28104000000000001]
obtacles: [[[0.6, 0.5, -1.0], [0.9, 0.6, 1.0]], [[0.6, -0.6, -1.0], [0.9, -0.5, 1.0]], [[0.6, -0.6, 0.9], [0.9, 0.6, 1.0]], [[0.6, -0.6, -1.0], [0.9, 0.6, -0.9]], [[0.6, -0.6, 0.3], [0.9, 0.6, 0.4]], [[0.6, -0.6, -0.6], [0.9, 0.6, -0.5]], [[0.6, 0.0, 0.4], [0.9, 0.1, 1.0]], [[0.6, 0.0, -0.6], [0.9, 0.1, 0.4]], [[0.6, -0.2, -1.0], [0.9, -0.1, -0.5]]]
start: [0.94762000000000002, 1.7388300000000001, -1.6000000000000001, 1.67476, -1.4065300000000001, 1.5247900000000001, -2.4207000000000001]
tajectories: [[0.94762, 1.73883, -1.6, 1.67476, -1.40653, 1.52479, -2.4207], [1.17389, 1.49585, -1.37808, 1.8875, -1.40358, 1.3121, -2.41771], [1.40016, 1.25287, -1.15615, 2.10023, -1.40062, 1.09941, -2.41471], [1.62643, 1.00989, -0.93423, 2.31297, -1.39767, 0.88671, -2.41171], [1.85269, 0.76691, -0.71231, 2.52571, -1.39471, 0.67402, -2.40872], [2.07896, 0.52393, -0.49039, 2.73845, -1.39176, 0.46133, -2.40572], [2.21049, 0.38268, -0.36139, 2.86211, -1.39004, 0.33769, -2.40398], [2.05895, 0.2031, -0.68708, 2.76365, -1.29566, 0.09191, -2.50245], [1.90742, 0.02351, -1.01278, 2.66519, -1.20128, -0.15388, -2.60091], [1.75588, -0.15608, -1.33848, 2.56673, -1.1069, -0.39966, -2.69938], [1.67299, -0.25431, -1.51663, 2.51288, -1.05527, -0.5341, -2.75324], [1.41774, -0.09841, -1.69811, 2.43492, -1.33065, -0.32584, -2.80142], [1.16248, 0.05749, -1.8796, 2.35696, -1.60602, -0.11759, -2.8496], [0.90722, 0.21339, -2.06108, 2.279, -1.8814, 0.09067, -2.89778], [0.65197, 0.36929, -2.24257, 2.20104, -2.15678, 0.29892, -2.94596], [0.57296, 0.41754, -2.29874, 2.17691, -2.24201, 0.36338, -2.96088], [0.39418, 0.5227, -2.13858, 1.83336, -2.19441, 0.51679, -2.76723], [0.2154, 0.62786, -1.97843, 1.4898, -2.14681, 0.67021, -2.57358], [0.03662, 0.73302, -1.81828, 1.14624, -2.09922, 0.82362, -2.37993], [-0.14216, 0.83818, -1.65812, 0.80269, -2.05162, 0.97703, -2.18629]]
end: [-0.20704, 0.87634000000000001, -1.6000000000000001, 0.67801, -2.0343399999999998, 1.03271, -2.1160100000000002]
obtacles: [[[0.6, 0.5, -1.0], [0.9, 0.6, 1.0]], [[0.6, -0.6, -1.0], [0.9, -0.5, 1.0]], [[0.6, -0.6, 0.9], [0.9, 0.6, 1.0]], [[0.6, -0.6, -1.0], [0.9, 0.6, -0.9]], [[0.6, -0.6, 0.3], [0.9, 0.6, 0.4]], [[0.6, -0.6, -0.6], [0.9, 0.6, -0.5]], [[0.6, 0.0, 0.4], [0.9, 0.1, 1.0]], [[0.6, 0.0, -0.6], [0.9, 0.1, 0.4]], [[0.6, -0.2, -1.0], [0.9, -0.1, -0.5]]]
start: [2.1693099999999998, -1.8550199999999999, -1.55, 1.68137, -1.85131, -1.51999, -0.69894000000000001]
tajectories: [[2.16931, -1.85502, -1.55, 1.68137, -1.85131, -1.51999, -0.69894], [1.79856, -1.7764, -1.42409, 1.78958, -2.13153, -1.51394, -0.68344], [1.42781, -1.69778, -1.29818, 1.89779, -2.41175, -1.5079, -0.66794], [1.05706, -1.61917, -1.17227, 2.00599, -2.69197, -1.50185, -0.65244], [0.6863, -1.54055, -1.04636, 2.1142, -2.97219, -1.4958, -0.63694], [0.31555, -1.46193, -0.92045, 2.22241, -3.25241, -1.48975, -0.62144], [-0.0552, -1.38331, -0.79454, 2.33062, -3.53263, -1.4837, -0.60593], [-0.29304, -1.33288, -0.71377, 2.40003, -3.71239, -1.47982, -0.59599], [-0.29718, -1.16497, -0.5143, 2.26694, -3.38522, -1.26807, -0.70736], [-0.30133, -0.99705, -0.31482, 2.13386, -3.05805, -1.05631, -0.81874], [-0.30547, -0.82914, -0.11535, 2.00077, -2.73088, -0.84456, -0.93011], [-0.30962, -0.66122, 0.08413, 1.86768, -2.4037, -0.63281, -1.04149], [-0.31376, -0.49331, 0.2836, 1.7346, -2.07653, -0.42105, -1.15286], [-0.31791, -0.32539, 0.48308, 1.60151, -1.74936, -0.2093, -1.26424], [-0.32205, -0.15748, 0.68255, 1.46842, -1.42219, 0.00245, -1.37561], [-0.32259, -0.13568, 0.70845, 1.45114, -1.37971, 0.02995, -1.39007], [0.04028, -0.12471, 0.51215, 1.49904, -1.18825, -0.17184, -1.38932], [0.40314, -0.11373, 0.31584, 1.54694, -0.99679, -0.37363, -1.38858], [0.76601, -0.10276, 0.11953, 1.59484, -0.80533, -0.57542, -1.38783], [1.12888, -0.09179, -0.07677, 1.64274, -0.61386, -0.77721, -1.38708], [1.28424, -0.08709, -0.16082, 1.66325, -0.53189, -0.8636, -1.38676], [1.2451, 0.10302, -0.40236, 1.53587, -0.24972, -0.93259, -1.15573], [1.20597, 0.29313, -0.6439, 1.40849, 0.03246, -1.00158, -0.9247], [1.16683, 0.48324, -0.88544, 1.28111, 0.31463, -1.07057, -0.69366], [1.12769, 0.67336, -1.12699, 1.15373, 0.5968, -1.13955, -0.46263], [1.08856, 0.86347, -1.36853, 1.02636, 0.87897, -1.20854, -0.23159]]
end: [1.05915, 1.0063, -1.55, 0.93066000000000004, 1.09097, -1.26037, -0.058009999999999999]
obtacles: [[[0.6, 0.5, -1.0], [0.9, 0.6, 1.0]], [[0.6, -0.6, -1.0], [0.9, -0.5, 1.0]], [[0.6, -0.6, 0.9], [0.9, 0.6, 1.0]], [[0.6, -0.6, -1.0], [0.9, 0.6, -0.9]], [[0.6, -0.6, 0.3], [0.9, 0.6, 0.4]], [[0.6, -0.6, -0.6], [0.9, 0.6, -0.5]], [[0.6, 0.0, 0.4], [0.9, 0.1, 1.0]], [[0.6, 0.0, -0.6], [0.9, 0.1, 0.4]], [[0.6, -0.2, -1.0], [0.9, -0.1, -0.5]]]
start: [0.91432999999999998, 0.98831000000000002, -1.55, 1.3248, 0.99858000000000002, -1.4534100000000001, 0.43880000000000002]
tajectories: [[0.91433, 0.98831, -1.55, 1.3248, 0.99858, -1.45341, 0.4388], [1.08907, 1.0483, -1.8811, 1.24562, 0.70746, -1.54152, 0.35246], [1.10298, 1.05308, -1.90747, 1.23931, 0.68427, -1.54854, 0.34558], [1.1442, 0.61078, -1.89995, 1.32591, 0.83901, -1.42057, 0.41484], [1.18541, 0.16848, -1.89242, 1.41251, 0.99375, -1.29261, 0.48411], [1.22662, -0.27382, -1.88489, 1.4991, 1.14848, -1.16464, 0.55337], [1.23054, -0.31584, -1.88418, 1.50733, 1.16318, -1.15249, 0.55995], [1.16231, -0.48522, -1.66089, 1.48525, 1.07261, -0.84936, 0.81729], [1.09408, -0.65459, -1.4376, 1.46316, 0.98204, -0.54624, 1.07463], [1.02585, -0.82397, -1.21431, 1.44108, 0.89147, -0.24312, 1.33198], [0.97814, -0.94239, -1.05818, 1.42563, 0.82815, -0.03117, 1.51191], [1.07184, -1.15377, -1.13678, 1.65064, 0.82499, 0.22225, 1.78669], [1.16555, -1.36514, -1.21538, 1.87564, 0.82183, 0.47567, 2.06147], [1.25925, -1.57651, -1.29398, 2.10064, 0.81867, 0.72909, 2.33625], [1.30943, -1.6897, -1.33607, 2.22113, 0.81698, 0.8648, 2.4834], [1.56467, -1.77736, -1.39447, 1.94056, 0.95334, 1.11039, 2.61041], [1.81991, -1.86501, -1.45287, 1.65999, 1.08969, 1.35598, 2.73742]]
end: [2.0258699999999998, -1.93574, -1.5, 1.4336, 1.1997100000000001, 1.5541499999999999, 2.8399100000000002]
obtacles: [[[0.6, 0.5, -1.0], [0.9, 0.6, 1.0]], [[0.6, -0.6, -1.0], [0.9, -0.5, 1.0]], [[0.6, -0.6, 0.9], [0.9, 0.6, 1.0]], [[0.6, -0.6, -1.0], [0.9, 0.6, -0.9]], [[0.6, -0.6, 0.3], [0.9, 0.6, 0.4]], [[0.6, -0.6, -0.6], [0.9, 0.6, -0.5]], [[0.6, 0.0, 0.4], [0.9, 0.1, 1.0]], [[0.6, 0.0, -0.6], [0.9, 0.1, 0.4]], [[0.6, -0.2, -1.0], [0.9, -0.1, -0.5]]]
start: [0.92291000000000001, 1.8162, -1.7, 1.1457999999999999, -1.2943899999999999, 1.5570999999999999, -2.9365600000000001]
tajectories: [[0.92291, 1.8162, -1.7, 1.1458, -1.29439, 1.5571, -2.93656], [1.14731, 1.82522, -1.30505, 1.34392, -1.32684, 1.5094, -2.90491], [1.3717, 1.83424, -0.9101, 1.54204, -1.35929, 1.4617, -2.87327], [1.59609, 1.84326, -0.51515, 1.74015, -1.39174, 1.414, -2.84162], [1.82049, 1.85228, -0.1202, 1.93827, -1.42419, 1.3663, -2.80997], [1.90932, 1.85585, 0.03615, 2.0167, -1.43704, 1.34742, -2.79745], [1.89659, 1.5746, -0.12304, 2.13714, -1.53513, 1.19454, -2.48457], [1.88385, 1.29334, -0.28224, 2.25759, -1.63323, 1.04166, -2.1717], [1.87112, 1.01209, -0.44143, 2.37804, -1.73132, 0.88878, -1.85883], [1.85839, 0.73084, -0.60062, 2.49849, -1.82942, 0.7359, -1.54596], [1.8462, 0.4616, -0.75302, 2.61379, -1.92332, 0.58955, -1.24645], [1.7129, 0.19694, -0.8118, 2.5072, -1.75327, 0.24541, -1.24157], [1.57959, -0.06772, -0.87058, 2.40061, -1.58323, -0.09873, -1.2367], [1.44629, -0.33237, -0.92936, 2.29403, -1.41318, -0.44287, -1.23183], [1.32974, -0.56377, -0.98076, 2.20083, -1.2645, -0.74375, -1.22757], [1.55475, -0.63215, -1.16673, 1.96021, -1.15103, -0.92923, -0.99319], [1.77976, -0.70053, -1.35271, 1.71959, -1.03756, -1.11472, -0.75882], [2.00477, -0.76891, -1.53869, 1.47898, -0.92409, -1.3002, -0.52445]]
end: [2.1999300000000002, -0.82821999999999996, -1.7, 1.27027, -0.82567000000000002, -1.4610799999999999, -0.32116]
obtacles: [[[0.6, 0.5, -1.0], [0.9, 0.6, 1.0]], [[0.6, -0.6, -1.0], [0.9, -0.5, 1.0]], [[0.6, -0.6, 0.9], [0.9, 0.6, 1.0]], [[0.6, -0.6, -1.0], [0.9, 0.6, -0.9]], [[0.6, -0.6, 0.3], [0.9, 0.6, 0.4]], [[0.6, -0.6, -0.6], [0.9, 0.6, -0.5]], [[0.6, 0.0, 0.4], [0.9, 0.1, 1.0]], [[0.6, 0.0, -0.6], [0.9, 0.1, 0.4]], [[0.6, -0.2, -1.0], [0.9, -0.1, -0.5]]]
start: [2.4344600000000001, -1.9647399999999999, -1.55, 1.5223800000000001, -1.96526, -1.57019, -0.81096999999999997]
tajectories: [[2.43446, -1.96474, -1.55, 1.52238, -1.96526, -1.57019, -0.81097], [2.27915, -1.88226, -1.74861, 1.72569, -1.82461, -1.26422, -0.96875], [2.12385, -1.79978, -1.94722, 1.92901, -1.68396, -0.95825, -1.12653], [1.96854, -1.71729, -2.14583, 2.13232, -1.54331, -0.65228, -1.28431], [1.81324, -1.63481, -2.34443, 2.33564, -1.40266, -0.34631, -1.44209], [1.75777, -1.60535, -2.41537, 2.40825, -1.35243, -0.23702, -1.49844], [1.77384, -1.13801, -2.47173, 2.48982, -1.28672, -0.25277, -1.3683], [1.78992, -0.67066, -2.52809, 2.57138, -1.22102, -0.26851, -1.23816], [1.80599, -0.20332, -2.58445, 2.65295, -1.15531, -0.28425, -1.10803], [1.82207, 0.26403, -2.64081, 2.73451, -1.08961, -0.3, -0.97789], [1.83814, 0.73137, -2.69717, 2.81608, -1.02391, -0.31574, -0.84775], [1.84737, 0.99966, -2.72952, 2.8629, -0.98619, -0.32478, -0.77305], [1.7314, 1.00572, -2.5547, 2.58782, -0.67672, -0.47122, -0.65872], [1.61543, 1.01178, -2.37988, 2.31274, -0.36725, -0.61765, -0.5444], [1.49946, 1.01785, -2.20506, 2.03766, -0.05779, -0.76409, -0.43008], [1.38349, 1.02391, -2.03024, 1.76258, 0.25168, -0.91053, -0.31576], [1.26752, 1.02997, -1.85542, 1.48749, 0.56115, -1.05697, -0.20143], [1.15156, 1.03604, -1.6806, 1.21241, 0.87061, -1.2034, -0.08711]]
end: [1.0649200000000001, 1.04057, -1.55, 1.0068999999999999, 1.10181, -1.3128, -0.0016999999999999999]
obtacles: [[[0.6, 0.5, -1.0], [0.9, 0.6, 1.0]], [[0.6, -0.6, -1.0], [0.9, -0.5, 1.0]], [[0.6, -0.6, 0.9], [0.9, 0.6, 1.0]], [[0.6, -0.6, -1.0], [0.9, 0.6, -0.9]], [[0.6, -0.6, 0.3], [0.9, 0.6, 0.4]], [[0.6, -0.6, -0.6], [0.9, 0.6, -0.5]], [[0.6, 0.0, 0.4], [0.9, 0.1, 1.0]], [[0.6, 0.0, -0.6], [0.9, 0.1, 0.4]], [[0.6, -0.2, -1.0], [0.9, -0.1, -0.5]]]
start: [0.89886999999999995, 0.71318999999999999, -1.45, 1.4174199999999999, -2.4340899999999999, 1.5331600000000001, -2.6609799999999999]
tajectories: [[0.89887, 0.71319, -1.45, 1.41742, -2.43409, 1.53316, -2.66098], [1.05197, 0.71796, -1.49102, 1.28762, -1.97894, 1.53673, -2.63207], [1.20508, 0.72274, -1.53204, 1.15783, -1.5238, 1.54031, -2.60316], [1.35819, 0.72752, -1.57306, 1.02803, -1.06866, 1.54388, -2.57425], [1.5113, 0.7323, -1.61408, 0.89823, -0.61351, 1.54745, -2.54534], [1.66441, 0.73708, -1.6551, 0.76843, -0.15837, 1.55103, -2.51643], [1.81752, 0.74186, -1.69612, 0.63864, 0.29678, 1.5546, -2.48752], [1.97062, 0.74664, -1.73714, 0.50884, 0.75192, 1.55817, -2.45861], [2.03324, 0.74859, -1.75392, 0.45575, 0.93807, 1.55963, -2.44678], [1.93607, 0.54689, -1.7659, 0.45471, 0.76337, 1.5068, -2.03884], [1.83889, 0.34518, -1.77789, 0.45366, 0.58867, 1.45396, -1.63091], [1.74172, 0.14348, -1.78987, 0.45262, 0.41396, 1.40112, -1.22297], [1.64455, -0.05823, -1.80186, 0.45157, 0.23926, 1.34829, -0.81503], [1.54737, -0.25993, -1.81384, 0.45053, 0.06456, 1.29545, -0.40709], [1.4502, -0.46164, -1.82583, 0.44948, -0.11014, 1.24261, 0.00085], [1.38378, -0.59949, -1.83402, 0.44877, -0.22954, 1.2065, 0.27966], [1.48967, -0.8312, -1.99654, 0.72655, -0.49553, 1.1328, 0.35272], [1.59556, -1.06291, -2.15906, 1.00434, -0.76152, 1.05909, 0.42578], [1.70145, -1.29461, -2.32158, 1.28213, -1.02752, 0.98538, 0.49884], [1.80733, -1.52632, -2.4841, 1.55991, -1.29351, 0.91167, 0.57191], [1.91322, -1.75802, -2.64662, 1.8377, -1.5595, 0.83797, 0.64497], [1.92972, -1.79413, -2.67194, 1.88098, -1.60095, 0.82648, 0.65635], [1.99473, -1.80849, -2.44759, 1.72022, -1.66298, 0.43583, 0.54263], [2.05974, -1.82285, -2.22325, 1.55946, -1.72501, 0.04517, 0.4289], [2.12475, -1.83721, -1.9989, 1.3987, -1.78704, -0.34548, 0.31518], [2.18976, -1.85157, -1.77455, 1.23794, -1.84908, -0.73613, 0.20145], [2.25477, -1.86593, -1.55021, 1.07717, -1.91111, -1.12679, 0.08773], [2.31978, -1.88029, -1.32586, 0.91641, -1.97314, -1.51744, -0.026]]
end: [2.32728, -1.88195, -1.3, 0.89788000000000001, -1.9802900000000001, -1.56247, -0.039109999999999999]
obtacles: [[[0.6, 0.5, -1.0], [0.9, 0.6, 1.0]], [[0.6, -0.6, -1.0], [0.9, -0.5, 1.0]], [[0.6, -0.6, 0.9], [0.9, 0.6, 1.0]], [[0.6, -0.6, -1.0], [0.9, 0.6, -0.9]], [[0.6, -0.6, 0.3], [0.9, 0.6, 0.4]], [[0.6, -0.6, -0.6], [0.9, 0.6, -0.5]], [[0.6, 0.0, 0.4], [0.9, 0.1, 1.0]], [[0.6, 0.0, -0.6], [0.9, 0.1, 0.4]], [[0.6, -0.2, -1.0], [0.9, -0.1, -0.5]]]
start: [2.35886, -1.94926, -1.6499999999999999, 1.90537, -1.95373, -1.5188900000000001, -1.12775]
tajectories: [[2.35886, -1.94926, -1.65, 1.90537, -1.95373, -1.51889, -1.12775], [1.97734, -1.95109, -1.43604, 1.91404, -2.05987, -1.31365, -1.05564], [1.59583, -1.95293, -1.22208, 1.92272, -2.16601, -1.10841, -0.98354], [1.21431, -1.95477, -1.00812, 1.93139, -2.27215, -0.90317, -0.91143], [0.83898, -1.95658, -0.79763, 1.93992, -2.37657, -0.70126, -0.84049], [0.78244, -1.57183, -0.69853, 1.92715, -2.1808, -0.63758, -1.05591], [0.7259, -1.18708, -0.59943, 1.91439, -1.98503, -0.5739, -1.27133], [0.68321, -0.89658, -0.5246, 1.90475, -1.83721, -0.52582, -1.43398], [0.98321, -0.86201, -0.72155, 1.71483, -1.65983, -0.62003, -1.22516], [1.28321, -0.82744, -0.91851, 1.52492, -1.48244, -0.71425, -1.01634], [1.58321, -0.79287, -1.11546, 1.33501, -1.30506, -0.80846, -0.80752], [1.88321, -0.75829, -1.31241, 1.1451, -1.12767, -0.90267, -0.59869], [2.18321, -0.72372, -1.50937, 0.95518, -0.95029, -0.99688, -0.38987]]
end: [2.3974199999999999, -0.69903000000000004, -1.6499999999999999, 0.81957999999999998, -0.82362999999999997, -1.06416, -0.24076]
obtacles: [[[0.6, 0.5, -1.0], [0.9, 0.6, 1.0]], [[0.6, -0.6, -1.0], [0.9, -0.5, 1.0]], [[0.6, -0.6, 0.9], [0.9, 0.6, 1.0]], [[0.6, -0.6, -1.0], [0.9, 0.6, -0.9]], [[0.6, -0.6, 0.3], [0.9, 0.6, 0.4]], [[0.6, -0.6, -0.6], [0.9, 0.6, -0.5]], [[0.6, 0.0, 0.4], [0.9, 0.1, 1.0]], [[0.6, 0.0, -0.6], [0.9, 0.1, 0.4]], [[0.6, -0.2, -1.0], [0.9, -0.1, -0.5]]]
start: [2.1136200000000001, -1.7847200000000001, -1.55, 1.5689200000000001, -1.7847999999999999, -1.55087, -0.53657999999999995]
tajectories: [[2.11362, -1.78472, -1.55, 1.56892, -1.7848, -1.55087, -0.53658], [1.94305, -1.67566, -1.76599, 1.81255, -2.05709, -1.54562, -0.7064], [1.77248, -1.5666, -1.98199, 2.05618, -2.32937, -1.54036, -0.87622], [1.60192, -1.45754, -2.19798, 2.2998, -2.60166, -1.5351, -1.04603], [1.43135, -1.34848, -2.41397, 2.54343, -2.87394, -1.52985, -1.21585], [1.29072, -1.25857, -2.59205, 2.74429, -3.09844, -1.52551, -1.35586], [1.22821, -0.94741, -2.54006, 2.67122, -3.09395, -1.14985, -1.34648], [1.1657, -0.63624, -2.48807, 2.59816, -3.08946, -0.77419, -1.3371], [1.10319, -0.32508, -2.43608, 2.52509, -3.08497, -0.39853, -1.32771], [1.04068, -0.01392, -2.38408, 2.45202, -3.08048, -0.02287, -1.31833], [0.97817, 0.29724, -2.33209, 2.37895, -3.076, 0.3528, -1.30894], [0.94628, 0.45599, -2.30557, 2.34167, -3.07371, 0.54446, -1.30416], [1.3441, 0.61927, -2.43622, 2.42596, -3.22087, 0.6748, -1.25666], [1.74193, 0.78255, -2.56687, 2.51024, -3.36804, 0.80514, -1.20916], [1.89502, 0.84538, -2.61714, 2.54267, -3.42467, 0.85529, -1.19088], [1.75054, 0.84971, -2.43219, 2.30983, -3.21959, 0.94099, -1.493], [1.60607, 0.85405, -2.24724, 2.07698, -3.0145, 1.02669, -1.79513], [1.46159, 0.85838, -2.06229, 1.84414, -2.80942, 1.11239, -2.09726], [1.31711, 0.86271, -1.87734, 1.61129, -2.60434, 1.19809, -2.39939], [1.17264, 0.86704, -1.69239, 1.37845, -2.39926, 1.28379, -2.70152]]
end: [1.06141, 0.87036999999999998, -1.55, 1.19919, -2.2413699999999999, 1.3497699999999999, -2.9341200000000001]
obtacles: [[[0.6, 0.5, -1.0], [0.9, 0.6, 1.0]], [[0.6, -0.6, -1.0], [0.9, -0.5, 1.0]], [[0.6, -0.6, 0.9], [0.9, 0.6, 1.0]], [[0.6, -0.6, -1.0], [0.9, 0.6, -0.9]], [[0.6, -0.6, 0.3], [0.9, 0.6, 0.4]], [[0.6, -0.6, -0.6], [0.9, 0.6, -0.5]], [[0.6, 0.0, 0.4], [0.9, 0.1, 1.0]], [[0.6, 0.0, -0.6], [0.9, 0.1, 0.4]], [[0.6, -0.2, -1.0], [0.9, -0.1, -0.5]]]
start: [2.5992999999999999, -1.7553700000000001, -1.25, 1.3782000000000001, -1.8220700000000001, -1.29833, -0.77134000000000003]
tajectories: [[2.5993, -1.75537, -1.25, 1.3782, -1.82207, -1.29833, -0.77134], [2.34285, -1.73226, -1.54569, 1.59428, -1.98454, -1.30609, -0.61929], [2.0864, -1.70914, -1.84137, 1.81036, -2.14702, -1.31384, -0.46724], [1.8385, -1.6868, -2.1272, 2.01923, -2.30407, -1.32134, -0.32025], [1.60787, -1.47096, -1.97837, 2.03818, -1.95209, -1.26318, -0.34132], [1.37725, -1.25511, -1.82955, 2.05712, -1.60011, -1.20502, -0.36238], [1.14662, -1.03927, -1.68073, 2.07606, -1.24813, -1.14686, -0.38345], [0.91599, -0.82343, -1.53191, 2.09501, -0.89615, -1.0887, -0.40451], [0.70586, -0.62677, -1.39631, 2.11226, -0.57545, -1.03571, -0.4237], [1.1313, -0.72535, -1.3845, 2.01751, -0.67915, -1.14824, -0.58727], [1.55673, -0.82392, -1.37269, 1.92275, -0.78284, -1.26077, -0.75084], [1.98217, -0.9225, -1.36088, 1.828, -0.88654, -1.3733, -0.91441]]
end: [2.3740600000000001, -1.0133000000000001, -1.3500000000000001, 1.74071, -0.98206000000000004, -1.47695, -1.06508]
