obtacles: [[[0.6, 0.5, -1.0], [0.9, 0.6, 1.0]], [[0.6, -0.6, -1.0], [0.9, -0.5, 1.0]], [[0.6, -0.6, 0.9], [0.9, 0.6, 1.0]], [[0.6, -0.6, -1.0], [0.9, 0.6, -0.9]], [[0.6, -0.6, 0.5], [0.9, 0.6, 0.6]], [[0.6, -0.6, -0.6], [0.9, 0.6, -0.5]], [[0.6, 0.1, 0.6], [0.9, 0.2, 1.0]], [[0.6, -0.3, -0.6], [0.9, -0.2, 0.6]], [[0.6, -0.2, -1.0], [0.9, -0.1, -0.5]]]
start: [0.47033999999999998, 1.3804399999999999, -1.6000000000000001, 1.70004, -1.7633099999999999, 1.5667500000000001, -1.9087099999999999]
tajectories: [[0.47034, 1.38044, -1.6, 1.70004, -1.76331, 1.56675, -1.90871]]
end: [0.48848000000000003, 1.6169899999999999, -1.6000000000000001, 1.6449199999999999, -1.5268699999999999, 1.5382800000000001, -1.98654]
obtacles: [[[0.6, 0.5, -1.0], [0.9, 0.6, 1.0]], [[0.6, -0.6, -1.0], [0.9, -0.5, 1.0]], [[0.6, -0.6, 0.9], [0.9, 0.6, 1.0]], [[0.6, -0.6, -1.0], [0.9, 0.6, -0.9]], [[0.6, -0.6, 0.5], [0.9, 0.6, 0.6]], [[0.6, -0.6, -0.6], [0.9, 0.6, -0.5]], [[0.6, 0.1, 0.6], [0.9, 0.2, 1.0]], [[0.6, -0.3, -0.6], [0.9, -0.2, 0.6]], [[0.6, -0.2, -1.0], [0.9, -0.1, -0.5]]]
start: [0.32744000000000001, 1.90326, -1.75, 1.1790799999999999, -4.3375199999999996, -1.5396700000000001, 0.81559000000000004]
tajectories: [[0.32744, 1.90326, -1.75, 1.17908, -4.33752, -1.53967, 0.81559], [0.4192, 1.87589, -1.77323, 1.13119, -4.02595, -1.16534, 0.78731], [0.51096, 1.84851, -1.79647, 1.0833, -3.71438, -0.79101, 0.75903], [0.60271, 1.82114, -1.8197, 1.0354, -3.40281, -0.41668, 0.73075], [0.69447, 1.79377, -1.84294, 0.98751, -3.09123, -0.04235, 0.70247], [0.74726, 1.77802, -1.85631, 0.95995, -2.91199, 0.173, 0.6862], [0.76103, 1.6706, -1.79322, 1.34458, -2.89556, 0.40421, 0.86681], [0.7748, 1.56317, -1.73014, 1.72922, -2.87914, 0.63542, 1.04741], [0.78858, 1.45575, -1.66705, 2.11385, -2.86272, 0.86664, 1.22802], [0.80235, 1.34832, -1.60397, 2.49848, -2.8463, 1.09785, 1.40863], [0.81612, 1.2409, -1.54089, 2.88311, -2.82987, 1.32906, 1.58924], [0.82417, 1.17816, -1.50404, 3.10774, -2.82028, 1.46409, 1.69471], [0.78741, 1.10804, -1.59178, 3.0167, -2.5617, 1.27389, 1.34158], [0.75065, 1.03792, -1.67952, 2.92566, -2.30312, 1.08369, 0.98844], [0.71389, 0.96779, -1.76726, 2.83463, -2.04453, 0.89349, 0.63531], [0.67713, 0.89767, -1.85499, 2.74359, -1.78595, 0.70329, 0.28217], [0.64037, 0.82755, -1.94273, 2.65255, -1.52736, 0.51309, -0.07096], [0.60361, 0.75742, -2.03047, 2.56151, -1.26878, 0.32289, -0.42409], [0.56728, 0.68812, -2.11718, 2.47153, -1.01321, 0.1349, -0.77311], [0.52496, 0.70222, -2.05105, 2.16512, -1.21166, 0.27693, -1.07344], [0.48264, 0.71632, -1.98491, 1.85871, -1.41011, 0.41895, -1.37376], [0.44032, 0.73042, -1.91877, 1.55229, -1.60855, 0.56098, -1.67409], [0.398, 0.74452, -1.85264, 1.24588, -1.807, 0.703, -1.97441], [0.35568, 0.75862, -1.7865, 0.93947, -2.00545, 0.84502, -2.27474]]
end: [0.33232, 0.76639999999999997, -1.75, 0.77034999999999998, -2.1149800000000001, 0.92340999999999995, -2.44049]
obtacles: [[[0.6, 0.5, -1.0], [0.9, 0.6, 1.0]], [[0.6, -0.6, -1.0], [0.9, -0.5, 1.0]], [[0.6, -0.6, 0.9], [0.9, 0.6, 1.0]], [[0.6, -0.6, -1.0], [0.9, 0.6, -0.9]], [[0.6, -0.6, 0.5], [0.9, 0.6, 0.6]], [[0.6, -0.6, -0.6], [0.9, 0.6, -0.5]], [[0.6, 0.1, 0.6], [0.9, 0.2, 1.0]], [[0.6, -0.3, -0.6], [0.9, -0.2, 0.6]], [[0.6, -0.2, -1.0], [0.9, -0.1, -0.5]]]
start: [0.33779999999999999, 1.9088099999999999, -2.0499999999999998, 0.67747000000000002, -0.99221000000000004, 1.5565199999999999, -2.8895]
tajectories: [[0.3378, 1.90881, -2.05, 0.67747, -0.99221, 1.55652, -2.8895], [0.53789, 1.75534, -1.93077, 0.9253, -0.89968, 1.34613, -2.64876], [0.73797, 1.60187, -1.81154, 1.17314, -0.80716, 1.13574, -2.40803], [0.93805, 1.4484, -1.69231, 1.42097, -0.71463, 0.92535, -2.1673], [1.13814, 1.29493, -1.57308, 1.6688, -0.6221, 0.71496, -1.92656], [1.3298, 1.14792, -1.45887, 1.9062, -0.53347, 0.51343, -1.69596], [1.30781, 1.01519, -1.69798, 2.10915, -0.3395, 0.34221, -1.43789], [1.28582, 0.88246, -1.93708, 2.31209, -0.14552, 0.171, -1.17982], [1.26384, 0.74972, -2.17618, 2.51504, 0.04846, -0.00022, -0.92175], [1.24185, 0.61699, -2.41529, 2.71799, 0.24244, -0.17143, -0.66368], [1.2238, 0.508, -2.61162, 2.88464, 0.40172, -0.31202, -0.45177], [1.09088, 0.39299, -2.39363, 2.50715, 0.30122, -0.1964, -0.37682], [0.95796, 0.27798, -2.17563, 2.12966, 0.20073, -0.08077, -0.30187], [0.82505, 0.16297, -1.95764, 1.75217, 0.10023, 0.03486, -0.22692], [0.80491, 0.14554, -1.9246, 1.69497, 0.085, 0.05238, -0.21556], [1.14231, 0.00526, -1.95023, 1.57466, -0.03093, -0.24403, -0.22272], [1.47971, -0.13503, -1.97585, 1.45435, -0.14687, -0.54044, -0.22987], [1.81711, -0.27531, -2.00148, 1.33404, -0.2628, -0.83685, -0.23703], [2.15451, -0.41559, -2.0271, 1.21372, -0.37873, -1.13326, -0.24418]]
end: [2.45601, -0.54095000000000004, -2.0499999999999998, 1.1062099999999999, -0.48232999999999998, -1.3981300000000001, -0.25057000000000001]
obtacles: [[[0.6, 0.5, -1.0], [0.9, 0.6, 1.0]], [[0.6, -0.6, -1.0], [0.9, -0.5, 1.0]], [[0.6, -0.6, 0.9], [0.9, 0.6, 1.0]], [[0.6, -0.6, -1.0], [0.9, 0.6, -0.9]], [[0.6, -0.6, 0.5], [0.9, 0.6, 0.6]], [[0.6, -0.6, -0.6], [0.9, 0.6, -0.5]], [[0.6, 0.1, 0.6], [0.9, 0.2, 1.0]], [[0.6, -0.3, -0.6], [0.9, -0.2, 0.6]], [[0.6, -0.2, -1.0], [0.9, -0.1, -0.5]]]
start: [0.52081, 1.8686400000000001, -2.0499999999999998, 1.26125, -1.11697, 1.23404, -2.5528900000000001]
tajectories: [[0.52081, 1.86864, -2.05, 1.26125, -1.11697, 1.23404, -2.55289], [0.57595, 1.61694, -2.05, 0.95988, -1.23673, 1.20337, -2.83128]]
end: [0.58860000000000001, 1.5592200000000001, -2.0499999999999998, 0.89076999999999995, -1.2641899999999999, 1.19634, -2.8951199999999999]
obtacles: [[[0.6, 0.5, -1.0], [0.9, 0.6, 1.0]], [[0.6, -0.6, -1.0], [0.9, -0.5, 1.0]], [[0.6, -0.6, 0.9], [0.9, 0.6, 1.0]], [[0.6, -0.6, -1.0], [0.9, 0.6, -0.9]], [[0.6, -0.6, 0.5], [0.9, 0.6, 0.6]], [[0.6, -0.6, -0.6], [0.9, 0.6, -0.5]], [[0.6, 0.1, 0.6], [0.9, 0.2, 1.0]], [[0.6, -0.3, -0.6], [0.9, -0.2, 0.6]], [[0.6, -0.2, -1.0], [0.9, -0.1, -0.5]]]
start: [0.96660999999999997, 1.9540200000000001, -2.0499999999999998, 1.35981, -1.06559, 1.2240500000000001, -2.9334500000000001]
tajectories: [[0.96661, 1.95402, -2.05, 1.35981, -1.06559, 1.22405, -2.93345], [1.11982, 1.71847, -1.80808, 1.56099, -0.89962, 1.12122, -2.74928], [1.27304, 1.48291, -1.56616, 1.76217, -0.73364, 1.01839, -2.56512], [1.42626, 1.24736, -1.32424, 1.96336, -0.56766, 0.91556, -2.38096], [1.57947, 1.0118, -1.08232, 2.16454, -0.40169, 0.81273, -2.19679], [1.73269, 0.77624, -0.8404, 2.36572, -0.23571, 0.7099, -2.01263], [1.88591, 0.54069, -0.59848, 2.5669, -0.06974, 0.60708, -1.82847], [1.96823, 0.41413, -0.4685, 2.67499, 0.01944, 0.55183, -1.72952], [1.90673, 0.63484, -0.55395, 2.29276, 0.16491, 0.5833, -1.58137], [1.84524, 0.85556, -0.6394, 1.91052, 0.31038, 0.61477, -1.43323], [1.78375, 1.07627, -0.72484, 1.52829, 0.45585, 0.64624, -1.28508], [1.72225, 1.29698, -0.81029, 1.14605, 0.60132, 0.67771, -1.13693], [1.66076, 1.5177, -0.89574, 0.76382, 0.74679, 0.70918, -0.98878], [1.59927, 1.73841, -0.98119, 0.38158, 0.89227, 0.74065, -0.84064], [1.56547, 1.85972, -1.02815, 0.1715, 0.97222, 0.75795, -0.75921], [1.5995, 1.85997, -1.16665, 0.29815, 0.92855, 0.66347, -0.30889], [1.63353, 1.86023, -1.30515, 0.42479, 0.88488, 0.56898, 0.14142], [1.66756, 1.86048, -1.44366, 0.55144, 0.8412, 0.4745, 0.59174], [1.70159, 1.86073, -1.58216, 0.67809, 0.79753, 0.38002, 1.04206], [1.73562, 1.86099, -1.72066, 0.80473, 0.75386, 0.28554, 1.49238], [1.76965, 1.86124, -1.85916, 0.93138, 0.71019, 0.19106, 1.94269], [1.79572, 1.86143, -1.96527, 1.02841, 0.67673, 0.11868, 2.28769], [1.85144, 1.64789, -2.07865, 1.40106, 0.80203, 0.26254, 2.40246], [1.90717, 1.43434, -2.19202, 1.77371, 0.92733, 0.4064, 2.51723], [1.9629, 1.22079, -2.3054, 2.14637, 1.05262, 0.55025, 2.632], [2.01862, 1.00724, -2.41877, 2.51902, 1.17792, 0.69411, 2.74677], [2.07182, 0.8034, -2.52699, 2.87473, 1.29751, 0.83143, 2.85632], [2.118, 0.64647, -2.54067, 2.63612, 1.1216, 0.59546, 2.57437], [2.16418, 0.48954, -2.55435, 2.39752, 0.94568, 0.3595, 2.29242], [2.21036, 0.33261, -2.56803, 2.15891, 0.76977, 0.12353, 2.01047], [2.25654, 0.17568, -2.58171, 1.92031, 0.59385, -0.11244, 1.72852], [2.30272, 0.01875, -2.59539, 1.68171, 0.41794, -0.3484, 1.44657], [2.3489, -0.13818, -2.60907, 1.4431, 0.24202, -0.58437, 1.16462], [2.39508, -0.29511, -2.62275, 1.2045, 0.06611, -0.82033, 0.88267], [2.44126, -0.45204, -2.63643, 0.9659, -0.10981, -1.0563, 0.60073]]
end: [2.4870700000000001, -0.60768999999999995, -2.6499999999999999, 0.72924, -0.28428999999999999, -1.29034, 0.32107999999999998]
obtacles: [[[0.6, 0.5, -1.0], [0.9, 0.6, 1.0]], [[0.6, -0.6, -1.0], [0.9, -0.5, 1.0]], [[0.6, -0.6, 0.9], [0.9, 0.6, 1.0]], [[0.6, -0.6, -1.0], [0.9, 0.6, -0.9]], [[0.6, -0.6, 0.5], [0.9, 0.6, 0.6]], [[0.6, -0.6, -0.6], [0.9, 0.6, -0.5]], [[0.6, 0.1, 0.6], [0.9, 0.2, 1.0]], [[0.6, -0.3, -0.6], [0.9, -0.2, 0.6]], [[0.6, -0.2, -1.0], [0.9, -0.1, -0.5]]]
start: [0.76268000000000002, 1.45783, -1.7, 1.93221, -1.72258, 1.49082, -1.9586600000000001]
tajectories: [[0.76268, 1.45783, -1.7, 1.93221, -1.72258, 1.49082, -1.95866], [0.57819, 1.76447, -1.63909, 1.90577, -1.40787, 1.45111, -1.82864]]
end: [0.45978000000000002, 1.96129, -1.6000000000000001, 1.8888, -1.2058800000000001, 1.4256200000000001, -1.74519]
obtacles: [[[0.6, 0.5, -1.0], [0.9, 0.6, 1.0]], [[0.6, -0.6, -1.0], [0.9, -0.5, 1.0]], [[0.6, -0.6, 0.9], [0.9, 0.6, 1.0]], [[0.6, -0.6, -1.0], [0.9, 0.6, -0.9]], [[0.6, -0.6, 0.5], [0.9, 0.6, 0.6]], [[0.6, -0.6, -0.6], [0.9, 0.6, -0.5]], [[0.6, 0.1, 0.6], [0.9, 0.2, 1.0]], [[0.6, -0.3, -0.6], [0.9, -0.2, 0.6]], [[0.6, -0.2, -1.0], [0.9, -0.1, -0.5]]]
start: [0.3614, 1.4135899999999999, -1.6000000000000001, 1.4306300000000001, -1.7225699999999999, 1.5203500000000001, -2.06623]
tajectories: [[0.3614, 1.41359, -1.6, 1.43063, -1.72257, 1.52035, -2.06623], [0.70964, 1.59119, -1.6, 1.56311, -1.55063, 1.51271, -2.28987], [1.05788, 1.76879, -1.6, 1.69559, -1.3787, 1.50507, -2.51352]]
end: [1.15785, 1.8197700000000001, -1.6000000000000001, 1.7336199999999999, -1.32934, 1.5028699999999999, -2.5777199999999998]
obtacles: [[[0.6, 0.5, -1.0], [0.9, 0.6, 1.0]], [[0.6, -0.6, -1.0], [0.9, -0.5, 1.0]], [[0.6, -0.6, 0.9], [0.9, 0.6, 1.0]], [[0.6, -0.6, -1.0], [0.9, 0.6, -0.9]], [[0.6, -0.6, 0.5], [0.9, 0.6, 0.6]], [[0.6, -0.6, -0.6], [0.9, 0.6, -0.5]], [[0.6, 0.1, 0.6], [0.9, 0.2, 1.0]], [[0.6, -0.3, -0.6], [0.9, -0.2, 0.6]], [[0.6, -0.2, -1.0], [0.9, -0.1, -0.5]]]
start: [0.67112000000000005, 1.6049800000000001, -1.6499999999999999, 0.58286000000000004, -4.6274499999999996, -1.5558099999999999, -0.090260000000000007]
tajectories: [[0.67112, 1.60498, -1.65, 0.58286, -4.62745, -1.55581, -0.09026], [0.75113, 1.6159, -1.48683, 0.92669, -4.43025, -1.34353, 0.03094], [0.83114, 1.62681, -1.32366, 1.27052, -4.23305, -1.13126, 0.15213], [0.91115, 1.63773, -1.16048, 1.61435, -4.03585, -0.91899, 0.27332], [0.99116, 1.64864, -0.99731, 1.95818, -3.83865, -0.70671, 0.39451], [1.07116, 1.65956, -0.83414, 2.30201, -3.64145, -0.49444, 0.51571], [1.10451, 1.66411, -0.76613, 2.44531, -3.55926, -0.40597, 0.56622], [0.92119, 1.42421, -0.81237, 2.50408, -3.19902, -0.3297, 0.6991], [0.73786, 1.18431, -0.8586, 2.56286, -2.83877, -0.25343, 0.83198], [0.55454, 0.94441, -0.90484, 2.62163, -2.47853, -0.17716, 0.96486], [0.37122, 0.70451, -0.95107, 2.6804, -2.11829, -0.10089, 1.09774], [0.27562, 0.57941, -0.97518, 2.71105, -1.93044, -0.06112, 1.16703], [0.5009, 0.24014, -1.0367, 2.60986, -1.92167, 0.00724, 0.91135], [0.72618, -0.09913, -1.09821, 2.50867, -1.9129, 0.07559, 0.65567], [0.95146, -0.4384, -1.15973, 2.40748, -1.90413, 0.14395, 0.39998], [1.17674, -0.77767, -1.22125, 2.3063, -1.89536, 0.2123, 0.1443], [1.38654, -1.09362, -1.27854, 2.21206, -1.8872, 0.27596, -0.0938], [1.51788, -1.23088, -1.34178, 2.06282, -1.83957, -0.14947, -0.15999], [1.64923, -1.36815, -1.40503, 1.91358, -1.79195, -0.57489, -0.22617], [1.78058, -1.50541, -1.46827, 1.76434, -1.74433, -1.00032, -0.29235], [1.91192, -1.64268, -1.53152, 1.6151, -1.69671, -1.42574, -0.35854]]
end: [1.9502999999999999, -1.68279, -1.55, 1.5714900000000001, -1.6828000000000001, -1.5500499999999999, -0.37786999999999998]
obtacles: [[[0.6, 0.5, -1.0], [0.9, 0.6, 1.0]], [[0.6, -0.6, -1.0], [0.9, -0.5, 1.0]], [[0.6, -0.6, 0.9], [0.9, 0.6, 1.0]], [[0.6, -0.6, -1.0], [0.9, 0.6, -0.9]], [[0.6, -0.6, 0.5], [0.9, 0.6, 0.6]], [[0.6, -0.6, -0.6], [0.9, 0.6, -0.5]], [[0.6, 0.1, 0.6], [0.9, 0.2, 1.0]], [[0.6, -0.3, -0.6], [0.9, -0.2, 0.6]], [[0.6, -0.2, -1.0], [0.9, -0.1, -0.5]]]
start: [0.98353000000000002, 1.96174, -1.6499999999999999, 1.3927099999999999, -1.1723399999999999, 1.5663100000000001, -2.7490100000000002]
tajectories: [[0.98353, 1.96174, -1.65, 1.39271, -1.17234, 1.56631, -2.74901], [1.16685, 1.60534, -1.58606, 1.58945, -0.99703, 1.44181, -2.73049], [1.35016, 1.24893, -1.52212, 1.78619, -0.82172, 1.31731, -2.71197], [1.53348, 0.89253, -1.45818, 1.98293, -0.64642, 1.19281, -2.69344], [1.71679, 0.53612, -1.39424, 2.17967, -0.47111, 1.06831, -2.67492], [1.90011, 0.17972, -1.3303, 2.37641, -0.2958, 0.94381, -2.65639], [2.08342, -0.17669, -1.26637, 2.57315, -0.12049, 0.81931, -2.63787], [2.10744, -0.22338, -1.25799, 2.59893, -0.09753, 0.803, -2.63544], [1.73667, -0.19491, -1.31746, 2.4086, -0.33927, 0.91906, -2.62892], [1.3659, -0.16643, -1.37694, 2.21826, -0.58101, 1.03513, -2.6224], [0.99512, -0.13796, -1.43641, 2.02792, -0.82275, 1.15119, -2.61588], [0.62435, -0.10949, -1.49589, 1.83759, -1.06449, 1.26726, -2.60936], [0.25358, -0.08101, -1.55536, 1.64725, -1.30624, 1.38333, -2.60284], [-0.11719, -0.05254, -1.61484, 1.45692, -1.54798, 1.49939, -2.59633], [-0.31668, -0.03722, -1.64684, 1.35451, -1.67805, 1.56184, -2.59282], [-0.30794, 0.05926, -1.5952, 1.692, -2.00307, 1.42718, -2.60939], [-0.2992, 0.15574, -1.54356, 2.0295, -2.32809, 1.29252, -2.62596], [-0.29047, 0.25222, -1.49192, 2.36699, -2.65311, 1.15786, -2.64253], [-0.28834, 0.27575, -1.47933, 2.44931, -2.73239, 1.12502, -2.64658], [-0.16987, 0.40495, -1.52582, 2.02235, -2.59655, 1.10172, -2.52078], [-0.0514, 0.53416, -1.57232, 1.5954, -2.46071, 1.07842, -2.39499], [0.06707, 0.66336, -1.61881, 1.16844, -2.32488, 1.05512, -2.2692]]
end: [0.14652999999999999, 0.75002000000000002, -1.6499999999999999, 0.88207000000000002, -2.2337699999999998, 1.03949, -2.1848299999999998]
obtacles: [[[0.6, 0.5, -1.0], [0.9, 0.6, 1.0]], [[0.6, -0.6, -1.0], [0.9, -0.5, 1.0]], [[0.6, -0.6, 0.9], [0.9, 0.6, 1.0]], [[0.6, -0.6, -1.0], [0.9, 0.6, -0.9]], [[0.6, -0.6, 0.5], [0.9, 0.6, 0.6]], [[0.6, -0.6, -0.6], [0.9, 0.6, -0.5]], [[0.6, 0.1, 0.6], [0.9, 0.2, 1.0]], [[0.6, -0.3, -0.6], [0.9, -0.2, 0.6]], [[0.6, -0.2, -1.0], [0.9, -0.1, -0.5]]]
start: [0.33931, 0.60868999999999995, -0.90000000000000002, 0.77781999999999996, -2.6461899999999998, 1.22912, -2.85798]
tajectories: [[0.33931, 0.60869, -0.9, 0.77782, -2.64619, 1.22912, -2.85798], [0.14263, 0.54141, -0.7175, 0.87026, -2.26229, 1.09811, -2.87794], [-0.05405, 0.47412, -0.53501, 0.9627, -1.87839, 0.96711, -2.8979], [-0.25072, 0.40683, -0.35251, 1.05514, -1.49449, 0.8361, -2.91785], [-0.4474, 0.33955, -0.17001, 1.14759, -1.11059, 0.7051, -2.93781], [-0.60506, 0.28561, -0.02372, 1.22169, -0.80285, 0.60008, -2.95381], [-0.24421, 0.11419, -0.14733, 1.37987, -0.61457, 0.70347, -2.89087], [0.11664, -0.05724, -0.27094, 1.53805, -0.42629, 0.80685, -2.82793], [0.47749, -0.22866, -0.39455, 1.69624, -0.23801, 0.91024, -2.76498], [0.71736, -0.34261, -0.47672, 1.80139, -0.11285, 0.97896, -2.72314], [0.60378, 0.0533, -0.22077, 1.80307, -0.03566, 1.06405, -2.76371], [0.4902, 0.44921, 0.03517, 1.80475, 0.04153, 1.14914, -2.80427], [0.37662, 0.84512, 0.29112, 1.80643, 0.11872, 1.23423, -2.84484], [0.26303, 1.24103, 0.54706, 1.80812, 0.1959, 1.31932, -2.8854], [0.23619, 1.3346, 0.60755, 1.80851, 0.21415, 1.33943, -2.89499], [0.367, 1.44404, 0.21277, 1.75071, -0.02882, 1.3733, -2.85582], [0.49781, 1.55349, -0.18201, 1.69291, -0.27179, 1.40717, -2.81666], [0.62863, 1.66294, -0.5768, 1.63511, -0.51476, 1.44104, -2.7775], [0.75944, 1.77239, -0.97158, 1.57732, -0.75773, 1.47491, -2.73833], [0.89025, 1.88183, -1.36636, 1.51952, -1.00069, 1.50878, -2.69917]]
end: [0.98424, 1.9604699999999999, -1.6499999999999999, 1.4779899999999999, -1.17526, 1.53312, -2.67103]
obtacles: [[[0.6, 0.5, -1.0], [0.9, 0.6, 1.0]], [[0.6, -0.6, -1.0], [0.9, -0.5, 1.0]], [[0.6, -0.6, 0.9], [0.9, 0.6, 1.0]], [[0.6, -0.6, -1.0], [0.9, 0.6, -0.9]], [[0.6, -0.6, 0.5], [0.9, 0.6, 0.6]], [[0.6, -0.6, -0.6], [0.9, 0.6, -0.5]], [[0.6, 0.1, 0.6], [0.9, 0.2, 1.0]], [[0.6, -0.3, -0.6], [0.9, -0.2, 0.6]], [[0.6, -0.2, -1.0], [0.9, -0.1, -0.5]]]
start: [-2.2188699999999999, -1.97112, 1.3500000000000001, 1.1242399999999999, -1.1167100000000001, 1.5571900000000001, -2.9881899999999999]
tajectories: [[-2.21887, -1.97112, 1.35, 1.12424, -1.11671, 1.55719, -2.98819], [-2.09843, -1.89328, 1.25912, 1.34703, -0.99911, 1.18779, -2.8424], [-1.97799, -1.81545, 1.16824, 1.56983, -0.88152, 0.81839, -2.69661], [-1.85755, -1.73762, 1.07736, 1.79262, -0.76392, 0.44899, -2.55082], [-1.73712, -1.65979, 0.98648, 2.01542, -0.64632, 0.07959, -2.40503], [-1.61668, -1.58196, 0.89561, 2.23821, -0.52873, -0.28981, -2.25924], [-1.49624, -1.50413, 0.80473, 2.461, -0.41113, -0.65921, -2.11344], [-1.42979, -1.46119, 0.75459, 2.58392, -0.34625, -0.86301, -2.03301], [-1.58497, -1.23532, 0.5843, 2.2825, -0.18137, -0.75456, -1.90611], [-1.74016, -1.00944, 0.41402, 1.98109, -0.01649, -0.6461, -1.77921], [-1.89534, -0.78357, 0.24373, 1.67968, 0.14839, -0.53765, -1.65231], [-2.05052, -0.5577, 0.07345, 1.37826, 0.31327, -0.4292, -1.5254], [-2.20571, -0.33182, -0.09684, 1.07685, 0.47815, -0.32075, -1.3985], [-2.2622, -0.24959, -0.15883, 0.96712, 0.53818, -0.28126, -1.3523], [-1.98094, -0.1068, 0.05103, 0.97427, 0.35743, -0.46664, -1.15386], [-1.69968, 0.03599, 0.2609, 0.98143, 0.17668, -0.65201, -0.95542], [-1.41842, 0.17878, 0.47076, 0.98858, -0.00406, -0.83738, -0.75698], [-1.13716, 0.32156, 0.68063, 0.99574, -0.18481, -1.02275, -0.55854], [-0.8559, 0.46435, 0.89049, 1.00289, -0.36556, -1.20812, -0.3601]]
end: [-0.64214000000000004, 0.57287999999999994, 1.05, 1.0083299999999999, -0.50292999999999999, -1.34901, -0.20927999999999999]
obtacles: [[[0.6, 0.5, -1.0], [0.9, 0.6, 1.0]], [[0.6, -0.6, -1.0], [0.9, -0.5, 1.0]], [[0.6, -0.6, 0.9], [0.9, 0.6, 1.0]], [[0.6, -0.6, -1.0], [0.9, 0.6, -0.9]], [[0.6, -0.6, 0.5], [0.9, 0.6, 0.6]], [[0.6, -0.6, -0.6], [0.9, 0.6, -0.5]], [[0.6, 0.1, 0.6], [0.9, 0.2, 1.0]], [[0.6, -0.3, -0.6], [0.9, -0.2, 0.6]], [[0.6, -0.2, -1.0], [0.9, -0.1, -0.5]]]
start: [0.35365000000000002, 1.59981, -1.6000000000000001, 2.0774599999999999, -1.55959, 1.5311900000000001, -1.4184399999999999]
tajectories: [[0.35365, 1.59981, -1.6, 2.07746, -1.55959, 1.53119, -1.41844], [0.35944, 1.59062, -1.6, 1.72683, -1.55787, 1.53491, -1.77471], [0.36522, 1.58143, -1.6, 1.37621, -1.55615, 1.53863, -2.13098], [0.37101, 1.57225, -1.6, 1.02559, -1.55443, 1.54235, -2.48725], [0.37679, 1.56306, -1.6, 0.67497, -1.55272, 1.54608, -2.84352]]
end: [0.37733, 1.5622, -1.6000000000000001, 0.64232, -1.5525599999999999, 1.5464199999999999, -2.87669]
obtacles: [[[0.6, 0.5, -1.0], [0.9, 0.6, 1.0]], [[0.6, -0.6, -1.0], [0.9, -0.5, 1.0]], [[0.6, -0.6, 0.9], [0.9, 0.6, 1.0]], [[0.6, -0.6, -1.0], [0.9, 0.6, -0.9]], [[0.6, -0.6, 0.5], [0.9, 0.6, 0.6]], [[0.6, -0.6, -0.6], [0.9, 0.6, -0.5]], [[0.6, 0.1, 0.6], [0.9, 0.2, 1.0]], [[0.6, -0.3, -0.6], [0.9, -0.2, 0.6]], [[0.6, -0.2, -1.0], [0.9, -0.1, -0.5]]]
start: [0.62038000000000004, 1.3325400000000001, -1.6499999999999999, 1.27352, -1.7775000000000001, 1.4276599999999999, -2.4641000000000002]
tajectories: [[0.62038, 1.33254, -1.65, 1.27352, -1.7775, 1.42766, -2.4641], [0.92419, 1.31291, -1.65, 1.65043, -1.83405, 1.51518, -2.39779]]
end: [0.93335999999999997, 1.3123199999999999, -1.6499999999999999, 1.66181, -1.8357600000000001, 1.51783, -2.3957799999999998]
obtacles: [[[0.6, 0.5, -1.0], [0.9, 0.6, 1.0]], [[0.6, -0.6, -1.0], [0.9, -0.5, 1.0]], [[0.6, -0.6, 0.9], [0.9, 0.6, 1.0]], [[0.6, -0.6, -1.0], [0.9, 0.6, -0.9]], [[0.6, -0.6, 0.5], [0.9, 0.6, 0.6]], [[0.6, -0.6, -0.6], [0.9, 0.6, -0.5]], [[0.6, 0.1, 0.6], [0.9, 0.2, 1.0]], [[0.6, -0.3, -0.6], [0.9, -0.2, 0.6]], [[0.6, -0.2, -1.0], [0.9, -0.1, -0.5]]]
start: [0.81535000000000002, 1.6336599999999999, -1.75, 1.2047300000000001, -4.5884600000000004, -1.4266799999999999, 0.37476999999999999]
tajectories: [[0.81535, 1.63366, -1.75, 1.20473, -4.58846, -1.42668, 0.37477], [0.68957, 1.87744, -1.75, 1.41063, -4.37652, -1.43498, 0.67036]]
end: [0.64083000000000001, 1.9719100000000001, -1.75, 1.49041, -4.2944000000000004, -1.4381900000000001, 0.78488999999999998]
obtacles: [[[0.6, 0.5, -1.0], [0.9, 0.6, 1.0]], [[0.6, -0.6, -1.0], [0.9, -0.5, 1.0]], [[0.6, -0.6, 0.9], [0.9, 0.6, 1.0]], [[0.6, -0.6, -1.0], [0.9, 0.6, -0.9]], [[0.6, -0.6, 0.5], [0.9, 0.6, 0.6]], [[0.6, -0.6, -0.6], [0.9, 0.6, -0.5]], [[0.6, 0.1, 0.6], [0.9, 0.2, 1.0]], [[0.6, -0.3, -0.6], [0.9, -0.2, 0.6]], [[0.6, -0.2, -1.0], [0.9, -0.1, -0.5]]]
start: [0.72724999999999995, 1.49735, -1.75, 1.3373900000000001, -4.7432299999999996, -1.3797200000000001, 0.61970000000000003]
tajectories: [[0.72725, 1.49735, -1.75, 1.33739, -4.74323, -1.37972, 0.6197], [0.39059, 1.62902, -1.75, 1.34144, -4.61407, -1.41043, 0.93858]]
end: [0.24273, 1.68686, -1.75, 1.3432200000000001, -4.5573499999999996, -1.42391, 1.07863]
obtacles: [[[0.6, 0.5, -1.0], [0.9, 0.6, 1.0]], [[0.6, -0.6, -1.0], [0.9, -0.5, 1.0]], [[0.6, -0.6, 0.9], [0.9, 0.6, 1.0]], [[0.6, -0.6, -1.0], [0.9, 0.6, -0.9]], [[0.6, -0.6, 0.5], [0.9, 0.6, 0.6]], [[0.6, -0.6, -0.6], [0.9, 0.6, -0.5]], [[0.6, 0.1, 0.6], [0.9, 0.2, 1.0]], [[0.6, -0.3, -0.6], [0.9, -0.2, 0.6]], [[0.6, -0.2, -1.0], [0.9, -0.1, -0.5]]]
start: [0.42592000000000002, 1.4986999999999999, -1.75, 1.2269699999999999, -1.57884, 1.3779399999999999, -2.3332799999999998]
tajectories: [[0.42592, 1.4987, -1.75, 1.22697, -1.57884, 1.37794, -2.33328], [0.41313, 1.49707, -1.75, 1.11693, -1.56179, 1.38682, -1.84609], [0.40034, 1.49545, -1.75, 1.00688, -1.54474, 1.3957, -1.3589], [0.38754, 1.49382, -1.75, 0.89683, -1.52769, 1.40457, -0.87172], [0.37475, 1.4922, -1.75, 0.78678, -1.51064, 1.41345, -0.38453], [0.36196, 1.49057, -1.75, 0.67673, -1.49359, 1.42233, 0.10266], [0.34916, 1.48894, -1.75, 0.56668, -1.47655, 1.4312, 0.58985], [0.33637, 1.48732, -1.75, 0.45663, -1.4595, 1.44008, 1.07704], [0.32358, 1.48569, -1.75, 0.34659, -1.44245, 1.44895, 1.56423], [0.31078, 1.48407, -1.75, 0.23654, -1.4254, 1.45783, 2.05142], [0.29799, 1.48244, -1.75, 0.12649, -1.40835, 1.46671, 2.53861]]
end: [0.28855999999999998, 1.4812399999999999, -1.75, 0.045339999999999998, -1.39578, 1.4732499999999999, 2.8978600000000001]
obtacles: [[[0.6, 0.5, -1.0], [0.9, 0.6, 1.0]], [[0.6, -0.6, -1.0], [0.9, -0.5, 1.0]], [[0.6, -0.6, 0.9], [0.9, 0.6, 1.0]], [[0.6, -0.6, -1.0], [0.9, 0.6, -0.9]], [[0.6, -0.6, 0.5], [0.9, 0.6, 0.6]], [[0.6, -0.6, -0.6], [0.9, 0.6, -0.5]], [[0.6, 0.1, 0.6], [0.9, 0.2, 1.0]], [[0.6, -0.3, -0.6], [0.9, -0.2, 0.6]], [[0.6, -0.2, -1.0], [0.9, -0.1, -0.5]]]
start: [0.49385000000000001, 1.4712400000000001, -1.75, 1.7149099999999999, -1.6966000000000001, 1.4088400000000001, -1.9013599999999999]
tajectories: [[0.49385, 1.47124, -1.75, 1.71491, -1.6966, 1.40884, -1.90136], [0.59231, 1.63311, -1.75, 1.49259, -1.4942, 1.4098, -2.25308]]
end: [0.62058999999999997, 1.67961, -1.75, 1.4287300000000001, -1.4360599999999999, 1.41008, -2.3541099999999999]
