obtacles: [[[0.6, 0.5, -1.0], [0.9, 0.6, 1.0]], [[0.6, -0.6, -1.0], [0.9, -0.5, 1.0]], [[0.6, -0.6, 0.9], [0.9, 0.6, 1.0]], [[0.6, -0.6, -1.0], [0.9, 0.6, -0.9]], [[0.6, -0.6, 0.5], [0.9, 0.6, 0.6]], [[0.6, -0.6, -0.5], [0.9, 0.6, -0.4]], [[0.6, 0.2, 0.6], [0.9, 0.3, 1.0]], [[0.6, 0.1, -0.5], [0.9, 0.2, 0.6]], [[0.6, 0.1, -1.0], [0.9, 0.2, -0.4]]]
start: [0.74929000000000001, 1.7437800000000001, -2.0499999999999998, 1.0674399999999999, -1.17052, 1.25051, -2.9313099999999999]
tajectories: [[0.74929, 1.74378, -2.05, 1.06744, -1.17052, 1.25051, -2.93131], [0.96008, 1.67288, -1.98675, 1.32224, -1.08752, 0.95328, -2.74058], [1.17087, 1.60198, -1.92351, 1.57704, -1.00452, 0.65604, -2.54985], [1.38166, 1.53109, -1.86026, 1.83185, -0.92152, 0.3588, -2.35911], [1.59244, 1.46019, -1.79701, 2.08665, -0.83853, 0.06156, -2.16838], [1.80323, 1.38929, -1.73376, 2.34145, -0.75553, -0.23568, -1.97765], [2.01402, 1.3184, -1.67052, 2.59625, -0.67253, -0.53292, -1.78692], [2.22481, 1.2475, -1.60727, 2.85105, -0.58953, -0.83016, -1.59619], [2.37539, 1.19685, -1.56209, 3.03307, -0.53024, -1.04251, -1.45994], [2.41514, 0.97158, -1.69673, 2.77032, -0.78957, -0.87196, -1.34089], [2.45488, 0.74632, -1.83137, 2.50757, -1.04889, -0.70141, -1.22185], [2.49462, 0.52105, -1.96602, 2.24481, -1.30822, -0.53087, -1.1028], [2.53437, 0.29579, -2.10066, 1.98206, -1.56754, -0.36032, -0.98376], [2.57411, 0.07052, -2.2353, 1.71931, -1.82687, -0.18978, -0.86471], [2.5796, 0.03938, -2.25391, 1.68298, -1.86272, -0.1662, -0.84826], [2.53933, -0.12054, -2.20676, 1.48076, -1.57338, -0.40919, -0.6561], [2.49905, -0.28046, -2.15961, 1.27853, -1.28405, -0.65218, -0.46394], [2.45877, -0.44038, -2.11245, 1.07631, -0.99471, -0.89517, -0.27178], [2.41849, -0.60029, -2.0653, 0.87409, -0.70537, -1.13816, -0.07962]]
end: [2.40543, -0.65217000000000003, -2.0499999999999998, 0.80849000000000004, -0.61151999999999995, -1.21698, -0.01728]
obtacles: [[[0.6, 0.5, -1.0], [0.9, 0.6, 1.0]], [[0.6, -0.6, -1.0], [0.9, -0.5, 1.0]], [[0.6, -0.6, 0.9], [0.9, 0.6, 1.0]], [[0.6, -0.6, -1.0], [0.9, 0.6, -0.9]], [[0.6, -0.6, 0.5], [0.9, 0.6, 0.6]], [[0.6, -0.6, -0.5], [0.9, 0.6, -0.4]], [[0.6, 0.2, 0.6], [0.9, 0.3, 1.0]], [[0.6, 0.1, -0.5], [0.9, 0.2, 0.6]], [[0.6, 0.1, -1.0], [0.9, 0.2, -0.4]]]
start: [2.59009, -1.85805, -1.55, 1.50221, -1.8587800000000001, -1.5703199999999999, -0.94762999999999997]
tajectories: [[2.59009, -1.85805, -1.55, 1.50221, -1.85878, -1.57032, -0.94763], [2.38287, -1.84206, -1.57825, 1.60399, -1.75454, -1.44814, -1.35976], [2.17565, -1.82607, -1.60649, 1.70578, -1.65029, -1.32597, -1.77189], [2.08586, -1.81914, -1.61873, 1.74989, -1.60512, -1.27303, -1.95048], [2.09648, -1.65943, -1.52514, 1.8495, -1.30475, -0.93668, -1.90202], [2.1071, -1.49973, -1.43156, 1.94912, -1.00437, -0.60034, -1.85357], [2.11772, -1.34002, -1.33797, 2.04873, -0.704, -0.26399, -1.80511], [2.12834, -1.18032, -1.24438, 2.14835, -0.40363, 0.07235, -1.75665], [2.13897, -1.02061, -1.15079, 2.24796, -0.10326, 0.4087, -1.7082], [2.14959, -0.86091, -1.0572, 2.34758, 0.19712, 0.74504, -1.65974], [2.15179, -0.8278, -1.0378, 2.36823, 0.25938, 0.81477, -1.6497], [2.1027, -0.70357, -1.08089, 2.40541, 0.294, 0.39993, -1.88555], [2.05362, -0.57935, -1.12397, 2.4426, 0.32863, -0.01491, -2.1214], [2.00453, -0.45512, -1.16705, 2.47979, 0.36325, -0.42976, -2.35726], [1.95544, -0.33089, -1.21014, 2.51698, 0.39787, -0.8446, -2.59311], [1.90636, -0.20666, -1.25322, 2.55416, 0.43249, -1.25944, -2.82896], [1.90089, -0.19282, -1.25802, 2.55831, 0.43635, -1.30567, -2.85525], [1.96561, -0.26326, -1.33929, 2.29704, 0.27422, -1.26458, -2.48375], [2.03033, -0.3337, -1.42056, 2.03577, 0.1121, -1.2235, -2.11225], [2.09504, -0.40414, -1.50183, 1.77451, -0.05003, -1.18241, -1.74075], [2.15976, -0.47458, -1.5831, 1.51324, -0.21216, -1.14133, -1.36925], [2.22448, -0.54502, -1.66437, 1.25197, -0.37428, -1.10024, -0.99775], [2.2892, -0.61546, -1.74564, 0.9907, -0.53641, -1.05916, -0.62625], [2.35392, -0.6859, -1.82691, 0.72944, -0.69854, -1.01807, -0.25476], [2.41864, -0.75634, -1.90818, 0.46817, -0.86066, -0.97699, 0.11674]]
end: [2.45194, -0.79259000000000002, -1.95, 0.33373000000000003, -0.94408999999999998, -0.95584999999999998, 0.30790000000000001]
obtacles: [[[0.6, 0.5, -1.0], [0.9, 0.6, 1.0]], [[0.6, -0.6, -1.0], [0.9, -0.5, 1.0]], [[0.6, -0.6, 0.9], [0.9, 0.6, 1.0]], [[0.6, -0.6, -1.0], [0.9, 0.6, -0.9]], [[0.6, -0.6, 0.5], [0.9, 0.6, 0.6]], [[0.6, -0.6, -0.5], [0.9, 0.6, -0.4]], [[0.6, 0.2, 0.6], [0.9, 0.3, 1.0]], [[0.6, 0.1, -0.5], [0.9, 0.2, 0.6]], [[0.6, 0.1, -1.0], [0.9, 0.2, -0.4]]]
start: [0.96736999999999995, 1.96587, -1.8500000000000001, 1.5345, -4.2946099999999996, -1.3282, 0.45923000000000003]
tajectories: [[0.96737, 1.96587, -1.85, 1.5345, -4.29461, -1.3282, 0.45923], [1.07882, 1.80231, -1.9827, 1.70891, -3.96903, -1.32735, 0.69755], [1.19027, 1.63875, -2.1154, 1.88331, -3.64345, -1.32651, 0.93587], [1.30172, 1.47519, -2.2481, 2.05772, -3.31786, -1.32567, 1.17419], [1.41317, 1.31163, -2.3808, 2.23213, -2.99228, -1.32483, 1.41251], [1.52462, 1.14807, -2.5135, 2.40654, -2.6667, -1.32399, 1.65082], [1.63607, 0.98451, -2.6462, 2.58094, -2.34112, -1.32315, 1.88914], [1.68702, 0.90974, -2.70687, 2.66068, -2.19226, -1.32277, 1.9981], [1.79288, 0.69885, -2.63112, 2.40627, -1.97002, -1.31053, 1.72549], [1.89874, 0.48797, -2.55536, 2.15186, -1.74779, -1.29829, 1.45288], [2.00461, 0.27709, -2.4796, 1.89744, -1.52555, -1.28605, 1.18027], [2.11047, 0.0662, -2.40384, 1.64303, -1.30331, -1.27381, 0.90765], [2.21633, -0.14468, -2.32808, 1.38862, -1.08107, -1.26157, 0.63504], [2.32219, -0.35557, -2.25233, 1.13421, -0.85884, -1.24933, 0.36243], [2.42805, -0.56645, -2.17657, 0.8798, -0.6366, -1.23709, 0.08982]]
end: [2.4651700000000001, -0.64039999999999997, -2.1499999999999999, 0.79057999999999995, -0.55866000000000005, -1.2327999999999999, -0.00579]
obtacles: [[[0.6, 0.5, -1.0], [0.9, 0.6, 1.0]], [[0.6, -0.6, -1.0], [0.9, -0.5, 1.0]], [[0.6, -0.6, 0.9], [0.9, 0.6, 1.0]], [[0.6, -0.6, -1.0], [0.9, 0.6, -0.9]], [[0.6, -0.6, 0.5], [0.9, 0.6, 0.6]], [[0.6, -0.6, -0.5], [0.9, 0.6, -0.4]], [[0.6, 0.2, 0.6], [0.9, 0.3, 1.0]], [[0.6, 0.1, -0.5], [0.9, 0.2, 0.6]], [[0.6, 0.1, -1.0], [0.9, 0.2, -0.4]]]
start: [-0.71479999999999999, 1.9202600000000001, 1.8, 1.1434200000000001, -1.9830000000000001, -1.5184200000000001, -0.37702999999999998]
tajectories: [[-0.7148, 1.92026, 1.8, 1.14342, -1.983, -1.51842, -0.37703], [-0.71555, 1.78457, 1.63027, 1.28094, -2.03208, -1.25101, -0.04545], [-0.7163, 1.64887, 1.46054, 1.41846, -2.08117, -0.9836, 0.28614], [-0.71705, 1.51318, 1.2908, 1.55598, -2.13026, -0.7162, 0.61772], [-0.7178, 1.37749, 1.12107, 1.6935, -2.17934, -0.44879, 0.94931], [-0.71855, 1.2418, 0.95134, 1.83103, -2.22843, -0.18138, 1.2809], [-0.71931, 1.10611, 0.78161, 1.96855, -2.27751, 0.08603, 1.61248], [-0.72006, 0.97041, 0.61187, 2.10607, -2.3266, 0.35344, 1.94407], [-0.72021, 0.9425, 0.57696, 2.13436, -2.3367, 0.40844, 2.01228], [-1.04059, 0.86373, 0.6561, 2.19497, -2.35976, 0.08674, 2.17718], [-1.36097, 0.78497, 0.73524, 2.25558, -2.38282, -0.23496, 2.34209], [-1.68134, 0.7062, 0.81438, 2.31619, -2.40589, -0.55666, 2.50699], [-2.00172, 0.62743, 0.89352, 2.37681, -2.42895, -0.87836, 2.6719], [-2.3221, 0.54866, 0.97266, 2.43742, -2.45201, -1.20006, 2.8368], [-2.43805, 0.52015, 1.0013, 2.45936, -2.46036, -1.31649, 2.89649], [-2.46302, 0.46627, 1.08728, 2.38676, -1.98515, -1.29956, 2.80874], [-2.48799, 0.41238, 1.17327, 2.31417, -1.50995, -1.28263, 2.72099], [-2.51296, 0.35849, 1.25925, 2.24158, -1.03474, -1.2657, 2.63323], [-2.53793, 0.3046, 1.34523, 2.16899, -0.55953, -1.24877, 2.54548], [-2.5629, 0.25072, 1.43122, 2.0964, -0.08432, -1.23184, 2.45773], [-2.58787, 0.19683, 1.5172, 2.0238, 0.39089, -1.21491, 2.36998], [-2.59625, 0.17875, 1.54606, 1.99944, 0.55037, -1.20922, 2.34053], [-2.3477, 0.25077, 1.57666, 1.86537, 0.3653, -1.1791, 1.98141], [-2.09916, 0.3228, 1.60727, 1.7313, 0.18023, -1.14897, 1.62229], [-1.85062, 0.39482, 1.63787, 1.59723, -0.00485, -1.11885, 1.26316], [-1.60208, 0.46685, 1.66848, 1.46316, -0.18992, -1.08872, 0.90404], [-1.35354, 0.53887, 1.69908, 1.3291, -0.37499, -1.0586, 0.54492], [-1.105, 0.6109, 1.72969, 1.19503, -0.56006, -1.02847, 0.1858], [-0.85645, 0.68292, 1.76029, 1.06096, -0.74513, -0.99835, -0.17333], [-0.60791, 0.75495, 1.7909, 0.92689, -0.93021, -0.96822, -0.53245]]
end: [-0.53398999999999996, 0.77637, 1.8, 0.88700999999999997, -0.98524999999999996, -0.95926, -0.63926000000000005]
obtacles: [[[0.6, 0.5, -1.0], [0.9, 0.6, 1.0]], [[0.6, -0.6, -1.0], [0.9, -0.5, 1.0]], [[0.6, -0.6, 0.9], [0.9, 0.6, 1.0]], [[0.6, -0.6, -1.0], [0.9, 0.6, -0.9]], [[0.6, -0.6, 0.5], [0.9, 0.6, 0.6]], [[0.6, -0.6, -0.5], [0.9, 0.6, -0.4]], [[0.6, 0.2, 0.6], [0.9, 0.3, 1.0]], [[0.6, 0.1, -0.5], [0.9, 0.2, 0.6]], [[0.6, 0.1, -1.0], [0.9, 0.2, -0.4]]]
start: [-2.0479799999999999, -1.6972499999999999, 1.55, 1.85738, -1.45522, 1.5153300000000001, -2.3823599999999998]
tajectories: [[-2.04798, -1.69725, 1.55, 1.85738, -1.45522, 1.51533, -2.38236], [-1.78247, -1.4653, 1.68898, 1.8231, -1.18302, 1.33895, -2.37861], [-1.51697, -1.23336, 1.82797, 1.78883, -0.91081, 1.16258, -2.37487], [-1.25147, -1.00141, 1.96695, 1.75455, -0.6386, 0.9862, -2.37112], [-0.98596, -0.76947, 2.10593, 1.72028, -0.3664, 0.80982, -2.36738], [-0.72046, -0.53752, 2.24491, 1.68601, -0.09419, 0.63345, -2.36363], [-0.45496, -0.30558, 2.3839, 1.65173, 0.17801, 0.45707, -2.35988], [-0.18946, -0.07364, 2.52288, 1.61746, 0.45022, 0.28069, -2.35614], [-0.1157, -0.0092, 2.56149, 1.60794, 0.52584, 0.2317, -2.3551], [-0.42027, 0.04272, 2.52832, 1.77838, 0.35166, 0.0985, -2.07885], [-0.72484, 0.09465, 2.49514, 1.94882, 0.17748, -0.0347, -1.80261], [-1.02941, 0.14658, 2.46197, 2.11926, 0.00331, -0.1679, -1.52636], [-1.33398, 0.19851, 2.4288, 2.2897, -0.17087, -0.3011, -1.25011], [-1.63855, 0.25044, 2.39563, 2.46014, -0.34504, -0.4343, -0.97387], [-1.94312, 0.30237, 2.36246, 2.63058, -0.51922, -0.5675, -0.69762], [-2.24769, 0.3543, 2.32929, 2.80101, -0.69339, -0.7007, -0.42137], [-2.51349, 0.39961, 2.30034, 2.94976, -0.8454, -0.81695, -0.18029], [-2.21854, 0.45467, 2.1771, 2.57058, -0.86661, -0.83786, -0.16917], [-1.92359, 0.50972, 2.05387, 2.1914, -0.88782, -0.85878, -0.15806], [-1.62864, 0.56477, 1.93063, 1.81222, -0.90902, -0.87969, -0.14694], [-1.33369, 0.61982, 1.8074, 1.43304, -0.93023, -0.90061, -0.13582], [-1.03874, 0.67487, 1.68416, 1.05386, -0.95144, -0.92152, -0.12471], [-0.7438, 0.72992, 1.56093, 0.67468, -0.97265, -0.94244, -0.11359]]
end: [-0.71765000000000001, 0.73480000000000001, 1.55, 0.64107000000000003, -0.97453000000000001, -0.94428999999999996, -0.11260000000000001]
obtacles: [[[0.6, 0.5, -1.0], [0.9, 0.6, 1.0]], [[0.6, -0.6, -1.0], [0.9, -0.5, 1.0]], [[0.6, -0.6, 0.9], [0.9, 0.6, 1.0]], [[0.6, -0.6, -1.0], [0.9, 0.6, -0.9]], [[0.6, -0.6, 0.5], [0.9, 0.6, 0.6]], [[0.6, -0.6, -0.5], [0.9, 0.6, -0.4]], [[0.6, 0.2, 0.6], [0.9, 0.3, 1.0]], [[0.6, 0.1, -0.5], [0.9, 0.2, 0.6]], [[0.6, 0.1, -1.0], [0.9, 0.2, -0.4]]]
start: [-2.30084, -1.91438, 1.3999999999999999, 1.1896899999999999, -1.18929, 1.5475399999999999, -2.8268499999999999]
tajectories: [[-2.30084, -1.91438, 1.4, 1.18969, -1.18929, 1.54754, -2.82685], [-2.16254, -1.72079, 1.50759, 1.44345, -1.37862, 1.43485, -2.5644], [-2.02423, -1.52721, 1.61517, 1.69722, -1.56794, 1.32216, -2.30194], [-1.88593, -1.33363, 1.72276, 1.95099, -1.75726, 1.20947, -2.03949], [-1.74763, -1.14004, 1.83034, 2.20476, -1.94659, 1.09678, -1.77703], [-1.60932, -0.94646, 1.93793, 2.45853, -2.13591, 0.98409, -1.51458], [-1.4719, -0.75412, 2.04482, 2.71066, -2.32402, 0.87212, -1.25381], [-1.47608, -0.46315, 2.067, 2.55171, -2.27729, 0.5022, -1.27696], [-1.48025, -0.17218, 2.08918, 2.39275, -2.23056, 0.13229, -1.30011], [-1.48442, 0.1188, 2.11136, 2.2338, -2.18384, -0.23763, -1.32325], [-1.4886, 0.40977, 2.13354, 2.07484, -2.13711, -0.60755, -1.3464], [-1.49277, 0.70074, 2.15572, 1.91589, -2.09038, -0.97747, -1.36955], [-1.49484, 0.84536, 2.16675, 1.83689, -2.06716, -1.16132, -1.38105], [-1.32577, 0.80364, 2.0004, 1.61797, -1.77939, -1.14615, -1.134], [-1.1567, 0.76191, 1.83406, 1.39904, -1.49163, -1.13098, -0.88694], [-0.98763, 0.72018, 1.66771, 1.18012, -1.20386, -1.1158, -0.63988], [-0.81856, 0.67846, 1.50137, 0.9612, -0.9161, -1.10063, -0.39283]]
end: [-0.71553, 0.65303, 1.3999999999999999, 0.82779000000000003, -0.74073999999999995, -1.0913900000000001, -0.24227000000000001]
obtacles: [[[0.6, 0.5, -1.0], [0.9, 0.6, 1.0]], [[0.6, -0.6, -1.0], [0.9, -0.5, 1.0]], [[0.6, -0.6, 0.9], [0.9, 0.6, 1.0]], [[0.6, -0.6, -1.0], [0.9, 0.6, -0.9]], [[0.6, -0.6, 0.5], [0.9, 0.6, 0.6]], [[0.6, -0.6, -0.5], [0.9, 0.6, -0.4]], [[0.6, 0.2, 0.6], [0.9, 0.3, 1.0]], [[0.6, 0.1, -0.5], [0.9, 0.2, 0.6]], [[0.6, 0.1, -1.0], [0.9, 0.2, -0.4]]]
start: [-0.67840999999999996, 1.6368499999999999, 2.0, 1.49183, -1.67899, -1.1497200000000001, -0.77588000000000001]
tajectories: [[-0.67841, 1.63685, 2.0, 1.49183, -1.67899, -1.14972, -0.77588]]
end: [-0.86399000000000004, 1.67424, 2.0, 1.53033, -1.70262, -1.14899, -0.61551]
obtacles: [[[0.6, 0.5, -1.0], [0.9, 0.6, 1.0]], [[0.6, -0.6, -1.0], [0.9, -0.5, 1.0]], [[0.6, -0.6, 0.9], [0.9, 0.6, 1.0]], [[0.6, -0.6, -1.0], [0.9, 0.6, -0.9]], [[0.6, -0.6, 0.5], [0.9, 0.6, 0.6]], [[0.6, -0.6, -0.5], [0.9, 0.6, -0.4]], [[0.6, 0.2, 0.6], [0.9, 0.3, 1.0]], [[0.6, 0.1, -0.5], [0.9, 0.2, 0.6]], [[0.6, 0.1, -1.0], [0.9, 0.2, -0.4]]]
start: [-0.66993999999999998, 1.9574100000000001, 1.6000000000000001, 1.50423, -1.95845, -1.5688899999999999, -0.82821]
tajectories: [[-0.66994, 1.95741, 1.6, 1.50423, -1.95845, -1.56889, -0.82821], [-0.89929, 1.74638, 1.55756, 1.57291, -2.16736, -1.51441, -0.5124], [-1.10984, 1.55265, 1.51859, 1.63595, -2.35913, -1.46439, -0.2225], [-1.45871, 1.59249, 1.80647, 1.72345, -2.20944, -1.3479, -0.23654], [-1.80758, 1.63233, 2.09434, 1.81096, -2.05976, -1.2314, -0.25058], [-1.87954, 1.64055, 2.15372, 1.82901, -2.02889, -1.20737, -0.25348], [-1.79307, 1.23269, 1.95971, 1.70913, -1.87891, -1.23441, -0.28414], [-1.7066, 0.82484, 1.7657, 1.58924, -1.72894, -1.26145, -0.3148], [-1.68945, 0.74392, 1.7272, 1.56546, -1.69918, -1.26681, -0.32088], [-1.35045, 0.7264, 1.68582, 1.36358, -1.40764, -1.2077, -0.38262], [-1.01145, 0.70888, 1.64443, 1.1617, -1.11609, -1.14859, -0.44436], [-0.67246, 0.69136, 1.60304, 0.95982, -0.82454, -1.08948, -0.5061]]
end: [-0.64754999999999996, 0.69006999999999996, 1.6000000000000001, 0.94499, -0.80311999999999995, -1.0851299999999999, -0.51063999999999998]
obtacles: [[[0.6, 0.5, -1.0], [0.9, 0.6, 1.0]], [[0.6, -0.6, -1.0], [0.9, -0.5, 1.0]], [[0.6, -0.6, 0.9], [0.9, 0.6, 1.0]], [[0.6, -0.6, -1.0], [0.9, 0.6, -0.9]], [[0.6, -0.6, 0.5], [0.9, 0.6, 0.6]], [[0.6, -0.6, -0.5], [0.9, 0.6, -0.4]], [[0.6, 0.2, 0.6], [0.9, 0.3, 1.0]], [[0.6, 0.1, -0.5], [0.9, 0.2, 0.6]], [[0.6, 0.1, -1.0], [0.9, 0.2, -0.4]]]
start: [-0.99892999999999998, 1.9517, 1.6000000000000001, 1.6190800000000001, -1.9502299999999999, -1.52576, -0.60585999999999995]
tajectories: [[-0.99893, 1.9517, 1.6, 1.61908, -1.95023, -1.52576, -0.60586], [-1.16964, 1.67862, 1.55986, 1.67955, -2.0053, -1.32934, -0.29057], [-1.34035, 1.40555, 1.51972, 1.74002, -2.06038, -1.13292, 0.02472], [-1.51106, 1.13248, 1.47958, 1.80049, -2.11545, -0.9365, 0.34], [-1.68177, 0.85941, 1.43944, 1.86097, -2.17053, -0.74008, 0.65529], [-1.85248, 0.58634, 1.3993, 1.92144, -2.22561, -0.54366, 0.97058], [-2.02319, 0.31326, 1.35916, 1.98191, -2.28068, -0.34724, 1.28587], [-2.06436, 0.2474, 1.34948, 1.9965, -2.29396, -0.29986, 1.36191], [-2.01522, 0.37773, 1.61104, 1.74626, -2.39565, -0.22046, 1.64987], [-1.96608, 0.50806, 1.87261, 1.49603, -2.49734, -0.14105, 1.93783], [-1.91694, 0.63839, 2.13417, 1.2458, -2.59903, -0.06165, 2.2258], [-1.8678, 0.76871, 2.39574, 0.99557, -2.70072, 0.01776, 2.51376], [-1.8396, 0.8435, 2.54584, 0.85197, -2.75907, 0.06332, 2.679], [-1.67158, 0.83034, 2.42536, 0.83381, -2.53896, -0.06281, 2.30165], [-1.50357, 0.81717, 2.30488, 0.81566, -2.31886, -0.18894, 1.9243], [-1.33555, 0.80401, 2.1844, 0.7975, -2.09875, -0.31508, 1.54694], [-1.16754, 0.79085, 2.06392, 0.77934, -1.87864, -0.44121, 1.16959], [-0.99952, 0.77768, 1.94345, 0.76118, -1.65854, -0.56734, 0.79223], [-0.83151, 0.76452, 1.82297, 0.74303, -1.43843, -0.69348, 0.41488], [-0.6635, 0.75135, 1.70249, 0.72487, -1.21832, -0.81961, 0.03752], [-0.49548, 0.73819, 1.58201, 0.70671, -0.99822, -0.94574, -0.33983]]
end: [-0.45084000000000002, 0.73468999999999995, 1.55, 0.70189000000000001, -0.93974000000000002, -0.97926000000000002, -0.44008999999999998]
obtacles: [[[0.6, 0.5, -1.0], [0.9, 0.6, 1.0]], [[0.6, -0.6, -1.0], [0.9, -0.5, 1.0]], [[0.6, -0.6, 0.9], [0.9, 0.6, 1.0]], [[0.6, -0.6, -1.0], [0.9, 0.6, -0.9]], [[0.6, -0.6, 0.5], [0.9, 0.6, 0.6]], [[0.6, -0.6, -0.5], [0.9, 0.6, -0.4]], [[0.6, 0.2, 0.6], [0.9, 0.3, 1.0]], [[0.6, 0.1, -0.5], [0.9, 0.2, 0.6]], [[0.6, 0.1, -1.0], [0.9, 0.2, -0.4]]]
start: [-0.91273000000000004, 1.50709, 1.6000000000000001, 1.6412, -1.5051699999999999, -1.5462, -0.73021000000000003]
tajectories: [[-0.91273, 1.50709, 1.6, 1.6412, -1.50517, -1.5462, -0.73021], [-0.85267, 1.85685, 1.6, 1.62299, -1.85523, -1.52862, -0.75987]]
end: [-0.84894000000000003, 1.8785700000000001, 1.6000000000000001, 1.6218600000000001, -1.87696, -1.5275300000000001, -0.76171]
