obtacles: [[[0.6, 0.5, -1.0], [0.9, 0.6, 1.0]], [[0.6, -0.6, -1.0], [0.9, -0.5, 1.0]], [[0.6, -0.6, 0.9], [0.9, 0.6, 1.0]], [[0.6, -0.6, -1.0], [0.9, 0.6, -0.9]], [[0.6, -0.6, 0.5], [0.9, 0.6, 0.6]], [[0.6, -0.6, -0.4], [0.9, 0.6, -0.3]], [[0.6, -0.3, 0.6], [0.9, -0.2, 1.0]], [[0.6, 0.2, -0.4], [0.9, 0.3, 0.6]], [[0.6, -0.2, -1.0], [0.9, -0.1, -0.3]]]
start: [-2.26552, -1.8112999999999999, 1.45, 1.1511199999999999, -1.30237, 1.56097, -2.8824800000000002]
tajectories: [[-2.26552, -1.8113, 1.45, 1.15112, -1.30237, 1.56097, -2.88248], [-2.11574, -1.7436, 1.45292, 1.36386, -1.4557, 1.1774, -2.79832], [-1.96597, -1.6759, 1.45585, 1.57661, -1.60903, 0.79384, -2.71416], [-1.81619, -1.60821, 1.45877, 1.78935, -1.76236, 0.41027, -2.62999], [-1.66642, -1.54051, 1.4617, 2.00209, -1.91569, 0.02671, -2.54583], [-1.56139, -1.49304, 1.46375, 2.15127, -2.02321, -0.24226, -2.48681], [-1.47278, -1.20397, 1.58154, 2.25638, -1.66404, -0.17413, -2.49054], [-1.38417, -0.91491, 1.69934, 2.3615, -1.30486, -0.10599, -2.49427], [-1.29556, -0.62584, 1.81713, 2.46661, -0.94568, -0.03785, -2.498], [-1.20695, -0.33677, 1.93493, 2.57173, -0.58651, 0.03028, -2.50172], [-1.1687, -0.21201, 1.98577, 2.6171, -0.43148, 0.05969, -2.50333], [-1.4292, 0.01448, 1.84914, 2.72836, -0.22317, -0.17526, -2.46864], [-1.67412, 0.22743, 1.72068, 2.83298, -0.02731, -0.39616, -2.43602], [-1.64577, 0.53036, 1.78824, 2.83671, -0.10084, -0.50368, -2.0674], [-1.61742, 0.8333, 1.85579, 2.84045, -0.17437, -0.61119, -1.69878], [-1.58907, 1.13624, 1.92335, 2.84418, -0.24791, -0.71871, -1.33016], [-1.56072, 1.43918, 1.9909, 2.84792, -0.32144, -0.82622, -0.96154], [-1.53238, 1.74212, 2.05846, 2.85165, -0.39498, -0.93374, -0.59292], [-1.52742, 1.79504, 2.07026, 2.8523, -0.40782, -0.95252, -0.52852], [-1.43359, 1.74643, 1.95573, 2.50929, -0.69793, -1.09681, -0.47312], [-1.33975, 1.69782, 1.84119, 2.16627, -0.98805, -1.2411, -0.41772], [-1.24591, 1.64922, 1.72666, 1.82325, -1.27816, -1.38539, -0.36232], [-1.15208, 1.60061, 1.61212, 1.48023, -1.56827, -1.52969, -0.30692]]
end: [-1.14215, 1.5954699999999999, 1.6000000000000001, 1.4439299999999999, -1.59897, -1.5449600000000001, -0.30105999999999999]
obtacles: [[[0.6, 0.5, -1.0], [0.9, 0.6, 1.0]], [[0.6, -0.6, -1.0], [0.9, -0.5, 1.0]], [[0.6, -0.6, 0.9], [0.9, 0.6, 1.0]], [[0.6, -0.6, -1.0], [0.9, 0.6, -0.9]], [[0.6, -0.6, 0.5], [0.9, 0.6, 0.6]], [[0.6, -0.6, -0.4], [0.9, 0.6, -0.3]], [[0.6, -0.3, 0.6], [0.9, -0.2, 1.0]], [[0.6, 0.2, -0.4], [0.9, 0.3, 0.6]], [[0.6, -0.2, -1.0], [0.9, -0.1, -0.3]]]
start: [-1.12765, 1.84612, 1.6000000000000001, 1.48142, -1.8475999999999999, -1.56707, -0.34920000000000001]
tajectories: [[-1.12765, 1.84612, 1.6, 1.48142, -1.8476, -1.56707, -0.3492], [-1.17304, 1.5396, 1.57029, 1.74096, -1.90171, -1.31254, -0.21493], [-1.21842, 1.23309, 1.54058, 2.0005, -1.95583, -1.058, -0.08065], [-1.2638, 0.92658, 1.51086, 2.26004, -2.00994, -0.80346, 0.05362], [-1.30919, 0.62007, 1.48115, 2.51958, -2.06405, -0.54892, 0.1879], [-1.35457, 0.31356, 1.45144, 2.77911, -2.11817, -0.29438, 0.32217], [-1.3675, 0.22621, 1.44298, 2.85307, -2.13359, -0.22185, 0.36043], [-0.9838, 0.1223, 1.34469, 2.74003, -2.15599, -0.45193, 0.48731], [-0.60009, 0.01838, 1.2464, 2.62699, -2.17839, -0.682, 0.61419], [-0.21639, -0.08554, 1.14811, 2.51395, -2.20079, -0.91207, 0.74106], [0.16732, -0.18945, 1.04983, 2.40091, -2.2232, -1.14215, 0.86794], [0.55102, -0.29337, 0.95154, 2.28788, -2.2456, -1.37222, 0.99482], [0.56006, -0.29582, 0.94922, 2.28521, -2.24613, -1.37764, 0.99781], [0.39354, -0.14124, 0.97504, 2.04969, -1.95772, -1.35853, 0.75554], [0.22702, 0.01334, 1.00086, 1.81416, -1.66932, -1.33942, 0.51327], [0.0605, 0.16792, 1.02668, 1.57863, -1.38092, -1.32031, 0.271], [-0.10602, 0.32251, 1.0525, 1.34311, -1.09251, -1.3012, 0.02873], [-0.27254, 0.47709, 1.07832, 1.10758, -0.80411, -1.28208, -0.21354]]
end: [-0.41237000000000001, 0.60689000000000004, 1.1000000000000001, 0.90981000000000001, -0.56193000000000004, -1.2660400000000001, -0.41698000000000002]
obtacles: [[[0.6, 0.5, -1.0], [0.9, 0.6, 1.0]], [[0.6, -0.6, -1.0], [0.9, -0.5, 1.0]], [[0.6, -0.6, 0.9], [0.9, 0.6, 1.0]], [[0.6, -0.6, -1.0], [0.9, 0.6, -0.9]], [[0.6, -0.6, 0.5], [0.9, 0.6, 0.6]], [[0.6, -0.6, -0.4], [0.9, 0.6, -0.3]], [[0.6, -0.3, 0.6], [0.9, -0.2, 1.0]], [[0.6, 0.2, -0.4], [0.9, 0.3, 0.6]], [[0.6, -0.2, -1.0], [0.9, -0.1, -0.3]]]
start: [-0.53885000000000005, 1.6068499999999999, 1.7, 1.2690399999999999, -1.64401, -1.4583299999999999, -0.72374000000000005]
tajectories: [[-0.53885, 1.60685, 1.7, 1.26904, -1.64401, -1.45833, -0.72374], [-0.88212, 1.45122, 1.7, 1.53131, -1.45623, -1.46896, -0.66217]]
end: [-1.11094, 1.34748, 1.7, 1.70614, -1.3310500000000001, -1.47604, -0.62112999999999996]
obtacles: [[[0.6, 0.5, -1.0], [0.9, 0.6, 1.0]], [[0.6, -0.6, -1.0], [0.9, -0.5, 1.0]], [[0.6, -0.6, 0.9], [0.9, 0.6, 1.0]], [[0.6, -0.6, -1.0], [0.9, 0.6, -0.9]], [[0.6, -0.6, 0.5], [0.9, 0.6, 0.6]], [[0.6, -0.6, -0.4], [0.9, 0.6, -0.3]], [[0.6, -0.3, 0.6], [0.9, -0.2, 1.0]], [[0.6, 0.2, -0.4], [0.9, 0.3, 0.6]], [[0.6, -0.2, -1.0], [0.9, -0.1, -0.3]]]
start: [-0.26845000000000002, 1.9254500000000001, 1.7, 1.4021300000000001, -1.94259, -1.5099400000000001, -1.09904]
tajectories: [[-0.26845, 1.92545, 1.7, 1.40213, -1.94259, -1.50994, -1.09904], [-0.45749, 1.89894, 1.57449, 1.68077, -1.93331, -1.47426, -1.44373], [-0.64653, 1.87244, 1.44898, 1.95941, -1.92403, -1.43858, -1.78842], [-0.83557, 1.84594, 1.32347, 2.23805, -1.91474, -1.4029, -2.13311], [-1.02461, 1.81944, 1.19796, 2.51669, -1.90546, -1.36722, -2.4778], [-1.07731, 1.81205, 1.16297, 2.59438, -1.90287, -1.35727, -2.5739], [-0.84819, 1.5826, 1.35306, 2.58033, -1.62829, -1.37218, -2.3925], [-0.61907, 1.35314, 1.54314, 2.56628, -1.3537, -1.38709, -2.21109], [-0.38995, 1.12369, 1.73322, 2.55223, -1.07912, -1.402, -2.02969], [-0.16083, 0.89424, 1.92331, 2.53818, -0.80454, -1.41691, -1.84828], [0.0683, 0.66479, 2.11339, 2.52414, -0.52995, -1.43182, -1.66688], [0.27227, 0.46052, 2.28261, 2.51163, -0.28551, -1.4451, -1.50538], [0.13361, 0.52275, 2.14364, 2.12393, -0.43027, -1.33881, -1.3472], [-0.00505, 0.58499, 2.00467, 1.73623, -0.57503, -1.23253, -1.18901], [-0.14371, 0.64722, 1.8657, 1.34853, -0.71979, -1.12625, -1.03083], [-0.28237, 0.70945, 1.72673, 0.96083, -0.86456, -1.01996, -0.87264]]
end: [-0.30903999999999998, 0.72141999999999995, 1.7, 0.88627, -0.89239999999999997, -0.99951999999999996, -0.84221999999999997]
obtacles: [[[0.6, 0.5, -1.0], [0.9, 0.6, 1.0]], [[0.6, -0.6, -1.0], [0.9, -0.5, 1.0]], [[0.6, -0.6, 0.9], [0.9, 0.6, 1.0]], [[0.6, -0.6, -1.0], [0.9, 0.6, -0.9]], [[0.6, -0.6, 0.5], [0.9, 0.6, 0.6]], [[0.6, -0.6, -0.4], [0.9, 0.6, -0.3]], [[0.6, -0.3, 0.6], [0.9, -0.2, 1.0]], [[0.6, 0.2, -0.4], [0.9, 0.3, 0.6]], [[0.6, -0.2, -1.0], [0.9, -0.1, -0.3]]]
start: [-2.54684, -0.63449999999999995, 1.7, 1.1270500000000001, -2.4833400000000001, 1.2903500000000001, -2.5363600000000002]
tajectories: [[-2.54684, -0.6345, 1.7, 1.12705, -2.48334, 1.29035, -2.53636], [-2.36807, -0.63825, 1.48148, 1.2194, -2.53391, 1.07091, -2.20314], [-2.1893, -0.642, 1.26297, 1.31175, -2.58448, 0.85148, -1.86991], [-2.01053, -0.64575, 1.04445, 1.4041, -2.63506, 0.63204, -1.53668], [-1.83176, -0.6495, 0.82593, 1.49646, -2.68563, 0.41261, -1.20346], [-1.65299, -0.65324, 0.60741, 1.58881, -2.7362, 0.19318, -0.87023], [-1.47422, -0.65699, 0.3889, 1.68116, -2.78677, -0.02626, -0.537], [-1.29545, -0.66074, 0.17038, 1.77351, -2.83734, -0.24569, -0.20377], [-1.11668, -0.66449, -0.04814, 1.86587, -2.88792, -0.46512, 0.12945], [-1.08059, -0.66525, -0.09226, 1.88451, -2.89813, -0.50943, 0.19673], [-1.09247, -0.40183, 0.12001, 2.02172, -2.68249, -0.66125, 0.41362], [-1.10435, -0.13842, 0.33229, 2.15892, -2.46686, -0.81308, 0.63052], [-1.11623, 0.12499, 0.54456, 2.29612, -2.25123, -0.9649, 0.84741], [-1.11675, 0.13664, 0.55395, 2.30219, -2.24169, -0.97162, 0.857], [-1.08131, 0.4598, 0.7656, 2.09803, -2.18064, -1.08217, 0.65234], [-1.04587, 0.78297, 0.97725, 1.89388, -2.11958, -1.19272, 0.44768], [-1.01044, 1.10613, 1.1889, 1.68973, -2.05852, -1.30327, 0.24302], [-0.975, 1.42929, 1.40056, 1.48557, -1.99747, -1.41383, 0.03836], [-0.93956, 1.75245, 1.61221, 1.28142, -1.93641, -1.52438, -0.1663]]
end: [-0.92486000000000002, 1.88649, 1.7, 1.1967399999999999, -1.9110799999999999, -1.57023, -0.25119000000000002]
obtacles: [[[0.6, 0.5, -1.0], [0.9, 0.6, 1.0]], [[0.6, -0.6, -1.0], [0.9, -0.5, 1.0]], [[0.6, -0.6, 0.9], [0.9, 0.6, 1.0]], [[0.6, -0.6, -1.0], [0.9, 0.6, -0.9]], [[0.6, -0.6, 0.5], [0.9, 0.6, 0.6]], [[0.6, -0.6, -0.4], [0.9, 0.6, -0.3]], [[0.6, -0.3, 0.6], [0.9, -0.2, 1.0]], [[0.6, 0.2, -0.4], [0.9, 0.3, 0.6]], [[0.6, -0.2, -1.0], [0.9, -0.1, -0.3]]]
start: [-0.47494999999999998, 1.36605, 1.7, 0.76903999999999995, -1.51858, -1.3347800000000001, -0.31358000000000003]
tajectories: [[-0.47495, 1.36605, 1.7, 0.76904, -1.51858, -1.33478, -0.31358], [-0.83674, 1.50069, 1.7, 1.05747, -1.58221, -1.41212, -0.22551]]
end: [-1.0043899999999999, 1.56308, 1.7, 1.1911099999999999, -1.6116999999999999, -1.4479599999999999, -0.18471000000000001]
obtacles: [[[0.6, 0.5, -1.0], [0.9, 0.6, 1.0]], [[0.6, -0.6, -1.0], [0.9, -0.5, 1.0]], [[0.6, -0.6, 0.9], [0.9, 0.6, 1.0]], [[0.6, -0.6, -1.0], [0.9, 0.6, -0.9]], [[0.6, -0.6, 0.5], [0.9, 0.6, 0.6]], [[0.6, -0.6, -0.4], [0.9, 0.6, -0.3]], [[0.6, -0.3, 0.6], [0.9, -0.2, 1.0]], [[0.6, 0.2, -0.4], [0.9, 0.3, 0.6]], [[0.6, -0.2, -1.0], [0.9, -0.1, -0.3]]]
start: [-0.64985000000000004, 1.8434200000000001, 1.7, 1.1775199999999999, -1.8715900000000001, -1.5593699999999999, -0.50819000000000003]
tajectories: [[-0.64985, 1.84342, 1.7, 1.17752, -1.87159, -1.55937, -0.50819], [-0.63507, 1.67599, 1.51755, 1.26106, -2.19916, -1.52415, -0.23812], [-0.62028, 1.50855, 1.33511, 1.34459, -2.52673, -1.48892, 0.03196], [-0.6055, 1.34112, 1.15266, 1.42813, -2.8543, -1.4537, 0.30203], [-0.59071, 1.17368, 0.97022, 1.51166, -3.18187, -1.41848, 0.5721], [-0.57593, 1.00624, 0.78777, 1.5952, -3.50944, -1.38326, 0.84217], [-0.56312, 0.86117, 0.6297, 1.66758, -3.79325, -1.35274, 1.07617], [-0.44043, 0.60985, 0.518, 1.78624, -3.7441, -1.06321, 1.31903], [-0.31773, 0.35853, 0.40631, 1.9049, -3.69494, -0.77368, 1.5619], [-0.19504, 0.10721, 0.29461, 2.02356, -3.64578, -0.48414, 1.80476], [-0.07235, -0.14412, 0.18292, 2.14222, -3.59662, -0.19461, 2.04762], [0.05034, -0.39544, 0.07122, 2.26088, -3.54746, 0.09492, 2.29048], [0.12394, -0.5462, 0.00422, 2.33206, -3.51797, 0.2686, 2.43616], [0.39301, -0.68097, 0.17647, 2.38018, -3.62381, 0.17719, 2.10769], [0.66209, -0.81574, 0.34872, 2.42829, -3.72964, 0.08577, 1.77922], [0.93116, -0.95052, 0.52096, 2.47641, -3.83547, -0.00565, 1.45075], [1.20024, -1.08529, 0.69321, 2.52452, -3.9413, -0.09706, 1.12228], [1.46931, -1.22006, 0.86546, 2.57263, -4.04713, -0.18848, 0.79381], [1.49414, -1.2325, 0.88135, 2.57707, -4.0569, -0.19691, 0.7635], [1.53507, -1.14626, 0.8952, 2.27569, -4.02415, -0.16407, 0.37917], [1.57601, -1.06001, 0.90905, 1.9743, -3.99141, -0.13123, -0.00516], [1.61694, -0.97377, 0.9229, 1.67291, -3.95866, -0.09839, -0.38949], [1.65788, -0.88753, 0.93675, 1.37153, -3.92591, -0.06555, -0.77382], [1.69881, -0.80129, 0.9506, 1.07014, -3.89317, -0.0327, -1.15815], [1.73975, -0.71505, 0.96445, 0.76875, -3.86042, 0.00014, -1.54248], [1.78068, -0.6288, 0.9783, 0.46736, -3.82767, 0.03298, -1.92681], [1.81326, -0.56016, 0.98932, 0.22749, -3.80161, 0.05912, -2.2327], [1.60416, -0.65857, 0.9777, 0.21404, -3.42625, 0.27945, -2.31538], [1.39507, -0.75697, 0.96608, 0.20058, -3.05088, 0.49978, -2.39806], [1.18598, -0.85537, 0.95446, 0.18712, -2.67552, 0.72011, -2.48075], [0.97688, -0.95377, 0.94284, 0.17366, -2.30015, 0.94044, -2.56343], [0.76779, -1.05218, 0.93121, 0.1602, -1.92479, 1.16077, -2.64611], [0.5587, -1.15058, 0.91959, 0.14674, -1.54942, 1.3811, -2.7288], [0.53102, -1.1636, 0.91805, 0.14496, -1.49974, 1.41026, -2.73974], [0.09651, -1.08908, 1.03927, 0.2845, -1.64246, 1.38483, -2.76143], [-0.33799, -1.01457, 1.16048, 0.42404, -1.78518, 1.35939, -2.78313], [-0.7725, -0.94005, 1.28169, 0.56358, -1.9279, 1.33396, -2.80482], [-1.20701, -0.86553, 1.4029, 0.70311, -2.07062, 1.30852, -2.82652], [-1.64152, -0.79101, 1.52412, 0.84265, -2.21334, 1.28309, -2.84822], [-2.07603, -0.7165, 1.64533, 0.98219, -2.35606, 1.25766, -2.86991]]
end: [-2.2720099999999999, -0.68289, 1.7, 1.0451299999999999, -2.4204300000000001, 1.2461899999999999, -2.8797000000000001]
obtacles: [[[0.6, 0.5, -1.0], [0.9, 0.6, 1.0]], [[0.6, -0.6, -1.0], [0.9, -0.5, 1.0]], [[0.6, -0.6, 0.9], [0.9, 0.6, 1.0]], [[0.6, -0.6, -1.0], [0.9, 0.6, -0.9]], [[0.6, -0.6, 0.5], [0.9, 0.6, 0.6]], [[0.6, -0.6, -0.4], [0.9, 0.6, -0.3]], [[0.6, -0.3, 0.6], [0.9, -0.2, 1.0]], [[0.6, 0.2, -0.4], [0.9, 0.3, 0.6]], [[0.6, -0.2, -1.0], [0.9, -0.1, -0.3]]]
start: [-0.32618000000000003, 1.8001100000000001, 2.2999999999999998, 1.3469899999999999, -2.0372499999999998, -0.94935999999999998, -0.78069]
tajectories: [[-0.32618, 1.80011, 2.3, 1.34699, -2.03725, -0.94936, -0.78069], [-0.71682, 1.74049, 2.3, 1.51489, -1.83769, -0.87525, -0.63811]]
end: [-0.83498000000000006, 1.7224600000000001, 2.2999999999999998, 1.56568, -1.7773300000000001, -0.85284000000000004, -0.59497999999999995]
