obtacles: [[[0.6, 0.5, -1.0], [0.9, 0.6, 1.0]], [[0.6, -0.6, -1.0], [0.9, -0.5, 1.0]], [[0.6, -0.6, 0.9], [0.9, 0.6, 1.0]], [[0.6, -0.6, -1.0], [0.9, 0.6, -0.9]], [[0.6, -0.6, 0.3], [0.9, 0.6, 0.4]], [[0.6, -0.6, -0.6], [0.9, 0.6, -0.5]], [[0.6, 0.1, 0.4], [0.9, 0.2, 1.0]], [[0.6, 0.1, -0.6], [0.9, 0.2, 0.4]], [[0.6, 0.2, -1.0], [0.9, 0.3, -0.5]]]
start: [-0.85370999999999997, 1.7524299999999999, 1.6499999999999999, 1.2694799999999999, -1.7677099999999999, -1.55009, -0.40650999999999998]
tajectories: [[-0.85371, 1.75243, 1.65, 1.26948, -1.76771, -1.55009, -0.40651], [-0.9527, 1.65947, 1.3778, 1.36341, -1.97365, -1.35248, -0.14732], [-1.05169, 1.56651, 1.1056, 1.45733, -2.1796, -1.15487, 0.11188], [-1.15068, 1.47354, 0.83341, 1.55125, -2.38555, -0.95726, 0.37107], [-1.24968, 1.38058, 0.56121, 1.64518, -2.5915, -0.75966, 0.63026], [-1.34867, 1.28761, 0.28901, 1.7391, -2.79745, -0.56205, 0.88946], [-1.44766, 1.19465, 0.01681, 1.83303, -3.0034, -0.36444, 1.14865], [-1.54665, 1.10169, -0.25538, 1.92695, -3.20935, -0.16683, 1.40784], [-1.57631, 1.07383, -0.33694, 1.95509, -3.27105, -0.10762, 1.4855], [-1.75847, 1.0272, -0.15921, 2.08034, -2.90739, -0.28772, 1.53729], [-1.94063, 0.98057, 0.01853, 2.20559, -2.54373, -0.46782, 1.58907], [-2.12279, 0.93394, 0.19626, 2.33084, -2.18008, -0.64792, 1.64086], [-2.30495, 0.88731, 0.374, 2.45609, -1.81642, -0.82803, 1.69264], [-2.3614, 0.87286, 0.42908, 2.49491, -1.70371, -0.88384, 1.70869], [-2.31512, 0.54496, 0.23154, 2.25694, -1.58368, -0.90063, 1.88189], [-2.26884, 0.21706, 0.034, 2.01897, -1.46365, -0.91741, 2.0551], [-2.22256, -0.11083, -0.16354, 1.781, -1.34362, -0.9342, 2.2283], [-2.17628, -0.43873, -0.36108, 1.54303, -1.22359, -0.95098, 2.4015], [-2.13, -0.76663, -0.55862, 1.30505, -1.10356, -0.96777, 2.57471], [-2.08914, -1.0561, -0.73302, 1.09497, -0.99759, -0.98259, 2.72761], [-2.1588, -1.16493, -0.86367, 1.22071, -0.82347, -1.04705, 2.32025], [-2.22845, -1.27376, -0.99433, 1.34645, -0.64935, -1.11152, 1.91288], [-2.29811, -1.38259, -1.12498, 1.47219, -0.47523, -1.17599, 1.50551], [-2.36776, -1.49142, -1.25564, 1.59794, -0.30111, -1.24045, 1.09814], [-2.3991, -1.54038, -1.31442, 1.6545, -0.22278, -1.26945, 0.91488], [-2.3438, -1.45667, -0.87728, 1.59405, -0.04564, -1.29637, 0.80046], [-2.2885, -1.37296, -0.44015, 1.5336, 0.1315, -1.32329, 0.68603], [-2.23321, -1.28925, -0.00302, 1.47315, 0.30864, -1.35021, 0.57161], [-2.17791, -1.20554, 0.43411, 1.4127, 0.48579, -1.37713, 0.45719], [-2.12261, -1.12183, 0.87125, 1.35226, 0.66293, -1.40405, 0.34277], [-2.06731, -1.03812, 1.30838, 1.29181, 0.84007, -1.43097, 0.22835]]
end: [-2.0240999999999998, -0.97270000000000001, 1.6499999999999999, 1.2445600000000001, 0.97850999999999999, -1.452, 0.13893]
obtacles: [[[0.6, 0.5, -1.0], [0.9, 0.6, 1.0]], [[0.6, -0.6, -1.0], [0.9, -0.5, 1.0]], [[0.6, -0.6, 0.9], [0.9, 0.6, 1.0]], [[0.6, -0.6, -1.0], [0.9, 0.6, -0.9]], [[0.6, -0.6, 0.3], [0.9, 0.6, 0.4]], [[0.6, -0.6, -0.6], [0.9, 0.6, -0.5]], [[0.6, 0.1, 0.4], [0.9, 0.2, 1.0]], [[0.6, 0.1, -0.6], [0.9, 0.2, 0.4]], [[0.6, 0.2, -1.0], [0.9, 0.3, -0.5]]]
start: [-1.02234, 1.8804399999999999, 1.6499999999999999, 1.5047299999999999, -1.8854599999999999, -1.51569, -0.46128999999999998]
tajectories: [[-1.02234, 1.88044, 1.65, 1.50473, -1.88546, -1.51569, -0.46129], [-1.1798, 1.69062, 1.6448, 1.68835, -2.05321, -1.20904, -0.27891], [-1.33726, 1.5008, 1.63961, 1.87196, -2.22097, -0.9024, -0.09654], [-1.49472, 1.31098, 1.63441, 2.05557, -2.38873, -0.59575, 0.08583], [-1.65218, 1.12116, 1.62922, 2.23919, -2.55648, -0.2891, 0.2682], [-1.80963, 0.93134, 1.62402, 2.4228, -2.72424, 0.01755, 0.45057], [-1.92183, 0.79608, 1.62032, 2.55363, -2.84377, 0.23605, 0.58052], [-1.99623, 0.71342, 1.52713, 2.49403, -2.90428, 0.36246, 0.12692], [-2.07062, 0.63076, 1.43394, 2.43443, -2.96478, 0.48887, -0.32668], [-2.14501, 0.5481, 1.34075, 2.37484, -3.02528, 0.61528, -0.78029], [-2.21941, 0.46544, 1.24756, 2.31524, -3.08578, 0.74169, -1.23389], [-2.2938, 0.38278, 1.15438, 2.25564, -3.14628, 0.8681, -1.6875], [-2.36819, 0.30012, 1.06119, 2.19604, -3.20679, 0.99451, -2.1411], [-2.40015, 0.26461, 1.02116, 2.17043, -3.23278, 1.04882, -2.33596], [-2.33681, 0.02952, 0.88484, 1.88362, -2.94366, 1.11918, -2.37247], [-2.27347, -0.20557, 0.74852, 1.5968, -2.65454, 1.18955, -2.40898], [-2.21013, -0.44066, 0.6122, 1.30998, -2.36542, 1.25991, -2.44549], [-2.14679, -0.67574, 0.47588, 1.02317, -2.0763, 1.33028, -2.482], [-2.08345, -0.91083, 0.33956, 0.73635, -1.78718, 1.40064, -2.51851], [-2.07004, -0.96059, 0.3107, 0.67564, -1.72598, 1.41554, -2.52624], [-2.06572, -0.94125, 0.72738, 0.8594, -1.88489, 1.424, -2.65624], [-2.0614, -0.92191, 1.14405, 1.04315, -2.04379, 1.43247, -2.78625], [-2.05707, -0.90257, 1.56072, 1.2269, -2.2027, 1.44093, -2.91626]]
end: [-2.0561500000000001, -0.89842999999999995, 1.6499999999999999, 1.2662800000000001, -2.2367400000000002, 1.44275, -2.9441099999999998]
obtacles: [[[0.6, 0.5, -1.0], [0.9, 0.6, 1.0]], [[0.6, -0.6, -1.0], [0.9, -0.5, 1.0]], [[0.6, -0.6, 0.9], [0.9, 0.6, 1.0]], [[0.6, -0.6, -1.0], [0.9, 0.6, -0.9]], [[0.6, -0.6, 0.3], [0.9, 0.6, 0.4]], [[0.6, -0.6, -0.6], [0.9, 0.6, -0.5]], [[0.6, 0.1, 0.4], [0.9, 0.2, 1.0]], [[0.6, 0.1, -0.6], [0.9, 0.2, 0.4]], [[0.6, 0.2, -1.0], [0.9, 0.3, -0.5]]]
start: [-0.98853000000000002, 1.7151700000000001, 1.7, 1.1713100000000001, -1.75431, -1.50925, -0.16775999999999999]
tajectories: [[-0.98853, 1.71517, 1.7, 1.17131, -1.75431, -1.50925, -0.16776], [-0.85645, 1.70001, 1.566, 1.15318, -1.37273, -1.44989, -0.42254], [-0.72437, 1.68486, 1.432, 1.13505, -0.99115, -1.39053, -0.67733], [-0.59229, 1.6697, 1.298, 1.11693, -0.60958, -1.33117, -0.93212], [-0.46021, 1.65454, 1.16399, 1.0988, -0.228, -1.27181, -1.1869], [-0.32813, 1.63938, 1.02999, 1.08067, 0.15357, -1.21245, -1.44169], [-0.30019, 1.63618, 1.00165, 1.07684, 0.23429, -1.1999, -1.49559], [-0.42676, 1.45601, 0.90224, 1.35345, -0.01182, -1.0532, -1.67733], [-0.55332, 1.27584, 0.80284, 1.63007, -0.25794, -0.90649, -1.85907], [-0.67989, 1.09567, 0.70344, 1.90668, -0.50405, -0.75979, -2.04081], [-0.80645, 0.9155, 0.60404, 2.1833, -0.75017, -0.61309, -2.22255], [-0.93301, 0.73533, 0.50464, 2.45991, -0.99628, -0.46639, -2.40429], [-1.02911, 0.59853, 0.42917, 2.66995, -1.18316, -0.355, -2.54229], [-1.35152, 0.61386, 0.75817, 2.72924, -1.23154, -0.18617, -2.4856], [-1.6069, 0.62601, 1.01878, 2.77621, -1.26986, -0.05243, -2.4407], [-1.53408, 0.36714, 1.16919, 2.8006, -1.31001, 0.23317, -2.17372], [-1.46125, 0.10827, 1.3196, 2.82499, -1.35016, 0.51878, -1.90674], [-1.38842, -0.1506, 1.47001, 2.84938, -1.3903, 0.80439, -1.63975], [-1.3156, -0.40947, 1.62042, 2.87377, -1.43045, 1.09, -1.37277], [-1.24277, -0.66834, 1.77083, 2.89816, -1.4706, 1.37561, -1.10579], [-1.20364, -0.80742, 1.85164, 2.91126, -1.49217, 1.52906, -0.96235], [-1.37567, -0.81911, 1.82466, 2.61786, -1.63099, 1.5185, -1.3001], [-1.5477, -0.83081, 1.79767, 2.32447, -1.76982, 1.50795, -1.63785], [-1.71973, -0.8425, 1.77069, 2.03107, -1.90865, 1.4974, -1.9756], [-1.89176, -0.8542, 1.74371, 1.73767, -2.04747, 1.48684, -2.31335], [-2.06379, -0.86589, 1.71672, 1.44427, -2.1863, 1.47629, -2.6511]]
end: [-2.1703899999999998, -0.87314000000000003, 1.7, 1.2624599999999999, -2.2723300000000002, 1.4697499999999999, -2.8603900000000002]
obtacles: [[[0.6, 0.5, -1.0], [0.9, 0.6, 1.0]], [[0.6, -0.6, -1.0], [0.9, -0.5, 1.0]], [[0.6, -0.6, 0.9], [0.9, 0.6, 1.0]], [[0.6, -0.6, -1.0], [0.9, 0.6, -0.9]], [[0.6, -0.6, 0.3], [0.9, 0.6, 0.4]], [[0.6, -0.6, -0.6], [0.9, 0.6, -0.5]], [[0.6, 0.1, 0.4], [0.9, 0.2, 1.0]], [[0.6, 0.1, -0.6], [0.9, 0.2, 0.4]], [[0.6, 0.2, -1.0], [0.9, 0.3, -0.5]]]
start: [-0.97248999999999997, 1.7398, 1.7, 1.89297, -1.6922699999999999, -1.39618, -0.89888000000000001]
tajectories: [[-0.97249, 1.7398, 1.7, 1.89297, -1.69227, -1.39618, -0.89888], [-1.05446, 1.74398, 1.70565, 2.04738, -1.4641, -0.99197, -0.96169], [-1.13643, 1.74817, 1.71129, 2.20179, -1.23594, -0.58776, -1.02451], [-1.2184, 1.75236, 1.71694, 2.35619, -1.00778, -0.18355, -1.08732], [-1.30036, 1.75654, 1.72259, 2.5106, -0.77962, 0.22067, -1.15014], [-1.33899, 1.75852, 1.72525, 2.58336, -0.6721, 0.41115, -1.17974], [-1.10413, 1.4177, 1.53917, 2.65462, -0.79575, 0.39744, -1.02642], [-0.86927, 1.07688, 1.3531, 2.72587, -0.9194, 0.38373, -0.87311], [-0.63441, 0.73606, 1.16702, 2.79713, -1.04305, 0.37002, -0.7198], [-0.48066, 0.51294, 1.04521, 2.84378, -1.124, 0.36104, -0.61944], [-0.46637, 0.51366, 1.41409, 2.52378, -1.16537, 0.43331, -0.6857], [-0.45207, 0.51438, 1.78297, 2.20379, -1.20675, 0.50557, -0.75196], [-0.43777, 0.5151, 2.15186, 1.8838, -1.24812, 0.57784, -0.81823], [-0.43577, 0.5152, 2.20334, 1.83914, -1.25389, 0.58793, -0.82747], [-0.24604, 0.60728, 2.11474, 1.5113, -1.33482, 0.30113, -0.79011], [-0.05631, 0.69935, 2.02615, 1.18346, -1.41574, 0.01434, -0.75275], [0.13343, 0.79142, 1.93756, 0.85562, -1.49667, -0.27246, -0.71539], [0.32316, 0.8835, 1.84897, 0.52778, -1.57759, -0.55925, -0.67803], [0.51289, 0.97557, 1.76038, 0.19994, -1.65851, -0.84605, -0.64067]]
end: [0.64219999999999999, 1.0383199999999999, 1.7, -0.02349, -1.71366, -1.0415099999999999, -0.61521000000000003]
obtacles: [[[0.6, 0.5, -1.0], [0.9, 0.6, 1.0]], [[0.6, -0.6, -1.0], [0.9, -0.5, 1.0]], [[0.6, -0.6, 0.9], [0.9, 0.6, 1.0]], [[0.6, -0.6, -1.0], [0.9, 0.6, -0.9]], [[0.6, -0.6, 0.3], [0.9, 0.6, 0.4]], [[0.6, -0.6, -0.6], [0.9, 0.6, -0.5]], [[0.6, 0.1, 0.4], [0.9, 0.2, 1.0]], [[0.6, 0.1, -0.6], [0.9, 0.2, 0.4]], [[0.6, 0.2, -1.0], [0.9, 0.3, -0.5]]]
start: [-2.08806, -1.9208000000000001, 1.45, 1.8985099999999999, -1.2710399999999999, 1.3514999999999999, -2.3512400000000002]
tajectories: [[-2.08806, -1.9208, 1.45, 1.89851, -1.27104, 1.3515, -2.35124], [-1.89849, -1.90525, 1.29191, 2.07425, -1.11621, 1.34141, -1.98535], [-1.70891, -1.8897, 1.13382, 2.24999, -0.96139, 1.33133, -1.61947], [-1.51933, -1.87415, 0.97573, 2.42574, -0.80657, 1.32124, -1.25359], [-1.32976, -1.8586, 0.81764, 2.60148, -0.65175, 1.31116, -0.88771], [-1.14018, -1.84305, 0.65956, 2.77722, -0.49693, 1.30107, -0.52182], [-1.08207, -1.83829, 0.6111, 2.83108, -0.44947, 1.29798, -0.40968], [-1.21014, -1.57186, 0.68719, 2.62279, -0.32034, 1.01452, -0.28155], [-1.33822, -1.30544, 0.76328, 2.41451, -0.1912, 0.73106, -0.15343], [-1.46629, -1.03901, 0.83937, 2.20622, -0.06207, 0.4476, -0.0253], [-1.59436, -0.77259, 0.91546, 1.99793, 0.06707, 0.16414, 0.10283], [-1.72243, -0.50617, 0.99155, 1.78965, 0.1962, -0.11932, 0.23096], [-1.8505, -0.23974, 1.06764, 1.58136, 0.32534, -0.40279, 0.35908], [-1.85992, -0.22014, 1.07323, 1.56604, 0.33484, -0.42363, 0.36851], [-1.67529, 0.03395, 1.15613, 1.45062, 0.05043, -0.62806, 0.27641], [-1.49066, 0.28804, 1.23902, 1.3352, -0.23397, -0.83248, 0.18431], [-1.30604, 0.54212, 1.32192, 1.21977, -0.51838, -1.0369, 0.0922], [-1.12141, 0.79621, 1.40481, 1.10435, -0.80278, -1.24132, 0.0001]]
end: [-1.0207599999999999, 0.93472999999999995, 1.45, 1.0414300000000001, -0.95782999999999996, -1.35276, -0.050110000000000002]
obtacles: [[[0.6, 0.5, -1.0], [0.9, 0.6, 1.0]], [[0.6, -0.6, -1.0], [0.9, -0.5, 1.0]], [[0.6, -0.6, 0.9], [0.9, 0.6, 1.0]], [[0.6, -0.6, -1.0], [0.9, 0.6, -0.9]], [[0.6, -0.6, 0.3], [0.9, 0.6, 0.4]], [[0.6, -0.6, -0.6], [0.9, 0.6, -0.5]], [[0.6, 0.1, 0.4], [0.9, 0.2, 1.0]], [[0.6, 0.1, -0.6], [0.9, 0.2, 0.4]], [[0.6, 0.2, -1.0], [0.9, 0.3, -0.5]]]
start: [-0.76280999999999999, 1.63561, 1.75, 0.89092000000000005, -1.7344999999999999, -1.4730399999999999, -0.11426]
tajectories: [[-0.76281, 1.63561, 1.75, 0.89092, -1.7345, -1.47304, -0.11426], [-0.9709, 1.66385, 1.6192, 1.23858, -1.57532, -1.26848, -0.14148], [-1.17898, 1.69209, 1.4884, 1.58624, -1.41613, -1.06392, -0.1687], [-1.38707, 1.72033, 1.35759, 1.9339, -1.25695, -0.85936, -0.19592], [-1.59515, 1.74857, 1.22679, 2.28156, -1.09776, -0.6548, -0.22314], [-1.80324, 1.7768, 1.09599, 2.62922, -0.93858, -0.45024, -0.25037], [-1.85036, 1.7832, 1.06637, 2.70795, -0.90253, -0.40392, -0.25653], [-1.55594, 1.47324, 1.05112, 2.67492, -1.06208, -0.27758, -0.41307], [-1.26153, 1.16328, 1.03586, 2.64189, -1.22162, -0.15125, -0.56962], [-0.96711, 0.85332, 1.02061, 2.60886, -1.38116, -0.02491, -0.72617], [-0.6727, 0.54336, 1.00535, 2.57583, -1.5407, 0.10143, -0.88271], [-0.37828, 0.2334, 0.9901, 2.5428, -1.70024, 0.22776, -1.03926], [-0.12437, -0.03392, 0.97694, 2.51431, -1.83784, 0.33672, -1.17427], [0.1459, -0.07207, 1.21733, 2.37804, -1.60524, 0.32371, -1.38609], [0.41617, -0.11021, 1.45772, 2.24176, -1.37264, 0.3107, -1.59791], [0.68644, -0.14836, 1.6981, 2.10548, -1.14003, 0.29768, -1.80973], [0.95671, -0.18651, 1.93849, 1.9692, -0.90743, 0.28467, -2.02156], [1.15461, -0.21444, 2.11452, 1.86941, -0.73711, 0.27515, -2.17666], [1.31242, -0.11256, 2.02804, 1.6674, -0.75801, -0.08451, -2.36808], [1.47023, -0.01069, 1.94157, 1.46539, -0.77892, -0.44417, -2.5595], [1.62803, 0.09118, 1.85509, 1.26338, -0.79982, -0.80383, -2.75092], [1.78584, 0.19306, 1.76861, 1.06137, -0.82073, -1.16349, -2.94234], [1.81676, 0.21302, 1.75167, 1.02179, -0.82482, -1.23396, -2.97984], [1.67207, 0.30646, 1.75144, 0.8105, -0.99381, -1.21753, -2.59661], [1.52738, 0.39989, 1.75122, 0.59921, -1.16279, -1.2011, -2.21338], [1.3827, 0.49333, 1.751, 0.38792, -1.33178, -1.18466, -1.83015], [1.23801, 0.58677, 1.75078, 0.17663, -1.50077, -1.16823, -1.44692], [1.09332, 0.68021, 1.75055, -0.03466, -1.66975, -1.1518, -1.06369], [0.94864, 0.77365, 1.75033, -0.24595, -1.83874, -1.13536, -0.68046], [0.80395, 0.86708, 1.75011, -0.45724, -2.00772, -1.11893, -0.29723]]
end: [0.73392000000000002, 0.91230999999999995, 1.75, -0.55950999999999995, -2.0895100000000002, -1.1109800000000001, -0.11175]
obtacles: [[[0.6, 0.5, -1.0], [0.9, 0.6, 1.0]], [[0.6, -0.6, -1.0], [0.9, -0.5, 1.0]], [[0.6, -0.6, 0.9], [0.9, 0.6, 1.0]], [[0.6, -0.6, -1.0], [0.9, 0.6, -0.9]], [[0.6, -0.6, 0.3], [0.9, 0.6, 0.4]], [[0.6, -0.6, -0.6], [0.9, 0.6, -0.5]], [[0.6, 0.1, 0.4], [0.9, 0.2, 1.0]], [[0.6, 0.1, -0.6], [0.9, 0.2, 0.4]], [[0.6, 0.2, -1.0], [0.9, 0.3, -0.5]]]
start: [-0.86294999999999999, 1.7478800000000001, 1.6499999999999999, 1.37832, -1.7599, -1.5280400000000001, -0.50427999999999995]
tajectories: [[-0.86295, 1.74788, 1.65, 1.37832, -1.7599, -1.52804, -0.50428], [-0.83447, 1.73067, 1.6032, 1.35942, -2.11522, -1.37273, -0.19449], [-0.80599, 1.71345, 1.55639, 1.34053, -2.47055, -1.21742, 0.1153], [-0.77752, 1.69623, 1.50959, 1.32163, -2.82587, -1.06212, 0.42509], [-0.74904, 1.67902, 1.46278, 1.30273, -3.1812, -0.90681, 0.73487], [-0.72057, 1.6618, 1.41598, 1.28383, -3.53652, -0.7515, 1.04466], [-0.69209, 1.64458, 1.36917, 1.26494, -3.89185, -0.5962, 1.35445], [-0.66361, 1.62737, 1.32237, 1.24604, -4.24717, -0.44089, 1.66424], [-0.66348, 1.62729, 1.32214, 1.24595, -4.24885, -0.44016, 1.6657], [-0.80873, 1.65108, 1.00715, 1.40388, -4.18366, -0.16913, 1.50303], [-0.95399, 1.67488, 0.69215, 1.56182, -4.11847, 0.1019, 1.34036], [-1.09924, 1.69868, 0.37715, 1.71975, -4.05328, 0.37293, 1.17769], [-1.2445, 1.72248, 0.06215, 1.87769, -3.98809, 0.64395, 1.01502], [-1.38975, 1.74628, -0.25285, 2.03562, -3.9229, 0.91498, 0.85235], [-1.53501, 1.77007, -0.56785, 2.19355, -3.85771, 1.18601, 0.68968], [-1.66342, 1.79111, -0.84632, 2.33317, -3.80008, 1.42561, 0.54588], [-1.77244, 1.65205, -1.01227, 2.20753, -3.38288, 1.39345, 0.56482], [-1.88145, 1.51299, -1.17821, 2.08189, -2.96567, 1.36129, 0.58376], [-1.99047, 1.37393, -1.34415, 1.95624, -2.54846, 1.32913, 0.6027], [-2.09949, 1.23487, -1.5101, 1.8306, -2.13126, 1.29697, 0.62164], [-2.2085, 1.09582, -1.67604, 1.70496, -1.71405, 1.26481, 0.64058], [-2.31752, 0.95676, -1.84199, 1.57931, -1.29684, 1.23265, 0.65952], [-2.42654, 0.8177, -2.00793, 1.45367, -0.87964, 1.20049, 0.67846], [-2.43113, 0.81184, -2.01493, 1.44838, -0.86206, 1.19914, 0.67926], [-2.38321, 0.5683, -1.83659, 1.328, -0.74618, 0.84625, 0.74359], [-2.33529, 0.32476, -1.65824, 1.20761, -0.63031, 0.49336, 0.80792], [-2.28737, 0.08123, -1.4799, 1.08723, -0.51443, 0.14047, 0.87226], [-2.23945, -0.16231, -1.30156, 0.96685, -0.39856, -0.21242, 0.93659], [-2.20887, -0.31773, -1.18775, 0.89003, -0.32461, -0.43763, 0.97764], [-2.24798, -0.42295, -0.89597, 0.81726, -0.19408, -0.63946, 0.67899], [-2.2871, -0.52816, -0.60419, 0.74449, -0.06354, -0.84129, 0.38033], [-2.32621, -0.63338, -0.31241, 0.67172, 0.06699, -1.04312, 0.08168], [-2.36533, -0.7386, -0.02063, 0.59895, 0.19752, -1.24495, -0.21697], [-2.40444, -0.84382, 0.27115, 0.52618, 0.32806, -1.44677, -0.51563], [-2.41731, -0.87844, 0.36717, 0.50224, 0.37101, -1.51319, -0.61391], [-2.32985, -0.92632, 0.74554, 0.63976, 0.58129, -1.46167, -0.43753], [-2.24239, -0.97419, 1.12391, 0.77727, 0.79157, -1.41016, -0.26115], [-2.15493, -1.02206, 1.50229, 0.91479, 1.00185, -1.35864, -0.08477]]
end: [-2.12079, -1.0407500000000001, 1.6499999999999999, 0.96848000000000001, 1.08395, -1.33853, -0.015910000000000001]
obtacles: [[[0.6, 0.5, -1.0], [0.9, 0.6, 1.0]], [[0.6, -0.6, -1.0], [0.9, -0.5, 1.0]], [[0.6, -0.6, 0.9], [0.9, 0.6, 1.0]], [[0.6, -0.6, -1.0], [0.9, 0.6, -0.9]], [[0.6, -0.6, 0.3], [0.9, 0.6, 0.4]], [[0.6, -0.6, -0.6], [0.9, 0.6, -0.5]], [[0.6, 0.1, 0.4], [0.9, 0.2, 1.0]], [[0.6, 0.1, -0.6], [0.9, 0.2, 0.4]], [[0.6, 0.2, -1.0], [0.9, 0.3, -0.5]]]
start: [-0.45538000000000001, 1.81731, 1.8999999999999999, 0.71204999999999996, -1.97889, -1.5506800000000001, -0.21135999999999999]
tajectories: [[-0.45538, 1.81731, 1.9, 0.71205, -1.97889, -1.55068, -0.21136], [-0.58915, 1.70645, 1.79166, 0.9337, -2.04766, -1.1919, -0.37103], [-0.72291, 1.59559, 1.68331, 1.15535, -2.11642, -0.83311, -0.5307], [-0.83402, 1.50351, 1.59332, 1.33945, -2.17354, -0.53512, -0.66332], [-0.94019, 1.55448, 1.66139, 1.6035, -2.55107, -0.60931, -0.54611], [-1.04636, 1.60545, 1.72946, 1.86755, -2.9286, -0.6835, -0.42889], [-1.15253, 1.65642, 1.79753, 2.1316, -3.30613, -0.75769, -0.31168], [-1.17237, 1.66595, 1.81024, 2.18095, -3.37668, -0.77155, -0.28978], [-1.14774, 1.53608, 2.03664, 2.30735, -3.00307, -0.62601, -0.3571], [-1.12311, 1.40621, 2.26303, 2.43375, -2.62946, -0.48047, -0.42443], [-1.09848, 1.27635, 2.48942, 2.56015, -2.25585, -0.33494, -0.49175], [-1.08575, 1.20919, 2.60649, 2.62551, -2.06266, -0.25968, -0.52657], [-0.83981, 0.99604, 2.60156, 2.34064, -2.11785, -0.33701, -0.75869], [-0.59387, 0.78288, 2.59664, 2.05578, -2.17303, -0.41434, -0.9908], [-0.34793, 0.56972, 2.59172, 1.77091, -2.22822, -0.49168, -1.22292], [-0.25827, 0.49201, 2.58993, 1.66705, -2.24834, -0.51987, -1.30754], [-0.07587, 0.66059, 2.38811, 1.40774, -2.00204, -0.65988, -1.29935], [0.10653, 0.82916, 2.18628, 1.14843, -1.75573, -0.79989, -1.29117], [0.28893, 0.99774, 1.98446, 0.88911, -1.50943, -0.9399, -1.28298]]
end: [0.36525999999999997, 1.06829, 1.8999999999999999, 0.78059000000000001, -1.40635, -0.99850000000000005, -1.27956]
obtacles: [[[0.6, 0.5, -1.0], [0.9, 0.6, 1.0]], [[0.6, -0.6, -1.0], [0.9, -0.5, 1.0]], [[0.6, -0.6, 0.9], [0.9, 0.6, 1.0]], [[0.6, -0.6, -1.0], [0.9, 0.6, -0.9]], [[0.6, -0.6, 0.3], [0.9, 0.6, 0.4]], [[0.6, -0.6, -0.6], [0.9, 0.6, -0.5]], [[0.6, 0.1, 0.4], [0.9, 0.2, 1.0]], [[0.6, 0.1, -0.6], [0.9, 0.2, 0.4]], [[0.6, 0.2, -1.0], [0.9, 0.3, -0.5]]]
start: [-0.53905000000000003, 1.95838, 1.75, 2.0734499999999998, -1.84036, -1.238, -1.4536]
tajectories: [[-0.53905, 1.95838, 1.75, 2.07345, -1.84036, -1.238, -1.4536], [-0.68682, 1.95909, 1.75, 1.81862, -1.88697, -1.33024, -1.06303], [-0.8346, 1.9598, 1.75, 1.56378, -1.93358, -1.42248, -0.67247], [-0.98237, 1.96051, 1.75, 1.30895, -1.9802, -1.51472, -0.2819]]
end: [-1.03735, 1.96078, 1.75, 1.2141500000000001, -1.9975400000000001, -1.54904, -0.1366]
obtacles: [[[0.6, 0.5, -1.0], [0.9, 0.6, 1.0]], [[0.6, -0.6, -1.0], [0.9, -0.5, 1.0]], [[0.6, -0.6, 0.9], [0.9, 0.6, 1.0]], [[0.6, -0.6, -1.0], [0.9, 0.6, -0.9]], [[0.6, -0.6, 0.3], [0.9, 0.6, 0.4]], [[0.6, -0.6, -0.6], [0.9, 0.6, -0.5]], [[0.6, 0.1, 0.4], [0.9, 0.2, 1.0]], [[0.6, 0.1, -0.6], [0.9, 0.2, 0.4]], [[0.6, 0.2, -1.0], [0.9, 0.3, -0.5]]]
start: [-0.93559999999999999, 1.6783399999999999, 1.75, 1.36782, -1.7137899999999999, -1.4182600000000001, -0.41160999999999998]
tajectories: [[-0.9356, 1.67834, 1.75, 1.36782, -1.71379, -1.41826, -0.41161], [-1.22768, 1.60849, 1.62312, 1.73723, -1.68695, -1.36041, -0.468], [-1.51976, 1.53865, 1.49623, 2.10664, -1.6601, -1.30256, -0.5244], [-1.81184, 1.46881, 1.36935, 2.47605, -1.63326, -1.24471, -0.58079], [-2.10393, 1.39897, 1.24246, 2.84546, -1.60642, -1.18686, -0.63718], [-2.15453, 1.38687, 1.22048, 2.90945, -1.60177, -1.17684, -0.64695], [-2.00921, 1.1896, 1.00959, 2.67603, -1.31005, -1.13569, -0.58207], [-1.8639, 0.99233, 0.7987, 2.44261, -1.01832, -1.09454, -0.51718], [-1.71858, 0.79505, 0.58781, 2.20919, -0.7266, -1.0534, -0.45229], [-1.57327, 0.59778, 0.37692, 1.97576, -0.43488, -1.01225, -0.3874], [-1.42795, 0.40051, 0.16603, 1.74234, -0.14315, -0.9711, -0.32251], [-1.29507, 0.22012, -0.02682, 1.52889, 0.12361, -0.93348, -0.26317], [-1.24656, -0.00106, 0.26115, 1.52869, 0.41615, -0.96507, -0.4341], [-1.19805, -0.22224, 0.54913, 1.52848, 0.7087, -0.99665, -0.60503], [-1.14953, -0.44341, 0.8371, 1.52827, 1.00125, -1.02824, -0.77596], [-1.11814, -0.58655, 1.02347, 1.52814, 1.19057, -1.04868, -0.88657], [-1.40775, -0.66305, 1.23256, 1.41702, 1.09175, -1.15514, -0.59829], [-1.69736, -0.73955, 1.44166, 1.30589, 0.99294, -1.2616, -0.31001], [-1.98696, -0.81604, 1.65075, 1.19477, 0.89412, -1.36807, -0.02173]]
end: [-2.1244299999999998, -0.85235000000000005, 1.75, 1.1420300000000001, 0.84721999999999997, -1.4186000000000001, 0.11511]
obtacles: [[[0.6, 0.5, -1.0], [0.9, 0.6, 1.0]], [[0.6, -0.6, -1.0], [0.9, -0.5, 1.0]], [[0.6, -0.6, 0.9], [0.9, 0.6, 1.0]], [[0.6, -0.6, -1.0], [0.9, 0.6, -0.9]], [[0.6, -0.6, 0.3], [0.9, 0.6, 0.4]], [[0.6, -0.6, -0.6], [0.9, 0.6, -0.5]], [[0.6, 0.1, 0.4], [0.9, 0.2, 1.0]], [[0.6, 0.1, -0.6], [0.9, 0.2, 0.4]], [[0.6, 0.2, -1.0], [0.9, 0.3, -0.5]]]
start: [-2.1406399999999999, -1.7658700000000001, 1.6000000000000001, 1.7878799999999999, -1.37405, 1.5570200000000001, -2.3531599999999999]
tajectories: [[-2.14064, -1.76587, 1.6, 1.78788, -1.37405, 1.55702, -2.35316], [-1.74447, -1.733, 1.66152, 1.99614, -1.3501, 1.35483, -2.29524], [-1.34829, -1.70014, 1.72305, 2.2044, -1.32615, 1.15265, -2.23732], [-0.95212, -1.66728, 1.78457, 2.41266, -1.3022, 0.95046, -2.17941], [-0.55595, -1.63442, 1.8461, 2.62092, -1.27825, 0.74827, -2.12149], [-0.19081, -1.60413, 1.9028, 2.81287, -1.25618, 0.56192, -2.0681], [-0.20731, -1.35008, 1.56068, 2.63875, -1.19755, 0.37653, -2.06404], [-0.22381, -1.09603, 1.21856, 2.46464, -1.13893, 0.19114, -2.05998], [-0.24032, -0.84198, 0.87643, 2.29053, -1.0803, 0.00575, -2.05592], [-0.25682, -0.58793, 0.53431, 2.11642, -1.02168, -0.17965, -2.05186], [-0.27332, -0.33388, 0.19218, 1.94231, -0.96305, -0.36504, -2.0478], [-0.28982, -0.07984, -0.14994, 1.7682, -0.90443, -0.55043, -2.04374], [-0.30633, 0.17421, -0.49206, 1.59409, -0.8458, -0.73583, -2.03968], [-0.31162, 0.25565, -0.60174, 1.53828, -0.82701, -0.79526, -2.03838], [-0.41405, 0.34502, -0.23595, 1.45619, -0.83488, -0.86105, -1.74412], [-0.51648, 0.43438, 0.12984, 1.37409, -0.84275, -0.92684, -1.44986], [-0.61891, 0.52375, 0.49563, 1.292, -0.85061, -0.99262, -1.1556], [-0.72134, 0.61311, 0.86142, 1.20991, -0.85848, -1.05841, -0.86133], [-0.82377, 0.70248, 1.22722, 1.12782, -0.86635, -1.1242, -0.56707], [-0.9262, 0.79184, 1.59301, 1.04572, -0.87422, -1.18999, -0.27281]]
end: [-0.92815999999999999, 0.79354999999999998, 1.6000000000000001, 1.0441499999999999, -0.87436999999999998, -1.1912499999999999, -0.26717999999999997]
obtacles: [[[0.6, 0.5, -1.0], [0.9, 0.6, 1.0]], [[0.6, -0.6, -1.0], [0.9, -0.5, 1.0]], [[0.6, -0.6, 0.9], [0.9, 0.6, 1.0]], [[0.6, -0.6, -1.0], [0.9, 0.6, -0.9]], [[0.6, -0.6, 0.3], [0.9, 0.6, 0.4]], [[0.6, -0.6, -0.6], [0.9, 0.6, -0.5]], [[0.6, 0.1, 0.4], [0.9, 0.2, 1.0]], [[0.6, 0.1, -0.6], [0.9, 0.2, 0.4]], [[0.6, 0.2, -1.0], [0.9, 0.3, -0.5]]]
start: [-0.55752999999999997, 1.8087899999999999, 1.8999999999999999, 0.68037000000000003, -1.9742200000000001, -1.5564199999999999, -0.080180000000000001]
tajectories: [[-0.55753, 1.80879, 1.9, 0.68037, -1.97422, -1.55642, -0.08018], [-0.75742, 1.66765, 1.6961, 1.0511, -1.93246, -1.52331, -0.1711], [-0.95731, 1.52651, 1.49221, 1.42183, -1.8907, -1.4902, -0.26203], [-1.1572, 1.38537, 1.28831, 1.79256, -1.84895, -1.45709, -0.35296], [-1.35709, 1.24423, 1.08441, 2.16329, -1.80719, -1.42398, -0.44388], [-1.52954, 1.12247, 0.90851, 2.48312, -1.77116, -1.39541, -0.52233], [-1.70035, 1.03234, 1.34283, 2.53722, -1.76193, -1.42996, -0.66327], [-1.87115, 0.94221, 1.77714, 2.59133, -1.7527, -1.4645, -0.80422], [-2.04196, 0.85208, 2.21146, 2.64543, -1.74347, -1.49904, -0.94517], [-2.1237, 0.80894, 2.41932, 2.67132, -1.73905, -1.51558, -1.01262], [-1.80819, 0.80655, 2.31821, 2.34744, -1.58851, -1.40857, -0.97782], [-1.49269, 0.80416, 2.2171, 2.02355, -1.43797, -1.30157, -0.94302], [-1.17718, 0.80178, 2.11598, 1.69967, -1.28743, -1.19457, -0.90822], [-0.86167, 0.79939, 2.01487, 1.37578, -1.13689, -1.08757, -0.87342], [-0.54616, 0.797, 1.91376, 1.0519, -0.98634, -0.98056, -0.83862]]
end: [-0.50322999999999996, 0.79668000000000005, 1.8999999999999999, 1.00783, -0.96586000000000005, -0.96601000000000004, -0.83389000000000002]
obtacles: [[[0.6, 0.5, -1.0], [0.9, 0.6, 1.0]], [[0.6, -0.6, -1.0], [0.9, -0.5, 1.0]], [[0.6, -0.6, 0.9], [0.9, 0.6, 1.0]], [[0.6, -0.6, -1.0], [0.9, 0.6, -0.9]], [[0.6, -0.6, 0.3], [0.9, 0.6, 0.4]], [[0.6, -0.6, -0.6], [0.9, 0.6, -0.5]], [[0.6, 0.1, 0.4], [0.9, 0.2, 1.0]], [[0.6, 0.1, -0.6], [0.9, 0.2, 0.4]], [[0.6, 0.2, -1.0], [0.9, 0.3, -0.5]]]
start: [-0.44044, 1.9603299999999999, 1.8500000000000001, 1.23007, -2.0330900000000001, -1.4571700000000001, -0.70743999999999996]
tajectories: [[-0.44044, 1.96033, 1.85, 1.23007, -2.03309, -1.45717, -0.70744], [-0.58581, 1.79798, 1.69097, 1.39177, -2.04856, -1.1169, -0.52022], [-0.73119, 1.63562, 1.53194, 1.55347, -2.06403, -0.77664, -0.33301], [-0.87656, 1.47327, 1.37291, 1.71516, -2.0795, -0.43637, -0.14579], [-1.02194, 1.31091, 1.21388, 1.87686, -2.09498, -0.09611, 0.04142], [-1.16731, 1.14856, 1.05485, 2.03856, -2.11045, 0.24416, 0.22864], [-1.31269, 0.9862, 0.89582, 2.20026, -2.12592, 0.58443, 0.41585], [-1.45806, 0.82384, 0.73679, 2.36196, -2.14139, 0.92469, 0.60307], [-1.46993, 0.81059, 0.72381, 2.37516, -2.14265, 0.95247, 0.61835], [-1.5206, 0.69269, 0.63854, 2.23983, -1.74592, 0.72778, 0.61023], [-1.57127, 0.57478, 0.55326, 2.1045, -1.34919, 0.5031, 0.60211], [-1.62194, 0.45687, 0.46799, 1.96917, -0.95246, 0.27842, 0.594], [-1.67261, 0.33897, 0.38272, 1.83384, -0.55573, 0.05374, 0.58588], [-1.72328, 0.22106, 0.29744, 1.6985, -0.15899, -0.17094, 0.57776], [-1.77396, 0.10315, 0.21217, 1.56317, 0.23774, -0.39562, 0.56964], [-1.79027, 0.06519, 0.18471, 1.5196, 0.36547, -0.46796, 0.56703], [-1.87882, 0.03649, 0.12141, 1.14935, 0.31415, -0.54224, 0.8705], [-1.96737, 0.0078, 0.05812, 0.7791, 0.26284, -0.61651, 1.17397], [-2.05592, -0.0209, -0.00518, 0.40885, 0.21153, -0.69079, 1.47743], [-2.14447, -0.0496, -0.06848, 0.0386, 0.16021, -0.76506, 1.7809], [-2.23302, -0.0783, -0.13178, -0.33165, 0.1089, -0.83934, 2.08437], [-2.29012, -0.0968, -0.17259, -0.57037, 0.07582, -0.88722, 2.28003], [-2.06947, 0.0348, 0.09212, -0.50786, -0.18498, -0.89377, 2.07519], [-1.84882, 0.16639, 0.35683, -0.44535, -0.44578, -0.90032, 1.87035], [-1.62817, 0.29799, 0.62154, -0.38285, -0.70657, -0.90687, 1.66551], [-1.40752, 0.42958, 0.88625, -0.32034, -0.96737, -0.91341, 1.46067], [-1.18687, 0.56118, 1.15096, -0.25783, -1.22817, -0.91996, 1.25583], [-0.96622, 0.69277, 1.41568, -0.19533, -1.48896, -0.92651, 1.05099], [-0.74557, 0.82437, 1.68039, -0.13282, -1.74976, -0.93306, 0.84616]]
end: [-0.60419, 0.90868000000000004, 1.8500000000000001, -0.092770000000000005, -1.91686, -0.93725000000000003, 0.71491000000000005]
obtacles: [[[0.6, 0.5, -1.0], [0.9, 0.6, 1.0]], [[0.6, -0.6, -1.0], [0.9, -0.5, 1.0]], [[0.6, -0.6, 0.9], [0.9, 0.6, 1.0]], [[0.6, -0.6, -1.0], [0.9, 0.6, -0.9]], [[0.6, -0.6, 0.3], [0.9, 0.6, 0.4]], [[0.6, -0.6, -0.6], [0.9, 0.6, -0.5]], [[0.6, 0.1, 0.4], [0.9, 0.2, 1.0]], [[0.6, 0.1, -0.6], [0.9, 0.2, 0.4]], [[0.6, 0.2, -1.0], [0.9, 0.3, -0.5]]]
start: [-1.17805, 1.86541, 1.8500000000000001, 1.6322000000000001, -1.8599399999999999, -1.28592, -0.37069999999999997]
tajectories: [[-1.17805, 1.86541, 1.85, 1.6322, -1.85994, -1.28592, -0.3707], [-1.24217, 1.68566, 1.72448, 1.83601, -1.51518, -1.16043, -0.51792], [-1.30629, 1.5059, 1.59896, 2.03981, -1.17042, -1.03493, -0.66513], [-1.37041, 1.32615, 1.47343, 2.24362, -0.82565, -0.90944, -0.81235], [-1.41877, 1.19056, 1.37875, 2.39735, -0.5656, -0.81478, -0.92339], [-1.59321, 0.91056, 1.64868, 2.5079, -0.38135, -0.74094, -0.7942], [-1.76765, 0.63057, 1.91861, 2.61845, -0.1971, -0.66709, -0.66502], [-1.94209, 0.35058, 2.18854, 2.729, -0.01284, -0.59325, -0.53583], [-2.0478, 0.18091, 2.3521, 2.79599, 0.09881, -0.5485, -0.45755], [-1.78432, 0.06957, 2.31754, 2.41402, 0.13282, -0.49929, -0.58988], [-1.52084, -0.04177, 2.28298, 2.03206, 0.16684, -0.45007, -0.7222], [-1.25737, -0.15311, 2.24842, 1.65009, 0.20085, -0.40086, -0.85453], [-1.24371, -0.15889, 2.24663, 1.63028, 0.20262, -0.39831, -0.86139], [-1.46845, -0.33349, 2.15019, 1.50339, 0.3568, -0.66009, -0.6349], [-1.6932, -0.50809, 2.05376, 1.37649, 0.51098, -0.92187, -0.4084], [-1.91794, -0.6827, 1.95733, 1.24959, 0.66516, -1.18365, -0.1819], [-2.14269, -0.8573, 1.86089, 1.12269, 0.81933, -1.44543, 0.04459]]
end: [-2.1680799999999998, -0.87702999999999998, 1.8500000000000001, 1.10836, 0.83674999999999999, -1.4750000000000001, 0.070180000000000006]
obtacles: [[[0.6, 0.5, -1.0], [0.9, 0.6, 1.0]], [[0.6, -0.6, -1.0], [0.9, -0.5, 1.0]], [[0.6, -0.6, 0.9], [0.9, 0.6, 1.0]], [[0.6, -0.6, -1.0], [0.9, 0.6, -0.9]], [[0.6, -0.6, 0.3], [0.9, 0.6, 0.4]], [[0.6, -0.6, -0.6], [0.9, 0.6, -0.5]], [[0.6, 0.1, 0.4], [0.9, 0.2, 1.0]], [[0.6, 0.1, -0.6], [0.9, 0.2, 0.4]], [[0.6, 0.2, -1.0], [0.9, 0.3, -0.5]]]
start: [-0.49253000000000002, 1.6394500000000001, 1.6499999999999999, 0.97367000000000004, -1.67211, -1.54409, -0.47706999999999999]
tajectories: [[-0.49253, 1.63945, 1.65, 0.97367, -1.67211, -1.54409, -0.47707], [-0.6981, 1.65071, 1.64004, 1.32312, -1.84437, -1.52045, -0.2422], [-0.90368, 1.66198, 1.63009, 1.67258, -2.01663, -1.49682, -0.00732], [-1.10925, 1.67325, 1.62013, 2.02203, -2.18888, -1.47318, 0.22755], [-1.31483, 1.68452, 1.61017, 2.37148, -2.36114, -1.44955, 0.46242], [-1.45523, 1.69221, 1.60337, 2.61015, -2.47878, -1.43341, 0.62283], [-1.4187, 1.36234, 1.70291, 2.29258, -2.35519, -1.32815, 0.57052], [-1.38216, 1.03246, 1.80245, 1.97501, -2.2316, -1.22289, 0.51821], [-1.34563, 0.70259, 1.90199, 1.65745, -2.10801, -1.11763, 0.46589], [-1.30909, 0.37271, 2.00153, 1.33988, -1.98442, -1.01237, 0.41358], [-1.29763, 0.26927, 2.03275, 1.24029, -1.94566, -0.97936, 0.39717], [-1.23039, 0.59816, 2.16544, 1.24025, -1.91482, -0.74257, 0.64753], [-1.16314, 0.92706, 2.29813, 1.2402, -1.88398, -0.50578, 0.89789], [-1.11931, 1.1414, 2.38461, 1.24017, -1.86388, -0.35147, 1.06104], [-0.97035, 1.10289, 2.18794, 0.85338, -1.84066, -0.53227, 0.99167], [-0.82138, 1.06438, 1.99128, 0.46658, -1.81744, -0.71307, 0.92229], [-0.67242, 1.02587, 1.79462, 0.07979, -1.79421, -0.89387, 0.85292]]
end: [-0.56286999999999998, 0.99755000000000005, 1.6499999999999999, -0.20465, -1.7771399999999999, -1.0268299999999999, 0.80189999999999995]
obtacles: [[[0.6, 0.5, -1.0], [0.9, 0.6, 1.0]], [[0.6, -0.6, -1.0], [0.9, -0.5, 1.0]], [[0.6, -0.6, 0.9], [0.9, 0.6, 1.0]], [[0.6, -0.6, -1.0], [0.9, 0.6, -0.9]], [[0.6, -0.6, 0.3], [0.9, 0.6, 0.4]], [[0.6, -0.6, -0.6], [0.9, 0.6, -0.5]], [[0.6, 0.1, 0.4], [0.9, 0.2, 1.0]], [[0.6, 0.1, -0.6], [0.9, 0.2, 0.4]], [[0.6, 0.2, -1.0], [0.9, 0.3, -0.5]]]
start: [-2.1661700000000002, -1.89995, 1.6000000000000001, 1.6706399999999999, -1.2404299999999999, 1.5660700000000001, -2.44232]
tajectories: [[-2.16617, -1.89995, 1.6, 1.67064, -1.24043, 1.56607, -2.44232], [-2.03405, -1.84338, 1.70922, 1.79637, -1.41404, 1.36474, -2.08047], [-1.90194, -1.78682, 1.81844, 1.92211, -1.58764, 1.1634, -1.71862], [-1.76982, -1.73026, 1.92766, 2.04785, -1.76124, 0.96207, -1.35677], [-1.6377, -1.6737, 2.03687, 2.17359, -1.93484, 0.76074, -0.99493], [-1.61983, -1.66605, 2.05165, 2.1906, -1.95832, 0.73351, -0.94598], [-1.50684, -1.36676, 2.03981, 2.32834, -2.05745, 0.39216, -0.89907], [-1.39385, -1.06748, 2.02797, 2.46609, -2.15658, 0.05081, -0.85215], [-1.28087, -0.76819, 2.01613, 2.60383, -2.25571, -0.29054, -0.80524], [-1.26441, -0.72461, 2.0144, 2.62389, -2.27014, -0.34024, -0.7984], [-1.49873, -0.48553, 2.08767, 2.44271, -2.07486, -0.58656, -0.82902], [-1.73304, -0.24645, 2.16094, 2.26154, -1.87957, -0.83288, -0.85964], [-1.96736, -0.00737, 2.23421, 2.08036, -1.68429, -1.07919, -0.89026], [-2.17339, 0.20285, 2.29864, 1.92106, -1.51257, -1.29578, -0.91719], [-1.8841, 0.41008, 2.12171, 1.71532, -1.40279, -1.30008, -0.72312], [-1.59481, 0.61732, 1.94477, 1.50958, -1.293, -1.30437, -0.52906], [-1.30552, 0.82455, 1.76784, 1.30385, -1.18322, -1.30867, -0.33499]]
end: [-1.03111, 1.0211300000000001, 1.6000000000000001, 1.10869, -1.07908, -1.3127500000000001, -0.15090000000000001]
obtacles: [[[0.6, 0.5, -1.0], [0.9, 0.6, 1.0]], [[0.6, -0.6, -1.0], [0.9, -0.5, 1.0]], [[0.6, -0.6, 0.9], [0.9, 0.6, 1.0]], [[0.6, -0.6, -1.0], [0.9, 0.6, -0.9]], [[0.6, -0.6, 0.3], [0.9, 0.6, 0.4]], [[0.6, -0.6, -0.6], [0.9, 0.6, -0.5]], [[0.6, 0.1, 0.4], [0.9, 0.2, 1.0]], [[0.6, 0.1, -0.6], [0.9, 0.2, 0.4]], [[0.6, 0.2, -1.0], [0.9, 0.3, -0.5]]]
start: [-2.2084899999999998, -1.8821099999999999, 1.5, 1.3688, -1.2518199999999999, 1.5662799999999999, -2.71774]
tajectories: [[-2.20849, -1.88211, 1.5, 1.3688, -1.25182, 1.56628, -2.71774], [-1.92683, -1.73435, 1.64873, 1.58294, -1.06726, 1.35293, -2.68207], [-1.64517, -1.58658, 1.79746, 1.79709, -0.88269, 1.13958, -2.64641], [-1.36351, -1.43882, 1.94619, 2.01123, -0.69813, 0.92624, -2.61074], [-1.08184, -1.29105, 2.09493, 2.22538, -0.51357, 0.71289, -2.57508], [-0.80018, -1.14328, 2.24366, 2.43952, -0.329, 0.49954, -2.53941], [-0.51852, -0.99552, 2.39239, 2.65367, -0.14444, 0.28619, -2.50375], [-0.24441, -0.85172, 2.53713, 2.86207, 0.03517, 0.07856, -2.46904], [-0.51638, -0.56698, 2.4894, 2.6802, -0.02558, -0.13607, -2.36981], [-0.78835, -0.28224, 2.44167, 2.49834, -0.08633, -0.3507, -2.27058], [-1.06032, 0.0025, 2.39395, 2.31648, -0.14708, -0.56533, -2.17134], [-1.33229, 0.28724, 2.34622, 2.13462, -0.20783, -0.77997, -2.07211], [-1.58589, 0.55274, 2.30171, 1.96504, -0.26448, -0.9801, -1.97959], [-1.42903, 0.59277, 2.11943, 1.78148, -0.37663, -1.05547, -1.60728], [-1.27218, 0.6328, 1.93715, 1.59792, -0.48877, -1.13084, -1.23497], [-1.11532, 0.67284, 1.75486, 1.41436, -0.60092, -1.20621, -0.86265], [-0.95846, 0.71287, 1.57258, 1.2308, -0.71307, -1.28158, -0.49034]]
end: [-0.89600999999999997, 0.72880999999999996, 1.5, 1.15771, -0.75771999999999995, -1.31159, -0.34210000000000002]
obtacles: [[[0.6, 0.5, -1.0], [0.9, 0.6, 1.0]], [[0.6, -0.6, -1.0], [0.9, -0.5, 1.0]], [[0.6, -0.6, 0.9], [0.9, 0.6, 1.0]], [[0.6, -0.6, -1.0], [0.9, 0.6, -0.9]], [[0.6, -0.6, 0.3], [0.9, 0.6, 0.4]], [[0.6, -0.6, -0.6], [0.9, 0.6, -0.5]], [[0.6, 0.1, 0.4], [0.9, 0.2, 1.0]], [[0.6, 0.1, -0.6], [0.9, 0.2, 0.4]], [[0.6, 0.2, -1.0], [0.9, 0.3, -0.5]]]
start: [-2.19713, -1.9709700000000001, 1.45, 1.5983499999999999, -1.1709700000000001, 1.44882, -2.5369799999999998]
tajectories: [[-2.19713, -1.97097, 1.45, 1.59835, -1.17097, 1.44882, -2.53698], [-1.8965, -1.84273, 1.38273, 1.72433, -1.00053, 1.20193, -2.35593], [-1.59588, -1.7145, 1.31545, 1.85031, -0.83009, 0.95504, -2.17488], [-1.29525, -1.58627, 1.24818, 1.97629, -0.65965, 0.70815, -1.99382], [-0.99462, -1.45804, 1.1809, 2.10227, -0.48921, 0.46126, -1.81277], [-0.694, -1.32981, 1.11363, 2.22825, -0.31877, 0.21437, -1.63172], [-0.57529, -1.27918, 1.08706, 2.27799, -0.25147, 0.11688, -1.56023], [-0.61441, -0.99543, 1.06178, 2.17717, -0.40206, -0.24975, -1.55262], [-0.65354, -0.71168, 1.03651, 2.07635, -0.55264, -0.61638, -1.54502], [-0.69266, -0.42793, 1.01123, 1.97553, -0.70323, -0.98301, -1.53742], [-0.73178, -0.14418, 0.98595, 1.87471, -0.85382, -1.34964, -1.52981], [-0.73358, -0.13117, 0.98479, 1.87008, -0.86072, -1.36646, -1.52946], [-0.75508, -0.18019, 0.77679, 1.85076, -1.08132, -1.2899, -1.14349], [-0.77658, -0.22921, 0.5688, 1.83144, -1.30191, -1.21334, -0.75751], [-0.77978, -0.23652, 0.53776, 1.82856, -1.33482, -1.20192, -0.69993], [-0.78129, 0.05011, 0.69785, 1.53066, -1.26802, -1.21318, -0.47885], [-0.7828, 0.33674, 0.85793, 1.23276, -1.20122, -1.22445, -0.25776], [-0.7843, 0.62338, 1.01801, 0.93486, -1.13442, -1.23571, -0.03668], [-0.78581, 0.91001, 1.1781, 0.63695, -1.06762, -1.24697, 0.18441]]
end: [-0.78649000000000002, 1.0387599999999999, 1.25, 0.50314999999999999, -1.03762, -1.25203, 0.28371000000000002]
obtacles: [[[0.6, 0.5, -1.0], [0.9, 0.6, 1.0]], [[0.6, -0.6, -1.0], [0.9, -0.5, 1.0]], [[0.6, -0.6, 0.9], [0.9, 0.6, 1.0]], [[0.6, -0.6, -1.0], [0.9, 0.6, -0.9]], [[0.6, -0.6, 0.3], [0.9, 0.6, 0.4]], [[0.6, -0.6, -0.6], [0.9, 0.6, -0.5]], [[0.6, 0.1, 0.4], [0.9, 0.2, 1.0]], [[0.6, 0.1, -0.6], [0.9, 0.2, 0.4]], [[0.6, 0.2, -1.0], [0.9, 0.3, -0.5]]]
start: [-1.05548, 1.9177200000000001, 1.5, 1.85843, -1.9231400000000001, -1.53813, -0.80954000000000004]
tajectories: [[-1.05548, 1.91772, 1.5, 1.85843, -1.92314, -1.53813, -0.80954], [-1.25343, 1.87288, 1.16308, 1.815, -1.88331, -1.29092, -0.98477], [-1.45137, 1.82803, 0.82616, 1.77156, -1.84347, -1.04371, -1.16], [-1.64932, 1.78319, 0.48924, 1.72813, -1.80364, -0.7965, -1.33523], [-1.84726, 1.73835, 0.15232, 1.6847, -1.7638, -0.54929, -1.51047], [-2.04521, 1.6935, -0.1846, 1.64127, -1.72397, -0.30208, -1.6857], [-2.24315, 1.64866, -0.52152, 1.59784, -1.68414, -0.05488, -1.86093], [-2.40742, 1.61144, -0.80112, 1.5618, -1.65108, 0.15027, -2.00635], [-2.29454, 1.24969, -0.82042, 1.7971, -1.78084, 0.19121, -2.18564], [-2.18166, 0.88794, -0.83972, 2.0324, -1.9106, 0.23214, -2.36493], [-2.06879, 0.5262, -0.85902, 2.2677, -2.04036, 0.27308, -2.54422], [-1.95591, 0.16445, -0.87832, 2.503, -2.17012, 0.31402, -2.72351], [-1.84304, -0.1973, -0.89763, 2.7383, -2.29987, 0.35495, -2.9028], [-1.7975, -0.34324, -0.90541, 2.83322, -2.35222, 0.37147, -2.97514], [-1.74885, -0.66511, -0.68349, 2.73645, -2.17384, 0.56921, -2.85474], [-1.7002, -0.98698, -0.46156, 2.63967, -1.99547, 0.76696, -2.73435], [-1.65155, -1.30885, -0.23963, 2.54289, -1.81709, 0.9647, -2.61395], [-1.6029, -1.63072, -0.0177, 2.44611, -1.63871, 1.16244, -2.49356], [-1.60117, -1.64219, -0.00979, 2.44266, -1.63235, 1.16949, -2.48927], [-1.7086, -1.49082, 0.32023, 2.15262, -1.73913, 1.18891, -2.59285], [-1.81604, -1.33946, 0.65025, 1.86258, -1.84591, 1.20832, -2.69644], [-1.92348, -1.18809, 0.98027, 1.57254, -1.95269, 1.22774, -2.80003], [-2.03092, -1.03672, 1.31029, 1.2825, -2.05948, 1.24716, -2.90361]]
end: [-2.0926800000000001, -0.94971000000000005, 1.5, 1.1157699999999999, -2.12086, 1.2583200000000001, -2.9631599999999998]
