obtacles: [[[0.6, 0.5, -1.0], [0.9, 0.6, 1.0]], [[0.6, -0.6, -1.0], [0.9, -0.5, 1.0]], [[0.6, -0.6, 0.9], [0.9, 0.6, 1.0]], [[0.6, -0.6, -1.0], [0.9, 0.6, -0.9]], [[0.6, -0.6, 0.4], [0.9, 0.6, 0.5]], [[0.6, -0.6, -0.5], [0.9, 0.6, -0.4]], [[0.6, 0.0, 0.5], [0.9, 0.1, 1.0]], [[0.6, 0.1, -0.5], [0.9, 0.2, 0.5]], [[0.6, 0.2, -1.0], [0.9, 0.3, -0.4]]]
start: [0.99990000000000001, 1.67628, -1.6000000000000001, 1.6556999999999999, -1.4680899999999999, 1.5329299999999999, -2.4892799999999999]
tajectories: [[0.9999, 1.67628, -1.6, 1.6557, -1.46809, 1.53293, -2.48928], [1.09538, 1.53637, -1.17971, 1.73338, -1.43733, 1.35558, -2.56823], [1.19087, 1.39646, -0.75942, 1.81106, -1.40657, 1.17824, -2.64718], [1.28635, 1.25655, -0.33913, 1.88875, -1.37582, 1.0009, -2.72612], [1.38184, 1.11664, 0.08116, 1.96643, -1.34506, 0.82356, -2.80507], [1.47732, 0.97673, 0.50145, 2.04412, -1.3143, 0.64622, -2.88402], [1.57281, 0.83682, 0.92174, 2.1218, -1.28354, 0.46887, -2.96297], [1.58207, 0.82325, 0.96253, 2.12934, -1.28056, 0.45166, -2.97063], [1.51766, 0.50208, 0.93754, 2.11795, -1.23918, 0.28325, -2.63615], [1.45324, 0.18091, 0.91254, 2.10656, -1.19781, 0.11483, -2.30168], [1.38883, -0.14026, 0.88754, 2.09518, -1.15643, -0.05358, -1.96721], [1.32441, -0.46142, 0.86255, 2.08379, -1.11506, -0.222, -1.63273], [1.25999, -0.78259, 0.83755, 2.0724, -1.07368, -0.39041, -1.29826], [1.2299, -0.93265, 0.82587, 2.06708, -1.05435, -0.4691, -1.14198], [1.30199, -1.00216, 0.62842, 2.14232, -0.97452, -0.71133, -0.78104], [1.37409, -1.07167, 0.43096, 2.21757, -0.8947, -0.95356, -0.42011], [1.44619, -1.14117, 0.23351, 2.29281, -0.81487, -1.1958, -0.05918], [1.51828, -1.21068, 0.03606, 2.36806, -0.73504, -1.43803, 0.30176], [1.55232, -1.2435, -0.05718, 2.40358, -0.69735, -1.5524, 0.47218], [1.68002, -1.1715, -0.38095, 2.08172, -0.76342, -1.47373, 0.37454], [1.80772, -1.0995, -0.70472, 1.75986, -0.82948, -1.39506, 0.27691], [1.93542, -1.0275, -1.02849, 1.438, -0.89555, -1.31639, 0.17927], [2.06313, -0.9555, -1.35226, 1.11613, -0.96161, -1.23772, 0.08163]]
end: [2.1608399999999999, -0.90041000000000004, -1.6000000000000001, 0.86985000000000001, -1.0121599999999999, -1.17753, 0.0069300000000000004]
obtacles: [[[0.6, 0.5, -1.0], [0.9, 0.6, 1.0]], [[0.6, -0.6, -1.0], [0.9, -0.5, 1.0]], [[0.6, -0.6, 0.9], [0.9, 0.6, 1.0]], [[0.6, -0.6, -1.0], [0.9, 0.6, -0.9]], [[0.6, -0.6, 0.4], [0.9, 0.6, 0.5]], [[0.6, -0.6, -0.5], [0.9, 0.6, -0.4]], [[0.6, 0.0, 0.5], [0.9, 0.1, 1.0]], [[0.6, 0.1, -0.5], [0.9, 0.2, 0.5]], [[0.6, 0.2, -1.0], [0.9, 0.3, -0.4]]]
start: [2.5024199999999999, -1.6555500000000001, -1.3999999999999999, 1.05989, -1.7290000000000001, -1.4642599999999999, -0.40500000000000003]
tajectories: [[2.50242, -1.65555, -1.4, 1.05989, -1.729, -1.46426, -0.405], [2.37214, -1.68657, -1.3731, 1.21785, -1.91517, -1.20873, -0.07875], [2.24186, -1.71758, -1.34619, 1.37582, -2.10133, -0.95321, 0.2475], [2.11158, -1.74859, -1.31929, 1.53379, -2.28749, -0.69769, 0.57375], [1.9813, -1.77961, -1.29239, 1.69175, -2.47366, -0.44216, 0.9], [1.85102, -1.81062, -1.26548, 1.84972, -2.65982, -0.18664, 1.22625], [1.80654, -1.82121, -1.2563, 1.90365, -2.72337, -0.0994, 1.33763], [1.61106, -1.64621, -1.15911, 1.84981, -2.43713, -0.38065, 1.42586], [1.41559, -1.47122, -1.06192, 1.79598, -2.15088, -0.6619, 1.5141], [1.22012, -1.29623, -0.96473, 1.74215, -1.86464, -0.94315, 1.60233], [1.06338, -1.15591, -0.8868, 1.69899, -1.63512, -1.16866, 1.67308], [1.25217, -0.93345, -1.16798, 1.72743, -1.55544, -1.25455, 1.94006], [1.44096, -0.71098, -1.44915, 1.75587, -1.47577, -1.34043, 2.20703], [1.62974, -0.48852, -1.73033, 1.78431, -1.39609, -1.42631, 2.47401], [1.81853, -0.26605, -2.0115, 1.81276, -1.31642, -1.5122, 2.74098], [1.90573, -0.1633, -2.14137, 1.82589, -1.27962, -1.55186, 2.86429], [1.73989, -0.01423, -2.03489, 1.59812, -1.37222, -1.19435, 2.83859], [1.57405, 0.13485, -1.92841, 1.37034, -1.46482, -0.83683, 2.81289], [1.40821, 0.28393, -1.82194, 1.14256, -1.55742, -0.47931, 2.78719], [1.24237, 0.43301, -1.71546, 0.91478, -1.65001, -0.1218, 2.7615], [1.07653, 0.58208, -1.60898, 0.687, -1.74261, 0.23572, 2.7358], [0.91069, 0.73116, -1.5025, 0.45922, -1.83521, 0.59323, 2.7101]]
end: [0.75104000000000004, 0.87468000000000001, -1.3999999999999999, 0.23995, -1.9243600000000001, 0.93740999999999997, 2.6853600000000002]
obtacles: [[[0.6, 0.5, -1.0], [0.9, 0.6, 1.0]], [[0.6, -0.6, -1.0], [0.9, -0.5, 1.0]], [[0.6, -0.6, 0.9], [0.9, 0.6, 1.0]], [[0.6, -0.6, -1.0], [0.9, 0.6, -0.9]], [[0.6, -0.6, 0.4], [0.9, 0.6, 0.5]], [[0.6, -0.6, -0.5], [0.9, 0.6, -0.4]], [[0.6, 0.0, 0.5], [0.9, 0.1, 1.0]], [[0.6, 0.1, -0.5], [0.9, 0.2, 0.5]], [[0.6, 0.2, -1.0], [0.9, 0.3, -0.4]]]
start: [2.3445200000000002, -1.9495499999999999, -1.5, 1.5031600000000001, -1.9537500000000001, -1.5302, -0.68464000000000003]
tajectories: [[2.34452, -1.94955, -1.5, 1.50316, -1.95375, -1.5302, -0.68464], [2.30474, -1.76954, -1.48603, 1.61421, -2.33277, -1.48751, -0.9255], [2.26495, -1.58954, -1.47205, 1.72526, -2.71178, -1.44482, -1.16636], [2.22517, -1.40954, -1.45808, 1.83632, -3.0908, -1.40213, -1.40721], [2.18538, -1.22953, -1.4441, 1.94737, -3.46981, -1.35944, -1.64807], [2.14804, -1.06058, -1.43099, 2.05161, -3.82557, -1.31937, -1.87415], [1.98973, -0.89041, -1.41456, 2.0436, -3.39889, -1.23331, -1.95283], [1.83142, -0.72024, -1.39814, 2.03559, -2.97222, -1.14725, -2.0315], [1.67312, -0.55008, -1.38171, 2.02757, -2.54554, -1.06119, -2.11018], [1.51481, -0.37991, -1.36528, 2.01956, -2.11887, -0.97513, -2.18885], [1.3565, -0.20974, -1.34886, 2.01154, -1.69219, -0.88907, -2.26753], [1.28702, -0.13506, -1.34165, 2.00803, -1.50493, -0.8513, -2.30206], [1.4512, 0.14058, -1.15739, 2.21555, -1.41338, -0.72722, -2.08696], [1.61539, 0.41623, -0.97313, 2.42307, -1.32183, -0.60314, -1.87186], [1.77958, 0.69187, -0.78886, 2.6306, -1.23029, -0.47905, -1.65676], [1.93189, 0.94757, -0.61793, 2.82311, -1.14536, -0.36395, -1.45722], [2.05067, 0.97123, -1.00973, 2.75165, -0.95027, -0.49315, -1.30902], [2.16946, 0.99488, -1.40152, 2.68018, -0.75518, -0.62235, -1.16082], [2.28825, 1.01853, -1.79332, 2.60872, -0.56009, -0.75156, -1.01262], [2.40704, 1.04218, -2.18512, 2.53725, -0.365, -0.88076, -0.86442], [2.48364, 1.05744, -2.43778, 2.49117, -0.23919, -0.96408, -0.76884], [2.2073, 1.00737, -2.26766, 2.21832, -0.04199, -1.00934, -0.60513], [1.93095, 0.9573, -2.09754, 1.94547, 0.15521, -1.05461, -0.44142], [1.6546, 0.90723, -1.92742, 1.67262, 0.35241, -1.09987, -0.27771], [1.37825, 0.85717, -1.7573, 1.39978, 0.54961, -1.14513, -0.114], [1.1019, 0.8071, -1.58718, 1.12693, 0.74681, -1.19039, 0.04972]]
end: [0.96028000000000002, 0.78144000000000002, -1.5, 0.98709999999999998, 0.84787000000000001, -1.2135899999999999, 0.13361000000000001]
obtacles: [[[0.6, 0.5, -1.0], [0.9, 0.6, 1.0]], [[0.6, -0.6, -1.0], [0.9, -0.5, 1.0]], [[0.6, -0.6, 0.9], [0.9, 0.6, 1.0]], [[0.6, -0.6, -1.0], [0.9, 0.6, -0.9]], [[0.6, -0.6, 0.4], [0.9, 0.6, 0.5]], [[0.6, -0.6, -0.5], [0.9, 0.6, -0.4]], [[0.6, 0.0, 0.5], [0.9, 0.1, 1.0]], [[0.6, 0.1, -0.5], [0.9, 0.2, 0.5]], [[0.6, 0.2, -1.0], [0.9, 0.3, -0.4]]]
start: [-1.9713700000000001, -1.4926699999999999, 1.55, 1.5360799999999999, -1.64818, 1.5473699999999999, -2.7740200000000002]
tajectories: [[-1.97137, -1.49267, 1.55, 1.53608, -1.64818, 1.54737, -2.77402], [-1.84532, -1.25308, 1.69247, 1.84248, -1.89169, 1.50126, -2.80723], [-1.71927, -1.01348, 1.83495, 2.14888, -2.13521, 1.45515, -2.84043], [-1.59323, -0.77389, 1.97742, 2.45528, -2.37872, 1.40904, -2.87364], [-1.46718, -0.5343, 2.11989, 2.76168, -2.62224, 1.36293, -2.90685], [-1.36758, -0.34498, 2.23247, 3.00378, -2.81465, 1.3265, -2.93309], [-1.51281, -0.13028, 2.17155, 3.00211, -2.57509, 1.21409, -2.60282], [-1.65803, 0.08441, 2.11064, 3.00044, -2.33553, 1.10169, -2.27255], [-1.80326, 0.29911, 2.04972, 2.99878, -2.09597, 0.98928, -1.94228], [-1.94848, 0.51381, 1.9888, 2.99711, -1.85641, 0.87688, -1.61201], [-2.00315, 0.59463, 1.96588, 2.99648, -1.76624, 0.83457, -1.4877], [-2.08085, 0.60645, 1.80568, 2.62086, -1.57859, 0.77622, -1.2916], [-2.15855, 0.61828, 1.64549, 2.24524, -1.39094, 0.71788, -1.09551], [-2.23625, 0.6301, 1.4853, 1.86962, -1.20328, 0.65953, -0.89941], [-2.28632, 0.63772, 1.38208, 1.6276, -1.08237, 0.62194, -0.77306], [-2.03333, 0.63244, 1.54419, 1.40617, -1.09304, 0.58075, -0.44313], [-1.78034, 0.62715, 1.7063, 1.18475, -1.10371, 0.53956, -0.11321], [-1.52735, 0.62187, 1.86841, 0.96333, -1.11438, 0.49837, 0.21672], [-1.3319, 0.61778, 1.99364, 0.79227, -1.12262, 0.46654, 0.47161], [-1.20897, 0.7034, 1.86788, 0.76945, -1.1152, 0.02068, 0.36038], [-1.08603, 0.78901, 1.74211, 0.74663, -1.10778, -0.42518, 0.24915], [-0.96309, 0.87463, 1.61634, 0.72381, -1.10036, -0.87104, 0.13792]]
end: [-0.89824999999999999, 0.91978000000000004, 1.55, 0.71177000000000001, -1.0964499999999999, -1.1062099999999999, 0.079250000000000001]
obtacles: [[[0.6, 0.5, -1.0], [0.9, 0.6, 1.0]], [[0.6, -0.6, -1.0], [0.9, -0.5, 1.0]], [[0.6, -0.6, 0.9], [0.9, 0.6, 1.0]], [[0.6, -0.6, -1.0], [0.9, 0.6, -0.9]], [[0.6, -0.6, 0.4], [0.9, 0.6, 0.5]], [[0.6, -0.6, -0.5], [0.9, 0.6, -0.4]], [[0.6, 0.0, 0.5], [0.9, 0.1, 1.0]], [[0.6, 0.1, -0.5], [0.9, 0.2, 0.5]], [[0.6, 0.2, -1.0], [0.9, 0.3, -0.4]]]
start: [-2.1679900000000001, -1.6174900000000001, 1.55, 1.6142799999999999, -1.5250300000000001, 1.5480100000000001, -2.5019200000000001]
tajectories: [[-2.16799, -1.61749, 1.55, 1.61428, -1.52503, 1.54801, -2.50192], [-2.07736, -1.57984, 1.68468, 1.84166, -1.73495, 1.50192, -2.1493], [-1.98673, -1.54218, 1.81935, 2.06904, -1.94487, 1.45583, -1.79668], [-1.8961, -1.50452, 1.95403, 2.29642, -2.15479, 1.40973, -1.44406], [-1.80547, -1.46687, 2.0887, 2.5238, -2.3647, 1.36364, -1.09145], [-1.71484, -1.42921, 2.22338, 2.75118, -2.57462, 1.31755, -0.73883], [-1.62421, -1.39156, 2.35805, 2.97855, -2.78454, 1.27146, -0.38621], [-1.61409, -1.38735, 2.37309, 3.00395, -2.80799, 1.26631, -0.34682], [-1.34398, -1.33549, 2.10921, 2.85999, -3.07133, 1.31512, -0.45751], [-1.07386, -1.28363, 1.84532, 2.71603, -3.33468, 1.36393, -0.5682], [-0.80375, -1.23177, 1.58143, 2.57207, -3.59803, 1.41275, -0.67889], [-0.53364, -1.17991, 1.31754, 2.42811, -3.86138, 1.46156, -0.78958], [-0.26352, -1.12805, 1.05365, 2.28415, -4.12473, 1.51037, -0.90027], [-0.22941, -1.1215, 1.02033, 2.26597, -4.15799, 1.51653, -0.91425], [-0.2821, -0.971, 0.71947, 2.13173, -4.25966, 1.27669, -1.13373], [-0.33478, -0.82051, 0.41861, 1.99748, -4.36134, 1.03685, -1.35321], [-0.38747, -0.67001, 0.11774, 1.86323, -4.46301, 0.79701, -1.5727], [-0.44015, -0.51951, -0.18312, 1.72898, -4.56469, 0.55717, -1.79218], [-0.47648, -0.41575, -0.39054, 1.63642, -4.63478, 0.39182, -1.9435], [-0.53703, -0.18277, -0.15743, 1.4706, -4.44672, 0.59166, -2.13036], [-0.59758, 0.0502, 0.07567, 1.30478, -4.25865, 0.7915, -2.31721], [-0.65813, 0.28318, 0.30878, 1.13896, -4.07058, 0.99134, -2.50407], [-0.71868, 0.51615, 0.54189, 0.97314, -3.88251, 1.19118, -2.69092], [-0.77923, 0.74913, 0.775, 0.80732, -3.69444, 1.39102, -2.87777]]
end: [-0.78571999999999997, 0.77410999999999996, 0.80000000000000004, 0.78954000000000002, -3.6742699999999999, 1.41245, -2.8978100000000002]
obtacles: [[[0.6, 0.5, -1.0], [0.9, 0.6, 1.0]], [[0.6, -0.6, -1.0], [0.9, -0.5, 1.0]], [[0.6, -0.6, 0.9], [0.9, 0.6, 1.0]], [[0.6, -0.6, -1.0], [0.9, 0.6, -0.9]], [[0.6, -0.6, 0.4], [0.9, 0.6, 0.5]], [[0.6, -0.6, -0.5], [0.9, 0.6, -0.4]], [[0.6, 0.0, 0.5], [0.9, 0.1, 1.0]], [[0.6, 0.1, -0.5], [0.9, 0.2, 0.5]], [[0.6, 0.2, -1.0], [0.9, 0.3, -0.4]]]
start: [-0.88344, 1.93621, 1.5, 1.80105, -1.94232, -1.5535699999999999, -0.92745999999999995]
tajectories: [[-0.88344, 1.93621, 1.5, 1.80105, -1.94232, -1.55357, -0.92746], [-0.95627, 1.8273, 1.37979, 1.96451, -1.96311, -1.13483, -0.80138], [-1.02911, 1.71839, 1.25958, 2.12797, -1.9839, -0.7161, -0.67529], [-1.10194, 1.60949, 1.13937, 2.29143, -2.0047, -0.29737, -0.54921], [-1.17478, 1.50058, 1.01916, 2.45488, -2.02549, 0.12136, -0.42312], [-1.24761, 1.39168, 0.89895, 2.61834, -2.04628, 0.54009, -0.29704], [-1.2924, 1.3247, 0.82503, 2.71887, -2.05907, 0.79761, -0.2195], [-1.49903, 1.13145, 0.54785, 2.47231, -1.93556, 0.72385, -0.11158], [-1.70566, 0.9382, 0.27067, 2.22576, -1.81205, 0.65009, -0.00366], [-1.91228, 0.74495, -0.0065, 1.9792, -1.68854, 0.57632, 0.10426], [-2.11891, 0.55169, -0.28368, 1.73264, -1.56503, 0.50256, 0.21218], [-2.32553, 0.35844, -0.56086, 1.48609, -1.44152, 0.42879, 0.3201], [-2.49948, 0.19575, -0.7942, 1.27852, -1.33755, 0.36669, 0.41096], [-2.41662, -0.04015, -0.54739, 1.24712, -1.15035, 0.35007, 0.7114], [-2.33375, -0.27604, -0.30058, 1.21572, -0.96316, 0.33346, 1.01184], [-2.25088, -0.51194, -0.05376, 1.18432, -0.77597, 0.31684, 1.31229], [-2.16802, -0.74784, 0.19305, 1.15292, -0.58878, 0.30022, 1.61273], [-2.08515, -0.98374, 0.43987, 1.12152, -0.40159, 0.2836, 1.91317], [-2.06789, -1.03287, 0.49127, 1.11498, -0.36261, 0.28014, 1.97575], [-2.11801, -1.01182, 0.67593, 1.05516, -0.12544, 0.04643, 1.6619], [-2.16813, -0.99077, 0.86059, 0.99534, 0.11173, -0.18728, 1.34806], [-2.21824, -0.96972, 1.04525, 0.93552, 0.3489, -0.421, 1.03421], [-2.26836, -0.94867, 1.22991, 0.8757, 0.58607, -0.65471, 0.72037], [-2.31848, -0.92762, 1.41457, 0.81589, 0.82324, -0.88842, 0.40652], [-2.3686, -0.90657, 1.59922, 0.75607, 1.0604, -1.12213, 0.09268]]
end: [-2.3688099999999999, -0.90647999999999995, 1.6000000000000001, 0.75582000000000005, 1.0613999999999999, -1.1231100000000001, 0.091359999999999997]
obtacles: [[[0.6, 0.5, -1.0], [0.9, 0.6, 1.0]], [[0.6, -0.6, -1.0], [0.9, -0.5, 1.0]], [[0.6, -0.6, 0.9], [0.9, 0.6, 1.0]], [[0.6, -0.6, -1.0], [0.9, 0.6, -0.9]], [[0.6, -0.6, 0.4], [0.9, 0.6, 0.5]], [[0.6, -0.6, -0.5], [0.9, 0.6, -0.4]], [[0.6, 0.0, 0.5], [0.9, 0.1, 1.0]], [[0.6, 0.1, -0.5], [0.9, 0.2, 0.5]], [[0.6, 0.2, -1.0], [0.9, 0.3, -0.4]]]
start: [0.61187000000000002, 0.94352999999999998, 2.0, 0.00064000000000000005, -1.9995799999999999, -0.94325999999999999, -0.61258999999999997]
tajectories: [[0.61187, 0.94353, 2.0, 0.00064, -1.99958, -0.94326, -0.61259], [0.5201, 0.93976, 2.04534, 0.34289, -1.90002, -0.91119, -0.9464], [0.42832, 0.93599, 2.09069, 0.68515, -1.80046, -0.87912, -1.2802], [0.33654, 0.93222, 2.13603, 1.02741, -1.7009, -0.84706, -1.61401], [0.24476, 0.92845, 2.18137, 1.36967, -1.60134, -0.81499, -1.94781], [0.15298, 0.92468, 2.22672, 1.71192, -1.50178, -0.78292, -2.28162], [0.06121, 0.92091, 2.27206, 2.05418, -1.40222, -0.75085, -2.61542], [0.05913, 0.92082, 2.27308, 2.06192, -1.39997, -0.75012, -2.62297], [-0.12055, 1.02104, 1.96941, 2.22767, -1.67869, -0.65002, -2.63948], [-0.30023, 1.12127, 1.66573, 2.39342, -1.95741, -0.54993, -2.65599], [-0.47991, 1.22149, 1.36205, 2.55917, -2.23612, -0.44983, -2.67249], [-0.52863, 1.24866, 1.27972, 2.6041, -2.31168, -0.42269, -2.67697], [-0.62208, 1.24273, 1.24472, 2.60689, -2.15596, -0.34245, -2.21946], [-0.71554, 1.23681, 1.20972, 2.60968, -2.00024, -0.26221, -1.76196], [-0.809, 1.23088, 1.17472, 2.61247, -1.84452, -0.18197, -1.30445], [-0.90246, 1.22496, 1.13972, 2.61525, -1.6888, -0.10173, -0.84695], [-0.99592, 1.21903, 1.10473, 2.61804, -1.53308, -0.0215, -0.38944], [-1.07262, 1.21417, 1.076, 2.62033, -1.40528, 0.04436, -0.01396], [-1.02615, 1.34303, 1.29252, 2.33738, -1.50904, -0.24453, -0.11433], [-0.97967, 1.4719, 1.50904, 2.05443, -1.61279, -0.53341, -0.2147], [-0.9332, 1.60076, 1.72556, 1.77148, -1.71655, -0.82229, -0.31507], [-0.88672, 1.72963, 1.94207, 1.48853, -1.8203, -1.11117, -0.41544]]
end: [-0.87429000000000001, 1.7641100000000001, 2.0, 1.41283, -1.84806, -1.1884600000000001, -0.44229000000000002]
obtacles: [[[0.6, 0.5, -1.0], [0.9, 0.6, 1.0]], [[0.6, -0.6, -1.0], [0.9, -0.5, 1.0]], [[0.6, -0.6, 0.9], [0.9, 0.6, 1.0]], [[0.6, -0.6, -1.0], [0.9, 0.6, -0.9]], [[0.6, -0.6, 0.4], [0.9, 0.6, 0.5]], [[0.6, -0.6, -0.5], [0.9, 0.6, -0.4]], [[0.6, 0.0, 0.5], [0.9, 0.1, 1.0]], [[0.6, 0.1, -0.5], [0.9, 0.2, 0.5]], [[0.6, 0.2, -1.0], [0.9, 0.3, -0.4]]]
start: [-2.0935299999999999, -1.50224, 1.55, 1.6730799999999999, -1.64113, 1.55715, -2.5153799999999999]
tajectories: [[-2.09353, -1.50224, 1.55, 1.67308, -1.64113, 1.55715, -2.51538], [-1.8471, -1.42143, 1.48073, 1.9338, -1.82205, 1.28427, -2.46272], [-1.60066, -1.34061, 1.41147, 2.19451, -2.00297, 1.01139, -2.41005], [-1.35423, -1.2598, 1.3422, 2.45523, -2.18389, 0.73851, -2.35739], [-1.10779, -1.17899, 1.27294, 2.71594, -2.36481, 0.46563, -2.30473], [-0.98927, -1.14013, 1.23962, 2.84132, -2.45182, 0.3344, -2.27941], [-0.88298, -0.8469, 1.41319, 2.57233, -2.66303, 0.28394, -2.22394], [-0.77668, -0.55366, 1.58675, 2.30333, -2.87425, 0.23349, -2.16848], [-0.67039, -0.26043, 1.76031, 2.03434, -3.08546, 0.18304, -2.11301], [-0.5641, 0.0328, 1.93387, 1.76534, -3.29668, 0.13258, -2.05755], [-0.52922, 0.12901, 1.99081, 1.67709, -3.36597, 0.11603, -2.03935], [-0.81061, 0.34746, 2.13758, 1.87973, -3.31756, -0.12085, -1.9942], [-1.092, 0.56592, 2.28434, 2.08238, -3.26916, -0.35772, -1.94904], [-1.37339, 0.78437, 2.43111, 2.28502, -3.22076, -0.5946, -1.90389], [-1.65478, 1.00283, 2.57787, 2.48766, -3.17235, -0.83148, -1.85873], [-1.75749, 1.08257, 2.63144, 2.56163, -3.15468, -0.91795, -1.84225], [-1.65484, 1.05452, 2.47698, 2.33853, -2.84141, -0.96341, -1.58762], [-1.55219, 1.02647, 2.32252, 2.11542, -2.52813, -1.00887, -1.33299], [-1.44953, 0.99842, 2.16806, 1.89232, -2.21486, -1.05434, -1.07837], [-1.34688, 0.97037, 2.0136, 1.66921, -1.90159, -1.0998, -0.82374], [-1.24423, 0.94232, 1.85914, 1.44611, -1.58831, -1.14527, -0.56912], [-1.14158, 0.91428, 1.70467, 1.22301, -1.27504, -1.19073, -0.31449], [-1.03893, 0.88623, 1.55021, 0.9999, -0.96177, -1.23619, -0.05986]]
end: [-1.03878, 0.88619000000000003, 1.55, 0.99958999999999998, -0.96133999999999997, -1.2362599999999999, -0.05951]
