obtacles: [[[0.6, 0.5, -1.0], [0.9, 0.6, 1.0]], [[0.6, -0.6, -1.0], [0.9, -0.5, 1.0]], [[0.6, -0.6, 0.9], [0.9, 0.6, 1.0]], [[0.6, -0.6, -1.0], [0.9, 0.6, -0.9]], [[0.6, -0.6, 0.3], [0.9, 0.6, 0.4]], [[0.6, -0.6, -0.4], [0.9, 0.6, -0.3]], [[0.6, 0.2, 0.4], [0.9, 0.3, 1.0]], [[0.6, -0.2, -0.4], [0.9, -0.1, 0.4]], [[0.6, 0.1, -1.0], [0.9, 0.2, -0.3]]]
start: [-2.5841799999999999, -1.8606, 1.0, 0.77781, -4.0975599999999996, -1.4103699999999999, 0.083790000000000003]
tajectories: [[-2.58418, -1.8606, 1.0, 0.77781, -4.09756, -1.41037, 0.08379], [-2.44907, -1.80714, 1.45015, 0.90688, -4.10273, -1.39729, -0.01314], [-2.31396, -1.75368, 1.9003, 1.03596, -4.10791, -1.38422, -0.11007], [-2.19527, -1.70672, 2.29578, 1.14935, -4.11245, -1.37273, -0.19523], [-1.92082, -1.75475, 2.10092, 1.45293, -4.20698, -1.32183, -0.01997], [-1.64638, -1.80279, 1.90605, 1.7565, -4.30151, -1.27092, 0.15528], [-1.37194, -1.85082, 1.71118, 2.06008, -4.39604, -1.22002, 0.33053], [-1.09749, -1.89885, 1.51631, 2.36366, -4.49058, -1.16911, 0.50579], [-0.82305, -1.94689, 1.32145, 2.66723, -4.58511, -1.1182, 0.68104], [-0.81851, -1.94768, 1.31822, 2.67226, -4.58667, -1.11736, 0.68394], [-0.59832, -1.73461, 1.39914, 2.61664, -4.25399, -0.97923, 0.81324], [-0.37813, -1.52154, 1.48006, 2.56103, -3.9213, -0.8411, 0.94254], [-0.15795, -1.30847, 1.56097, 2.50542, -3.58861, -0.70297, 1.07184], [0.06224, -1.0954, 1.64189, 2.4498, -3.25593, -0.56484, 1.20114], [0.28243, -0.88233, 1.72281, 2.39419, -2.92324, -0.42671, 1.33044], [0.39412, -0.77425, 1.76385, 2.36598, -2.75449, -0.35665, 1.39603], [0.12257, -0.65377, 1.62967, 2.42894, -2.43172, -0.36876, 1.20774], [-0.14897, -0.53329, 1.49549, 2.49189, -2.10896, -0.38087, 1.01944], [-0.42052, -0.41281, 1.36131, 2.55485, -1.78619, -0.39298, 0.83115], [-0.65361, -0.30939, 1.24613, 2.60889, -1.50914, -0.40337, 0.66953], [-0.67385, -0.42749, 1.06592, 2.49457, -1.33819, -0.7695, 0.8333], [-0.6941, -0.54559, 0.88571, 2.38024, -1.16725, -1.13563, 0.99707], [-0.70259, -0.59508, 0.81018, 2.33232, -1.09561, -1.28908, 1.06571], [-0.71504, -0.32872, 0.80227, 2.20497, -0.92167, -1.16722, 0.72291], [-0.72749, -0.06235, 0.79436, 2.07762, -0.74774, -1.04537, 0.38011], [-0.73994, 0.20401, 0.78645, 1.95028, -0.5738, -0.92352, 0.03731], [-0.74275, 0.26405, 0.78466, 1.92157, -0.5346, -0.89605, -0.03996], [-0.8141, 0.45689, 0.87506, 1.56727, -0.5584, -1.16259, 0.00914], [-0.88546, 0.64973, 0.96546, 1.21297, -0.58221, -1.42912, 0.05824]]
end: [-0.91271999999999998, 0.72340000000000004, 1.0, 1.07761, -0.59130000000000005, -1.53095, 0.076999999999999999]
obtacles: [[[0.6, 0.5, -1.0], [0.9, 0.6, 1.0]], [[0.6, -0.6, -1.0], [0.9, -0.5, 1.0]], [[0.6, -0.6, 0.9], [0.9, 0.6, 1.0]], [[0.6, -0.6, -1.0], [0.9, 0.6, -0.9]], [[0.6, -0.6, 0.3], [0.9, 0.6, 0.4]], [[0.6, -0.6, -0.4], [0.9, 0.6, -0.3]], [[0.6, 0.2, 0.4], [0.9, 0.3, 1.0]], [[0.6, -0.2, -0.4], [0.9, -0.1, 0.4]], [[0.6, 0.1, -1.0], [0.9, 0.2, -0.3]]]
start: [-2.2969599999999999, -1.8990100000000001, 1.6499999999999999, 1.97194, -1.2381599999999999, 1.5138499999999999, -2.0107200000000001]
tajectories: [[-2.29696, -1.89901, 1.65, 1.97194, -1.23816, 1.51385, -2.01072], [-2.1568, -1.57831, 1.82799, 2.12392, -0.97306, 1.46483, -2.00375], [-2.01663, -1.25761, 2.00598, 2.2759, -0.70797, 1.41582, -1.99679], [-1.87647, -0.9369, 2.18398, 2.42788, -0.44288, 1.36681, -1.98982], [-1.73631, -0.6162, 2.36197, 2.57986, -0.17778, 1.3178, -1.98285], [-1.65135, -0.4218, 2.46986, 2.67198, -0.0171, 1.28809, -1.97863], [-1.57282, -0.20262, 2.46226, 2.64081, -0.00248, 0.86742, -1.84604], [-1.49429, 0.01657, 2.45466, 2.60964, 0.01213, 0.44674, -1.71346], [-1.41577, 0.23575, 2.44705, 2.57846, 0.02675, 0.02606, -1.58087], [-1.33724, 0.45494, 2.43945, 2.54729, 0.04136, -0.39462, -1.44829], [-1.32778, 0.48133, 2.43854, 2.54354, 0.04312, -0.44527, -1.43232], [-1.22787, 0.54164, 2.29021, 2.21307, -0.15456, -0.55163, -1.19828], [-1.12795, 0.60194, 2.14188, 1.8826, -0.35225, -0.65798, -0.96424], [-1.02803, 0.66225, 1.99355, 1.55213, -0.54994, -0.76434, -0.7302], [-0.92811, 0.72255, 1.84522, 1.22166, -0.74763, -0.8707, -0.49615], [-0.82819, 0.78286, 1.69689, 0.89119, -0.94531, -0.97706, -0.26211]]
end: [-0.79659999999999997, 0.80191999999999997, 1.6499999999999999, 0.78671000000000002, -1.0078100000000001, -1.01068, -0.18812000000000001]
obtacles: [[[0.6, 0.5, -1.0], [0.9, 0.6, 1.0]], [[0.6, -0.6, -1.0], [0.9, -0.5, 1.0]], [[0.6, -0.6, 0.9], [0.9, 0.6, 1.0]], [[0.6, -0.6, -1.0], [0.9, 0.6, -0.9]], [[0.6, -0.6, 0.3], [0.9, 0.6, 0.4]], [[0.6, -0.6, -0.4], [0.9, 0.6, -0.3]], [[0.6, 0.2, 0.4], [0.9, 0.3, 1.0]], [[0.6, -0.2, -0.4], [0.9, -0.1, 0.4]], [[0.6, 0.1, -1.0], [0.9, 0.2, -0.3]]]
start: [-2.4277799999999998, -1.9472700000000001, 1.3500000000000001, 1.5521199999999999, -1.1822999999999999, 1.3727400000000001, -2.3845999999999998]
tajectories: [[-2.42778, -1.94727, 1.35, 1.55212, -1.1823, 1.37274, -2.3846], [-2.11667, -1.79646, 1.43913, 1.84444, -1.21948, 1.38796, -2.5729], [-1.80556, -1.64564, 1.52826, 2.13676, -1.25665, 1.40317, -2.76119], [-1.49445, -1.49482, 1.61738, 2.42908, -1.29382, 1.41839, -2.94949], [-1.46992, -1.48293, 1.62441, 2.45213, -1.29675, 1.41959, -2.96434], [-1.37879, -1.36422, 1.36992, 2.41529, -1.35893, 1.07306, -2.77061], [-1.28765, -1.24551, 1.11543, 2.37846, -1.42111, 0.72653, -2.57688], [-1.19651, -1.1268, 0.86095, 2.34162, -1.48329, 0.38, -2.38315], [-1.10537, -1.00809, 0.60646, 2.30479, -1.54547, 0.03347, -2.18942], [-1.01423, -0.88938, 0.35197, 2.26795, -1.60765, -0.31307, -1.99569], [-0.9603, -0.81914, 0.20139, 2.24616, -1.64444, -0.51811, -1.88106], [-1.00528, -0.51795, 0.40033, 2.11357, -1.51633, -0.58541, -1.5997], [-1.05025, -0.21675, 0.59926, 1.98099, -1.38822, -0.65271, -1.31834], [-1.09523, 0.08444, 0.7982, 1.8484, -1.2601, -0.72001, -1.03698], [-1.13392, 0.3436, 0.96938, 1.73432, -1.14987, -0.77792, -0.79488], [-1.08233, 0.51444, 1.09899, 1.45421, -1.05211, -0.95242, -0.50699], [-1.03074, 0.68528, 1.22861, 1.1741, -0.95436, -1.12693, -0.2191]]
end: [-0.98243000000000003, 0.84528000000000003, 1.3500000000000001, 0.91176999999999997, -0.86280000000000001, -1.29036, 0.050529999999999999]
obtacles: [[[0.6, 0.5, -1.0], [0.9, 0.6, 1.0]], [[0.6, -0.6, -1.0], [0.9, -0.5, 1.0]], [[0.6, -0.6, 0.9], [0.9, 0.6, 1.0]], [[0.6, -0.6, -1.0], [0.9, 0.6, -0.9]], [[0.6, -0.6, 0.3], [0.9, 0.6, 0.4]], [[0.6, -0.6, -0.4], [0.9, 0.6, -0.3]], [[0.6, 0.2, 0.4], [0.9, 0.3, 1.0]], [[0.6, -0.2, -0.4], [0.9, -0.1, 0.4]], [[0.6, 0.1, -1.0], [0.9, 0.2, -0.3]]]
start: [-2.5766499999999999, -1.8754500000000001, 1.3999999999999999, 1.1730100000000001, -1.22437, 1.5375099999999999, -2.5656300000000001]
tajectories: [[-2.57665, -1.87545, 1.4, 1.17301, -1.22437, 1.53751, -2.56563], [-2.43515, -1.79496, 1.42052, 1.31578, -0.87401, 1.31027, -2.39739], [-2.29364, -1.71448, 1.44104, 1.45856, -0.52365, 1.08303, -2.22915], [-2.15214, -1.63399, 1.46156, 1.60133, -0.17329, 0.85579, -2.06091], [-2.01064, -1.5535, 1.48208, 1.7441, 0.17706, 0.62855, -1.89267], [-1.86914, -1.47301, 1.5026, 1.88687, 0.52742, 0.40131, -1.72443], [-1.80258, -1.43516, 1.51225, 1.95403, 0.69222, 0.29443, -1.64529], [-1.4834, -1.12075, 1.47448, 1.92645, 0.5082, 0.1856, -1.68247], [-1.16422, -0.80635, 1.43671, 1.89887, 0.32418, 0.07678, -1.71964], [-0.88213, -0.52847, 1.40333, 1.8745, 0.16154, -0.01941, -1.75249], [-0.9411, -0.32743, 1.36151, 1.76613, 0.08012, -0.09596, -1.32808], [-1.00008, -0.1264, 1.31969, 1.65775, -0.0013, -0.17252, -0.90367], [-1.05906, 0.07463, 1.27788, 1.54938, -0.08272, -0.24907, -0.47926], [-1.06603, 0.09837, 1.27294, 1.53658, -0.09233, -0.25812, -0.42913], [-1.02202, 0.31993, 1.30988, 1.32728, -0.33429, -0.53504, -0.29285], [-0.97801, 0.54149, 1.34683, 1.11798, -0.57625, -0.81196, -0.15656], [-0.934, 0.76305, 1.38377, 0.90868, -0.8182, -1.08889, -0.02028]]
end: [-0.91466999999999998, 0.86036000000000001, 1.3999999999999999, 0.81676000000000004, -0.92447000000000001, -1.21051, 0.039570000000000001]
obtacles: [[[0.6, 0.5, -1.0], [0.9, 0.6, 1.0]], [[0.6, -0.6, -1.0], [0.9, -0.5, 1.0]], [[0.6, -0.6, 0.9], [0.9, 0.6, 1.0]], [[0.6, -0.6, -1.0], [0.9, 0.6, -0.9]], [[0.6, -0.6, 0.3], [0.9, 0.6, 0.4]], [[0.6, -0.6, -0.4], [0.9, 0.6, -0.3]], [[0.6, 0.2, 0.4], [0.9, 0.3, 1.0]], [[0.6, -0.2, -0.4], [0.9, -0.1, 0.4]], [[0.6, 0.1, -1.0], [0.9, 0.2, -0.3]]]
start: [-2.3677800000000002, -1.7462299999999999, 1.3999999999999999, 1.4025099999999999, -1.3674200000000001, 1.43462, -2.5418699999999999]
tajectories: [[-2.36778, -1.74623, 1.4, 1.40251, -1.36742, 1.43462, -2.54187], [-2.33955, -1.71464, 1.43948, 1.44659, -1.74646, 1.13, -2.63268], [-2.31132, -1.68305, 1.47897, 1.49067, -2.12549, 0.82538, -2.72348], [-2.2831, -1.65146, 1.51845, 1.53475, -2.50452, 0.52076, -2.81429], [-2.25487, -1.61987, 1.55794, 1.57883, -2.88356, 0.21615, -2.90509], [-2.22664, -1.58828, 1.59742, 1.6229, -3.26259, -0.08847, -2.9959], [-2.22567, -1.58719, 1.59879, 1.62442, -3.27567, -0.09898, -2.99903], [-2.08023, -1.55134, 1.62256, 1.67581, -3.13084, -0.39696, -2.66052], [-1.9348, -1.51549, 1.64634, 1.72719, -2.98602, -0.69494, -2.32201], [-1.78936, -1.47964, 1.67011, 1.77857, -2.8412, -0.99292, -1.98349], [-1.64392, -1.44379, 1.69389, 1.82995, -2.69637, -1.2909, -1.64498], [-1.61794, -1.43739, 1.69814, 1.83913, -2.6705, -1.34415, -1.58449], [-1.60039, -1.04762, 1.45145, 1.90669, -2.55597, -1.30077, -1.45275], [-1.58284, -0.65784, 1.20477, 1.97425, -2.44145, -1.25738, -1.32102], [-1.56529, -0.26807, 0.95808, 2.0418, -2.32692, -1.214, -1.18928], [-1.56393, -0.23784, 0.93895, 2.04704, -2.31804, -1.21064, -1.17906], [-1.5973, -0.10952, 1.01947, 1.99356, -1.92344, -1.29952, -0.9352], [-1.63067, 0.0188, 1.09998, 1.94008, -1.52884, -1.3884, -0.69134], [-1.66405, 0.14712, 1.1805, 1.88659, -1.13424, -1.47729, -0.44748], [-1.66984, 0.16938, 1.19446, 1.87732, -1.0658, -1.49271, -0.40518], [-1.45143, 0.34268, 1.24771, 1.52126, -1.05836, -1.36975, -0.2394], [-1.23303, 0.51598, 1.30095, 1.1652, -1.05092, -1.2468, -0.07362], [-1.01463, 0.68928, 1.35419, 0.80914, -1.04349, -1.12385, 0.09217]]
end: [-0.82674000000000003, 0.83836999999999995, 1.3999999999999999, 0.50283, -1.0370900000000001, -1.01807, 0.23479]
obtacles: [[[0.6, 0.5, -1.0], [0.9, 0.6, 1.0]], [[0.6, -0.6, -1.0], [0.9, -0.5, 1.0]], [[0.6, -0.6, 0.9], [0.9, 0.6, 1.0]], [[0.6, -0.6, -1.0], [0.9, 0.6, -0.9]], [[0.6, -0.6, 0.3], [0.9, 0.6, 0.4]], [[0.6, -0.6, -0.4], [0.9, 0.6, -0.3]], [[0.6, 0.2, 0.4], [0.9, 0.3, 1.0]], [[0.6, -0.2, -0.4], [0.9, -0.1, 0.4]], [[0.6, 0.1, -1.0], [0.9, 0.2, -0.3]]]
start: [-2.2652199999999998, -1.90313, 1.3999999999999999, 1.5838300000000001, -1.23594, 1.40513, -2.49091]
tajectories: [[-2.26522, -1.90313, 1.4, 1.58383, -1.23594, 1.40513, -2.49091], [-2.03954, -1.72279, 1.4949, 1.75437, -0.9239, 1.267, -2.38135], [-1.81386, -1.54245, 1.58981, 1.92491, -0.61186, 1.12886, -2.27179], [-1.58818, -1.36211, 1.68471, 2.09546, -0.29982, 0.99072, -2.16224], [-1.3625, -1.18177, 1.77961, 2.266, 0.01222, 0.85259, -2.05268], [-1.13682, -1.00143, 1.87452, 2.43654, 0.32426, 0.71445, -1.94312], [-1.04215, -0.92578, 1.91433, 2.50808, 0.45516, 0.6565, -1.89716], [-0.97701, -0.68898, 2.07869, 2.39318, 0.19933, 0.54564, -1.62935], [-0.91188, -0.45217, 2.24306, 2.27827, -0.0565, 0.43478, -1.36154], [-0.84674, -0.21537, 2.40742, 2.16336, -0.31233, 0.32392, -1.09373], [-0.78161, 0.02144, 2.57178, 2.04846, -0.56817, 0.21306, -0.82592], [-0.72062, 0.24316, 2.72567, 1.94087, -0.8077, 0.10926, -0.57517], [-0.78216, 0.38038, 2.45098, 1.71895, -0.83654, -0.17661, -0.43333], [-0.84371, 0.51761, 2.17628, 1.49702, -0.86538, -0.46248, -0.29149], [-0.90525, 0.65484, 1.90158, 1.2751, -0.89422, -0.74835, -0.14965], [-0.9668, 0.79207, 1.62689, 1.05317, -0.92306, -1.03421, -0.0078]]
end: [-1.01763, 0.90541000000000005, 1.3999999999999999, 0.86987000000000003, -0.94688000000000005, -1.27033, 0.10935]
obtacles: [[[0.6, 0.5, -1.0], [0.9, 0.6, 1.0]], [[0.6, -0.6, -1.0], [0.9, -0.5, 1.0]], [[0.6, -0.6, 0.9], [0.9, 0.6, 1.0]], [[0.6, -0.6, -1.0], [0.9, 0.6, -0.9]], [[0.6, -0.6, 0.3], [0.9, 0.6, 0.4]], [[0.6, -0.6, -0.4], [0.9, 0.6, -0.3]], [[0.6, 0.2, 0.4], [0.9, 0.3, 1.0]], [[0.6, -0.2, -0.4], [0.9, -0.1, 0.4]], [[0.6, 0.1, -1.0], [0.9, 0.2, -0.3]]]
start: [-2.0989200000000001, -1.8776999999999999, 1.3999999999999999, 1.17367, -4.3639400000000004, -1.5382199999999999, 0.098780000000000007]
tajectories: [[-2.09892, -1.8777, 1.4, 1.17367, -4.36394, -1.53822, 0.09878], [-2.13177, -1.78077, 1.59276, 1.32367, -4.10956, -1.20782, 0.17625], [-2.16462, -1.68384, 1.78551, 1.47366, -3.85518, -0.87743, 0.25372], [-2.19747, -1.58692, 1.97827, 1.62366, -3.6008, -0.54703, 0.33119], [-2.23032, -1.48999, 2.17103, 1.77365, -3.34642, -0.21663, 0.40866], [-2.26317, -1.39306, 2.36379, 1.92365, -3.09204, 0.11376, 0.48613], [-2.29602, -1.29614, 2.55654, 2.07365, -2.83766, 0.44416, 0.5636], [-2.31811, -1.23095, 2.68617, 2.17452, -2.66659, 0.66635, 0.6157], [-2.11441, -1.15537, 2.49148, 2.23753, -2.47299, 0.59975, 0.96066], [-1.91071, -1.07979, 2.29679, 2.30054, -2.27939, 0.53315, 1.30563], [-1.70701, -1.0042, 2.1021, 2.36356, -2.08578, 0.46655, 1.6506], [-1.50332, -0.92862, 1.90741, 2.42657, -1.89218, 0.39995, 1.99556], [-1.41724, -0.89668, 1.82515, 2.4532, -1.81037, 0.37181, 2.14133], [-1.47243, -0.73734, 1.6321, 2.268, -2.06546, 0.5928, 2.33129], [-1.52762, -0.578, 1.43905, 2.08279, -2.32056, 0.8138, 2.52125], [-1.58281, -0.41866, 1.246, 1.89759, -2.57565, 1.03479, 2.71121], [-1.60551, -0.35312, 1.1666, 1.82141, -2.68057, 1.12569, 2.78935], [-1.42125, -0.08291, 1.22532, 1.61355, -2.98651, 1.15711, 2.83167], [-1.23699, 0.1873, 1.28405, 1.40569, -3.29245, 1.18853, 2.874], [-1.05272, 0.45751, 1.34277, 1.19783, -3.59839, 1.21995, 2.91632]]
end: [-0.87314999999999998, 0.72084999999999999, 1.3999999999999999, 0.99526000000000003, -3.89655, 1.25057, 2.95757]
obtacles: [[[0.6, 0.5, -1.0], [0.9, 0.6, 1.0]], [[0.6, -0.6, -1.0], [0.9, -0.5, 1.0]], [[0.6, -0.6, 0.9], [0.9, 0.6, 1.0]], [[0.6, -0.6, -1.0], [0.9, 0.6, -0.9]], [[0.6, -0.6, 0.3], [0.9, 0.6, 0.4]], [[0.6, -0.6, -0.4], [0.9, 0.6, -0.3]], [[0.6, 0.2, 0.4], [0.9, 0.3, 1.0]], [[0.6, -0.2, -0.4], [0.9, -0.1, 0.4]], [[0.6, 0.1, -1.0], [0.9, 0.2, -0.3]]]
start: [-2.5143499999999999, -1.8633999999999999, 1.3999999999999999, 2.0202200000000001, -4.5145999999999997, -1.2954399999999999, 1.34026]
tajectories: [[-2.51435, -1.8634, 1.4, 2.02022, -4.5146, -1.29544, 1.34026]]
end: [-2.6120399999999999, -1.7453700000000001, 1.3999999999999999, 1.79976, -4.5780500000000002, -1.3669500000000001, 1.2414700000000001]
obtacles: [[[0.6, 0.5, -1.0], [0.9, 0.6, 1.0]], [[0.6, -0.6, -1.0], [0.9, -0.5, 1.0]], [[0.6, -0.6, 0.9], [0.9, 0.6, 1.0]], [[0.6, -0.6, -1.0], [0.9, 0.6, -0.9]], [[0.6, -0.6, 0.3], [0.9, 0.6, 0.4]], [[0.6, -0.6, -0.4], [0.9, 0.6, -0.3]], [[0.6, 0.2, 0.4], [0.9, 0.3, 1.0]], [[0.6, -0.2, -0.4], [0.9, -0.1, 0.4]], [[0.6, 0.1, -1.0], [0.9, 0.2, -0.3]]]
start: [-1.0974699999999999, 1.9502999999999999, 1.6499999999999999, 1.63992, -1.9458200000000001, -1.47173, -0.50841999999999998]
tajectories: [[-1.09747, 1.9503, 1.65, 1.63992, -1.94582, -1.47173, -0.50842], [-1.3704, 1.94516, 1.60076, 1.75767, -1.87976, -1.38673, -0.12423], [-1.64333, 1.94001, 1.55152, 1.87542, -1.8137, -1.30174, 0.25997], [-1.91626, 1.93486, 1.50228, 1.99317, -1.74763, -1.21674, 0.64416], [-2.05664, 1.93222, 1.47695, 2.05373, -1.71366, -1.17303, 0.84176], [-2.18073, 1.66775, 1.40544, 1.76886, -1.45666, -1.27808, 0.80553], [-2.30483, 1.40328, 1.33394, 1.48399, -1.19967, -1.38313, 0.7693], [-2.42892, 1.13881, 1.26243, 1.19913, -0.94268, -1.48818, 0.73307], [-2.45907, 1.07458, 1.24506, 1.12994, -0.88026, -1.5137, 0.72427], [-2.09581, 0.93056, 1.28979, 1.23029, -0.74325, -1.52205, 0.4666], [-1.73256, 0.78654, 1.33453, 1.33064, -0.60624, -1.5304, 0.20893], [-1.38703, 0.64955, 1.37708, 1.42609, -0.47591, -1.53834, -0.03616], [-1.05981, 0.69752, 1.47113, 1.24313, -0.63639, -1.37522, -0.25051], [-0.73259, 0.7455, 1.56518, 1.06018, -0.79687, -1.21209, -0.46485]]
end: [-0.4375, 0.78876999999999997, 1.6499999999999999, 0.89517999999999998, -0.94159999999999999, -1.0649900000000001, -0.65815000000000001]
obtacles: [[[0.6, 0.5, -1.0], [0.9, 0.6, 1.0]], [[0.6, -0.6, -1.0], [0.9, -0.5, 1.0]], [[0.6, -0.6, 0.9], [0.9, 0.6, 1.0]], [[0.6, -0.6, -1.0], [0.9, 0.6, -0.9]], [[0.6, -0.6, 0.3], [0.9, 0.6, 0.4]], [[0.6, -0.6, -0.4], [0.9, 0.6, -0.3]], [[0.6, 0.2, 0.4], [0.9, 0.3, 1.0]], [[0.6, -0.2, -0.4], [0.9, -0.1, 0.4]], [[0.6, 0.1, -1.0], [0.9, 0.2, -0.3]]]
start: [-0.088419999999999999, 1.9339599999999999, 1.6499999999999999, 1.6513800000000001, -1.92832, -1.4682999999999999, -1.5298700000000001]
tajectories: [[-0.08842, 1.93396, 1.65, 1.65138, -1.92832, -1.4683, -1.52987], [0.10539, 1.92467, 1.79421, 1.84319, -2.08083, -1.33006, -1.19462], [0.2992, 1.91539, 1.93841, 2.035, -2.23333, -1.19182, -0.85936], [0.49301, 1.90611, 2.08262, 2.22681, -2.38584, -1.05358, -0.52411], [0.68682, 1.89683, 2.22683, 2.41863, -2.53834, -0.91535, -0.18885], [0.88063, 1.88755, 2.37103, 2.61044, -2.69084, -0.77711, 0.14641], [1.07444, 1.87827, 2.51524, 2.80225, -2.84335, -0.63887, 0.48166], [1.14814, 1.87474, 2.57007, 2.87518, -2.90133, -0.5863, 0.60914], [0.88603, 1.55109, 2.53469, 2.76512, -3.07156, -0.7664, 0.65123], [0.62393, 1.22743, 2.49931, 2.65506, -3.24178, -0.9465, 0.69331], [0.36182, 0.90377, 2.46392, 2.545, -3.412, -1.1266, 0.7354], [0.09972, 0.58012, 2.42854, 2.43494, -3.58222, -1.3067, 0.77748], [-0.16239, 0.25646, 2.39315, 2.32488, -3.75244, -1.4868, 0.81956], [-0.28264, 0.10797, 2.37692, 2.27438, -3.83053, -1.56943, 0.83887], [-0.53954, 0.18236, 2.3216, 2.05445, -3.60514, -1.44284, 1.08425], [-0.79644, 0.25675, 2.26629, 1.83451, -3.37975, -1.31625, 1.32963], [-1.05334, 0.33114, 2.21097, 1.61457, -3.15436, -1.18966, 1.575], [-1.31024, 0.40553, 2.15566, 1.39463, -2.92897, -1.06308, 1.82038], [-1.56714, 0.47992, 2.10034, 1.17469, -2.70358, -0.93649, 2.06576], [-1.82404, 0.55431, 2.04502, 0.95475, -2.47819, -0.8099, 2.31113], [-1.88229, 0.57118, 2.03248, 0.90488, -2.42708, -0.78119, 2.36677], [-1.59272, 0.63277, 1.96509, 0.7038, -2.32032, -0.81267, 2.04275], [-1.30315, 0.69436, 1.8977, 0.50272, -2.21356, -0.84415, 1.71873], [-1.01358, 0.75596, 1.8303, 0.30164, -2.1068, -0.87562, 1.3947], [-0.724, 0.81755, 1.76291, 0.10056, -2.00003, -0.9071, 1.07068], [-0.43443, 0.87915, 1.69552, -0.10052, -1.89327, -0.93858, 0.74666]]
end: [-0.23885000000000001, 0.92074999999999996, 1.6499999999999999, -0.23633000000000001, -1.8211599999999999, -0.95984000000000003, 0.52780000000000005]
obtacles: [[[0.6, 0.5, -1.0], [0.9, 0.6, 1.0]], [[0.6, -0.6, -1.0], [0.9, -0.5, 1.0]], [[0.6, -0.6, 0.9], [0.9, 0.6, 1.0]], [[0.6, -0.6, -1.0], [0.9, 0.6, -0.9]], [[0.6, -0.6, 0.3], [0.9, 0.6, 0.4]], [[0.6, -0.6, -0.4], [0.9, 0.6, -0.3]], [[0.6, 0.2, 0.4], [0.9, 0.3, 1.0]], [[0.6, -0.2, -0.4], [0.9, -0.1, 0.4]], [[0.6, 0.1, -1.0], [0.9, 0.2, -0.3]]]
start: [-2.2157100000000001, -1.83294, 1.1499999999999999, 1.45705, -4.3820899999999998, -1.19977, 0.41234999999999999]
tajectories: [[-2.21571, -1.83294, 1.15, 1.45705, -4.38209, -1.19977, 0.41235], [-1.89985, -1.79802, 1.20681, 1.71762, -4.20194, -1.04811, 0.26258], [-1.58399, -1.76309, 1.26361, 1.97819, -4.02178, -0.89644, 0.11281], [-1.26813, -1.72817, 1.32042, 2.23876, -3.84163, -0.74477, -0.03696], [-0.95227, -1.69324, 1.37723, 2.49933, -3.66148, -0.5931, -0.18673], [-0.63641, -1.65832, 1.43403, 2.7599, -3.48132, -0.44144, -0.3365], [-0.49315, -1.64248, 1.4598, 2.87808, -3.39961, -0.37265, -0.40443], [-0.31263, -1.30442, 1.37697, 2.71146, -3.3, -0.49903, -0.61086], [-0.13211, -0.96637, 1.29414, 2.54485, -3.2004, -0.62542, -0.81729], [0.04841, -0.62831, 1.2113, 2.37823, -3.10079, -0.7518, -1.02372], [0.22893, -0.29026, 1.12847, 2.21161, -3.00118, -0.87819, -1.23015], [0.40944, 0.0478, 1.04564, 2.04499, -2.90157, -1.00458, -1.43658], [0.58996, 0.38585, 0.96281, 1.87838, -2.80197, -1.13096, -1.64301], [0.59879, 0.40238, 0.95876, 1.87023, -2.7971, -1.13714, -1.65311], [0.27242, 0.4453, 1.24659, 1.91653, -2.59802, -1.16816, -1.77984], [-0.05394, 0.48822, 1.53441, 1.96284, -2.39894, -1.19918, -1.90658], [-0.38031, 0.53115, 1.82224, 2.00914, -2.19987, -1.2302, -2.03331], [-0.70667, 0.57407, 2.11007, 2.05545, -2.00079, -1.26122, -2.16004], [-1.03303, 0.61699, 2.3979, 2.10175, -1.80171, -1.29223, -2.28678], [-1.05012, 0.61923, 2.41296, 2.10417, -1.79129, -1.29386, -2.29341], [-1.01994, 0.67265, 2.21579, 1.8994, -1.64609, -1.31148, -1.91389], [-0.98977, 0.72606, 2.01862, 1.69462, -1.50089, -1.3291, -1.53438], [-0.95959, 0.77948, 1.82145, 1.48985, -1.35569, -1.34672, -1.15486], [-0.92942, 0.83289, 1.62428, 1.28507, -1.21049, -1.36433, -0.77534], [-0.89924, 0.8863, 1.42711, 1.08029, -1.06529, -1.38195, -0.39582], [-0.86907, 0.93972, 1.22994, 0.87552, -0.92009, -1.39957, -0.01631]]
end: [-0.85684000000000005, 0.96136999999999995, 1.1499999999999999, 0.79249000000000003, -0.86121999999999999, -1.40672, 0.13757]
obtacles: [[[0.6, 0.5, -1.0], [0.9, 0.6, 1.0]], [[0.6, -0.6, -1.0], [0.9, -0.5, 1.0]], [[0.6, -0.6, 0.9], [0.9, 0.6, 1.0]], [[0.6, -0.6, -1.0], [0.9, 0.6, -0.9]], [[0.6, -0.6, 0.3], [0.9, 0.6, 0.4]], [[0.6, -0.6, -0.4], [0.9, 0.6, -0.3]], [[0.6, 0.2, 0.4], [0.9, 0.3, 1.0]], [[0.6, -0.2, -0.4], [0.9, -0.1, 0.4]], [[0.6, 0.1, -1.0], [0.9, 0.2, -0.3]]]
start: [-2.1930200000000002, -1.9653099999999999, 1.6000000000000001, 1.9035, -4.32911, -1.47058, 0.94130000000000003]
tajectories: [[-2.19302, -1.96531, 1.6, 1.9035, -4.32911, -1.47058, 0.9413], [-2.19053, -1.9581, 1.45863, 2.01439, -4.31291, -1.16472, 0.58938], [-2.18804, -1.95089, 1.31725, 2.12528, -4.29671, -0.85887, 0.23746], [-2.18555, -1.94368, 1.17588, 2.23617, -4.28051, -0.55302, -0.11447], [-2.18306, -1.93647, 1.0345, 2.34706, -4.2643, -0.24716, -0.46639], [-2.18057, -1.92926, 0.89313, 2.45795, -4.2481, 0.05869, -0.81831], [-2.17808, -1.92205, 0.75176, 2.56884, -4.2319, 0.36454, -1.17024], [-2.17559, -1.91485, 0.61038, 2.67973, -4.2157, 0.6704, -1.52216], [-2.17417, -1.91073, 0.52977, 2.74297, -4.20646, 0.84481, -1.72284], [-1.9869, -1.57006, 0.49638, 2.48057, -4.10355, 0.92002, -1.83536], [-1.79963, -1.22939, 0.46299, 2.21818, -4.00065, 0.99523, -1.94788], [-1.61236, -0.88872, 0.4296, 1.95578, -3.89775, 1.07044, -2.06039], [-1.42509, -0.54805, 0.39621, 1.69338, -3.79485, 1.14566, -2.17291], [-1.23782, -0.20738, 0.36282, 1.43099, -3.69194, 1.22087, -2.28543], [-1.05054, 0.13329, 0.32943, 1.16859, -3.58904, 1.29608, -2.39795], [-0.86327, 0.47396, 0.29604, 0.9062, -3.48614, 1.3713, -2.51047], [-0.676, 0.81463, 0.26265, 0.6438, -3.38323, 1.44651, -2.62299]]
end: [-0.60502999999999996, 0.94374000000000002, 0.25, 0.54435999999999996, -3.3442400000000001, 1.4750099999999999, -2.6656300000000002]
obtacles: [[[0.6, 0.5, -1.0], [0.9, 0.6, 1.0]], [[0.6, -0.6, -1.0], [0.9, -0.5, 1.0]], [[0.6, -0.6, 0.9], [0.9, 0.6, 1.0]], [[0.6, -0.6, -1.0], [0.9, 0.6, -0.9]], [[0.6, -0.6, 0.3], [0.9, 0.6, 0.4]], [[0.6, -0.6, -0.4], [0.9, 0.6, -0.3]], [[0.6, 0.2, 0.4], [0.9, 0.3, 1.0]], [[0.6, -0.2, -0.4], [0.9, -0.1, 0.4]], [[0.6, 0.1, -1.0], [0.9, 0.2, -0.3]]]
start: [-2.16107, -1.9474800000000001, 1.6499999999999999, 1.9183699999999999, -1.19018, 1.5146500000000001, -2.1994600000000002]
tajectories: [[-2.16107, -1.94748, 1.65, 1.91837, -1.19018, 1.51465, -2.19946], [-1.98098, -1.80179, 1.74894, 1.80134, -1.03124, 1.45246, -1.82034], [-1.8009, -1.6561, 1.84787, 1.68432, -0.87231, 1.39028, -1.44122], [-1.62082, -1.51041, 1.94681, 1.56729, -0.71337, 1.3281, -1.0621], [-1.44073, -1.36472, 2.04575, 1.45027, -0.55443, 1.26591, -0.68298], [-1.26065, -1.21903, 2.14468, 1.33324, -0.39549, 1.20373, -0.30386], [-1.18603, -1.15867, 2.18568, 1.28475, -0.32963, 1.17796, -0.14677], [-1.28141, -0.80214, 2.07519, 1.25195, -0.33839, 1.01783, 0.12671], [-1.37679, -0.44561, 1.96469, 1.21914, -0.34714, 0.8577, 0.40018], [-1.47217, -0.08908, 1.85419, 1.18634, -0.3559, 0.69758, 0.67365], [-1.56755, 0.26744, 1.7437, 1.15353, -0.36466, 0.53745, 0.94712], [-1.66294, 0.62397, 1.6332, 1.12073, -0.37342, 0.37732, 1.2206], [-1.67572, 0.67176, 1.61839, 1.11633, -0.37459, 0.35586, 1.25725], [-1.46151, 0.69966, 1.62515, 1.01682, -0.52708, 0.0781, 0.95232], [-1.24731, 0.72756, 1.63191, 0.9173, -0.67957, -0.19967, 0.64739], [-1.0331, 0.75546, 1.63867, 0.81779, -0.83207, -0.47743, 0.34246], [-0.8189, 0.78337, 1.64543, 0.71827, -0.98456, -0.75519, 0.03753]]
end: [-0.67410000000000003, 0.80223, 1.6499999999999999, 0.65100999999999998, -1.0876399999999999, -0.94294, -0.16858999999999999]
obtacles: [[[0.6, 0.5, -1.0], [0.9, 0.6, 1.0]], [[0.6, -0.6, -1.0], [0.9, -0.5, 1.0]], [[0.6, -0.6, 0.9], [0.9, 0.6, 1.0]], [[0.6, -0.6, -1.0], [0.9, 0.6, -0.9]], [[0.6, -0.6, 0.3], [0.9, 0.6, 0.4]], [[0.6, -0.6, -0.4], [0.9, 0.6, -0.3]], [[0.6, 0.2, 0.4], [0.9, 0.3, 1.0]], [[0.6, -0.2, -0.4], [0.9, -0.1, 0.4]], [[0.6, 0.1, -1.0], [0.9, 0.2, -0.3]]]
start: [-0.00044000000000000002, 1.91815, 1.6499999999999999, 1.37199, -1.92666, -1.5650999999999999, -1.3566199999999999]
tajectories: [[-0.00044, 1.91815, 1.65, 1.37199, -1.92666, -1.5651, -1.35662], [0.03469, 1.92916, 1.75372, 1.42799, -2.37031, -1.41683, -1.23034], [0.06982, 1.94018, 1.85744, 1.484, -2.81395, -1.26856, -1.10406], [0.10496, 1.9512, 1.96117, 1.54001, -3.25759, -1.12029, -0.97778], [0.14009, 1.96221, 2.06489, 1.59601, -3.70123, -0.97202, -0.85149], [0.16959, 1.97146, 2.152, 1.64305, -4.07381, -0.84751, -0.74544], [0.31179, 1.54724, 2.14583, 1.73816, -3.87374, -0.82216, -0.75338], [0.45398, 1.12302, 2.13967, 1.83327, -3.67367, -0.7968, -0.76132], [0.59618, 0.6988, 2.13351, 1.92839, -3.4736, -0.77145, -0.76926], [0.73837, 0.27458, 2.12734, 2.0235, -3.27354, -0.7461, -0.7772], [0.88057, -0.14964, 2.12118, 2.11861, -3.07347, -0.72074, -0.78514], [1.02277, -0.57386, 2.11502, 2.21373, -2.8734, -0.69539, -0.79308], [1.10677, -0.82447, 2.11138, 2.26992, -2.75521, -0.68041, -0.79777], [0.92883, -0.8502, 1.92449, 2.19717, -2.3457, -0.58334, -0.81611], [0.75088, -0.87593, 1.7376, 2.12441, -1.9362, -0.48626, -0.83444], [0.57294, -0.90165, 1.55071, 2.05166, -1.52669, -0.38919, -0.85278], [0.39499, -0.92738, 1.36383, 1.97891, -1.11719, -0.29211, -0.87111], [0.21705, -0.95311, 1.17694, 1.90616, -0.70768, -0.19504, -0.88945], [0.15457, -0.96214, 1.11132, 1.88062, -0.56389, -0.16095, -0.89589], [-0.11618, -0.63675, 1.0555, 1.75605, -0.37944, -0.1537, -0.76133], [-0.38693, -0.31135, 0.99968, 1.63148, -0.19499, -0.14644, -0.62677], [-0.65767, 0.01404, 0.94386, 1.50691, -0.01054, -0.13919, -0.49221], [-0.77126, 0.15055, 0.92045, 1.45465, 0.06684, -0.13614, -0.43576], [-0.80554, 0.36904, 1.09897, 1.40075, -0.21554, -0.43025, -0.42751], [-0.83983, 0.58753, 1.2775, 1.34686, -0.49792, -0.72437, -0.41927], [-0.87412, 0.80602, 1.45603, 1.29296, -0.7803, -1.01848, -0.41103], [-0.90841, 1.02451, 1.63456, 1.23906, -1.06269, -1.31259, -0.40278]]
end: [-0.91137999999999997, 1.0434099999999999, 1.6499999999999999, 1.2343900000000001, -1.0871200000000001, -1.3380300000000001, -0.40206999999999998]
obtacles: [[[0.6, 0.5, -1.0], [0.9, 0.6, 1.0]], [[0.6, -0.6, -1.0], [0.9, -0.5, 1.0]], [[0.6, -0.6, 0.9], [0.9, 0.6, 1.0]], [[0.6, -0.6, -1.0], [0.9, 0.6, -0.9]], [[0.6, -0.6, 0.3], [0.9, 0.6, 0.4]], [[0.6, -0.6, -0.4], [0.9, 0.6, -0.3]], [[0.6, 0.2, 0.4], [0.9, 0.3, 1.0]], [[0.6, -0.2, -0.4], [0.9, -0.1, 0.4]], [[0.6, 0.1, -1.0], [0.9, 0.2, -0.3]]]
start: [-2.1148199999999999, -1.8579000000000001, 1.45, 1.29576, -1.2618, 1.53647, -2.8954300000000002]
tajectories: [[-2.11482, -1.8579, 1.45, 1.29576, -1.2618, 1.53647, -2.89543], [-2.03705, -1.75313, 1.5132, 1.56797, -1.62755, 1.46044, -2.77161], [-1.95928, -1.64836, 1.57639, 1.84018, -1.99329, 1.38442, -2.64778], [-1.88151, -1.54359, 1.63959, 2.11239, -2.35903, 1.30839, -2.52395], [-1.80374, -1.43882, 1.70279, 2.3846, -2.72478, 1.23237, -2.40012], [-1.72597, -1.33405, 1.76599, 2.65682, -3.09052, 1.15634, -2.27629], [-1.72027, -1.32638, 1.77062, 2.67676, -3.11732, 1.15077, -2.26722], [-1.89602, -0.95811, 1.69589, 2.73763, -3.10412, 0.87895, -2.27905], [-2.07177, -0.58984, 1.62116, 2.79849, -3.09092, 0.60713, -2.29087], [-2.24752, -0.22158, 1.54643, 2.85936, -3.07772, 0.33531, -2.3027], [-2.28944, -0.13375, 1.52861, 2.87388, -3.07458, 0.27048, -2.30552], [-2.28707, -0.11924, 1.59325, 2.74725, -2.87979, 0.09589, -1.90409], [-2.2847, -0.10473, 1.6579, 2.62062, -2.68501, -0.07871, -1.50266], [-2.28233, -0.09022, 1.72255, 2.494, -2.49023, -0.25331, -1.10123], [-2.27996, -0.07571, 1.78719, 2.36737, -2.29545, -0.42791, -0.6998], [-2.27881, -0.06872, 1.81835, 2.30634, -2.20156, -0.51206, -0.50631], [-2.03888, 0.11078, 1.74749, 2.05995, -1.95067, -0.66547, -0.41685], [-1.79895, 0.29028, 1.67663, 1.81357, -1.69977, -0.81889, -0.3274], [-1.55902, 0.46978, 1.60577, 1.56718, -1.44888, -0.9723, -0.23794], [-1.31909, 0.64928, 1.53491, 1.32079, -1.19799, -1.12572, -0.14849], [-1.07916, 0.82878, 1.46405, 1.07441, -0.9471, -1.27913, -0.05903]]
end: [-1.0315799999999999, 0.86438000000000004, 1.45, 1.0255399999999999, -0.89734000000000003, -1.3095600000000001, -0.04129]
obtacles: [[[0.6, 0.5, -1.0], [0.9, 0.6, 1.0]], [[0.6, -0.6, -1.0], [0.9, -0.5, 1.0]], [[0.6, -0.6, 0.9], [0.9, 0.6, 1.0]], [[0.6, -0.6, -1.0], [0.9, 0.6, -0.9]], [[0.6, -0.6, 0.3], [0.9, 0.6, 0.4]], [[0.6, -0.6, -0.4], [0.9, 0.6, -0.3]], [[0.6, 0.2, 0.4], [0.9, 0.3, 1.0]], [[0.6, -0.2, -0.4], [0.9, -0.1, 0.4]], [[0.6, 0.1, -1.0], [0.9, 0.2, -0.3]]]
start: [-0.78490000000000004, 0.67837000000000003, 1.3, 1.35487, -0.64932999999999996, -1.5679399999999999, -0.44122]
tajectories: [[-0.7849, 0.67837, 1.3, 1.35487, -0.64933, -1.56794, -0.44122], [-0.7035, 0.48736, 1.17783, 1.50209, -0.72419, -1.16307, -0.41347], [-0.62211, 0.29635, 1.05567, 1.64932, -0.79905, -0.75821, -0.38572], [-0.54071, 0.10534, 0.9335, 1.79655, -0.8739, -0.35334, -0.35796], [-0.45931, -0.08566, 0.81134, 1.94378, -0.94876, 0.05152, -0.33021], [-0.37792, -0.27667, 0.68917, 2.09101, -1.02361, 0.45639, -0.30245], [-0.36291, -0.31189, 0.66665, 2.11815, -1.03741, 0.53105, -0.29733], [-0.60372, -0.56253, 0.90537, 2.21313, -0.95186, 0.6013, -0.52301], [-0.84453, -0.81317, 1.14409, 2.3081, -0.86631, 0.67155, -0.74869], [-1.08534, -1.0638, 1.38281, 2.40308, -0.78076, 0.74181, -0.97436], [-1.32615, -1.31444, 1.62153, 2.49806, -0.69521, 0.81206, -1.20004], [-1.50657, -1.50223, 1.80038, 2.56921, -0.63112, 0.8647, -1.36912], [-1.64614, -1.59844, 1.7174, 2.28877, -0.73697, 1.0083, -1.69146], [-1.7857, -1.69466, 1.63441, 2.00833, -0.84282, 1.15191, -2.01379], [-1.92527, -1.79088, 1.55143, 1.72788, -0.94868, 1.29552, -2.33613], [-2.06483, -1.8871, 1.46844, 1.44744, -1.05453, 1.43912, -2.65846]]
end: [-2.1799400000000002, -1.96645, 1.3999999999999999, 1.2161500000000001, -1.1418299999999999, 1.5575600000000001, -2.9243000000000001]
obtacles: [[[0.6, 0.5, -1.0], [0.9, 0.6, 1.0]], [[0.6, -0.6, -1.0], [0.9, -0.5, 1.0]], [[0.6, -0.6, 0.9], [0.9, 0.6, 1.0]], [[0.6, -0.6, -1.0], [0.9, 0.6, -0.9]], [[0.6, -0.6, 0.3], [0.9, 0.6, 0.4]], [[0.6, -0.6, -0.4], [0.9, 0.6, -0.3]], [[0.6, 0.2, 0.4], [0.9, 0.3, 1.0]], [[0.6, -0.2, -0.4], [0.9, -0.1, 0.4]], [[0.6, 0.1, -1.0], [0.9, 0.2, -0.3]]]
start: [-2.4218999999999999, -1.9633100000000001, 1.3999999999999999, 1.29054, -1.14676, 1.5256700000000001, -2.61449]
tajectories: [[-2.4219, -1.96331, 1.4, 1.29054, -1.14676, 1.52567, -2.61449], [-2.35388, -1.8382, 1.38926, 1.51425, -1.19223, 1.11875, -2.50538], [-2.28586, -1.71309, 1.37852, 1.73796, -1.2377, 0.71182, -2.39627], [-2.21784, -1.58798, 1.36778, 1.96167, -1.28317, 0.3049, -2.28716], [-2.14982, -1.46287, 1.35704, 2.18538, -1.32864, -0.10202, -2.17805], [-2.08179, -1.33776, 1.3463, 2.40909, -1.37412, -0.50895, -2.06893], [-2.01377, -1.21266, 1.33556, 2.6328, -1.41959, -0.91587, -1.95982], [-1.94575, -1.08755, 1.32481, 2.85651, -1.46506, -1.32279, -1.85071], [-1.94444, -1.08512, 1.32461, 2.86084, -1.46594, -1.33068, -1.8486], [-1.92581, -0.80781, 1.38152, 2.72724, -1.50791, -1.28529, -1.4641], [-1.90719, -0.5305, 1.43843, 2.59363, -1.54987, -1.23991, -1.0796], [-1.88857, -0.25318, 1.49534, 2.46002, -1.59184, -1.19453, -0.6951], [-1.86994, 0.02413, 1.55225, 2.32641, -1.63381, -1.14915, -0.3106], [-1.86705, 0.06726, 1.5611, 2.30563, -1.64034, -1.14209, -0.2508], [-1.63653, 0.2634, 1.5265, 1.93755, -1.52196, -1.14971, -0.16339], [-1.40602, 0.45953, 1.49189, 1.56948, -1.40358, -1.15734, -0.07598], [-1.1755, 0.65567, 1.45729, 1.2014, -1.28519, -1.16496, 0.01144], [-0.94498, 0.85181, 1.42268, 0.83332, -1.16681, -1.17258, 0.09885]]
end: [-0.79388000000000003, 0.98038000000000003, 1.3999999999999999, 0.59204000000000001, -1.08921, -1.1775800000000001, 0.15615000000000001]
obtacles: [[[0.6, 0.5, -1.0], [0.9, 0.6, 1.0]], [[0.6, -0.6, -1.0], [0.9, -0.5, 1.0]], [[0.6, -0.6, 0.9], [0.9, 0.6, 1.0]], [[0.6, -0.6, -1.0], [0.9, 0.6, -0.9]], [[0.6, -0.6, 0.3], [0.9, 0.6, 0.4]], [[0.6, -0.6, -0.4], [0.9, 0.6, -0.3]], [[0.6, 0.2, 0.4], [0.9, 0.3, 1.0]], [[0.6, -0.2, -0.4], [0.9, -0.1, 0.4]], [[0.6, 0.1, -1.0], [0.9, 0.2, -0.3]]]
start: [-2.40117, -1.84853, 1.6499999999999999, 1.9337500000000001, -1.2834300000000001, 1.5445800000000001, -1.9409799999999999]
tajectories: [[-2.40117, -1.84853, 1.65, 1.93375, -1.28343, 1.54458, -1.94098], [-2.18445, -1.59616, 1.71109, 2.11019, -1.58667, 1.47879, -1.85045], [-1.96772, -1.3438, 1.77218, 2.28663, -1.88991, 1.413, -1.75991], [-1.751, -1.09143, 1.83327, 2.46306, -2.19315, 1.34721, -1.66938], [-1.53428, -0.83906, 1.89436, 2.6395, -2.49639, 1.28142, -1.57885], [-1.31755, -0.5867, 1.95545, 2.81594, -2.79963, 1.21563, -1.48832], [-1.10083, -0.33433, 2.01655, 2.99238, -3.10287, 1.14984, -1.39778], [-0.93707, -0.14364, 2.06271, 3.12569, -3.332, 1.10012, -1.32938], [-1.08873, -0.00275, 2.08886, 3.01997, -3.42925, 0.7507, -1.07693], [-1.24038, 0.13814, 2.11502, 2.91425, -3.5265, 0.40127, -0.82447], [-1.39203, 0.27903, 2.14117, 2.80852, -3.62375, 0.05184, -0.57202], [-1.54368, 0.41992, 2.16733, 2.7028, -3.721, -0.29758, -0.31957], [-1.69534, 0.56082, 2.19348, 2.59707, -3.81825, -0.64701, -0.06711], [-1.84699, 0.70171, 2.21964, 2.49135, -3.9155, -0.99644, 0.18534], [-1.99864, 0.8426, 2.24579, 2.38563, -4.01275, -1.34586, 0.4378], [-2.06287, 0.90227, 2.25687, 2.34085, -4.05394, -1.49386, 0.54472], [-1.87955, 0.88756, 2.17753, 2.0966, -3.68161, -1.41099, 0.47595], [-1.69623, 0.87284, 2.0982, 1.85236, -3.30928, -1.32812, 0.40717], [-1.51291, 0.85812, 2.01886, 1.60812, -2.93695, -1.24525, 0.3384], [-1.32958, 0.84341, 1.93952, 1.36388, -2.56462, -1.16238, 0.26962], [-1.14626, 0.82869, 1.86019, 1.11963, -2.19229, -1.07951, 0.20085], [-0.96294, 0.81397, 1.78085, 0.87539, -1.81996, -0.99664, 0.13207], [-0.77962, 0.79926, 1.70151, 0.63115, -1.44763, -0.91376, 0.0633]]
end: [-0.66059000000000001, 0.78969999999999996, 1.6499999999999999, 0.47256999999999999, -1.2058899999999999, -0.85995999999999995, 0.01865]
obtacles: [[[0.6, 0.5, -1.0], [0.9, 0.6, 1.0]], [[0.6, -0.6, -1.0], [0.9, -0.5, 1.0]], [[0.6, -0.6, 0.9], [0.9, 0.6, 1.0]], [[0.6, -0.6, -1.0], [0.9, 0.6, -0.9]], [[0.6, -0.6, 0.3], [0.9, 0.6, 0.4]], [[0.6, -0.6, -0.4], [0.9, 0.6, -0.3]], [[0.6, 0.2, 0.4], [0.9, 0.3, 1.0]], [[0.6, -0.2, -0.4], [0.9, -0.1, 0.4]], [[0.6, 0.1, -1.0], [0.9, 0.2, -0.3]]]
start: [0.43635000000000002, 1.9142999999999999, -1.75, 1.15622, -1.1854100000000001, 1.55284, -2.4563899999999999]
tajectories: [[0.43635, 1.9143, -1.75, 1.15622, -1.18541, 1.55284, -2.45639], [0.5879, 1.81493, -1.65011, 1.39391, -0.91689, 1.3681, -2.24555], [0.73946, 1.71556, -1.55021, 1.63159, -0.64838, 1.18336, -2.03471], [0.89101, 1.6162, -1.45032, 1.86928, -0.37986, 0.99861, -1.82387], [1.04257, 1.51683, -1.35042, 2.10697, -0.11135, 0.81387, -1.61303], [1.06697, 1.50083, -1.33434, 2.14524, -0.06811, 0.78412, -1.57908], [0.97958, 1.29194, -1.39228, 2.25039, -0.46427, 0.62198, -1.54621], [0.89219, 1.08305, -1.45023, 2.35554, -0.86043, 0.45984, -1.51334], [0.8048, 0.87416, -1.50817, 2.46069, -1.25659, 0.2977, -1.48048], [0.71838, 0.66757, -1.56548, 2.56469, -1.64839, 0.13734, -1.44797], [0.46432, 0.66458, -1.71156, 2.58174, -1.56812, 0.14658, -1.84457], [0.21027, 0.66159, -1.85764, 2.59879, -1.48784, 0.15582, -2.24117], [-0.04378, 0.6586, -2.00372, 2.61584, -1.40756, 0.16506, -2.63776], [-0.26948, 0.65594, -2.1335, 2.63099, -1.33624, 0.17327, -2.99012], [-0.20448, 0.68674, -2.05208, 2.23342, -1.49216, 0.33516, -2.81802], [-0.13948, 0.71755, -1.97065, 1.83586, -1.64809, 0.49706, -2.64593], [-0.07448, 0.74835, -1.88922, 1.43829, -1.80401, 0.65895, -2.47384], [-0.00947, 0.77915, -1.8078, 1.04073, -1.95994, 0.82084, -2.30175]]
end: [0.036659999999999998, 0.80101999999999995, -1.75, 0.75853000000000004, -2.0706099999999998, 0.93574999999999997, -2.1795900000000001]
obtacles: [[[0.6, 0.5, -1.0], [0.9, 0.6, 1.0]], [[0.6, -0.6, -1.0], [0.9, -0.5, 1.0]], [[0.6, -0.6, 0.9], [0.9, 0.6, 1.0]], [[0.6, -0.6, -1.0], [0.9, 0.6, -0.9]], [[0.6, -0.6, 0.3], [0.9, 0.6, 0.4]], [[0.6, -0.6, -0.4], [0.9, 0.6, -0.3]], [[0.6, 0.2, 0.4], [0.9, 0.3, 1.0]], [[0.6, -0.2, -0.4], [0.9, -0.1, 0.4]], [[0.6, 0.1, -1.0], [0.9, 0.2, -0.3]]]
start: [0.29113, 1.82121, -1.75, 1.0228299999999999, -1.2644899999999999, 1.5524899999999999, -2.43533]
tajectories: [[0.29113, 1.82121, -1.75, 1.02283, -1.26449, 1.55249, -2.43533], [0.55534, 1.76303, -1.63063, 1.20948, -1.07401, 1.33426, -2.22603], [0.81956, 1.70484, -1.51127, 1.39614, -0.88352, 1.11604, -2.01673], [1.08378, 1.64666, -1.3919, 1.5828, -0.69304, 0.89781, -1.80743], [1.348, 1.58848, -1.27253, 1.76945, -0.50255, 0.67958, -1.59813], [1.61221, 1.5303, -1.15317, 1.95611, -0.31207, 0.46136, -1.38882], [1.64343, 1.52342, -1.13906, 1.97816, -0.28956, 0.43557, -1.3641], [1.75981, 1.53295, -1.22473, 1.60526, -0.58757, 0.45744, -1.39017], [1.87619, 1.54248, -1.31041, 1.23236, -0.88558, 0.47931, -1.41624], [1.99257, 1.55201, -1.39608, 0.85945, -1.18359, 0.50118, -1.44232], [2.01121, 1.55353, -1.4098, 0.79972, -1.23133, 0.50468, -1.44649], [1.88486, 1.35134, -1.51366, 0.64549, -1.27247, 0.68989, -1.09637], [1.75851, 1.14914, -1.61752, 0.49127, -1.31361, 0.87509, -0.74625], [1.63215, 0.94694, -1.72138, 0.33704, -1.35474, 1.0603, -0.39613], [1.5058, 0.74474, -1.82523, 0.18281, -1.39588, 1.24551, -0.04601], [1.37945, 0.54255, -1.92909, 0.02858, -1.43702, 1.43072, 0.30411], [1.31201, 0.43463, -1.98452, -0.05373, -1.45898, 1.52957, 0.49098], [1.1096, 0.5442, -1.92918, -0.13567, -1.37934, 1.41065, 0.89934], [0.90718, 0.65378, -1.87384, -0.2176, -1.2997, 1.29172, 1.30771], [0.70477, 0.76336, -1.8185, -0.29954, -1.22007, 1.1728, 1.71607], [0.50236, 0.87293, -1.76316, -0.38147, -1.14043, 1.05388, 2.12443]]
end: [0.45423000000000002, 0.89898999999999996, -1.75, -0.40095999999999998, -1.1214900000000001, 1.0256000000000001, 2.22153]
