obtacles: [[[0.6, -0.4, -0.2], [1.0, 0.6, -0.3]], [[0.7, -0.0, -0.2], [1.0, 0.1, 0.3]], [[0.7, 0.4, -0.2], [1.0, 0.5, 0.3]], [[0.7, 0.0, 0.3], [1.0, 0.5, 0.4]]]
start: [2.4102999999999999, -1.6724000000000001, -1.55, 1.51814, -1.67337, -1.55548, -0.78500000000000003]
tajectories: [[2.4103, -1.6724, -1.55, 1.51814, -1.67337, -1.55548, -0.785], [2.31325, -1.70879, -1.43121, 1.6083, -1.39606, -1.18367, -0.74162], [2.2162, -1.74518, -1.31243, 1.69847, -1.11875, -0.81187, -0.69824], [2.11916, -1.78156, -1.19364, 1.78863, -0.84144, -0.44007, -0.65485], [2.02211, -1.81795, -1.07485, 1.87879, -0.56413, -0.06827, -0.61147], [1.96257, -1.84027, -1.00197, 1.93412, -0.39399, 0.15985, -0.58485], [1.58972, -1.83926, -0.93648, 2.09355, -0.51086, 0.14419, -0.84442], [1.21688, -1.83824, -0.871, 2.25299, -0.62774, 0.12854, -1.10398], [1.0029, -1.83765, -0.83341, 2.3445, -0.69482, 0.11955, -1.25295], [0.70583, -1.77279, -0.60889, 2.409, -0.80971, 0.40946, -1.17724], [0.40877, -1.70793, -0.38437, 2.47349, -0.9246, 0.69937, -1.10154], [0.11171, -1.64308, -0.15985, 2.53799, -1.03948, 0.98928, -1.02584], [-0.17592, -1.58028, 0.05754, 2.60044, -1.15073, 1.26999, -0.95254], [-0.51211, -1.6431, 0.30784, 2.45883, -1.15458, 1.31332, -1.17261], [-0.8483, -1.70593, 0.55815, 2.31721, -1.15844, 1.35665, -1.39267], [-1.1845, -1.76876, 0.80845, 2.1756, -1.1623, 1.39997, -1.61274], [-1.52069, -1.83158, 1.05875, 2.03399, -1.16616, 1.4433, -1.83281], [-1.85688, -1.89441, 1.30905, 1.89237, -1.17001, 1.48663, -2.05288], [-2.19307, -1.95724, 1.55936, 1.75076, -1.17387, 1.52996, -2.27295]]
end: [-2.2476600000000002, -1.9674400000000001, 1.6000000000000001, 1.72777, -1.1745000000000001, 1.5369999999999999, -2.3086799999999998]
obtacles: [[[0.6, -0.4, -0.2], [1.0, 0.6, -0.3]], [[0.7, -0.0, -0.2], [1.0, 0.1, 0.3]], [[0.7, 0.4, -0.2], [1.0, 0.5, 0.3]], [[0.7, 0.0, 0.3], [1.0, 0.5, 0.4]]]
start: [-0.90083999999999997, 1.7190399999999999, 1.75, 1.5764899999999999, -1.7203999999999999, -1.39273, -0.64893000000000001]
tajectories: [[-0.90084, 1.71904, 1.75, 1.57649, -1.7204, -1.39273, -0.64893], [-0.89462, 1.30032, 1.70897, 1.56586, -1.5089, -1.24075, -0.57816], [-0.88841, 0.88159, 1.66794, 1.55523, -1.2974, -1.08877, -0.5074], [-0.8822, 0.46287, 1.62692, 1.5446, -1.0859, -0.9368, -0.43663], [-0.87599, 0.04415, 1.58589, 1.53397, -0.87439, -0.78482, -0.36587], [-0.86977, -0.37457, 1.54486, 1.52334, -0.66289, -0.63284, -0.2951], [-0.86356, -0.79329, 1.50383, 1.51271, -0.45139, -0.48087, -0.22434], [-0.85757, -1.19711, 1.46426, 1.50246, -0.24741, -0.3343, -0.15609], [-0.81508, -1.2171, 1.49045, 1.74426, -0.01756, -0.46302, -0.50141], [-0.7726, -1.23709, 1.51663, 1.98605, 0.21229, -0.59174, -0.84672], [-0.73011, -1.25708, 1.54281, 2.22785, 0.44214, -0.72046, -1.19204], [-0.68762, -1.27707, 1.56899, 2.46965, 0.672, -0.84919, -1.53735], [-0.64514, -1.29706, 1.59518, 2.71144, 0.90185, -0.97791, -1.88267], [-0.60265, -1.31705, 1.62136, 2.95324, 1.1317, -1.10663, -2.22798], [-0.59393, -1.32116, 1.62673, 3.00288, 1.17889, -1.13306, -2.29887], [-0.78236, -1.36111, 1.61812, 2.82412, 0.88246, -0.83, -2.33284], [-0.97078, -1.40106, 1.60951, 2.64536, 0.58603, -0.52694, -2.36681], [-1.15921, -1.44101, 1.6009, 2.46659, 0.2896, -0.22388, -2.40078], [-1.34764, -1.48096, 1.59229, 2.28783, -0.00683, 0.07917, -2.43474], [-1.53607, -1.52091, 1.58368, 2.10907, -0.30326, 0.38223, -2.46871], [-1.72449, -1.56086, 1.57506, 1.93031, -0.5997, 0.68529, -2.50268], [-1.91292, -1.60081, 1.56645, 1.75154, -0.89613, 0.98835, -2.53665], [-2.10135, -1.64076, 1.55784, 1.57278, -1.19256, 1.2914, -2.57062]]
end: [-2.2729400000000002, -1.6771400000000001, 1.55, 1.4099900000000001, -1.4624999999999999, 1.56738, -2.60155]
obtacles: [[[0.6, -0.4, -0.2], [1.0, 0.6, -0.3]], [[0.7, -0.0, -0.2], [1.0, 0.1, 0.3]], [[0.7, 0.4, -0.2], [1.0, 0.5, 0.3]], [[0.7, 0.0, 0.3], [1.0, 0.5, 0.4]]]
start: [-0.69418999999999997, 1.73529, 1.6499999999999999, 1.2542599999999999, -1.7517400000000001, -1.54759, -0.55142999999999998]
tajectories: [[-0.69419, 1.73529, 1.65, 1.25426, -1.75174, -1.54759, -0.55143], [-0.90635, 1.59957, 1.62523, 1.18494, -1.62681, -1.15795, -0.66858], [-1.1185, 1.46385, 1.60047, 1.11562, -1.50188, -0.76831, -0.78573], [-1.33065, 1.32813, 1.5757, 1.0463, -1.37695, -0.37867, -0.90289], [-1.54281, 1.19241, 1.55094, 0.97698, -1.25202, 0.01098, -1.02004], [-1.75496, 1.05669, 1.52617, 0.90767, -1.12709, 0.40062, -1.1372], [-1.96711, 0.92097, 1.50141, 0.83835, -1.00216, 0.79026, -1.25435], [-1.97599, 0.91529, 1.50037, 0.83545, -0.99693, 0.80657, -1.25926], [-1.77561, 0.55958, 1.53504, 0.9881, -0.78967, 0.81568, -1.38484], [-1.57522, 0.20388, 1.56971, 1.14074, -0.5824, 0.8248, -1.51043], [-1.37484, -0.15183, 1.60438, 1.29339, -0.37513, 0.83391, -1.63602], [-1.17445, -0.50754, 1.63905, 1.44604, -0.16787, 0.84302, -1.7616], [-0.97407, -0.86324, 1.67372, 1.59869, 0.0394, 0.85213, -1.88719], [-0.77368, -1.21895, 1.7084, 1.75134, 0.24667, 0.86124, -2.01278], [-0.69008, -1.36735, 1.72286, 1.81503, 0.33314, 0.86504, -2.06517], [-1.01281, -1.43833, 1.69843, 1.81731, -0.01452, 1.00326, -2.08053], [-1.33555, -1.50931, 1.67399, 1.8196, -0.36217, 1.14148, -2.09588], [-1.65828, -1.58028, 1.64956, 1.82188, -0.70983, 1.2797, -2.11124], [-1.98101, -1.65126, 1.62513, 1.82416, -1.05748, 1.41792, -2.12659], [-2.30374, -1.72224, 1.60069, 1.82645, -1.40513, 1.55614, -2.14195]]
end: [-2.3128799999999998, -1.7242500000000001, 1.6000000000000001, 1.8265100000000001, -1.4149799999999999, 1.5600499999999999, -2.1423800000000002]
obtacles: [[[0.6, -0.4, -0.2], [1.0, 0.6, -0.3]], [[0.7, -0.0, -0.2], [1.0, 0.1, 0.3]], [[0.7, 0.4, -0.2], [1.0, 0.5, 0.3]], [[0.7, 0.0, 0.3], [1.0, 0.5, 0.4]]]
start: [-0.68054999999999999, 1.9647699999999999, 2.2999999999999998, 1.90133, -1.8038000000000001, -0.78624000000000005, -0.97197]
tajectories: [[-0.68055, 1.96477, 2.3, 1.90133, -1.8038, -0.78624, -0.97197], [-0.73476, 1.60485, 2.08958, 1.785, -2.02287, -0.8733, -0.90761], [-0.78897, 1.24493, 1.87916, 1.66868, -2.24194, -0.96036, -0.84326], [-0.84317, 0.88501, 1.66875, 1.55235, -2.46101, -1.04742, -0.7789], [-0.89738, 0.52509, 1.45833, 1.43603, -2.68008, -1.13448, -0.71454], [-0.93066, 0.30417, 1.32917, 1.36463, -2.81456, -1.18792, -0.67504], [-0.87126, 0.0402, 1.05137, 1.57537, -2.87426, -1.10764, -0.88765], [-0.81187, -0.22376, 0.77358, 1.78611, -2.93396, -1.02736, -1.10027], [-0.75248, -0.48773, 0.49579, 1.99686, -2.99366, -0.94708, -1.31288], [-0.69309, -0.75169, 0.21799, 2.2076, -3.05337, -0.8668, -1.52549], [-0.67145, -0.84787, 0.11678, 2.28438, -3.07512, -0.83755, -1.60296], [-0.80577, -0.96668, 0.2924, 2.41475, -3.23781, -0.46014, -1.63611], [-0.94008, -1.08549, 0.46802, 2.54512, -3.4005, -0.08273, -1.66927], [-1.0744, -1.20431, 0.64364, 2.67549, -3.5632, 0.29467, -1.70243], [-1.20872, -1.32312, 0.81926, 2.80586, -3.72589, 0.67208, -1.73559], [-1.34304, -1.44193, 0.99488, 2.93622, -3.88858, 1.04949, -1.76874], [-1.4601, -1.54549, 1.14794, 3.04985, -4.03038, 1.37842, -1.79764], [-1.60482, -1.58716, 1.18162, 2.78274, -3.65729, 1.40397, -1.9201], [-1.74953, -1.62882, 1.21531, 2.51564, -3.2842, 1.42953, -2.04255], [-1.89424, -1.67049, 1.24899, 2.24854, -2.91111, 1.45508, -2.16501], [-2.03895, -1.71216, 1.28267, 1.98144, -2.53802, 1.48064, -2.28746], [-2.18367, -1.75383, 1.31636, 1.71433, -2.16493, 1.50619, -2.40991], [-2.32838, -1.7955, 1.35004, 1.44723, -1.79184, 1.53174, -2.53237], [-2.47309, -1.83717, 1.38372, 1.18013, -1.41875, 1.5573, -2.65482]]
end: [-2.5430199999999998, -1.8573, 1.3999999999999999, 1.05105, -1.2384500000000001, 1.56965, -2.714]
