obtacles: [[[0.6, -0.4, -0.2], [1.0, 0.6, -0.3]], [[0.7, -0.2, -0.2], [0.9, -0.1, 0.5]], [[0.7, 0.3, -0.2], [0.9, 0.4, 0.5]], [[0.7, -0.2, 0.5], [0.9, 0.4, 0.6]]]
start: [2.4894400000000001, -1.77511, -1.05, 0.93628, -2.0600299999999998, -1.2951999999999999, -0.16031000000000001]
tajectories: [[2.48944, -1.77511, -1.05, 0.93628, -2.06003, -1.2952, -0.16031], [2.37488, -1.50229, -1.03374, 0.82975, -1.69002, -1.20994, -0.24186], [2.26031, -1.22947, -1.01748, 0.72322, -1.32, -1.12467, -0.32341], [2.14574, -0.95666, -1.00121, 0.61669, -0.94999, -1.0394, -0.40496], [2.03118, -0.68384, -0.98495, 0.51015, -0.57997, -0.95413, -0.48651], [1.96481, -0.52581, -0.97553, 0.44844, -0.36563, -0.90474, -0.53375], [1.86317, -0.51097, -1.12194, 0.77492, -0.18133, -0.63304, -0.59411], [1.76153, -0.49613, -1.26835, 1.1014, 0.00296, -0.36135, -0.65447], [1.65989, -0.4813, -1.41475, 1.42788, 0.18726, -0.08966, -0.71483], [1.55825, -0.46646, -1.56116, 1.75435, 0.37155, 0.18204, -0.77519], [1.4566, -0.45163, -1.70757, 2.08083, 0.55585, 0.45373, -0.83556], [1.35496, -0.43679, -1.85398, 2.40731, 0.74014, 0.72543, -0.89592], [1.28122, -0.42603, -1.96019, 2.64416, 0.87384, 0.92253, -0.93971], [1.19568, -0.129, -1.90975, 2.52242, 0.54777, 1.00582, -1.09407], [1.11014, 0.16803, -1.85932, 2.40068, 0.22169, 1.0891, -1.24844], [1.02459, 0.46506, -1.80888, 2.27894, -0.10439, 1.17238, -1.4028], [0.93905, 0.76209, -1.75844, 2.1572, -0.43047, 1.25566, -1.55717], [0.8535, 1.05911, -1.708, 2.03546, -0.75655, 1.33894, -1.71153], [0.76796, 1.35614, -1.65756, 1.91371, -1.08263, 1.42222, -1.8659], [0.68242, 1.65317, -1.60713, 1.79197, -1.40871, 1.50551, -2.02026]]
end: [0.67032999999999998, 1.6951400000000001, -1.6000000000000001, 1.77477, -1.45478, 1.5172699999999999, -2.0420799999999999]
obtacles: [[[0.6, -0.4, -0.2], [1.0, 0.6, -0.3]], [[0.7, -0.2, -0.2], [0.9, -0.1, 0.5]], [[0.7, 0.3, -0.2], [0.9, 0.4, 0.5]], [[0.7, -0.2, 0.5], [0.9, 0.4, 0.6]]]
start: [-0.36891000000000002, 1.5005999999999999, -1.75, 0.66776000000000002, -4.6147099999999996, -1.40486, 1.03485]
tajectories: [[-0.36891, 1.5006, -1.75, 0.66776, -4.61471, -1.40486, 1.03485], [-0.33229, 1.72038, -1.95079, 0.94538, -4.50271, -1.42892, 1.29913], [-0.30057, 1.9107, -2.12466, 1.18578, -4.40572, -1.44976, 1.52798], [-0.2495, 1.83616, -2.29087, 1.64578, -4.43064, -1.45882, 1.57153], [-0.19842, 1.76161, -2.45708, 2.10579, -4.45556, -1.46788, 1.61509], [-0.14735, 1.68706, -2.62329, 2.5658, -4.48048, -1.47694, 1.65865], [-0.13943, 1.67551, -2.64904, 2.63707, -4.48434, -1.47835, 1.6654], [0.09482, 1.75646, -2.39004, 2.36762, -4.43891, -1.46275, 1.44957], [0.32907, 1.83741, -2.13103, 2.09817, -4.39348, -1.44715, 1.23375], [0.56333, 1.91836, -1.87203, 1.82873, -4.34805, -1.43155, 1.01793]]
end: [0.71891000000000005, 1.9721200000000001, -1.7, 1.64977, -4.3178799999999997, -1.42119, 0.87458000000000002]
obtacles: [[[0.6, -0.4, -0.2], [1.0, 0.6, -0.3]], [[0.7, -0.2, -0.2], [0.9, -0.1, 0.5]], [[0.7, 0.3, -0.2], [0.9, 0.4, 0.5]], [[0.7, -0.2, 0.5], [0.9, 0.4, 0.6]]]
start: [2.2389299999999999, -1.6054900000000001, -1.55, 1.3777999999999999, -4.7504299999999997, 1.55705, 2.6670799999999999]
tajectories: [[2.23893, -1.60549, -1.55, 1.3778, -4.75043, 1.55705, 2.66708], [1.9858, -1.54296, -1.55797, 1.49544, -4.72702, 1.14955, 2.70589], [1.73268, -1.48044, -1.56594, 1.61308, -4.70361, 0.74205, 2.74471], [1.47955, -1.41792, -1.57391, 1.73073, -4.6802, 0.33455, 2.78353], [1.22642, -1.35539, -1.58188, 1.84837, -4.65678, -0.07296, 2.82235], [0.97329, -1.29287, -1.58986, 1.96601, -4.63337, -0.48046, 2.86117], [0.72016, -1.23034, -1.59783, 2.08366, -4.60996, -0.88796, 2.89998], [0.59697, -1.19992, -1.60171, 2.14091, -4.59857, -1.08628, 2.91887], [0.62526, -0.77712, -1.59409, 2.11654, -4.60063, -1.15467, 2.6637], [0.65356, -0.35433, -1.58647, 2.09218, -4.60268, -1.22306, 2.40853], [0.68185, 0.06846, -1.57886, 2.06782, -4.60474, -1.29145, 2.15336], [0.71014, 0.49126, -1.57124, 2.04345, -4.60679, -1.35985, 1.89819], [0.73844, 0.91405, -1.56363, 2.01909, -4.60885, -1.42824, 1.64302], [0.76673, 1.33685, -1.55601, 1.99472, -4.61091, -1.49663, 1.38785]]
end: [0.78905999999999998, 1.6705300000000001, -1.55, 1.97549, -4.6125299999999996, -1.55061, 1.1864699999999999]
obtacles: [[[0.6, -0.4, -0.2], [1.0, 0.6, -0.3]], [[0.7, -0.2, -0.2], [0.9, -0.1, 0.5]], [[0.7, 0.3, -0.2], [0.9, 0.4, 0.5]], [[0.7, -0.2, 0.5], [0.9, 0.4, 0.6]]]
start: [2.5765400000000001, -1.58511, -1.5, 0.67937999999999998, -1.6349, -1.53749, -0.11275]
tajectories: [[2.57654, -1.58511, -1.5, 0.67938, -1.6349, -1.53749, -0.11275], [2.50973, -1.40474, -1.47877, 0.63298, -1.2899, -1.44326, -0.39997], [2.44291, -1.22436, -1.45754, 0.58658, -0.9449, -1.34903, -0.68719], [2.3761, -1.04399, -1.4363, 0.54018, -0.5999, -1.25481, -0.97441], [2.30929, -0.86362, -1.41507, 0.49378, -0.2549, -1.16058, -1.26163], [2.24248, -0.68324, -1.39384, 0.44738, 0.0901, -1.06636, -1.54885], [2.17567, -0.50287, -1.37261, 0.40098, 0.4351, -0.97213, -1.83607], [2.10886, -0.3225, -1.35138, 0.35458, 0.7801, -0.8779, -2.12329], [2.08242, -0.25114, -1.34298, 0.33622, 0.91659, -0.84062, -2.23692], [2.10129, -0.02462, -1.2223, 0.68811, 0.87099, -0.62411, -2.34175], [2.12016, 0.2019, -1.10163, 1.04, 0.8254, -0.40759, -2.44658], [2.13903, 0.42842, -0.98096, 1.39188, 0.77981, -0.19107, -2.55141], [2.1579, 0.65493, -0.86029, 1.74377, 0.73421, 0.02545, -2.65624], [2.17677, 0.88145, -0.73961, 2.09566, 0.68862, 0.24197, -2.76106], [2.18656, 0.99899, -0.677, 2.27825, 0.66496, 0.35432, -2.81546], [1.96973, 1.16503, -0.82595, 2.1883, 0.35153, 0.55313, -2.72962], [1.75289, 1.33107, -0.9749, 2.09835, 0.0381, 0.75195, -2.64378], [1.53605, 1.49711, -1.12385, 2.00841, -0.27533, 0.95076, -2.55793], [1.31922, 1.66316, -1.27281, 1.91846, -0.58876, 1.14958, -2.47209], [1.10238, 1.8292, -1.42176, 1.82851, -0.90219, 1.34839, -2.38625]]
end: [0.91569999999999996, 1.9721500000000001, -1.55, 1.7510699999999999, -1.17204, 1.51956, -2.3123399999999998]
obtacles: [[[0.6, -0.4, -0.2], [1.0, 0.6, -0.3]], [[0.7, -0.2, -0.2], [0.9, -0.1, 0.5]], [[0.7, 0.3, -0.2], [0.9, 0.4, 0.5]], [[0.7, -0.2, 0.5], [0.9, 0.4, 0.6]]]
start: [-0.67417000000000005, 1.4204300000000001, -1.55, -0.53842000000000001, -4.6526100000000001, -1.43119, 0.13]
tajectories: [[-0.67417, 1.42043, -1.55, -0.53842, -4.65261, -1.43119, 0.13], [-0.57955, 1.2577, -1.6037, -0.23879, -4.53803, -1.24457, 0.40194], [-0.48493, 1.09497, -1.6574, 0.06083, -4.42345, -1.05795, 0.67388], [-0.39032, 0.93224, -1.7111, 0.36045, -4.30887, -0.87132, 0.94582], [-0.2957, 0.76951, -1.7648, 0.66008, -4.19428, -0.6847, 1.21776], [-0.20108, 0.60678, -1.8185, 0.9597, -4.0797, -0.49807, 1.48969], [-0.10646, 0.44405, -1.8722, 1.25933, -3.96512, -0.31145, 1.76163], [-0.01184, 0.28132, -1.9259, 1.55895, -3.85054, -0.12483, 2.03357], [0.0622, 0.15397, -1.96792, 1.79344, -3.76087, 0.02123, 2.24639], [0.2828, 0.40475, -2.04273, 1.93747, -3.43034, -0.02729, 2.2241], [0.5034, 0.65554, -2.11754, 2.0815, -3.09981, -0.07581, 2.20181], [0.724, 0.90632, -2.19235, 2.22553, -2.76928, -0.12433, 2.17952], [0.9446, 1.15711, -2.26716, 2.36956, -2.43875, -0.17285, 2.15723], [1.1652, 1.40789, -2.34197, 2.51359, -2.10822, -0.22136, 2.13494], [1.3858, 1.65868, -2.41678, 2.65762, -1.77769, -0.26988, 2.11265], [1.55088, 1.84635, -2.47277, 2.7654, -1.53034, -0.30619, 2.09597], [1.40972, 1.85822, -2.34712, 2.61736, -1.91422, -0.47584, 1.96913], [1.26855, 1.87009, -2.22147, 2.46932, -2.29809, -0.64548, 1.84229], [1.12738, 1.88196, -2.09582, 2.32129, -2.68197, -0.81513, 1.71545], [0.98622, 1.89383, -1.97018, 2.17325, -3.06584, -0.98478, 1.58861], [0.84505, 1.9057, -1.84453, 2.02521, -3.44972, -1.15442, 1.46177], [0.70388, 1.91757, -1.71888, 1.87717, -3.83359, -1.32407, 1.33493], [0.56272, 1.92944, -1.59323, 1.72914, -4.21747, -1.49372, 1.20808]]
end: [0.51414000000000004, 1.9335199999999999, -1.55, 1.6781999999999999, -4.3495499999999998, -1.55209, 1.1644399999999999]
obtacles: [[[0.6, -0.4, -0.2], [1.0, 0.6, -0.3]], [[0.7, -0.2, -0.2], [0.9, -0.1, 0.5]], [[0.7, 0.3, -0.2], [0.9, 0.4, 0.5]], [[0.7, -0.2, 0.5], [0.9, 0.4, 0.6]]]
start: [2.1326399999999999, -1.49596, -1.55, 1.4045399999999999, -4.6419800000000002, 1.5379700000000001, 2.7440699999999998]
tajectories: [[2.13264, -1.49596, -1.55, 1.40454, -4.64198, 1.53797, 2.74407], [2.02949, -1.21176, -1.57042, 1.49106, -4.619, 1.15947, 2.66095], [1.92634, -0.92757, -1.59084, 1.57758, -4.59601, 0.78098, 2.57784], [1.8232, -0.64338, -1.61125, 1.6641, -4.57303, 0.40249, 2.49472], [1.72005, -0.35918, -1.63167, 1.75062, -4.55004, 0.024, 2.41161], [1.62144, -0.0875, -1.65119, 1.83333, -4.52807, -0.33783, 2.33215], [1.72598, 0.29724, -1.83107, 1.89352, -4.42256, -0.53786, 2.2695], [1.83051, 0.68198, -2.01096, 1.95372, -4.31705, -0.73788, 2.20684], [1.93505, 1.06672, -2.19084, 2.01391, -4.21154, -0.93791, 2.14419], [2.0286, 1.41103, -2.35182, 2.06778, -4.11712, -1.11692, 2.08812], [1.65774, 1.48129, -2.15222, 2.01052, -4.23453, -1.22684, 1.8918], [1.28688, 1.55155, -1.95262, 1.95326, -4.35195, -1.33675, 1.69549], [0.91602, 1.6218, -1.75302, 1.896, -4.46936, -1.44667, 1.49917], [0.54516, 1.69206, -1.55343, 1.83875, -4.58677, -1.55659, 1.30285]]
end: [0.53878999999999999, 1.69326, -1.55, 1.8377600000000001, -4.5887900000000004, -1.5584800000000001, 1.29948]
obtacles: [[[0.6, -0.4, -0.2], [1.0, 0.6, -0.3]], [[0.7, -0.2, -0.2], [0.9, -0.1, 0.5]], [[0.7, 0.3, -0.2], [0.9, 0.4, 0.5]], [[0.7, -0.2, 0.5], [0.9, 0.4, 0.6]]]
start: [2.3222999999999998, -1.7607999999999999, -1.3500000000000001, 0.89285999999999999, -1.8570199999999999, -1.52172, -0.045379999999999997]
tajectories: [[2.3223, -1.7608, -1.35, 0.89286, -1.85702, -1.52172, -0.04538], [2.19, -1.709, -1.41333, 1.25009, -1.69186, -1.45662, 0.21285], [2.05769, -1.65719, -1.47666, 1.60731, -1.52671, -1.39153, 0.47107], [1.92539, -1.60538, -1.53999, 1.96453, -1.36156, -1.32643, 0.72929], [1.79308, -1.55358, -1.60332, 2.32176, -1.19641, -1.26133, 0.98751], [1.66078, -1.50177, -1.66665, 2.67898, -1.03126, -1.19623, 1.24574], [1.64997, -1.49754, -1.67182, 2.70815, -1.01777, -1.19092, 1.26682], [1.80799, -1.57298, -1.63522, 2.57105, -1.16479, -1.21708, 0.84623], [1.96602, -1.64843, -1.59861, 2.43395, -1.3118, -1.24324, 0.42563], [2.12404, -1.72387, -1.56201, 2.29685, -1.45882, -1.2694, 0.00503], [2.28207, -1.79931, -1.5254, 2.15975, -1.60583, -1.29556, -0.41557], [2.44009, -1.87476, -1.48879, 2.02265, -1.75285, -1.32172, -0.83616], [2.59811, -1.9502, -1.45219, 1.88554, -1.89986, -1.34788, -1.25676]]
end: [2.6075599999999999, -1.9547099999999999, -1.45, 1.8773500000000001, -1.90865, -1.34944, -1.2819100000000001]
obtacles: [[[0.6, -0.4, -0.2], [1.0, 0.6, -0.3]], [[0.7, -0.2, -0.2], [0.9, -0.1, 0.5]], [[0.7, 0.3, -0.2], [0.9, 0.4, 0.5]], [[0.7, -0.2, 0.5], [0.9, 0.4, 0.6]]]
start: [1.9904200000000001, -1.4829399999999999, -1.45, 1.2699800000000001, -1.52206, -1.4296800000000001, -0.12756999999999999]
tajectories: [[1.99042, -1.48294, -1.45, 1.26998, -1.52206, -1.42968, -0.12757], [1.97292, -1.06495, -1.49829, 1.43239, -1.34511, -1.31656, -0.17402], [1.95541, -0.64695, -1.54658, 1.59481, -1.16817, -1.20343, -0.22047], [1.9379, -0.22896, -1.59487, 1.75722, -0.99122, -1.09031, -0.26692], [1.9204, 0.18903, -1.64317, 1.91964, -0.81428, -0.97718, -0.31338], [1.90289, 0.60703, -1.69146, 2.08205, -0.63733, -0.86406, -0.35983], [1.88538, 1.02502, -1.73975, 2.24446, -0.46039, -0.75093, -0.40628], [1.86788, 1.44302, -1.78804, 2.40688, -0.28345, -0.63781, -0.45273], [1.85944, 1.64457, -1.81133, 2.48519, -0.19813, -0.58326, -0.47513], [1.65028, 1.66652, -1.78839, 2.32151, -0.35909, -0.28014, -0.72142], [1.44112, 1.68847, -1.76546, 2.15782, -0.52006, 0.02297, -0.96772], [1.23196, 1.71042, -1.74253, 1.99413, -0.68103, 0.32609, -1.21401], [1.0228, 1.73237, -1.71959, 1.83045, -0.842, 0.62921, -1.4603], [0.81364, 1.75432, -1.69666, 1.66676, -1.00297, 0.93232, -1.7066], [0.60448, 1.77627, -1.67372, 1.50307, -1.16394, 1.23544, -1.95289], [0.39532, 1.79822, -1.65079, 1.33939, -1.3249, 1.53856, -2.19918]]
end: [0.38811000000000001, 1.79898, -1.6499999999999999, 1.33375, -1.3304499999999999, 1.5489999999999999, -2.2076699999999998]
obtacles: [[[0.6, -0.4, -0.2], [1.0, 0.6, -0.3]], [[0.7, -0.2, -0.2], [0.9, -0.1, 0.5]], [[0.7, 0.3, -0.2], [0.9, 0.4, 0.5]], [[0.7, -0.2, 0.5], [0.9, 0.4, 0.6]]]
start: [-0.26528000000000002, 1.5997699999999999, -1.6499999999999999, 1.27121, -1.5196400000000001, 1.50373, -1.6079699999999999]
tajectories: [[-0.26528, 1.59977, -1.65, 1.27121, -1.51964, 1.50373, -1.60797], [-0.13715, 1.24657, -1.47721, 1.29527, -1.46995, 1.33471, -1.82559], [-0.00902, 0.89338, -1.30441, 1.31932, -1.42027, 1.16569, -2.04322], [0.11911, 0.54018, -1.13162, 1.34338, -1.37058, 0.99667, -2.26085], [0.24724, 0.18699, -0.95882, 1.36744, -1.3209, 0.82765, -2.47848], [0.37537, -0.16621, -0.78603, 1.39149, -1.27121, 0.65863, -2.69611], [0.49831, -0.50509, -0.62024, 1.41458, -1.22354, 0.49645, -2.90492], [0.64463, -0.41818, -0.47816, 1.65041, -1.10749, 0.73872, -2.6346], [0.79094, -0.33126, -0.33608, 1.88624, -0.99144, 0.981, -2.36429], [0.93726, -0.24434, -0.194, 2.12207, -0.87539, 1.22327, -2.09397], [1.08357, -0.15742, -0.05192, 2.3579, -0.75934, 1.46554, -1.82366], [1.08817, -0.15468, -0.04745, 2.36532, -0.75569, 1.47316, -1.81515], [1.01455, 0.18129, -0.32361, 2.18657, -0.8554, 1.48629, -1.93075], [0.94092, 0.51727, -0.59978, 2.00781, -0.9551, 1.49942, -2.04635], [0.86729, 0.85325, -0.87595, 1.82906, -1.0548, 1.51255, -2.16195], [0.79366, 1.18922, -1.15212, 1.6503, -1.1545, 1.52568, -2.27754], [0.72003, 1.5252, -1.42828, 1.47154, -1.25421, 1.5388, -2.39314]]
end: [0.66091999999999995, 1.7949299999999999, -1.6499999999999999, 1.32803, -1.3342499999999999, 1.5493399999999999, -2.4859499999999999]
obtacles: [[[0.6, -0.4, -0.2], [1.0, 0.6, -0.3]], [[0.7, -0.2, -0.2], [0.9, -0.1, 0.5]], [[0.7, 0.3, -0.2], [0.9, 0.4, 0.5]], [[0.7, -0.2, 0.5], [0.9, 0.4, 0.6]]]
start: [2.25529, -1.9351499999999999, -1.3999999999999999, 1.18469, -1.9713799999999999, -1.5578700000000001, -0.26423000000000002]
tajectories: [[2.25529, -1.93515, -1.4, 1.18469, -1.97138, -1.55787, -0.26423], [2.18738, -1.76333, -1.2599, 1.16217, -1.81239, -1.27043, -0.5606], [2.11947, -1.59151, -1.11981, 1.13965, -1.65341, -0.98299, -0.85696], [2.05155, -1.41969, -0.97971, 1.11712, -1.49442, -0.69555, -1.15333], [1.98364, -1.24787, -0.83961, 1.0946, -1.33544, -0.40811, -1.44969], [1.91573, -1.07605, -0.69952, 1.07208, -1.17645, -0.12066, -1.74606], [1.84781, -0.90423, -0.55942, 1.04955, -1.01747, 0.16678, -2.04242], [1.80387, -0.79307, -0.46878, 1.03498, -0.91461, 0.35275, -2.23417], [1.92301, -0.50014, -0.65983, 1.24374, -1.00236, 0.4134, -1.99221], [2.04214, -0.20722, -0.85088, 1.4525, -1.09011, 0.47404, -1.75026], [2.16127, 0.08571, -1.04193, 1.66126, -1.17786, 0.53469, -1.5083], [2.2804, 0.37863, -1.23298, 1.87002, -1.26561, 0.59534, -1.26634], [2.39953, 0.67156, -1.42403, 2.07879, -1.35336, 0.65598, -1.02438], [2.51867, 0.96448, -1.61508, 2.28755, -1.44111, 0.71663, -0.78243], [2.60888, 1.18629, -1.75974, 2.44562, -1.50756, 0.76255, -0.59921], [2.37523, 1.27306, -1.88442, 2.40272, -1.24427, 0.8457, -0.90623], [2.14159, 1.35982, -2.0091, 2.35983, -0.98097, 0.92885, -1.21325], [1.90794, 1.44659, -2.13378, 2.31693, -0.71768, 1.012, -1.52027], [1.6743, 1.53336, -2.25846, 2.27403, -0.45439, 1.09515, -1.82729], [1.44065, 1.62012, -2.38314, 2.23113, -0.1911, 1.1783, -2.13431], [1.20701, 1.70689, -2.50782, 2.18823, 0.07219, 1.26145, -2.44133], [0.97336, 1.79366, -2.63249, 2.14533, 0.33548, 1.3446, -2.74834], [0.93537, 1.80777, -2.65277, 2.13835, 0.37829, 1.35812, -2.79827], [0.91707, 1.8214, -2.39122, 2.02568, -0.01401, 1.4069, -2.68827], [0.89878, 1.83503, -2.12966, 1.91301, -0.4063, 1.45568, -2.57826], [0.88049, 1.84866, -1.86811, 1.80035, -0.79859, 1.50447, -2.46826], [0.86219, 1.86229, -1.60656, 1.68768, -1.19089, 1.55325, -2.35826]]
end: [0.85824, 1.86524, -1.55, 1.6633100000000001, -1.27572, 1.5638000000000001, -2.33447]
obtacles: [[[0.6, -0.4, -0.2], [1.0, 0.6, -0.3]], [[0.7, -0.2, -0.2], [0.9, -0.1, 0.5]], [[0.7, 0.3, -0.2], [0.9, 0.4, 0.5]], [[0.7, -0.2, 0.5], [0.9, 0.4, 0.6]]]
start: [-0.27668999999999999, 1.44773, -1.55, 1.3276699999999999, -1.6952400000000001, 1.5612699999999999, -1.53792]
tajectories: [[-0.27669, 1.44773, -1.55, 1.32767, -1.69524, 1.56127, -1.53792], [-0.20042, 1.15915, -1.64304, 1.35141, -1.98342, 1.30918, -1.60925], [-0.12414, 0.87057, -1.73607, 1.37516, -2.2716, 1.05709, -1.68058], [-0.04787, 0.582, -1.82911, 1.39891, -2.55978, 0.80499, -1.75191], [0.0284, 0.29342, -1.92214, 1.42265, -2.84796, 0.5529, -1.82324], [0.10468, 0.00484, -2.01518, 1.4464, -3.13614, 0.30081, -1.89457], [0.18095, -0.28373, -2.10821, 1.47014, -3.42432, 0.04871, -1.96589], [0.21388, -0.4083, -2.14837, 1.48039, -3.54872, -0.06011, -1.99668], [0.40017, -0.20409, -1.87779, 1.60916, -3.2619, -0.02339, -2.01046], [0.58647, 0.00012, -1.60722, 1.73793, -2.97509, 0.01332, -2.02423], [0.77277, 0.20433, -1.33664, 1.86669, -2.68828, 0.05003, -2.038], [0.93826, 0.38573, -1.09628, 1.98108, -2.4335, 0.08265, -2.05024], [0.90457, 0.67191, -1.21005, 1.93352, -2.22179, 0.40867, -2.07571], [0.87087, 0.95809, -1.32383, 1.88596, -2.01008, 0.73469, -2.10119], [0.83717, 1.24427, -1.43761, 1.8384, -1.79838, 1.06071, -2.12666], [0.80348, 1.53045, -1.55139, 1.79084, -1.58667, 1.38673, -2.15214]]
end: [0.78908, 1.65273, -1.6000000000000001, 1.7705200000000001, -1.49621, 1.5260199999999999, -2.1630199999999999]
obtacles: [[[0.6, -0.4, -0.2], [1.0, 0.6, -0.3]], [[0.7, -0.2, -0.2], [0.9, -0.1, 0.5]], [[0.7, 0.3, -0.2], [0.9, 0.4, 0.5]], [[0.7, -0.2, 0.5], [0.9, 0.4, 0.6]]]
start: [2.0653000000000001, -1.59728, -1.5, 1.47418, -1.60405, -1.50292, -0.39582000000000001]
tajectories: [[2.0653, -1.59728, -1.5, 1.47418, -1.60405, -1.50292, -0.39582], [2.03609, -1.37187, -1.26329, 1.5666, -1.7122, -1.165, -0.48461], [2.00688, -1.14647, -1.02658, 1.65902, -1.82035, -0.82708, -0.57339], [1.97767, -0.92107, -0.78987, 1.75143, -1.9285, -0.48916, -0.66217], [1.97134, -0.87224, -0.73858, 1.77145, -1.95193, -0.41594, -0.68141], [2.14029, -0.8356, -0.91305, 1.89126, -2.15458, -0.68995, -0.92467], [2.30924, -0.79896, -1.08751, 2.01107, -2.35724, -0.96395, -1.16793], [2.47648, -0.76269, -1.26022, 2.12966, -2.55785, -1.23519, -1.40874], [2.47142, -1.17669, -1.34704, 2.1166, -2.29504, -1.27558, -1.39578], [2.46636, -1.5907, -1.43385, 2.10353, -2.03223, -1.31597, -1.38282]]
end: [2.4624999999999999, -1.9061300000000001, -1.5, 2.0935700000000002, -1.83199, -1.34674, -1.3729499999999999]
obtacles: [[[0.6, -0.4, -0.2], [1.0, 0.6, -0.3]], [[0.7, -0.2, -0.2], [0.9, -0.1, 0.5]], [[0.7, 0.3, -0.2], [0.9, 0.4, 0.5]], [[0.7, -0.2, 0.5], [0.9, 0.4, 0.6]]]
start: [2.2125599999999999, -1.63551, -1.5, 1.32969, -1.6506400000000001, -1.51766, -0.39623999999999998]
tajectories: [[2.21256, -1.63551, -1.5, 1.32969, -1.65064, -1.51766, -0.39624], [2.10127, -1.27989, -1.42027, 1.43342, -1.57542, -1.42279, -0.67797], [1.98998, -0.92427, -1.34055, 1.53715, -1.50019, -1.32792, -0.9597], [1.8787, -0.56864, -1.26082, 1.64087, -1.42496, -1.23305, -1.24143], [1.76741, -0.21302, -1.18109, 1.7446, -1.34974, -1.13817, -1.52317], [1.70777, -0.02244, -1.13837, 1.80019, -1.30942, -1.08733, -1.67415], [1.69043, 0.10786, -1.47064, 1.95399, -1.39554, -0.78527, -1.67525], [1.67309, 0.23816, -1.80292, 2.1078, -1.48165, -0.48321, -1.67635], [1.65576, 0.36846, -2.1352, 2.2616, -1.56777, -0.18115, -1.67745], [1.64388, 0.4577, -2.36276, 2.36693, -1.62675, 0.02572, -1.6782], [1.47521, 0.73269, -2.18285, 2.29075, -1.57001, 0.34326, -1.73908], [1.30655, 1.00768, -2.00294, 2.21457, -1.51326, 0.6608, -1.79996], [1.13788, 1.28268, -1.82302, 2.13839, -1.45652, 0.97834, -1.86084], [0.96921, 1.55767, -1.64311, 2.0622, -1.39978, 1.29588, -1.92172]]
end: [0.83504999999999996, 1.7764, -1.5, 2.0016099999999999, -1.3546400000000001, 1.5484599999999999, -1.9701500000000001]
obtacles: [[[0.6, -0.4, -0.2], [1.0, 0.6, -0.3]], [[0.7, -0.2, -0.2], [0.9, -0.1, 0.5]], [[0.7, 0.3, -0.2], [0.9, 0.4, 0.5]], [[0.7, -0.2, 0.5], [0.9, 0.4, 0.6]]]
start: [2.5863100000000001, -1.55227, -1.1000000000000001, 0.70240000000000002, -1.9296199999999999, -1.25861, -0.094500000000000001]
tajectories: [[2.58631, -1.55227, -1.1, 0.7024, -1.92962, -1.25861, -0.0945], [2.43925, -1.47065, -0.93597, 0.85415, -1.81861, -0.91045, -0.29004], [2.29219, -1.38903, -0.77194, 1.00589, -1.70759, -0.56229, -0.48559], [2.14512, -1.30741, -0.60791, 1.15763, -1.59657, -0.21413, -0.68113], [1.99806, -1.22579, -0.44389, 1.30938, -1.48556, 0.13404, -0.87667], [1.851, -1.14417, -0.27986, 1.46112, -1.37454, 0.4822, -1.07222], [1.70393, -1.06255, -0.11583, 1.61286, -1.26353, 0.83036, -1.26776], [1.63975, -1.02693, -0.04424, 1.67909, -1.21508, 0.98231, -1.3531], [1.53686, -0.83099, -0.1668, 1.73867, -0.79089, 1.01937, -1.31926], [1.43398, -0.63505, -0.28936, 1.79826, -0.36671, 1.05643, -1.28542], [1.33109, -0.43911, -0.41193, 1.85785, 0.05748, 1.09349, -1.25159], [1.2282, -0.24318, -0.53449, 1.91743, 0.48166, 1.13055, -1.21775], [1.12531, -0.04724, -0.65705, 1.97702, 0.90584, 1.1676, -1.18391], [1.07225, 0.05381, -0.72026, 2.00775, 1.1246, 1.18672, -1.16646], [0.99937, 0.28699, -0.84783, 1.93323, 0.74724, 1.23922, -1.3192], [0.92649, 0.52018, -0.9754, 1.85872, 0.36988, 1.29173, -1.47193], [0.85361, 0.75337, -1.10297, 1.7842, -0.00748, 1.34423, -1.62466], [0.78073, 0.98655, -1.23054, 1.70969, -0.38484, 1.39673, -1.7774], [0.70786, 1.21974, -1.35811, 1.63517, -0.7622, 1.44924, -1.93013], [0.63498, 1.45292, -1.48568, 1.56066, -1.13956, 1.50174, -2.08287]]
end: [0.56967000000000001, 1.66188, -1.6000000000000001, 1.4938800000000001, -1.4777199999999999, 1.5487899999999999, -2.2197300000000002]
obtacles: [[[0.6, -0.4, -0.2], [1.0, 0.6, -0.3]], [[0.7, -0.2, -0.2], [0.9, -0.1, 0.5]], [[0.7, 0.3, -0.2], [0.9, 0.4, 0.5]], [[0.7, -0.2, 0.5], [0.9, 0.4, 0.6]]]
start: [2.0141200000000001, -1.95452, -1.5, 1.68896, -1.94574, -1.4613100000000001, -0.52693999999999996]
tajectories: [[2.01412, -1.95452, -1.5, 1.68896, -1.94574, -1.46131, -0.52694], [1.82067, -1.91954, -1.40329, 1.59255, -1.87044, -1.03581, -0.44956], [1.62722, -1.88457, -1.30659, 1.49615, -1.79514, -0.61031, -0.37217], [1.43376, -1.84959, -1.20988, 1.39974, -1.71984, -0.18482, -0.29478], [1.24031, -1.81462, -1.11318, 1.30334, -1.64454, 0.24068, -0.21739], [1.14139, -1.79673, -1.06373, 1.25404, -1.60604, 0.45825, -0.17782], [1.03777, -1.47189, -1.08881, 1.42983, -1.51847, 0.76452, -0.20496], [0.93415, -1.14704, -1.11389, 1.60562, -1.43089, 1.0708, -0.2321], [0.83053, -0.82219, -1.13897, 1.78141, -1.34332, 1.37707, -0.25925], [0.77305, -0.64199, -1.15288, 1.87892, -1.29474, 1.54697, -0.27431], [0.88384, -0.31928, -1.17877, 2.11552, -1.11709, 1.50888, -0.48388], [0.99462, 0.00344, -1.20465, 2.35212, -0.93944, 1.4708, -0.69346], [1.1054, 0.32615, -1.23053, 2.58872, -0.76179, 1.43272, -0.90304], [1.1531, 0.4651, -1.24168, 2.6906, -0.6853, 1.41632, -0.99328], [1.02386, 0.76218, -1.31357, 2.46176, -0.85218, 1.45168, -1.23494], [0.89462, 1.05927, -1.38545, 2.23292, -1.01907, 1.48704, -1.4766], [0.76537, 1.35635, -1.45734, 2.00407, -1.18595, 1.5224, -1.71826], [0.63613, 1.65344, -1.52923, 1.77523, -1.35284, 1.55776, -1.95992]]
end: [0.59879000000000004, 1.73929, -1.55, 1.7091099999999999, -1.40106, 1.5679799999999999, -2.02976]
obtacles: [[[0.6, -0.4, -0.2], [1.0, 0.6, -0.3]], [[0.7, -0.2, -0.2], [0.9, -0.1, 0.5]], [[0.7, 0.3, -0.2], [0.9, 0.4, 0.5]], [[0.7, -0.2, 0.5], [0.9, 0.4, 0.6]]]
start: [2.5962399999999999, -1.6844399999999999, -1.3999999999999999, 0.66810999999999998, -1.77505, -1.5551999999999999, -0.11142000000000001]
tajectories: [[2.59624, -1.68444, -1.4, 0.66811, -1.77505, -1.5552, -0.11142], [2.40792, -1.34326, -1.51526, 0.65838, -1.80242, -1.40338, -0.35831], [2.2196, -1.00207, -1.63052, 0.64864, -1.82978, -1.25156, -0.60519], [2.03128, -0.66089, -1.74579, 0.63891, -1.85715, -1.09974, -0.85208], [1.84296, -0.31971, -1.86105, 0.62917, -1.88452, -0.94792, -1.09897], [1.65464, 0.02147, -1.97631, 0.61944, -1.91188, -0.7961, -1.34585], [1.50145, 0.29902, -2.07007, 0.61152, -1.93414, -0.6726, -1.54669], [1.43299, 0.43907, -2.08096, 1.05492, -1.87902, -0.63296, -1.7028], [1.36454, 0.57911, -2.09185, 1.49831, -1.8239, -0.59332, -1.85891], [1.29609, 0.71916, -2.10274, 1.94171, -1.76878, -0.55368, -2.01503], [1.22763, 0.8592, -2.11363, 2.38511, -1.71366, -0.51404, -2.17114], [1.16917, 0.97881, -2.12293, 2.76378, -1.66659, -0.48019, -2.30446], [1.10234, 1.13672, -2.00794, 2.5695, -1.60832, -0.07321, -2.27993], [1.03552, 1.29463, -1.89294, 2.37522, -1.55006, 0.33377, -2.25539], [0.96869, 1.45255, -1.77795, 2.18094, -1.49179, 0.74075, -2.23086], [0.90186, 1.61046, -1.66296, 1.98666, -1.43353, 1.14773, -2.20633]]
end: [0.83621999999999996, 1.7655700000000001, -1.55, 1.79582, -1.3763000000000001, 1.54749, -2.1822300000000001]
obtacles: [[[0.6, -0.4, -0.2], [1.0, 0.6, -0.3]], [[0.7, -0.2, -0.2], [0.9, -0.1, 0.5]], [[0.7, 0.3, -0.2], [0.9, 0.4, 0.5]], [[0.7, -0.2, 0.5], [0.9, 0.4, 0.6]]]
start: [1.9318200000000001, -1.78196, -1.5, 1.44018, -1.78955, -1.5295099999999999, -0.21836]
tajectories: [[1.93182, -1.78196, -1.5, 1.44018, -1.78955, -1.52951, -0.21836], [1.82524, -1.36368, -1.44867, 1.56997, -1.90722, -1.35533, -0.2153], [1.71866, -0.94539, -1.39734, 1.69977, -2.02489, -1.18115, -0.21223], [1.61208, -0.5271, -1.34601, 1.82957, -2.14256, -1.00697, -0.20917], [1.5055, -0.10881, -1.29468, 1.95937, -2.26022, -0.83279, -0.2061], [1.39892, 0.30947, -1.24335, 2.08916, -2.37789, -0.65861, -0.20304], [1.29234, 0.72776, -1.19202, 2.21896, -2.49556, -0.48443, -0.19997], [1.23815, 0.94044, -1.16592, 2.28496, -2.55539, -0.39587, -0.19842], [1.13247, 1.05975, -1.23371, 2.1802, -2.38096, -0.09414, -0.49433], [1.0268, 1.17907, -1.3015, 2.07544, -2.20653, 0.20758, -0.79024], [0.92112, 1.29839, -1.36929, 1.97068, -2.03209, 0.5093, -1.08615], [0.81544, 1.4177, -1.43709, 1.86591, -1.85766, 0.81102, -1.38206], [0.70977, 1.53702, -1.50488, 1.76115, -1.68323, 1.11274, -1.67797], [0.60409, 1.65633, -1.57267, 1.65639, -1.50879, 1.41446, -1.97388]]
end: [0.56149000000000004, 1.70444, -1.6000000000000001, 1.61416, -1.4384699999999999, 1.5361, -2.0931700000000002]
obtacles: [[[0.6, -0.4, -0.2], [1.0, 0.6, -0.3]], [[0.7, -0.2, -0.2], [0.9, -0.1, 0.5]], [[0.7, 0.3, -0.2], [0.9, 0.4, 0.5]], [[0.7, -0.2, 0.5], [0.9, 0.4, 0.6]]]
start: [2.0549599999999999, -1.7775700000000001, -1.25, 1.643, -1.7648200000000001, -1.24231, -0.49053999999999998]
tajectories: [[2.05496, -1.77757, -1.25, 1.643, -1.76482, -1.24231, -0.49054], [1.8058, -1.50259, -1.26997, 1.39576, -1.67715, -1.05045, -0.5698], [1.55664, -1.22761, -1.28995, 1.14852, -1.58948, -0.85858, -0.64907], [1.30748, -0.95264, -1.30992, 0.90128, -1.50181, -0.66672, -0.72833], [1.05832, -0.67766, -1.32989, 0.65404, -1.41414, -0.47486, -0.80759], [0.80916, -0.40269, -1.34986, 0.4068, -1.32647, -0.283, -0.88685], [0.55999, -0.12771, -1.36984, 0.15956, -1.2388, -0.09113, -0.96612], [0.31083, 0.14727, -1.38981, -0.08768, -1.15112, 0.10073, -1.04538], [0.18475, 0.28641, -1.39992, -0.21279, -1.10676, 0.19782, -1.08549], [0.2316, 0.0112, -1.36657, 0.03068, -0.86685, 0.40003, -1.20049], [0.27845, -0.264, -1.33322, 0.27415, -0.62693, 0.60225, -1.3155], [0.3253, -0.53921, -1.29988, 0.51762, -0.38702, 0.80446, -1.4305], [0.37215, -0.81442, -1.26653, 0.7611, -0.1471, 1.00667, -1.5455], [0.419, -1.08963, -1.23318, 1.00457, 0.09281, 1.20888, -1.66051], [0.46585, -1.36484, -1.19983, 1.24804, 0.33272, 1.4111, -1.77551], [0.479, -1.44209, -1.19047, 1.31639, 0.40007, 1.46786, -1.8078], [0.54345, -1.01309, -1.2313, 1.3879, 0.17301, 1.48126, -1.86512], [0.60791, -0.58408, -1.27213, 1.45941, -0.05404, 1.49465, -1.92245], [0.67236, -0.15508, -1.31296, 1.53091, -0.2811, 1.50804, -1.97977], [0.73682, 0.27392, -1.35379, 1.60242, -0.50816, 1.52143, -2.0371], [0.80127, 0.70293, -1.39462, 1.67393, -0.73522, 1.53482, -2.09442], [0.86573, 1.13193, -1.43544, 1.74544, -0.96227, 1.54822, -2.15175], [0.93018, 1.56094, -1.47627, 1.81694, -1.18933, 1.56161, -2.20907]]
end: [0.96763999999999994, 1.81026, -1.5, 1.8585, -1.3212900000000001, 1.5693900000000001, -2.2423899999999999]
obtacles: [[[0.6, -0.4, -0.2], [1.0, 0.6, -0.3]], [[0.7, -0.2, -0.2], [0.9, -0.1, 0.5]], [[0.7, 0.3, -0.2], [0.9, 0.4, 0.5]], [[0.7, -0.2, 0.5], [0.9, 0.4, 0.6]]]
start: [2.2352099999999999, -1.8272299999999999, -1.45, 1.17961, -1.85348, -1.5597399999999999, -0.25607000000000002]
tajectories: [[2.23521, -1.82723, -1.45, 1.17961, -1.85348, -1.55974, -0.25607], [2.15519, -1.66387, -1.4673, 1.09992, -1.54523, -1.23985, -0.36969], [2.07516, -1.50051, -1.48461, 1.02023, -1.23698, -0.91995, -0.48331], [1.99514, -1.33716, -1.50191, 0.94054, -0.92874, -0.60005, -0.59693], [1.93516, -1.21473, -1.51488, 0.88082, -0.69772, -0.36031, -0.68209], [1.76183, -0.88568, -1.39757, 1.06384, -0.57083, -0.14054, -0.68761], [1.5885, -0.55663, -1.28027, 1.24685, -0.44394, 0.07922, -0.69314], [1.41517, -0.22759, -1.16296, 1.42987, -0.31705, 0.29898, -0.69867], [1.24184, 0.10146, -1.04566, 1.61289, -0.19016, 0.51875, -0.7042], [1.06851, 0.43051, -0.92835, 1.79591, -0.06327, 0.73851, -0.70972], [0.89518, 0.75956, -0.81105, 1.97893, 0.06362, 0.95827, -0.71525], [0.76302, 1.01045, -0.7216, 2.11848, 0.16038, 1.12584, -0.71946], [0.74386, 1.17311, -0.89745, 2.01827, -0.13599, 1.2069, -1.01579], [0.72469, 1.33576, -1.07329, 1.91807, -0.43236, 1.28797, -1.31211], [0.70553, 1.49842, -1.24914, 1.81787, -0.72873, 1.36903, -1.60843], [0.68636, 1.66107, -1.42498, 1.71767, -1.0251, 1.4501, -1.90476]]
end: [0.66729000000000005, 1.82297, -1.6000000000000001, 1.6179399999999999, -1.3200799999999999, 1.53078, -2.1996899999999999]
obtacles: [[[0.6, -0.4, -0.2], [1.0, 0.6, -0.3]], [[0.7, -0.2, -0.2], [0.9, -0.1, 0.5]], [[0.7, 0.3, -0.2], [0.9, 0.4, 0.5]], [[0.7, -0.2, 0.5], [0.9, 0.4, 0.6]]]
start: [2.2072600000000002, -1.72374, -1.5, 1.65534, -1.7177199999999999, -1.4881800000000001, -0.70950000000000002]
tajectories: [[2.20726, -1.72374, -1.5, 1.65534, -1.71772, -1.48818, -0.7095], [1.97409, -1.55437, -1.30222, 1.65254, -1.73911, -1.19218, -0.51015], [1.74091, -1.385, -1.10443, 1.64974, -1.7605, -0.89618, -0.31079], [1.50773, -1.21563, -0.90665, 1.64695, -1.78188, -0.60017, -0.11144], [1.27455, -1.04626, -0.70886, 1.64415, -1.80327, -0.30417, 0.08792], [1.04137, -0.8769, -0.51108, 1.64135, -1.82466, -0.00817, 0.28727], [0.8082, -0.70753, -0.31329, 1.63855, -1.84605, 0.28783, 0.48662], [0.72364, -0.64611, -0.24157, 1.63754, -1.8538, 0.39516, 0.55892], [0.74091, -0.48238, -0.24364, 1.91022, -2.09652, 0.53033, 0.2918], [0.75819, -0.31865, -0.24571, 2.1829, -2.33924, 0.66549, 0.02468], [0.77546, -0.15492, -0.24777, 2.45559, -2.58196, 0.80065, -0.24244], [0.79273, 0.00881, -0.24984, 2.72827, -2.82468, 0.93581, -0.50956], [0.81001, 0.17254, -0.25191, 3.00095, -3.0674, 1.07097, -0.77667], [0.81387, 0.20917, -0.25237, 3.06196, -3.12171, 1.10121, -0.83644], [0.83434, 0.43377, -0.45082, 2.86464, -2.86785, 1.17286, -1.0628], [0.85481, 0.65837, -0.64928, 2.66731, -2.614, 1.24452, -1.28916], [0.87528, 0.88297, -0.84773, 2.46999, -2.36015, 1.31618, -1.51552], [0.89575, 1.10757, -1.04618, 2.27266, -2.10629, 1.38783, -1.74188], [0.91623, 1.33217, -1.24463, 2.07534, -1.85244, 1.45949, -1.96824], [0.9367, 1.55678, -1.44309, 1.87802, -1.59859, 1.53114, -2.1946]]
end: [0.94772000000000001, 1.67778, -1.55, 1.7717099999999999, -1.46183, 1.56975, -2.3165499999999999]
obtacles: [[[0.6, -0.4, -0.2], [1.0, 0.6, -0.3]], [[0.7, -0.2, -0.2], [0.9, -0.1, 0.5]], [[0.7, 0.3, -0.2], [0.9, 0.4, 0.5]], [[0.7, -0.2, 0.5], [0.9, 0.4, 0.6]]]
start: [0.18076, 1.95391, -1.55, 1.64944, -1.18727, 1.5606500000000001, -1.6708400000000001]
tajectories: [[0.18076, 1.95391, -1.55, 1.64944, -1.18727, 1.56065, -1.67084], [0.12373, 1.69384, -1.48967, 1.85658, -1.06867, 1.42158, -1.35596], [0.06671, 1.43376, -1.42933, 2.06372, -0.95006, 1.2825, -1.04107], [0.00968, 1.17368, -1.369, 2.27086, -0.83146, 1.14342, -0.72619], [-0.01769, 1.04885, -1.34004, 2.37028, -0.77453, 1.07666, -0.57505], [0.24056, 1.44112, -1.20453, 2.45739, -0.80822, 1.12103, -0.59435], [0.48239, 1.80843, -1.07765, 2.53895, -0.83976, 1.16256, -0.61243], [0.54916, 1.79621, -1.2046, 2.33693, -0.98459, 1.26661, -1.00823], [0.61592, 1.78399, -1.33154, 2.13491, -1.12943, 1.37066, -1.40404], [0.68269, 1.77177, -1.45849, 1.9329, -1.27426, 1.47471, -1.79985]]
end: [0.73082999999999998, 1.76295, -1.55, 1.7872699999999999, -1.3786700000000001, 1.5497099999999999, -2.0851799999999998]
obtacles: [[[0.6, -0.4, -0.2], [1.0, 0.6, -0.3]], [[0.7, -0.2, -0.2], [0.9, -0.1, 0.5]], [[0.7, 0.3, -0.2], [0.9, 0.4, 0.5]], [[0.7, -0.2, 0.5], [0.9, 0.4, 0.6]]]
start: [2.22309, -1.5587200000000001, -1.55, 1.37595, -1.56297, -1.54806, -0.45767000000000002]
tajectories: [[2.22309, -1.55872, -1.55, 1.37595, -1.56297, -1.54806, -0.45767], [1.89794, -1.30456, -1.40521, 1.37006, -1.78038, -1.49084, -0.36746], [1.57278, -1.0504, -1.26042, 1.36417, -1.99778, -1.43363, -0.27725], [1.24762, -0.79624, -1.11563, 1.35827, -2.21519, -1.37641, -0.18704], [0.92246, -0.54209, -0.97084, 1.35238, -2.4326, -1.31919, -0.09683], [0.5973, -0.28793, -0.82606, 1.34649, -2.65001, -1.26198, -0.00662], [0.27215, -0.03377, -0.68127, 1.34059, -2.86741, -1.20476, 0.08359], [0.26057, -0.02472, -0.67611, 1.34038, -2.87515, -1.20273, 0.0868], [0.16841, -0.15021, -0.94424, 1.57941, -3.11053, -1.14993, 0.28312], [0.07625, -0.27569, -1.21237, 1.81844, -3.34591, -1.09712, 0.47944], [-0.0159, -0.40117, -1.4805, 2.05747, -3.58129, -1.04432, 0.67576], [-0.10806, -0.52666, -1.74862, 2.2965, -3.81667, -0.99152, 0.87208], [-0.20022, -0.65214, -2.01675, 2.53553, -4.05205, -0.93872, 1.0684], [-0.29238, -0.77762, -2.28488, 2.77456, -4.28743, -0.88591, 1.26473], [-0.29368, -0.77939, -2.28866, 2.77793, -4.29075, -0.88517, 1.2675], [0.13215, -0.84439, -2.28076, 2.6659, -4.29996, -0.95754, 1.05185], [0.55798, -0.90939, -2.27286, 2.55386, -4.30917, -1.02992, 0.8362], [0.98381, -0.97438, -2.26495, 2.44183, -4.31838, -1.10229, 0.62055], [1.40965, -1.03938, -2.25705, 2.32979, -4.32759, -1.17467, 0.40489], [1.83548, -1.10438, -2.24915, 2.21776, -4.3368, -1.24705, 0.18924], [2.26131, -1.16937, -2.24124, 2.10572, -4.346, -1.31942, -0.02641], [2.52216, -1.20919, -2.2364, 2.0371, -4.35165, -1.36376, -0.15851], [2.52941, -1.3389, -2.11854, 2.03263, -3.93458, -1.36807, -0.37122], [2.53667, -1.46862, -2.00069, 2.02817, -3.51751, -1.37238, -0.58393], [2.54392, -1.59833, -1.88283, 2.02371, -3.10044, -1.37669, -0.79665], [2.55117, -1.72805, -1.76497, 2.01925, -2.68337, -1.381, -1.00936], [2.55842, -1.85776, -1.64711, 2.01479, -2.2663, -1.38531, -1.22207]]
end: [2.5644, -1.9646399999999999, -1.55, 2.01111, -1.92265, -1.38886, -1.39734]
obtacles: [[[0.6, -0.4, -0.2], [1.0, 0.6, -0.3]], [[0.7, -0.2, -0.2], [0.9, -0.1, 0.5]], [[0.7, 0.3, -0.2], [0.9, 0.4, 0.5]], [[0.7, -0.2, 0.5], [0.9, 0.4, 0.6]]]
start: [2.1273399999999998, -1.48709, -1.55, 1.5828800000000001, -1.4868300000000001, -1.5510900000000001, -0.57033]
tajectories: [[2.12734, -1.48709, -1.55, 1.58288, -1.48683, -1.55109, -0.57033], [1.88053, -1.14392, -1.4545, 1.69001, -1.65394, -1.46109, -0.69156], [1.63371, -0.80075, -1.359, 1.79714, -1.82105, -1.37109, -0.81278], [1.3869, -0.45758, -1.2635, 1.90427, -1.98816, -1.2811, -0.93401], [1.14008, -0.11441, -1.16801, 2.0114, -2.15527, -1.1911, -1.05523], [0.89327, 0.22876, -1.07251, 2.11852, -2.32238, -1.10111, -1.17646], [0.89021, 0.23302, -1.07132, 2.11985, -2.32445, -1.09999, -1.17796], [0.91443, 0.45772, -1.14108, 2.0866, -2.18542, -0.71728, -1.34274], [0.93865, 0.68242, -1.21084, 2.05334, -2.0464, -0.33457, -1.50752], [0.96287, 0.90713, -1.2806, 2.02009, -1.90738, 0.04814, -1.67231], [0.98709, 1.13183, -1.35035, 1.98683, -1.76835, 0.43086, -1.83709], [1.01131, 1.35653, -1.42011, 1.95358, -1.62933, 0.81357, -2.00187], [1.03553, 1.58124, -1.48987, 1.92032, -1.4903, 1.19628, -2.16665]]
end: [1.0564, 1.7749299999999999, -1.55, 1.8916599999999999, -1.3704700000000001, 1.52617, -2.3086899999999999]
obtacles: [[[0.6, -0.4, -0.2], [1.0, 0.6, -0.3]], [[0.7, -0.2, -0.2], [0.9, -0.1, 0.5]], [[0.7, 0.3, -0.2], [0.9, 0.4, 0.5]], [[0.7, -0.2, 0.5], [0.9, 0.4, 0.6]]]
start: [2.2439800000000001, -1.5365500000000001, -1.55, 1.35711, -1.54173, -1.54322, -0.46024999999999999]
tajectories: [[2.24398, -1.53655, -1.55, 1.35711, -1.54173, -1.54322, -0.46025], [2.06251, -1.42745, -1.30323, 1.54838, -1.45559, -1.24481, -0.35435], [1.88105, -1.31834, -1.05646, 1.73966, -1.36945, -0.94639, -0.24846], [1.69958, -1.20924, -0.8097, 1.93094, -1.28331, -0.64797, -0.14256], [1.51812, -1.10014, -0.56293, 2.12222, -1.19717, -0.34956, -0.03667], [1.40296, -1.0309, -0.40633, 2.2436, -1.14251, -0.16019, 0.03053], [1.32376, -1.13481, -0.59677, 2.34903, -1.06022, 0.07717, -0.31938], [1.24455, -1.23872, -0.7872, 2.45446, -0.97792, 0.31453, -0.6693], [1.16534, -1.34263, -0.97763, 2.5599, -0.89563, 0.55188, -1.01921], [1.08613, -1.44653, -1.16806, 2.66533, -0.81334, 0.78924, -1.36912], [1.0521, -1.49118, -1.24989, 2.71063, -0.77798, 0.89122, -1.51947], [1.24687, -1.12363, -1.28634, 2.62441, -0.62579, 1.01928, -1.68872], [1.44165, -0.75609, -1.3228, 2.53819, -0.4736, 1.14734, -1.85798], [1.63643, -0.38854, -1.35925, 2.45196, -0.32142, 1.2754, -2.02723], [1.80906, -0.06279, -1.39156, 2.37554, -0.18653, 1.3889, -2.17724], [1.63714, 0.29731, -1.43467, 2.2483, -0.45204, 1.41643, -2.21568], [1.46523, 0.6574, -1.47777, 2.12105, -0.71754, 1.44396, -2.25413], [1.29332, 1.0175, -1.52088, 1.99381, -0.98305, 1.47149, -2.29257], [1.1214, 1.37759, -1.56398, 1.86657, -1.24855, 1.49902, -2.33101]]
end: [0.97775000000000001, 1.67849, -1.6000000000000001, 1.76024, -1.47041, 1.5220199999999999, -2.36313]
obtacles: [[[0.6, -0.4, -0.2], [1.0, 0.6, -0.3]], [[0.7, -0.2, -0.2], [0.9, -0.1, 0.5]], [[0.7, 0.3, -0.2], [0.9, 0.4, 0.5]], [[0.7, -0.2, 0.5], [0.9, 0.4, 0.6]]]
start: [2.07178, -1.96316, -1.5, 1.7750999999999999, -1.94425, -1.4287399999999999, -0.66432000000000002]
tajectories: [[2.07178, -1.96316, -1.5, 1.7751, -1.94425, -1.42874, -0.66432], [1.90252, -1.61103, -1.693, 1.89266, -1.96544, -1.26994, -0.80793], [1.73327, -1.2589, -1.886, 2.01022, -1.98664, -1.11114, -0.95154], [1.56402, -0.90678, -2.07901, 2.12778, -2.00783, -0.95234, -1.09515], [1.39477, -0.55465, -2.27201, 2.24535, -2.02903, -0.79354, -1.23876], [1.22551, -0.20253, -2.46501, 2.36291, -2.05022, -0.63473, -1.38236], [1.06623, 0.12886, -2.64665, 2.47355, -2.07017, -0.48528, -1.51752], [1.04898, 0.406, -2.49898, 2.49531, -1.73804, -0.29386, -1.57804], [1.03174, 0.68314, -2.35131, 2.51708, -1.4059, -0.10244, -1.63856], [1.0145, 0.96027, -2.20365, 2.53884, -1.07377, 0.08898, -1.69909], [0.99725, 1.23741, -2.05598, 2.56061, -0.74163, 0.2804, -1.75961], [0.98267, 1.47175, -1.93112, 2.57901, -0.46079, 0.44226, -1.81079], [0.8604, 1.51389, -1.85499, 2.27701, -0.6955, 0.70116, -1.92977], [0.73812, 1.55602, -1.77886, 1.97501, -0.93022, 0.96005, -2.04875], [0.61584, 1.59815, -1.70274, 1.67301, -1.16494, 1.21894, -2.16774], [0.49356, 1.64029, -1.62661, 1.37101, -1.39965, 1.47783, -2.28672]]
end: [0.45082, 1.6550199999999999, -1.6000000000000001, 1.2654399999999999, -1.4817, 1.5683400000000001, -2.3283100000000001]
obtacles: [[[0.6, -0.4, -0.2], [1.0, 0.6, -0.3]], [[0.7, -0.2, -0.2], [0.9, -0.1, 0.5]], [[0.7, 0.3, -0.2], [0.9, 0.4, 0.5]], [[0.7, -0.2, 0.5], [0.9, 0.4, 0.6]]]
start: [-0.20649999999999999, 1.90848, -1.75, 1.1536599999999999, -1.1906000000000001, 1.5512600000000001, -1.81582]
tajectories: [[-0.2065, 1.90848, -1.75, 1.15366, -1.1906, 1.55126, -1.81582], [-0.22869, 1.91138, -1.7872, 1.36789, -1.13815, 1.11719, -1.71067], [-0.25089, 1.91428, -1.8244, 1.58211, -1.08569, 0.68312, -1.60552], [-0.27308, 1.91719, -1.8616, 1.79634, -1.03323, 0.24906, -1.50038], [-0.29527, 1.92009, -1.8988, 2.01057, -0.98078, -0.18501, -1.39523], [-0.31746, 1.92299, -1.936, 2.22479, -0.92832, -0.61908, -1.29008], [-0.32943, 1.92456, -1.95605, 2.3403, -0.90004, -0.85313, -1.23339], [-0.02251, 1.65181, -1.78965, 2.3889, -0.94758, -0.77084, -1.43912], [0.28441, 1.37907, -1.62324, 2.4375, -0.99512, -0.68855, -1.64485], [0.59133, 1.10632, -1.45684, 2.4861, -1.04266, -0.60626, -1.85058], [0.89825, 0.83357, -1.29043, 2.53469, -1.0902, -0.52397, -2.05631], [1.20517, 0.56083, -1.12403, 2.58329, -1.13775, -0.44168, -2.26205], [1.51209, 0.28808, -0.95762, 2.63189, -1.18529, -0.35939, -2.46778], [1.81901, 0.01533, -0.79122, 2.68049, -1.23283, -0.2771, -2.67351], [1.89542, -0.05258, -0.74978, 2.69259, -1.24467, -0.25661, -2.72473], [1.72989, 0.26194, -0.91362, 2.53945, -1.25464, 0.00608, -2.65934], [1.56435, 0.57646, -1.07746, 2.38631, -1.2646, 0.26877, -2.59395], [1.39881, 0.89097, -1.24129, 2.23318, -1.27457, 0.53147, -2.52857], [1.23327, 1.20549, -1.40513, 2.08004, -1.28454, 0.79416, -2.46318], [1.06773, 1.52001, -1.56897, 1.9269, -1.29451, 1.05685, -2.39779], [0.90219, 1.83452, -1.7328, 1.77376, -1.30448, 1.31954, -2.3324]]
end: [0.88480999999999999, 1.86754, -1.75, 1.75769, -1.30552, 1.3471200000000001, -2.3255400000000002]
obtacles: [[[0.6, -0.4, -0.2], [1.0, 0.6, -0.3]], [[0.7, -0.2, -0.2], [0.9, -0.1, 0.5]], [[0.7, 0.3, -0.2], [0.9, 0.4, 0.5]], [[0.7, -0.2, 0.5], [0.9, 0.4, 0.6]]]
start: [-0.29071999999999998, 1.77504, -1.8999999999999999, 1.21197, -1.25664, 1.3436699999999999, -1.7090700000000001]
tajectories: [[-0.29072, 1.77504, -1.9, 1.21197, -1.25664, 1.34367, -1.70907], [-0.2978, 1.42631, -1.94815, 1.32819, -0.95021, 1.30787, -1.84072], [-0.30489, 1.07757, -1.9963, 1.44441, -0.64379, 1.27207, -1.97238], [-0.31197, 0.72884, -2.04445, 1.56063, -0.33737, 1.23627, -2.10404], [-0.31905, 0.38011, -2.09261, 1.67685, -0.03095, 1.20047, -2.2357], [-0.32613, 0.03137, -2.14076, 1.79307, 0.27547, 1.16466, -2.36735], [-0.33321, -0.31736, -2.18891, 1.90929, 0.58189, 1.12886, -2.49901], [-0.3403, -0.6661, -2.23706, 2.02551, 0.88831, 1.09306, -2.63067], [-0.34477, -0.8863, -2.26747, 2.09889, 1.0818, 1.07046, -2.7138], [-0.11858, -0.78447, -2.0597, 2.20346, 0.81211, 0.82298, -2.73351], [0.10762, -0.68263, -1.85194, 2.30802, 0.54242, 0.5755, -2.75322], [0.33381, -0.58079, -1.64417, 2.41258, 0.27273, 0.32802, -2.77293], [0.56, -0.47895, -1.43641, 2.51715, 0.00304, 0.08054, -2.79264], [0.7862, -0.37711, -1.22865, 2.62171, -0.26664, -0.16694, -2.81234], [1.01239, -0.27527, -1.02088, 2.72628, -0.53633, -0.41441, -2.83205], [1.23858, -0.17343, -0.81312, 2.83084, -0.80602, -0.66189, -2.85176], [1.46478, -0.07159, -0.60535, 2.9354, -1.07571, -0.90937, -2.87147], [1.49872, -0.05631, -0.57418, 2.95109, -1.11618, -0.94651, -2.87443], [1.37167, 0.18193, -0.74429, 2.71282, -1.12833, -0.64612, -2.84262], [1.24463, 0.42017, -0.9144, 2.47455, -1.14048, -0.34573, -2.81082], [1.11759, 0.6584, -1.08451, 2.23628, -1.15263, -0.04534, -2.77901], [0.99054, 0.89664, -1.25462, 1.99801, -1.16478, 0.25504, -2.74721], [0.8635, 1.13488, -1.42473, 1.75974, -1.17693, 0.55543, -2.71541], [0.73646, 1.37312, -1.59484, 1.52147, -1.18908, 0.85582, -2.6836], [0.60942, 1.61136, -1.76495, 1.2832, -1.20123, 1.15621, -2.6518]]
end: [0.50856000000000001, 1.8004899999999999, -1.8999999999999999, 1.0940399999999999, -1.21088, 1.3946700000000001, -2.6265499999999999]
