obtacles: [[[0.6, -0.4, -0.2], [1.0, 0.6, -0.3]], [[0.7, -0.1, -0.2], [1.0, -0.0, 0.5]], [[0.7, 0.3, -0.2], [1.0, 0.4, 0.5]], [[0.7, -0.1, 0.5], [1.0, 0.4, 0.6]]]
start: [-0.23316999999999999, 1.5236799999999999, -1.3999999999999999, -0.0071199999999999996, -1.74126, 1.52247, -2.9154399999999998]
tajectories: [[-0.23317, 1.52368, -1.4, -0.00712, -1.74126, 1.52247, -2.91544], [-0.30716, 1.22951, -1.28671, 0.1446, -1.633, 1.26101, -2.71037], [-0.38115, 0.93534, -1.17341, 0.29631, -1.52474, 0.99955, -2.50529], [-0.45514, 0.64118, -1.06012, 0.44803, -1.41648, 0.73809, -2.30021], [-0.52913, 0.34701, -0.94683, 0.59975, -1.30822, 0.47663, -2.09513], [-0.60312, 0.05284, -0.83353, 0.75146, -1.19996, 0.21517, -1.89006], [-0.67711, -0.24132, -0.72024, 0.90318, -1.09169, -0.04629, -1.68498], [-0.7511, -0.53549, -0.60695, 1.0549, -0.98343, -0.30775, -1.4799], [-0.82509, -0.82966, -0.49366, 1.20662, -0.87517, -0.56921, -1.27482], [-0.83095, -0.85295, -0.48468, 1.21863, -0.8666, -0.58991, -1.25859], [-0.59238, -0.77256, -0.74405, 1.47567, -0.94994, -0.45437, -1.09136], [-0.35381, -0.69216, -1.00342, 1.73271, -1.03328, -0.31883, -0.92414], [-0.11524, -0.61177, -1.26279, 1.98975, -1.11661, -0.18329, -0.75691], [0.08539, -0.54416, -1.4809, 2.20591, -1.1867, -0.06931, -0.61629], [0.4765, -0.29791, -1.57124, 2.25293, -1.08095, -0.04836, -0.49632], [0.86762, -0.05166, -1.66158, 2.29995, -0.9752, -0.02741, -0.37635], [1.25874, 0.19459, -1.75192, 2.34697, -0.86945, -0.00647, -0.25638], [1.64986, 0.44084, -1.84226, 2.39399, -0.76371, 0.01448, -0.13641], [2.04098, 0.68709, -1.9326, 2.44101, -0.65796, 0.03543, -0.01644], [2.4321, 0.93335, -2.02294, 2.48803, -0.55221, 0.05638, 0.10353], [2.50243, 0.97763, -2.03918, 2.49649, -0.53319, 0.06014, 0.1251], [2.24698, 1.09767, -1.96054, 2.40914, -0.64949, 0.27932, -0.18306], [1.99153, 1.21771, -1.8819, 2.3218, -0.76579, 0.49849, -0.49121], [1.73608, 1.33775, -1.80326, 2.23445, -0.88209, 0.71766, -0.79936], [1.48062, 1.4578, -1.72462, 2.14711, -0.99838, 0.93684, -1.10752], [1.22517, 1.57784, -1.64598, 2.05976, -1.11468, 1.15601, -1.41567], [0.96972, 1.69788, -1.56734, 1.97242, -1.23098, 1.37518, -1.72382]]
end: [0.75095999999999996, 1.8006800000000001, -1.5, 1.8976200000000001, -1.33057, 1.56287, -1.9877100000000001]
obtacles: [[[0.6, -0.4, -0.2], [1.0, 0.6, -0.3]], [[0.7, -0.1, -0.2], [1.0, -0.0, 0.5]], [[0.7, 0.3, -0.2], [1.0, 0.4, 0.5]], [[0.7, -0.1, 0.5], [1.0, 0.4, 0.6]]]
start: [-0.21218000000000001, 1.5336099999999999, -1.5, 0.36707000000000001, -1.65021, 1.5614600000000001, -2.5632899999999998]
tajectories: [[-0.21218, 1.53361, -1.5, 0.36707, -1.65021, 1.56146, -2.56329], [-0.33183, 1.33819, -1.71264, 0.71513, -1.79863, 1.47521, -2.5225], [-0.45147, 1.14278, -1.92529, 1.06319, -1.94706, 1.38895, -2.48172], [-0.57111, 0.94737, -2.13793, 1.41126, -2.09549, 1.3027, -2.44093], [-0.69075, 0.75195, -2.35057, 1.75932, -2.24391, 1.21644, -2.40015], [-0.8104, 0.55654, -2.56322, 2.10738, -2.39234, 1.13019, -2.35937], [-0.89716, 0.41482, -2.71743, 2.35981, -2.49998, 1.06764, -2.32979], [-0.59484, 0.55387, -2.57432, 2.38229, -2.16439, 1.06172, -2.25481], [-0.29251, 0.69291, -2.43121, 2.40478, -1.8288, 1.05581, -2.17983], [0.00982, 0.83196, -2.2881, 2.42726, -1.49321, 1.0499, -2.10485], [0.31214, 0.971, -2.14499, 2.44975, -1.15762, 1.04398, -2.02987], [0.61447, 1.11005, -2.00188, 2.47223, -0.82203, 1.03807, -1.9549], [0.9168, 1.24909, -1.85876, 2.49472, -0.48644, 1.03215, -1.87992], [1.15933, 1.36064, -1.74396, 2.51276, -0.21722, 1.02741, -1.81977], [1.04962, 1.48898, -1.71896, 2.21656, -0.5023, 1.16419, -2.00183], [0.9399, 1.61732, -1.69397, 1.92035, -0.78739, 1.30098, -2.1839], [0.83018, 1.74566, -1.66898, 1.62415, -1.07247, 1.43776, -2.36597]]
end: [0.74687000000000003, 1.84311, -1.6499999999999999, 1.3992500000000001, -1.28894, 1.54162, -2.5042200000000001]
obtacles: [[[0.6, -0.4, -0.2], [1.0, 0.6, -0.3]], [[0.7, -0.1, -0.2], [1.0, -0.0, 0.5]], [[0.7, 0.3, -0.2], [1.0, 0.4, 0.5]], [[0.7, -0.1, 0.5], [1.0, 0.4, 0.6]]]
start: [2.2830699999999999, -1.6987699999999999, -1.5, 1.20706, -1.71557, -1.55063, -0.34254000000000001]
tajectories: [[2.28307, -1.69877, -1.5, 1.20706, -1.71557, -1.55063, -0.34254], [2.21354, -1.53643, -1.64947, 1.28053, -1.32563, -1.35967, -0.29202], [2.14401, -1.37409, -1.79893, 1.35399, -0.93568, -1.16871, -0.2415], [2.07448, -1.21175, -1.9484, 1.42746, -0.54574, -0.97774, -0.19098], [2.00495, -1.04941, -2.09786, 1.50093, -0.1558, -0.78678, -0.14046], [1.93542, -0.88707, -2.24733, 1.57439, 0.23414, -0.59582, -0.08994], [1.86589, -0.72473, -2.39679, 1.64786, 0.62408, -0.40486, -0.03942], [1.86353, -0.71922, -2.40187, 1.65036, 0.63733, -0.39837, -0.0377], [1.84325, -0.5297, -2.39342, 1.73438, 0.6908, -0.13945, -0.40736], [1.82296, -0.34018, -2.38497, 1.8184, 0.74428, 0.11947, -0.77701], [1.80268, -0.15067, -2.37652, 1.90242, 0.79775, 0.37839, -1.14666], [1.78239, 0.03885, -2.36807, 1.98644, 0.85122, 0.63731, -1.51631], [1.76211, 0.22837, -2.35962, 2.07046, 0.90469, 0.89623, -1.88596], [1.74182, 0.41789, -2.35117, 2.15449, 0.95817, 1.15515, -2.25561], [1.72154, 0.60741, -2.34272, 2.23851, 1.01164, 1.41407, -2.62526], [1.7169, 0.65072, -2.34079, 2.25771, 1.02386, 1.47325, -2.70975], [1.53954, 0.80366, -2.2237, 2.14643, 0.62132, 1.48419, -2.62667], [1.36219, 0.95661, -2.1066, 2.03514, 0.21878, 1.49513, -2.5436], [1.18483, 1.10955, -1.98951, 1.92385, -0.18376, 1.50606, -2.46052], [1.00748, 1.26249, -1.87241, 1.81257, -0.58629, 1.517, -2.37745], [0.83012, 1.41543, -1.75532, 1.70128, -0.98883, 1.52794, -2.29437], [0.65277, 1.56837, -1.63823, 1.58999, -1.39137, 1.53887, -2.21129]]
end: [0.59487000000000001, 1.6183000000000001, -1.6000000000000001, 1.5536700000000001, -1.52278, 1.54244, -2.1841699999999999]
obtacles: [[[0.6, -0.4, -0.2], [1.0, 0.6, -0.3]], [[0.7, -0.1, -0.2], [1.0, -0.0, 0.5]], [[0.7, 0.3, -0.2], [1.0, 0.4, 0.5]], [[0.7, -0.1, 0.5], [1.0, 0.4, 0.6]]]
start: [2.3007200000000001, -1.81796, -1.55, 1.5551600000000001, -1.8182799999999999, -1.55446, -0.70967000000000002]
tajectories: [[2.30072, -1.81796, -1.55, 1.55516, -1.81828, -1.55446, -0.70967], [2.22108, -1.43009, -1.62921, 1.59276, -1.60917, -1.54999, -0.91409], [2.14145, -1.04223, -1.70842, 1.63035, -1.40006, -1.54552, -1.11851], [2.06181, -0.65437, -1.78763, 1.66794, -1.19095, -1.54104, -1.32293], [1.98218, -0.26651, -1.86684, 1.70553, -0.98184, -1.53657, -1.52735], [1.90254, 0.12136, -1.94605, 1.74313, -0.77274, -1.5321, -1.73177], [1.87086, 0.27568, -1.97756, 1.75808, -0.68953, -1.53032, -1.8131], [1.68004, 0.28392, -1.73352, 1.81555, -0.91052, -1.21349, -1.85108], [1.48922, 0.29216, -1.48947, 1.87301, -1.13151, -0.89666, -1.88905], [1.29841, 0.3004, -1.24542, 1.93047, -1.3525, -0.57983, -1.92703], [1.10759, 0.30864, -1.00138, 1.98793, -1.5735, -0.263, -1.96501], [0.91677, 0.31688, -0.75733, 2.04539, -1.79449, 0.05383, -2.00298], [0.80793, 0.32158, -0.61813, 2.07816, -1.92054, 0.23455, -2.02464], [0.81655, 0.63863, -0.82521, 1.97993, -1.79345, 0.5082, -2.10099], [0.82517, 0.95569, -1.03228, 1.88169, -1.66635, 0.78186, -2.17735], [0.83379, 1.27274, -1.23936, 1.78345, -1.53926, 1.05552, -2.2537], [0.84241, 1.5898, -1.44644, 1.68522, -1.41217, 1.32917, -2.33005]]
end: [0.8488, 1.82491, -1.6000000000000001, 1.6123700000000001, -1.31793, 1.5321, -2.3866700000000001]
obtacles: [[[0.6, -0.4, -0.2], [1.0, 0.6, -0.3]], [[0.7, -0.1, -0.2], [1.0, -0.0, 0.5]], [[0.7, 0.3, -0.2], [1.0, 0.4, 0.5]], [[0.7, -0.1, 0.5], [1.0, 0.4, 0.6]]]
start: [-0.60463, 1.4954400000000001, -1.6000000000000001, -0.64158000000000004, -4.6438899999999999, -1.5279, -0.037319999999999999]
tajectories: [[-0.60463, 1.49544, -1.6, -0.64158, -4.64389, -1.5279, -0.03732], [-0.51619, 1.43415, -1.71813, -0.20734, -4.46406, -1.53538, 0.02187], [-0.42774, 1.37286, -1.83626, 0.22691, -4.28423, -1.54286, 0.08106], [-0.3393, 1.31157, -1.95438, 0.66115, -4.1044, -1.55034, 0.14025], [-0.25085, 1.25028, -2.07251, 1.0954, -3.92457, -1.55782, 0.19944], [-0.16241, 1.18899, -2.19064, 1.52964, -3.74474, -1.5653, 0.25863], [-0.09744, 1.14397, -2.27741, 1.84862, -3.61264, -1.57079, 0.30211], [0.28657, 1.0824, -2.32112, 1.95556, -3.78944, -1.45293, 0.1015], [0.67059, 1.02084, -2.36483, 2.0625, -3.96623, -1.33506, -0.09911], [1.05461, 0.95927, -2.40854, 2.16944, -4.14303, -1.21719, -0.29971], [1.43863, 0.89771, -2.45225, 2.27638, -4.31982, -1.09933, -0.50032], [1.52413, 0.884, -2.46198, 2.30019, -4.35919, -1.07308, -0.54498], [1.35214, 1.04834, -2.2735, 2.20768, -4.42483, -1.17157, -0.17712], [1.18015, 1.21267, -2.08502, 2.11517, -4.49048, -1.27006, 0.19074], [1.00816, 1.37701, -1.89653, 2.02266, -4.55612, -1.36854, 0.5586], [0.83618, 1.54134, -1.70805, 1.93015, -4.62177, -1.46703, 0.92646]]
end: [0.73758000000000001, 1.6355500000000001, -1.6000000000000001, 1.8771199999999999, -4.6593999999999998, -1.5234799999999999, 1.13734]
obtacles: [[[0.6, -0.4, -0.2], [1.0, 0.6, -0.3]], [[0.7, -0.1, -0.2], [1.0, -0.0, 0.5]], [[0.7, 0.3, -0.2], [1.0, 0.4, 0.5]], [[0.7, -0.1, 0.5], [1.0, 0.4, 0.6]]]
start: [2.0596700000000001, -1.4716199999999999, -1.55, 1.53433, -4.6140100000000004, 1.5465100000000001, 2.68696]
tajectories: [[2.05967, -1.47162, -1.55, 1.53433, -4.61401, 1.54651, 2.68696], [1.93111, -1.40668, -1.48663, 1.60077, -4.17187, 1.39739, 2.63128], [1.80255, -1.34173, -1.42326, 1.66721, -3.72973, 1.24827, 2.57561], [1.67399, -1.27679, -1.35988, 1.73365, -3.28759, 1.09915, 2.51993], [1.54542, -1.21185, -1.29651, 1.80009, -2.84545, 0.95003, 2.46426], [1.41686, -1.1469, -1.23314, 1.86653, -2.40331, 0.80091, 2.40858], [1.31732, -1.09661, -1.18407, 1.91798, -2.06095, 0.68544, 2.36547], [1.34263, -0.78913, -1.33881, 2.02414, -1.81184, 0.44587, 2.35322], [1.36794, -0.48165, -1.49355, 2.1303, -1.56274, 0.20629, 2.34096], [1.39325, -0.17418, -1.6483, 2.23646, -1.31363, -0.03328, 2.32871], [1.41857, 0.1333, -1.80304, 2.34262, -1.06453, -0.27286, 2.31645], [1.44388, 0.44078, -1.95778, 2.44878, -0.81542, -0.51244, 2.3042], [1.46919, 0.74826, -2.11253, 2.55494, -0.56632, -0.75201, 2.29194], [1.4945, 1.05574, -2.26727, 2.6611, -0.31721, -0.99159, 2.27968], [1.51401, 1.29268, -2.38651, 2.7429, -0.12525, -1.1762, 2.27024], [1.44595, 1.34453, -2.30036, 2.6375, -0.57439, -1.2155, 2.12574], [1.3779, 1.39638, -2.21422, 2.5321, -1.02353, -1.25479, 1.98124], [1.30984, 1.44822, -2.12807, 2.4267, -1.47267, -1.29409, 1.83674], [1.24179, 1.50007, -2.04192, 2.32129, -1.92181, -1.33338, 1.69224], [1.17373, 1.55192, -1.95577, 2.21589, -2.37094, -1.37267, 1.54774], [1.10568, 1.60376, -1.86963, 2.11049, -2.82008, -1.41197, 1.40324], [1.03762, 1.65561, -1.78348, 2.00508, -3.26922, -1.45126, 1.25874], [0.96957, 1.70746, -1.69733, 1.89968, -3.71836, -1.49056, 1.11424], [0.90151, 1.7593, -1.61118, 1.79428, -4.1675, -1.52985, 0.96974]]
end: [0.85318000000000005, 1.79613, -1.55, 1.7194199999999999, -4.4864899999999999, -1.55776, 0.86711000000000005]
obtacles: [[[0.6, -0.4, -0.2], [1.0, 0.6, -0.3]], [[0.7, -0.1, -0.2], [1.0, -0.0, 0.5]], [[0.7, 0.3, -0.2], [1.0, 0.4, 0.5]], [[0.7, -0.1, 0.5], [1.0, 0.4, 0.6]]]
start: [2.3338700000000001, -1.8803399999999999, -1.3500000000000001, 1.2045399999999999, -1.93954, -1.48502, -0.34622000000000003]
tajectories: [[2.33387, -1.88034, -1.35, 1.20454, -1.93954, -1.48502, -0.34622], [1.92276, -1.8463, -1.54222, 1.36536, -1.81868, -1.44906, -0.31275], [1.51165, -1.81227, -1.73445, 1.52617, -1.69782, -1.4131, -0.27927], [1.10055, -1.77823, -1.92667, 1.68699, -1.57696, -1.37714, -0.24579], [0.68944, -1.7442, -2.1189, 1.8478, -1.45609, -1.34118, -0.21232], [0.27833, -1.71016, -2.31112, 2.00862, -1.33523, -1.30522, -0.17884], [-0.13277, -1.67613, -2.50334, 2.16944, -1.21437, -1.26927, -0.14536], [-0.36735, -1.65671, -2.61303, 2.2612, -1.14541, -1.24875, -0.12626], [-0.16169, -1.24418, -2.47162, 2.27364, -1.03799, -1.17242, -0.12945], [0.04397, -0.83165, -2.33021, 2.28608, -0.93057, -1.09609, -0.13263], [0.24962, -0.41912, -2.1888, 2.29852, -0.82315, -1.01976, -0.13581], [0.45528, -0.0066, -2.04739, 2.31097, -0.71573, -0.94343, -0.13899], [0.66094, 0.40593, -1.90598, 2.32341, -0.60831, -0.86709, -0.14218], [0.86659, 0.81846, -1.76458, 2.33585, -0.50089, -0.79076, -0.14536], [1.07225, 1.23098, -1.62317, 2.3483, -0.39347, -0.71443, -0.14854], [1.13417, 1.3552, -1.58059, 2.35204, -0.36112, -0.69145, -0.1495], [1.07597, 1.43048, -1.57576, 2.27354, -0.5115, -0.34279, -0.45047], [1.01777, 1.50576, -1.57093, 2.19504, -0.66188, 0.00587, -0.75144], [0.95956, 1.58104, -1.56611, 2.11654, -0.81226, 0.35453, -1.05241], [0.90136, 1.65632, -1.56128, 2.03804, -0.96263, 0.70319, -1.35338], [0.84316, 1.7316, -1.55645, 1.95954, -1.11301, 1.05185, -1.65434], [0.78495, 1.80688, -1.55162, 1.88104, -1.26339, 1.40052, -1.95531]]
end: [0.76539000000000001, 1.8321799999999999, -1.55, 1.85466, -1.31392, 1.5176799999999999, -2.0564499999999999]
obtacles: [[[0.6, -0.4, -0.2], [1.0, 0.6, -0.3]], [[0.7, -0.1, -0.2], [1.0, -0.0, 0.5]], [[0.7, 0.3, -0.2], [1.0, 0.4, 0.5]], [[0.7, -0.1, 0.5], [1.0, 0.4, 0.6]]]
start: [2.4866600000000001, -1.5042899999999999, -1.45, 1.26817, -1.5429299999999999, -1.43581, -0.61914999999999998]
tajectories: [[2.48666, -1.50429, -1.45, 1.26817, -1.54293, -1.43581, -0.61915], [2.13869, -1.50683, -1.32968, 1.46287, -1.53548, -1.15979, -0.63586], [1.79071, -1.50938, -1.20936, 1.65756, -1.52802, -0.88377, -0.65256], [1.44273, -1.51192, -1.08903, 1.85225, -1.52056, -0.60775, -0.66927], [1.17929, -1.51384, -0.99794, 1.99965, -1.51492, -0.39878, -0.68192], [1.25036, -1.3148, -1.05061, 2.26164, -1.21093, -0.21038, -0.75944], [1.32144, -1.11575, -1.10328, 2.52363, -0.90694, -0.02197, -0.83696], [1.39252, -0.91671, -1.15595, 2.78562, -0.60296, 0.16644, -0.91448], [1.42574, -0.82367, -1.18057, 2.90807, -0.46087, 0.2545, -0.95072], [1.57181, -0.44678, -1.1895, 2.79255, -0.47553, 0.4504, -1.13673], [1.71789, -0.0699, -1.19844, 2.67703, -0.49019, 0.6463, -1.32274], [1.86396, 0.30699, -1.20737, 2.56151, -0.50484, 0.8422, -1.50875], [1.86536, 0.3106, -1.20746, 2.56041, -0.50499, 0.84408, -1.51053], [1.65317, 0.60831, -1.27894, 2.38844, -0.69242, 0.99425, -1.66539], [1.44098, 0.90602, -1.35042, 2.21648, -0.87986, 1.14442, -1.82025], [1.22879, 1.20372, -1.4219, 2.04452, -1.0673, 1.29459, -1.97511], [1.0166, 1.50143, -1.49338, 1.87255, -1.25474, 1.44477, -2.12997]]
end: [0.84852000000000005, 1.73725, -1.55, 1.73634, -1.4032100000000001, 1.56372, -2.25264]
obtacles: [[[0.6, -0.4, -0.2], [1.0, 0.6, -0.3]], [[0.7, -0.1, -0.2], [1.0, -0.0, 0.5]], [[0.7, 0.3, -0.2], [1.0, 0.4, 0.5]], [[0.7, -0.1, 0.5], [1.0, 0.4, 0.6]]]
start: [-0.82686000000000004, 1.5960799999999999, 1.95, 1.5278799999999999, -1.61507, -1.1932499999999999, -0.68771000000000004]
tajectories: [[-0.82686, 1.59608, 1.95, 1.52788, -1.61507, -1.19325, -0.68771], [-1.08721, 1.32185, 2.05135, 1.63963, -1.88599, -1.09642, -0.72608], [-1.34757, 1.04761, 2.15269, 1.75138, -2.15692, -0.99959, -0.76445], [-1.60792, 0.77338, 2.25404, 1.86313, -2.42785, -0.90276, -0.80282], [-1.86828, 0.49914, 2.35539, 1.97488, -2.69878, -0.80593, -0.8412], [-2.01234, 0.34739, 2.41147, 2.03672, -2.8487, -0.75235, -0.86243], [-1.97183, 0.12898, 2.25286, 2.19845, -2.83381, -0.46701, -1.12262], [-1.93132, -0.08944, 2.09425, 2.36018, -2.81891, -0.18167, -1.38281], [-1.89081, -0.30785, 1.93564, 2.52191, -2.80402, 0.10367, -1.643], [-1.8503, -0.52627, 1.77703, 2.68364, -2.78913, 0.38901, -1.9032], [-1.80979, -0.74469, 1.61843, 2.84537, -2.77424, 0.67435, -2.16339], [-1.79607, -0.81862, 1.56474, 2.90012, -2.7692, 0.77093, -2.25146], [-1.93926, -0.99986, 1.56163, 2.59624, -2.49349, 0.93781, -2.27235], [-2.08245, -1.18111, 1.55852, 2.29236, -2.21779, 1.10468, -2.29324], [-2.22563, -1.36235, 1.55541, 1.98848, -1.94209, 1.27155, -2.31412], [-2.36882, -1.5436, 1.5523, 1.6846, -1.66638, 1.43843, -2.33501]]
end: [-2.47498, -1.67798, 1.55, 1.45929, -1.46197, 1.5621499999999999, -2.3504999999999998]
obtacles: [[[0.6, -0.4, -0.2], [1.0, 0.6, -0.3]], [[0.7, -0.1, -0.2], [1.0, -0.0, 0.5]], [[0.7, 0.3, -0.2], [1.0, 0.4, 0.5]], [[0.7, -0.1, 0.5], [1.0, 0.4, 0.6]]]
start: [-1.0014400000000001, 1.9405300000000001, 1.75, 1.2292000000000001, -1.97841, -1.53525, -0.18681]
tajectories: [[-1.00144, 1.94053, 1.75, 1.2292, -1.97841, -1.53525, -0.18681], [-1.01072, 1.78307, 1.75719, 1.63767, -2.02372, -1.50346, -0.42166], [-1.01999, 1.62561, 1.76438, 2.04615, -2.06903, -1.47167, -0.65651], [-1.02927, 1.46815, 1.77157, 2.45462, -2.11433, -1.43989, -0.89136], [-1.031, 1.4388, 1.77291, 2.53077, -2.12278, -1.43396, -0.93514], [-0.79139, 1.64302, 1.59065, 2.39885, -1.81632, -1.48568, -0.99569], [-0.60042, 1.80578, 1.44538, 2.2937, -1.57206, -1.52691, -1.04396], [-0.55536, 1.83087, 1.68775, 2.02392, -1.72001, -1.35415, -1.2971]]
end: [-0.54379, 1.83731, 1.75, 1.9546300000000001, -1.758, -1.3097799999999999, -1.36212]
obtacles: [[[0.6, -0.4, -0.2], [1.0, 0.6, -0.3]], [[0.7, -0.1, -0.2], [1.0, -0.0, 0.5]], [[0.7, 0.3, -0.2], [1.0, 0.4, 0.5]], [[0.7, -0.1, 0.5], [1.0, 0.4, 0.6]]]
start: [-0.85726999999999998, 1.9692000000000001, 1.8, 1.64537, -1.96299, -1.33077, -0.69372999999999996]
tajectories: [[-0.85727, 1.9692, 1.8, 1.64537, -1.96299, -1.33077, -0.69373], [-1.1019, 1.77733, 1.62407, 1.59946, -2.03309, -1.01247, -0.57515], [-1.34653, 1.58547, 1.44814, 1.55354, -2.10319, -0.69418, -0.45657], [-1.59115, 1.39361, 1.27221, 1.50762, -2.17329, -0.37588, -0.33799], [-1.83578, 1.20175, 1.09627, 1.46171, -2.24338, -0.05758, -0.21941], [-2.08041, 1.00989, 0.92034, 1.41579, -2.31348, 0.26071, -0.10083], [-2.32503, 0.81803, 0.74441, 1.36987, -2.38358, 0.57901, 0.01775], [-2.45308, 0.71761, 0.65232, 1.34584, -2.42027, 0.74561, 0.07982], [-2.32207, 0.42454, 0.58109, 1.11328, -2.57431, 0.88496, -0.13148], [-2.19107, 0.13148, 0.50985, 0.88072, -2.72835, 1.02431, -0.34278], [-2.06006, -0.16158, 0.43862, 0.64816, -2.88239, 1.16366, -0.55409], [-1.95073, -0.40616, 0.37916, 0.45408, -3.01095, 1.27996, -0.73043], [-1.8496, -0.47556, 0.42251, 0.86357, -2.90542, 1.25213, -0.9617], [-1.74847, -0.54496, 0.46586, 1.27306, -2.79988, 1.2243, -1.19296], [-1.64734, -0.61436, 0.50921, 1.68254, -2.69434, 1.19647, -1.42422], [-1.54621, -0.68377, 0.55255, 2.09203, -2.5888, 1.16864, -1.65548], [-1.44508, -0.75317, 0.5959, 2.50152, -2.48326, 1.14081, -1.88675], [-1.34395, -0.82257, 0.63925, 2.91101, -2.37773, 1.11298, -2.11801], [-1.30416, -0.84987, 0.6563, 3.07209, -2.33621, 1.10203, -2.20898], [-1.55959, -1.0133, 0.84658, 2.78514, -2.1641, 1.19594, -2.17643], [-1.81502, -1.17673, 1.03685, 2.49819, -1.99199, 1.28986, -2.14387], [-2.07044, -1.34016, 1.22712, 2.21124, -1.81988, 1.38377, -2.11132], [-2.32587, -1.50359, 1.4174, 1.92428, -1.64777, 1.47768, -2.07877]]
end: [-2.5038800000000001, -1.61748, 1.55, 1.7242999999999999, -1.52782, 1.5431299999999999, -2.0560800000000001]
obtacles: [[[0.6, -0.4, -0.2], [1.0, 0.6, -0.3]], [[0.7, -0.1, -0.2], [1.0, -0.0, 0.5]], [[0.7, 0.3, -0.2], [1.0, 0.4, 0.5]], [[0.7, -0.1, 0.5], [1.0, 0.4, 0.6]]]
start: [-0.86284000000000005, 1.9597, 1.8, 1.4943599999999999, -1.98309, -1.38913, -0.54810000000000003]
tajectories: [[-0.86284, 1.9597, 1.8, 1.49436, -1.98309, -1.38913, -0.5481], [-0.83209, 1.81867, 2.11308, 1.8313, -2.05523, -1.40772, -0.65796], [-0.80133, 1.67764, 2.42617, 2.16824, -2.12737, -1.4263, -0.76781], [-0.79191, 1.63445, 2.52206, 2.27144, -2.14946, -1.432, -0.80146], [-0.49368, 1.42569, 2.49014, 2.37869, -2.13921, -1.3529, -1.11546], [-0.19545, 1.21694, 2.45822, 2.48594, -2.12897, -1.2738, -1.42946], [-0.02486, 1.09754, 2.43996, 2.54729, -2.12311, -1.22855, -1.60908], [-0.15794, 1.38468, 2.19668, 2.28522, -1.99524, -1.24755, -1.53657], [-0.29102, 1.67183, 1.9534, 2.02314, -1.86737, -1.26656, -1.46407]]
end: [-0.37494, 1.8528899999999999, 1.8, 1.85789, -1.7867299999999999, -1.27854, -1.4183600000000001]
obtacles: [[[0.6, -0.4, -0.2], [1.0, 0.6, -0.3]], [[0.7, -0.1, -0.2], [1.0, -0.0, 0.5]], [[0.7, 0.3, -0.2], [1.0, 0.4, 0.5]], [[0.7, -0.1, 0.5], [1.0, 0.4, 0.6]]]
start: [-0.49485000000000001, 1.81789, 1.95, 0.61858000000000002, -2.0200300000000002, -1.56192, -0.074050000000000005]
tajectories: [[-0.49485, 1.81789, 1.95, 0.61858, -2.02003, -1.56192, -0.07405], [-0.61447, 1.50235, 1.8814, 0.73456, -1.95434, -1.22859, -0.02368], [-0.73409, 1.18681, 1.81279, 0.85055, -1.88866, -0.89525, 0.02668], [-0.85371, 0.87127, 1.74419, 0.96653, -1.82297, -0.56191, 0.07705], [-0.97333, 0.55573, 1.67558, 1.08252, -1.75729, -0.22857, 0.12741], [-1.09295, 0.24019, 1.60698, 1.1985, -1.6916, 0.10477, 0.17778], [-1.1892, -0.01372, 1.55178, 1.29183, -1.63875, 0.37299, 0.2183], [-1.45798, -0.07547, 1.25281, 1.37355, -1.50263, 0.54863, 0.04945], [-1.72675, -0.13722, 0.95384, 1.45528, -1.36652, 0.72426, -0.11941], [-1.99552, -0.19896, 0.65488, 1.537, -1.2304, 0.8999, -0.28827], [-2.16987, -0.23902, 0.46094, 1.59001, -1.14211, 1.01383, -0.3978], [-2.21464, -0.58118, 0.55887, 1.7335, -0.9641, 0.95749, -0.65448], [-2.2594, -0.92334, 0.6568, 1.87699, -0.7861, 0.90114, -0.91116], [-2.30416, -1.2655, 0.75473, 2.02048, -0.60809, 0.8448, -1.16783], [-2.34893, -1.60767, 0.85266, 2.16397, -0.43009, 0.78846, -1.42451], [-2.38612, -1.89195, 0.93402, 2.28319, -0.2822, 0.74165, -1.63776], [-2.39701, -1.86712, 1.13715, 2.1248, -0.60177, 0.98913, -1.77756], [-2.4079, -1.84229, 1.34027, 1.96641, -0.92134, 1.23662, -1.91735], [-2.41879, -1.81746, 1.5434, 1.80802, -1.24091, 1.48411, -2.05715]]
end: [-2.4218299999999999, -1.81054, 1.6000000000000001, 1.7638799999999999, -1.32996, 1.55307, -2.0960999999999999]
obtacles: [[[0.6, -0.4, -0.2], [1.0, 0.6, -0.3]], [[0.7, -0.1, -0.2], [1.0, -0.0, 0.5]], [[0.7, 0.3, -0.2], [1.0, 0.4, 0.5]], [[0.7, -0.1, 0.5], [1.0, 0.4, 0.6]]]
start: [-0.44328000000000001, 1.51169, 1.8999999999999999, 0.51858000000000004, -1.8305199999999999, -1.3579300000000001, -0.05722]
tajectories: [[-0.44328, 1.51169, 1.9, 0.51858, -1.83052, -1.35793, -0.05722], [-0.73553, 1.34589, 1.70913, 0.40879, -1.6464, -1.36481, 0.17658], [-1.02779, 1.18008, 1.51826, 0.299, -1.46227, -1.3717, 0.41039], [-1.32005, 1.01428, 1.32739, 0.18922, -1.27815, -1.37859, 0.64419], [-1.6123, 0.84848, 1.13652, 0.07943, -1.09403, -1.38547, 0.87799], [-1.90456, 0.68268, 0.94565, -0.03036, -0.90991, -1.39236, 1.11179], [-2.19682, 0.51688, 0.75478, -0.14015, -0.72579, -1.39925, 1.34559], [-2.30644, 0.4547, 0.68319, -0.18132, -0.65673, -1.40183, 1.43329], [-2.1908, 0.14818, 0.56254, -0.10619, -0.55637, -1.08081, 1.52996], [-2.07517, -0.15834, 0.44189, -0.03106, -0.45602, -0.75978, 1.62664], [-1.95954, -0.46486, 0.32124, 0.04407, -0.35566, -0.43876, 1.72331], [-1.8439, -0.77138, 0.20058, 0.1192, -0.25531, -0.11773, 1.81998], [-1.72827, -1.0779, 0.07993, 0.19432, -0.15495, 0.20329, 1.91666], [-1.61864, -1.36849, -0.03445, 0.26555, -0.05981, 0.50764, 2.00831], [-1.75762, -1.39325, 0.06621, 0.57368, 0.03344, 0.51777, 1.66744], [-1.89661, -1.418, 0.16687, 0.88182, 0.12668, 0.52789, 1.32656], [-2.03559, -1.44275, 0.26754, 1.18995, 0.21993, 0.53801, 0.98569], [-2.17457, -1.46751, 0.3682, 1.49808, 0.31318, 0.54814, 0.64482], [-2.31355, -1.49226, 0.46887, 1.80621, 0.40643, 0.55826, 0.30394], [-2.45253, -1.51701, 0.56953, 2.11435, 0.49967, 0.56838, -0.03693], [-2.4662, -1.51945, 0.57943, 2.14464, 0.50884, 0.56938, -0.07045], [-2.45036, -1.57208, 0.71545, 2.04065, 0.24759, 0.71321, -0.42922], [-2.43453, -1.62471, 0.85147, 1.93666, -0.01367, 0.85703, -0.788], [-2.41869, -1.67734, 0.98749, 1.83266, -0.27493, 1.00086, -1.14678], [-2.40286, -1.72997, 1.12352, 1.72867, -0.53619, 1.14469, -1.50556], [-2.38703, -1.7826, 1.25954, 1.62468, -0.79744, 1.28852, -1.86433], [-2.37119, -1.83523, 1.39556, 1.52069, -1.0587, 1.43235, -2.22311]]
end: [-2.3590399999999998, -1.87564, 1.5, 1.4408399999999999, -1.2593000000000001, 1.54278, -2.4985900000000001]
obtacles: [[[0.6, -0.4, -0.2], [1.0, 0.6, -0.3]], [[0.7, -0.1, -0.2], [1.0, -0.0, 0.5]], [[0.7, 0.3, -0.2], [1.0, 0.4, 0.5]], [[0.7, -0.1, 0.5], [1.0, 0.4, 0.6]]]
start: [-0.5353, 1.8066500000000001, 1.75, 0.95308999999999999, -1.8659300000000001, -1.5648500000000001, -0.39562000000000003]
tajectories: [[-0.5353, 1.80665, 1.75, 0.95309, -1.86593, -1.56485, -0.39562], [-0.7423, 1.67105, 1.71664, 1.19808, -1.69738, -1.45044, -0.6891], [-0.94931, 1.53544, 1.68327, 1.44307, -1.52882, -1.33604, -0.98257], [-1.15631, 1.39984, 1.64991, 1.68807, -1.36027, -1.22163, -1.27605], [-1.36331, 1.26424, 1.61655, 1.93306, -1.19171, -1.10723, -1.56952], [-1.45136, 1.20656, 1.60235, 2.03727, -1.12001, -1.05857, -1.69436], [-1.40752, 0.87514, 1.37295, 2.16752, -1.33924, -0.97339, -1.80982], [-1.36368, 0.54371, 1.14355, 2.29777, -1.55846, -0.88821, -1.92529], [-1.31984, 0.21229, 0.91415, 2.42802, -1.77768, -0.80303, -2.04076], [-1.276, -0.11913, 0.68475, 2.55828, -1.99691, -0.71785, -2.15623], [-1.23216, -0.45055, 0.45535, 2.68853, -2.21613, -0.63267, -2.27169], [-1.18832, -0.78197, 0.22595, 2.81878, -2.43535, -0.5475, -2.38716], [-1.14527, -1.10737, 0.00071, 2.94667, -2.6506, -0.46386, -2.50053], [-1.32849, -1.18731, 0.22481, 2.73373, -2.48127, -0.1713, -2.48573], [-1.5117, -1.26725, 0.44891, 2.5208, -2.31195, 0.12126, -2.47093], [-1.69492, -1.34718, 0.673, 2.30786, -2.14263, 0.41382, -2.45613], [-1.87813, -1.42712, 0.8971, 2.09492, -1.9733, 0.70638, -2.44132], [-2.06135, -1.50706, 1.1212, 1.88199, -1.80398, 0.99894, -2.42652], [-2.24456, -1.58699, 1.3453, 1.66905, -1.63466, 1.2915, -2.41172]]
end: [-2.4119199999999998, -1.66001, 1.55, 1.47454, -1.4799899999999999, 1.55874, -2.3982000000000001]
obtacles: [[[0.6, -0.4, -0.2], [1.0, 0.6, -0.3]], [[0.7, -0.1, -0.2], [1.0, -0.0, 0.5]], [[0.7, 0.3, -0.2], [1.0, 0.4, 0.5]], [[0.7, -0.1, 0.5], [1.0, 0.4, 0.6]]]
start: [-0.60916999999999999, 1.76837, 1.7, 1.0295000000000001, -1.8063, -1.56366, -0.40666000000000002]
tajectories: [[-0.60917, 1.76837, 1.7, 1.0295, -1.8063, -1.56366, -0.40666], [-0.79454, 1.59276, 1.37508, 1.10823, -1.54603, -1.53161, -0.34136], [-0.9799, 1.41716, 1.05016, 1.18695, -1.28576, -1.49957, -0.27605], [-1.16527, 1.24155, 0.72525, 1.26567, -1.02549, -1.46753, -0.21074], [-1.35064, 1.06594, 0.40033, 1.3444, -0.76521, -1.43549, -0.14544], [-1.536, 0.89034, 0.07541, 1.42312, -0.50494, -1.40344, -0.08013], [-1.72137, 0.71473, -0.24951, 1.50184, -0.24467, -1.3714, -0.01483], [-1.84984, 0.59302, -0.47471, 1.5564, -0.06428, -1.34919, 0.03044], [-1.96266, 0.58682, -0.62364, 1.59816, -0.1067, -1.02895, 0.36052], [-2.07547, 0.58063, -0.77258, 1.63991, -0.14912, -0.7087, 0.6906], [-2.18829, 0.57444, -0.92152, 1.68167, -0.19154, -0.38846, 1.02068], [-2.3011, 0.56824, -1.07046, 1.72342, -0.23395, -0.06821, 1.35076], [-2.41391, 0.56205, -1.21939, 1.76518, -0.27637, 0.25203, 1.68084], [-2.44503, 0.56034, -1.26047, 1.77669, -0.28807, 0.34036, 1.77188], [-2.37616, 0.27547, -1.0612, 1.9805, -0.49028, 0.44145, 1.59367], [-2.3073, -0.00939, -0.86193, 2.18431, -0.69248, 0.54255, 1.41547], [-2.23843, -0.29425, -0.66266, 2.38812, -0.89469, 0.64364, 1.23726], [-2.16957, -0.57912, -0.46339, 2.59192, -1.09689, 0.74473, 1.05906], [-2.1007, -0.86398, -0.26412, 2.79573, -1.2991, 0.84583, 0.88085], [-2.03183, -1.14884, -0.06485, 2.99954, -1.5013, 0.94692, 0.70264], [-2.01834, -1.20467, -0.0258, 3.03948, -1.54093, 0.96673, 0.66772], [-2.08487, -1.26831, 0.17858, 2.8312, -1.52843, 1.04463, 0.28024], [-2.1514, -1.33195, 0.38297, 2.62292, -1.51593, 1.12253, -0.10725], [-2.21793, -1.3956, 0.58736, 2.41464, -1.50343, 1.20043, -0.49473], [-2.28445, -1.45924, 0.79174, 2.20636, -1.49093, 1.27833, -0.88222], [-2.35098, -1.52289, 0.99613, 1.99808, -1.47843, 1.35623, -1.2697], [-2.41751, -1.58653, 1.20051, 1.7898, -1.46593, 1.43414, -1.65719], [-2.48404, -1.65018, 1.4049, 1.58152, -1.45343, 1.51204, -2.04467]]
end: [-2.5312700000000001, -1.69536, 1.55, 1.4336500000000001, -1.4445600000000001, 1.56734, -2.3197700000000001]
obtacles: [[[0.6, -0.4, -0.2], [1.0, 0.6, -0.3]], [[0.7, -0.1, -0.2], [1.0, -0.0, 0.5]], [[0.7, 0.3, -0.2], [1.0, 0.4, 0.5]], [[0.7, -0.1, 0.5], [1.0, 0.4, 0.6]]]
start: [-0.75566999999999995, 1.52491, 1.7, 1.3492999999999999, -1.5541700000000001, -1.4347399999999999, -0.59774000000000005]
tajectories: [[-0.75567, 1.52491, 1.7, 1.3493, -1.55417, -1.43474, -0.59774], [-1.01093, 1.3221, 1.83771, 1.55301, -1.45869, -1.16355, -0.57356], [-1.2662, 1.11929, 1.97543, 1.75673, -1.36322, -0.89237, -0.54938], [-1.52147, 0.91647, 2.11314, 1.96044, -1.26774, -0.62118, -0.5252], [-1.77674, 0.71366, 2.25085, 2.16415, -1.17226, -0.35, -0.50102], [-2.03201, 0.51085, 2.38857, 2.36787, -1.07679, -0.07882, -0.47685], [-2.12387, 0.43786, 2.43813, 2.44118, -1.04243, 0.01877, -0.46814], [-1.80307, 0.62961, 2.40221, 2.50955, -0.86304, -0.24688, -0.42809], [-1.48228, 0.82136, 2.3663, 2.57792, -0.68365, -0.51254, -0.38804], [-1.16149, 1.01311, 2.33039, 2.64629, -0.50426, -0.7782, -0.34799], [-0.84069, 1.20486, 2.29448, 2.71466, -0.32487, -1.04386, -0.30794], [-0.5199, 1.39661, 2.25857, 2.78303, -0.14548, -1.30952, -0.26789], [-0.45275, 1.43675, 2.25105, 2.79734, -0.10793, -1.36512, -0.2595], [-0.44953, 1.54266, 2.13826, 2.58676, -0.48047, -1.36796, -0.46666], [-0.4463, 1.64857, 2.02548, 2.37618, -0.85301, -1.3708, -0.67382], [-0.44308, 1.75447, 1.91269, 2.1656, -1.22555, -1.37364, -0.88098], [-0.43986, 1.86038, 1.79991, 1.95502, -1.59809, -1.37647, -1.08814]]
end: [-0.437, 1.9541999999999999, 1.7, 1.7684899999999999, -1.92808, -1.3789899999999999, -1.2716400000000001]
