obtacles: [[[0.6, -0.4, -0.2], [1.0, 0.6, -0.3]], [[0.8, -0.2, -0.2], [1.1, -0.1, 0.4]], [[0.8, 0.2, -0.2], [1.1, 0.3, 0.4]], [[0.8, -0.2, 0.4], [1.1, 0.3, 0.5]]]
start: [-0.13497999999999999, 1.96838, 0.80000000000000004, -0.83986000000000005, -0.74502000000000002, -1.3491899999999999, 0.71435000000000004]
tajectories: [[-0.13498, 1.96838, 0.8, -0.83986, -0.74502, -1.34919, 0.71435], [-0.42629, 1.82646, 0.68675, -0.68928, -1.0501, -1.30202, 0.83349], [-0.7176, 1.68455, 0.57351, -0.5387, -1.35519, -1.25486, 0.95263], [-1.00891, 1.54263, 0.46026, -0.38811, -1.66028, -1.20769, 1.07177], [-1.30022, 1.40072, 0.34702, -0.23753, -1.96537, -1.16053, 1.19091], [-1.59153, 1.25881, 0.23377, -0.08695, -2.27046, -1.11336, 1.31004], [-1.88285, 1.11689, 0.12052, 0.06364, -2.57555, -1.0662, 1.42918], [-1.88327, 1.11669, 0.12036, 0.06386, -2.576, -1.06613, 1.42936], [-1.98199, 1.01119, 0.09018, 0.20137, -2.4383, -0.65328, 1.57043], [-2.0807, 0.9057, 0.05999, 0.33888, -2.3006, -0.24043, 1.7115], [-2.17942, 0.80021, 0.02981, 0.4764, -2.1629, 0.17241, 1.85258], [-2.27814, 0.69472, -0.00037, 0.61391, -2.0252, 0.58526, 1.99365], [-2.31, 0.66067, -0.01011, 0.6583, -1.98075, 0.71852, 2.03919], [-2.34352, 0.39036, 0.05391, 0.96624, -2.11456, 0.4884, 1.96156], [-2.37704, 0.12006, 0.11793, 1.27418, -2.24837, 0.25828, 1.88393], [-2.41056, -0.15024, 0.18195, 1.58212, -2.38217, 0.02816, 1.8063], [-2.44408, -0.42055, 0.24596, 1.89006, -2.51598, -0.20196, 1.72866], [-2.4776, -0.69085, 0.30998, 2.19801, -2.64979, -0.43208, 1.65103], [-2.51112, -0.96116, 0.374, 2.50595, -2.78359, -0.6622, 1.5734], [-2.52629, -1.08345, 0.40297, 2.64528, -2.84413, -0.76632, 1.53828], [-2.51811, -1.25814, 0.56954, 2.3888, -3.11868, -0.88617, 1.34814], [-2.50994, -1.43283, 0.73611, 2.13232, -3.39323, -1.00601, 1.158], [-2.50176, -1.60751, 0.90268, 1.87585, -3.66777, -1.12586, 0.96786], [-2.49358, -1.7822, 1.06924, 1.61937, -3.94232, -1.24571, 0.77771], [-2.48541, -1.95689, 1.23581, 1.3629, -4.21687, -1.36556, 0.58757]]
end: [-2.4847100000000002, -1.97177, 1.25, 1.3410500000000001, -4.2402499999999996, -1.3757600000000001, 0.57138]
obtacles: [[[0.6, -0.4, -0.2], [1.0, 0.6, -0.3]], [[0.8, -0.2, -0.2], [1.1, -0.1, 0.4]], [[0.8, 0.2, -0.2], [1.1, 0.3, 0.4]], [[0.8, -0.2, 0.4], [1.1, 0.3, 0.5]]]
start: [-0.15855, 1.57694, 1.25, -0.80869999999999997, -4.4824400000000004, 1.3450200000000001, -2.2015099999999999]
tajectories: [[-0.15855, 1.57694, 1.25, -0.8087, -4.48244, 1.34502, -2.20151], [-0.35742, 1.4921, 1.3922, -0.40749, -4.33506, 1.32818, -2.20908], [-0.55629, 1.40726, 1.5344, -0.00628, -4.18767, 1.31134, -2.21664], [-0.75516, 1.32242, 1.6766, 0.39494, -4.04029, 1.2945, -2.2242], [-0.95402, 1.23759, 1.8188, 0.79615, -3.89291, 1.27766, -2.23176], [-1.15289, 1.15275, 1.961, 1.19736, -3.74553, 1.26082, -2.23933], [-1.35176, 1.06791, 2.10321, 1.59857, -3.59815, 1.24397, -2.24689], [-1.47722, 1.01439, 2.19291, 1.85168, -3.50518, 1.23335, -2.25166], [-1.51512, 0.61145, 2.17001, 1.81098, -3.61304, 0.96435, -2.25703], [-1.55302, 0.20851, 2.1471, 1.77027, -3.72089, 0.69536, -2.2624], [-1.59092, -0.19443, 2.12419, 1.72957, -3.82875, 0.42636, -2.26776], [-1.62882, -0.59737, 2.10129, 1.68886, -3.93661, 0.15737, -2.27313], [-1.66672, -1.00031, 2.07838, 1.64816, -4.04447, -0.11163, -2.2785], [-1.70462, -1.40325, 2.05547, 1.60745, -4.15233, -0.38062, -2.28386], [-1.7341, -1.71669, 2.03765, 1.57579, -4.23624, -0.58987, -2.28804], [-1.85503, -1.75306, 1.95176, 1.55777, -4.24635, -0.72373, -1.8316], [-1.97595, -1.78942, 1.86587, 1.53976, -4.25647, -0.85758, -1.37517], [-2.09688, -1.82578, 1.77997, 1.52174, -4.26659, -0.99143, -0.91873], [-2.2178, -1.86215, 1.69408, 1.50373, -4.27671, -1.12528, -0.46229], [-2.33873, -1.89851, 1.60819, 1.48572, -4.28682, -1.25914, -0.00586], [-2.45965, -1.93487, 1.5223, 1.4677, -4.29694, -1.39299, 0.45058]]
end: [-2.5614400000000002, -1.9654799999999999, 1.45, 1.4525399999999999, -4.3054600000000001, -1.5056499999999999, 0.83475999999999995]
obtacles: [[[0.6, -0.4, -0.2], [1.0, 0.6, -0.3]], [[0.8, -0.2, -0.2], [1.1, -0.1, 0.4]], [[0.8, 0.2, -0.2], [1.1, 0.3, 0.4]], [[0.8, -0.2, 0.4], [1.1, 0.3, 0.5]]]
start: [-0.66554999999999997, 1.9601900000000001, 2.0, 1.0085999999999999, -2.12995, -1.4471000000000001, -0.22159000000000001]
tajectories: [[-0.66555, 1.96019, 2.0, 1.0086, -2.12995, -1.4471, -0.22159], [-0.95908, 1.94764, 1.76187, 0.91821, -2.26784, -1.16836, -0.17575], [-1.25261, 1.9351, 1.52375, 0.82782, -2.40573, -0.88963, -0.12991], [-1.54614, 1.92255, 1.28562, 0.73742, -2.54362, -0.6109, -0.08406], [-1.83967, 1.91001, 1.0475, 0.64703, -2.68152, -0.33216, -0.03822], [-2.1332, 1.89746, 0.80937, 0.55663, -2.81941, -0.05343, 0.00762], [-2.28889, 1.89081, 0.68307, 0.50869, -2.89255, 0.09441, 0.03194], [-2.25912, 1.86775, 0.60251, 0.73335, -3.21151, -0.16977, -0.10981], [-2.22934, 1.8447, 0.52196, 0.958, -3.53048, -0.43395, -0.25156], [-2.19957, 1.82164, 0.4414, 1.18266, -3.84944, -0.69812, -0.3933], [-2.1698, 1.79859, 0.36085, 1.40732, -4.16841, -0.9623, -0.53505], [-2.15194, 1.78476, 0.31252, 1.5421, -4.35977, -1.12079, -0.62009], [-2.08825, 1.42425, 0.4887, 1.71966, -4.40612, -1.10681, -0.84606], [-2.02455, 1.06373, 0.66489, 1.89722, -4.45248, -1.09283, -1.07203], [-1.96086, 0.70322, 0.84107, 2.07478, -4.49883, -1.07884, -1.298], [-1.89717, 0.34271, 1.01725, 2.25234, -4.54519, -1.06486, -1.52396], [-1.83348, -0.0178, 1.19344, 2.4299, -4.59154, -1.05087, -1.74993], [-1.81755, -0.10797, 1.2375, 2.47431, -4.60313, -1.04737, -1.80645], [-1.63443, 0.15333, 1.31509, 2.33525, -4.27444, -1.09096, -1.69289], [-1.45132, 0.41462, 1.39268, 2.19618, -3.94575, -1.13455, -1.57932], [-1.2682, 0.67592, 1.47026, 2.05711, -3.61706, -1.17813, -1.46576], [-1.08508, 0.93721, 1.54785, 1.91805, -3.28837, -1.22172, -1.35219], [-0.90196, 1.1985, 1.62544, 1.77898, -2.95968, -1.26531, -1.23863], [-0.71884, 1.4598, 1.70302, 1.63992, -2.63099, -1.30889, -1.12507], [-0.53573, 1.72109, 1.78061, 1.50085, -2.3023, -1.35248, -1.0115]]
end: [-0.37195, 1.95478, 1.8500000000000001, 1.3764700000000001, -2.0083299999999999, -1.3914599999999999, -0.90993000000000002]
obtacles: [[[0.6, -0.4, -0.2], [1.0, 0.6, -0.3]], [[0.8, -0.2, -0.2], [1.1, -0.1, 0.4]], [[0.8, 0.2, -0.2], [1.1, 0.3, 0.4]], [[0.8, -0.2, 0.4], [1.1, 0.3, 0.5]]]
start: [-0.79771999999999998, 1.73207, 1.8500000000000001, 0.98570999999999998, -1.86172, -1.4322600000000001, -0.14495]
tajectories: [[-0.79772, 1.73207, 1.85, 0.98571, -1.86172, -1.43226, -0.14495], [-1.1237, 1.75931, 1.7544, 1.29757, -1.83498, -1.29901, -0.27961], [-1.40696, 1.78299, 1.67133, 1.56856, -1.81175, -1.18322, -0.39663], [-1.23178, 1.58849, 1.46703, 1.86892, -1.94209, -1.36202, -0.37277], [-1.12123, 1.46575, 1.33812, 2.05846, -2.02434, -1.47485, -0.35772], [-0.85485, 1.62405, 1.53771, 1.85873, -1.9717, -1.41138, -0.61744], [-0.58846, 1.78234, 1.73731, 1.65901, -1.91907, -1.34791, -0.87716]]
end: [-0.43804999999999999, 1.87171, 1.8500000000000001, 1.5462400000000001, -1.8893500000000001, -1.3120700000000001, -1.0238]
obtacles: [[[0.6, -0.4, -0.2], [1.0, 0.6, -0.3]], [[0.8, -0.2, -0.2], [1.1, -0.1, 0.4]], [[0.8, 0.2, -0.2], [1.1, 0.3, 0.4]], [[0.8, -0.2, 0.4], [1.1, 0.3, 0.5]]]
start: [-0.68728999999999996, 1.5980099999999999, 1.8500000000000001, 0.71958999999999995, -1.8009200000000001, -1.40899, -0.0097300000000000008]
tajectories: [[-0.68729, 1.59801, 1.85, 0.71959, -1.80092, -1.40899, -0.00973], [-0.83651, 1.41674, 1.95908, 0.8604, -1.99915, -1.1347, -0.23023], [-0.98573, 1.23547, 2.06816, 1.00121, -2.19738, -0.86041, -0.45074], [-1.13495, 1.05421, 2.17724, 1.14201, -2.39561, -0.58612, -0.67124], [-1.28416, 0.87294, 2.28632, 1.28282, -2.59385, -0.31184, -0.89174], [-1.43338, 0.69167, 2.3954, 1.42363, -2.79208, -0.03755, -1.11225], [-1.46264, 0.65612, 2.41679, 1.45125, -2.83095, 0.01624, -1.15549], [-1.20431, 0.87712, 2.14469, 1.67108, -2.74114, 0.07655, -1.13647], [-0.94599, 1.09811, 1.87259, 1.89091, -2.65132, 0.13686, -1.11746], [-0.68766, 1.3191, 1.60049, 2.11074, -2.56151, 0.19716, -1.09845], [-0.42933, 1.54009, 1.32839, 2.33057, -2.47169, 0.25747, -1.07943], [-0.29765, 1.65275, 1.18969, 2.44263, -2.42591, 0.28821, -1.06974], [-0.37909, 1.71739, 1.26357, 2.38751, -2.04711, 0.06665, -1.26496], [-0.46054, 1.78204, 1.33745, 2.3324, -1.66832, -0.15492, -1.46018], [-0.54198, 1.84668, 1.41133, 2.27728, -1.28952, -0.37649, -1.6554], [-0.60448, 1.89629, 1.46803, 2.23499, -0.99884, -0.54652, -1.8052], [-0.55949, 1.91647, 1.54738, 2.02211, -1.27674, -0.79864, -1.57034], [-0.5145, 1.93664, 1.62674, 1.80922, -1.55463, -1.05077, -1.33548], [-0.46951, 1.95682, 1.70609, 1.59634, -1.83253, -1.3029, -1.10062]]
end: [-0.44462000000000002, 1.9679899999999999, 1.75, 1.47855, -1.9863, -1.44241, -0.97067000000000003]
obtacles: [[[0.6, -0.4, -0.2], [1.0, 0.6, -0.3]], [[0.8, -0.2, -0.2], [1.1, -0.1, 0.4]], [[0.8, 0.2, -0.2], [1.1, 0.3, 0.4]], [[0.8, -0.2, 0.4], [1.1, 0.3, 0.5]]]
start: [-0.69408999999999998, 1.8711199999999999, 1.8999999999999999, 1.0586, -1.9958899999999999, -1.4462699999999999, -0.28734999999999999]
tajectories: [[-0.69409, 1.87112, 1.9, 1.0586, -1.99589, -1.44627, -0.28735], [-0.97911, 1.86928, 1.69917, 1.25092, -2.07205, -1.25585, -0.50956], [-1.26414, 1.86745, 1.49833, 1.44324, -2.1482, -1.06543, -0.73178], [-1.47775, 1.86607, 1.34782, 1.58738, -2.20527, -0.92271, -0.89832], [-1.31298, 1.68834, 1.18111, 1.7696, -2.13039, -0.57987, -0.98271], [-1.14821, 1.51062, 1.0144, 1.95182, -2.05551, -0.23703, -1.0671], [-0.98344, 1.33289, 0.84769, 2.13404, -1.98063, 0.10581, -1.1515], [-0.84568, 1.1843, 0.7083, 2.2864, -1.91802, 0.39245, -1.22206], [-0.75424, 1.32646, 0.9081, 2.07159, -1.93668, 0.03684, -1.12954], [-0.66279, 1.46863, 1.1079, 1.85678, -1.95534, -0.31877, -1.03702], [-0.57135, 1.61079, 1.3077, 1.64198, -1.974, -0.67438, -0.94451], [-0.47991, 1.75296, 1.5075, 1.42717, -1.99267, -1.02999, -0.85199], [-0.38847, 1.89512, 1.7073, 1.21236, -2.01133, -1.3856, -0.75947]]
end: [-0.34604000000000001, 1.9610799999999999, 1.8, 1.1127, -2.01999, -1.5506, -0.71653999999999995]
obtacles: [[[0.6, -0.4, -0.2], [1.0, 0.6, -0.3]], [[0.8, -0.2, -0.2], [1.1, -0.1, 0.4]], [[0.8, 0.2, -0.2], [1.1, 0.3, 0.4]], [[0.8, -0.2, 0.4], [1.1, 0.3, 0.5]]]
start: [-0.55593999999999999, 1.6212200000000001, 1.8, 0.74517, -1.77454, -1.4537, -0.17144000000000001]
tajectories: [[-0.55594, 1.62122, 1.8, 0.74517, -1.77454, -1.4537, -0.17144], [-0.70078, 1.41911, 1.9411, 0.943, -1.69285, -1.39721, -0.51679], [-0.81851, 1.25482, 2.0558, 1.1038, -1.62644, -1.35129, -0.79753], [-0.80903, 1.2557, 1.91827, 1.55338, -1.62692, -1.4184, -0.64142], [-0.79956, 1.25658, 1.78073, 2.00296, -1.62741, -1.48551, -0.48531], [-0.7963, 1.25688, 1.7335, 2.15735, -1.62757, -1.50856, -0.43169], [-0.65568, 1.52743, 1.76275, 1.85529, -1.74705, -1.45357, -0.64994], [-0.51505, 1.79798, 1.79199, 1.55323, -1.86654, -1.39857, -0.86819]]
end: [-0.47654999999999997, 1.8720399999999999, 1.8, 1.47054, -1.8992500000000001, -1.3835200000000001, -0.92793000000000003]
obtacles: [[[0.6, -0.4, -0.2], [1.0, 0.6, -0.3]], [[0.8, -0.2, -0.2], [1.1, -0.1, 0.4]], [[0.8, 0.2, -0.2], [1.1, 0.3, 0.4]], [[0.8, -0.2, 0.4], [1.1, 0.3, 0.5]]]
start: [-0.72868999999999995, 1.6331199999999999, 1.8, 0.79330000000000001, -1.77715, -1.4525999999999999, -0.045179999999999998]
tajectories: [[-0.72869, 1.63312, 1.8, 0.7933, -1.77715, -1.4526, -0.04518], [-1.08509, 1.56015, 1.91161, 1.05006, -1.69334, -1.31015, 0.06417], [-1.44149, 1.48718, 2.02322, 1.30682, -1.60953, -1.16769, 0.17352], [-1.79788, 1.41421, 2.13482, 1.56357, -1.52572, -1.02523, 0.28287], [-1.97897, 1.37713, 2.19153, 1.69403, -1.48313, -0.95285, 0.33844], [-1.69449, 1.34773, 2.13121, 1.88379, -1.70687, -0.87226, 0.07009], [-1.41001, 1.31833, 2.07089, 2.07355, -1.9306, -0.79168, -0.19825], [-1.12552, 1.28893, 2.01056, 2.26331, -2.15433, -0.71109, -0.46659], [-0.98673, 1.27458, 1.98113, 2.35589, -2.26349, -0.67177, -0.59752], [-0.83374, 1.48329, 1.8947, 2.05214, -2.17374, -0.93531, -0.67367], [-0.68076, 1.692, 1.80827, 1.74839, -2.08399, -1.19884, -0.74982], [-0.52778, 1.9007, 1.72183, 1.44464, -1.99424, -1.46237, -0.82597]]
end: [-0.48913000000000001, 1.9534199999999999, 1.7, 1.3678999999999999, -1.97157, -1.52894, -0.84521000000000002]
obtacles: [[[0.6, -0.4, -0.2], [1.0, 0.6, -0.3]], [[0.8, -0.2, -0.2], [1.1, -0.1, 0.4]], [[0.8, 0.2, -0.2], [1.1, 0.3, 0.4]], [[0.8, -0.2, 0.4], [1.1, 0.3, 0.5]]]
start: [-0.85902999999999996, 1.6236299999999999, 1.8999999999999999, 1.09195, -1.7749200000000001, -1.3055000000000001, -0.19681000000000001]
tajectories: [[-0.85903, 1.62363, 1.9, 1.09195, -1.77492, -1.3055, -0.19681], [-0.94582, 1.40164, 2.11024, 1.39347, -1.59033, -1.18276, -0.29132], [-1.03261, 1.17965, 2.32048, 1.695, -1.40574, -1.06002, -0.38583], [-1.04125, 1.15754, 2.34142, 1.72503, -1.38735, -1.04779, -0.39524], [-0.85705, 1.33093, 2.43078, 2.09252, -1.36848, -1.25173, -0.42731], [-0.67285, 1.50432, 2.52014, 2.46001, -1.3496, -1.45566, -0.45938], [-0.57481, 1.5966, 2.5677, 2.6556, -1.33956, -1.56419, -0.47645], [-0.56203, 1.71118, 2.35768, 2.29744, -1.54588, -1.47762, -0.59585], [-0.54925, 1.82576, 2.14765, 1.93928, -1.75221, -1.39105, -0.71525], [-0.53647, 1.94034, 1.93763, 1.58113, -1.95854, -1.30448, -0.83464]]
end: [-0.53417999999999999, 1.9608699999999999, 1.8999999999999999, 1.5169699999999999, -1.9955000000000001, -1.2889699999999999, -0.85602999999999996]
obtacles: [[[0.6, -0.4, -0.2], [1.0, 0.6, -0.3]], [[0.8, -0.2, -0.2], [1.1, -0.1, 0.4]], [[0.8, 0.2, -0.2], [1.1, 0.3, 0.4]], [[0.8, -0.2, 0.4], [1.1, 0.3, 0.5]]]
start: [-0.64722999999999997, 1.70641, 1.95, 0.47034999999999999, -1.96994, -1.5250699999999999, 0.21218999999999999]
tajectories: [[-0.64723, 1.70641, 1.95, 0.47035, -1.96994, -1.52507, 0.21219], [-0.781, 1.5614, 1.96494, 0.85653, -2.03197, -1.35713, 0.03996], [-0.91478, 1.4164, 1.97988, 1.24271, -2.09401, -1.18918, -0.13226], [-1.04856, 1.27139, 1.99482, 1.62889, -2.15604, -1.02123, -0.30449], [-1.18233, 1.12638, 2.00977, 2.01508, -2.21807, -0.85328, -0.47672], [-1.31611, 0.98138, 2.02471, 2.40126, -2.2801, -0.68534, -0.64895], [-1.3344, 0.96155, 2.02675, 2.45407, -2.28858, -0.66237, -0.6725], [-1.06483, 1.2062, 1.83514, 2.55931, -2.1815, -0.73307, -0.90319], [-0.79525, 1.45086, 1.64353, 2.66456, -2.07441, -0.80377, -1.13387], [-0.68903, 1.54726, 1.56803, 2.70603, -2.03221, -0.83163, -1.22477], [-0.58299, 1.67723, 1.69414, 2.28729, -2.02407, -0.97712, -1.1279], [-0.47695, 1.80721, 1.82026, 1.86856, -2.01593, -1.12262, -1.03104], [-0.37091, 1.93718, 1.94638, 1.44982, -2.00779, -1.26811, -0.93417]]
end: [-0.36786000000000002, 1.9409099999999999, 1.95, 1.4377899999999999, -2.0075599999999998, -1.2722899999999999, -0.93139000000000005]
obtacles: [[[0.6, -0.4, -0.2], [1.0, 0.6, -0.3]], [[0.8, -0.2, -0.2], [1.1, -0.1, 0.4]], [[0.8, 0.2, -0.2], [1.1, 0.3, 0.4]], [[0.8, -0.2, 0.4], [1.1, 0.3, 0.5]]]
start: [-0.62668999999999997, 1.7499199999999999, 1.95, 0.63185000000000002, -1.98251, -1.49936, 0.044229999999999998]
tajectories: [[-0.62669, 1.74992, 1.95, 0.63185, -1.98251, -1.49936, 0.04423], [-0.81999, 1.68957, 1.95068, 0.82555, -2.36162, -1.42787, -0.10626], [-1.01328, 1.62922, 1.95135, 1.01924, -2.74072, -1.35638, -0.25675], [-1.20658, 1.56888, 1.95203, 1.21294, -3.11982, -1.28489, -0.40725], [-1.39988, 1.50853, 1.9527, 1.40664, -3.49892, -1.21341, -0.55774], [-1.59317, 1.44819, 1.95338, 1.60034, -3.87802, -1.14192, -0.70823], [-1.6145, 1.44153, 1.95346, 1.62171, -3.91985, -1.13403, -0.72483], [-1.35437, 1.11996, 1.85078, 1.79286, -4.05713, -1.20221, -0.59994], [-1.09423, 0.7984, 1.74811, 1.964, -4.19441, -1.2704, -0.47505], [-0.8341, 0.47683, 1.64544, 2.13515, -4.33169, -1.33858, -0.35016], [-0.57396, 0.15526, 1.54277, 2.30629, -4.46898, -1.40677, -0.22527], [-0.31383, -0.1663, 1.4401, 2.47744, -4.60626, -1.47495, -0.10038], [-0.0894, -0.44374, 1.35152, 2.62509, -4.7247, -1.53378, 0.00738], [-0.13071, -0.14371, 1.42687, 2.47072, -4.38371, -1.50288, -0.10002], [-0.17203, 0.15633, 1.50222, 2.31635, -4.04271, -1.47198, -0.20741], [-0.21334, 0.45636, 1.57757, 2.16197, -3.70172, -1.44109, -0.3148], [-0.25466, 0.75639, 1.65293, 2.0076, -3.36072, -1.41019, -0.42219], [-0.29597, 1.05642, 1.72828, 1.85323, -3.01973, -1.37929, -0.52958], [-0.33729, 1.35645, 1.80363, 1.69886, -2.67873, -1.34839, -0.63697], [-0.3786, 1.65649, 1.87898, 1.54448, -2.33774, -1.3175, -0.74437]]
end: [-0.41754000000000002, 1.9392499999999999, 1.95, 1.399, -2.0163700000000002, -1.2883800000000001, -0.84558]
obtacles: [[[0.6, -0.4, -0.2], [1.0, 0.6, -0.3]], [[0.8, -0.2, -0.2], [1.1, -0.1, 0.4]], [[0.8, 0.2, -0.2], [1.1, 0.3, 0.4]], [[0.8, -0.2, 0.4], [1.1, 0.3, 0.5]]]
start: [-0.76202999999999999, 1.8759999999999999, 1.95, 1.08297, -2.0234700000000001, -1.3989, -0.22225]
tajectories: [[-0.76203, 1.876, 1.95, 1.08297, -2.02347, -1.3989, -0.22225], [-0.83983, 1.74082, 1.82323, 1.22251, -2.17763, -1.31382, -0.62116], [-0.91762, 1.60565, 1.69647, 1.36204, -2.3318, -1.22874, -1.02007], [-0.99542, 1.47047, 1.5697, 1.50158, -2.48597, -1.14366, -1.41898], [-1.01979, 1.42813, 1.52999, 1.54529, -2.53426, -1.11701, -1.54394], [-0.94445, 1.28778, 1.79895, 1.89539, -2.4683, -0.9754, -1.47105], [-0.8691, 1.14743, 2.0679, 2.24549, -2.40233, -0.83379, -1.39816], [-0.83071, 1.07591, 2.20494, 2.42388, -2.36872, -0.76163, -1.36102], [-0.6722, 1.35753, 2.12447, 2.12508, -2.25987, -0.91963, -1.24701], [-0.51369, 1.63914, 2.04399, 1.82628, -2.15101, -1.07764, -1.133], [-0.35519, 1.92076, 1.96351, 1.52749, -2.04216, -1.23564, -1.019]]
end: [-0.32856999999999997, 1.9680500000000001, 1.95, 1.4773099999999999, -2.0238800000000001, -1.26217, -0.99985000000000002]
obtacles: [[[0.6, -0.4, -0.2], [1.0, 0.6, -0.3]], [[0.8, -0.2, -0.2], [1.1, -0.1, 0.4]], [[0.8, 0.2, -0.2], [1.1, 0.3, 0.4]], [[0.8, -0.2, 0.4], [1.1, 0.3, 0.5]]]
start: [-0.70906000000000002, 1.66116, 2.0499999999999998, 0.68979999999999997, -2.0066999999999999, -1.3463000000000001, 0.091259999999999994]
tajectories: [[-0.70906, 1.66116, 2.05, 0.6898, -2.0067, -1.3463, 0.09126], [-1.04583, 1.49054, 1.95122, 0.96074, -2.12758, -1.31593, -0.00242], [-1.38259, 1.31991, 1.85244, 1.23167, -2.24847, -1.28555, -0.09611], [-1.71936, 1.14929, 1.75366, 1.5026, -2.36935, -1.25517, -0.18979], [-2.05613, 0.97866, 1.65488, 1.77354, -2.49023, -1.2248, -0.28347], [-2.10203, 0.95541, 1.64142, 1.81046, -2.50671, -1.22066, -0.29624], [-1.77591, 0.93066, 1.64624, 1.97778, -2.53739, -1.19755, -0.63319], [-1.44978, 0.90591, 1.65106, 2.14511, -2.56807, -1.17443, -0.97014], [-1.12366, 0.88116, 1.65587, 2.31243, -2.59875, -1.15132, -1.30709], [-0.8589, 0.86107, 1.65978, 2.44828, -2.62366, -1.13256, -1.58064], [-0.72717, 1.15083, 1.65718, 2.16466, -2.4471, -1.24847, -1.42692], [-0.59543, 1.44059, 1.65458, 1.88105, -2.27054, -1.36439, -1.2732], [-0.46369, 1.73036, 1.65198, 1.59744, -2.09399, -1.4803, -1.11948]]
end: [-0.36315999999999998, 1.9514899999999999, 1.6499999999999999, 1.381, -1.9592499999999999, -1.5687599999999999, -1.00217]
obtacles: [[[0.6, -0.4, -0.2], [1.0, 0.6, -0.3]], [[0.8, -0.2, -0.2], [1.1, -0.1, 0.4]], [[0.8, 0.2, -0.2], [1.1, 0.3, 0.4]], [[0.8, -0.2, 0.4], [1.1, 0.3, 0.5]]]
start: [-0.70553999999999994, 1.6802299999999999, 2.0499999999999998, 1.15778, -1.8822700000000001, -1.1853800000000001, -0.36421999999999999]
tajectories: [[-0.70554, 1.68023, 2.05, 1.15778, -1.88227, -1.18538, -0.36422], [-0.84683, 1.52429, 1.90414, 1.0107, -1.94911, -0.98482, -0.02053], [-0.98811, 1.36836, 1.75829, 0.86362, -2.01595, -0.78426, 0.32317], [-1.1294, 1.21243, 1.61243, 0.71654, -2.08279, -0.5837, 0.66686], [-1.27069, 1.0565, 1.46658, 0.56946, -2.14963, -0.38314, 1.01056], [-1.41197, 0.90057, 1.32072, 0.42238, -2.21647, -0.18258, 1.35425], [-1.55326, 0.74464, 1.17486, 0.2753, -2.28331, 0.01798, 1.69794], [-1.67816, 0.60678, 1.04592, 0.14528, -2.3424, 0.19528, 2.00179], [-1.51626, 0.72343, 1.20681, 0.38659, -2.28724, -0.12536, 2.14394], [-1.35437, 0.84008, 1.3677, 0.62791, -2.23208, -0.44601, 2.28609], [-1.19247, 0.95673, 1.52859, 0.86922, -2.17692, -0.76666, 2.42824], [-1.03057, 1.07338, 1.68948, 1.11054, -2.12176, -1.0873, 2.57039], [-0.86867, 1.19003, 1.85037, 1.35185, -2.0666, -1.40795, 2.71254], [-0.8002, 1.23936, 1.91841, 1.4539, -2.04328, -1.54354, 2.77265], [-0.78009, 1.38256, 2.06626, 1.60994, -1.9809, -1.12543, 2.70806], [-0.75998, 1.52576, 2.21411, 1.76598, -1.91853, -0.70732, 2.64347], [-0.74618, 1.624, 2.31554, 1.87302, -1.87574, -0.42051, 2.59916], [-0.7056, 1.65799, 2.27944, 1.83181, -1.88042, -0.51499, 2.11414], [-0.66502, 1.69198, 2.24333, 1.79061, -1.8851, -0.60947, 1.62911], [-0.62444, 1.72597, 2.20723, 1.74941, -1.88978, -0.70395, 1.14409], [-0.58385, 1.75996, 2.17113, 1.7082, -1.89445, -0.79843, 0.65906], [-0.54327, 1.79395, 2.13503, 1.667, -1.89913, -0.89291, 0.17404], [-0.50269, 1.82794, 2.09893, 1.62579, -1.90381, -0.98739, -0.31098], [-0.46211, 1.86194, 2.06282, 1.58459, -1.90849, -1.08187, -0.79601]]
end: [-0.44768999999999998, 1.87401, 2.0499999999999998, 1.56995, -1.91015, -1.1154299999999999, -0.96830000000000005]
