obtacles: [[[0.6, -0.4, -0.2], [1.0, 0.6, -0.3]], [[0.8, -0.0, -0.2], [1.2, 0.1, 0.5]], [[0.8, 0.5, -0.2], [1.2, 0.6, 0.5]], [[0.8, 0.0, 0.5], [1.2, 0.6, 0.6]]]
start: [0.067330000000000001, 1.8079799999999999, 0.75, -0.79493000000000003, -0.78295999999999999, -1.2205600000000001, 0.47719]
tajectories: [[0.06733, 1.80798, 0.75, -0.79493, -0.78296, -1.22056, 0.47719], [-0.07651, 1.75288, 0.96848, -0.55067, -1.0357, -1.08406, 0.66788], [-0.22036, 1.69779, 1.18695, -0.3064, -1.28845, -0.94756, 0.85857], [-0.3642, 1.6427, 1.40543, -0.06213, -1.54119, -0.81106, 1.04927], [-0.50805, 1.58761, 1.62391, 0.18213, -1.79394, -0.67456, 1.23996], [-0.65189, 1.53252, 1.84238, 0.4264, -2.04668, -0.53807, 1.43065], [-0.79574, 1.47743, 2.06086, 0.67067, -2.29943, -0.40157, 1.62134], [-0.93242, 1.42509, 2.26845, 0.90277, -2.53958, -0.27187, 1.80253], [-1.07216, 1.33861, 2.29225, 0.99175, -2.80607, -0.02794, 1.51272], [-1.21191, 1.25213, 2.31604, 1.08073, -3.07256, 0.21598, 1.2229], [-1.35166, 1.16565, 2.33983, 1.1697, -3.33905, 0.4599, 0.93309], [-1.49141, 1.07917, 2.36363, 1.25868, -3.60554, 0.70383, 0.64327], [-1.56639, 1.03278, 2.37639, 1.30642, -3.74853, 0.8347, 0.48777], [-1.38537, 1.05298, 2.13165, 1.53178, -3.63527, 0.62793, 0.26292], [-1.20435, 1.07318, 1.88691, 1.75714, -3.52202, 0.42116, 0.03808], [-1.02334, 1.09338, 1.64216, 1.98251, -3.40876, 0.21439, -0.18677], [-0.84232, 1.11358, 1.39742, 2.20787, -3.29551, 0.00762, -0.41162], [-0.6613, 1.13378, 1.15267, 2.43323, -3.18225, -0.19915, -0.63647], [-0.48028, 1.15398, 0.90793, 2.65859, -3.069, -0.40592, -0.86132], [-0.29926, 1.17418, 0.66319, 2.88395, -2.95574, -0.61269, -1.08616], [-0.29811, 1.1743, 0.66163, 2.88538, -2.95503, -0.61401, -1.08759], [-0.22645, 1.28541, 0.9057, 2.51826, -2.85638, -0.76085, -1.00463], [-0.1548, 1.39651, 1.14976, 2.15113, -2.75774, -0.9077, -0.92167], [-0.08314, 1.50761, 1.39382, 1.78401, -2.65909, -1.05454, -0.83871], [-0.01148, 1.61871, 1.63788, 1.41689, -2.56045, -1.20139, -0.75574], [0.06018, 1.72982, 1.88194, 1.04977, -2.4618, -1.34823, -0.67278], [0.13184, 1.84092, 2.12601, 0.68265, -2.36316, -1.49508, -0.58982]]
end: [0.16824, 1.8973599999999999, 2.25, 0.49614000000000003, -2.31304, -1.56968, -0.54766999999999999]
obtacles: [[[0.6, -0.4, -0.2], [1.0, 0.6, -0.3]], [[0.8, -0.0, -0.2], [1.2, 0.1, 0.5]], [[0.8, 0.5, -0.2], [1.2, 0.6, 0.5]], [[0.8, 0.0, 0.5], [1.2, 0.6, 0.6]]]
start: [-0.36496000000000001, 1.6908300000000001, 2.25, 1.09236, -2.0418599999999998, -1.0489299999999999, -0.55696000000000001]
tajectories: [[-0.36496, 1.69083, 2.25, 1.09236, -2.04186, -1.04893, -0.55696], [-0.6023, 1.60833, 2.0103, 1.19662, -2.34203, -1.12636, -0.70677], [-0.83963, 1.52582, 1.7706, 1.30088, -2.6422, -1.20379, -0.85658], [-1.07603, 1.44364, 1.53184, 1.40473, -2.94119, -1.28091, -1.00581], [-0.78006, 1.3214, 1.61605, 1.65673, -2.69093, -1.31697, -0.8921], [-0.48409, 1.19915, 1.70027, 1.90873, -2.44067, -1.35303, -0.7784], [-0.18812, 1.07691, 1.78449, 2.16074, -2.19041, -1.38908, -0.6647], [-0.01327, 1.00469, 1.83424, 2.30961, -2.04257, -1.41038, -0.59753], [-0.01167, 1.28338, 1.85343, 1.90373, -2.05198, -1.45498, -0.6693], [-0.01007, 1.56206, 1.87262, 1.49786, -2.0614, -1.49957, -0.74108], [-0.00846, 1.84075, 1.8918, 1.09198, -2.07082, -1.54416, -0.81285]]
end: [-0.0077799999999999996, 1.95977, 1.8999999999999999, 0.91864999999999997, -2.07484, -1.5631999999999999, -0.84350000000000003]
obtacles: [[[0.6, -0.4, -0.2], [1.0, 0.6, -0.3]], [[0.8, -0.0, -0.2], [1.2, 0.1, 0.5]], [[0.8, 0.5, -0.2], [1.2, 0.6, 0.5]], [[0.8, 0.0, 0.5], [1.2, 0.6, 0.6]]]
start: [-0.61738999999999999, 1.91509, 1.8999999999999999, 0.98990999999999996, -2.0378400000000001, -1.5015700000000001, -0.29830000000000001]
tajectories: [[-0.61739, 1.91509, 1.9, 0.98991, -2.03784, -1.50157, -0.2983], [-0.70698, 1.70398, 1.95767, 0.92075, -2.28929, -1.20609, -0.49519], [-0.79657, 1.49286, 2.01534, 0.8516, -2.54074, -0.91062, -0.69207], [-0.88616, 1.28175, 2.07301, 0.78245, -2.79218, -0.61514, -0.88896], [-0.97575, 1.07063, 2.13068, 0.71329, -3.04363, -0.31966, -1.08584], [-1.06534, 0.85952, 2.18835, 0.64414, -3.29508, -0.02419, -1.28273], [-1.15494, 0.6484, 2.24602, 0.57499, -3.54653, 0.27129, -1.47961], [-1.24453, 0.43729, 2.30369, 0.50583, -3.79798, 0.56676, -1.6765], [-1.2465, 0.43264, 2.30496, 0.50431, -3.80352, 0.57327, -1.68084], [-0.88703, 0.48514, 2.2061, 0.80037, -3.86311, 0.48315, -1.77531], [-0.52756, 0.53764, 2.10725, 1.09643, -3.92271, 0.39303, -1.86979], [-0.16809, 0.59015, 2.00839, 1.39249, -3.9823, 0.3029, -1.96426], [0.19138, 0.64265, 1.90954, 1.68856, -4.04189, 0.21278, -2.05874], [0.55085, 0.69516, 1.81068, 1.98462, -4.10148, 0.12266, -2.15322], [0.91032, 0.74766, 1.71183, 2.28068, -4.16108, 0.03253, -2.24769], [1.21, 0.79143, 1.62941, 2.5275, -4.21076, -0.0426, -2.32645], [1.12894, 0.75133, 1.68949, 2.46057, -3.78091, -0.26311, -2.34496], [1.04788, 0.71122, 1.74957, 2.39364, -3.35107, -0.48361, -2.36347], [0.96682, 0.67111, 1.80965, 2.32671, -2.92122, -0.70412, -2.38198], [0.88576, 0.63101, 1.86973, 2.25978, -2.49138, -0.92462, -2.40049], [0.8047, 0.5909, 1.92981, 2.19285, -2.06153, -1.14513, -2.419], [0.79462, 0.58591, 1.93729, 2.18453, -2.00807, -1.17255, -2.4213], [0.65933, 0.83654, 1.92991, 1.91688, -2.00623, -1.24297, -2.11761], [0.52404, 1.08718, 1.92253, 1.64923, -2.00439, -1.3134, -1.81392], [0.38876, 1.33781, 1.91515, 1.38158, -2.00255, -1.38382, -1.51023], [0.25347, 1.58844, 1.90777, 1.11394, -2.00071, -1.45425, -1.20653], [0.11819, 1.83907, 1.9004, 0.84629, -1.99887, -1.52467, -0.90284]]
end: [0.11092, 1.85253, 1.8999999999999999, 0.83191999999999999, -1.9987699999999999, -1.5284599999999999, -0.88653999999999999]
obtacles: [[[0.6, -0.4, -0.2], [1.0, 0.6, -0.3]], [[0.8, -0.0, -0.2], [1.2, 0.1, 0.5]], [[0.8, 0.5, -0.2], [1.2, 0.6, 0.5]], [[0.8, 0.0, 0.5], [1.2, 0.6, 0.6]]]
start: [-0.44846000000000003, 1.78546, 1.8999999999999999, 0.99285999999999996, -1.9336100000000001, -1.42205, -0.48127999999999999]
tajectories: [[-0.44846, 1.78546, 1.9, 0.99286, -1.93361, -1.42205, -0.48128], [-0.61874, 1.52935, 1.73472, 1.14104, -2.03715, -1.11516, -0.44624], [-0.78903, 1.27323, 1.56945, 1.28922, -2.1407, -0.80826, -0.41121], [-0.95931, 1.01711, 1.40417, 1.4374, -2.24424, -0.50137, -0.37618], [-1.1296, 0.76099, 1.2389, 1.58558, -2.34779, -0.19447, -0.34115], [-1.29988, 0.50488, 1.07362, 1.73377, -2.45133, 0.11242, -0.30611], [-1.34649, 0.43478, 1.02838, 1.77432, -2.47968, 0.19642, -0.29653], [-1.07503, 0.60009, 1.21678, 1.93059, -2.59896, -0.07538, -0.26536], [-0.80358, 0.7654, 1.40517, 2.08685, -2.71824, -0.34718, -0.23419], [-0.53212, 0.93072, 1.59356, 2.24311, -2.83752, -0.61898, -0.20302], [-0.26067, 1.09603, 1.78195, 2.39937, -2.9568, -0.89078, -0.17186], [-0.17016, 1.15115, 1.84477, 2.45147, -2.99657, -0.98141, -0.16146], [-0.14231, 1.32431, 1.85823, 2.12391, -2.74913, -1.08861, -0.35904], [-0.11447, 1.49748, 1.8717, 1.79634, -2.50168, -1.19581, -0.55662], [-0.08662, 1.67064, 1.88516, 1.46878, -2.25424, -1.30301, -0.7542], [-0.05877, 1.84381, 1.89862, 1.14121, -2.00679, -1.41021, -0.95177]]
end: [-0.055919999999999997, 1.86151, 1.8999999999999999, 1.1077300000000001, -1.9815, -1.42117, -0.97197]
obtacles: [[[0.6, -0.4, -0.2], [1.0, 0.6, -0.3]], [[0.8, -0.0, -0.2], [1.2, 0.1, 0.5]], [[0.8, 0.5, -0.2], [1.2, 0.6, 0.5]], [[0.8, 0.0, 0.5], [1.2, 0.6, 0.6]]]
start: [-0.46693000000000001, 1.7684800000000001, 1.8999999999999999, 0.85294000000000003, -1.9375599999999999, -1.4610000000000001, -0.33268999999999999]
tajectories: [[-0.46693, 1.76848, 1.9, 0.85294, -1.93756, -1.461, -0.33269], [-0.69125, 1.75089, 1.72407, 1.04473, -2.17232, -1.40105, -0.60275], [-0.91557, 1.7333, 1.54814, 1.23652, -2.40707, -1.34111, -0.87281], [-1.1399, 1.71572, 1.37221, 1.42831, -2.64182, -1.28116, -1.14287], [-1.36422, 1.69813, 1.19628, 1.6201, -2.87657, -1.22122, -1.41294], [-1.46542, 1.69019, 1.11691, 1.70662, -2.98247, -1.19417, -1.53477], [-1.06888, 1.54542, 1.04386, 1.90958, -2.99616, -1.15213, -1.68746], [-0.67233, 1.40065, 0.97081, 2.11253, -3.00986, -1.11009, -1.84015], [-0.27579, 1.25589, 0.89775, 2.31549, -3.02355, -1.06805, -1.99283], [0.12075, 1.11112, 0.8247, 2.51845, -3.03724, -1.02601, -2.14552], [0.51729, 0.96635, 0.75165, 2.72141, -3.05094, -0.98397, -2.29821], [0.56949, 0.94729, 0.74203, 2.74812, -3.05274, -0.97843, -2.31831], [0.50463, 1.07651, 1.01129, 2.4615, -2.99458, -1.01341, -2.05405], [0.43977, 1.20574, 1.28055, 2.17488, -2.93643, -1.04838, -1.78979], [0.37491, 1.33496, 1.54981, 1.88825, -2.87827, -1.08336, -1.52553], [0.31005, 1.46419, 1.81908, 1.60163, -2.82012, -1.11833, -1.26126], [0.24519, 1.59341, 2.08834, 1.31501, -2.76196, -1.15331, -0.997], [0.18032, 1.72264, 2.3576, 1.02839, -2.70381, -1.18829, -0.73274], [0.11546, 1.85186, 2.62686, 0.74176, -2.64565, -1.22326, -0.46848]]
end: [0.10989, 1.86297, 2.6499999999999999, 0.71713000000000005, -2.64066, -1.22627, -0.44577]
obtacles: [[[0.6, -0.4, -0.2], [1.0, 0.6, -0.3]], [[0.8, -0.0, -0.2], [1.2, 0.1, 0.5]], [[0.8, 0.5, -0.2], [1.2, 0.6, 0.5]], [[0.8, 0.0, 0.5], [1.2, 0.6, 0.6]]]
start: [-0.35804999999999998, 1.80975, 2.6499999999999999, 0.90659999999999996, -2.5708600000000001, -1.0139100000000001, -0.095140000000000002]
tajectories: [[-0.35805, 1.80975, 2.65, 0.9066, -2.57086, -1.01391, -0.09514], [-0.537, 1.59691, 2.47331, 1.1251, -2.38922, -0.87885, -0.30125], [-0.71595, 1.38407, 2.29663, 1.3436, -2.20758, -0.74379, -0.50736], [-0.8949, 1.17123, 2.11994, 1.5621, -2.02593, -0.60873, -0.71347], [-1.07385, 0.95839, 1.94325, 1.7806, -1.84429, -0.47367, -0.91958], [-1.2528, 0.74555, 1.76657, 1.9991, -1.66265, -0.33861, -1.12569], [-1.43175, 0.53271, 1.58988, 2.2176, -1.48101, -0.20354, -1.3318], [-1.6107, 0.31987, 1.41319, 2.43609, -1.29936, -0.06848, -1.53791], [-1.61915, 0.30982, 1.40485, 2.44641, -1.29078, -0.06211, -1.54764], [-1.39167, -0.03373, 1.44305, 2.49244, -1.56395, -0.10705, -1.54433], [-1.16419, -0.37727, 1.48125, 2.53846, -1.83713, -0.15199, -1.54103], [-0.93672, -0.72082, 1.51945, 2.58449, -2.1103, -0.19693, -1.53772], [-0.70924, -1.06436, 1.55766, 2.63051, -2.38347, -0.24187, -1.53441], [-0.53257, -1.33117, 1.58732, 2.66626, -2.59563, -0.27678, -1.53184], [-0.25173, -1.18112, 1.75439, 2.66322, -2.92794, -0.25963, -1.63166], [0.02912, -1.03106, 1.92145, 2.66019, -3.26025, -0.24247, -1.73148], [0.30996, -0.881, 2.08851, 2.65716, -3.59257, -0.22532, -1.83131], [0.5908, -0.73094, 2.25557, 2.65413, -3.92488, -0.20817, -1.93113], [0.87164, -0.58088, 2.42263, 2.65109, -4.25719, -0.19101, -2.03095], [1.15249, -0.43082, 2.58969, 2.64806, -4.58951, -0.17386, -2.13077], [1.26887, -0.36863, 2.65893, 2.6468, -4.72722, -0.16675, -2.17214], [1.15796, -0.09347, 2.65786, 2.41948, -4.47882, -0.29717, -1.9944], [1.04705, 0.1817, 2.65678, 2.19215, -4.23042, -0.42759, -1.81666], [0.93614, 0.45687, 2.65571, 1.96483, -3.98202, -0.55801, -1.63892], [0.82523, 0.73204, 2.65464, 1.7375, -3.73362, -0.68843, -1.46118], [0.71432, 1.00721, 2.65357, 1.51018, -3.48522, -0.81885, -1.28344], [0.60341, 1.28238, 2.6525, 1.28285, -3.23683, -0.94927, -1.1057], [0.4925, 1.55755, 2.65143, 1.05553, -2.98843, -1.07969, -0.92796], [0.38158, 1.83272, 2.65036, 0.8282, -2.74003, -1.21012, -0.75023]]
end: [0.34444999999999998, 1.9248499999999999, 2.6499999999999999, 0.75209000000000004, -2.65686, -1.2537799999999999, -0.69072]
obtacles: [[[0.6, -0.4, -0.2], [1.0, 0.6, -0.3]], [[0.8, -0.0, -0.2], [1.2, 0.1, 0.5]], [[0.8, 0.5, -0.2], [1.2, 0.6, 0.5]], [[0.8, 0.0, 0.5], [1.2, 0.6, 0.6]]]
start: [-0.46895999999999999, 1.9678800000000001, 1.95, 1.0631999999999999, -2.1025, -1.46021, -0.48692999999999997]
tajectories: [[-0.46896, 1.96788, 1.95, 1.0632, -2.1025, -1.46021, -0.48693], [-0.5599, 1.72284, 1.98564, 1.18092, -2.37827, -1.30635, -0.74545], [-0.65084, 1.4778, 2.02127, 1.29864, -2.65403, -1.15248, -1.00398], [-0.74178, 1.23276, 2.05691, 1.41635, -2.9298, -0.99861, -1.26251], [-0.83272, 0.98772, 2.09255, 1.53407, -3.20557, -0.84475, -1.52103], [-0.89794, 0.81201, 2.11811, 1.61849, -3.40332, -0.73441, -1.70642], [-0.89655, 0.49788, 1.88, 1.56301, -3.46713, -0.45231, -1.61754], [-0.89516, 0.18376, 1.6419, 1.50753, -3.53094, -0.17021, -1.52865], [-0.89377, -0.13036, 1.4038, 1.45206, -3.59475, 0.11189, -1.43976], [-0.89238, -0.44449, 1.16569, 1.39658, -3.65856, 0.394, -1.35087], [-0.891, -0.75861, 0.92759, 1.34111, -3.72237, 0.6761, -1.26198], [-0.88961, -1.07273, 0.68949, 1.28563, -3.78619, 0.9582, -1.17309], [-0.88822, -1.38686, 0.45138, 1.23016, -3.85, 1.2403, -1.08421], [-0.88778, -1.48682, 0.37561, 1.2125, -3.8703, 1.33007, -1.05592], [-1.11809, -1.52358, 0.26493, 1.50464, -3.97233, 1.26444, -0.76731], [-1.3484, -1.56034, 0.15424, 1.79677, -4.07435, 1.19881, -0.4787], [-1.57871, -1.59711, 0.04355, 2.08891, -4.17637, 1.13318, -0.1901], [-1.80902, -1.63387, -0.06714, 2.38105, -4.2784, 1.06755, 0.09851], [-2.03933, -1.67064, -0.17782, 2.67318, -4.38042, 1.00192, 0.38712], [-2.20732, -1.69745, -0.25856, 2.88627, -4.45484, 0.95405, 0.59763], [-2.25727, -1.73233, -0.03889, 2.62035, -4.42659, 0.59986, 0.5649], [-2.30722, -1.76721, 0.18079, 2.35444, -4.39835, 0.24567, 0.53216], [-2.35716, -1.80209, 0.40046, 2.08852, -4.37011, -0.10852, 0.49943], [-2.40711, -1.83697, 0.62014, 1.8226, -4.34187, -0.46271, 0.4667], [-2.45706, -1.87185, 0.83981, 1.55669, -4.31363, -0.81691, 0.43397], [-2.507, -1.90672, 1.05949, 1.29077, -4.28539, -1.1711, 0.40123], [-2.55695, -1.9416, 1.27916, 1.02486, -4.25715, -1.52529, 0.3685]]
end: [-2.56169, -1.9449099999999999, 1.3, 0.99963000000000002, -4.2544700000000004, -1.5588900000000001, 0.3654]
obtacles: [[[0.6, -0.4, -0.2], [1.0, 0.6, -0.3]], [[0.8, -0.0, -0.2], [1.2, 0.1, 0.5]], [[0.8, 0.5, -0.2], [1.2, 0.6, 0.5]], [[0.8, 0.0, 0.5], [1.2, 0.6, 0.6]]]
start: [-0.10209, 1.63523, 1.3, -0.48629, -4.4424200000000003, 1.50291, -2.5712199999999998]
tajectories: [[-0.10209, 1.63523, 1.3, -0.48629, -4.44242, 1.50291, -2.57122], [-0.25398, 1.30644, 1.1034, -0.29993, -4.43711, 1.32034, -2.46128], [-0.40586, 0.97765, 0.9068, -0.11356, -4.4318, 1.13776, -2.35134], [-0.55774, 0.64887, 0.71019, 0.0728, -4.42649, 0.95519, -2.2414], [-0.70962, 0.32008, 0.51359, 0.25916, -4.42118, 0.77261, -2.13146], [-0.8615, -0.00871, 0.31699, 0.44552, -4.41587, 0.59004, -2.02152], [-1.01338, -0.33749, 0.12039, 0.63188, -4.41056, 0.40746, -1.91158], [-1.16526, -0.66628, -0.07621, 0.81824, -4.40525, 0.22489, -1.80164], [-1.31715, -0.99507, -0.27281, 1.0046, -4.39994, 0.04231, -1.6917], [-1.41286, -1.20226, -0.3967, 1.12204, -4.3966, -0.07274, -1.62242], [-1.39741, -1.33933, -0.31616, 1.51733, -4.50021, -0.2897, -1.52036], [-1.38195, -1.4764, -0.23562, 1.91263, -4.60383, -0.50667, -1.4183], [-1.3665, -1.61348, -0.15507, 2.30792, -4.70745, -0.72364, -1.31624], [-1.35592, -1.7074, -0.09988, 2.57879, -4.77845, -0.87231, -1.24631], [-1.55857, -1.7472, 0.07585, 2.24886, -4.64824, -0.98773, -1.05309], [-1.76123, -1.78699, 0.25157, 1.91893, -4.51802, -1.10316, -0.85987], [-1.96389, -1.82678, 0.4273, 1.589, -4.3878, -1.21859, -0.66665], [-2.16655, -1.86657, 0.60303, 1.25907, -4.25759, -1.33401, -0.47344], [-2.36921, -1.90637, 0.77875, 0.92914, -4.12737, -1.44944, -0.28022]]
end: [-2.5667, -1.9451499999999999, 0.94999999999999996, 0.60762000000000005, -4.00047, -1.56192, -0.091929999999999998]
obtacles: [[[0.6, -0.4, -0.2], [1.0, 0.6, -0.3]], [[0.8, -0.0, -0.2], [1.2, 0.1, 0.5]], [[0.8, 0.5, -0.2], [1.2, 0.6, 0.5]], [[0.8, 0.0, 0.5], [1.2, 0.6, 0.6]]]
start: [-0.47236, 1.87541, 1.95, 0.74441999999999997, -2.05219, -1.5521100000000001, -0.20859]
tajectories: [[-0.47236, 1.87541, 1.95, 0.74442, -2.05219, -1.55211, -0.20859], [-0.68451, 1.72573, 2.07569, 0.77464, -1.75819, -1.30094, -0.08073], [-0.89666, 1.57604, 2.20139, 0.80487, -1.46418, -1.04976, 0.04712], [-1.1088, 1.42636, 2.32708, 0.83509, -1.17017, -0.79859, 0.17498], [-1.32095, 1.27668, 2.45277, 0.86531, -0.87617, -0.54741, 0.30283], [-1.5331, 1.127, 2.57847, 0.89553, -0.58216, -0.29624, 0.43069], [-1.61485, 1.06932, 2.6269, 0.90717, -0.46887, -0.19945, 0.47995], [-1.3209, 0.98697, 2.47448, 1.20051, -0.35292, -0.28998, 0.31905], [-1.02694, 0.90462, 2.32207, 1.49385, -0.23696, -0.3805, 0.15814], [-0.73299, 0.82228, 2.16965, 1.78719, -0.121, -0.47102, -0.00276], [-0.43904, 0.73993, 2.01724, 2.08053, -0.00505, -0.56154, -0.16367], [-0.14508, 0.65758, 1.86482, 2.37387, 0.11091, -0.65207, -0.32457], [0.14887, 0.57523, 1.7124, 2.66721, 0.22687, -0.74259, -0.48548], [0.44283, 0.49288, 1.55999, 2.96055, 0.34282, -0.83311, -0.64639], [0.44674, 0.49179, 1.55796, 2.96446, 0.34437, -0.83432, -0.64853], [0.37902, 0.68355, 1.61681, 2.68187, 0.0026, -0.91037, -0.70085], [0.31131, 0.87531, 1.67566, 2.39929, -0.33916, -0.98643, -0.75317], [0.24359, 1.06707, 1.7345, 2.1167, -0.68093, -1.06248, -0.80549], [0.17588, 1.25883, 1.79335, 1.83412, -1.0227, -1.13854, -0.85781], [0.10816, 1.45059, 1.8522, 1.55153, -1.36446, -1.2146, -0.91014], [0.04045, 1.64235, 1.91104, 1.26895, -1.70623, -1.29065, -0.96246]]
end: [-0.0043800000000000002, 1.76929, 1.95, 1.08188, -1.9324699999999999, -1.341, -0.99709999999999999]
obtacles: [[[0.6, -0.4, -0.2], [1.0, 0.6, -0.3]], [[0.8, -0.0, -0.2], [1.2, 0.1, 0.5]], [[0.8, 0.5, -0.2], [1.2, 0.6, 0.5]], [[0.8, 0.0, 0.5], [1.2, 0.6, 0.6]]]
start: [-0.36099999999999999, 1.5865100000000001, 1.95, 0.77732999999999997, -1.85849, -1.31976, -0.37675999999999998]
tajectories: [[-0.361, 1.58651, 1.95, 0.77733, -1.85849, -1.31976, -0.37676], [-0.69051, 1.65404, 2.04406, 0.95234, -2.12358, -1.35473, -0.53769], [-1.02002, 1.72157, 2.13813, 1.12735, -2.38866, -1.38969, -0.69861], [-1.34952, 1.7891, 2.23219, 1.30236, -2.65375, -1.42465, -0.85953], [-1.67903, 1.85663, 2.32626, 1.47737, -2.91884, -1.45962, -1.02045], [-1.89882, 1.90168, 2.389, 1.5941, -3.09566, -1.48294, -1.12779], [-1.53953, 1.8, 2.21401, 1.73723, -3.16559, -1.43059, -0.90011], [-1.18024, 1.69832, 2.03902, 1.88035, -3.23552, -1.37824, -0.67243], [-0.82096, 1.59664, 1.86403, 2.02347, -3.30545, -1.32589, -0.44475], [-0.46167, 1.49497, 1.68905, 2.1666, -3.37537, -1.27354, -0.21707], [-0.13813, 1.40341, 1.53147, 2.29548, -3.43834, -1.2264, -0.01205], [-0.07454, 1.46291, 1.61801, 1.96302, -3.12918, -1.26848, -0.17649], [-0.01094, 1.52242, 1.70455, 1.63056, -2.82001, -1.31055, -0.34094], [0.05265, 1.58192, 1.79109, 1.2981, -2.51084, -1.35262, -0.50539], [0.11624, 1.64143, 1.87764, 0.96564, -2.20168, -1.39469, -0.66984]]
end: [0.16941999999999999, 1.69119, 1.95, 0.68764999999999998, -1.94316, -1.42987, -0.80735000000000001]
obtacles: [[[0.6, -0.4, -0.2], [1.0, 0.6, -0.3]], [[0.8, -0.0, -0.2], [1.2, 0.1, 0.5]], [[0.8, 0.5, -0.2], [1.2, 0.6, 0.5]], [[0.8, 0.0, 0.5], [1.2, 0.6, 0.6]]]
start: [-0.53010999999999997, 1.95834, 1.8500000000000001, 1.2471000000000001, -2.0294400000000001, -1.44879, -0.63334999999999997]
tajectories: [[-0.53011, 1.95834, 1.85, 1.2471, -2.02944, -1.44879, -0.63335], [-0.79927, 1.9638, 2.25591, 1.3292, -2.0311, -1.48078, -0.70402], [-0.94144, 1.96669, 2.47029, 1.37256, -2.03198, -1.49767, -0.74134], [-0.57088, 1.84758, 2.50098, 1.6089, -2.23338, -1.47052, -0.72109], [-0.20033, 1.72847, 2.53167, 1.84523, -2.43478, -1.44338, -0.70085], [-0.08448, 1.69123, 2.54127, 1.91912, -2.49774, -1.43489, -0.69452], [-0.07714, 1.71772, 2.2774, 1.57638, -2.26221, -1.43615, -0.77618], [-0.0698, 1.74421, 2.01354, 1.23363, -2.02667, -1.43741, -0.85783]]
end: [-0.065250000000000002, 1.7606299999999999, 1.8500000000000001, 1.0212000000000001, -1.8806799999999999, -1.4381900000000001, -0.90844999999999998]
obtacles: [[[0.6, -0.4, -0.2], [1.0, 0.6, -0.3]], [[0.8, -0.0, -0.2], [1.2, 0.1, 0.5]], [[0.8, 0.5, -0.2], [1.2, 0.6, 0.5]], [[0.8, 0.0, 0.5], [1.2, 0.6, 0.6]]]
start: [-0.47421000000000002, 1.6454200000000001, 1.8500000000000001, 0.62211000000000005, -1.84223, -1.4710700000000001, -0.12378]
tajectories: [[-0.47421, 1.64542, 1.85, 0.62211, -1.84223, -1.47107, -0.12378], [-0.46394, 1.21177, 1.84319, 0.79381, -1.81465, -1.48757, -0.30062], [-0.45367, 0.77811, 1.83638, 0.96552, -1.78706, -1.50407, -0.47746], [-0.44339, 0.34445, 1.82958, 1.13723, -1.75947, -1.52057, -0.65431], [-0.43312, -0.0892, 1.82277, 1.30893, -1.73189, -1.53707, -0.83115], [-0.4252, -0.42351, 1.81752, 1.4413, -1.71062, -1.54979, -0.96748], [-0.16342, -0.22173, 1.85698, 1.67551, -1.62241, -1.27311, -0.97119], [0.09836, -0.01996, 1.89643, 1.90972, -1.53419, -0.99642, -0.9749], [0.36013, 0.18182, 1.93588, 2.14393, -1.44598, -0.71974, -0.97861], [0.62191, 0.38359, 1.97534, 2.37814, -1.35777, -0.44306, -0.98231], [0.68001, 0.42837, 1.98409, 2.43012, -1.33819, -0.38165, -0.98314], [0.56196, 0.77671, 2.12859, 2.1624, -1.42929, -0.493, -0.94476], [0.44392, 1.12506, 2.27308, 1.89468, -1.52039, -0.60434, -0.90638], [0.32587, 1.4734, 2.41757, 1.62695, -1.61149, -0.71569, -0.868], [0.2179, 1.79201, 2.54972, 1.38209, -1.69481, -0.81752, -0.83289], [0.17384, 1.82552, 2.27606, 1.14073, -1.82866, -1.12681, -0.84758], [0.12979, 1.85903, 2.0024, 0.89937, -1.96252, -1.4361, -0.86228]]
end: [0.11330999999999999, 1.87157, 1.8999999999999999, 0.80906, -2.0125999999999999, -1.55182, -0.86778]
obtacles: [[[0.6, -0.4, -0.2], [1.0, 0.6, -0.3]], [[0.8, -0.0, -0.2], [1.2, 0.1, 0.5]], [[0.8, 0.5, -0.2], [1.2, 0.6, 0.5]], [[0.8, 0.0, 0.5], [1.2, 0.6, 0.6]]]
start: [-0.25807999999999998, 1.8316300000000001, 2.4500000000000002, 0.64283000000000001, -2.4539800000000001, -1.32874, -0.14666999999999999]
tajectories: [[-0.25808, 1.83163, 2.45, 0.64283, -2.45398, -1.32874, -0.14667], [-0.3598, 1.5957, 2.30691, 0.50059, -2.31456, -1.36732, -0.49647], [-0.46151, 1.35976, 2.16382, 0.35834, -2.17513, -1.40589, -0.84626], [-0.56323, 1.12383, 2.02072, 0.2161, -2.03571, -1.44447, -1.19605], [-0.66494, 0.8879, 1.87763, 0.07386, -1.89629, -1.48304, -1.54585], [-0.74454, 0.70327, 1.76565, -0.03746, -1.78718, -1.51323, -1.81958], [-0.52182, 0.84617, 1.9109, 0.22311, -2.0833, -1.45723, -1.8068], [-0.29911, 0.98906, 2.05615, 0.48367, -2.37943, -1.40123, -1.79402], [-0.07639, 1.13196, 2.2014, 0.74423, -2.67555, -1.34524, -1.78124], [0.08903, 1.2381, 2.30928, 0.93777, -2.8955, -1.30365, -1.77175], [0.12715, 1.33721, 1.99297, 1.0318, -2.86513, -1.18212, -2.10959], [0.16527, 1.43633, 1.67665, 1.12584, -2.83476, -1.0606, -2.44743], [0.20339, 1.53544, 1.36034, 1.21987, -2.80439, -0.93908, -2.78527], [0.21954, 1.57745, 1.22629, 1.25972, -2.79152, -0.88758, -2.92843], [0.18443, 1.65538, 1.41204, 1.19679, -2.67993, -0.9874, -2.50204], [0.14931, 1.73331, 1.5978, 1.13386, -2.56835, -1.08723, -2.07564], [0.1142, 1.81124, 1.78355, 1.07092, -2.45677, -1.18705, -1.64925], [0.07908, 1.88917, 1.9693, 1.00799, -2.34518, -1.28688, -1.22285]]
end: [0.044920000000000002, 1.9649799999999999, 2.1499999999999999, 0.94677, -2.2366299999999999, -1.3839900000000001, -0.80806]
obtacles: [[[0.6, -0.4, -0.2], [1.0, 0.6, -0.3]], [[0.8, -0.0, -0.2], [1.2, 0.1, 0.5]], [[0.8, 0.5, -0.2], [1.2, 0.6, 0.5]], [[0.8, 0.0, 0.5], [1.2, 0.6, 0.6]]]
start: [-0.54230999999999996, 1.71932, 2.1499999999999999, 1.0626100000000001, -2.0137900000000002, -1.15828, -0.38179999999999997]
tajectories: [[-0.54231, 1.71932, 2.15, 1.06261, -2.01379, -1.15828, -0.3818], [-0.492, 1.70775, 2.38399, 1.22762, -2.17449, -1.32878, -0.71416], [-0.4486, 1.69778, 2.58585, 1.36998, -2.31312, -1.47587, -1.00088], [-0.38441, 1.54284, 2.37153, 1.61405, -2.3875, -1.32067, -0.70634], [-0.32021, 1.3879, 2.1572, 1.85812, -2.46189, -1.16547, -0.41181], [-0.30495, 1.35104, 2.10622, 1.91618, -2.47958, -1.12855, -0.34175], [-0.16245, 1.55997, 2.12111, 1.53443, -2.40271, -1.24803, -0.48283], [-0.01995, 1.7689, 2.136, 1.15268, -2.32584, -1.36752, -0.62391]]
end: [0.114, 1.9653, 2.1499999999999999, 0.79383000000000004, -2.2535799999999999, -1.47984, -0.75653000000000004]
obtacles: [[[0.6, -0.4, -0.2], [1.0, 0.6, -0.3]], [[0.8, -0.0, -0.2], [1.2, 0.1, 0.5]], [[0.8, 0.5, -0.2], [1.2, 0.6, 0.5]], [[0.8, 0.0, 0.5], [1.2, 0.6, 0.6]]]
start: [-0.57455999999999996, 1.9076900000000001, 2.0, 0.73512, -2.1095999999999999, -1.5525800000000001, -0.081439999999999999]
tajectories: [[-0.57456, 1.90769, 2.0, 0.73512, -2.1096, -1.55258, -0.08144], [-0.48183, 1.58556, 2.08695, 0.61717, -2.22464, -1.46141, -0.38902], [-0.3891, 1.26342, 2.1739, 0.49921, -2.33967, -1.37024, -0.69661], [-0.29637, 0.94128, 2.26085, 0.38125, -2.45471, -1.27907, -1.00419], [-0.20364, 0.61914, 2.34779, 0.26329, -2.56974, -1.1879, -1.31178], [-0.11091, 0.297, 2.43474, 0.14533, -2.68478, -1.09673, -1.61936], [-0.04582, 0.07089, 2.49577, 0.06253, -2.76553, -1.03273, -1.83527], [0.02312, 0.3112, 2.29191, 0.32498, -2.81819, -0.87858, -2.06003], [0.09206, 0.55152, 2.08805, 0.58743, -2.87085, -0.72443, -2.28479], [0.161, 0.79183, 1.88418, 0.84989, -2.92351, -0.57028, -2.50955], [0.22994, 1.03215, 1.68032, 1.11234, -2.97617, -0.41613, -2.73432], [0.27615, 1.19325, 1.54365, 1.28828, -3.01147, -0.3128, -2.88499], [0.20232, 1.32729, 1.63222, 1.2638, -2.82316, -0.50973, -2.50566], [0.12849, 1.46133, 1.72079, 1.23932, -2.63486, -0.70667, -2.12632], [0.05466, 1.59537, 1.80937, 1.21483, -2.44656, -0.9036, -1.74698], [-0.01917, 1.72941, 1.89794, 1.19035, -2.25825, -1.10054, -1.36765], [-0.093, 1.86346, 1.98651, 1.16587, -2.06995, -1.29748, -0.98831]]
end: [-0.10424, 1.8838699999999999, 2.0, 1.16214, -2.0412699999999999, -1.3274699999999999, -0.93054000000000003]
obtacles: [[[0.6, -0.4, -0.2], [1.0, 0.6, -0.3]], [[0.8, -0.0, -0.2], [1.2, 0.1, 0.5]], [[0.8, 0.5, -0.2], [1.2, 0.6, 0.5]], [[0.8, 0.0, 0.5], [1.2, 0.6, 0.6]]]
start: [-0.51446000000000003, 1.68929, 2.0, 1.3230900000000001, -1.8055300000000001, -1.1900299999999999, -0.73734]
tajectories: [[-0.51446, 1.68929, 2.0, 1.32309, -1.80553, -1.19003, -0.73734], [-0.68298, 1.52715, 1.64954, 1.53327, -1.79825, -1.21155, -0.90406], [-0.8515, 1.36501, 1.29907, 1.74345, -1.79097, -1.23307, -1.07077], [-1.02002, 1.20286, 0.94861, 1.95363, -1.78369, -1.25459, -1.23749], [-1.06016, 1.16423, 0.86512, 2.0037, -1.78196, -1.25971, -1.27721], [-1.05367, 0.82704, 1.03937, 2.11618, -1.51301, -1.19533, -1.40667], [-1.04718, 0.48984, 1.21362, 2.22866, -1.24406, -1.13095, -1.53614], [-1.04068, 0.15265, 1.38787, 2.34115, -0.9751, -1.06657, -1.66561], [-1.03419, -0.18455, 1.56212, 2.45363, -0.70615, -1.00218, -1.79508], [-1.0277, -0.52174, 1.73638, 2.56611, -0.4372, -0.9378, -1.92454], [-1.02443, -0.69142, 1.82406, 2.62271, -0.30186, -0.9054, -1.98969], [-0.57958, -0.54252, 1.91935, 2.66674, -0.39883, -0.95275, -2.07496], [-0.13473, -0.39361, 2.01464, 2.71076, -0.4958, -1.0001, -2.16022], [0.31012, -0.2447, 2.10993, 2.75479, -0.59278, -1.04745, -2.24549], [0.75497, -0.09579, 2.20522, 2.79882, -0.68975, -1.0948, -2.33076], [1.19982, 0.05312, 2.30052, 2.84285, -0.78672, -1.14215, -2.41602], [1.64467, 0.20203, 2.39581, 2.88687, -0.88369, -1.1895, -2.50129], [2.08952, 0.35094, 2.4911, 2.9309, -0.98066, -1.23685, -2.58655], [2.34134, 0.43523, 2.54504, 2.95582, -1.03556, -1.26366, -2.63482], [2.05083, 0.62068, 2.49113, 2.71736, -1.17644, -1.27935, -2.40822], [1.76032, 0.80612, 2.43722, 2.4789, -1.31731, -1.29505, -2.18162], [1.4698, 0.99157, 2.38331, 2.24043, -1.45819, -1.31074, -1.95502], [1.17929, 1.17701, 2.3294, 2.00197, -1.59907, -1.32644, -1.72842], [0.88878, 1.36246, 2.27549, 1.7635, -1.73995, -1.34213, -1.50182], [0.59826, 1.5479, 2.22157, 1.52504, -1.88083, -1.35783, -1.27522], [0.30775, 1.73335, 2.16766, 1.28658, -2.0217, -1.37352, -1.04861], [0.01724, 1.91879, 2.11375, 1.04811, -2.16258, -1.38922, -0.82201]]
end: [-0.05688, 1.9661, 2.1000000000000001, 0.98728000000000005, -2.1985199999999998, -1.3932199999999999, -0.76419999999999999]
obtacles: [[[0.6, -0.4, -0.2], [1.0, 0.6, -0.3]], [[0.8, -0.0, -0.2], [1.2, 0.1, 0.5]], [[0.8, 0.5, -0.2], [1.2, 0.6, 0.5]], [[0.8, 0.0, 0.5], [1.2, 0.6, 0.6]]]
start: [-0.18354000000000001, 1.3521300000000001, 2.1000000000000001, -0.40253, -2.1393599999999999, -1.56427, 0.52849999999999997]
tajectories: [[-0.18354, 1.35213, 2.1, -0.40253, -2.13936, -1.56427, 0.5285], [-0.3907, 1.36258, 2.22116, 3e-05, -2.03439, -1.43022, 0.4931], [-0.59786, 1.37302, 2.34232, 0.40259, -1.92942, -1.29618, 0.4577], [-0.80502, 1.38347, 2.46348, 0.80515, -1.82444, -1.16213, 0.42229], [-1.01218, 1.39391, 2.58465, 1.20771, -1.71947, -1.02809, 0.38689], [-1.21935, 1.40436, 2.70581, 1.61027, -1.61449, -0.89404, 0.35148], [-1.26003, 1.40641, 2.7296, 1.68934, -1.59387, -0.86771, 0.34453], [-0.81875, 1.40423, 2.62843, 1.79849, -1.55091, -1.01224, 0.44641], [-0.37747, 1.40205, 2.52725, 1.90765, -1.50795, -1.15676, 0.5483], [0.06381, 1.39987, 2.42607, 2.0168, -1.46498, -1.30129, 0.65018], [0.44436, 1.39799, 2.33882, 2.11094, -1.42793, -1.42592, 0.73805], [0.38346, 1.49938, 2.28611, 1.7941, -1.58972, -1.43976, 0.41173], [0.32257, 1.60076, 2.23341, 1.47726, -1.75151, -1.4536, 0.08542], [0.26167, 1.70214, 2.1807, 1.16042, -1.9133, -1.46744, -0.24089], [0.20077, 1.80353, 2.128, 0.84358, -2.07509, -1.48128, -0.56721]]
end: [0.16841999999999999, 1.85738, 2.1000000000000001, 0.67527000000000004, -2.1610399999999998, -1.4886299999999999, -0.74055000000000004]
obtacles: [[[0.6, -0.4, -0.2], [1.0, 0.6, -0.3]], [[0.8, -0.0, -0.2], [1.2, 0.1, 0.5]], [[0.8, 0.5, -0.2], [1.2, 0.6, 0.5]], [[0.8, 0.0, 0.5], [1.2, 0.6, 0.6]]]
start: [-0.33232, 1.5788800000000001, 1.95, 0.45358999999999999, -1.9181299999999999, -1.41523, -0.092359999999999998]
tajectories: [[-0.33232, 1.57888, 1.95, 0.45359, -1.91813, -1.41523, -0.09236], [-0.31736, 1.16188, 1.83308, 0.42588, -2.12111, -1.44996, -0.23035], [-0.30239, 0.74487, 1.71617, 0.39817, -2.32408, -1.48468, -0.36833], [-0.28742, 0.32786, 1.59925, 0.37047, -2.52706, -1.5194, -0.50631], [-0.27246, -0.08915, 1.48234, 0.34276, -2.73003, -1.55412, -0.64429], [-0.26906, -0.18374, 1.45582, 0.33648, -2.77607, -1.56199, -0.67559], [-0.02521, -0.04784, 1.37605, 0.58192, -2.8131, -1.32189, -0.8911], [0.21863, 0.08805, 1.29627, 0.82736, -2.85012, -1.08179, -1.10662], [0.46248, 0.22394, 1.2165, 1.0728, -2.88714, -0.84168, -1.32213], [0.70633, 0.35984, 1.13673, 1.31824, -2.92417, -0.60158, -1.53764], [0.95018, 0.49573, 1.05695, 1.56367, -2.96119, -0.36147, -1.75316], [1.01675, 0.53283, 1.03517, 1.63068, -2.9713, -0.29593, -1.81199], [1.2616, 0.49017, 1.33421, 1.86431, -3.09728, -0.34007, -1.97446], [1.50644, 0.44751, 1.63326, 2.09795, -3.22327, -0.38421, -2.13694], [1.75129, 0.40485, 1.9323, 2.33159, -3.34925, -0.42835, -2.29941], [1.99614, 0.36219, 2.23134, 2.56523, -3.47524, -0.4725, -2.46188], [2.05477, 0.35197, 2.30294, 2.62117, -3.5054, -0.48307, -2.50078], [1.78883, 0.53455, 2.25717, 2.40622, -3.30352, -0.59916, -2.29244], [1.52288, 0.71712, 2.21141, 2.19127, -3.10163, -0.71525, -2.08409], [1.25694, 0.8997, 2.16565, 1.97632, -2.89975, -0.83135, -1.87574], [0.991, 1.08227, 2.11988, 1.76138, -2.69786, -0.94744, -1.66739], [0.72506, 1.26485, 2.07412, 1.54643, -2.49598, -1.06353, -1.45904], [0.45912, 1.44742, 2.02835, 1.33148, -2.29409, -1.17963, -1.25069], [0.19318, 1.63, 1.98259, 1.11653, -2.09221, -1.29572, -1.04234]]
end: [0.0038, 1.7600100000000001, 1.95, 0.96347000000000005, -1.94845, -1.37839, -0.89397000000000004]
obtacles: [[[0.6, -0.4, -0.2], [1.0, 0.6, -0.3]], [[0.8, -0.0, -0.2], [1.2, 0.1, 0.5]], [[0.8, 0.5, -0.2], [1.2, 0.6, 0.5]], [[0.8, 0.0, 0.5], [1.2, 0.6, 0.6]]]
start: [-0.46461999999999998, 1.59568, 1.95, 1.1986300000000001, -1.73905, -1.2284600000000001, -0.70008000000000004]
tajectories: [[-0.46462, 1.59568, 1.95, 1.19863, -1.73905, -1.22846, -0.70008], [-0.77468, 1.57449, 2.05397, 1.44882, -1.53049, -1.21081, -0.50981], [-1.08474, 1.5533, 2.15794, 1.69901, -1.32194, -1.19316, -0.31955], [-1.3948, 1.53211, 2.26192, 1.9492, -1.11338, -1.17552, -0.12928], [-1.69431, 1.51165, 2.36235, 2.19089, -0.91192, -1.15847, 0.05451], [-1.37836, 1.4818, 2.355, 2.15255, -1.13043, -0.93773, -0.17195], [-1.0624, 1.45196, 2.34764, 2.11422, -1.34894, -0.71699, -0.39842], [-0.74644, 1.42211, 2.34029, 2.07588, -1.56745, -0.49625, -0.62488], [-0.43049, 1.39227, 2.33293, 2.03755, -1.78595, -0.27551, -0.85134], [-0.11453, 1.36243, 2.32558, 1.99921, -2.00446, -0.05477, -1.07781], [0.20142, 1.33258, 2.31822, 1.96088, -2.22297, 0.16596, -1.30427], [0.20603, 1.33215, 2.31811, 1.96032, -2.22616, 0.16918, -1.30757], [0.15406, 1.43857, 2.22987, 1.70396, -2.16537, -0.21094, -1.18809], [0.10209, 1.545, 2.14163, 1.44761, -2.10458, -0.59107, -1.0686], [0.05012, 1.65143, 2.05339, 1.19125, -2.04379, -0.97119, -0.94912], [-0.00185, 1.75786, 1.96514, 0.9349, -1.98299, -1.35132, -0.82963]]
end: [-0.01077, 1.7761199999999999, 1.95, 0.89090000000000003, -1.9725600000000001, -1.41655, -0.80913000000000002]
obtacles: [[[0.6, -0.4, -0.2], [1.0, 0.6, -0.3]], [[0.8, -0.0, -0.2], [1.2, 0.1, 0.5]], [[0.8, 0.5, -0.2], [1.2, 0.6, 0.5]], [[0.8, 0.0, 0.5], [1.2, 0.6, 0.6]]]
start: [-0.19103999999999999, 1.53142, 1.95, 0.41364000000000001, -1.90554, -1.385, -0.19868]
tajectories: [[-0.19104, 1.53142, 1.95, 0.41364, -1.90554, -1.385, -0.19868], [-0.39545, 1.4848, 2.0161, 0.79261, -1.82697, -1.15903, -0.17009], [-0.59987, 1.43818, 2.0822, 1.17157, -1.74841, -0.93305, -0.1415], [-0.80428, 1.39156, 2.1483, 1.55054, -1.66984, -0.70707, -0.11291], [-1.0087, 1.34494, 2.2144, 1.9295, -1.59127, -0.48109, -0.08432], [-1.17128, 1.30787, 2.26697, 2.23091, -1.52878, -0.30136, -0.06158], [-0.92046, 1.00863, 2.01704, 2.22569, -1.61307, -0.37414, -0.21212], [-0.66965, 0.7094, 1.76712, 2.22047, -1.69736, -0.44691, -0.36266], [-0.41883, 0.41017, 1.5172, 2.21525, -1.78164, -0.51969, -0.5132], [-0.16802, 0.11093, 1.26727, 2.21003, -1.86593, -0.59246, -0.66374], [0.0828, -0.1883, 1.01735, 2.20481, -1.95022, -0.66524, -0.81428], [0.14411, -0.26145, 0.95626, 2.20353, -1.97082, -0.68303, -0.85108], [0.11068, 0.13398, 1.1343, 1.99964, -1.99108, -0.81976, -0.863], [0.07726, 0.52941, 1.31235, 1.79576, -2.01133, -0.9565, -0.87493], [0.04383, 0.92483, 1.4904, 1.59187, -2.03159, -1.09323, -0.88686], [0.0104, 1.32026, 1.66845, 1.38798, -2.05184, -1.22997, -0.89879], [-0.02302, 1.71569, 1.8465, 1.1841, -2.0721, -1.36671, -0.91072]]
end: [-0.042450000000000002, 1.94556, 1.95, 1.0655699999999999, -2.0838700000000001, -1.4461999999999999, -0.91764999999999997]
obtacles: [[[0.6, -0.4, -0.2], [1.0, 0.6, -0.3]], [[0.8, -0.0, -0.2], [1.2, 0.1, 0.5]], [[0.8, 0.5, -0.2], [1.2, 0.6, 0.5]], [[0.8, 0.0, 0.5], [1.2, 0.6, 0.6]]]
start: [-0.29426999999999998, 1.3996, 1.95, -0.10818999999999999, -1.9652400000000001, -1.44045, 0.39561000000000002]
tajectories: [[-0.29427, 1.3996, 1.95, -0.10819, -1.96524, -1.44045, 0.39561], [-0.31712, 0.99114, 1.83072, -0.22472, -2.19484, -1.45208, 0.35109], [-0.33997, 0.58269, 1.71143, -0.34125, -2.42444, -1.46372, 0.30658], [-0.36282, 0.17423, 1.59215, -0.45779, -2.65405, -1.47535, 0.26206], [-0.38567, -0.23422, 1.47287, -0.57432, -2.88365, -1.48699, 0.21755], [-0.40214, -0.52863, 1.38689, -0.65831, -3.04914, -1.49537, 0.18547], [-0.68015, -0.70196, 1.40465, -0.31888, -3.17175, -1.48361, 0.0761], [-0.95816, -0.87529, 1.42241, 0.02056, -3.29436, -1.47184, -0.03327], [-1.23616, -1.04863, 1.44017, 0.36, -3.41698, -1.46008, -0.14264], [-1.51417, -1.22196, 1.45793, 0.69944, -3.53959, -1.44831, -0.252], [-1.79218, -1.3953, 1.47568, 1.03888, -3.6622, -1.43655, -0.36137], [-1.80849, -1.40547, 1.47673, 1.05879, -3.66939, -1.43586, -0.36779], [-2.10807, -1.59951, 1.39179, 1.0014, -3.88336, -1.47905, -0.11394], [-2.40766, -1.79355, 1.30686, 0.94402, -4.09733, -1.52224, 0.13992]]
end: [-2.6082299999999998, -1.9234599999999999, 1.25, 0.90559999999999996, -4.2405900000000001, -1.5511600000000001, 0.30986999999999998]
obtacles: [[[0.6, -0.4, -0.2], [1.0, 0.6, -0.3]], [[0.8, -0.0, -0.2], [1.2, 0.1, 0.5]], [[0.8, 0.5, -0.2], [1.2, 0.6, 0.5]], [[0.8, 0.0, 0.5], [1.2, 0.6, 0.6]]]
start: [0.10094, 1.67832, 1.25, -0.83137000000000005, -4.4136600000000001, 1.4108000000000001, -2.4527100000000002]
tajectories: [[0.10094, 1.67832, 1.25, -0.83137, -4.41366, 1.4108, -2.45271], [-0.14007, 1.37669, 1.0409, -0.67103, -4.3103, 1.27398, -2.40684], [-0.38107, 1.07506, 0.8318, -0.51069, -4.20694, 1.13716, -2.36098], [-0.62208, 0.77343, 0.62271, -0.35036, -4.10358, 1.00035, -2.31512], [-0.86309, 0.4718, 0.41361, -0.19002, -4.00023, 0.86353, -2.26926], [-1.1041, 0.17017, 0.20451, -0.02968, -3.89687, 0.72671, -2.22339], [-1.3451, -0.13145, -0.00459, 0.13066, -3.79351, 0.5899, -2.17753], [-1.58611, -0.43308, -0.21368, 0.291, -3.69015, 0.45308, -2.13167], [-1.82712, -0.73471, -0.42278, 0.45133, -3.58679, 0.31626, -2.08581], [-1.88701, -0.80967, -0.47475, 0.49118, -3.56111, 0.28226, -2.07441], [-1.75665, -0.85583, -0.18873, 0.75786, -3.73136, 0.27923, -1.85316], [-1.62628, -0.902, 0.09729, 1.02455, -3.90161, 0.27621, -1.63191], [-1.49591, -0.94816, 0.3833, 1.29123, -4.07187, 0.27318, -1.41066], [-1.36554, -0.99432, 0.66932, 1.55792, -4.24212, 0.27015, -1.18941], [-1.23517, -1.04048, 0.95534, 1.8246, -4.41237, 0.26712, -0.96816], [-1.1048, -1.08664, 1.24135, 2.09129, -4.58263, 0.26409, -0.74691], [-1.01863, -1.11716, 1.43041, 2.26757, -4.69517, 0.26209, -0.60066], [-1.27248, -1.24691, 1.4006, 2.03527, -4.6225, -0.03842, -0.46545], [-1.52632, -1.37667, 1.37078, 1.80297, -4.54983, -0.33894, -0.33024], [-1.78017, -1.50643, 1.34097, 1.57067, -4.47716, -0.63946, -0.19503], [-2.03402, -1.63619, 1.31115, 1.33837, -4.40449, -0.93998, -0.05982], [-2.28786, -1.76594, 1.28134, 1.10607, -4.33182, -1.24049, 0.07539], [-2.54171, -1.8957, 1.25152, 0.87377, -4.25915, -1.54101, 0.2106]]
end: [-2.5546899999999999, -1.9023300000000001, 1.25, 0.8619, -4.2554299999999996, -1.55637, 0.21751999999999999]
obtacles: [[[0.6, -0.4, -0.2], [1.0, 0.6, -0.3]], [[0.8, -0.0, -0.2], [1.2, 0.1, 0.5]], [[0.8, 0.5, -0.2], [1.2, 0.6, 0.5]], [[0.8, 0.0, 0.5], [1.2, 0.6, 0.6]]]
start: [-0.51339000000000001, 1.9546699999999999, 1.95, 0.84930000000000005, -2.10358, -1.56046, -0.25853999999999999]
tajectories: [[-0.51339, 1.95467, 1.95, 0.8493, -2.10358, -1.56046, -0.25854], [-0.47017, 1.77949, 1.8081, 0.60844, -2.47181, -1.56145, -0.31936], [-0.42695, 1.60431, 1.6662, 0.36757, -2.84004, -1.56245, -0.38018], [-0.38373, 1.42912, 1.5243, 0.12671, -3.20827, -1.56344, -0.441], [-0.34051, 1.25394, 1.3824, -0.11415, -3.5765, -1.56444, -0.50182], [-0.29729, 1.07876, 1.2405, -0.35501, -3.94473, -1.56543, -0.56264], [-0.25407, 0.90358, 1.0986, -0.59588, -4.31295, -1.56643, -0.62346], [-0.24114, 0.85118, 1.05616, -0.66791, -4.42309, -1.56673, -0.64165], [-0.08613, 0.73563, 1.11755, -0.23456, -4.32078, -1.51899, -0.55047], [0.06888, 0.62008, 1.17893, 0.19879, -4.21848, -1.47124, -0.4593], [0.22389, 0.50453, 1.24032, 0.63214, -4.11617, -1.4235, -0.36812], [0.3789, 0.38897, 1.30171, 1.06549, -4.01387, -1.37576, -0.27694], [0.53391, 0.27342, 1.3631, 1.49884, -3.91157, -1.32802, -0.18577], [0.68892, 0.15787, 1.42448, 1.93219, -3.80926, -1.28028, -0.09459], [0.83967, 0.04549, 1.48419, 2.35363, -3.70977, -1.23385, -0.00592], [0.7014, 0.35687, 1.62687, 2.12749, -3.48625, -1.23084, -0.11753], [0.56312, 0.66825, 1.76955, 1.90136, -3.26273, -1.22782, -0.22913], [0.42484, 0.97963, 1.91223, 1.67522, -3.03922, -1.22481, -0.34073], [0.28656, 1.29102, 2.05491, 1.44908, -2.8157, -1.2218, -0.45234], [0.14828, 1.6024, 2.19759, 1.22294, -2.59218, -1.21878, -0.56394], [0.01, 1.91378, 2.34027, 0.99681, -2.36866, -1.21577, -0.67555]]
end: [0.00056999999999999998, 1.93502, 2.3500000000000001, 0.98138000000000003, -2.3534099999999998, -1.21557, -0.68315999999999999]
obtacles: [[[0.6, -0.4, -0.2], [1.0, 0.6, -0.3]], [[0.8, -0.0, -0.2], [1.2, 0.1, 0.5]], [[0.8, 0.5, -0.2], [1.2, 0.6, 0.5]], [[0.8, 0.0, 0.5], [1.2, 0.6, 0.6]]]
start: [-0.52166999999999997, 1.65435, 2.3500000000000001, 0.68342999999999998, -2.2695699999999999, -1.18374, 0.015140000000000001]
tajectories: [[-0.52167, 1.65435, 2.35, 0.68343, -2.26957, -1.18374, 0.01514], [-0.66632, 1.50342, 2.38348, 1.02813, -2.05905, -0.97896, 0.025], [-0.81096, 1.3525, 2.41695, 1.37284, -1.84852, -0.77417, 0.03487], [-0.9556, 1.20157, 2.45043, 1.71755, -1.63799, -0.56939, 0.04473], [-1.10025, 1.05064, 2.48391, 2.06226, -1.42747, -0.36461, 0.0546], [-1.19735, 0.94931, 2.50638, 2.29368, -1.28613, -0.22713, 0.06122], [-0.88689, 1.08264, 2.48438, 2.26157, -1.35538, -0.49001, 0.30703], [-0.57643, 1.21598, 2.46238, 2.22946, -1.42462, -0.75289, 0.55283], [-0.26597, 1.34931, 2.44038, 2.19736, -1.49387, -1.01577, 0.79863], [0.04449, 1.48264, 2.41838, 2.16525, -1.56312, -1.27865, 1.04444], [0.15485, 1.53003, 2.41056, 2.15383, -1.58774, -1.37209, 1.13181], [0.11853, 1.61092, 2.39771, 1.94806, -1.7316, -1.30631, 0.71396], [0.08221, 1.69181, 2.38487, 1.74228, -1.87547, -1.24053, 0.2961], [0.04589, 1.77269, 2.37203, 1.5365, -2.01934, -1.17475, -0.12175], [0.00957, 1.85358, 2.35918, 1.33072, -2.1632, -1.10896, -0.53961]]
end: [-0.016400000000000001, 1.9114, 2.3500000000000001, 1.1836100000000001, -2.2660499999999999, -1.0619400000000001, -0.83831999999999995]
obtacles: [[[0.6, -0.4, -0.2], [1.0, 0.6, -0.3]], [[0.8, -0.0, -0.2], [1.2, 0.1, 0.5]], [[0.8, 0.5, -0.2], [1.2, 0.6, 0.5]], [[0.8, 0.0, 0.5], [1.2, 0.6, 0.6]]]
start: [-0.19434000000000001, 1.6170199999999999, 2.3500000000000001, 0.29819000000000001, -2.33745, -1.40802, -0.019099999999999999]
tajectories: [[-0.19434, 1.61702, 2.35, 0.29819, -2.33745, -1.40802, -0.0191], [-0.30665, 1.442, 2.12776, 0.25526, -2.11971, -1.38733, -0.34725], [-0.41896, 1.26698, 1.90552, 0.21232, -1.90197, -1.36665, -0.6754], [-0.53126, 1.09196, 1.68329, 0.16939, -1.68423, -1.34597, -1.00355], [-0.56305, 1.04244, 1.6204, 0.15724, -1.62261, -1.34011, -1.09642], [-0.38595, 0.92104, 1.30329, 0.39581, -1.72729, -1.35733, -1.28397], [-0.20886, 0.79965, 0.98619, 0.63438, -1.83196, -1.37455, -1.47153], [-0.03176, 0.67826, 0.66908, 0.87295, -1.93664, -1.39177, -1.65908], [0.01732, 0.64461, 0.5812, 0.93906, -1.96565, -1.39654, -1.71106], [0.07003, 0.80613, 0.69687, 1.16161, -2.17104, -1.31917, -1.37932], [0.12275, 0.96764, 0.81254, 1.38415, -2.37644, -1.2418, -1.04757], [0.17211, 1.1189, 0.92087, 1.59255, -2.56878, -1.16935, -0.7369], [0.12771, 1.34615, 1.32236, 1.41625, -2.50812, -1.184, -0.72259], [0.08331, 1.5734, 1.72386, 1.23994, -2.44746, -1.19865, -0.70827], [0.03891, 1.80065, 2.12536, 1.06363, -2.3868, -1.2133, -0.69395]]
end: [0.014069999999999999, 1.9278, 2.3500000000000001, 0.96499000000000001, -2.3528600000000002, -1.22149, -0.68593999999999999]
obtacles: [[[0.6, -0.4, -0.2], [1.0, 0.6, -0.3]], [[0.8, -0.0, -0.2], [1.2, 0.1, 0.5]], [[0.8, 0.5, -0.2], [1.2, 0.6, 0.5]], [[0.8, 0.0, 0.5], [1.2, 0.6, 0.6]]]
start: [-0.55086999999999997, 1.64299, 2.3500000000000001, 0.90602000000000005, -2.1743000000000001, -1.03894, -0.15634000000000001]
tajectories: [[-0.55087, 1.64299, 2.35, 0.90602, -2.1743, -1.03894, -0.15634], [-0.48972, 1.36395, 2.33992, 0.9785, -2.0772, -0.74175, -0.41186], [-0.42858, 1.08492, 2.32985, 1.05099, -1.9801, -0.44456, -0.66739], [-0.36744, 0.80588, 2.31977, 1.12348, -1.88299, -0.14737, -0.92291], [-0.30629, 0.52684, 2.30969, 1.19597, -1.78589, 0.14982, -1.17843], [-0.30373, 0.51517, 2.30927, 1.199, -1.78183, 0.16226, -1.18912], [-0.17353, 0.89494, 2.21929, 1.44865, -1.86632, 0.22258, -1.27639], [-0.04333, 1.27472, 2.1293, 1.6983, -1.95082, 0.28289, -1.36365], [0.08688, 1.6545, 2.03932, 1.94795, -2.03531, 0.34321, -1.45092], [0.12091, 1.75378, 2.0158, 2.01321, -2.0574, 0.35898, -1.47373], [0.10343, 1.80621, 2.10431, 1.78102, -2.1264, -0.03284, -1.30967], [0.08594, 1.85864, 2.19283, 1.54882, -2.1954, -0.42466, -1.14562], [0.06846, 1.91108, 2.28135, 1.31663, -2.2644, -0.81647, -0.98156]]
end: [0.054899999999999997, 1.95174, 2.3500000000000001, 1.13656, -2.3179099999999999, -1.1203399999999999, -0.85433000000000003]
obtacles: [[[0.6, -0.4, -0.2], [1.0, 0.6, -0.3]], [[0.8, -0.0, -0.2], [1.2, 0.1, 0.5]], [[0.8, 0.5, -0.2], [1.2, 0.6, 0.5]], [[0.8, 0.0, 0.5], [1.2, 0.6, 0.6]]]
start: [-0.47726000000000002, 1.95685, 1.8999999999999999, 1.1243099999999999, -2.0619900000000002, -1.4630399999999999, -0.55510000000000004]
tajectories: [[-0.47726, 1.95685, 1.9, 1.12431, -2.06199, -1.46304, -0.5551], [-0.61274, 1.6798, 1.83165, 1.12503, -1.96485, -1.08974, -0.51728], [-0.74822, 1.40274, 1.76329, 1.12576, -1.86772, -0.71645, -0.47945], [-0.8837, 1.12569, 1.69494, 1.12648, -1.77058, -0.34316, -0.44163], [-1.01918, 0.84864, 1.62659, 1.1272, -1.67344, 0.03014, -0.40381], [-1.03275, 0.82088, 1.61974, 1.12728, -1.66371, 0.06754, -0.40002], [-0.93798, 0.79804, 1.59709, 1.4957, -1.43982, 0.21398, -0.58079], [-0.84321, 0.7752, 1.57444, 1.86412, -1.21593, 0.36043, -0.76155], [-0.74844, 0.75237, 1.5518, 2.23255, -0.99204, 0.50687, -0.94232], [-0.68184, 0.73632, 1.53588, 2.49146, -0.8347, 0.60978, -1.06936], [-0.55969, 0.87244, 1.58779, 2.19309, -0.98947, 0.30089, -0.99546], [-0.43754, 1.00857, 1.63971, 1.89471, -1.14424, -0.00801, -0.92157], [-0.3154, 1.14469, 1.69162, 1.59634, -1.29901, -0.3169, -0.84768], [-0.19325, 1.28082, 1.74353, 1.29797, -1.45378, -0.62579, -0.77378], [-0.07111, 1.41694, 1.79544, 0.99959, -1.60855, -0.93468, -0.69989], [0.05104, 1.55307, 1.84735, 0.70122, -1.76332, -1.24358, -0.626], [0.17318, 1.68919, 1.89927, 0.40284, -1.91809, -1.55247, -0.5521]]
end: [0.17491000000000001, 1.69112, 1.8999999999999999, 0.39861999999999997, -1.92028, -1.55684, -0.55105999999999999]
obtacles: [[[0.6, -0.4, -0.2], [1.0, 0.6, -0.3]], [[0.8, -0.0, -0.2], [1.2, 0.1, 0.5]], [[0.8, 0.5, -0.2], [1.2, 0.6, 0.5]], [[0.8, 0.0, 0.5], [1.2, 0.6, 0.6]]]
start: [-0.62134999999999996, 1.52898, 1.8999999999999999, 0.91857999999999995, -1.7413400000000001, -1.28484, -0.27955999999999998]
tajectories: [[-0.62135, 1.52898, 1.9, 0.91858, -1.74134, -1.28484, -0.27956], [-0.62348, 1.38923, 1.96668, 1.07784, -1.31776, -1.30764, -0.42347], [-0.62562, 1.24948, 2.03336, 1.23709, -0.89417, -1.33043, -0.56738], [-0.62775, 1.10972, 2.10004, 1.39635, -0.47058, -1.35323, -0.71129], [-0.62989, 0.96997, 2.16671, 1.55561, -0.047, -1.37603, -0.85519], [-0.63203, 0.83021, 2.23339, 1.71487, 0.37659, -1.39883, -0.9991], [-0.63416, 0.69046, 2.30007, 1.87413, 0.80018, -1.42163, -1.14301], [-0.63561, 0.59584, 2.34522, 1.98195, 1.08697, -1.43706, -1.24044], [-0.53278, 0.4126, 2.36047, 1.96979, 0.95971, -1.07979, -1.4887], [-0.42996, 0.22936, 2.37572, 1.95762, 0.83246, -0.72252, -1.73696], [-0.32714, 0.04612, 2.39097, 1.94545, 0.70521, -0.36524, -1.98522], [-0.22432, -0.13712, 2.40622, 1.93329, 0.57795, -0.00797, -2.23348], [-0.1215, -0.32036, 2.42147, 1.92112, 0.4507, 0.3493, -2.48174], [-0.01868, -0.5036, 2.43672, 1.90896, 0.32344, 0.70658, -2.73], [0.07274, -0.6665, 2.45028, 1.89814, 0.21031, 1.0242, -2.95071], [-0.29867, -0.80306, 2.31879, 1.77282, -0.02123, 1.09791, -2.91367], [-0.67008, -0.93962, 2.1873, 1.6475, -0.25276, 1.17161, -2.87664], [-1.04148, -1.07617, 2.0558, 1.52218, -0.4843, 1.24532, -2.8396], [-1.41289, -1.21273, 1.92431, 1.39686, -0.71584, 1.31902, -2.80256], [-1.78429, -1.34928, 1.79281, 1.27153, -0.94738, 1.39272, -2.76552], [-2.1557, -1.48584, 1.66132, 1.14621, -1.17891, 1.46643, -2.72849], [-2.52711, -1.6224, 1.52983, 1.02089, -1.41045, 1.54013, -2.69145]]
end: [-2.6113599999999999, -1.65337, 1.5, 0.99246000000000001, -1.4629700000000001, 1.5568500000000001, -2.6830500000000002]
obtacles: [[[0.6, -0.4, -0.2], [1.0, 0.6, -0.3]], [[0.8, -0.0, -0.2], [1.2, 0.1, 0.5]], [[0.8, 0.5, -0.2], [1.2, 0.6, 0.5]], [[0.8, 0.0, 0.5], [1.2, 0.6, 0.6]]]
start: [-0.30492999999999998, 1.6473500000000001, 1.7, 0.66293999999999997, -1.7196899999999999, -1.5520099999999999, -0.35165000000000002]
tajectories: [[-0.30493, 1.64735, 1.7, 0.66294, -1.71969, -1.55201, -0.35165], [-0.6443, 1.70205, 1.70258, 0.83542, -1.83143, -1.28915, -0.20848], [-0.98367, 1.75676, 1.70517, 1.00791, -1.94318, -1.0263, -0.06532], [-1.32304, 1.81147, 1.70775, 1.18039, -2.05492, -0.76344, 0.07785], [-1.66242, 1.86618, 1.71034, 1.35287, -2.16666, -0.50058, 0.22101], [-1.85939, 1.89793, 1.71184, 1.45299, -2.23151, -0.34802, 0.30411], [-1.60583, 1.84749, 1.64237, 1.59145, -1.91855, -0.27892, 0.06653], [-1.35227, 1.79705, 1.57291, 1.72992, -1.60558, -0.20982, -0.17105], [-1.09871, 1.74662, 1.50344, 1.86839, -1.29261, -0.14072, -0.40863], [-0.84516, 1.69618, 1.43398, 2.00685, -0.97965, -0.07162, -0.64621], [-0.5916, 1.64574, 1.36451, 2.14532, -0.66668, -0.00252, -0.88379], [-0.33804, 1.5953, 1.29505, 2.28379, -0.35372, 0.06658, -1.12137], [-0.30616, 1.58896, 1.28631, 2.3012, -0.31436, 0.07527, -1.15124], [-0.26165, 1.63175, 1.41022, 2.06377, -0.62605, -0.19798, -1.09979], [-0.21715, 1.67454, 1.53412, 1.82635, -0.93775, -0.47123, -1.04834], [-0.17264, 1.71733, 1.65803, 1.58892, -1.24944, -0.74448, -0.99689], [-0.12813, 1.76013, 1.78194, 1.35149, -1.56113, -1.01773, -0.94544], [-0.08363, 1.80292, 1.90584, 1.11407, -1.87282, -1.29098, -0.89398]]
end: [-0.067769999999999997, 1.8181700000000001, 1.95, 1.02945, -1.9839, -1.38836, -0.87565000000000004]
obtacles: [[[0.6, -0.4, -0.2], [1.0, 0.6, -0.3]], [[0.8, -0.0, -0.2], [1.2, 0.1, 0.5]], [[0.8, 0.5, -0.2], [1.2, 0.6, 0.5]], [[0.8, 0.0, 0.5], [1.2, 0.6, 0.6]]]
start: [-0.49098000000000003, 1.63459, 1.95, 0.64122000000000001, -1.9167700000000001, -1.40008, -0.10809000000000001]
tajectories: [[-0.49098, 1.63459, 1.95, 0.64122, -1.91677, -1.40008, -0.10809], [-0.77439, 1.61777, 2.01656, 0.88597, -2.18937, -1.24338, -0.18677], [-1.05781, 1.60095, 2.08313, 1.13073, -2.46198, -1.08669, -0.26544], [-1.34123, 1.58413, 2.14969, 1.37549, -2.73458, -0.92999, -0.34412], [-1.62464, 1.56731, 2.21625, 1.62024, -3.00719, -0.7733, -0.42279], [-1.90806, 1.55049, 2.28282, 1.865, -3.27979, -0.6166, -0.50147], [-2.19148, 1.53367, 2.34938, 2.10975, -3.5524, -0.45991, -0.58014], [-2.27311, 1.52882, 2.36855, 2.18026, -3.63092, -0.41477, -0.60281], [-2.0163, 1.46048, 2.40804, 2.35904, -3.56915, -0.25123, -0.26326], [-1.75949, 1.39213, 2.44753, 2.53782, -3.50738, -0.08768, 0.07628], [-1.50267, 1.32379, 2.48702, 2.7166, -3.4456, 0.07587, 0.41583], [-1.24586, 1.25545, 2.52651, 2.89538, -3.38383, 0.23941, 0.75537], [-0.98905, 1.18711, 2.566, 3.07416, -3.32206, 0.40296, 1.09492], [-0.95675, 1.17851, 2.57096, 3.09664, -3.31429, 0.42353, 1.13762], [-0.81309, 1.26879, 2.51967, 2.79371, -3.18292, 0.18235, 0.91092], [-0.66943, 1.35907, 2.46837, 2.49078, -3.05156, -0.05882, 0.68423], [-0.52577, 1.44935, 2.41708, 2.18785, -2.92019, -0.29999, 0.45753], [-0.38211, 1.53962, 2.36578, 1.88492, -2.78882, -0.54117, 0.23083], [-0.23844, 1.6299, 2.31448, 1.58199, -2.65746, -0.78234, 0.00414], [-0.09478, 1.72018, 2.26319, 1.27906, -2.52609, -1.02351, -0.22256], [0.04888, 1.81046, 2.21189, 0.97612, -2.39472, -1.26469, -0.44925], [0.19254, 1.90074, 2.1606, 0.67319, -2.26335, -1.50586, -0.67595]]
end: [0.22220999999999999, 1.9193800000000001, 2.1499999999999999, 0.61062000000000005, -2.2362199999999999, -1.5556700000000001, -0.72277000000000002]
obtacles: [[[0.6, -0.4, -0.2], [1.0, 0.6, -0.3]], [[0.8, -0.0, -0.2], [1.2, 0.1, 0.5]], [[0.8, 0.5, -0.2], [1.2, 0.6, 0.5]], [[0.8, 0.0, 0.5], [1.2, 0.6, 0.6]]]
start: [-0.62126999999999999, 1.9628399999999999, 2.0499999999999998, 0.91610000000000003, -2.17205, -1.46526, -0.16514000000000001]
tajectories: [[-0.62127, 1.96284, 2.05, 0.9161, -2.17205, -1.46526, -0.16514], [-0.89794, 1.7824, 2.01851, 0.9153, -2.5014, -1.48497, -0.34134], [-1.1746, 1.60197, 1.98701, 0.91451, -2.83076, -1.50469, -0.51754], [-1.45126, 1.42153, 1.95552, 0.91371, -3.16011, -1.5244, -0.69374], [-1.47239, 1.40775, 1.95311, 0.91365, -3.18527, -1.5259, -0.7072], [-1.20289, 1.22153, 1.8004, 1.04467, -2.92595, -1.35465, -0.78222], [-0.93338, 1.03531, 1.64768, 1.17569, -2.66663, -1.18339, -0.85724], [-0.66388, 0.8491, 1.49497, 1.30671, -2.40731, -1.01213, -0.93226], [-0.39437, 0.66288, 1.34226, 1.43773, -2.14799, -0.84087, -1.00728], [-0.26408, 0.57286, 1.26843, 1.50107, -2.02263, -0.75808, -1.04354], [-0.04177, 0.72845, 1.41371, 1.78878, -1.83013, -0.91038, -1.15415], [0.18053, 0.88404, 1.55899, 2.07649, -1.63763, -1.06268, -1.26475], [0.37166, 1.01781, 1.68389, 2.32384, -1.47213, -1.19362, -1.35984], [0.2863, 1.24796, 1.77475, 1.96685, -1.64341, -1.26219, -1.21838], [0.20095, 1.4781, 1.86561, 1.60985, -1.81468, -1.33076, -1.07692], [0.1156, 1.70825, 1.95647, 1.25285, -1.98595, -1.39932, -0.93546], [0.03025, 1.9384, 2.04732, 0.89586, -2.15722, -1.46789, -0.79401]]
end: [0.027730000000000001, 1.9451799999999999, 2.0499999999999998, 0.88534000000000002, -2.1622699999999999, -1.46991, -0.78983999999999999]
