obtacles: [[[0.6, -0.4, -0.2], [1.0, 0.6, -0.3]], [[0.7, -0.2, -0.2], [1.1, -0.1, 0.5]], [[0.7, 0.3, -0.2], [1.1, 0.4, 0.5]], [[0.7, -0.2, 0.5], [1.1, 0.4, 0.6]]]
start: [-0.60419, 1.9513, -1.0, -0.75546999999999997, 0.90014000000000005, -1.4971300000000001, -0.012710000000000001]
tajectories: [[-0.60419, 1.9513, -1.0, -0.75547, 0.90014, -1.49713, -0.01271], [-0.65011, 1.80952, -1.06927, -0.46724, 0.7185, -1.36514, -0.31187], [-0.69603, 1.66773, -1.13854, -0.17901, 0.53686, -1.23315, -0.61104], [-0.74196, 1.52595, -1.20781, 0.10923, 0.35523, -1.10115, -0.9102], [-0.78788, 1.38417, -1.27707, 0.39746, 0.17359, -0.96916, -1.20936], [-0.8338, 1.24238, -1.34634, 0.68569, -0.00805, -0.83717, -1.50853], [-0.83697, 1.23259, -1.35113, 0.7056, -0.02059, -0.82806, -1.52918], [-0.52312, 1.16712, -1.46797, 0.99901, -0.02251, -0.70903, -1.71166], [-0.20926, 1.10165, -1.58481, 1.29242, -0.02443, -0.58999, -1.89413], [0.10459, 1.03617, -1.70166, 1.58583, -0.02635, -0.47096, -2.0766], [0.41845, 0.9707, -1.8185, 1.87923, -0.02827, -0.35193, -2.25907], [0.7323, 0.90523, -1.93534, 2.17264, -0.03019, -0.2329, -2.44154], [1.04615, 0.83976, -2.05218, 2.46605, -0.03211, -0.11386, -2.62401], [1.0581, 0.83727, -2.05663, 2.47722, -0.03219, -0.10933, -2.63095], [1.01973, 1.03088, -1.96623, 2.30582, -0.28864, 0.21574, -2.58576], [0.98136, 1.2245, -1.87583, 2.13441, -0.5451, 0.54082, -2.54057], [0.94299, 1.41812, -1.78542, 1.963, -0.80156, 0.8659, -2.49538], [0.90462, 1.61174, -1.69502, 1.7916, -1.05801, 1.19097, -2.45019], [0.86625, 1.80536, -1.60462, 1.62019, -1.31447, 1.51605, -2.405]]
end: [0.86429999999999996, 1.81524, -1.6000000000000001, 1.61144, -1.3275600000000001, 1.53264, -2.4026999999999998]
obtacles: [[[0.6, -0.4, -0.2], [1.0, 0.6, -0.3]], [[0.7, -0.2, -0.2], [1.1, -0.1, 0.5]], [[0.7, 0.3, -0.2], [1.1, 0.4, 0.5]], [[0.7, -0.2, 0.5], [1.1, 0.4, 0.6]]]
start: [2.4379200000000001, -1.6733199999999999, -1.45, 0.88492000000000004, -1.72661, -1.5428500000000001, -0.17286000000000001]
tajectories: [[2.43792, -1.67332, -1.45, 0.88492, -1.72661, -1.54285, -0.17286], [2.36797, -1.35835, -1.35427, 0.7658, -1.46742, -1.5324, -0.40792], [2.29802, -1.04338, -1.25853, 0.64669, -1.20822, -1.52194, -0.64299], [2.22807, -0.72841, -1.1628, 0.52758, -0.94903, -1.51149, -0.87806], [2.15812, -0.41344, -1.06706, 0.40847, -0.68984, -1.50104, -1.11313], [2.08817, -0.09847, -0.97133, 0.28936, -0.43065, -1.49058, -1.3482], [2.01822, 0.2165, -0.87559, 0.17025, -0.17145, -1.48013, -1.58327], [1.94827, 0.53148, -0.77986, 0.05113, 0.08774, -1.46968, -1.81834], [1.93972, 0.56997, -0.76815, 0.03657, 0.11942, -1.4684, -1.84707], [1.88256, 0.63877, -0.82078, 0.46512, 0.24675, -1.32607, -1.70886], [1.82539, 0.70758, -0.87341, 0.89367, 0.37409, -1.18374, -1.57065], [1.76823, 0.77638, -0.92604, 1.32222, 0.50142, -1.04141, -1.43245], [1.71107, 0.84518, -0.97867, 1.75077, 0.62876, -0.89908, -1.29424], [1.6539, 0.91398, -1.0313, 2.17932, 0.75609, -0.75675, -1.15603], [1.60576, 0.97192, -1.07563, 2.54024, 0.86333, -0.63688, -1.03963], [1.44651, 1.06809, -1.1523, 2.35531, 0.59191, -0.36763, -1.21036], [1.28725, 1.16425, -1.22898, 2.17038, 0.32049, -0.09839, -1.38109], [1.128, 1.26042, -1.30566, 1.98546, 0.04906, 0.17086, -1.55182], [0.96875, 1.35658, -1.38234, 1.80053, -0.22236, 0.4401, -1.72255], [0.80949, 1.45275, -1.45902, 1.6156, -0.49378, 0.70935, -1.89328], [0.65024, 1.54891, -1.5357, 1.43068, -0.76521, 0.9786, -2.06401], [0.49098, 1.64508, -1.61238, 1.24575, -1.03663, 1.24784, -2.23474], [0.33173, 1.74124, -1.68906, 1.06082, -1.30805, 1.51709, -2.40548]]
end: [0.30901000000000001, 1.7549600000000001, -1.7, 1.0344500000000001, -1.34676, 1.55549, -2.4298299999999999]
obtacles: [[[0.6, -0.4, -0.2], [1.0, 0.6, -0.3]], [[0.7, -0.2, -0.2], [1.1, -0.1, 0.5]], [[0.7, 0.3, -0.2], [1.1, 0.4, 0.5]], [[0.7, -0.2, 0.5], [1.1, 0.4, 0.6]]]
start: [2.1617999999999999, -1.36456, -1.6000000000000001, 1.3597699999999999, -1.3630599999999999, -1.55585, -0.37851000000000001]
tajectories: [[2.1618, -1.36456, -1.6, 1.35977, -1.36306, -1.55585, -0.37851], [2.06588, -1.11827, -1.37013, 1.50663, -1.26289, -1.35696, -0.61545], [1.96997, -0.87198, -1.14026, 1.65348, -1.16273, -1.15808, -0.8524], [1.87405, -0.62569, -0.91039, 1.80034, -1.06256, -0.95919, -1.08935], [1.77814, -0.3794, -0.68052, 1.9472, -0.96239, -0.7603, -1.32629], [1.68222, -0.13311, -0.45065, 2.09406, -0.86222, -0.56142, -1.56324], [1.58631, 0.11318, -0.22078, 2.24092, -0.76205, -0.36253, -1.80018], [1.49039, 0.35947, 0.0091, 2.38778, -0.66188, -0.16365, -2.03713], [1.3948, 0.60492, 0.23819, 2.53415, -0.56205, 0.03457, -2.27327], [1.26358, 0.79112, -0.0703, 2.40098, -0.70838, 0.28353, -2.23069], [1.13236, 0.97733, -0.37879, 2.26782, -0.85471, 0.5325, -2.1881], [1.00114, 1.16353, -0.68728, 2.13466, -1.00104, 0.78147, -2.14551], [0.86991, 1.34973, -0.99577, 2.0015, -1.14737, 1.03044, -2.10293], [0.73869, 1.53593, -1.30426, 1.86834, -1.2937, 1.27941, -2.06034]]
end: [0.6129, 1.71444, -1.6000000000000001, 1.74068, -1.43398, 1.5180899999999999, -2.01952]
obtacles: [[[0.6, -0.4, -0.2], [1.0, 0.6, -0.3]], [[0.7, -0.2, -0.2], [1.1, -0.1, 0.5]], [[0.7, 0.3, -0.2], [1.1, 0.4, 0.5]], [[0.7, -0.2, 0.5], [1.1, 0.4, 0.6]]]
start: [2.5177, -1.6730700000000001, -1.1499999999999999, 0.90790999999999999, -1.9199200000000001, -1.3104, -0.21598000000000001]
tajectories: [[2.5177, -1.67307, -1.15, 0.90791, -1.91992, -1.3104, -0.21598], [2.2601, -1.44398, -1.08059, 1.07261, -1.91293, -1.00729, -0.13059], [2.0025, -1.21489, -1.01118, 1.23731, -1.90593, -0.70418, -0.04521], [1.7449, -0.9858, -0.94177, 1.40201, -1.89894, -0.40107, 0.04017], [1.4873, -0.75671, -0.87235, 1.56671, -1.89194, -0.09795, 0.12555], [1.2297, -0.52762, -0.80294, 1.73141, -1.88495, 0.20516, 0.21094], [0.9721, -0.29853, -0.73353, 1.89611, -1.87795, 0.50827, 0.29632], [0.81758, -0.16112, -0.6919, 1.99491, -1.87376, 0.69008, 0.34753], [0.99432, 0.0797, -0.54404, 2.12521, -1.6746, 0.79878, 0.0821], [1.17105, 0.32051, -0.39618, 2.25552, -1.47545, 0.90748, -0.18334], [1.34778, 0.56132, -0.24832, 2.38582, -1.27629, 1.01617, -0.44877], [1.52451, 0.80214, -0.10046, 2.51613, -1.07714, 1.12487, -0.71421], [1.57501, 0.87096, -0.05821, 2.55337, -1.02022, 1.15594, -0.79006], [1.3687, 1.01188, -0.34595, 2.36662, -1.11257, 1.22811, -1.02706], [1.16238, 1.1528, -0.6337, 2.17988, -1.20491, 1.30028, -1.26406], [0.95606, 1.29372, -0.92145, 1.99314, -1.29726, 1.37245, -1.50106], [0.74975, 1.43464, -1.20919, 1.8064, -1.3896, 1.44462, -1.73806], [0.54343, 1.57556, -1.49694, 1.61966, -1.48195, 1.51679, -1.97506]]
end: [0.46953, 1.6260300000000001, -1.6000000000000001, 1.55277, -1.51502, 1.54264, -2.0599500000000002]
obtacles: [[[0.6, -0.4, -0.2], [1.0, 0.6, -0.3]], [[0.7, -0.2, -0.2], [1.1, -0.1, 0.5]], [[0.7, 0.3, -0.2], [1.1, 0.4, 0.5]], [[0.7, -0.2, 0.5], [1.1, 0.4, 0.6]]]
start: [-0.78473999999999999, 1.76644, 2.2000000000000002, 1.4972700000000001, -1.86036, -0.97467999999999999, -0.55915999999999999]
tajectories: [[-0.78474, 1.76644, 2.2, 1.49727, -1.86036, -0.97468, -0.55916], [-0.9064, 1.63841, 2.30278, 1.69885, -1.46524, -0.87227, -0.5908], [-1.02807, 1.51038, 2.40556, 1.90043, -1.07012, -0.76986, -0.62243], [-1.14974, 1.38234, 2.50834, 2.10201, -0.675, -0.66746, -0.65407], [-1.27141, 1.25431, 2.61112, 2.30359, -0.27989, -0.56505, -0.68571], [-1.37751, 1.14267, 2.70074, 2.47937, 0.06466, -0.47575, -0.7133], [-1.13705, 1.33168, 2.63087, 2.56546, -0.29683, -0.48569, -0.59758], [-0.8966, 1.52069, 2.561, 2.65154, -0.65832, -0.49563, -0.48186], [-0.65615, 1.70971, 2.49113, 2.73762, -1.01981, -0.50557, -0.36614], [-0.50452, 1.8289, 2.44707, 2.7919, -1.24776, -0.51184, -0.29317], [-0.38908, 1.82524, 2.40107, 2.38219, -1.4303, -0.6861, -0.34787], [-0.27364, 1.82159, 2.35507, 1.97248, -1.61285, -0.86036, -0.40258], [-0.1582, 1.81794, 2.30907, 1.56277, -1.79539, -1.03462, -0.45728], [-0.04275, 1.81428, 2.26306, 1.15306, -1.97793, -1.20888, -0.51199], [0.07269, 1.81063, 2.21706, 0.74335, -2.16048, -1.38314, -0.56669]]
end: [0.11550000000000001, 1.8092699999999999, 2.2000000000000002, 0.59141999999999995, -2.22817, -1.4477599999999999, -0.58696999999999999]
obtacles: [[[0.6, -0.4, -0.2], [1.0, 0.6, -0.3]], [[0.7, -0.2, -0.2], [1.1, -0.1, 0.5]], [[0.7, 0.3, -0.2], [1.1, 0.4, 0.5]], [[0.7, -0.2, 0.5], [1.1, 0.4, 0.6]]]
start: [-0.84316000000000002, 1.9700800000000001, 2.2000000000000002, 0.97704000000000002, -2.2693400000000001, -1.3367599999999999, 0.08319]
tajectories: [[-0.84316, 1.97008, 2.2, 0.97704, -2.26934, -1.33676, 0.08319], [-0.98163, 1.73043, 2.27523, 1.30019, -2.16617, -1.13409, 0.19083], [-1.1201, 1.49078, 2.35046, 1.62335, -2.06299, -0.93142, 0.29846], [-1.25857, 1.25113, 2.4257, 1.9465, -1.95981, -0.72875, 0.4061], [-1.39704, 1.01148, 2.50093, 2.26966, -1.85663, -0.52608, 0.51373], [-1.42122, 0.96964, 2.51406, 2.32608, -1.83862, -0.4907, 0.53253], [-1.29056, 1.09624, 2.48073, 2.48617, -1.58171, -0.70721, 0.25453], [-1.15991, 1.22284, 2.44739, 2.64626, -1.3248, -0.92372, -0.02346], [-1.02925, 1.34944, 2.41405, 2.80634, -1.06789, -1.14024, -0.30145], [-0.9278, 1.44774, 2.38816, 2.93064, -0.86841, -1.30835, -0.5173], [-0.80813, 1.5782, 2.24058, 2.61604, -1.14083, -1.31099, -0.67118], [-0.68845, 1.70866, 2.093, 2.30143, -1.41326, -1.31362, -0.82506], [-0.56878, 1.83912, 1.94542, 1.98683, -1.68568, -1.31626, -0.97894]]
end: [-0.45085999999999998, 1.96767, 1.8, 1.6768400000000001, -1.95411, -1.3188599999999999, -1.13056]
obtacles: [[[0.6, -0.4, -0.2], [1.0, 0.6, -0.3]], [[0.7, -0.2, -0.2], [1.1, -0.1, 0.5]], [[0.7, 0.3, -0.2], [1.1, 0.4, 0.5]], [[0.7, -0.2, 0.5], [1.1, 0.4, 0.6]]]
start: [-0.65578000000000003, 1.71353, 2.2000000000000002, 0.68125999999999998, -2.1661600000000001, -1.31155, 0.10098]
tajectories: [[-0.65578, 1.71353, 2.2, 0.68126, -2.16616, -1.31155, 0.10098], [-0.75841, 1.43788, 2.17047, 0.94917, -1.89743, -1.17973, 0.06574], [-0.86104, 1.16223, 2.14093, 1.21708, -1.62869, -1.04792, 0.0305], [-0.96366, 0.88658, 2.1114, 1.48499, -1.35995, -0.91611, -0.00474], [-1.06629, 0.61093, 2.08187, 1.7529, -1.09121, -0.7843, -0.03997], [-1.16892, 0.33528, 2.05233, 2.02082, -0.82248, -0.65249, -0.07521], [-1.27154, 0.05963, 2.0228, 2.28873, -0.55374, -0.52068, -0.11045], [-1.32528, -0.08472, 2.00733, 2.42902, -0.41301, -0.45165, -0.12891], [-0.95283, -0.20812, 1.82984, 2.51591, -0.28702, -0.5239, -0.31839], [-0.58038, -0.33153, 1.65234, 2.6028, -0.16103, -0.59616, -0.50786], [-0.20793, -0.45493, 1.47485, 2.6897, -0.03504, -0.66841, -0.69734], [0.16452, -0.57834, 1.29735, 2.77659, 0.09095, -0.74066, -0.88682], [0.53698, -0.70174, 1.11986, 2.86348, 0.21693, -0.81291, -1.0763], [0.90943, -0.82515, 0.94236, 2.95037, 0.34292, -0.88516, -1.26578], [1.28188, -0.94855, 0.76486, 3.03727, 0.46891, -0.95741, -1.45526], [1.47166, -1.01143, 0.67442, 3.08154, 0.53311, -0.99423, -1.5518], [1.48686, -0.78009, 0.39718, 3.01143, 0.27998, -0.78335, -1.62881], [1.50206, -0.54874, 0.11995, 2.94132, 0.02685, -0.57248, -1.70581], [1.51726, -0.3174, -0.15729, 2.87122, -0.22628, -0.36161, -1.78281], [1.53246, -0.08605, -0.43453, 2.80111, -0.47941, -0.15073, -1.85982], [1.54766, 0.1453, -0.71177, 2.731, -0.73254, 0.06014, -1.93682], [1.56286, 0.37664, -0.98901, 2.66089, -0.98567, 0.27101, -2.01383], [1.57806, 0.60799, -1.26624, 2.59078, -1.2388, 0.48189, -2.09083], [1.58869, 0.76972, -1.46006, 2.54177, -1.41576, 0.6293, -2.14466], [1.30451, 0.99557, -1.49518, 2.28964, -1.42964, 0.85915, -2.1243], [1.02033, 1.22141, -1.53031, 2.03752, -1.44353, 1.08899, -2.10394], [0.73615, 1.44725, -1.56543, 1.78539, -1.45742, 1.31883, -2.08357]]
end: [0.45644000000000001, 1.6695500000000001, -1.6000000000000001, 1.5372300000000001, -1.47109, 1.5450600000000001, -2.0635300000000001]
obtacles: [[[0.6, -0.4, -0.2], [1.0, 0.6, -0.3]], [[0.7, -0.2, -0.2], [1.1, -0.1, 0.5]], [[0.7, 0.3, -0.2], [1.1, 0.4, 0.5]], [[0.7, -0.2, 0.5], [1.1, 0.4, 0.6]]]
start: [-0.63924999999999998, 1.4339900000000001, -1.6000000000000001, -0.49519000000000002, -1.4799, 1.46435, -3.0003799999999998]
tajectories: [[-0.63925, 1.43399, -1.6, -0.49519, -1.4799, 1.46435, -3.00038], [-0.69438, 1.20249, -1.57281, -0.24123, -1.43234, 1.32229, -2.67529], [-0.7495, 0.97098, -1.54562, 0.01274, -1.38477, 1.18023, -2.3502], [-0.80462, 0.73948, -1.51843, 0.26671, -1.33721, 1.03816, -2.02511], [-0.85975, 0.50797, -1.49124, 0.52067, -1.28965, 0.8961, -1.70002], [-0.91487, 0.27646, -1.46406, 0.77464, -1.24209, 0.75404, -1.37492], [-0.97, 0.04496, -1.43687, 1.02861, -1.19453, 0.61198, -1.04983], [-0.9766, 0.01724, -1.43361, 1.05902, -1.18883, 0.59497, -1.01091], [-0.64858, -0.08492, -1.29213, 1.15011, -1.12305, 0.54675, -1.32236], [-0.32057, -0.18708, -1.15064, 1.24121, -1.05728, 0.49853, -1.63382], [0.00744, -0.28923, -1.00916, 1.33231, -0.9915, 0.45031, -1.94527], [0.33545, -0.39139, -0.86767, 1.4234, -0.92573, 0.40209, -2.25672], [0.62535, -0.48167, -0.74263, 1.50391, -0.8676, 0.35948, -2.53198], [0.9208, -0.34271, -0.92614, 1.68655, -0.62912, 0.49638, -2.55945], [1.21625, -0.20375, -1.10964, 1.8692, -0.39064, 0.63327, -2.58691], [1.5117, -0.06479, -1.29315, 2.05184, -0.15217, 0.77017, -2.61438], [1.80715, 0.07418, -1.47665, 2.23448, 0.08631, 0.90706, -2.64184], [2.1026, 0.21314, -1.66016, 2.41713, 0.32478, 1.04396, -2.66931], [2.39806, 0.3521, -1.84366, 2.59977, 0.56326, 1.18086, -2.69677], [2.41242, 0.35886, -1.85258, 2.60865, 0.57486, 1.18751, -2.69811], [2.1232, 0.55297, -1.81582, 2.42835, 0.28077, 1.24269, -2.62547], [1.83398, 0.74709, -1.77906, 2.24805, -0.01332, 1.29787, -2.55283], [1.54475, 0.9412, -1.74229, 2.06775, -0.30741, 1.35305, -2.48019], [1.25553, 1.13532, -1.70553, 1.88746, -0.6015, 1.40823, -2.40755], [0.96631, 1.32943, -1.66877, 1.70716, -0.89559, 1.46341, -2.33491], [0.67708, 1.52355, -1.632, 1.52686, -1.18968, 1.51859, -2.26227]]
end: [0.42530000000000001, 1.6925300000000001, -1.6000000000000001, 1.3698999999999999, -1.4456899999999999, 1.56663, -2.1990400000000001]
obtacles: [[[0.6, -0.4, -0.2], [1.0, 0.6, -0.3]], [[0.7, -0.2, -0.2], [1.1, -0.1, 0.5]], [[0.7, 0.3, -0.2], [1.1, 0.4, 0.5]], [[0.7, -0.2, 0.5], [1.1, 0.4, 0.6]]]
start: [-0.77905000000000002, 1.55446, -1.6000000000000001, -0.39227000000000001, -1.5375700000000001, 1.5668599999999999, -2.7546400000000002]
tajectories: [[-0.77905, 1.55446, -1.6, -0.39227, -1.53757, 1.56686, -2.75464], [-0.86643, 1.53095, -1.55865, -0.40197, -1.04844, 1.55409, -2.77922], [-0.9538, 1.50744, -1.5173, -0.41167, -0.55932, 1.54132, -2.80379], [-1.04118, 1.48394, -1.47595, -0.42136, -0.0702, 1.52855, -2.82837], [-1.12856, 1.46043, -1.4346, -0.43106, 0.41893, 1.51578, -2.85294], [-1.21594, 1.43692, -1.39324, -0.44076, 0.90805, 1.50301, -2.87752], [-1.24498, 1.42911, -1.3795, -0.44398, 1.0706, 1.49877, -2.88568], [-1.02273, 1.20502, -1.29463, -0.18906, 1.0782, 1.24248, -2.77403], [-0.80049, 0.98093, -1.20975, 0.06585, 1.08581, 0.98619, -2.66238], [-0.57825, 0.75685, -1.12488, 0.32077, 1.09341, 0.72991, -2.55072], [-0.35601, 0.53276, -1.04, 0.57569, 1.10102, 0.47362, -2.43907], [-0.13377, 0.30867, -0.95513, 0.8306, 1.10863, 0.21733, -2.32741], [0.08848, 0.08458, -0.87025, 1.08552, 1.11623, -0.03895, -2.21576], [0.31072, -0.1395, -0.78538, 1.34044, 1.12384, -0.29524, -2.10411], [0.45908, -0.2891, -0.72872, 1.51061, 1.12891, -0.46633, -2.02957], [0.60506, -0.05586, -0.70968, 1.72929, 0.83568, -0.29331, -1.92863], [0.75104, 0.17738, -0.69063, 1.94796, 0.54245, -0.12029, -1.82769], [0.89701, 0.41061, -0.67159, 2.16663, 0.24921, 0.05273, -1.72675], [1.04299, 0.64385, -0.65255, 2.3853, -0.04402, 0.22575, -1.62582], [1.18897, 0.87709, -0.63351, 2.60398, -0.33725, 0.39877, -1.52488], [1.31082, 1.07177, -0.61761, 2.7865, -0.58202, 0.54319, -1.44062], [1.15825, 1.22903, -0.82339, 2.49974, -0.68808, 0.72472, -1.62287], [1.00568, 1.38628, -1.02916, 2.21297, -0.79415, 0.90625, -1.80512], [0.85311, 1.54353, -1.23493, 1.92621, -0.90021, 1.08778, -1.98737], [0.70054, 1.70078, -1.4407, 1.63944, -1.00627, 1.26931, -2.16962], [0.54797, 1.85803, -1.64647, 1.35268, -1.11234, 1.45084, -2.35187]]
end: [0.47121000000000002, 1.9371499999999999, -1.75, 1.2083999999999999, -1.1657, 1.54217, -2.4435600000000002]
obtacles: [[[0.6, -0.4, -0.2], [1.0, 0.6, -0.3]], [[0.7, -0.2, -0.2], [1.1, -0.1, 0.5]], [[0.7, 0.3, -0.2], [1.1, 0.4, 0.5]], [[0.7, -0.2, 0.5], [1.1, 0.4, 0.6]]]
start: [-0.29291, 1.74918, -1.8500000000000001, 0.62353999999999998, -1.2410300000000001, 1.5564800000000001, -2.2526600000000001]
tajectories: [[-0.29291, 1.74918, -1.85, 0.62354, -1.24103, 1.55648, -2.25266], [-0.30541, 1.68993, -1.9858, 0.82764, -0.85621, 1.37076, -2.1922], [-0.31792, 1.63069, -2.12161, 1.03174, -0.47139, 1.18505, -2.13174], [-0.33042, 1.57145, -2.25741, 1.23584, -0.08656, 0.99933, -2.07128], [-0.34293, 1.5122, -2.39322, 1.43994, 0.29826, 0.81362, -2.01082], [-0.35543, 1.45296, -2.52902, 1.64404, 0.68308, 0.6279, -1.95036], [-0.35841, 1.43885, -2.56138, 1.69266, 0.77476, 0.58365, -1.93595], [0.0635, 1.50274, -2.51601, 1.91195, 0.66531, 0.59033, -1.86021], [0.48542, 1.56664, -2.47064, 2.13123, 0.55585, 0.597, -1.78447], [0.90733, 1.63054, -2.42528, 2.35051, 0.4464, 0.60367, -1.70873], [1.32925, 1.69444, -2.37991, 2.5698, 0.33694, 0.61034, -1.63299], [1.75116, 1.75834, -2.33454, 2.78908, 0.22749, 0.61701, -1.55725], [1.968, 1.79118, -2.31123, 2.90178, 0.17123, 0.62044, -1.51832], [1.70032, 1.80253, -2.23735, 2.60868, -0.04534, 0.75752, -1.66379], [1.43265, 1.81389, -2.16347, 2.31558, -0.26192, 0.8946, -1.80925], [1.16498, 1.82524, -2.08959, 2.02248, -0.4785, 1.03168, -1.95472], [0.8973, 1.8366, -2.01571, 1.72938, -0.69508, 1.16876, -2.10019], [0.62963, 1.84795, -1.94182, 1.43628, -0.91165, 1.30584, -2.24565], [0.36196, 1.85931, -1.86794, 1.14319, -1.12823, 1.44292, -2.39112]]
end: [0.29694999999999999, 1.86206, -1.8500000000000001, 1.0720000000000001, -1.18083, 1.47621, -2.42645]
obtacles: [[[0.6, -0.4, -0.2], [1.0, 0.6, -0.3]], [[0.7, -0.2, -0.2], [1.1, -0.1, 0.5]], [[0.7, 0.3, -0.2], [1.1, 0.4, 0.5]], [[0.7, -0.2, 0.5], [1.1, 0.4, 0.6]]]
start: [-0.45216000000000001, 1.68022, 1.8500000000000001, 0.39634000000000003, -1.8701099999999999, -1.5657799999999999, 0.071959999999999996]
tajectories: [[-0.45216, 1.68022, 1.85, 0.39634, -1.87011, -1.56578, 0.07196], [-0.75642, 1.63739, 1.79784, 0.52311, -2.08849, -1.46583, -0.20932], [-1.06069, 1.59457, 1.74569, 0.64988, -2.30687, -1.36588, -0.49059], [-1.36495, 1.55174, 1.69353, 0.77666, -2.52526, -1.26594, -0.77187], [-1.66922, 1.50891, 1.64138, 0.90343, -2.74364, -1.16599, -1.05315], [-1.97349, 1.46609, 1.58922, 1.0302, -2.96202, -1.06604, -1.33442], [-2.26032, 1.42572, 1.54005, 1.14971, -3.16789, -0.97182, -1.59959], [-1.89343, 1.41349, 1.68782, 1.43604, -3.06431, -0.95106, -1.58359], [-1.52653, 1.40126, 1.83559, 1.72238, -2.96072, -0.93031, -1.5676], [-1.15964, 1.38903, 1.98337, 2.00871, -2.85714, -0.90956, -1.55161], [-0.79274, 1.3768, 2.13114, 2.29504, -2.75356, -0.88881, -1.53562], [-0.42585, 1.36458, 2.27891, 2.58138, -2.64998, -0.86805, -1.51963], [-0.25704, 1.35895, 2.3469, 2.71312, -2.60232, -0.8585, -1.51227], [-0.23297, 1.45069, 2.23762, 2.31744, -2.44885, -0.99552, -1.33855], [-0.2089, 1.54244, 2.12834, 1.92177, -2.29538, -1.13253, -1.16483], [-0.18483, 1.63418, 2.01907, 1.52609, -2.14191, -1.26954, -0.99111], [-0.16076, 1.72593, 1.90979, 1.13042, -1.98844, -1.40656, -0.81739]]
end: [-0.14760000000000001, 1.77613, 1.8500000000000001, 0.91393000000000002, -1.9044700000000001, -1.4815199999999999, -0.72233999999999998]
