obtacles: [[[0.6, -0.4, -0.2], [1.0, 0.6, -0.3]], [[0.7, -0.3, -0.2], [1.1, -0.2, 0.3]], [[0.7, 0.3, -0.2], [1.1, 0.4, 0.3]], [[0.7, -0.3, 0.3], [1.1, 0.4, 0.4]]]
start: [2.4412199999999999, -1.71072, -0.65000000000000002, 0.35536000000000001, 0.65044000000000002, 1.4267799999999999, -2.6556199999999999]
tajectories: [[2.44122, -1.71072, -0.65, 0.35536, 0.65044, 1.42678, -2.65562], [2.32006, -1.36797, -0.73879, 0.63124, 0.57279, 1.31279, -2.53387], [2.19891, -1.02521, -0.82759, 0.90712, 0.49513, 1.19879, -2.41212], [2.07776, -0.68245, -0.91638, 1.18299, 0.41747, 1.0848, -2.29037], [1.95661, -0.3397, -1.00517, 1.45887, 0.33981, 0.9708, -2.16863], [1.83546, 0.00306, -1.09397, 1.73475, 0.26216, 0.85681, -2.04688], [1.71431, 0.34581, -1.18276, 2.01062, 0.1845, 0.74281, -1.92513], [1.59316, 0.68857, -1.27155, 2.2865, 0.10684, 0.62882, -1.80338], [1.472, 1.03133, -1.36035, 2.56238, 0.02918, 0.51482, -1.68163], [1.39214, 1.25727, -1.41888, 2.74423, -0.02201, 0.43968, -1.60138], [1.23627, 1.36946, -1.45693, 2.49524, -0.30098, 0.67187, -1.7353], [1.08039, 1.48165, -1.49498, 2.24625, -0.57995, 0.90405, -1.86922], [0.92451, 1.59385, -1.53303, 1.99725, -0.85892, 1.13624, -2.00314], [0.76864, 1.70604, -1.57108, 1.74826, -1.13789, 1.36842, -2.13707]]
end: [0.65017999999999998, 1.7912999999999999, -1.6000000000000001, 1.55904, -1.34989, 1.54488, -2.2388400000000002]
obtacles: [[[0.6, -0.4, -0.2], [1.0, 0.6, -0.3]], [[0.7, -0.3, -0.2], [1.1, -0.2, 0.3]], [[0.7, 0.3, -0.2], [1.1, 0.4, 0.3]], [[0.7, -0.3, 0.3], [1.1, 0.4, 0.4]]]
start: [2.20906, -1.9241999999999999, -1.25, 1.0685800000000001, -2.03498, -1.4779599999999999, -0.056320000000000002]
tajectories: [[2.20906, -1.9242, -1.25, 1.06858, -2.03498, -1.47796, -0.05632], [2.06217, -1.56777, -1.24663, 1.20415, -2.11563, -1.3714, -0.31153], [1.91527, -1.21134, -1.24327, 1.33973, -2.19628, -1.26485, -0.56673], [1.76838, -0.85491, -1.2399, 1.47531, -2.27693, -1.15829, -0.82194], [1.62148, -0.49848, -1.23653, 1.61088, -2.35758, -1.05174, -1.07714], [1.53309, -0.284, -1.23451, 1.69246, -2.40611, -0.98762, -1.23071], [1.56398, 0.0905, -1.33023, 1.83664, -2.16157, -0.86361, -1.17017], [1.59487, 0.465, -1.42595, 1.98082, -1.91703, -0.7396, -1.10963], [1.62575, 0.83951, -1.52168, 2.125, -1.67249, -0.6156, -1.04909], [1.65664, 1.21401, -1.6174, 2.26917, -1.42795, -0.49159, -0.98855], [1.68753, 1.58851, -1.71313, 2.41335, -1.18342, -0.36758, -0.928], [1.70585, 1.8107, -1.76992, 2.49889, -1.03833, -0.29401, -0.89209], [1.49815, 1.79148, -1.7369, 2.34729, -1.11551, 0.05881, -1.12008], [1.29044, 1.77227, -1.70387, 2.1957, -1.19269, 0.41162, -1.34807], [1.08273, 1.75305, -1.67085, 2.0441, -1.26987, 0.76444, -1.57606], [0.87502, 1.73383, -1.63783, 1.89251, -1.34705, 1.11726, -1.80405], [0.66732, 1.71461, -1.60481, 1.74091, -1.42423, 1.47008, -2.03204]]
end: [0.63707000000000003, 1.7118199999999999, -1.6000000000000001, 1.7188399999999999, -1.43547, 1.52145, -2.0652400000000002]
obtacles: [[[0.6, -0.4, -0.2], [1.0, 0.6, -0.3]], [[0.7, -0.3, -0.2], [1.1, -0.2, 0.3]], [[0.7, 0.3, -0.2], [1.1, 0.4, 0.3]], [[0.7, -0.3, 0.3], [1.1, 0.4, 0.4]]]
start: [2.2706499999999998, -1.7164900000000001, -1.25, 0.91890000000000005, -1.8845799999999999, -1.41018, 0.0011199999999999999]
tajectories: [[2.27065, -1.71649, -1.25, 0.9189, -1.88458, -1.41018, 0.00112], [2.00636, -1.54499, -1.20967, 1.05942, -1.93731, -1.2234, -0.3017], [1.74208, -1.37349, -1.16935, 1.19994, -1.99005, -1.03661, -0.60453], [1.4778, -1.20199, -1.12902, 1.34046, -2.04278, -0.84983, -0.90736], [1.21352, -1.03049, -1.08869, 1.48098, -2.09552, -0.66305, -1.21018], [0.94924, -0.859, -1.04837, 1.6215, -2.14826, -0.47627, -1.51301], [0.68496, -0.6875, -1.00804, 1.76202, -2.20099, -0.28949, -1.81583], [0.42068, -0.516, -0.96771, 1.90254, -2.25373, -0.1027, -2.11866], [0.34328, -0.46577, -0.9559, 1.94369, -2.26917, -0.048, -2.20735], [0.55644, -0.17925, -0.94019, 2.05243, -1.9768, -0.16502, -2.31328], [0.7696, 0.10727, -0.92447, 2.16116, -1.68443, -0.28203, -2.41921], [0.98277, 0.3938, -0.90876, 2.26989, -1.39206, -0.39905, -2.52515], [1.19593, 0.68032, -0.89304, 2.37863, -1.09968, -0.51606, -2.63108], [1.40909, 0.96684, -0.87733, 2.48736, -0.80731, -0.63308, -2.73702], [1.43129, 0.99667, -0.87569, 2.49868, -0.77687, -0.64526, -2.74805], [1.29962, 1.11265, -1.00339, 2.31771, -0.90164, -0.25822, -2.67892], [1.16795, 1.22863, -1.13109, 2.13673, -1.02642, 0.12883, -2.6098], [1.03628, 1.34461, -1.25879, 1.95575, -1.15119, 0.51588, -2.54068], [0.90461, 1.46059, -1.38649, 1.77478, -1.27597, 0.90293, -2.47155], [0.77294, 1.57657, -1.51419, 1.5938, -1.40075, 1.28997, -2.40243]]
end: [0.68445999999999996, 1.6545099999999999, -1.6000000000000001, 1.4721900000000001, -1.4845999999999999, 1.5500700000000001, -2.3559800000000002]
obtacles: [[[0.6, -0.4, -0.2], [1.0, 0.6, -0.3]], [[0.7, -0.3, -0.2], [1.1, -0.2, 0.3]], [[0.7, 0.3, -0.2], [1.1, 0.4, 0.3]], [[0.7, -0.3, 0.3], [1.1, 0.4, 0.4]]]
start: [2.4868899999999998, -1.7406699999999999, -1.1499999999999999, 0.64846000000000004, -2.01031, -1.46217, 0.066890000000000005]
tajectories: [[2.48689, -1.74067, -1.15, 0.64846, -2.01031, -1.46217, 0.06689], [2.28001, -1.65184, -0.87859, 0.90636, -2.07974, -1.23727, 0.12806], [2.07314, -1.563, -0.60719, 1.16425, -2.14917, -1.01238, 0.18923], [1.86626, -1.47417, -0.33578, 1.42214, -2.2186, -0.78748, 0.2504], [1.65938, -1.38534, -0.06437, 1.68003, -2.28803, -0.56259, 0.31157], [1.4525, -1.2965, 0.20703, 1.93792, -2.35746, -0.33769, 0.37274], [1.25534, -1.21184, 0.4657, 2.18371, -2.42364, -0.12335, 0.43103], [1.11765, -0.88249, 0.3229, 2.21533, -2.49371, -0.12727, 0.12079], [0.97996, -0.55314, 0.18009, 2.24696, -2.56378, -0.13119, -0.18945], [0.84227, -0.22379, 0.03729, 2.27858, -2.63384, -0.13511, -0.4997], [0.70459, 0.10557, -0.10551, 2.31021, -2.70391, -0.13903, -0.80994], [0.5669, 0.43492, -0.24832, 2.34183, -2.77398, -0.14295, -1.12019], [0.42921, 0.76427, -0.39112, 2.37345, -2.84405, -0.14687, -1.43043], [0.35533, 0.94099, -0.46775, 2.39042, -2.88165, -0.14897, -1.5969], [0.43078, 1.08301, -0.65477, 2.23939, -2.62685, 0.13398, -1.74306], [0.50622, 1.22503, -0.84179, 2.08835, -2.37205, 0.41694, -1.88923], [0.58167, 1.36706, -1.02881, 1.93732, -2.11725, 0.69989, -2.03539], [0.65711, 1.50908, -1.21583, 1.78628, -1.86245, 0.98284, -2.18156], [0.73256, 1.6511, -1.40285, 1.63524, -1.60765, 1.26579, -2.32772], [0.808, 1.79313, -1.58987, 1.48421, -1.35285, 1.54874, -2.47389]]
end: [0.81208999999999998, 1.8008200000000001, -1.6000000000000001, 1.47603, -1.3390500000000001, 1.5640700000000001, -2.4818099999999998]
obtacles: [[[0.6, -0.4, -0.2], [1.0, 0.6, -0.3]], [[0.7, -0.3, -0.2], [1.1, -0.2, 0.3]], [[0.7, 0.3, -0.2], [1.1, 0.4, 0.3]], [[0.7, -0.3, 0.3], [1.1, 0.4, 0.4]]]
start: [2.1966999999999999, -1.71109, -1.5, 1.19754, -1.7272000000000001, -1.55657, -0.24656]
tajectories: [[2.1967, -1.71109, -1.5, 1.19754, -1.7272, -1.55657, -0.24656], [2.13922, -1.50596, -1.23094, 1.40189, -1.74995, -1.28266, -0.36869], [2.08173, -1.30083, -0.96187, 1.60625, -1.7727, -1.00875, -0.49082], [2.02425, -1.0957, -0.69281, 1.8106, -1.79545, -0.73483, -0.61295], [1.96676, -0.89057, -0.42374, 2.01495, -1.8182, -0.46092, -0.73507], [1.90928, -0.68544, -0.15468, 2.21931, -1.84094, -0.18701, -0.8572], [1.85179, -0.4803, 0.11439, 2.42366, -1.86369, 0.0869, -0.97933], [1.83053, -0.40442, 0.21392, 2.49925, -1.87211, 0.18822, -1.02451], [1.74206, -0.04797, 0.00939, 2.44159, -1.7174, 0.38523, -1.10944], [1.65359, 0.30848, -0.19513, 2.38392, -1.56269, 0.58224, -1.19437], [1.56511, 0.66493, -0.39966, 2.32625, -1.40798, 0.77925, -1.2793], [1.47664, 1.02138, -0.60419, 2.26859, -1.25328, 0.97626, -1.36423], [1.41088, 1.28634, -0.75622, 2.22572, -1.13827, 1.1227, -1.42736], [1.16745, 1.44042, -0.98874, 2.00028, -1.16824, 1.23666, -1.64698], [0.92402, 1.59449, -1.22126, 1.77484, -1.1982, 1.35061, -1.86659], [0.6806, 1.74857, -1.45378, 1.54939, -1.22816, 1.46456, -2.0862]]
end: [0.47517999999999999, 1.87859, -1.6499999999999999, 1.3591500000000001, -1.25345, 1.5607200000000001, -2.2715299999999998]
