obtacles: [[[0.6, -0.4, -0.2], [1.0, 0.6, -0.3]], [[0.8, -0.2, -0.2], [1.2, -0.1, 0.5]], [[0.8, 0.2, -0.2], [1.2, 0.3, 0.5]], [[0.8, -0.2, 0.5], [1.2, 0.3, 0.6]]]
start: [2.5127100000000002, -1.7857799999999999, -0.90000000000000002, 0.39282, -2.2693500000000002, -1.5354000000000001, 0.32413999999999998]
tajectories: [[2.51271, -1.78578, -0.9, 0.39282, -2.26935, -1.5354, 0.32414], [2.35396, -1.43953, -0.91601, 0.62453, -2.47609, -1.49768, 0.24166], [2.19521, -1.09328, -0.93201, 0.85623, -2.68283, -1.45996, 0.15918], [2.03647, -0.74703, -0.94802, 1.08793, -2.88957, -1.42223, 0.0767], [1.87772, -0.40078, -0.96403, 1.31963, -3.09631, -1.38451, -0.00577], [1.71897, -0.05453, -0.98004, 1.55134, -3.30305, -1.34679, -0.08825], [1.56022, 0.29172, -0.99604, 1.78304, -3.50979, -1.30907, -0.17073], [1.40147, 0.63797, -1.01205, 2.01474, -3.71653, -1.27134, -0.25321], [1.26005, 0.94642, -1.02631, 2.22115, -3.9007, -1.23774, -0.32669], [1.05815, 1.17375, -1.18971, 1.98145, -3.98904, -1.3124, -0.08169], [0.85625, 1.40107, -1.35311, 1.74175, -4.07737, -1.38706, 0.16331], [0.65435, 1.6284, -1.51651, 1.50205, -4.16571, -1.46172, 0.40831], [0.45245, 1.85572, -1.67992, 1.26235, -4.25405, -1.53637, 0.65331]]
end: [0.36585000000000001, 1.95323, -1.75, 1.15954, -4.2919400000000003, -1.5684, 0.75839000000000001]
obtacles: [[[0.6, -0.4, -0.2], [1.0, 0.6, -0.3]], [[0.8, -0.2, -0.2], [1.2, -0.1, 0.5]], [[0.8, 0.2, -0.2], [1.2, 0.3, 0.5]], [[0.8, -0.2, 0.5], [1.2, 0.3, 0.6]]]
start: [-0.23576, 1.9036, -2.1499999999999999, 0.56711, -4.0540000000000003, -1.5684400000000001, 0.70206000000000002]
tajectories: [[-0.23576, 1.9036, -2.15, 0.56711, -4.054, -1.56844, 0.70206], [-0.20209, 1.83549, -2.20139, 0.88798, -4.16437, -1.36426, 0.41093], [-0.16841, 1.76738, -2.25279, 1.20885, -4.27473, -1.16007, 0.1198], [-0.13473, 1.69927, -2.30418, 1.52972, -4.38509, -0.95589, -0.17133], [-0.10106, 1.63116, -2.35557, 1.85059, -4.49546, -0.7517, -0.46245], [-0.07845, 1.58543, -2.39008, 2.06603, -4.56956, -0.61461, -0.65792], [0.1654, 1.54934, -2.48021, 2.3583, -4.34369, -0.71897, -0.47412], [0.40925, 1.51325, -2.57033, 2.65057, -4.11782, -0.82332, -0.29031], [0.55728, 1.49135, -2.62505, 2.828, -3.98071, -0.88667, -0.17873], [0.53361, 1.61033, -2.49708, 2.42293, -4.0325, -0.95718, 0.03846], [0.50995, 1.72931, -2.3691, 2.01787, -4.08428, -1.0277, 0.25565], [0.48628, 1.84829, -2.24113, 1.6128, -4.13607, -1.09821, 0.47284]]
end: [0.46943000000000001, 1.93302, -2.1499999999999999, 1.3243499999999999, -4.1729500000000002, -1.14842, 0.62749999999999995]
obtacles: [[[0.6, -0.4, -0.2], [1.0, 0.6, -0.3]], [[0.8, -0.2, -0.2], [1.2, -0.1, 0.5]], [[0.8, 0.2, -0.2], [1.2, 0.3, 0.5]], [[0.8, -0.2, 0.5], [1.2, 0.3, 0.6]]]
start: [-0.14976, 1.7218199999999999, -2.1499999999999999, 0.87577000000000005, -4.2030399999999997, -1.2458499999999999, 0.89515999999999996]
tajectories: [[-0.14976, 1.72182, -2.15, 0.87577, -4.20304, -1.24585, 0.89516], [-0.15069, 1.73028, -2.22778, 1.19346, -4.15124, -0.88417, 0.79796], [-0.15132, 1.73595, -2.27992, 1.40642, -4.11652, -0.64172, 0.73281], [0.15556, 1.73282, -2.25685, 1.70566, -4.13524, -0.70904, 0.48613], [0.46244, 1.72969, -2.23378, 2.00491, -4.15395, -0.77637, 0.23945], [0.63396, 1.72794, -2.22088, 2.17216, -4.16441, -0.814, 0.10157], [0.56314, 1.81794, -2.19144, 1.74921, -4.14021, -0.99389, 0.25708], [0.49233, 1.90794, -2.16199, 1.32626, -4.11602, -1.17378, 0.41259]]
end: [0.46350000000000002, 1.94459, -2.1499999999999999, 1.15405, -4.1061699999999997, -1.2470300000000001, 0.47591]
obtacles: [[[0.6, -0.4, -0.2], [1.0, 0.6, -0.3]], [[0.8, -0.2, -0.2], [1.2, -0.1, 0.5]], [[0.8, 0.2, -0.2], [1.2, 0.3, 0.5]], [[0.8, -0.2, 0.5], [1.2, 0.3, 0.6]]]
start: [-0.66203000000000001, 1.72078, 2.2000000000000002, 0.50968000000000002, -2.1991399999999999, -1.4167099999999999, 0.25139]
tajectories: [[-0.66203, 1.72078, 2.2, 0.50968, -2.19914, -1.41671, 0.25139], [-0.73481, 1.54457, 2.2184, 0.74988, -2.37701, -1.4107, -0.10066], [-0.80758, 1.36836, 2.23681, 0.99008, -2.55488, -1.40469, -0.45272], [-0.88036, 1.19215, 2.25521, 1.23029, -2.73275, -1.39868, -0.80477], [-0.95314, 1.01595, 2.27361, 1.47049, -2.91063, -1.39266, -1.15683], [-1.02592, 0.83974, 2.29202, 1.71069, -3.0885, -1.38665, -1.50889], [-1.03066, 0.82824, 2.29322, 1.72636, -3.10011, -1.38626, -1.53186], [-1.02945, 0.74445, 2.15104, 1.94099, -3.25714, -1.41844, -1.14327], [-1.02823, 0.66065, 2.00886, 2.15562, -3.41418, -1.45063, -0.75468], [-1.02701, 0.57686, 1.86668, 2.37024, -3.57122, -1.48281, -0.36609], [-1.02579, 0.49307, 1.72451, 2.58487, -3.72826, -1.515, 0.0225], [-1.02457, 0.40927, 1.58233, 2.79949, -3.8853, -1.54718, 0.41109], [-1.02457, 0.40898, 1.58183, 2.80025, -3.88585, -1.5473, 0.41245], [-0.91352, 0.65247, 1.64734, 2.56214, -3.60403, -1.50997, 0.22119], [-0.80248, 0.89596, 1.71284, 2.32402, -3.32222, -1.47264, 0.02993], [-0.69143, 1.13945, 1.77835, 2.08591, -3.0404, -1.43532, -0.16133], [-0.58039, 1.38293, 1.84386, 1.8478, -2.75858, -1.39799, -0.35259], [-0.46934, 1.62642, 1.90937, 1.60969, -2.47676, -1.36066, -0.54385], [-0.3583, 1.86991, 1.97487, 1.37158, -2.19495, -1.32334, -0.73511]]
end: [-0.31569999999999998, 1.9633100000000001, 2.0, 1.28024, -2.08684, -1.3090200000000001, -0.80847000000000002]
obtacles: [[[0.6, -0.4, -0.2], [1.0, 0.6, -0.3]], [[0.8, -0.2, -0.2], [1.2, -0.1, 0.5]], [[0.8, 0.2, -0.2], [1.2, 0.3, 0.5]], [[0.8, -0.2, 0.5], [1.2, 0.3, 0.6]]]
start: [-0.70199, 1.5365599999999999, 2.0, 0.7923, -1.8572500000000001, -1.24491, -0.050360000000000002]
tajectories: [[-0.70199, 1.53656, 2.0, 0.7923, -1.85725, -1.24491, -0.05036], [-0.88982, 1.12428, 2.00382, 0.65404, -1.95836, -1.15192, -0.13248], [-1.07766, 0.712, 2.00765, 0.51578, -2.05947, -1.05893, -0.21459], [-1.26549, 0.29972, 2.01147, 0.37751, -2.16058, -0.96594, -0.29671], [-1.45332, -0.11256, 2.01529, 0.23925, -2.26169, -0.87295, -0.37882], [-1.64116, -0.52484, 2.01912, 0.10099, -2.3628, -0.77996, -0.46093], [-1.71804, -0.69359, 2.02068, 0.0444, -2.40418, -0.74189, -0.49455], [-1.49906, -0.55214, 2.08418, 0.33915, -2.35424, -0.82153, -0.20768], [-1.28007, -0.41069, 2.14768, 0.63391, -2.30429, -0.90116, 0.07918], [-1.06109, -0.26924, 2.21118, 0.92866, -2.25435, -0.9808, 0.36605], [-0.84211, -0.12779, 2.27467, 1.22341, -2.2044, -1.06043, 0.65291], [-0.75817, -0.07357, 2.29901, 1.3364, -2.18526, -1.09096, 0.76287], [-0.76682, 0.14013, 2.36843, 1.50613, -2.47809, -0.81058, 0.84206], [-0.77547, 0.35382, 2.43784, 1.67587, -2.77092, -0.53021, 0.92125], [-0.78412, 0.56752, 2.50725, 1.8456, -3.06376, -0.24984, 1.00044], [-0.79277, 0.78122, 2.57666, 2.01533, -3.35659, 0.03054, 1.07963], [-0.80142, 0.99492, 2.64607, 2.18506, -3.64942, 0.31091, 1.15881], [-0.8076, 1.14765, 2.69568, 2.30637, -3.85871, 0.5113, 1.21541], [-0.74338, 1.24662, 2.59914, 2.16242, -3.59984, 0.26403, 0.93634], [-0.67917, 1.34559, 2.5026, 2.01846, -3.34097, 0.01676, 0.65726], [-0.61495, 1.44456, 2.40607, 1.8745, -3.0821, -0.23051, 0.37819], [-0.55073, 1.54354, 2.30953, 1.73055, -2.82323, -0.47777, 0.09912], [-0.48651, 1.64251, 2.21299, 1.58659, -2.56436, -0.72504, -0.17996], [-0.42229, 1.74148, 2.11645, 1.44263, -2.30548, -0.97231, -0.45903], [-0.35807, 1.84045, 2.01992, 1.29868, -2.04661, -1.21958, -0.7381]]
end: [-0.34482000000000002, 1.86087, 2.0, 1.26898, -1.9932099999999999, -1.2705900000000001, -0.79568000000000005]
obtacles: [[[0.6, -0.4, -0.2], [1.0, 0.6, -0.3]], [[0.8, -0.2, -0.2], [1.2, -0.1, 0.5]], [[0.8, 0.2, -0.2], [1.2, 0.3, 0.5]], [[0.8, -0.2, 0.5], [1.2, 0.3, 0.6]]]
start: [-0.56169999999999998, 1.96746, 2.2999999999999998, 0.94537000000000004, -2.34531, -1.2952900000000001, -0.11759]
tajectories: [[-0.5617, 1.96746, 2.3, 0.94537, -2.34531, -1.29529, -0.11759], [-0.58802, 1.83598, 2.35235, 0.82101, -2.43918, -1.14864, 0.31077], [-0.61434, 1.70449, 2.4047, 0.69665, -2.53304, -1.00198, 0.73913], [-0.64066, 1.57301, 2.45706, 0.57228, -2.62691, -0.85533, 1.16749], [-0.66698, 1.44153, 2.50941, 0.44792, -2.72078, -0.70868, 1.59586], [-0.6933, 1.31004, 2.56176, 0.32356, -2.81465, -0.56203, 2.02422], [-0.71962, 1.17856, 2.61411, 0.1992, -2.90851, -0.41538, 2.45258], [-0.7345, 1.10422, 2.64371, 0.12888, -2.96158, -0.33246, 2.69477], [-0.76215, 1.17104, 2.62988, 0.57699, -2.94916, -0.49093, 2.55871], [-0.7898, 1.23785, 2.61605, 1.0251, -2.93674, -0.64941, 2.42265], [-0.81744, 1.30466, 2.60222, 1.47321, -2.92432, -0.80788, 2.28659], [-0.84509, 1.37148, 2.58839, 1.92131, -2.9119, -0.96635, 2.15053], [-0.87274, 1.43829, 2.57456, 2.36942, -2.89948, -1.12483, 2.01447], [-0.89044, 1.48107, 2.5657, 2.65631, -2.89153, -1.22628, 1.92737], [-0.77285, 1.5357, 2.52418, 2.36502, -2.79801, -1.23608, 1.55619], [-0.65526, 1.59033, 2.48265, 2.07373, -2.7045, -1.24588, 1.18501], [-0.53766, 1.64497, 2.44113, 1.78244, -2.61098, -1.25569, 0.81384], [-0.42007, 1.6996, 2.39961, 1.49115, -2.51746, -1.26549, 0.44266], [-0.30248, 1.75424, 2.35808, 1.19986, -2.42394, -1.27529, 0.07148], [-0.18489, 1.80887, 2.31656, 0.90858, -2.33043, -1.28509, -0.29969]]
end: [-0.13800000000000001, 1.83066, 2.2999999999999998, 0.79242000000000001, -2.2931300000000001, -1.2889999999999999, -0.44771]
