obtacles: [[[0.6, -0.4, -0.2], [1.0, 0.6, -0.3]], [[0.8, -0.1, -0.2], [1.0, -0.0, 0.4]], [[0.8, 0.3, -0.2], [1.0, 0.4, 0.4]], [[0.8, -0.1, 0.4], [1.0, 0.4, 0.5]]]
start: [2.34185, -1.6133200000000001, -1.3500000000000001, 0.96730000000000005, -1.7326600000000001, -1.4141300000000001, -0.15010999999999999]
tajectories: [[2.34185, -1.61332, -1.35, 0.9673, -1.73266, -1.41413, -0.15011], [2.26219, -1.35643, -1.52023, 1.03018, -1.40887, -1.24449, -0.04468], [2.18252, -1.09954, -1.69045, 1.09307, -1.08509, -1.07484, 0.06074], [2.10286, -0.84265, -1.86068, 1.15595, -0.7613, -0.9052, 0.16617], [2.02319, -0.58576, -2.03091, 1.21883, -0.43752, -0.73556, 0.27159], [1.94353, -0.32887, -2.20113, 1.28172, -0.11373, -0.56592, 0.37702], [1.89406, -0.16936, -2.30684, 1.32077, 0.08732, -0.46058, 0.44248], [1.5919, 0.13943, -2.3271, 1.42736, 0.11101, -0.29987, 0.60119], [1.28973, 0.44821, -2.34736, 1.53395, 0.1347, -0.13917, 0.7599], [0.98757, 0.75699, -2.36763, 1.64055, 0.15839, 0.02154, 0.91861], [0.6854, 1.06577, -2.38789, 1.74714, 0.18208, 0.18225, 1.07732], [0.38324, 1.37456, -2.40816, 1.85374, 0.20576, 0.34296, 1.23603], [0.34413, 1.41452, -2.41078, 1.86753, 0.20883, 0.36376, 1.25657], [0.37944, 1.44684, -2.31192, 1.83561, 0.00498, 0.50693, 0.83841], [0.41475, 1.47916, -2.21306, 1.80369, -0.19887, 0.65011, 0.42024], [0.45007, 1.51148, -2.1142, 1.77176, -0.40272, 0.79328, 0.00208], [0.48538, 1.5438, -2.01534, 1.73984, -0.60658, 0.93646, -0.41609], [0.52069, 1.57611, -1.91649, 1.70791, -0.81043, 1.07963, -0.83425], [0.556, 1.60843, -1.81763, 1.67599, -1.01428, 1.22281, -1.25242], [0.59131, 1.64075, -1.71877, 1.64407, -1.21813, 1.36598, -1.67059], [0.62662, 1.67307, -1.61991, 1.61214, -1.42198, 1.50915, -2.08875]]
end: [0.63373000000000002, 1.6795800000000001, -1.6000000000000001, 1.60571, -1.4630399999999999, 1.53799, -2.1729799999999999]
obtacles: [[[0.6, -0.4, -0.2], [1.0, 0.6, -0.3]], [[0.8, -0.1, -0.2], [1.0, -0.0, 0.4]], [[0.8, 0.3, -0.2], [1.0, 0.4, 0.4]], [[0.8, -0.1, 0.4], [1.0, 0.4, 0.5]]]
start: [0.085769999999999999, 1.58209, -1.6000000000000001, 1.26197, -1.55115, 1.5464100000000001, -1.9658]
tajectories: [[0.08577, 1.58209, -1.6, 1.26197, -1.55115, 1.54641, -1.9658], [0.19136, 1.29779, -1.3791, 1.38089, -1.39057, 1.3041, -1.86293], [0.29696, 1.01348, -1.15821, 1.4998, -1.22999, 1.06179, -1.76006], [0.40255, 0.72917, -0.93731, 1.61872, -1.06941, 0.81947, -1.6572], [0.50814, 0.44487, -0.71641, 1.73763, -0.90883, 0.57716, -1.55433], [0.61374, 0.16056, -0.49552, 1.85655, -0.74825, 0.33485, -1.45146], [0.70791, -0.09301, -0.29851, 1.96261, -0.60503, 0.11874, -1.35972], [1.01692, 0.12209, -0.49265, 2.05186, -0.35578, 0.10191, -1.34635], [1.32593, 0.33719, -0.68679, 2.14111, -0.10652, 0.08509, -1.33299], [1.63494, 0.55229, -0.88094, 2.23037, 0.14273, 0.06826, -1.31963], [1.94394, 0.76739, -1.07508, 2.31962, 0.39198, 0.05144, -1.30626], [2.12803, 0.89553, -1.19074, 2.37279, 0.54048, 0.04142, -1.2983], [1.91353, 1.01406, -1.25684, 2.20781, 0.26051, 0.25812, -1.47999], [1.69902, 1.13258, -1.32295, 2.04283, -0.01945, 0.47482, -1.66168], [1.48451, 1.25111, -1.38905, 1.87785, -0.29941, 0.69152, -1.84337], [1.27, 1.36963, -1.45515, 1.71287, -0.57937, 0.90822, -2.02506], [1.0555, 1.48816, -1.52126, 1.54789, -0.85933, 1.12492, -2.20676], [0.84099, 1.60669, -1.58736, 1.38291, -1.1393, 1.34162, -2.38845]]
end: [0.63773000000000002, 1.7190000000000001, -1.6499999999999999, 1.22658, -1.4045799999999999, 1.5469599999999999, -2.5606100000000001]
obtacles: [[[0.6, -0.4, -0.2], [1.0, 0.6, -0.3]], [[0.8, -0.1, -0.2], [1.0, -0.0, 0.4]], [[0.8, 0.3, -0.2], [1.0, 0.4, 0.4]], [[0.8, -0.1, 0.4], [1.0, 0.4, 0.5]]]
start: [-0.75151999999999997, 1.77566, 2.1000000000000001, 1.0554600000000001, -2.0325799999999998, -1.2346600000000001, -0.16852]
tajectories: [[-0.75152, 1.77566, 2.1, 1.05546, -2.03258, -1.23466, -0.16852], [-0.80621, 1.63483, 2.3157, 1.39685, -1.91662, -1.37868, -0.34149], [-0.82622, 1.58332, 2.39459, 1.52172, -1.87421, -1.43136, -0.40475], [-0.5523, 1.63606, 2.28007, 1.73262, -2.03138, -1.5063, -0.69506], [-0.50568, 1.64504, 2.26057, 1.76852, -2.05813, -1.51906, -0.74448], [-0.40545, 1.85634, 1.985, 1.95671, -2.13002, -1.54914, -1.02355], [-0.38732, 1.89457, 1.93514, 1.99077, -2.14302, -1.55458, -1.07404], [-0.22165, 1.9411, 1.7856, 1.62455, -1.99743, -1.44368, -1.24844]]
end: [-0.18221999999999999, 1.95218, 1.75, 1.53738, -1.9627699999999999, -1.4172800000000001, -1.2899499999999999]
obtacles: [[[0.6, -0.4, -0.2], [1.0, 0.6, -0.3]], [[0.8, -0.1, -0.2], [1.0, -0.0, 0.4]], [[0.8, 0.3, -0.2], [1.0, 0.4, 0.4]], [[0.8, -0.1, 0.4], [1.0, 0.4, 0.5]]]
start: [-0.76185999999999998, 1.9484999999999999, 1.6499999999999999, 1.4786600000000001, -1.95441, -1.53148, -0.69401999999999997]
tajectories: [[-0.76186, 1.9485, 1.65, 1.47866, -1.95441, -1.53148, -0.69402], [-0.92676, 1.66927, 1.81454, 1.55547, -2.22474, -1.40705, -0.54137], [-1.09167, 1.39004, 1.97907, 1.63228, -2.49507, -1.28261, -0.38872], [-1.25658, 1.11081, 2.14361, 1.7091, -2.7654, -1.15817, -0.23606], [-1.42149, 0.83158, 2.30814, 1.78591, -3.03572, -1.03373, -0.08341], [-1.58639, 0.55235, 2.47268, 1.86272, -3.30605, -0.90929, 0.06924], [-1.7513, 0.27312, 2.63721, 1.93953, -3.57638, -0.78485, 0.22189], [-1.85316, 0.10064, 2.73884, 1.98698, -3.74336, -0.70799, 0.31619], [-1.4683, 0.21782, 2.55957, 2.09638, -3.57639, -0.71265, 0.44323], [-1.08343, 0.335, 2.38029, 2.20577, -3.40942, -0.71732, 0.57026], [-0.69856, 0.45218, 2.20102, 2.31517, -3.24245, -0.72198, 0.6973], [-0.3137, 0.56936, 2.02175, 2.42457, -3.07548, -0.72665, 0.82434], [0.07117, 0.68654, 1.84247, 2.53397, -2.90851, -0.73131, 0.95138], [0.45604, 0.80372, 1.6632, 2.64336, -2.74154, -0.73598, 1.07842], [0.77623, 0.90121, 1.51405, 2.73438, -2.60263, -0.73986, 1.18411], [0.60242, 1.0211, 1.5349, 2.57023, -2.46045, -0.85367, 0.80348], [0.42861, 1.14099, 1.55574, 2.40609, -2.31827, -0.96748, 0.42286], [0.2548, 1.26087, 1.57659, 2.24195, -2.17609, -1.08129, 0.04224], [0.081, 1.38076, 1.59744, 2.07781, -2.03392, -1.19509, -0.33838], [-0.09281, 1.50065, 1.61829, 1.91367, -1.89174, -1.3089, -0.719], [-0.26662, 1.62054, 1.63914, 1.74953, -1.74956, -1.42271, -1.09963]]
end: [-0.35713, 1.6829700000000001, 1.6499999999999999, 1.6640600000000001, -1.67553, -1.48197, -1.29782]
obtacles: [[[0.6, -0.4, -0.2], [1.0, 0.6, -0.3]], [[0.8, -0.1, -0.2], [1.0, -0.0, 0.4]], [[0.8, 0.3, -0.2], [1.0, 0.4, 0.4]], [[0.8, -0.1, 0.4], [1.0, 0.4, 0.5]]]
start: [-0.67803999999999998, 1.78884, 1.6499999999999999, 1.3346499999999999, -1.8012900000000001, -1.5463, -0.64510000000000001]
tajectories: [[-0.67804, 1.78884, 1.65, 1.33465, -1.80129, -1.5463, -0.6451], [-0.85631, 1.63611, 1.62261, 1.37234, -2.21409, -1.43979, -0.74987], [-1.03458, 1.48337, 1.59522, 1.41002, -2.62688, -1.33328, -0.85464], [-1.21285, 1.33064, 1.56783, 1.44771, -3.03968, -1.22677, -0.9594], [-1.39112, 1.1779, 1.54044, 1.4854, -3.45248, -1.12026, -1.06417], [-1.56938, 1.02517, 1.51304, 1.52309, -3.86527, -1.01375, -1.16894], [-1.74765, 0.87244, 1.48565, 1.56078, -4.27807, -0.90724, -1.27371], [-1.82975, 0.8021, 1.47304, 1.57813, -4.46817, -0.85819, -1.32196], [-1.68032, 0.79425, 1.23267, 1.71883, -4.0968, -0.96799, -1.32969], [-1.5309, 0.7864, 0.99231, 1.85953, -3.72542, -1.0778, -1.33742], [-1.38147, 0.77856, 0.75194, 2.00023, -3.35405, -1.18761, -1.34515], [-1.23204, 0.77071, 0.51157, 2.14093, -2.98267, -1.29741, -1.35289], [-1.08261, 0.76286, 0.2712, 2.28163, -2.6113, -1.40722, -1.36062], [-0.94408, 0.75558, 0.04836, 2.41207, -2.267, -1.50902, -1.36779], [-0.80373, 0.96339, 0.38778, 2.17868, -2.15766, -1.5151, -1.29395], [-0.66338, 1.1712, 0.72719, 1.94529, -2.04833, -1.52118, -1.22012], [-0.52303, 1.37901, 1.0666, 1.71189, -1.93899, -1.52726, -1.14629], [-0.38268, 1.58682, 1.40602, 1.4785, -1.82965, -1.53334, -1.07246]]
end: [-0.28178999999999998, 1.7362, 1.6499999999999999, 1.31073, -1.75105, -1.5377099999999999, -1.01938]
obtacles: [[[0.6, -0.4, -0.2], [1.0, 0.6, -0.3]], [[0.8, -0.1, -0.2], [1.0, -0.0, 0.4]], [[0.8, 0.3, -0.2], [1.0, 0.4, 0.4]], [[0.8, -0.1, 0.4], [1.0, 0.4, 0.5]]]
start: [-0.82199999999999995, 1.81924, 1.6499999999999999, 1.3404100000000001, -1.83066, -1.5522800000000001, -0.50609000000000004]
tajectories: [[-0.822, 1.81924, 1.65, 1.34041, -1.83066, -1.55228, -0.50609], [-0.85116, 1.77649, 1.64633, 1.50668, -2.18548, -1.46959, -0.80093], [-0.88033, 1.73373, 1.64266, 1.67295, -2.54029, -1.3869, -1.09577], [-0.90949, 1.69098, 1.63899, 1.83923, -2.89511, -1.3042, -1.39061], [-0.93865, 1.64823, 1.63532, 2.0055, -3.24992, -1.22151, -1.68545], [-0.96782, 1.60548, 1.63165, 2.17177, -3.60474, -1.13882, -1.98029], [-0.99698, 1.56273, 1.62798, 2.33805, -3.95955, -1.05612, -2.27512], [-1.02615, 1.51997, 1.62431, 2.50432, -4.31437, -0.97343, -2.56996], [-1.04872, 1.48688, 1.62147, 2.63303, -4.58902, -0.90942, -2.79819], [-0.92494, 1.51258, 1.6254, 2.47422, -4.1881, -0.99103, -2.59476], [-0.80116, 1.53827, 1.62934, 2.3154, -3.78718, -1.07265, -2.39133], [-0.67739, 1.56397, 1.63327, 2.15659, -3.38627, -1.15426, -2.1879], [-0.55361, 1.58966, 1.6372, 1.99777, -2.98535, -1.23588, -1.98447], [-0.42983, 1.61536, 1.64113, 1.83896, -2.58443, -1.31749, -1.78103], [-0.30605, 1.64105, 1.64506, 1.68014, -2.18351, -1.39911, -1.5776], [-0.18227, 1.66675, 1.649, 1.52133, -1.78259, -1.48072, -1.37417]]
end: [-0.15068000000000001, 1.6733100000000001, 1.6499999999999999, 1.4807999999999999, -1.6802699999999999, -1.5015499999999999, -1.3222499999999999]
obtacles: [[[0.6, -0.4, -0.2], [1.0, 0.6, -0.3]], [[0.8, -0.1, -0.2], [1.0, -0.0, 0.4]], [[0.8, 0.3, -0.2], [1.0, 0.4, 0.4]], [[0.8, -0.1, 0.4], [1.0, 0.4, 0.5]]]
start: [-0.76373000000000002, 1.83097, 2.0499999999999998, 1.3601399999999999, -1.9530400000000001, -1.17893, -0.45573999999999998]
tajectories: [[-0.76373, 1.83097, 2.05, 1.36014, -1.95304, -1.17893, -0.45574], [-0.71369, 1.85147, 2.24555, 1.77055, -2.02601, -1.02279, -0.55914], [-0.66365, 1.87196, 2.4411, 2.18097, -2.09899, -0.86665, -0.66254], [-0.6136, 1.89245, 2.63665, 2.59138, -2.17196, -0.71051, -0.76594], [-0.59233, 1.90116, 2.71979, 2.76587, -2.20298, -0.64413, -0.8099], [-0.46948, 1.91838, 2.48018, 2.4171, -2.1376, -0.82598, -0.94484], [-0.34664, 1.9356, 2.24056, 2.06833, -2.07222, -1.00784, -1.07979], [-0.2238, 1.95281, 2.00095, 1.71956, -2.00684, -1.1897, -1.21473]]
end: [-0.17204, 1.9600599999999999, 1.8999999999999999, 1.57263, -1.9793000000000001, -1.2663199999999999, -1.2715799999999999]
obtacles: [[[0.6, -0.4, -0.2], [1.0, 0.6, -0.3]], [[0.8, -0.1, -0.2], [1.0, -0.0, 0.4]], [[0.8, 0.3, -0.2], [1.0, 0.4, 0.4]], [[0.8, -0.1, 0.4], [1.0, 0.4, 0.5]]]
start: [-0.80828999999999995, 1.79159, 1.8500000000000001, 1.1875800000000001, -1.8838999999999999, -1.40249, -0.32151000000000002]
tajectories: [[-0.80829, 1.79159, 1.85, 1.18758, -1.8839, -1.40249, -0.32151], [-0.96774, 1.90253, 1.84916, 1.5863, -1.99986, -1.40185, -0.12191], [-1.05055, 1.96014, 1.84872, 1.79335, -2.06008, -1.40152, -0.01825], [-0.70326, 1.89702, 1.74049, 1.90459, -1.99807, -1.4566, -0.32556], [-0.42808, 1.84702, 1.65473, 1.99273, -1.94893, -1.50025, -0.56906], [-0.27023, 1.81952, 1.75095, 1.75925, -1.88223, -1.40682, -0.95296], [-0.11238, 1.79203, 1.84717, 1.52578, -1.81552, -1.3134, -1.33687]]
end: [-0.10773000000000001, 1.79122, 1.8500000000000001, 1.51891, -1.8135600000000001, -1.3106500000000001, -1.3481700000000001]
obtacles: [[[0.6, -0.4, -0.2], [1.0, 0.6, -0.3]], [[0.8, -0.1, -0.2], [1.0, -0.0, 0.4]], [[0.8, 0.3, -0.2], [1.0, 0.4, 0.4]], [[0.8, -0.1, 0.4], [1.0, 0.4, 0.5]]]
start: [-0.64168000000000003, 1.7515799999999999, 1.8500000000000001, 1.26119, -1.8330599999999999, -1.3659399999999999, -0.56691999999999998]
tajectories: [[-0.64168, 1.75158, 1.85, 1.26119, -1.83306, -1.36594, -0.56692], [-0.79513, 1.60416, 1.9186, 1.6477, -1.62513, -1.41275, -0.49487], [-0.86181, 1.5401, 1.94841, 1.81568, -1.53476, -1.43309, -0.46355], [-0.72373, 1.61336, 1.76939, 2.10539, -1.60654, -1.29818, -0.75721], [-0.60304, 1.67741, 1.6129, 2.35863, -1.66929, -1.18025, -1.01391], [-0.44372, 1.80789, 1.73022, 1.95507, -1.81379, -1.25012, -1.08609], [-0.2844, 1.93836, 1.84753, 1.55151, -1.95828, -1.31999, -1.15827]]
end: [-0.28105999999999998, 1.9411, 1.8500000000000001, 1.5430299999999999, -1.9613100000000001, -1.3214600000000001, -1.1597900000000001]
obtacles: [[[0.6, -0.4, -0.2], [1.0, 0.6, -0.3]], [[0.8, -0.1, -0.2], [1.0, -0.0, 0.4]], [[0.8, 0.3, -0.2], [1.0, 0.4, 0.4]], [[0.8, -0.1, 0.4], [1.0, 0.4, 0.5]]]
start: [-0.77966000000000002, 1.734, 2.1000000000000001, 1.4455800000000001, -1.8273200000000001, -1.0770299999999999, -0.55662]
tajectories: [[-0.77966, 1.734, 2.1, 1.44558, -1.82732, -1.07703, -0.55662], [-0.94228, 1.63673, 2.22464, 1.79034, -1.88202, -0.92259, -0.78654], [-1.10489, 1.53947, 2.34927, 2.13509, -1.93671, -0.76815, -1.01646], [-1.26751, 1.4422, 2.47391, 2.47985, -1.9914, -0.61372, -1.24638], [-1.41616, 1.35329, 2.58784, 2.79499, -2.0414, -0.47254, -1.45656], [-1.13987, 1.43153, 2.46196, 2.59356, -1.94296, -0.69779, -1.68171], [-0.86358, 1.50978, 2.33608, 2.39212, -1.84452, -0.92304, -1.90687], [-0.5873, 1.58802, 2.2102, 2.19069, -1.74609, -1.14829, -2.13202], [-0.31101, 1.66626, 2.08432, 1.98925, -1.64765, -1.37354, -2.35718], [-0.22989, 1.68923, 2.04736, 1.93011, -1.61875, -1.43967, -2.42328], [-0.16978, 1.71527, 2.06154, 1.68809, -1.73446, -1.38906, -2.00978], [-0.10967, 1.74131, 2.07572, 1.44608, -1.85017, -1.33845, -1.59628], [-0.04956, 1.76735, 2.0899, 1.20406, -1.96588, -1.28784, -1.18277]]
end: [-0.0067200000000000003, 1.7859, 2.1000000000000001, 1.03159, -2.04834, -1.2517799999999999, -0.8881]
obtacles: [[[0.6, -0.4, -0.2], [1.0, 0.6, -0.3]], [[0.8, -0.1, -0.2], [1.0, -0.0, 0.4]], [[0.8, 0.3, -0.2], [1.0, 0.4, 0.4]], [[0.8, -0.1, 0.4], [1.0, 0.4, 0.5]]]
start: [-0.41921999999999998, 1.7082299999999999, 2.1000000000000001, 0.76093, -2.0613000000000001, -1.3226100000000001, -0.24199000000000001]
tajectories: [[-0.41922, 1.70823, 2.1, 0.76093, -2.0613, -1.32261, -0.24199], [-0.75281, 1.74267, 2.27721, 0.9655, -2.27836, -1.44922, -0.20828], [-0.8784, 1.75563, 2.34392, 1.04251, -2.36008, -1.49688, -0.19558], [-0.6069, 1.57919, 2.50566, 1.26064, -2.35372, -1.49873, -0.46275], [-0.40615, 1.44873, 2.62525, 1.42192, -2.34902, -1.5001, -0.6603], [-0.24544, 1.50346, 2.43118, 1.67945, -2.4315, -1.46539, -0.99073], [-0.13655, 1.54054, 2.2997, 1.85393, -2.48738, -1.44187, -1.21462], [-0.24658, 1.76312, 2.18601, 1.78406, -2.15111, -1.20217, -1.21195]]
end: [-0.32983000000000001, 1.9315, 2.1000000000000001, 1.7312000000000001, -1.8967099999999999, -1.0208200000000001, -1.20994]
obtacles: [[[0.6, -0.4, -0.2], [1.0, 0.6, -0.3]], [[0.8, -0.1, -0.2], [1.0, -0.0, 0.4]], [[0.8, 0.3, -0.2], [1.0, 0.4, 0.4]], [[0.8, -0.1, 0.4], [1.0, 0.4, 0.5]]]
start: [-0.90181999999999995, 1.9615199999999999, 1.75, 1.44869, -1.98325, -1.45333, -0.48671999999999999]
tajectories: [[-0.90182, 1.96152, 1.75, 1.44869, -1.98325, -1.45333, -0.48672], [-1.05665, 1.86682, 1.8161, 1.64242, -1.81516, -1.38433, -0.86373], [-1.21149, 1.77212, 1.88221, 1.83615, -1.64707, -1.31533, -1.24075], [-1.21607, 1.76932, 1.88416, 1.84188, -1.6421, -1.31329, -1.2519], [-1.15271, 1.87723, 1.92007, 2.08954, -1.77442, -1.15149, -1.30963], [-0.73734, 1.7155, 1.73149, 2.09499, -1.68942, -1.0753, -1.2578], [-0.54601, 1.64101, 1.64463, 2.0975, -1.65027, -1.0402, -1.23392], [-0.46737, 1.76135, 1.71246, 1.72503, -1.77265, -1.279, -1.11561]]
end: [-0.42383999999999999, 1.82796, 1.75, 1.51888, -1.8403799999999999, -1.41116, -1.0501199999999999]
obtacles: [[[0.6, -0.4, -0.2], [1.0, 0.6, -0.3]], [[0.8, -0.1, -0.2], [1.0, -0.0, 0.4]], [[0.8, 0.3, -0.2], [1.0, 0.4, 0.4]], [[0.8, -0.1, 0.4], [1.0, 0.4, 0.5]]]
start: [-0.55115000000000003, 1.8387500000000001, 1.75, 1.0304599999999999, -1.8917600000000001, -1.5596000000000001, -0.45327000000000001]
tajectories: [[-0.55115, 1.83875, 1.75, 1.03046, -1.89176, -1.5596, -0.45327], [-0.76114, 1.77109, 1.76104, 1.15006, -2.29459, -1.49595, -0.59672], [-0.97113, 1.70342, 1.77209, 1.26966, -2.69742, -1.43231, -0.74016], [-1.18112, 1.63576, 1.78313, 1.38927, -3.10025, -1.36866, -0.88361], [-1.31309, 1.59324, 1.79007, 1.46444, -3.35342, -1.32866, -0.97376], [-0.91391, 1.58262, 1.54351, 1.5371, -3.23428, -1.34012, -0.87305], [-0.51473, 1.572, 1.29696, 1.60977, -3.11513, -1.35158, -0.77233], [-0.11555, 1.56138, 1.0504, 1.68243, -2.99598, -1.36304, -0.67162], [0.08303, 1.5561, 0.92775, 1.71858, -2.93671, -1.36874, -0.62152], [-0.10384, 1.69588, 1.18876, 1.65135, -2.61262, -1.40361, -0.75053], [-0.29072, 1.83566, 1.44977, 1.58413, -2.28853, -1.43848, -0.87954]]
end: [-0.46987000000000001, 1.96967, 1.7, 1.5196700000000001, -1.9778199999999999, -1.4719100000000001, -1.0032300000000001]
obtacles: [[[0.6, -0.4, -0.2], [1.0, 0.6, -0.3]], [[0.8, -0.1, -0.2], [1.0, -0.0, 0.4]], [[0.8, 0.3, -0.2], [1.0, 0.4, 0.4]], [[0.8, -0.1, 0.4], [1.0, 0.4, 0.5]]]
start: [-0.81789000000000001, 1.5428200000000001, 1.7, 1.6599900000000001, -1.5311399999999999, -1.4446699999999999, -0.84641]
tajectories: [[-0.81789, 1.54282, 1.7, 1.65999, -1.53114, -1.44467, -0.84641], [-0.96106, 1.3348, 2.03756, 1.75212, -1.57912, -1.37306, -0.60901], [-1.10424, 1.12677, 2.37513, 1.84425, -1.6271, -1.30145, -0.37161], [-1.20032, 0.98716, 2.60166, 1.90607, -1.6593, -1.25339, -0.2123], [-1.12394, 1.01212, 2.59111, 2.08257, -1.3033, -0.96923, -0.28156], [-1.04756, 1.03709, 2.58055, 2.25907, -0.9473, -0.68507, -0.35082], [-1.00536, 1.05088, 2.57471, 2.3566, -0.75059, -0.52805, -0.38909], [-0.76672, 1.18227, 2.47516, 2.41799, -0.71959, -0.66665, -0.76584], [-0.52808, 1.31366, 2.37561, 2.47938, -0.6886, -0.80524, -1.14259], [-0.28945, 1.44505, 2.27606, 2.54076, -0.65761, -0.94384, -1.51934], [-0.18298, 1.50366, 2.23165, 2.56815, -0.64379, -1.00567, -1.68742], [-0.19929, 1.55851, 2.08966, 2.24802, -0.93463, -1.13053, -1.53282], [-0.21559, 1.61335, 1.94767, 1.92788, -1.22547, -1.25538, -1.37823], [-0.23189, 1.66819, 1.80568, 1.60774, -1.51631, -1.38023, -1.22363]]
end: [-0.24403, 1.7090099999999999, 1.7, 1.36948, -1.73278, -1.47315, -1.10856]
obtacles: [[[0.6, -0.4, -0.2], [1.0, 0.6, -0.3]], [[0.8, -0.1, -0.2], [1.0, -0.0, 0.4]], [[0.8, 0.3, -0.2], [1.0, 0.4, 0.4]], [[0.8, -0.1, 0.4], [1.0, 0.4, 0.5]]]
start: [-0.4264, 1.80562, 1.8999999999999999, 0.65539000000000003, -1.97261, -1.5636300000000001, -0.18834999999999999]
tajectories: [[-0.4264, 1.80562, 1.9, 0.65539, -1.97261, -1.56363, -0.18835], [-0.63162, 1.76756, 1.68711, 0.92966, -1.91009, -1.52741, -0.47237], [-0.83684, 1.7295, 1.47421, 1.20393, -1.84757, -1.49119, -0.75639], [-1.04206, 1.69143, 1.26132, 1.47819, -1.78505, -1.45496, -1.04041], [-1.13581, 1.67405, 1.16406, 1.60349, -1.75648, -1.43841, -1.17016], [-1.02477, 1.68348, 1.31924, 2.03033, -1.58982, -1.38555, -1.14311], [-0.91372, 1.69292, 1.47442, 2.45718, -1.42315, -1.33269, -1.11606], [-0.81672, 1.70116, 1.60998, 2.83005, -1.27756, -1.28651, -1.09243], [-0.63615, 1.7725, 1.69916, 2.43111, -1.48825, -1.28391, -1.12054], [-0.45557, 1.84383, 1.78834, 2.03216, -1.69895, -1.28132, -1.14865], [-0.27499, 1.91517, 1.87753, 1.63321, -1.90965, -1.27872, -1.17676]]
end: [-0.22949, 1.9331499999999999, 1.8999999999999999, 1.53268, -1.9627399999999999, -1.27806, -1.18384]
obtacles: [[[0.6, -0.4, -0.2], [1.0, 0.6, -0.3]], [[0.8, -0.1, -0.2], [1.0, -0.0, 0.4]], [[0.8, 0.3, -0.2], [1.0, 0.4, 0.4]], [[0.8, -0.1, 0.4], [1.0, 0.4, 0.5]]]
start: [-0.66039999999999999, 1.78427, 1.8999999999999999, 0.93942000000000003, -1.93967, -1.4404300000000001, -0.21908]
tajectories: [[-0.6604, 1.78427, 1.9, 0.93942, -1.93967, -1.44043, -0.21908], [-0.71956, 1.81434, 2.10974, 1.25807, -1.74672, -1.30608, -0.00745], [-0.77871, 1.84442, 2.31948, 1.57671, -1.55376, -1.17173, 0.20419], [-0.80975, 1.8602, 2.42952, 1.74389, -1.45253, -1.10124, 0.31523], [-0.60578, 1.87553, 2.36376, 1.89541, -1.28407, -1.11078, -0.07517], [-0.4018, 1.89087, 2.29801, 2.04693, -1.11561, -1.12032, -0.46556], [-0.28955, 1.89931, 2.26182, 2.13031, -1.02291, -1.12557, -0.68039], [-0.29288, 1.91627, 2.04936, 1.89851, -1.34645, -1.26858, -0.84071], [-0.29621, 1.93322, 1.83689, 1.66671, -1.66999, -1.41158, -1.00103]]
end: [-0.29913000000000001, 1.94814, 1.6499999999999999, 1.4628099999999999, -1.95459, -1.53738, -1.14205]
obtacles: [[[0.6, -0.4, -0.2], [1.0, 0.6, -0.3]], [[0.8, -0.1, -0.2], [1.0, -0.0, 0.4]], [[0.8, 0.3, -0.2], [1.0, 0.4, 0.4]], [[0.8, -0.1, 0.4], [1.0, 0.4, 0.5]]]
start: [-0.76988999999999996, 1.7951699999999999, 1.95, 1.52956, -1.8269299999999999, -1.2117100000000001, -0.66969999999999996]
tajectories: [[-0.76989, 1.79517, 1.95, 1.52956, -1.82693, -1.21171, -0.6697], [-0.8414, 1.7351, 2.00437, 1.88047, -1.75867, -1.14479, -0.74949], [-0.65076, 1.58092, 1.88371, 2.07055, -2.03554, -1.06319, -0.98588], [-0.63575, 1.56877, 1.87421, 2.08552, -2.05735, -1.05677, -1.00449], [-0.4191, 1.73869, 1.80011, 1.74233, -2.02768, -1.27443, -1.05607], [-0.20245, 1.9086, 1.726, 1.39914, -1.99802, -1.4921, -1.10765]]
end: [-0.12645000000000001, 1.96821, 1.7, 1.27874, -1.9876199999999999, -1.56846, -1.12575]
obtacles: [[[0.6, -0.4, -0.2], [1.0, 0.6, -0.3]], [[0.8, -0.1, -0.2], [1.0, -0.0, 0.4]], [[0.8, 0.3, -0.2], [1.0, 0.4, 0.4]], [[0.8, -0.1, 0.4], [1.0, 0.4, 0.5]]]
start: [-0.98702999999999996, 1.83162, 1.7, 1.2716000000000001, -1.8581099999999999, -1.5278400000000001, -0.26139000000000001]
tajectories: [[-0.98703, 1.83162, 1.7, 1.2716, -1.85811, -1.52784, -0.26139], [-0.9744, 1.82498, 1.84089, 1.51962, -2.11089, -1.22542, -0.14702], [-0.96177, 1.81835, 1.98177, 1.76764, -2.36367, -0.923, -0.03266], [-0.94915, 1.81171, 2.12266, 2.01566, -2.61645, -0.62058, 0.0817], [-0.93652, 1.80508, 2.26354, 2.26368, -2.86923, -0.31816, 0.19607], [-0.92389, 1.79844, 2.40443, 2.5117, -3.12201, -0.01575, 0.31043], [-0.91318, 1.79281, 2.52394, 2.7221, -3.33645, 0.2408, 0.40745], [-0.78784, 1.79421, 2.40912, 2.46874, -3.11762, -0.02408, 0.21032], [-0.66249, 1.79561, 2.29431, 2.21538, -2.89878, -0.28896, 0.01319], [-0.53715, 1.79701, 2.17949, 1.96201, -2.67995, -0.55385, -0.18393], [-0.4118, 1.79841, 2.06467, 1.70865, -2.46112, -0.81873, -0.38106], [-0.28646, 1.79982, 1.94985, 1.45529, -2.24228, -1.08361, -0.57819], [-0.16111, 1.80122, 1.83503, 1.20192, -2.02345, -1.34849, -0.77532]]
end: [-0.068290000000000003, 1.8022499999999999, 1.75, 1.0143, -1.8613900000000001, -1.5446500000000001, -0.92130000000000001]
obtacles: [[[0.6, -0.4, -0.2], [1.0, 0.6, -0.3]], [[0.8, -0.1, -0.2], [1.0, -0.0, 0.4]], [[0.8, 0.3, -0.2], [1.0, 0.4, 0.4]], [[0.8, -0.1, 0.4], [1.0, 0.4, 0.5]]]
start: [-0.96086000000000005, 1.6425700000000001, 1.75, 1.3733900000000001, -1.67757, -1.4098299999999999, -0.39745000000000003]
tajectories: [[-0.96086, 1.64257, 1.75, 1.37339, -1.67757, -1.40983, -0.39745], [-1.01356, 1.37557, 1.76574, 1.64101, -1.99744, -1.43505, -0.36414], [-1.03123, 1.28601, 1.77102, 1.73077, -2.10472, -1.44351, -0.35297], [-0.78358, 1.48405, 1.81715, 1.83892, -1.87276, -1.4645, -0.0677], [-0.54547, 1.67446, 1.86151, 1.94291, -1.64973, -1.48468, 0.20658], [-0.45486, 1.76216, 1.82343, 1.75291, -1.75558, -1.48011, -0.22391], [-0.36426, 1.84985, 1.78535, 1.56292, -1.86144, -1.47553, -0.65441]]
end: [-0.28015000000000001, 1.93126, 1.75, 1.3865400000000001, -1.9597, -1.47129, -1.0540400000000001]
obtacles: [[[0.6, -0.4, -0.2], [1.0, 0.6, -0.3]], [[0.8, -0.1, -0.2], [1.0, -0.0, 0.4]], [[0.8, 0.3, -0.2], [1.0, 0.4, 0.4]], [[0.8, -0.1, 0.4], [1.0, 0.4, 0.5]]]
start: [-0.92713000000000001, 1.65388, 1.75, 1.5148699999999999, -1.6651400000000001, -1.3972100000000001, -0.57206000000000001]
tajectories: [[-0.92713, 1.65388, 1.75, 1.51487, -1.66514, -1.39721, -0.57206], [-0.87884, 1.5332, 1.89996, 1.87941, -1.82536, -1.17121, -0.54081], [-0.83056, 1.41252, 2.04992, 2.24396, -1.98558, -0.9452, -0.50956], [-0.78227, 1.29183, 2.19987, 2.6085, -2.1458, -0.71919, -0.4783], [-0.77912, 1.28396, 2.20966, 2.63228, -2.15625, -0.70445, -0.47627], [-0.85958, 1.40263, 2.40818, 2.80326, -2.20672, -0.96564, -0.77632], [-0.94003, 1.52129, 2.6067, 2.97424, -2.25719, -1.22682, -1.07638], [-0.96673, 1.56067, 2.67258, 3.03098, -2.27394, -1.3135, -1.17595], [-0.80308, 1.6536, 2.44218, 2.63906, -2.19385, -1.34592, -1.15515], [-0.63943, 1.74652, 2.21177, 2.24714, -2.11376, -1.37834, -1.13434], [-0.47578, 1.83945, 1.98137, 1.85522, -2.03367, -1.41076, -1.11353], [-0.31213, 1.93237, 1.75097, 1.4633, -1.95358, -1.44318, -1.09272]]
end: [-0.31143999999999999, 1.93276, 1.75, 1.46166, -1.9532400000000001, -1.4433199999999999, -1.09263]
obtacles: [[[0.6, -0.4, -0.2], [1.0, 0.6, -0.3]], [[0.8, -0.1, -0.2], [1.0, -0.0, 0.4]], [[0.8, 0.3, -0.2], [1.0, 0.4, 0.4]], [[0.8, -0.1, 0.4], [1.0, 0.4, 0.5]]]
start: [-0.79435, 1.81945, 1.75, 1.4218900000000001, -1.84572, -1.43605, -0.58642000000000005]
tajectories: [[-0.79435, 1.81945, 1.75, 1.42189, -1.84572, -1.43605, -0.58642], [-0.70263, 1.68798, 1.99585, 1.53073, -2.14233, -1.32362, -0.81312], [-0.61818, 1.56694, 2.2222, 1.63093, -2.41542, -1.22011, -1.02184], [-0.22736, 1.69395, 2.41892, 1.70394, -2.32838, -1.37248, -0.94243], [0.03277, 1.77849, 2.54985, 1.75254, -2.27045, -1.4739, -0.88959], [-0.04174, 1.82415, 2.1605, 1.59663, -2.08854, -1.4588, -1.07165], [-0.11625, 1.86981, 1.77115, 1.44073, -1.90664, -1.4437, -1.25372]]
end: [-0.12028999999999999, 1.87229, 1.75, 1.4322600000000001, -1.89676, -1.4428799999999999, -1.2636099999999999]
