obtacles: [[[0.6, -0.4, -0.2], [1.0, 0.6, -0.3]], [[0.8, -0.2, -0.2], [1.0, -0.1, 0.3]], [[0.8, 0.3, -0.2], [1.0, 0.4, 0.3]], [[0.8, -0.2, 0.3], [1.0, 0.4, 0.4]]]
start: [2.2691699999999999, -1.7410300000000001, -1.1499999999999999, 1.26799, 1.2672600000000001, 1.2305200000000001, 2.835]
tajectories: [[2.26917, -1.74103, -1.15, 1.26799, 1.26726, 1.23052, 2.835], [2.22086, -1.63495, -1.16692, 1.35209, 1.03072, 1.16919, 2.4235], [2.17255, -1.52886, -1.18383, 1.43618, 0.79418, 1.10786, 2.01199], [2.12424, -1.42277, -1.20075, 1.52028, 0.55763, 1.04653, 1.60048], [2.07593, -1.31668, -1.21766, 1.60437, 0.32109, 0.9852, 1.18897], [2.02762, -1.21059, -1.23458, 1.68847, 0.08455, 0.92387, 0.77746], [1.97931, -1.1045, -1.25149, 1.77256, -0.15199, 0.86254, 0.36595], [1.931, -0.99842, -1.26841, 1.85666, -0.38853, 0.80122, -0.04556], [1.9138, -0.96066, -1.27443, 1.88659, -0.47273, 0.77939, -0.19203], [1.87442, -0.62191, -1.24536, 1.94641, -0.44896, 0.46584, -0.36638], [1.83503, -0.28315, -1.21629, 2.00623, -0.42519, 0.1523, -0.54073], [1.79564, 0.0556, -1.18721, 2.06606, -0.40143, -0.16124, -0.71508], [1.75626, 0.39435, -1.15814, 2.12588, -0.37766, -0.47479, -0.88943], [1.74678, 0.47587, -1.15115, 2.14027, -0.37194, -0.55025, -0.93139], [1.65813, 0.72553, -1.19698, 2.19322, -0.58029, -0.2727, -1.16478], [1.56948, 0.97518, -1.24281, 2.24616, -0.78863, 0.00485, -1.39817], [1.48084, 1.22483, -1.28864, 2.29911, -0.99698, 0.28239, -1.63156], [1.39219, 1.47448, -1.33447, 2.35205, -1.20533, 0.55994, -1.86495], [1.32211, 1.67183, -1.3707, 2.39391, -1.37003, 0.77935, -2.04946], [1.08271, 1.73213, -1.44283, 2.10872, -1.34957, 1.0944, -2.10279], [0.84331, 1.79243, -1.51496, 1.82354, -1.3291, 1.40944, -2.15612]]
end: [0.72697999999999996, 1.8217300000000001, -1.55, 1.6849700000000001, -1.3191600000000001, 1.5625199999999999, -2.1820300000000001]
obtacles: [[[0.6, -0.4, -0.2], [1.0, 0.6, -0.3]], [[0.8, -0.2, -0.2], [1.0, -0.1, 0.3]], [[0.8, 0.3, -0.2], [1.0, 0.4, 0.3]], [[0.8, -0.2, 0.3], [1.0, 0.4, 0.4]]]
start: [2.2757000000000001, -1.69113, -1.2, 1.2038599999999999, -1.8257000000000001, -1.27372, -0.27703]
tajectories: [[2.2757, -1.69113, -1.2, 1.20386, -1.8257, -1.27372, -0.27703], [2.12475, -1.65921, -0.97069, 1.11647, -1.52371, -1.00268, -0.24072], [1.9738, -1.6273, -0.74139, 1.02908, -1.22172, -0.73164, -0.20442], [1.82284, -1.59539, -0.51208, 0.94169, -0.91974, -0.4606, -0.16811], [1.67189, -1.56348, -0.28277, 0.8543, -0.61775, -0.18956, -0.13181], [1.52094, -1.53157, -0.05346, 0.76691, -0.31576, 0.08148, -0.09551], [1.36999, -1.49966, 0.17584, 0.67952, -0.01377, 0.35252, -0.0592], [1.34003, -1.49332, 0.22136, 0.66217, 0.04617, 0.40632, -0.05199], [1.16382, -1.43707, 0.60001, 0.66432, -0.02548, 0.49824, -0.29453], [0.98762, -1.38082, 0.97866, 0.66647, -0.09714, 0.59015, -0.53706], [0.81141, -1.32457, 1.35731, 0.66862, -0.1688, 0.68207, -0.7796], [0.76187, -1.30875, 1.46376, 0.66922, -0.18894, 0.70791, -0.84778], [0.47779, -1.4448, 1.59129, 0.99464, -0.06707, 0.62362, -0.92945], [0.19371, -1.58084, 1.71882, 1.32006, 0.0548, 0.53933, -1.01112], [-0.09037, -1.71688, 1.84635, 1.64549, 0.17667, 0.45504, -1.09278], [-0.37445, -1.85292, 1.97388, 1.97091, 0.29855, 0.37074, -1.17445], [-0.61218, -1.96677, 2.0806, 2.24322, 0.40053, 0.30021, -1.24279], [-0.92772, -1.96751, 1.98812, 2.12013, 0.15113, 0.49851, -1.40154], [-1.24327, -1.96825, 1.89563, 1.99703, -0.09826, 0.69681, -1.56029], [-1.55881, -1.96899, 1.80314, 1.87393, -0.34766, 0.89511, -1.71904], [-1.87436, -1.96973, 1.71065, 1.75083, -0.59705, 1.09341, -1.87779], [-2.18991, -1.97047, 1.61816, 1.62773, -0.84645, 1.2917, -2.03654], [-2.50545, -1.97121, 1.52567, 1.50463, -1.09585, 1.49, -2.19529]]
end: [-2.5930499999999999, -1.9714100000000001, 1.5, 1.4704600000000001, -1.1650799999999999, 1.54505, -2.23936]
obtacles: [[[0.6, -0.4, -0.2], [1.0, 0.6, -0.3]], [[0.8, -0.2, -0.2], [1.0, -0.1, 0.3]], [[0.8, 0.3, -0.2], [1.0, 0.4, 0.3]], [[0.8, -0.2, 0.3], [1.0, 0.4, 0.4]]]
start: [-0.91998999999999997, 1.89649, 1.8500000000000001, 1.4259900000000001, -1.9418, -1.35697, -0.41955999999999999]
tajectories: [[-0.91999, 1.89649, 1.85, 1.42599, -1.9418, -1.35697, -0.41956], [-1.14277, 1.82801, 1.80896, 1.6531, -2.03842, -1.13725, -0.12835], [-1.36555, 1.75952, 1.76793, 1.8802, -2.13504, -0.91752, 0.16286], [-1.58834, 1.69104, 1.72689, 2.10731, -2.23166, -0.69779, 0.45407], [-1.81112, 1.62255, 1.68585, 2.33441, -2.32828, -0.47807, 0.74528], [-2.0339, 1.55407, 1.64482, 2.56152, -2.4249, -0.25834, 1.03648], [-2.25668, 1.48559, 1.60378, 2.78862, -2.52152, -0.03862, 1.32769], [-2.2624, 1.48383, 1.60273, 2.79445, -2.524, -0.03298, 1.33517], [-1.98607, 1.52528, 1.63414, 2.60237, -2.44282, -0.20414, 1.02187], [-1.70974, 1.56673, 1.66555, 2.41029, -2.36165, -0.3753, 0.70857], [-1.43341, 1.60817, 1.69696, 2.2182, -2.28047, -0.54646, 0.39527], [-1.15708, 1.64962, 1.72837, 2.02612, -2.19929, -0.71762, 0.08197], [-0.88075, 1.69107, 1.75978, 1.83404, -2.11812, -0.88878, -0.23133], [-0.60442, 1.73252, 1.79119, 1.64195, -2.03694, -1.05994, -0.54462], [-0.3281, 1.77397, 1.8226, 1.44987, -1.95577, -1.2311, -0.85792]]
end: [-0.087029999999999996, 1.81013, 1.8500000000000001, 1.2823, -1.8849499999999999, -1.38042, -1.13124]
obtacles: [[[0.6, -0.4, -0.2], [1.0, 0.6, -0.3]], [[0.8, -0.2, -0.2], [1.0, -0.1, 0.3]], [[0.8, 0.3, -0.2], [1.0, 0.4, 0.3]], [[0.8, -0.2, 0.3], [1.0, 0.4, 0.4]]]
start: [-0.87355000000000005, 1.84589, 1.8500000000000001, 1.5928899999999999, -1.85049, -1.29619, -0.64154999999999995]
tajectories: [[-0.87355, 1.84589, 1.85, 1.59289, -1.85049, -1.29619, -0.64155], [-0.85875, 1.8312, 2.05203, 1.75631, -1.6041, -1.14114, -0.95347], [-0.84396, 1.81651, 2.25405, 1.91973, -1.35771, -0.98609, -1.26539], [-0.83769, 1.81028, 2.33966, 1.98898, -1.25331, -0.92038, -1.39756], [-0.69771, 1.7824, 2.0676, 2.23075, -1.53244, -0.99505, -1.28063], [-0.55773, 1.75451, 1.79555, 2.47252, -1.81157, -1.06972, -1.1637], [-0.41775, 1.72663, 1.52349, 2.71429, -2.0907, -1.14439, -1.04678], [-0.41218, 1.72552, 1.51268, 2.72391, -2.1018, -1.14736, -1.04213], [-0.46161, 1.81187, 1.56678, 2.26214, -2.04081, -1.28788, -1.02021], [-0.51104, 1.89822, 1.62088, 1.80037, -1.97982, -1.4284, -0.99829]]
end: [-0.53764000000000001, 1.94469, 1.6499999999999999, 1.5518400000000001, -1.9470000000000001, -1.50403, -0.98648999999999998]
obtacles: [[[0.6, -0.4, -0.2], [1.0, 0.6, -0.3]], [[0.8, -0.2, -0.2], [1.0, -0.1, 0.3]], [[0.8, 0.3, -0.2], [1.0, 0.4, 0.3]], [[0.8, -0.2, 0.3], [1.0, 0.4, 0.4]]]
start: [-0.63746000000000003, 1.7024300000000001, 1.8999999999999999, 0.50861000000000001, -1.9221200000000001, -1.5293600000000001, 0.15809999999999999]
tajectories: [[-0.63746, 1.70243, 1.9, 0.50861, -1.92212, -1.52936, 0.1581], [-0.82605, 1.61803, 1.86794, 0.74621, -2.14799, -1.21526, 0.17029], [-1.01465, 1.53363, 1.83588, 0.9838, -2.37387, -0.90116, 0.18249], [-1.20324, 1.44923, 1.80381, 1.2214, -2.59974, -0.58706, 0.19468], [-1.39184, 1.36483, 1.77175, 1.459, -2.82562, -0.27296, 0.20688], [-1.58043, 1.28043, 1.73969, 1.6966, -3.05149, 0.04114, 0.21907], [-1.62265, 1.26153, 1.73251, 1.74979, -3.10206, 0.11146, 0.2218], [-1.71283, 1.16022, 1.46438, 1.81484, -3.05224, -0.12062, -0.09305], [-1.80302, 1.05891, 1.19625, 1.8799, -3.00243, -0.35269, -0.40791], [-1.8932, 0.9576, 0.92811, 1.94496, -2.95261, -0.58477, -0.72277], [-1.98339, 0.85629, 0.65998, 2.01002, -2.90279, -0.81684, -1.03763], [-2.07357, 0.75498, 0.39185, 2.07507, -2.85298, -1.04891, -1.35248], [-2.16376, 0.65367, 0.12372, 2.14013, -2.80316, -1.28099, -1.66734], [-2.22862, 0.5808, -0.06915, 2.18693, -2.76733, -1.44791, -1.89381], [-1.94045, 0.78961, 0.22298, 2.09202, -2.6457, -1.42768, -1.77631], [-1.65228, 0.99843, 0.51511, 1.99712, -2.52407, -1.40745, -1.65882], [-1.36411, 1.20725, 0.80723, 1.90222, -2.40243, -1.38722, -1.54132], [-1.07594, 1.41606, 1.09936, 1.80732, -2.2808, -1.36699, -1.42383], [-0.78777, 1.62488, 1.39149, 1.71242, -2.15917, -1.34676, -1.30633], [-0.4996, 1.8337, 1.68362, 1.61752, -2.03754, -1.32653, -1.18884]]
end: [-0.33546999999999999, 1.9526300000000001, 1.8500000000000001, 1.5634699999999999, -1.9682599999999999, -1.31501, -1.12192]
obtacles: [[[0.6, -0.4, -0.2], [1.0, 0.6, -0.3]], [[0.8, -0.2, -0.2], [1.0, -0.1, 0.3]], [[0.8, 0.3, -0.2], [1.0, 0.4, 0.3]], [[0.8, -0.2, 0.3], [1.0, 0.4, 0.4]]]
start: [-0.70072000000000001, 1.89496, 1.8999999999999999, 0.81847999999999999, -2.0285899999999999, -1.56471, -0.062039999999999998]
tajectories: [[-0.70072, 1.89496, 1.9, 0.81848, -2.02859, -1.56471, -0.06204], [-0.86392, 1.77962, 1.65251, 0.91881, -1.91366, -1.33355, 0.20648], [-1.02713, 1.66429, 1.40502, 1.01914, -1.79873, -1.1024, 0.475], [-1.19034, 1.54895, 1.15753, 1.11946, -1.6838, -0.87125, 0.74352], [-1.24368, 1.51125, 1.07664, 1.15225, -1.64623, -0.79569, 0.83129], [-1.14437, 1.48685, 1.13056, 1.58355, -1.69046, -0.91291, 1.01818], [-1.04507, 1.46245, 1.18448, 2.01484, -1.73468, -1.03013, 1.20507], [-0.94576, 1.43805, 1.23839, 2.44613, -1.77891, -1.14734, 1.39196], [-0.87901, 1.42164, 1.27464, 2.73603, -1.80864, -1.22613, 1.51759], [-0.79216, 1.49321, 1.38348, 2.46007, -1.83319, -1.25473, 1.13299], [-0.70531, 1.56478, 1.49233, 2.1841, -1.85774, -1.28333, 0.7484], [-0.61846, 1.63634, 1.60118, 1.90814, -1.88229, -1.31192, 0.36381], [-0.53161, 1.70791, 1.71002, 1.63218, -1.90684, -1.34052, -0.02079], [-0.44477, 1.77947, 1.81887, 1.35622, -1.93139, -1.36911, -0.40538]]
end: [-0.38002999999999998, 1.8328199999999999, 1.8999999999999999, 1.15052, -1.9496899999999999, -1.3904300000000001, -0.69205000000000005]
obtacles: [[[0.6, -0.4, -0.2], [1.0, 0.6, -0.3]], [[0.8, -0.2, -0.2], [1.0, -0.1, 0.3]], [[0.8, 0.3, -0.2], [1.0, 0.4, 0.3]], [[0.8, -0.2, 0.3], [1.0, 0.4, 0.4]]]
start: [-0.81520999999999999, 1.64839, 2.0, 0.64022000000000001, -1.9668099999999999, -1.3840300000000001, 0.22947999999999999]
tajectories: [[-0.81521, 1.64839, 2.0, 0.64022, -1.96681, -1.38403, 0.22948], [-0.97263, 1.38938, 2.09602, 0.77917, -2.22363, -1.24962, 0.01597], [-1.13006, 1.13038, 2.19203, 0.91812, -2.48045, -1.11521, -0.19753], [-1.28748, 0.87138, 2.28805, 1.05707, -2.73727, -0.98079, -0.41104], [-1.38887, 0.70457, 2.34989, 1.14656, -2.90268, -0.89423, -0.54855], [-1.12425, 0.76414, 2.25424, 1.47545, -2.99682, -0.76476, -0.73153], [-0.85963, 0.82371, 2.15859, 1.80435, -3.09097, -0.63529, -0.9145], [-0.59501, 0.88328, 2.06294, 2.13325, -3.18511, -0.50581, -1.09748], [-0.33038, 0.94285, 1.9673, 2.46214, -3.27926, -0.37634, -1.28045], [-0.06576, 1.00243, 1.87165, 2.79104, -3.3734, -0.24687, -1.46342], [0.10006, 1.03976, 1.81171, 2.99714, -3.43239, -0.16574, -1.57808], [0.00061, 1.22586, 1.83966, 2.74094, -3.12857, -0.36692, -1.4989], [-0.09885, 1.41197, 1.8676, 2.48473, -2.82474, -0.56811, -1.41972], [-0.1983, 1.59808, 1.89554, 2.22853, -2.52092, -0.76929, -1.34054], [-0.29775, 1.78419, 1.92348, 1.97233, -2.21709, -0.97047, -1.26135]]
end: [-0.39212999999999998, 1.9608000000000001, 1.95, 1.7292000000000001, -1.9287700000000001, -1.1613800000000001, -1.18621]
obtacles: [[[0.6, -0.4, -0.2], [1.0, 0.6, -0.3]], [[0.8, -0.2, -0.2], [1.0, -0.1, 0.3]], [[0.8, 0.3, -0.2], [1.0, 0.4, 0.3]], [[0.8, -0.2, 0.3], [1.0, 0.4, 0.4]]]
start: [-0.91773000000000005, 1.92028, 1.95, 1.39253, -1.99926, -1.2853600000000001, -0.34456999999999999]
tajectories: [[-0.91773, 1.92028, 1.95, 1.39253, -1.99926, -1.28536, -0.34457], [-0.99165, 1.60534, 1.99994, 1.2507, -1.71286, -1.32681, -0.54204], [-1.06558, 1.2904, 2.04987, 1.10887, -1.42646, -1.36825, -0.73951], [-1.1395, 0.97546, 2.09981, 0.96704, -1.14006, -1.40969, -0.93698], [-1.21343, 0.66052, 2.14974, 0.82521, -0.85366, -1.45114, -1.13445], [-1.28735, 0.34558, 2.19968, 0.68337, -0.56726, -1.49258, -1.33192], [-1.36128, 0.03064, 2.24962, 0.54154, -0.28086, -1.53403, -1.52939], [-1.41608, -0.20283, 2.28663, 0.4364, -0.06855, -1.56475, -1.67578], [-1.31968, 0.0502, 2.23579, 0.7028, -0.04127, -1.24899, -1.72757], [-1.22328, 0.30323, 2.18494, 0.96919, -0.01398, -0.93324, -1.77937], [-1.12688, 0.55627, 2.1341, 1.23559, 0.0133, -0.61748, -1.83117], [-1.03049, 0.8093, 2.08325, 1.50198, 0.04058, -0.30172, -1.88297], [-0.93409, 1.06233, 2.03241, 1.76838, 0.06786, 0.01404, -1.93477], [-0.83769, 1.31536, 1.98156, 2.03477, 0.09515, 0.3298, -1.98657], [-0.74129, 1.56839, 1.93072, 2.30117, 0.12243, 0.64555, -2.03836], [-0.64489, 1.82143, 1.87987, 2.56756, 0.14971, 0.96131, -2.09016], [-0.63163, 1.85624, 1.87288, 2.60421, 0.15347, 1.00475, -2.09729], [-0.59503, 1.85903, 1.91619, 2.41717, -0.14955, 0.71962, -1.90063], [-0.55842, 1.86183, 1.95949, 2.23014, -0.45256, 0.43448, -1.70397], [-0.52182, 1.86463, 2.0028, 2.0431, -0.75557, 0.14935, -1.50731], [-0.48521, 1.86742, 2.04611, 1.85607, -1.05859, -0.13579, -1.31065], [-0.44861, 1.87022, 2.08942, 1.66903, -1.3616, -0.42093, -1.11399], [-0.412, 1.87301, 2.13273, 1.482, -1.66461, -0.70606, -0.91733], [-0.3754, 1.87581, 2.17604, 1.29496, -1.96763, -0.9912, -0.72067]]
end: [-0.35515000000000002, 1.8773599999999999, 2.2000000000000002, 1.1914800000000001, -2.1352799999999998, -1.14896, -0.61185]
obtacles: [[[0.6, -0.4, -0.2], [1.0, 0.6, -0.3]], [[0.8, -0.2, -0.2], [1.0, -0.1, 0.3]], [[0.8, 0.3, -0.2], [1.0, 0.4, 0.3]], [[0.8, -0.2, 0.3], [1.0, 0.4, 0.4]]]
start: [-0.85389999999999999, 1.85351, 1.8, 1.32881, -1.90347, -1.4253100000000001, -0.41768]
tajectories: [[-0.8539, 1.85351, 1.8, 1.32881, -1.90347, -1.42531, -0.41768], [-1.08067, 1.87693, 1.82645, 1.69181, -2.01404, -1.37819, -0.64376], [-1.30745, 1.90035, 1.8529, 2.05481, -2.1246, -1.33107, -0.86983], [-1.53422, 1.92376, 1.87935, 2.41781, -2.23517, -1.28395, -1.09591], [-1.60509, 1.93108, 1.88761, 2.53125, -2.26972, -1.26923, -1.16655], [-1.32097, 1.75645, 1.77113, 2.32701, -2.38875, -1.32755, -0.9098], [-1.03684, 1.58182, 1.65464, 2.12277, -2.50779, -1.38587, -0.65304], [-0.75272, 1.40719, 1.53816, 1.91853, -2.62682, -1.44419, -0.39628], [-0.57454, 1.29767, 1.4651, 1.79044, -2.70148, -1.48076, -0.23525], [-0.54225, 1.54151, 1.55341, 1.71702, -2.4176, -1.46607, -0.5443], [-0.50997, 1.78536, 1.64171, 1.6436, -2.13372, -1.45138, -0.85334]]
end: [-0.48865999999999998, 1.94631, 1.7, 1.59514, -1.94634, -1.4416800000000001, -1.0573300000000001]
obtacles: [[[0.6, -0.4, -0.2], [1.0, 0.6, -0.3]], [[0.8, -0.2, -0.2], [1.0, -0.1, 0.3]], [[0.8, 0.3, -0.2], [1.0, 0.4, 0.3]], [[0.8, -0.2, 0.3], [1.0, 0.4, 0.4]]]
start: [-0.75885000000000002, 1.72159, 2.0, 1.1229, -1.90642, -1.26003, -0.27806999999999998]
tajectories: [[-0.75885, 1.72159, 2.0, 1.1229, -1.90642, -1.26003, -0.27807], [-0.95829, 1.5889, 2.14803, 1.50792, -2.03205, -1.17874, -0.28689], [-1.15773, 1.45621, 2.29605, 1.89293, -2.15769, -1.09744, -0.29571], [-1.34016, 1.33484, 2.43145, 2.2451, -2.2726, -1.02308, -0.30378], [-1.15788, 1.26605, 2.03397, 2.04819, -2.37461, -1.05874, -0.24381], [-0.97561, 1.19726, 1.63648, 1.85127, -2.47661, -1.09441, -0.18383], [-0.79333, 1.12847, 1.239, 1.65436, -2.57861, -1.13007, -0.12385], [-0.72319, 1.102, 1.08603, 1.57858, -2.61786, -1.14379, -0.10076], [-0.61324, 1.35568, 1.25371, 1.55895, -2.42218, -1.25546, -0.40784], [-0.5033, 1.60936, 1.42138, 1.53931, -2.2265, -1.36713, -0.71492], [-0.39336, 1.86305, 1.58906, 1.51968, -2.03082, -1.4788, -1.02199]]
end: [-0.35339999999999999, 1.9552400000000001, 1.6499999999999999, 1.51254, -1.9597100000000001, -1.51939, -1.1335999999999999]
obtacles: [[[0.6, -0.4, -0.2], [1.0, 0.6, -0.3]], [[0.8, -0.2, -0.2], [1.0, -0.1, 0.3]], [[0.8, 0.3, -0.2], [1.0, 0.4, 0.3]], [[0.8, -0.2, 0.3], [1.0, 0.4, 0.4]]]
start: [-0.67452000000000001, 1.73201, 2.1000000000000001, 1.10399, -1.9781200000000001, -1.1888300000000001, -0.30587999999999999]
tajectories: [[-0.67452, 1.73201, 2.1, 1.10399, -1.97812, -1.18883, -0.30588], [-0.98596, 1.56334, 1.83088, 1.08893, -1.97695, -1.33041, -0.1274], [-1.18405, 1.45605, 1.65971, 1.07936, -1.97621, -1.42046, -0.01387], [-1.16077, 1.41456, 1.32594, 1.37092, -2.17263, -1.33752, 0.06269], [-1.1375, 1.37306, 0.99216, 1.66248, -2.36905, -1.25458, 0.13926], [-1.1248, 1.35043, 0.81012, 1.8215, -2.47618, -1.20935, 0.18102], [-0.97302, 1.52228, 1.08887, 1.75216, -2.33342, -1.25102, -0.12361], [-0.82123, 1.69413, 1.36762, 1.68282, -2.19065, -1.29269, -0.42824], [-0.66944, 1.86598, 1.64637, 1.61347, -2.04789, -1.33437, -0.73287]]
end: [-0.58579000000000003, 1.96069, 1.8, 1.5752600000000001, -1.9692099999999999, -1.35734, -0.90076999999999996]
obtacles: [[[0.6, -0.4, -0.2], [1.0, 0.6, -0.3]], [[0.8, -0.2, -0.2], [1.0, -0.1, 0.3]], [[0.8, 0.3, -0.2], [1.0, 0.4, 0.3]], [[0.8, -0.2, 0.3], [1.0, 0.4, 0.4]]]
start: [-0.75548999999999999, 1.6725399999999999, 1.8, 1.13611, -1.7617799999999999, -1.40784, -0.35325000000000001]
tajectories: [[-0.75549, 1.67254, 1.8, 1.13611, -1.76178, -1.40784, -0.35325], [-0.9265, 1.66343, 1.82674, 0.9534, -1.96495, -1.23923, -0.69512], [-1.0975, 1.65432, 1.85348, 0.7707, -2.16812, -1.07063, -1.03698], [-1.26851, 1.6452, 1.88022, 0.58799, -2.37129, -0.90202, -1.37884], [-1.35291, 1.64071, 1.89342, 0.49782, -2.47156, -0.81881, -1.54756], [-1.26536, 1.55456, 1.60445, 0.78374, -2.51453, -0.91271, -1.79046], [-1.17781, 1.46842, 1.31549, 1.06965, -2.55749, -1.00662, -2.03337], [-1.09027, 1.38228, 1.02652, 1.35556, -2.60045, -1.10053, -2.27627], [-1.00272, 1.29614, 0.73755, 1.64148, -2.64341, -1.19444, -2.51917], [-0.94657, 1.24089, 0.55222, 1.82485, -2.67097, -1.25467, -2.67496], [-0.87135, 1.39236, 0.77443, 1.75767, -2.51937, -1.32096, -2.30061], [-0.79613, 1.54383, 0.99664, 1.69049, -2.36778, -1.38726, -1.92627], [-0.72091, 1.6953, 1.21885, 1.62332, -2.21618, -1.45356, -1.55193], [-0.64569, 1.84677, 1.44106, 1.55614, -2.06458, -1.51985, -1.17759]]
end: [-0.59189000000000003, 1.9551099999999999, 1.6000000000000001, 1.5080899999999999, -1.9561500000000001, -1.56728, -0.90983000000000003]
obtacles: [[[0.6, -0.4, -0.2], [1.0, 0.6, -0.3]], [[0.8, -0.2, -0.2], [1.0, -0.1, 0.3]], [[0.8, 0.3, -0.2], [1.0, 0.4, 0.3]], [[0.8, -0.2, 0.3], [1.0, 0.4, 0.4]]]
start: [-0.87790000000000001, 1.74898, 1.6499999999999999, 1.4537899999999999, -1.7573000000000001, -1.5141199999999999, -0.5635]
tajectories: [[-0.8779, 1.74898, 1.65, 1.45379, -1.7573, -1.51412, -0.5635], [-1.04421, 1.47494, 1.7944, 1.37531, -2.04507, -1.37131, -0.694], [-1.21051, 1.20091, 1.9388, 1.29684, -2.33284, -1.2285, -0.82449], [-1.31609, 1.02693, 2.03047, 1.24703, -2.51553, -1.13783, -0.90734], [-1.0086, 1.20316, 1.93546, 1.47085, -2.57979, -0.9748, -0.72143], [-0.7011, 1.37938, 1.84044, 1.69466, -2.64405, -0.81177, -0.53553], [-0.48115, 1.50543, 1.77247, 1.85476, -2.69002, -0.69516, -0.40255], [-0.47145, 1.59991, 1.73186, 1.81601, -2.3868, -0.94814, -0.68871], [-0.46175, 1.69438, 1.69126, 1.77725, -2.08358, -1.20112, -0.97488], [-0.45205, 1.78885, 1.65066, 1.7385, -1.78036, -1.4541, -1.26104]]
end: [-0.45189000000000001, 1.7903800000000001, 1.6499999999999999, 1.73787, -1.77546, -1.4581900000000001, -1.2656700000000001]
obtacles: [[[0.6, -0.4, -0.2], [1.0, 0.6, -0.3]], [[0.8, -0.2, -0.2], [1.0, -0.1, 0.3]], [[0.8, 0.3, -0.2], [1.0, 0.4, 0.3]], [[0.8, -0.2, 0.3], [1.0, 0.4, 0.4]]]
start: [-0.83335999999999999, 1.7901499999999999, 2.1499999999999999, 1.0105500000000001, -2.0912899999999999, -1.2271300000000001, -0.019230000000000001]
tajectories: [[-0.83336, 1.79015, 2.15, 1.01055, -2.09129, -1.22713, -0.01923], [-1.07377, 1.77784, 1.97413, 1.10342, -2.37151, -1.14769, -0.27935], [-1.31417, 1.76554, 1.79826, 1.1963, -2.65174, -1.06825, -0.53947], [-1.55457, 1.75323, 1.62239, 1.28917, -2.93197, -0.98881, -0.79959], [-1.79497, 1.74092, 1.44652, 1.38204, -3.21219, -0.90937, -1.05971], [-1.91085, 1.73499, 1.36176, 1.42681, -3.34726, -0.87108, -1.18509], [-1.9854, 1.40488, 1.54828, 1.594, -3.54624, -0.81352, -1.35775], [-2.05996, 1.07476, 1.7348, 1.76119, -3.74522, -0.75597, -1.53042], [-2.13452, 0.74465, 1.92133, 1.92839, -3.94421, -0.69841, -1.70309], [-2.20908, 0.41453, 2.10785, 2.09558, -4.14319, -0.64085, -1.87575], [-2.28363, 0.08442, 2.29438, 2.26278, -4.34217, -0.5833, -2.04842], [-2.32724, -0.10866, 2.40347, 2.36056, -4.45855, -0.54963, -2.1494], [-2.32129, -0.36415, 2.27269, 2.22469, -4.43625, -0.68545, -1.7886], [-2.31534, -0.61964, 2.14191, 2.08882, -4.41396, -0.82127, -1.4278], [-2.30939, -0.87513, 2.01113, 1.95294, -4.39167, -0.95709, -1.06699], [-2.30344, -1.13063, 1.88036, 1.81707, -4.36937, -1.09291, -0.70619], [-2.29748, -1.38612, 1.74958, 1.6812, -4.34708, -1.22873, -0.34538], [-2.29153, -1.64161, 1.6188, 1.54532, -4.32479, -1.36455, 0.01542], [-2.28558, -1.89711, 1.48802, 1.40945, -4.30249, -1.50037, 0.37622]]
end: [-2.2838500000000002, -1.9713799999999999, 1.45, 1.36995, -4.2960099999999999, -1.53986, 0.48111999999999999]
obtacles: [[[0.6, -0.4, -0.2], [1.0, 0.6, -0.3]], [[0.8, -0.2, -0.2], [1.0, -0.1, 0.3]], [[0.8, 0.3, -0.2], [1.0, 0.4, 0.3]], [[0.8, -0.2, 0.3], [1.0, 0.4, 0.4]]]
start: [-0.71289999999999998, 1.9474199999999999, 2.1000000000000001, 1.1669799999999999, -2.1479699999999999, -1.2795000000000001, -0.26386999999999999]
tajectories: [[-0.7129, 1.94742, 2.1, 1.16698, -2.14797, -1.2795, -0.26387], [-0.82874, 1.7655, 2.15004, 1.33972, -2.08453, -0.90527, -0.4284], [-0.94457, 1.58357, 2.20008, 1.51246, -2.02109, -0.53104, -0.59292], [-1.06041, 1.40165, 2.25012, 1.6852, -1.95765, -0.15681, -0.75745], [-1.17625, 1.21973, 2.30016, 1.85794, -1.89421, 0.21742, -0.92198], [-1.29209, 1.0378, 2.3502, 2.03067, -1.83077, 0.59165, -1.08651], [-1.40792, 0.85588, 2.40025, 2.20341, -1.76734, 0.96588, -1.25104], [-1.44856, 0.79207, 2.4178, 2.26401, -1.74508, 1.09715, -1.30876], [-1.2946, 0.98246, 2.19517, 2.31698, -1.5743, 0.85169, -1.52843], [-1.14063, 1.17286, 1.97255, 2.36996, -1.40351, 0.60623, -1.74811], [-0.98667, 1.36326, 1.74992, 2.42293, -1.23273, 0.36077, -1.96779], [-0.83271, 1.55366, 1.5273, 2.47591, -1.06195, 0.11531, -2.18747], [-0.67874, 1.74406, 1.30467, 2.52888, -0.89116, -0.13014, -2.40714], [-0.56758, 1.88152, 1.14394, 2.56713, -0.76786, -0.30736, -2.56575], [-0.48498, 1.8946, 1.27137, 2.30874, -0.97979, -0.49978, -2.28635], [-0.40238, 1.90768, 1.3988, 2.05035, -1.19173, -0.6922, -2.00695], [-0.31978, 1.92075, 1.52623, 1.79197, -1.40366, -0.88462, -1.72756], [-0.23717, 1.93383, 1.65365, 1.53358, -1.6156, -1.07704, -1.44816], [-0.15457, 1.9469, 1.78108, 1.2752, -1.82753, -1.26946, -1.16876], [-0.07197, 1.95998, 1.90851, 1.01681, -2.03947, -1.46188, -0.88937]]
end: [-0.045080000000000002, 1.96424, 1.95, 0.93267999999999995, -2.1084700000000001, -1.5245299999999999, -0.7984]
