obtacles: [[[0.6, -0.4, -0.2], [1.0, 0.6, -0.3]], [[0.8, -0.0, -0.2], [1.2, 0.1, 0.3]], [[0.8, 0.6, -0.2], [1.2, 0.7, 0.3]], [[0.8, 0.0, 0.3], [1.2, 0.7, 0.4]]]
start: [-0.17777999999999999, 1.78325, -0.0, -0.53359999999999996, -0.0, -1.2496499999999999, 0.17777999999999999]
tajectories: [[-0.17778, 1.78325, -0.0, -0.5336, -0.0, -1.24965, 0.17778], [-0.23591, 1.47085, 0.11328, -0.33455, -0.21905, -1.2976, -0.03738], [-0.29404, 1.15846, 0.22655, -0.1355, -0.43811, -1.34555, -0.25253], [-0.35217, 0.84606, 0.33983, 0.06355, -0.65716, -1.3935, -0.46769], [-0.4103, 0.53366, 0.45311, 0.2626, -0.87621, -1.44145, -0.68285], [-0.46843, 0.22126, 0.56638, 0.46165, -1.09526, -1.4894, -0.89801], [-0.52656, -0.09113, 0.67966, 0.6607, -1.31432, -1.53735, -1.11317], [-0.53558, -0.1396, 0.69723, 0.69158, -1.34831, -1.54479, -1.14655], [-0.85929, -0.30118, 0.48591, 0.90786, -1.50376, -1.51165, -1.19565], [-1.18299, -0.46276, 0.27459, 1.12415, -1.6592, -1.4785, -1.24474], [-1.5067, -0.62434, 0.06327, 1.34043, -1.81465, -1.44536, -1.29383], [-1.7187, -0.73017, -0.07513, 1.48208, -1.91646, -1.42365, -1.32598], [-1.79869, -1.07398, -0.05646, 1.45717, -2.26721, -1.39313, -1.34759], [-1.87868, -1.4178, -0.03779, 1.43226, -2.61796, -1.36262, -1.36919], [-1.95868, -1.76161, -0.01913, 1.40735, -2.96871, -1.3321, -1.3908], [-1.97481, -1.83094, -0.01536, 1.40233, -3.03943, -1.32595, -1.39515], [-2.09353, -1.85894, 0.23101, 1.27453, -3.27317, -1.37707, -1.0776], [-2.21226, -1.88694, 0.47739, 1.14673, -3.50691, -1.4282, -0.76005], [-2.33099, -1.91494, 0.72376, 1.01893, -3.74065, -1.47932, -0.4425], [-2.44972, -1.94294, 0.97014, 0.89113, -3.9744, -1.53044, -0.12495]]
end: [-2.5363899999999999, -1.9633799999999999, 1.1499999999999999, 0.79783999999999999, -4.1450399999999998, -1.5677700000000001, 0.10687000000000001]
obtacles: [[[0.6, -0.4, -0.2], [1.0, 0.6, -0.3]], [[0.8, -0.0, -0.2], [1.2, 0.1, 0.3]], [[0.8, 0.6, -0.2], [1.2, 0.7, 0.3]], [[0.8, 0.0, 0.3], [1.2, 0.7, 0.4]]]
start: [-0.11881, 1.68109, 1.1499999999999999, -0.39252999999999999, -4.2813299999999996, 1.5171699999999999, -2.6655799999999998]
tajectories: [[-0.11881, 1.68109, 1.15, -0.39253, -4.28133, 1.51717, -2.66558], [-0.14192, 1.52269, 1.22341, -0.34035, -3.99661, 1.15138, -2.62826], [-0.16502, 1.36428, 1.29683, -0.28817, -3.71188, 0.78559, -2.59095], [-0.18813, 1.20588, 1.37024, -0.23598, -3.42716, 0.4198, -2.55364], [-0.21123, 1.04747, 1.44366, -0.1838, -3.14244, 0.05401, -2.51633], [-0.23433, 0.88907, 1.51707, -0.13162, -2.85772, -0.31178, -2.47902], [-0.25744, 0.73066, 1.59049, -0.07944, -2.57299, -0.67757, -2.44171], [-0.25977, 0.71467, 1.5979, -0.07417, -2.54426, -0.71449, -2.43795], [0.01986, 0.90076, 1.76172, 0.14602, -2.33129, -0.84253, -2.42769], [0.29949, 1.08684, 1.92554, 0.36622, -2.11832, -0.97057, -2.41743], [0.57912, 1.27293, 2.08936, 0.58641, -1.90535, -1.09861, -2.40717], [0.85875, 1.45901, 2.25318, 0.80661, -1.69238, -1.22665, -2.39692], [1.13838, 1.64509, 2.417, 1.02681, -1.47941, -1.35469, -2.38666], [1.41801, 1.83118, 2.58082, 1.247, -1.26644, -1.48273, -2.3764], [1.52807, 1.90441, 2.6453, 1.33366, -1.18262, -1.53312, -2.37237], [1.28865, 1.90602, 2.6461, 1.21027, -1.43573, -1.50558, -2.03677], [1.04924, 1.90763, 2.6469, 1.08687, -1.68885, -1.47805, -1.70117], [0.80983, 1.90924, 2.6477, 0.96348, -1.94196, -1.45051, -1.36557], [0.57041, 1.91084, 2.6485, 0.84009, -2.19507, -1.42298, -1.02997], [0.331, 1.91245, 2.6493, 0.71669, -2.44819, -1.39544, -0.69437]]
end: [0.12035999999999999, 1.9138599999999999, 2.6499999999999999, 0.60812999999999995, -2.6708699999999999, -1.3712200000000001, -0.39911000000000002]
obtacles: [[[0.6, -0.4, -0.2], [1.0, 0.6, -0.3]], [[0.8, -0.0, -0.2], [1.2, 0.1, 0.3]], [[0.8, 0.6, -0.2], [1.2, 0.7, 0.3]], [[0.8, 0.0, 0.3], [1.2, 0.7, 0.4]]]
start: [-0.44986999999999999, 1.8755500000000001, 1.8999999999999999, 1.1317200000000001, -1.99041, -1.4186300000000001, -0.59838000000000002]
tajectories: [[-0.44987, 1.87555, 1.9, 1.13172, -1.99041, -1.41863, -0.59838], [-0.74773, 1.50693, 1.79593, 1.15046, -1.87227, -1.40313, -0.60232], [-1.0456, 1.13831, 1.69186, 1.16921, -1.75413, -1.38763, -0.60626], [-1.34346, 0.76969, 1.58779, 1.18796, -1.63599, -1.37213, -0.6102], [-1.64132, 0.40106, 1.48371, 1.20671, -1.51785, -1.35664, -0.61415], [-1.93918, 0.03244, 1.37964, 1.22546, -1.39971, -1.34114, -0.61809], [-2.23705, -0.33618, 1.27557, 1.24421, -1.28157, -1.32564, -0.62203], [-2.25912, -0.3635, 1.26786, 1.2456, -1.27282, -1.32449, -0.62232], [-2.09617, -0.7244, 1.22045, 1.49927, -1.1751, -1.21491, -0.69331], [-1.93322, -1.08531, 1.17304, 1.75294, -1.07738, -1.10532, -0.7643], [-1.77028, -1.44622, 1.12563, 2.00661, -0.97966, -0.99574, -0.83529], [-1.65053, -1.71144, 1.09078, 2.19303, -0.90784, -0.9152, -0.88746], [-1.781, -1.74256, 1.12086, 2.0204, -0.93928, -0.56051, -1.16042], [-1.91148, -1.77368, 1.15094, 1.84777, -0.97071, -0.20581, -1.43338], [-2.04195, -1.8048, 1.18101, 1.67515, -1.00215, 0.14888, -1.70634], [-2.17242, -1.83593, 1.21109, 1.50252, -1.03358, 0.50357, -1.9793], [-2.30289, -1.86705, 1.24116, 1.32989, -1.06502, 0.85827, -2.25227], [-2.43336, -1.89817, 1.27124, 1.15726, -1.09645, 1.21296, -2.52523]]
end: [-2.5581299999999998, -1.9279299999999999, 1.3, 0.99217999999999995, -1.1265099999999999, 1.5521499999999999, -2.7862499999999999]
obtacles: [[[0.6, -0.4, -0.2], [1.0, 0.6, -0.3]], [[0.8, -0.0, -0.2], [1.2, 0.1, 0.3]], [[0.8, 0.6, -0.2], [1.2, 0.7, 0.3]], [[0.8, 0.0, 0.3], [1.2, 0.7, 0.4]]]
start: [-0.23769000000000001, 1.6990700000000001, 1.8, 0.53244000000000002, -1.83287, -1.5666199999999999, -0.27940999999999999]
tajectories: [[-0.23769, 1.69907, 1.8, 0.53244, -1.83287, -1.56662, -0.27941], [-0.25252, 1.61372, 2.03321, 0.41194, -1.97764, -1.38091, -0.62313], [-0.26735, 1.52836, 2.26643, 0.29144, -2.12242, -1.1952, -0.96684], [-0.28217, 1.44301, 2.49964, 0.17095, -2.26719, -1.00949, -1.31056], [-0.28472, 1.42835, 2.53969, 0.15025, -2.29206, -0.9776, -1.36959], [-0.30296, 1.1601, 2.30038, 0.39554, -2.51033, -0.86614, -1.38395], [-0.3212, 0.89184, 2.06108, 0.64083, -2.72859, -0.75468, -1.39831], [-0.33944, 0.62359, 1.82177, 0.88612, -2.94686, -0.64321, -1.41267], [-0.35769, 0.35533, 1.58246, 1.13142, -3.16513, -0.53175, -1.42703], [-0.3602, 0.31831, 1.54943, 1.16527, -3.19526, -0.51637, -1.42901], [-0.36254, 0.08215, 1.74989, 1.38551, -3.12083, -0.22403, -1.30846], [-0.36488, -0.15401, 1.95034, 1.60574, -3.0464, 0.06832, -1.18791], [-0.36722, -0.39017, 2.15079, 1.82597, -2.97197, 0.36066, -1.06735], [-0.36956, -0.62633, 2.35125, 2.04621, -2.89754, 0.65301, -0.9468], [-0.3719, -0.86249, 2.5517, 2.26644, -2.82311, 0.94535, -0.82624], [-0.37359, -1.03324, 2.69664, 2.42568, -2.76929, 1.15672, -0.73908], [-0.65959, -1.11362, 2.53879, 2.23819, -2.5982, 1.20857, -1.00311], [-0.9456, -1.19399, 2.38094, 2.0507, -2.4271, 1.26041, -1.26714], [-1.2316, -1.27437, 2.22309, 1.86322, -2.25601, 1.31225, -1.53117], [-1.51761, -1.35474, 2.06524, 1.67573, -2.08491, 1.36409, -1.7952], [-1.80361, -1.43512, 1.90739, 1.48824, -1.91382, 1.41594, -2.05923], [-2.08962, -1.5155, 1.74954, 1.30076, -1.74272, 1.46778, -2.32326], [-2.37562, -1.59587, 1.59169, 1.11327, -1.57163, 1.51962, -2.58729]]
end: [-2.54175, -1.64256, 1.5, 1.00437, -1.4722500000000001, 1.5497300000000001, -2.74065]
obtacles: [[[0.6, -0.4, -0.2], [1.0, 0.6, -0.3]], [[0.8, -0.0, -0.2], [1.2, 0.1, 0.3]], [[0.8, 0.6, -0.2], [1.2, 0.7, 0.3]], [[0.8, 0.0, 0.3], [1.2, 0.7, 0.4]]]
start: [-0.60433000000000003, 1.8480300000000001, 1.8999999999999999, 1.21404, -1.95224, -1.37374, -0.52520999999999995]
tajectories: [[-0.60433, 1.84803, 1.9, 1.21404, -1.95224, -1.37374, -0.52521], [-0.73575, 1.81071, 2.02801, 1.39066, -2.17852, -1.2904, -0.87961], [-0.86718, 1.7734, 2.15602, 1.56729, -2.40481, -1.20705, -1.23401], [-0.99861, 1.73608, 2.28403, 1.74392, -2.63109, -1.12371, -1.58841], [-1.10881, 1.70478, 2.39137, 1.89203, -2.82083, -1.05382, -1.88559], [-0.6654, 1.73953, 2.28801, 1.7063, -2.83555, -1.06369, -1.8038], [-0.222, 1.77428, 2.18465, 1.52058, -2.85026, -1.07357, -1.722], [0.1496, 1.8034, 2.09803, 1.36493, -2.86259, -1.08184, -1.65346], [0.14134, 1.85134, 2.0624, 1.14443, -2.59504, -1.25645, -1.34414], [0.13308, 1.89929, 2.02678, 0.92394, -2.3275, -1.43106, -1.03483]]
end: [0.12687000000000001, 1.93533, 2.0, 0.75821000000000005, -2.1263999999999998, -1.5623, -0.80235000000000001]
obtacles: [[[0.6, -0.4, -0.2], [1.0, 0.6, -0.3]], [[0.8, -0.0, -0.2], [1.2, 0.1, 0.3]], [[0.8, 0.6, -0.2], [1.2, 0.7, 0.3]], [[0.8, 0.0, 0.3], [1.2, 0.7, 0.4]]]
start: [-0.59641, 1.9181699999999999, 2.0, 1.2017100000000001, -2.0631900000000001, -1.3262400000000001, -0.46711000000000003]
tajectories: [[-0.59641, 1.91817, 2.0, 1.20171, -2.06319, -1.32624, -0.46711], [-0.60575, 1.70764, 1.73055, 0.99777, -2.15693, -1.13553, -0.68214], [-0.61509, 1.49712, 1.46111, 0.79382, -2.25068, -0.94483, -0.89717], [-0.62443, 1.28659, 1.19166, 0.58987, -2.34443, -0.75412, -1.1122], [-0.63378, 1.07606, 0.92221, 0.38593, -2.43817, -0.56341, -1.32723], [-0.64312, 0.86553, 0.65276, 0.18198, -2.53192, -0.37271, -1.54226], [-0.65246, 0.65501, 0.38332, -0.02197, -2.62566, -0.182, -1.75729], [-0.6618, 0.44448, 0.11387, -0.22591, -2.71941, 0.00871, -1.97232], [-0.66666, 0.33502, -0.02623, -0.33195, -2.76815, 0.10786, -2.08412], [-0.7537, -0.00533, -0.05422, -0.0702, -2.54601, 0.03141, -2.03838], [-0.84074, -0.34569, -0.08221, 0.19156, -2.32386, -0.04504, -1.99265], [-0.92778, -0.68604, -0.1102, 0.45331, -2.10171, -0.12149, -1.94691], [-1.01482, -1.02639, -0.13819, 0.71506, -1.87957, -0.19794, -1.90117], [-1.10187, -1.36674, -0.16618, 0.97681, -1.65742, -0.2744, -1.85544], [-1.18891, -1.7071, -0.19417, 1.23857, -1.43527, -0.35085, -1.8097], [-1.24167, -1.9134, -0.21113, 1.39723, -1.30062, -0.39719, -1.78198], [-1.24127, -1.91111, 0.10305, 1.7033, -1.3232, -0.58335, -1.63218], [-1.24087, -1.90882, 0.41723, 2.00936, -1.34579, -0.76952, -1.48237], [-1.24047, -1.90653, 0.73141, 2.31543, -1.36837, -0.95568, -1.33257], [-1.24007, -1.90424, 1.04559, 2.6215, -1.39095, -1.14185, -1.18277], [-1.23972, -1.90223, 1.32012, 2.88894, -1.41069, -1.30452, -1.05186], [-1.40304, -1.86926, 1.34269, 2.66016, -1.41894, -0.94733, -1.25616], [-1.56635, -1.83629, 1.36526, 2.43138, -1.42718, -0.59013, -1.46045], [-1.72967, -1.80332, 1.38783, 2.2026, -1.43543, -0.23294, -1.66474], [-1.89298, -1.77035, 1.4104, 1.97382, -1.44368, 0.12426, -1.86904], [-2.0563, -1.73738, 1.43297, 1.74504, -1.45193, 0.48145, -2.07333], [-2.21962, -1.7044, 1.45554, 1.51626, -1.46018, 0.83864, -2.27762], [-2.38293, -1.67143, 1.47811, 1.28748, -1.46843, 1.19584, -2.48192]]
end: [-2.5413100000000002, -1.6394599999999999, 1.5, 1.06562, -1.4764299999999999, 1.5422400000000001, -2.68004]
obtacles: [[[0.6, -0.4, -0.2], [1.0, 0.6, -0.3]], [[0.8, -0.0, -0.2], [1.2, 0.1, 0.3]], [[0.8, 0.6, -0.2], [1.2, 0.7, 0.3]], [[0.8, 0.0, 0.3], [1.2, 0.7, 0.4]]]
start: [-0.55762, 1.74861, 1.8500000000000001, 0.62626999999999999, -1.9001999999999999, -1.5551299999999999, -0.040989999999999999]
tajectories: [[-0.55762, 1.74861, 1.85, 0.62627, -1.9002, -1.55513, -0.04099], [-0.66704, 1.65757, 1.76612, 1.02179, -1.65918, -1.5043, -0.11577], [-0.77646, 1.56652, 1.68223, 1.4173, -1.41816, -1.45348, -0.19055], [-0.88588, 1.47547, 1.59835, 1.81282, -1.17714, -1.40265, -0.26533], [-0.9953, 1.38442, 1.51447, 2.20834, -0.93611, -1.35183, -0.34011], [-1.03592, 1.35063, 1.48334, 2.35513, -0.84666, -1.33297, -0.36786], [-0.68712, 1.43361, 1.47745, 2.38759, -0.78599, -1.32835, -0.0263], [-0.33832, 1.51658, 1.47157, 2.42004, -0.72532, -1.32373, 0.31527], [0.01048, 1.59956, 1.46568, 2.4525, -0.66466, -1.31911, 0.65683], [0.35927, 1.68253, 1.4598, 2.48495, -0.60399, -1.31449, 0.99839], [0.40904, 1.69437, 1.45896, 2.48958, -0.59533, -1.31383, 1.04712], [0.33423, 1.70975, 1.52699, 2.24802, -0.82039, -1.33322, 0.68634], [0.25943, 1.72513, 1.59501, 2.00646, -1.04544, -1.35261, 0.32556], [0.18463, 1.74051, 1.66304, 1.7649, -1.27049, -1.372, -0.03522], [0.10982, 1.75589, 1.73107, 1.52334, -1.49555, -1.39139, -0.39601], [0.03502, 1.77127, 1.79909, 1.28178, -1.7206, -1.41078, -0.75679]]
end: [-0.020959999999999999, 1.78278, 1.8500000000000001, 1.1010200000000001, -1.8890199999999999, -1.4252899999999999, -1.02677]
obtacles: [[[0.6, -0.4, -0.2], [1.0, 0.6, -0.3]], [[0.8, -0.0, -0.2], [1.2, 0.1, 0.3]], [[0.8, 0.6, -0.2], [1.2, 0.7, 0.3]], [[0.8, 0.0, 0.3], [1.2, 0.7, 0.4]]]
start: [-0.65552999999999995, 1.85703, 1.8500000000000001, 1.1195600000000001, -1.95177, -1.4557500000000001, -0.40133000000000002]
tajectories: [[-0.65553, 1.85703, 1.85, 1.11956, -1.95177, -1.45575, -0.40133], [-0.65329, 1.59127, 1.97088, 1.44392, -2.186, -1.39008, -0.38226], [-0.65105, 1.3255, 2.09176, 1.76829, -2.42022, -1.3244, -0.3632], [-0.65082, 1.2983, 2.10413, 1.8015, -2.4442, -1.31768, -0.36125], [-0.3814, 1.51896, 1.92384, 1.837, -2.19342, -1.30506, -0.18262], [-0.11198, 1.73962, 1.74355, 1.87249, -1.94265, -1.29244, -0.00398], [-0.08315, 1.76323, 1.72426, 1.87629, -1.91582, -1.29109, 0.01513], [-0.04694, 1.76492, 1.77071, 1.49387, -1.91138, -1.36819, -0.29198], [-0.01072, 1.76662, 1.81716, 1.11145, -1.90695, -1.44529, -0.59909]]
end: [0.01489, 1.7678199999999999, 1.8500000000000001, 0.84106000000000003, -1.9038200000000001, -1.4998, -0.81623000000000001]
obtacles: [[[0.6, -0.4, -0.2], [1.0, 0.6, -0.3]], [[0.8, -0.0, -0.2], [1.2, 0.1, 0.3]], [[0.8, 0.6, -0.2], [1.2, 0.7, 0.3]], [[0.8, 0.0, 0.3], [1.2, 0.7, 0.4]]]
start: [-0.56635999999999997, 1.7407300000000001, 1.8500000000000001, 0.96460000000000001, -1.87144, -1.4435800000000001, -0.35500999999999999]
tajectories: [[-0.56636, 1.74073, 1.85, 0.9646, -1.87144, -1.44358, -0.35501], [-0.47504, 1.45186, 2.03917, 1.07853, -2.00148, -1.22564, -0.56724], [-0.38371, 1.163, 2.22834, 1.19245, -2.13152, -1.0077, -0.77947], [-0.29238, 0.87413, 2.41752, 1.30637, -2.26157, -0.78976, -0.9917], [-0.20106, 0.58526, 2.60669, 1.4203, -2.39161, -0.57182, -1.20393], [-0.17534, 0.5039, 2.65997, 1.45238, -2.42824, -0.51044, -1.2637], [-0.06237, 0.64603, 2.4738, 1.59454, -2.06039, -0.6641, -1.20671], [0.05059, 0.78816, 2.28763, 1.7367, -1.69255, -0.81777, -1.14971], [0.16355, 0.93029, 2.10146, 1.87886, -1.3247, -0.97143, -1.09272], [0.27652, 1.07242, 1.9153, 2.02102, -0.95685, -1.12509, -1.03572], [0.38948, 1.21455, 1.72913, 2.16318, -0.58901, -1.27875, -0.97873], [0.50245, 1.35668, 1.54296, 2.30534, -0.22116, -1.43241, -0.92173], [0.55082, 1.41754, 1.46324, 2.36622, -0.06364, -1.49822, -0.89732], [0.43425, 1.48746, 1.54187, 2.07142, -0.43554, -1.49276, -0.88781], [0.31768, 1.55737, 1.62049, 1.77662, -0.80745, -1.4873, -0.87829], [0.20111, 1.62729, 1.69912, 1.48182, -1.17935, -1.48184, -0.86877], [0.08454, 1.69721, 1.77775, 1.18702, -1.55126, -1.47638, -0.85926]]
end: [-0.02257, 1.76145, 1.8500000000000001, 0.91613, -1.89299, -1.4713700000000001, -0.85050999999999999]
obtacles: [[[0.6, -0.4, -0.2], [1.0, 0.6, -0.3]], [[0.8, -0.0, -0.2], [1.2, 0.1, 0.3]], [[0.8, 0.6, -0.2], [1.2, 0.7, 0.3]], [[0.8, 0.0, 0.3], [1.2, 0.7, 0.4]]]
start: [-0.41359000000000001, 1.9005099999999999, 1.8999999999999999, 0.89824000000000004, -2.0310000000000001, -1.5332300000000001, -0.42059999999999997]
tajectories: [[-0.41359, 1.90051, 1.9, 0.89824, -2.031, -1.53323, -0.4206], [-0.56866, 1.55227, 1.80417, 0.9602, -1.8373, -1.30055, -0.42172], [-0.72373, 1.20403, 1.70834, 1.02215, -1.64359, -1.06787, -0.42285], [-0.8788, 0.8558, 1.61251, 1.0841, -1.44989, -0.83519, -0.42398], [-0.90722, 0.79198, 1.59495, 1.09545, -1.41439, -0.79255, -0.42419], [-0.91015, 0.98042, 1.69234, 1.51361, -1.49139, -0.94707, -0.40603], [-0.91308, 1.16887, 1.78973, 1.93177, -1.56838, -1.1016, -0.38788], [-0.91601, 1.35732, 1.88712, 2.34993, -1.64538, -1.25612, -0.36973], [-0.91894, 1.54577, 1.98452, 2.76809, -1.72238, -1.41065, -0.35158], [-0.92046, 1.64382, 2.03519, 2.98566, -1.76244, -1.49105, -0.34213], [-0.75598, 1.56357, 1.80769, 2.72842, -1.7427, -1.18844, -0.42345], [-0.59151, 1.48332, 1.58019, 2.47118, -1.72296, -0.88582, -0.50477], [-0.42703, 1.40307, 1.35269, 2.21394, -1.70322, -0.5832, -0.58608], [-0.26255, 1.32282, 1.12519, 1.9567, -1.68349, -0.28059, -0.6674], [-0.17636, 1.28076, 1.00596, 1.82189, -1.67314, -0.122, -0.71002], [-0.07213, 1.39876, 1.23438, 1.55259, -1.77501, -0.42191, -0.72382], [0.03209, 1.51677, 1.46279, 1.28329, -1.87688, -0.72182, -0.73763], [0.13632, 1.63478, 1.69121, 1.01399, -1.97874, -1.02174, -0.75143], [0.24054, 1.75278, 1.91963, 0.74469, -2.08061, -1.32165, -0.76524]]
end: [0.32284000000000002, 1.84596, 2.1000000000000001, 0.53203999999999996, -2.1610499999999999, -1.5584800000000001, -0.77614000000000005]
obtacles: [[[0.6, -0.4, -0.2], [1.0, 0.6, -0.3]], [[0.8, -0.0, -0.2], [1.2, 0.1, 0.3]], [[0.8, 0.6, -0.2], [1.2, 0.7, 0.3]], [[0.8, 0.0, 0.3], [1.2, 0.7, 0.4]]]
start: [-0.46928999999999998, 1.93536, 2.1000000000000001, 1.1612899999999999, -2.1389800000000001, -1.27583, -0.50549999999999995]
tajectories: [[-0.46929, 1.93536, 2.1, 1.16129, -2.13898, -1.27583, -0.5055], [-0.62506, 1.66917, 1.80727, 1.07264, -2.14816, -1.19301, -0.27229], [-0.78083, 1.40299, 1.51455, 0.98398, -2.15735, -1.1102, -0.03907], [-0.93661, 1.1368, 1.22182, 0.89532, -2.16654, -1.02739, 0.19414], [-1.09238, 0.87061, 0.9291, 0.80666, -2.17573, -0.94457, 0.42735], [-1.24815, 0.60443, 0.63637, 0.718, -2.18492, -0.86176, 0.66057], [-1.3885, 0.3646, 0.37264, 0.63812, -2.1932, -0.78715, 0.87068], [-1.12452, 0.19175, 0.36608, 0.76704, -2.2662, -0.95595, 1.18683], [-0.86054, 0.0189, 0.35952, 0.89595, -2.3392, -1.12476, 1.50298], [-0.59656, -0.15395, 0.35296, 1.02487, -2.4122, -1.29356, 1.81913], [-0.38128, -0.29492, 0.34761, 1.13001, -2.47174, -1.43123, 2.07696], [-0.34915, 0.07299, 0.62241, 1.24808, -2.55679, -1.35149, 2.17975], [-0.31701, 0.4409, 0.8972, 1.36615, -2.64184, -1.27175, 2.28255], [-0.28488, 0.8088, 1.172, 1.48422, -2.72689, -1.19201, 2.38534], [-0.25275, 1.17671, 1.44679, 1.60229, -2.81194, -1.11227, 2.48814], [-0.22061, 1.54462, 1.72159, 1.72036, -2.897, -1.03253, 2.59094], [-0.18993, 1.89595, 1.98401, 1.83311, -2.97822, -0.95638, 2.6891], [-0.15312, 1.88738, 1.99919, 1.71524, -2.8643, -1.00522, 2.22104], [-0.11631, 1.8788, 2.01438, 1.59737, -2.75037, -1.05406, 1.75298], [-0.0795, 1.87022, 2.02956, 1.4795, -2.63645, -1.1029, 1.28491], [-0.04269, 1.86165, 2.04474, 1.36163, -2.52253, -1.15174, 0.81685], [-0.00588, 1.85307, 2.05993, 1.24376, -2.4086, -1.20058, 0.34878], [0.03093, 1.84449, 2.07511, 1.12589, -2.29468, -1.24942, -0.11928], [0.06774, 1.83592, 2.0903, 1.00802, -2.18076, -1.29826, -0.58734]]
end: [0.091270000000000004, 1.8304400000000001, 2.1000000000000001, 0.93267999999999995, -2.1079400000000001, -1.32948, -0.88651999999999997]
obtacles: [[[0.6, -0.4, -0.2], [1.0, 0.6, -0.3]], [[0.8, -0.0, -0.2], [1.2, 0.1, 0.3]], [[0.8, 0.6, -0.2], [1.2, 0.7, 0.3]], [[0.8, 0.0, 0.3], [1.2, 0.7, 0.4]]]
start: [-0.67395000000000005, 1.8871599999999999, 2.2000000000000002, 1.0609900000000001, -2.18729, -1.22776, -0.17313000000000001]
tajectories: [[-0.67395, 1.88716, 2.2, 1.06099, -2.18729, -1.22776, -0.17313], [-0.64508, 1.46796, 2.04474, 1.06835, -2.11247, -1.25196, -0.38073], [-0.61622, 1.04877, 1.88948, 1.07572, -2.03764, -1.27616, -0.58833], [-0.58736, 0.62957, 1.73422, 1.08308, -1.96282, -1.30037, -0.79593], [-0.55849, 0.21038, 1.57896, 1.09045, -1.888, -1.32457, -1.00353], [-0.52963, -0.20882, 1.4237, 1.09781, -1.81317, -1.34877, -1.21113], [-0.50076, -0.62801, 1.26845, 1.10518, -1.73835, -1.37297, -1.41873], [-0.4719, -1.04721, 1.11319, 1.11254, -1.66353, -1.39718, -1.62633], [-0.44644, -1.41699, 0.97623, 1.11904, -1.59752, -1.41852, -1.80946], [-0.24658, -1.06193, 0.90166, 1.271, -1.77823, -1.28257, -1.74467], [-0.04671, -0.70688, 0.82709, 1.42296, -1.95894, -1.14662, -1.67989], [0.15315, -0.35182, 0.75252, 1.57492, -2.13964, -1.01066, -1.6151], [0.35302, 0.00324, 0.67795, 1.72688, -2.32035, -0.87471, -1.55031], [0.55288, 0.3583, 0.60338, 1.87884, -2.50105, -0.73876, -1.48552], [0.75275, 0.71336, 0.52881, 2.0308, -2.68176, -0.60281, -1.42073], [0.95261, 1.06842, 0.45424, 2.18276, -2.86246, -0.46685, -1.35594], [1.03155, 1.20866, 0.42479, 2.24278, -2.93384, -0.41315, -1.33035], [0.88564, 1.32727, 0.72852, 1.9823, -2.81891, -0.59017, -1.23038], [0.73974, 1.44589, 1.03224, 1.72181, -2.70399, -0.76718, -1.13041], [0.59383, 1.5645, 1.33597, 1.46132, -2.58906, -0.9442, -1.03044], [0.44792, 1.68312, 1.6397, 1.20083, -2.47414, -1.12121, -0.93047], [0.30201, 1.80173, 1.94343, 0.94034, -2.35921, -1.29823, -0.8305]]
end: [0.17874999999999999, 1.9019299999999999, 2.2000000000000002, 0.72030000000000005, -2.26213, -1.4477599999999999, -0.74604999999999999]
obtacles: [[[0.6, -0.4, -0.2], [1.0, 0.6, -0.3]], [[0.8, -0.0, -0.2], [1.2, 0.1, 0.3]], [[0.8, 0.6, -0.2], [1.2, 0.7, 0.3]], [[0.8, 0.0, 0.3], [1.2, 0.7, 0.4]]]
start: [-0.44900000000000001, 1.9640899999999999, 2.1499999999999999, 1.11964, -2.2022400000000002, -1.27877, -0.45605000000000001]
tajectories: [[-0.449, 1.96409, 2.15, 1.11964, -2.20224, -1.27877, -0.45605], [-0.70065, 1.74966, 1.87062, 1.06099, -2.31721, -1.31103, -0.66804], [-0.9523, 1.53523, 1.59123, 1.00235, -2.43219, -1.34328, -0.88003], [-1.20394, 1.32081, 1.31185, 0.9437, -2.54717, -1.37553, -1.09202], [-1.45559, 1.10638, 1.03246, 0.88506, -2.66214, -1.40779, -1.30401], [-1.67947, 0.91562, 0.78391, 0.83288, -2.76443, -1.43648, -1.49261], [-1.48624, 0.73159, 0.64946, 0.99012, -3.00681, -1.26835, -1.71392], [-1.29301, 0.54756, 0.51501, 1.14735, -3.24919, -1.10021, -1.93523], [-1.09977, 0.36353, 0.38056, 1.30459, -3.49157, -0.93208, -2.15654], [-0.90654, 0.1795, 0.24611, 1.46182, -3.73395, -0.76394, -2.37785], [-0.71331, -0.00453, 0.11166, 1.61905, -3.97633, -0.5958, -2.59916], [-0.52008, -0.18856, -0.02279, 1.77629, -4.21871, -0.42767, -2.82047], [-0.42876, -0.27552, -0.08632, 1.85059, -4.33325, -0.34821, -2.92505], [-0.34805, 0.14102, 0.02812, 2.05104, -4.36474, -0.26784, -2.82888], [-0.26734, 0.55756, 0.14257, 2.2515, -4.39624, -0.18748, -2.7327], [-0.18663, 0.9741, 0.25702, 2.45195, -4.42774, -0.10711, -2.63653], [-0.13286, 1.25161, 0.33326, 2.5855, -4.44872, -0.05357, -2.57246], [-0.09559, 1.32252, 0.55302, 2.36589, -4.17423, -0.21544, -2.35913], [-0.05832, 1.39344, 0.77279, 2.14628, -3.89975, -0.37731, -2.1458], [-0.02105, 1.46436, 0.99255, 1.92667, -3.62526, -0.53919, -1.93246], [0.01622, 1.53527, 1.21231, 1.70706, -3.35077, -0.70106, -1.71913], [0.05349, 1.60619, 1.43208, 1.48746, -3.07628, -0.86294, -1.5058], [0.09076, 1.67711, 1.65184, 1.26785, -2.80179, -1.02481, -1.29246], [0.12803, 1.74802, 1.8716, 1.04824, -2.5273, -1.18669, -1.07913], [0.1653, 1.81894, 2.09136, 0.82863, -2.25282, -1.34856, -0.8658]]
end: [0.17524000000000001, 1.83786, 2.1499999999999999, 0.77003999999999995, -2.1795800000000001, -1.39175, -0.80888000000000004]
obtacles: [[[0.6, -0.4, -0.2], [1.0, 0.6, -0.3]], [[0.8, -0.0, -0.2], [1.2, 0.1, 0.3]], [[0.8, 0.6, -0.2], [1.2, 0.7, 0.3]], [[0.8, 0.0, 0.3], [1.2, 0.7, 0.4]]]
start: [-0.46542, 1.9663600000000001, 2.0, 0.94366000000000005, -2.1404000000000001, -1.4858800000000001, -0.36606]
tajectories: [[-0.46542, 1.96636, 2.0, 0.94366, -2.1404, -1.48588, -0.36606], [-0.67125, 1.91568, 1.88798, 1.0269, -2.03926, -1.49323, -0.78476], [-0.87707, 1.86499, 1.77596, 1.11014, -1.93812, -1.50059, -1.20346], [-1.08289, 1.8143, 1.66395, 1.19339, -1.83698, -1.50794, -1.62216], [-1.12729, 1.80337, 1.63978, 1.21134, -1.81517, -1.50953, -1.71246], [-1.08312, 1.64485, 1.3893, 1.37735, -2.10535, -1.31464, -1.81458], [-1.03896, 1.48633, 1.13881, 1.54336, -2.39554, -1.11974, -1.9167], [-0.9948, 1.3278, 0.88833, 1.70938, -2.68572, -0.92485, -2.01881], [-0.95064, 1.16928, 0.63784, 1.87539, -2.97591, -0.72996, -2.12093], [-0.90648, 1.01076, 0.38736, 2.0414, -3.26609, -0.53507, -2.22305], [-0.86232, 0.85224, 0.13687, 2.20742, -3.55628, -0.34018, -2.32516], [-0.82223, 0.70836, -0.09048, 2.35809, -3.81965, -0.16329, -2.41784], [-0.47744, 0.8019, 0.07598, 2.23377, -3.92544, -0.24393, -2.16982], [-0.13265, 0.89543, 0.24243, 2.10946, -4.03122, -0.32457, -1.9218], [0.21215, 0.98897, 0.40888, 1.98514, -4.137, -0.40521, -1.67378], [0.55694, 1.08251, 0.57534, 1.86082, -4.24278, -0.48585, -1.42576], [0.90173, 1.17604, 0.74179, 1.7365, -4.34856, -0.56649, -1.17774], [1.24653, 1.26958, 0.90824, 1.61218, -4.45434, -0.64714, -0.92972], [1.59132, 1.36311, 1.0747, 1.48786, -4.56012, -0.72778, -0.6817], [1.88259, 1.44213, 1.21531, 1.38284, -4.64948, -0.7959, -0.47218], [1.59437, 1.52168, 1.38009, 1.32234, -4.29801, -0.86742, -0.50592], [1.30614, 1.60123, 1.54486, 1.26183, -3.94654, -0.93895, -0.53965], [1.01792, 1.68078, 1.70964, 1.20132, -3.59506, -1.01048, -0.57338], [0.7297, 1.76033, 1.87441, 1.14082, -3.24359, -1.082, -0.60712], [0.44148, 1.83987, 2.03919, 1.08031, -2.89212, -1.15353, -0.64085], [0.15325, 1.91942, 2.20397, 1.0198, -2.54064, -1.22505, -0.67458]]
end: [-0.01472, 1.9657899999999999, 2.2999999999999998, 0.98453999999999997, -2.3358099999999999, -1.26674, -0.69423999999999997]
obtacles: [[[0.6, -0.4, -0.2], [1.0, 0.6, -0.3]], [[0.8, -0.0, -0.2], [1.2, 0.1, 0.3]], [[0.8, 0.6, -0.2], [1.2, 0.7, 0.3]], [[0.8, 0.0, 0.3], [1.2, 0.7, 0.4]]]
start: [-0.64314000000000004, 1.79681, 2.0499999999999998, 0.86304000000000003, -2.06182, -1.3737900000000001, -0.11495]
tajectories: [[-0.64314, 1.79681, 2.05, 0.86304, -2.06182, -1.37379, -0.11495], [-0.59653, 1.50462, 2.18294, 1.17769, -2.23079, -1.24306, -0.10361], [-0.54991, 1.21243, 2.31588, 1.49235, -2.39976, -1.11233, -0.09228], [-0.5033, 0.92024, 2.44883, 1.807, -2.56874, -0.9816, -0.08094], [-0.45669, 0.62804, 2.58177, 2.12165, -2.73771, -0.85086, -0.06961], [-0.45484, 0.61649, 2.58702, 2.13409, -2.74439, -0.8457, -0.06916], [-0.1265, 0.86058, 2.54038, 1.94512, -2.74159, -0.81301, -0.27809], [0.20184, 1.10467, 2.49375, 1.75615, -2.73879, -0.78033, -0.48702], [0.53019, 1.34875, 2.44711, 1.56718, -2.73599, -0.74764, -0.69594], [0.84435, 1.5823, 2.40248, 1.38636, -2.73331, -0.71637, -0.89585], [0.55026, 1.70755, 2.24034, 1.27725, -2.52224, -0.97146, -0.89633], [0.25616, 1.8328, 2.07819, 1.16814, -2.31117, -1.22655, -0.8968], [-0.03794, 1.95805, 1.91604, 1.05902, -2.1001, -1.48165, -0.89728]]
end: [-0.067030000000000006, 1.97044, 1.8999999999999999, 1.04823, -2.0792199999999998, -1.50688, -0.89732999999999996]
obtacles: [[[0.6, -0.4, -0.2], [1.0, 0.6, -0.3]], [[0.8, -0.0, -0.2], [1.2, 0.1, 0.3]], [[0.8, 0.6, -0.2], [1.2, 0.7, 0.3]], [[0.8, 0.0, 0.3], [1.2, 0.7, 0.4]]]
start: [-0.59762999999999999, 1.75986, 1.8999999999999999, 1.3202199999999999, -1.84436, -1.3067299999999999, -0.65454000000000001]
tajectories: [[-0.59763, 1.75986, 1.9, 1.32022, -1.84436, -1.30673, -0.65454], [-0.73131, 1.55227, 1.83655, 1.37944, -2.17431, -1.1897, -0.41175], [-0.865, 1.34468, 1.77311, 1.43867, -2.50425, -1.07268, -0.16896], [-0.99868, 1.13709, 1.70966, 1.49789, -2.83419, -0.95565, 0.07383], [-1.13236, 0.9295, 1.64621, 1.55711, -3.16413, -0.83862, 0.31662], [-1.26605, 0.72192, 1.58276, 1.61633, -3.49407, -0.7216, 0.55941], [-1.33769, 0.61067, 1.54876, 1.64807, -3.67089, -0.65888, 0.68952], [-1.0564, 0.68744, 1.33463, 1.71516, -3.36456, -0.79572, 0.64408], [-0.77512, 0.76422, 1.1205, 1.78225, -3.05822, -0.93255, 0.59864], [-0.49383, 0.841, 0.90636, 1.84934, -2.75189, -1.06939, 0.5532], [-0.21255, 0.91777, 0.69223, 1.91642, -2.44555, -1.20622, 0.50775], [0.06874, 0.99455, 0.4781, 1.98351, -2.13922, -1.34306, 0.46231], [0.12396, 1.00962, 0.43606, 1.99668, -2.07908, -1.36992, 0.45339], [0.16192, 1.16646, 0.75079, 1.72582, -2.10351, -1.40483, 0.23041], [0.19988, 1.3233, 1.06553, 1.45496, -2.12794, -1.43973, 0.00744], [0.23783, 1.48014, 1.38026, 1.18409, -2.15238, -1.47464, -0.21554], [0.27579, 1.63699, 1.695, 0.91323, -2.17681, -1.50955, -0.43852], [0.31374, 1.79383, 2.00973, 0.64236, -2.20125, -1.54446, -0.66149]]
end: [0.33066000000000001, 1.86372, 2.1499999999999999, 0.52164999999999995, -2.2121300000000002, -1.5600099999999999, -0.76087000000000005]
obtacles: [[[0.6, -0.4, -0.2], [1.0, 0.6, -0.3]], [[0.8, -0.0, -0.2], [1.2, 0.1, 0.3]], [[0.8, 0.6, -0.2], [1.2, 0.7, 0.3]], [[0.8, 0.0, 0.3], [1.2, 0.7, 0.4]]]
start: [-0.64278999999999997, 1.86629, 1.8500000000000001, 1.0098499999999999, -1.96899, -1.5024200000000001, -0.31142999999999998]
tajectories: [[-0.64279, 1.86629, 1.85, 1.00985, -1.96899, -1.50242, -0.31143], [-0.69027, 1.53631, 1.68438, 0.90904, -2.09996, -1.49891, -0.60143], [-0.73774, 1.20633, 1.51875, 0.80824, -2.23094, -1.4954, -0.89143], [-0.78522, 0.87635, 1.35313, 0.70744, -2.36192, -1.49189, -1.18142], [-0.83269, 0.54637, 1.1875, 0.60664, -2.4929, -1.48837, -1.47142], [-0.88016, 0.21639, 1.02188, 0.50583, -2.62388, -1.48486, -1.76142], [-0.92477, -0.09367, 0.86625, 0.41112, -2.74696, -1.48156, -2.0339], [-0.55349, -0.18111, 1.04658, 0.60362, -2.8093, -1.37321, -1.89498], [-0.1822, -0.26855, 1.22691, 0.79612, -2.87164, -1.26486, -1.75605], [0.18908, -0.35599, 1.40724, 0.98862, -2.93398, -1.15651, -1.61713], [0.56036, -0.44342, 1.58757, 1.18112, -2.99632, -1.04815, -1.4782], [0.93165, -0.53086, 1.7679, 1.37362, -3.05866, -0.9398, -1.33928], [1.30293, -0.6183, 1.94824, 1.56612, -3.12101, -0.83145, -1.20035], [1.39032, -0.63888, 1.99068, 1.61143, -3.13568, -0.80595, -1.16765], [1.38394, -0.34806, 1.91272, 1.58483, -3.27909, -0.77959, -0.79706], [1.37756, -0.05725, 1.83476, 1.55823, -3.42251, -0.75323, -0.42647], [1.37118, 0.23357, 1.7568, 1.53163, -3.56592, -0.72688, -0.05588], [1.3648, 0.52439, 1.67884, 1.50504, -3.70934, -0.70052, 0.31471], [1.35842, 0.8152, 1.60088, 1.47844, -3.85275, -0.67416, 0.6853], [1.35568, 0.9399, 1.56745, 1.46703, -3.91425, -0.66286, 0.8442], [1.16422, 1.07442, 1.6111, 1.36457, -3.60868, -0.79881, 0.57777], [0.97276, 1.20893, 1.65474, 1.26211, -3.30311, -0.93476, 0.31133], [0.7813, 1.34345, 1.69838, 1.15965, -2.99754, -1.07072, 0.04489], [0.58984, 1.47796, 1.74202, 1.05719, -2.69197, -1.20667, -0.22155], [0.39838, 1.61248, 1.78566, 0.95473, -2.3864, -1.34262, -0.48799], [0.20692, 1.74699, 1.8293, 0.85227, -2.08083, -1.47858, -0.75443]]
end: [0.11612, 1.8107899999999999, 1.8500000000000001, 0.80367, -1.93591, -1.54305, -0.88078999999999996]
obtacles: [[[0.6, -0.4, -0.2], [1.0, 0.6, -0.3]], [[0.8, -0.0, -0.2], [1.2, 0.1, 0.3]], [[0.8, 0.6, -0.2], [1.2, 0.7, 0.3]], [[0.8, 0.0, 0.3], [1.2, 0.7, 0.4]]]
start: [-0.45585999999999999, 1.9625600000000001, 1.8500000000000001, 1.04453, -2.0468600000000001, -1.54233, -0.52600999999999998]
tajectories: [[-0.45586, 1.96256, 1.85, 1.04453, -2.04686, -1.54233, -0.52601], [-0.60241, 1.83782, 1.86341, 1.37639, -1.7633, -1.45519, -0.64709], [-0.74896, 1.71308, 1.87681, 1.70825, -1.47975, -1.36805, -0.76816], [-0.89551, 1.58834, 1.89022, 2.04011, -1.1962, -1.2809, -0.88923], [-1.01912, 1.48311, 1.90152, 2.32004, -0.95702, -1.20739, -0.99136], [-1.03122, 1.59729, 1.72038, 2.48608, -1.32186, -0.99949, -0.98123], [-1.04332, 1.71147, 1.53923, 2.65212, -1.6867, -0.79159, -0.9711], [-1.0494, 1.7689, 1.44812, 2.73563, -1.87022, -0.68702, -0.966], [-0.72517, 1.63125, 1.29403, 2.48324, -1.93757, -0.78347, -1.12297], [-0.40094, 1.4936, 1.13993, 2.23085, -2.00493, -0.87992, -1.27995], [-0.07671, 1.35594, 0.98584, 1.97846, -2.07229, -0.97637, -1.43692], [0.2084, 1.23491, 0.85034, 1.75653, -2.13152, -1.06118, -1.57495], [0.13488, 1.43373, 1.14084, 1.52368, -2.1145, -1.1994, -1.358], [0.06136, 1.63254, 1.43134, 1.29084, -2.09747, -1.33761, -1.14105], [-0.01215, 1.83136, 1.72183, 1.05799, -2.08045, -1.47583, -0.9241]]
end: [-0.057239999999999999, 1.9533, 1.8999999999999999, 0.91517999999999999, -2.0700099999999999, -1.5606, -0.79103999999999997]
obtacles: [[[0.6, -0.4, -0.2], [1.0, 0.6, -0.3]], [[0.8, -0.0, -0.2], [1.2, 0.1, 0.3]], [[0.8, 0.6, -0.2], [1.2, 0.7, 0.3]], [[0.8, 0.0, 0.3], [1.2, 0.7, 0.4]]]
start: [-0.42621999999999999, 1.69018, 2.1000000000000001, 0.80501, -2.0388500000000001, -1.2882800000000001, -0.27862999999999999]
tajectories: [[-0.42622, 1.69018, 2.1, 0.80501, -2.03885, -1.28828, -0.27863], [-0.5858, 1.47233, 1.96121, 0.91632, -2.29141, -1.1642, -0.53602], [-0.74539, 1.25449, 1.82242, 1.02762, -2.54396, -1.04012, -0.79341], [-0.90497, 1.03665, 1.68363, 1.13893, -2.79652, -0.91604, -1.05079], [-1.06455, 0.81881, 1.54485, 1.25024, -3.04907, -0.79196, -1.30818], [-1.22413, 0.60097, 1.40606, 1.36154, -3.30162, -0.66788, -1.56557], [-1.38372, 0.38312, 1.26727, 1.47285, -3.55418, -0.5438, -1.82296], [-1.5433, 0.16528, 1.12848, 1.58415, -3.80673, -0.41972, -2.08034], [-1.5956, 0.09389, 1.083, 1.62063, -3.8895, -0.37906, -2.1647], [-1.59123, -0.09188, 1.46192, 1.77892, -4.0503, -0.3851, -2.3094], [-1.58686, -0.27764, 1.84085, 1.93721, -4.2111, -0.39113, -2.4541], [-1.58248, -0.46341, 2.21978, 2.0955, -4.3719, -0.39717, -2.59881], [-1.57811, -0.64917, 2.5987, 2.25379, -4.53269, -0.40321, -2.74351], [-1.5771, -0.69224, 2.68656, 2.29049, -4.56997, -0.40461, -2.77706], [-1.68244, -0.8214, 2.54705, 2.16649, -4.19871, -0.18293, -2.75694], [-1.78778, -0.95056, 2.40755, 2.04248, -3.82745, 0.03875, -2.73682], [-1.89313, -1.07972, 2.26804, 1.91848, -3.45618, 0.26042, -2.71671], [-1.99847, -1.20888, 2.12853, 1.79448, -3.08492, 0.4821, -2.69659], [-2.10381, -1.33804, 1.98903, 1.67047, -2.71365, 0.70377, -2.67647], [-2.20916, -1.4672, 1.84952, 1.54647, -2.34239, 0.92545, -2.65635], [-2.3145, -1.59636, 1.71001, 1.42247, -1.97113, 1.14713, -2.63624], [-2.41984, -1.72552, 1.57051, 1.29846, -1.59986, 1.3688, -2.61612]]
end: [-2.51084, -1.8371, 1.45, 1.1913499999999999, -1.2791600000000001, 1.56029, -2.5987399999999998]
obtacles: [[[0.6, -0.4, -0.2], [1.0, 0.6, -0.3]], [[0.8, -0.0, -0.2], [1.2, 0.1, 0.3]], [[0.8, 0.6, -0.2], [1.2, 0.7, 0.3]], [[0.8, 0.0, 0.3], [1.2, 0.7, 0.4]]]
start: [-0.01068, 1.7789699999999999, 1.3, -0.71587000000000001, -1.23115, -1.55498, 0.69537000000000004]
tajectories: [[-0.01068, 1.77897, 1.3, -0.71587, -1.23115, -1.55498, 0.69537], [-0.11774, 1.50567, 1.54786, -0.62818, -1.1016, -1.46791, 0.43013], [-0.22481, 1.23236, 1.79571, -0.54049, -0.97204, -1.38084, 0.16489], [-0.33188, 0.95905, 2.04357, -0.4528, -0.84249, -1.29377, -0.10036], [-0.43895, 0.68575, 2.29142, -0.36512, -0.71293, -1.2067, -0.3656], [-0.47559, 0.5922, 2.37626, -0.3351, -0.66859, -1.1769, -0.45638], [-0.61252, 0.53018, 2.34618, -0.018, -0.59239, -0.92746, -0.69705], [-0.74945, 0.46816, 2.3161, 0.2991, -0.51619, -0.67803, -0.93772], [-0.88638, 0.40614, 2.28603, 0.61621, -0.43999, -0.4286, -1.17838], [-1.02331, 0.34412, 2.25595, 0.93331, -0.36379, -0.17916, -1.41905], [-1.16024, 0.2821, 2.22588, 1.25042, -0.28759, 0.07027, -1.65972], [-1.24965, 0.24161, 2.20624, 1.45746, -0.23783, 0.23313, -1.81686], [-1.03534, 0.46128, 2.11605, 1.67331, -0.20945, -0.08336, -1.82768], [-0.82103, 0.68096, 2.02586, 1.88916, -0.18107, -0.39985, -1.83851], [-0.60672, 0.90064, 1.93567, 2.10501, -0.15269, -0.71634, -1.84934], [-0.39241, 1.12032, 1.84548, 2.32085, -0.12431, -1.03283, -1.86017], [-0.17811, 1.33999, 1.75529, 2.5367, -0.09593, -1.34932, -1.871], [-0.05303, 1.46821, 1.70265, 2.66268, -0.07937, -1.53404, -1.87732], [-0.04297, 1.53916, 1.7434, 2.34896, -0.40679, -1.53895, -1.68353], [-0.03291, 1.61012, 1.78414, 2.03523, -0.73421, -1.54386, -1.48975], [-0.02286, 1.68108, 1.82489, 1.72151, -1.06163, -1.54877, -1.29596], [-0.0128, 1.75204, 1.86563, 1.40778, -1.38905, -1.55368, -1.10218], [-0.00274, 1.823, 1.90638, 1.09406, -1.71647, -1.55859, -0.9084], [0.00731, 1.89396, 1.94713, 0.78033, -2.0439, -1.5635, -0.71461]]
end: [0.0080199999999999994, 1.89896, 1.95, 0.75822000000000001, -2.06697, -1.5638399999999999, -0.70094999999999996]
obtacles: [[[0.6, -0.4, -0.2], [1.0, 0.6, -0.3]], [[0.8, -0.0, -0.2], [1.2, 0.1, 0.3]], [[0.8, 0.6, -0.2], [1.2, 0.7, 0.3]], [[0.8, 0.0, 0.3], [1.2, 0.7, 0.4]]]
start: [-0.43245, 1.7679, 1.95, 1.1233299999999999, -1.9218500000000001, -1.3258099999999999, -0.60928000000000004]
tajectories: [[-0.43245, 1.7679, 1.95, 1.12333, -1.92185, -1.32581, -0.60928], [-0.51827, 1.80238, 2.06305, 1.21235, -1.73461, -1.14926, -1.00236], [-0.60408, 1.83687, 2.17611, 1.30137, -1.54737, -0.97271, -1.39544], [-0.6899, 1.87135, 2.28916, 1.39039, -1.36013, -0.79616, -1.78852], [-0.77572, 1.90583, 2.40221, 1.47941, -1.17289, -0.61961, -2.1816], [-0.82896, 1.92723, 2.47234, 1.53463, -1.05674, -0.51009, -2.42545], [-0.94155, 1.78784, 2.22567, 1.69443, -1.1348, -0.16618, -2.34094], [-1.05415, 1.64845, 1.979, 1.85422, -1.21286, 0.17774, -2.25642], [-1.16674, 1.50906, 1.73233, 2.01401, -1.29092, 0.52165, -2.17191], [-1.27934, 1.36967, 1.48566, 2.1738, -1.36897, 0.86556, -2.08739], [-1.38964, 1.23312, 1.24401, 2.33033, -1.44544, 1.20246, -2.0046], [-1.15283, 1.19564, 1.07058, 2.24278, -1.54551, 0.86508, -2.18048], [-0.91603, 1.15817, 0.89715, 2.15524, -1.64559, 0.5277, -2.35637], [-0.67922, 1.12069, 0.72372, 2.0677, -1.74566, 0.19032, -2.53226], [-0.44242, 1.08322, 0.55029, 1.98015, -1.84573, -0.14706, -2.70814], [-0.20561, 1.04574, 0.37685, 1.89261, -1.9458, -0.48444, -2.88403], [-0.17444, 1.04081, 0.35402, 1.88108, -1.95898, -0.52885, -2.90719], [-0.1336, 1.17665, 0.61812, 1.72046, -1.97134, -0.68401, -2.57536], [-0.09277, 1.3125, 0.88221, 1.55984, -1.9837, -0.83917, -2.24354], [-0.05194, 1.44835, 1.14631, 1.39922, -1.99605, -0.99433, -1.91172], [-0.0111, 1.58419, 1.4104, 1.2386, -2.00841, -1.14949, -1.5799], [0.02973, 1.72004, 1.6745, 1.07798, -2.02077, -1.30465, -1.24808], [0.07056, 1.85589, 1.93859, 0.91736, -2.03313, -1.45981, -0.91626]]
end: [0.072319999999999995, 1.86175, 1.95, 0.91042000000000001, -2.0336599999999998, -1.46651, -0.90193000000000001]
obtacles: [[[0.6, -0.4, -0.2], [1.0, 0.6, -0.3]], [[0.8, -0.0, -0.2], [1.2, 0.1, 0.3]], [[0.8, 0.6, -0.2], [1.2, 0.7, 0.3]], [[0.8, 0.0, 0.3], [1.2, 0.7, 0.4]]]
start: [-0.61643000000000003, 1.7799799999999999, 1.95, 0.86570000000000003, -1.9788300000000001, -1.4291400000000001, -0.17963000000000001]
tajectories: [[-0.61643, 1.77998, 1.95, 0.8657, -1.97883, -1.42914, -0.17963], [-0.65675, 1.78642, 2.05626, 1.18923, -2.15609, -1.21969, -0.41854], [-0.69707, 1.79287, 2.16252, 1.51276, -2.33335, -1.01024, -0.65745], [-0.73738, 1.79932, 2.26879, 1.83629, -2.51062, -0.80079, -0.89636], [-0.7777, 1.80576, 2.37505, 2.15982, -2.68788, -0.59134, -1.13527], [-0.80504, 1.81013, 2.44711, 2.37924, -2.8081, -0.4493, -1.2973], [-0.65401, 1.82341, 2.39115, 2.40604, -2.45021, -0.33942, -1.00919], [-0.50298, 1.83668, 2.33518, 2.43285, -2.09233, -0.22954, -0.72108], [-0.35194, 1.84995, 2.27921, 2.45965, -1.73444, -0.11966, -0.43297], [-0.20091, 1.86323, 2.22324, 2.48646, -1.37655, -0.00978, -0.14487], [-0.04988, 1.8765, 2.16728, 2.51326, -1.01867, 0.1001, 0.14324], [0.10115, 1.88978, 2.11131, 2.54006, -0.66078, 0.20998, 0.43135], [0.1325, 1.89253, 2.09969, 2.54563, -0.58651, 0.23278, 0.49115], [0.13274, 1.86097, 2.07568, 2.24843, -0.80445, -0.0342, 0.28785], [0.13298, 1.82941, 2.05167, 1.95123, -1.02238, -0.30117, 0.08456], [0.13321, 1.79786, 2.02766, 1.65404, -1.24032, -0.56815, -0.11873], [0.13345, 1.7663, 2.00365, 1.35684, -1.45826, -0.83512, -0.32203], [0.13369, 1.73474, 1.97964, 1.05965, -1.6762, -1.1021, -0.52532], [0.13393, 1.70318, 1.95563, 0.76245, -1.89414, -1.36908, -0.72862]]
end: [0.13397999999999999, 1.6957800000000001, 1.95, 0.69272999999999996, -1.9452700000000001, -1.43171, -0.77630999999999994]
