obtacles: [[[0.6, -0.4, -0.2], [1.0, 0.6, -0.3]], [[0.7, -0.0, -0.2], [0.9, 0.1, 0.4]], [[0.7, 0.5, -0.2], [0.9, 0.6, 0.4]], [[0.7, 0.0, 0.4], [0.9, 0.6, 0.5]]]
start: [-0.31040000000000001, 1.6003799999999999, -1.1499999999999999, -0.096460000000000004, -1.9924599999999999, 1.56091, -2.9192200000000001]
tajectories: [[-0.3104, 1.60038, -1.15, -0.09646, -1.99246, 1.56091, -2.91922], [-0.19578, 1.3093, -1.08072, -0.04644, -1.77812, 1.25, -2.87207], [-0.08115, 1.01823, -1.01144, 0.00358, -1.56377, 0.93908, -2.82491], [0.03347, 0.72715, -0.94216, 0.05359, -1.34943, 0.62817, -2.77776], [0.14809, 0.43607, -0.87289, 0.10361, -1.13509, 0.31725, -2.7306], [0.26271, 0.145, -0.80361, 0.15363, -0.92074, 0.00634, -2.68344], [0.37733, -0.14608, -0.73433, 0.20365, -0.7064, -0.30458, -2.63629], [0.38633, -0.16891, -0.7289, 0.20757, -0.68959, -0.32897, -2.63259], [0.7275, -0.05796, -0.86189, 0.37667, -0.50993, -0.36477, -2.42901], [1.06868, 0.05299, -0.99489, 0.54577, -0.33027, -0.40057, -2.22542], [1.40985, 0.16395, -1.12789, 0.71487, -0.15061, -0.43638, -2.02184], [1.75103, 0.2749, -1.26089, 0.88397, 0.02905, -0.47218, -1.81826], [2.0922, 0.38585, -1.39389, 1.05307, 0.20871, -0.50798, -1.61468], [2.43338, 0.49681, -1.52689, 1.22218, 0.38837, -0.54378, -1.41109], [2.61049, 0.55441, -1.59594, 1.30996, 0.48163, -0.56237, -1.30541], [2.3887, 0.71847, -1.58963, 1.38399, 0.22386, -0.2732, -1.44071], [2.16691, 0.88254, -1.58331, 1.45802, -0.03392, 0.01596, -1.57601], [1.94512, 1.04661, -1.577, 1.53204, -0.29169, 0.30513, -1.7113], [1.72333, 1.21068, -1.57069, 1.60607, -0.54947, 0.59429, -1.8466], [1.50154, 1.37475, -1.56438, 1.6801, -0.80724, 0.88346, -1.9819], [1.27975, 1.53882, -1.55806, 1.75413, -1.06502, 1.17263, -2.1172], [1.05796, 1.70288, -1.55175, 1.82816, -1.32279, 1.46179, -2.2525]]
end: [0.99643999999999999, 1.7484, -1.55, 1.8486899999999999, -1.3943000000000001, 1.5420100000000001, -2.2900299999999998]
obtacles: [[[0.6, -0.4, -0.2], [1.0, 0.6, -0.3]], [[0.7, -0.0, -0.2], [0.9, 0.1, 0.4]], [[0.7, 0.5, -0.2], [0.9, 0.6, 0.4]], [[0.7, 0.0, 0.4], [0.9, 0.6, 0.5]]]
start: [-0.017850000000000001, 1.7985, -1.8500000000000001, 0.70294999999999996, -1.21241, 1.5694600000000001, -2.4531700000000001]
tajectories: [[-0.01785, 1.7985, -1.85, 0.70295, -1.21241, 1.56946, -2.45317], [-0.04509, 1.6984, -1.53944, 1.01923, -1.31985, 1.41444, -2.53793], [-0.07234, 1.5983, -1.22889, 1.33552, -1.42729, 1.25943, -2.6227], [-0.09959, 1.4982, -0.91833, 1.6518, -1.53474, 1.10442, -2.70747], [-0.12684, 1.3981, -0.60777, 1.96808, -1.64218, 0.9494, -2.79224], [-0.15408, 1.298, -0.29721, 2.28436, -1.74962, 0.79439, -2.877], [-0.17354, 1.22652, -0.07543, 2.51023, -1.82635, 0.68369, -2.93754], [0.0755, 1.24029, -0.10556, 2.39502, -2.09788, 0.38799, -2.82599], [0.32454, 1.25406, -0.13569, 2.27981, -2.36941, 0.09229, -2.71444], [0.57358, 1.26784, -0.16582, 2.1646, -2.64093, -0.20341, -2.60289], [0.82262, 1.28161, -0.19596, 2.04939, -2.91246, -0.49911, -2.49134], [1.07166, 1.29538, -0.22609, 1.93418, -3.18399, -0.79481, -2.37979], [1.29134, 1.30753, -0.25267, 1.83255, -3.42351, -1.05565, -2.28139], [1.19852, 1.37452, -0.4966, 1.66254, -3.57068, -1.12706, -1.93249], [1.1057, 1.44151, -0.74054, 1.49253, -3.71785, -1.19847, -1.5836], [1.01288, 1.5085, -0.98447, 1.32252, -3.86502, -1.26989, -1.2347], [0.92006, 1.5755, -1.22841, 1.15251, -4.0122, -1.3413, -0.8858], [0.82724, 1.64249, -1.47235, 0.9825, -4.15937, -1.41271, -0.5369], [0.73442, 1.70948, -1.71628, 0.81249, -4.30654, -1.48412, -0.188]]
end: [0.68354000000000004, 1.7462, -1.8500000000000001, 0.71930000000000005, -4.3872200000000001, -1.5232699999999999, 0.0032499999999999999]
obtacles: [[[0.6, -0.4, -0.2], [1.0, 0.6, -0.3]], [[0.7, -0.0, -0.2], [0.9, 0.1, 0.4]], [[0.7, 0.5, -0.2], [0.9, 0.6, 0.4]], [[0.7, 0.0, 0.4], [0.9, 0.6, 0.5]]]
start: [0.01635, 1.9613499999999999, -2.0, 0.79737999999999998, -0.99887999999999999, 1.5613999999999999, -2.4494899999999999]
tajectories: [[0.01635, 1.96135, -2.0, 0.79738, -0.99888, 1.5614, -2.44949], [-0.13406, 1.79054, -2.05472, 0.91651, -1.31765, 1.27962, -2.45082], [-0.28446, 1.61974, -2.10943, 1.03564, -1.63642, 0.99784, -2.45214], [-0.43487, 1.44893, -2.16415, 1.15476, -1.95519, 0.71605, -2.45347], [-0.58528, 1.27813, -2.21887, 1.27389, -2.27396, 0.43427, -2.4548], [-0.73568, 1.10733, -2.27359, 1.39302, -2.59273, 0.15249, -2.45613], [-0.88609, 0.93652, -2.3283, 1.51215, -2.91151, -0.1293, -2.45745], [-1.03649, 0.76572, -2.38302, 1.63128, -3.23028, -0.41108, -2.45878], [-1.17902, 0.60386, -2.43487, 1.74417, -3.53235, -0.6781, -2.46004], [-0.74791, 0.71335, -2.35808, 1.78359, -3.52683, -0.73434, -2.25628], [-0.31681, 0.82284, -2.28129, 1.82301, -3.52131, -0.79057, -2.05251], [0.11429, 0.93234, -2.20451, 1.86244, -3.51579, -0.8468, -1.84875], [0.54539, 1.04183, -2.12772, 1.90186, -3.51026, -0.90304, -1.64499], [0.9765, 1.15132, -2.05093, 1.94129, -3.50474, -0.95927, -1.44123], [1.4076, 1.26081, -1.97414, 1.98071, -3.49922, -1.0155, -1.23747], [1.8387, 1.3703, -1.89736, 2.02014, -3.4937, -1.07174, -1.03371], [2.07655, 1.43071, -1.85499, 2.04189, -3.49065, -1.10276, -0.92129], [1.92469, 1.56551, -1.65892, 2.26928, -3.43796, -0.93377, -0.62586], [1.77283, 1.70031, -1.46285, 2.49668, -3.38527, -0.76477, -0.33043], [1.71209, 1.75422, -1.38443, 2.58763, -3.36419, -0.69717, -0.21227], [1.53061, 1.80095, -1.50072, 2.23038, -3.55477, -0.88347, -0.16026], [1.34913, 1.84768, -1.61701, 1.87313, -3.74535, -1.06977, -0.10825], [1.16765, 1.89441, -1.7333, 1.51589, -3.93593, -1.25607, -0.05624], [0.98617, 1.94114, -1.84959, 1.15864, -4.12651, -1.44237, -0.00423]]
end: [0.90749999999999997, 1.9614, -1.8999999999999999, 1.0037700000000001, -4.2091399999999997, -1.5231300000000001, 0.018319999999999999]
obtacles: [[[0.6, -0.4, -0.2], [1.0, 0.6, -0.3]], [[0.7, -0.0, -0.2], [0.9, 0.1, 0.4]], [[0.7, 0.5, -0.2], [0.9, 0.6, 0.4]], [[0.7, 0.0, 0.4], [0.9, 0.6, 0.5]]]
start: [-0.68245, 1.7909999999999999, 1.95, 1.4920599999999999, -1.83595, -1.22075, -0.72002999999999995]
tajectories: [[-0.68245, 1.791, 1.95, 1.49206, -1.83595, -1.22075, -0.72003], [-0.85218, 1.62449, 1.88572, 1.27395, -1.89144, -1.13478, -1.08237], [-1.0219, 1.45798, 1.82144, 1.05584, -1.94694, -1.04881, -1.44472], [-1.19163, 1.29147, 1.75717, 0.83773, -2.00243, -0.96284, -1.80706], [-1.36136, 1.12496, 1.69289, 0.61962, -2.05792, -0.87687, -2.16941], [-1.53108, 0.95845, 1.62861, 0.40151, -2.11342, -0.7909, -2.53175], [-1.61991, 0.8713, 1.59497, 0.28736, -2.14246, -0.74591, -2.72139], [-1.25463, 0.81414, 1.60534, 0.4915, -2.05271, -0.5202, -2.60952], [-0.88934, 0.75697, 1.61571, 0.69564, -1.96295, -0.29449, -2.49764], [-0.52405, 0.6998, 1.62608, 0.89978, -1.87319, -0.06879, -2.38576], [-0.15877, 0.64263, 1.63645, 1.10392, -1.78344, 0.15692, -2.27388], [0.20652, 0.58546, 1.64682, 1.30806, -1.69368, 0.38263, -2.162], [0.57181, 0.5283, 1.65719, 1.5122, -1.60393, 0.60834, -2.05012], [0.93709, 0.47113, 1.66756, 1.71634, -1.51417, 0.83404, -1.93825], [1.07593, 0.4494, 1.6715, 1.79393, -1.48006, 0.91983, -1.89572], [0.83907, 0.13683, 1.76822, 1.86022, -1.32994, 1.15423, -1.82525], [0.6022, -0.17574, 1.86495, 1.9265, -1.17982, 1.38863, -1.75478], [0.41878, -0.41779, 1.93985, 1.97783, -1.06357, 1.57014, -1.7002], [-0.01427, -0.61418, 1.87938, 1.90694, -1.12456, 1.56792, -1.80739], [-0.44733, -0.81057, 1.81891, 1.83604, -1.18554, 1.56569, -1.91458], [-0.88038, -1.00696, 1.75844, 1.76515, -1.24652, 1.56347, -2.02176], [-1.31344, -1.20334, 1.69798, 1.69425, -1.3075, 1.56125, -2.12895], [-1.74649, -1.39973, 1.63751, 1.62336, -1.36849, 1.55902, -2.23614], [-2.17955, -1.59612, 1.57704, 1.55247, -1.42947, 1.5568, -2.34332]]
end: [-2.3732000000000002, -1.68394, 1.55, 1.5207599999999999, -1.4567399999999999, 1.5558099999999999, -2.3912599999999999]
obtacles: [[[0.6, -0.4, -0.2], [1.0, 0.6, -0.3]], [[0.7, -0.0, -0.2], [0.9, 0.1, 0.4]], [[0.7, 0.5, -0.2], [0.9, 0.6, 0.4]], [[0.7, 0.0, 0.4], [0.9, 0.6, 0.5]]]
start: [-0.58009999999999995, 1.6026899999999999, 1.6000000000000001, 1.11968, -1.6122300000000001, -1.55843, -0.53886000000000001]
tajectories: [[-0.5801, 1.60269, 1.6, 1.11968, -1.61223, -1.55843, -0.53886], [-0.70246, 1.21268, 1.69554, 1.2996, -1.75196, -1.4141, -0.57146], [-0.82482, 0.82267, 1.79107, 1.47952, -1.89169, -1.26976, -0.60405], [-0.90475, 0.56791, 1.85348, 1.59705, -1.98296, -1.17548, -0.62534], [-0.63883, 0.66905, 1.77013, 1.80003, -1.67751, -1.17001, -0.79142], [-0.37291, 0.77019, 1.68678, 2.00302, -1.37207, -1.16453, -0.95749], [-0.10699, 0.87133, 1.60342, 2.206, -1.06662, -1.15906, -1.12356], [-0.09975, 0.87409, 1.60115, 2.21153, -1.05829, -1.15891, -1.12809], [-0.11316, 1.20815, 1.60075, 2.08431, -1.32145, -1.27033, -1.32902], [-0.12658, 1.54221, 1.60034, 1.95709, -1.5846, -1.38175, -1.52996]]
end: [-0.13779, 1.8215300000000001, 1.6000000000000001, 1.8507100000000001, -1.80463, -1.4749099999999999, -1.69797]
obtacles: [[[0.6, -0.4, -0.2], [1.0, 0.6, -0.3]], [[0.7, -0.0, -0.2], [0.9, 0.1, 0.4]], [[0.7, 0.5, -0.2], [0.9, 0.6, 0.4]], [[0.7, 0.0, 0.4], [0.9, 0.6, 0.5]]]
start: [-0.91488999999999998, 1.7421599999999999, 1.7, 1.9331400000000001, -1.6873899999999999, -1.39066, -0.99660000000000004]
tajectories: [[-0.91489, 1.74216, 1.7, 1.93314, -1.68739, -1.39066, -0.9966], [-0.7054, 1.79113, 1.91704, 2.03808, -2.03865, -1.49884, -0.89405], [-0.70061, 1.79224, 1.922, 2.04048, -2.04667, -1.50131, -0.8917], [-0.28582, 1.75503, 1.89392, 2.01117, -2.14438, -1.52774, -1.14601], [-0.20154, 1.74747, 1.88821, 2.00521, -2.16423, -1.53311, -1.19767], [-0.187, 1.87322, 1.74433, 1.93258, -1.92941, -1.38773, -1.56061]]
end: [-0.18251999999999999, 1.9119699999999999, 1.7, 1.9101999999999999, -1.85707, -1.34294, -1.67242]
obtacles: [[[0.6, -0.4, -0.2], [1.0, 0.6, -0.3]], [[0.7, -0.0, -0.2], [0.9, 0.1, 0.4]], [[0.7, 0.5, -0.2], [0.9, 0.6, 0.4]], [[0.7, 0.0, 0.4], [0.9, 0.6, 0.5]]]
start: [-0.50314999999999999, 1.51729, 1.7, 0.83947000000000005, -1.61734, -1.4389400000000001, -0.33671000000000001]
tajectories: [[-0.50315, 1.51729, 1.7, 0.83947, -1.61734, -1.43894, -0.33671], [-0.92887, 1.52204, 1.62736, 0.6137, -1.6292, -1.4743, -0.44207], [-1.35459, 1.52679, 1.55472, 0.38793, -1.64106, -1.50965, -0.54743], [-1.40238, 1.52732, 1.54657, 0.36258, -1.64239, -1.51362, -0.55926], [-1.11783, 1.27206, 1.78272, 0.48517, -1.49208, -1.41155, -0.56736], [-0.83327, 1.0168, 2.01887, 0.60775, -1.34176, -1.30949, -0.57546], [-0.54872, 0.76155, 2.25503, 0.73034, -1.19145, -1.20742, -0.58356], [-0.26417, 0.50629, 2.49118, 0.85293, -1.04114, -1.10535, -0.59166], [-0.11447, 0.372, 2.61541, 0.91741, -0.96206, -1.05166, -0.59592], [-0.0729, 0.51999, 2.28395, 1.22525, -0.88921, -1.12794, -0.69894], [-0.03132, 0.66798, 1.95248, 1.53308, -0.81637, -1.20422, -0.80197], [0.01025, 0.81596, 1.62101, 1.84091, -0.74352, -1.2805, -0.905], [0.05183, 0.96395, 1.28954, 2.14874, -0.67067, -1.35678, -1.00803], [0.06557, 1.01288, 1.17995, 2.25052, -0.64659, -1.382, -1.04209], [0.01984, 1.26102, 1.32663, 2.10289, -0.99254, -1.38708, -1.19479], [-0.0259, 1.50916, 1.47332, 1.95526, -1.33849, -1.39215, -1.34748], [-0.07164, 1.75729, 1.62, 1.80763, -1.68445, -1.39722, -1.50018]]
end: [-0.096579999999999999, 1.89262, 1.7, 1.72712, -1.87313, -1.39998, -1.58345]
obtacles: [[[0.6, -0.4, -0.2], [1.0, 0.6, -0.3]], [[0.7, -0.0, -0.2], [0.9, 0.1, 0.4]], [[0.7, 0.5, -0.2], [0.9, 0.6, 0.4]], [[0.7, 0.0, 0.4], [0.9, 0.6, 0.5]]]
start: [-0.66783000000000003, 1.8729100000000001, 1.7, 1.68828, -1.8593900000000001, -1.4131100000000001, -0.97779000000000005]
tajectories: [[-0.66783, 1.87291, 1.7, 1.68828, -1.85939, -1.41311, -0.97779], [-0.93769, 1.56766, 1.48523, 1.71878, -1.89122, -1.40465, -0.78843], [-1.20755, 1.2624, 1.27047, 1.74928, -1.92306, -1.3962, -0.59907], [-1.47741, 0.95715, 1.0557, 1.77978, -1.95489, -1.38775, -0.40971], [-1.74727, 0.6519, 0.84094, 1.81029, -1.98673, -1.3793, -0.22035], [-2.01713, 0.34665, 0.62617, 1.84079, -2.01857, -1.37084, -0.03099], [-2.28699, 0.0414, 0.4114, 1.87129, -2.0504, -1.36239, 0.15837], [-2.48624, -0.18398, 0.25283, 1.89382, -2.07391, -1.35615, 0.29818], [-2.10412, -0.14498, 0.22764, 1.92307, -1.86843, -1.34174, 0.05623], [-1.72199, -0.10597, 0.20245, 1.95232, -1.66295, -1.32733, -0.18572], [-1.33987, -0.06696, 0.17727, 1.98157, -1.45747, -1.31293, -0.42767], [-0.95774, -0.02796, 0.15208, 2.01082, -1.252, -1.29852, -0.66962], [-0.57561, 0.01105, 0.12689, 2.04007, -1.04652, -1.28412, -0.91157], [-0.19349, 0.05006, 0.1017, 2.06932, -0.84104, -1.26971, -1.15352], [0.12379, 0.08245, 0.08078, 2.09361, -0.67043, -1.25775, -1.35441], [0.55452, 0.12969, 0.03151, 1.95699, -0.83815, -1.31699, -1.25686], [0.98524, 0.17694, -0.01776, 1.82038, -1.00586, -1.37622, -1.15931], [1.41596, 0.22419, -0.06704, 1.68377, -1.17358, -1.43546, -1.06176], [1.84669, 0.27143, -0.11631, 1.54716, -1.3413, -1.4947, -0.96421], [2.11508, 0.30087, -0.14702, 1.46203, -1.44581, -1.53161, -0.90343], [1.78427, 0.51389, 0.13222, 1.50767, -1.4818, -1.51449, -1.01981], [1.45347, 0.72691, 0.41146, 1.55331, -1.5178, -1.49737, -1.1362], [1.12267, 0.93993, 0.6907, 1.59896, -1.5538, -1.48025, -1.25258], [0.79186, 1.15295, 0.96994, 1.6446, -1.5898, -1.46313, -1.36897], [0.46106, 1.36597, 1.24918, 1.69024, -1.6258, -1.44601, -1.48535], [0.13025, 1.57899, 1.52842, 1.73588, -1.6618, -1.42889, -1.60173]]
end: [-0.073020000000000002, 1.7098800000000001, 1.7, 1.76393, -1.6839200000000001, -1.4183699999999999, -1.6732499999999999]
obtacles: [[[0.6, -0.4, -0.2], [1.0, 0.6, -0.3]], [[0.7, -0.0, -0.2], [0.9, 0.1, 0.4]], [[0.7, 0.5, -0.2], [0.9, 0.6, 0.4]], [[0.7, 0.0, 0.4], [0.9, 0.6, 0.5]]]
start: [-2.5636800000000002, -1.91364, 1.7, 1.9701900000000001, -1.2057899999999999, 1.5518700000000001, -1.73041]
tajectories: [[-2.56368, -1.91364, 1.7, 1.97019, -1.20579, 1.55187, -1.73041], [-2.49091, -1.53361, 1.71973, 2.11879, -1.16627, 1.37706, -1.94415], [-2.41813, -1.15358, 1.73947, 2.2674, -1.12675, 1.20225, -2.1579], [-2.35393, -0.81831, 1.75687, 2.3985, -1.09188, 1.04803, -2.34646], [-2.21481, -1.12467, 1.63159, 2.2852, -0.82858, 1.02864, -2.5428], [-2.0757, -1.43104, 1.50631, 2.1719, -0.56528, 1.00926, -2.73914], [-1.95608, -1.69448, 1.39858, 2.07447, -0.33887, 0.99259, -2.90796], [-2.02216, -1.80355, 1.48064, 1.90639, -0.68088, 1.22495, -2.74127], [-2.08825, -1.91263, 1.56269, 1.7383, -1.02289, 1.45732, -2.57458]]
end: [-2.1183000000000001, -1.9622299999999999, 1.6000000000000001, 1.66187, -1.17841, 1.56298, -2.4987900000000001]
obtacles: [[[0.6, -0.4, -0.2], [1.0, 0.6, -0.3]], [[0.7, -0.0, -0.2], [0.9, 0.1, 0.4]], [[0.7, 0.5, -0.2], [0.9, 0.6, 0.4]], [[0.7, 0.0, 0.4], [0.9, 0.6, 0.5]]]
start: [-0.98446, 1.70763, 1.6000000000000001, 1.6303099999999999, -1.70574, -1.5338000000000001, -0.64134999999999998]
tajectories: [[-0.98446, 1.70763, 1.6, 1.63031, -1.70574, -1.5338, -0.64135], [-0.97288, 1.53687, 1.80989, 1.69227, -1.35567, -1.43576, -0.43973], [-0.9613, 1.36611, 2.01977, 1.75424, -1.00559, -1.33772, -0.23811], [-0.94972, 1.19535, 2.22966, 1.8162, -0.65552, -1.23968, -0.03649], [-0.93815, 1.02459, 2.43955, 1.87816, -0.30544, -1.14165, 0.16513], [-0.93169, 0.92937, 2.55658, 1.91271, -0.11023, -1.08698, 0.27755], [-0.91335, 0.60555, 2.29682, 1.96483, -0.12067, -0.9442, 0.04492], [-0.89501, 0.28172, 2.03707, 2.01696, -0.13111, -0.80142, -0.18771], [-0.87668, -0.0421, 1.77731, 2.06908, -0.14154, -0.65864, -0.42035], [-0.85834, -0.36592, 1.51755, 2.1212, -0.15198, -0.51587, -0.65298], [-0.84, -0.68974, 1.25779, 2.17332, -0.16242, -0.37309, -0.88561], [-0.82166, -1.01356, 0.99804, 2.22545, -0.17286, -0.23031, -1.11824], [-0.81155, -1.19212, 0.8548, 2.25419, -0.17861, -0.15158, -1.24652], [-1.0456, -1.28039, 0.95424, 2.10032, -0.36138, 0.11291, -1.47126], [-1.27965, -1.36866, 1.05368, 1.94645, -0.54414, 0.3774, -1.696], [-1.5137, -1.45693, 1.15312, 1.79258, -0.72691, 0.64188, -1.92075], [-1.74775, -1.5452, 1.25255, 1.63871, -0.90967, 0.90637, -2.14549], [-1.9818, -1.63346, 1.35199, 1.48484, -1.09244, 1.17086, -2.37023], [-2.21584, -1.72173, 1.45143, 1.33097, -1.27521, 1.43535, -2.59497]]
end: [-2.3301699999999999, -1.76485, 1.5, 1.2558100000000001, -1.3644799999999999, 1.56454, -2.7047500000000002]
obtacles: [[[0.6, -0.4, -0.2], [1.0, 0.6, -0.3]], [[0.7, -0.0, -0.2], [0.9, 0.1, 0.4]], [[0.7, 0.5, -0.2], [0.9, 0.6, 0.4]], [[0.7, 0.0, 0.4], [0.9, 0.6, 0.5]]]
start: [-0.42599999999999999, 1.5218, 1.6499999999999999, 0.37991999999999998, -1.6262099999999999, -1.49593, 0.046210000000000001]
tajectories: [[-0.426, 1.5218, 1.65, 0.37992, -1.62621, -1.49593, 0.04621], [-0.61914, 1.30539, 1.40723, 0.57253, -1.82884, -1.36545, -0.06214], [-0.81228, 1.08899, 1.16445, 0.76514, -2.03148, -1.23498, -0.1705], [-1.00542, 0.87258, 0.92168, 0.95775, -2.23412, -1.1045, -0.27886], [-1.19856, 0.65618, 0.67891, 1.15036, -2.43676, -0.97402, -0.38721], [-1.3917, 0.43978, 0.43613, 1.34297, -2.63939, -0.84354, -0.49557], [-1.58484, 0.22337, 0.19336, 1.53559, -2.84203, -0.71307, -0.60393], [-1.77798, 0.00697, -0.04942, 1.7282, -3.04467, -0.58259, -0.71229], [-1.88311, -0.11082, -0.18156, 1.83304, -3.15497, -0.51157, -0.77127], [-1.57967, 0.0395, -0.32214, 2.01365, -2.87447, -0.57677, -0.77546], [-1.27624, 0.18981, -0.46271, 2.19426, -2.59397, -0.64197, -0.77966], [-0.9728, 0.34013, -0.60329, 2.37487, -2.31347, -0.70717, -0.78386], [-0.66936, 0.49045, -0.74387, 2.55548, -2.03297, -0.77237, -0.78805], [-0.36592, 0.64077, -0.88445, 2.7361, -1.75248, -0.83757, -0.79225], [-0.06249, 0.79108, -1.02502, 2.91671, -1.47198, -0.90277, -0.79645], [0.00083, 0.82245, -1.05436, 2.9544, -1.41345, -0.91637, -0.79733], [0.00998, 0.98747, -0.66298, 2.74564, -1.49359, -1.00377, -0.90627], [0.01913, 1.15249, -0.2716, 2.53688, -1.57372, -1.09116, -1.01521], [0.02828, 1.31751, 0.11978, 2.32813, -1.65386, -1.17856, -1.12415], [0.03743, 1.48253, 0.51116, 2.11937, -1.734, -1.26595, -1.23309], [0.04657, 1.64755, 0.90254, 1.91061, -1.81414, -1.35335, -1.34203], [0.05572, 1.81257, 1.29392, 1.70186, -1.89428, -1.44074, -1.45097]]
end: [0.064049999999999996, 1.96271, 1.6499999999999999, 1.51193, -1.96719, -1.5202500000000001, -1.55009]
obtacles: [[[0.6, -0.4, -0.2], [1.0, 0.6, -0.3]], [[0.7, -0.0, -0.2], [0.9, 0.1, 0.4]], [[0.7, 0.5, -0.2], [0.9, 0.6, 0.4]], [[0.7, 0.0, 0.4], [0.9, 0.6, 0.5]]]
start: [-0.58687999999999996, 1.8794299999999999, 1.6499999999999999, 1.4796899999999999, -1.88568, -1.5233399999999999, -0.87295]
tajectories: [[-0.58688, 1.87943, 1.65, 1.47969, -1.88568, -1.52334, -0.87295], [-0.77241, 1.57594, 1.71264, 1.35248, -2.16279, -1.48499, -1.03139], [-0.95795, 1.27245, 1.77529, 1.22526, -2.4399, -1.44663, -1.18983], [-1.14348, 0.96896, 1.83793, 1.09804, -2.71701, -1.40827, -1.34827], [-1.32901, 0.66548, 1.90057, 0.97082, -2.99411, -1.36992, -1.50671], [-1.51454, 0.36199, 1.96321, 0.8436, -3.27122, -1.33156, -1.66516], [-1.70007, 0.0585, 2.02586, 0.71639, -3.54833, -1.2932, -1.8236], [-1.82434, -0.14477, 2.06781, 0.63118, -3.73394, -1.26751, -1.92972], [-1.59368, -0.01697, 1.76482, 0.84458, -3.54144, -1.27291, -2.00738], [-1.36302, 0.11083, 1.46182, 1.05799, -3.34895, -1.27832, -2.08505], [-1.13236, 0.23863, 1.15883, 1.2714, -3.15645, -1.28372, -2.16272], [-0.9017, 0.36643, 0.85583, 1.4848, -2.96395, -1.28912, -2.24038], [-0.67104, 0.49423, 0.55284, 1.69821, -2.77146, -1.29452, -2.31805], [-0.44038, 0.62203, 0.24984, 1.91162, -2.57896, -1.29992, -2.39571], [-0.20972, 0.74983, -0.05315, 2.12502, -2.38647, -1.30533, -2.47338], [-0.03628, 0.84593, -0.28098, 2.28549, -2.24172, -1.30939, -2.53178], [-0.0345, 1.03105, 0.11197, 2.15683, -2.14858, -1.33349, -2.34335], [-0.03272, 1.21616, 0.50493, 2.02817, -2.05545, -1.3576, -2.15493], [-0.03094, 1.40128, 0.89788, 1.8995, -1.96231, -1.3817, -1.96651], [-0.02916, 1.5864, 1.29084, 1.77084, -1.86917, -1.4058, -1.77808], [-0.02738, 1.77152, 1.6838, 1.64218, -1.77603, -1.42991, -1.58966]]
end: [-0.027300000000000001, 1.7791600000000001, 1.7, 1.63687, -1.7721899999999999, -1.4309000000000001, -1.58188]
obtacles: [[[0.6, -0.4, -0.2], [1.0, 0.6, -0.3]], [[0.7, -0.0, -0.2], [0.9, 0.1, 0.4]], [[0.7, 0.5, -0.2], [0.9, 0.6, 0.4]], [[0.7, 0.0, 0.4], [0.9, 0.6, 0.5]]]
start: [-0.83892999999999995, 1.76627, 1.7, 1.9015200000000001, -1.71641, -1.3871500000000001, -1.03647]
tajectories: [[-0.83893, 1.76627, 1.7, 1.90152, -1.71641, -1.38715, -1.03647], [-0.95979, 1.5484, 1.56309, 2.03433, -1.77782, -1.42331, -1.41918], [-1.08065, 1.33054, 1.42618, 2.16714, -1.83923, -1.45947, -1.80189], [-1.19941, 1.11646, 1.29166, 2.29764, -1.89957, -1.49501, -2.17793], [-0.94333, 1.04439, 1.24581, 2.2803, -1.75176, -1.29156, -1.8409], [-0.72939, 0.98418, 1.20751, 2.26582, -1.62828, -1.1216, -1.55933], [-0.46781, 1.36933, 1.18579, 2.21791, -1.66353, -0.95494, -1.59736], [-0.2826, 1.64202, 1.1704, 2.184, -1.68849, -0.83694, -1.62428], [-0.13231, 1.76793, 1.4108, 1.92194, -1.79256, -1.10937, -1.61732], [0.01798, 1.89383, 1.65119, 1.65989, -1.89664, -1.38181, -1.61035]]
end: [0.048500000000000001, 1.9194, 1.7, 1.6066800000000001, -1.91777, -1.43713, -1.60894]
obtacles: [[[0.6, -0.4, -0.2], [1.0, 0.6, -0.3]], [[0.7, -0.0, -0.2], [0.9, 0.1, 0.4]], [[0.7, 0.5, -0.2], [0.9, 0.6, 0.4]], [[0.7, 0.0, 0.4], [0.9, 0.6, 0.5]]]
start: [-0.67834000000000005, 1.5882700000000001, 1.8, 1.60385, -1.5810200000000001, -1.3411599999999999, -0.92232999999999998]
tajectories: [[-0.67834, 1.58827, 1.8, 1.60385, -1.58102, -1.34116, -0.92233], [-0.81861, 1.3098, 1.47759, 1.56315, -1.73668, -1.2348, -1.03017], [-0.95888, 1.03134, 1.15518, 1.52245, -1.89235, -1.12844, -1.13802], [-1.09915, 0.75287, 0.83277, 1.48174, -2.04801, -1.02208, -1.24587], [-1.23942, 0.47441, 0.51035, 1.44104, -2.20367, -0.91572, -1.35372], [-1.37969, 0.19594, 0.18794, 1.40034, -2.35934, -0.80936, -1.46157], [-1.51996, -0.08252, -0.13447, 1.35963, -2.515, -0.703, -1.56942], [-1.58238, -0.20642, -0.27792, 1.34152, -2.58426, -0.65567, -1.61741], [-1.22762, -0.15606, -0.23922, 1.56305, -2.51924, -0.45378, -1.456], [-0.87287, -0.10569, -0.20052, 1.78458, -2.45422, -0.25188, -1.2946], [-0.51811, -0.05532, -0.16182, 2.00611, -2.38919, -0.04999, -1.1332], [-0.16336, -0.00496, -0.12312, 2.22764, -2.32417, 0.1519, -0.9718], [0.1914, 0.04541, -0.08442, 2.44917, -2.25915, 0.35379, -0.8104], [0.54615, 0.09577, -0.04572, 2.6707, -2.19412, 0.55569, -0.649], [0.62683, 0.10723, -0.03692, 2.72108, -2.17934, 0.6016, -0.6123], [0.94629, 0.35619, -0.15314, 2.70654, -1.9767, 0.76713, -0.67381], [1.26575, 0.60515, -0.26936, 2.692, -1.77406, 0.93266, -0.73533], [1.5852, 0.85412, -0.38558, 2.67747, -1.57143, 1.09819, -0.79684], [1.90466, 1.10308, -0.5018, 2.66293, -1.36879, 1.26372, -0.85836], [2.12678, 1.27619, -0.58261, 2.65282, -1.2279, 1.37882, -0.90113], [1.88458, 1.37173, -0.77388, 2.39627, -1.21401, 1.40485, -1.1821], [1.64238, 1.46728, -0.96514, 2.13972, -1.20012, 1.43088, -1.46307], [1.40018, 1.56282, -1.1564, 1.88318, -1.18623, 1.45692, -1.74403], [1.15798, 1.65836, -1.34766, 1.62663, -1.17234, 1.48295, -2.025], [0.91578, 1.75391, -1.53892, 1.37008, -1.15845, 1.50898, -2.30596], [0.67358, 1.84945, -1.73018, 1.11354, -1.14456, 1.53501, -2.58693]]
end: [0.52185000000000004, 1.9093, -1.8500000000000001, 0.95282, -1.1358600000000001, 1.55132, -2.76294]
obtacles: [[[0.6, -0.4, -0.2], [1.0, 0.6, -0.3]], [[0.7, -0.0, -0.2], [0.9, 0.1, 0.4]], [[0.7, 0.5, -0.2], [0.9, 0.6, 0.4]], [[0.7, 0.0, 0.4], [0.9, 0.6, 0.5]]]
start: [2.3624399999999999, -1.9683999999999999, -1.45, 1.94716, -1.9064300000000001, -1.3226199999999999, -1.10138]
tajectories: [[2.36244, -1.9684, -1.45, 1.94716, -1.90643, -1.32262, -1.10138], [2.35072, -1.58367, -1.38137, 2.04992, -1.86585, -1.30883, -1.39249], [2.339, -1.19895, -1.31274, 2.15268, -1.82527, -1.29504, -1.68359], [2.32728, -0.81422, -1.24411, 2.25544, -1.7847, -1.28125, -1.9747], [2.31557, -0.4295, -1.17548, 2.3582, -1.74412, -1.26746, -2.2658], [2.30385, -0.04477, -1.10685, 2.46096, -1.70355, -1.25367, -2.55691], [2.29534, 0.23447, -1.05704, 2.53555, -1.6741, -1.24366, -2.7682], [2.11058, 0.45476, -1.11747, 2.44119, -1.62087, -0.86084, -2.69478], [1.92581, 0.67506, -1.17791, 2.34684, -1.56765, -0.47802, -2.62135], [1.74104, 0.89535, -1.23835, 2.25248, -1.51443, -0.09519, -2.54793], [1.55627, 1.11564, -1.29878, 2.15813, -1.46121, 0.28763, -2.47451], [1.37151, 1.33593, -1.35922, 2.06377, -1.40799, 0.67045, -2.40108], [1.18674, 1.55622, -1.41966, 1.96942, -1.35476, 1.05328, -2.32766], [1.00197, 1.77652, -1.4801, 1.87506, -1.30154, 1.4361, -2.25424]]
end: [0.94111999999999996, 1.84907, -1.5, 1.84399, -1.2840100000000001, 1.5621799999999999, -2.2300599999999999]
obtacles: [[[0.6, -0.4, -0.2], [1.0, 0.6, -0.3]], [[0.7, -0.0, -0.2], [0.9, 0.1, 0.4]], [[0.7, 0.5, -0.2], [0.9, 0.6, 0.4]], [[0.7, 0.0, 0.4], [0.9, 0.6, 0.5]]]
start: [2.61761, -1.6723399999999999, -1.5, 1.1426099999999999, -1.6925600000000001, -1.5488599999999999, -0.61368999999999996]
tajectories: [[2.61761, -1.67234, -1.5, 1.14261, -1.69256, -1.54886, -0.61369], [2.43935, -1.47333, -1.60225, 1.38226, -1.5264, -1.27576, -0.52131], [2.26108, -1.27432, -1.7045, 1.62192, -1.36024, -1.00266, -0.42893], [2.08282, -1.07532, -1.80675, 1.86157, -1.19407, -0.72956, -0.33655], [1.90456, -0.87631, -1.90901, 2.10122, -1.02791, -0.45645, -0.24417], [1.7263, -0.6773, -2.01126, 2.34088, -0.86175, -0.18335, -0.15178], [1.62295, -0.56192, -2.07054, 2.47982, -0.76541, -0.02501, -0.09823], [1.61438, -0.09325, -2.17265, 2.49264, -0.74726, 0.10685, -0.05398], [1.60581, 0.37543, -2.27476, 2.50545, -0.7291, 0.23872, -0.00974], [1.59724, 0.84411, -2.37687, 2.51826, -0.71095, 0.37058, 0.03451], [1.58867, 1.31279, -2.47897, 2.53108, -0.69279, 0.50245, 0.07875], [1.58112, 1.72596, -2.56899, 2.54238, -0.67679, 0.6187, 0.11776], [1.48811, 1.75472, -2.40479, 2.41201, -0.76725, 0.7667, -0.29026], [1.39509, 1.78348, -2.24059, 2.28164, -0.85771, 0.91471, -0.69827], [1.30208, 1.81223, -2.07639, 2.15127, -0.94818, 1.06271, -1.10629], [1.20907, 1.84099, -1.9122, 2.0209, -1.03864, 1.21072, -1.5143], [1.11606, 1.86974, -1.748, 1.89053, -1.1291, 1.35872, -1.92231], [1.02304, 1.8985, -1.5838, 1.76016, -1.21956, 1.50673, -2.33033]]
end: [1.0039, 1.90442, -1.55, 1.73332, -1.2381800000000001, 1.5371900000000001, -2.41431]
obtacles: [[[0.6, -0.4, -0.2], [1.0, 0.6, -0.3]], [[0.7, -0.0, -0.2], [0.9, 0.1, 0.4]], [[0.7, 0.5, -0.2], [0.9, 0.6, 0.4]], [[0.7, 0.0, 0.4], [0.9, 0.6, 0.5]]]
start: [0.18790000000000001, 1.5253000000000001, -1.6499999999999999, 1.8228500000000001, -1.63473, 1.5055499999999999, -1.50275]
tajectories: [[0.1879, 1.5253, -1.65, 1.82285, -1.63473, 1.50555, -1.50275], [0.11807, 1.30045, -1.75035, 1.86542, -1.44801, 1.1341, -1.60196], [0.04824, 1.07561, -1.8507, 1.90798, -1.26128, 0.76264, -1.70117], [-0.0216, 0.85076, -1.95105, 1.95055, -1.07456, 0.39119, -1.80039], [-0.09143, 0.62592, -2.05139, 1.99311, -0.88784, 0.01974, -1.8996], [-0.16126, 0.40108, -2.15174, 2.03568, -0.70111, -0.35172, -1.99881], [-0.23109, 0.17623, -2.25209, 2.07824, -0.51439, -0.72317, -2.09802], [-0.27821, 0.02453, -2.31979, 2.10696, -0.38841, -0.97378, -2.16496], [0.04662, 0.17046, -2.09475, 2.23855, -0.41838, -0.77516, -2.04297], [0.37145, 0.31639, -1.8697, 2.37013, -0.44836, -0.57653, -1.92099], [0.69627, 0.46233, -1.64465, 2.50171, -0.47833, -0.3779, -1.799], [1.0211, 0.60826, -1.41961, 2.6333, -0.5083, -0.17927, -1.67702], [1.34593, 0.75419, -1.19456, 2.76488, -0.53828, 0.01935, -1.55503], [1.67075, 0.90012, -0.96952, 2.89646, -0.56825, 0.21798, -1.43305], [1.87399, 0.99142, -0.82871, 2.97879, -0.587, 0.34226, -1.35673], [1.69154, 1.09937, -0.9595, 2.67678, -0.70642, 0.52278, -1.5801], [1.5091, 1.20731, -1.09029, 2.37477, -0.82584, 0.70331, -1.80348], [1.32665, 1.31526, -1.22108, 2.07276, -0.94525, 0.88383, -2.02685], [1.14421, 1.4232, -1.35187, 1.77075, -1.06467, 1.06435, -2.25023], [0.96176, 1.53115, -1.48266, 1.46874, -1.18409, 1.24488, -2.47361], [0.77932, 1.63909, -1.61345, 1.16673, -1.3035, 1.4254, -2.69698]]
end: [0.65859000000000001, 1.7105300000000001, -1.7, 0.96687999999999996, -1.38253, 1.5448599999999999, -2.8448000000000002]
obtacles: [[[0.6, -0.4, -0.2], [1.0, 0.6, -0.3]], [[0.7, -0.0, -0.2], [0.9, 0.1, 0.4]], [[0.7, 0.5, -0.2], [0.9, 0.6, 0.4]], [[0.7, 0.0, 0.4], [0.9, 0.6, 0.5]]]
start: [2.4123199999999998, -1.4686300000000001, -1.55, 1.7166399999999999, -1.46669, -1.56515, -0.98872000000000004]
tajectories: [[2.41232, -1.46863, -1.55, 1.71664, -1.46669, -1.56515, -0.98872], [2.28589, -1.09701, -1.51712, 1.62801, -1.40743, -1.3067, -0.8596], [2.15947, -0.72539, -1.48424, 1.53938, -1.34818, -1.04824, -0.73049], [2.03305, -0.35377, -1.45136, 1.45075, -1.28892, -0.78979, -0.60138], [1.97179, -0.17369, -1.43543, 1.4078, -1.2602, -0.66455, -0.53881], [1.71773, 0.09633, -1.47216, 1.49328, -1.19135, -0.35657, -0.47335], [1.46367, 0.36636, -1.50889, 1.57876, -1.1225, -0.04858, -0.40788], [1.423, 0.40958, -1.51477, 1.59244, -1.11148, 0.00071, -0.3974], [1.40061, 0.55278, -1.33814, 1.77822, -1.1014, 0.33747, -0.62051], [1.37822, 0.69597, -1.16151, 1.964, -1.09131, 0.67422, -0.84362], [1.36536, 0.77825, -1.06002, 2.07075, -1.08552, 0.86771, -0.97182], [1.23219, 1.12682, -1.26462, 2.05027, -1.06526, 1.06342, -1.14437], [1.19047, 1.23604, -1.32873, 2.04386, -1.05891, 1.12475, -1.19844], [1.07481, 1.48325, -1.41136, 1.96699, -1.13005, 1.2667, -1.56933], [0.95916, 1.73047, -1.494, 1.89012, -1.20118, 1.40866, -1.94022]]
end: [0.88078000000000001, 1.89802, -1.55, 1.83802, -1.2494000000000001, 1.5048699999999999, -2.1916000000000002]
obtacles: [[[0.6, -0.4, -0.2], [1.0, 0.6, -0.3]], [[0.7, -0.0, -0.2], [0.9, 0.1, 0.4]], [[0.7, 0.5, -0.2], [0.9, 0.6, 0.4]], [[0.7, 0.0, 0.4], [0.9, 0.6, 0.5]]]
start: [2.1927099999999999, -1.6632800000000001, -1.3999999999999999, 1.8843300000000001, -1.60711, -1.3801699999999999, -0.92405999999999999]
tajectories: [[2.19271, -1.66328, -1.4, 1.88433, -1.60711, -1.38017, -0.92406], [1.99739, -1.44061, -1.16141, 1.76156, -1.49365, -1.10627, -0.97281], [1.80206, -1.21795, -0.92282, 1.63878, -1.38018, -0.83238, -1.02157], [1.60673, -0.99529, -0.68423, 1.516, -1.26672, -0.55848, -1.07032], [1.41141, -0.77263, -0.44564, 1.39323, -1.15326, -0.28458, -1.11907], [1.40722, -0.76785, -0.44053, 1.3906, -1.15083, -0.27871, -1.12012], [1.4308, -0.43777, -0.60459, 1.61131, -0.97062, -0.18581, -1.27423], [1.45437, -0.10768, -0.76865, 1.83202, -0.79042, -0.0929, -1.42833], [1.47795, 0.22241, -0.93272, 2.05274, -0.61021, 1e-05, -1.58244], [1.50152, 0.5525, -1.09678, 2.27345, -0.43001, 0.09291, -1.73655], [1.5251, 0.88259, -1.26084, 2.49416, -0.2498, 0.18582, -1.89066], [1.54867, 1.21268, -1.4249, 2.71487, -0.0696, 0.27873, -2.04477], [1.55248, 1.26599, -1.4514, 2.75052, -0.04049, 0.29373, -2.06966], [1.41593, 1.38657, -1.47406, 2.54373, -0.34228, 0.57785, -2.11142], [1.27939, 1.50716, -1.49672, 2.33693, -0.64406, 0.86197, -2.15318], [1.14284, 1.62774, -1.51938, 2.13014, -0.94584, 1.14608, -2.19494], [1.00629, 1.74833, -1.54204, 1.92335, -1.24762, 1.4302, -2.2367]]
end: [0.95831, 1.7907, -1.55, 1.8506800000000001, -1.3536600000000001, 1.53003, -2.2513700000000001]
obtacles: [[[0.6, -0.4, -0.2], [1.0, 0.6, -0.3]], [[0.7, -0.0, -0.2], [0.9, 0.1, 0.4]], [[0.7, 0.5, -0.2], [0.9, 0.6, 0.4]], [[0.7, 0.0, 0.4], [0.9, 0.6, 0.5]]]
start: [0.41132999999999997, 1.6196299999999999, -1.55, 2.0604800000000001, -1.51793, 1.5661700000000001, -1.4920599999999999]
tajectories: [[0.41133, 1.61963, -1.55, 2.06048, -1.51793, 1.56617, -1.49206], [0.53405, 1.56786, -1.64989, 2.38913, -1.82406, 1.42762, -1.52894], [0.65677, 1.51609, -1.74977, 2.71778, -2.13019, 1.28906, -1.56581], [0.72723, 1.48636, -1.80712, 2.90647, -2.30595, 1.20951, -1.58697], [1.01374, 1.45318, -1.51232, 2.72763, -2.3954, 1.33469, -1.74271], [1.30024, 1.42, -1.21752, 2.5488, -2.48485, 1.45986, -1.89844], [1.52359, 1.39413, -0.9877, 2.40938, -2.55458, 1.55744, -2.01985], [1.38399, 1.53651, -1.14115, 2.19036, -2.20972, 1.55741, -2.16053], [1.24438, 1.67889, -1.2946, 1.97133, -1.86486, 1.55738, -2.30121], [1.10478, 1.82127, -1.44806, 1.7523, -1.52, 1.55735, -2.44188]]
end: [0.96653999999999995, 1.96225, -1.6000000000000001, 1.5354300000000001, -1.1785300000000001, 1.55731, -2.5811799999999998]
obtacles: [[[0.6, -0.4, -0.2], [1.0, 0.6, -0.3]], [[0.7, -0.0, -0.2], [0.9, 0.1, 0.4]], [[0.7, 0.5, -0.2], [0.9, 0.6, 0.4]], [[0.7, 0.0, 0.4], [0.9, 0.6, 0.5]]]
start: [-0.10743999999999999, 1.8970800000000001, -1.95, 0.74561999999999995, -1.07575, 1.56839, -2.3523000000000001]
tajectories: [[-0.10744, 1.89708, -1.95, 0.74562, -1.07575, 1.56839, -2.3523], [-0.16891, 1.6243, -1.81693, 0.95937, -0.7717, 1.44532, -2.3237], [-0.23039, 1.35152, -1.68386, 1.17312, -0.46765, 1.32225, -2.29509], [-0.29186, 1.07874, -1.55079, 1.38687, -0.16359, 1.19918, -2.26648], [-0.32005, 0.95365, -1.48976, 1.48489, -0.02416, 1.14274, -2.25336], [0.06321, 1.08404, -1.54526, 1.6448, 0.09008, 0.94236, -2.31863], [0.44647, 1.21442, -1.60075, 1.80471, 0.20432, 0.74198, -2.3839], [0.82972, 1.34481, -1.65625, 1.96462, 0.31856, 0.5416, -2.44916], [0.94319, 1.38341, -1.67268, 2.01196, 0.35238, 0.48228, -2.46848], [1.12649, 1.46605, -1.80756, 2.18643, -0.01333, 0.59183, -2.59174], [1.30979, 1.54868, -1.94244, 2.3609, -0.37904, 0.70138, -2.715], [1.49309, 1.63132, -2.07732, 2.53538, -0.74475, 0.81094, -2.83825], [1.63022, 1.69314, -2.17823, 2.6659, -1.01835, 0.89289, -2.93046], [1.34773, 1.75957, -2.10004, 2.35882, -1.11833, 0.9818, -2.71259], [1.06523, 1.826, -2.02186, 2.05173, -1.21832, 1.0707, -2.49472]]
end: [0.80561000000000005, 1.8870499999999999, -1.95, 1.76952, -1.3102, 1.1524000000000001, -2.2944900000000001]
obtacles: [[[0.6, -0.4, -0.2], [1.0, 0.6, -0.3]], [[0.7, -0.0, -0.2], [0.9, 0.1, 0.4]], [[0.7, 0.5, -0.2], [0.9, 0.6, 0.4]], [[0.7, 0.0, 0.4], [0.9, 0.6, 0.5]]]
start: [-0.38822000000000001, 1.7454799999999999, -1.2, -0.52703999999999995, 1.16364, -1.54152, -0.099940000000000001]
tajectories: [[-0.38822, 1.74548, -1.2, -0.52704, 1.16364, -1.54152, -0.09994], [-0.53788, 1.69019, -1.41484, -0.14016, 1.02774, -1.44075, -0.09075], [-0.68755, 1.63491, -1.62967, 0.24673, 0.89185, -1.33997, -0.08155], [-0.83721, 1.57963, -1.84451, 0.63362, 0.75595, -1.2392, -0.07236], [-0.9303, 1.54524, -1.97813, 0.87425, 0.67143, -1.17653, -0.06664], [-0.68946, 1.21254, -1.91517, 0.89034, 0.49153, -0.96524, -0.07526], [-0.44862, 0.87983, -1.85222, 0.90643, 0.31162, -0.75395, -0.08387], [-0.20778, 0.54713, -1.78926, 0.92252, 0.13172, -0.54267, -0.09249], [0.03306, 0.21442, -1.7263, 0.9386, -0.04819, -0.33138, -0.1011], [0.2739, -0.11828, -1.66335, 0.95469, -0.22809, -0.1201, -0.10972], [0.51474, -0.45099, -1.60039, 0.97078, -0.408, 0.09119, -0.11834], [0.52594, -0.46646, -1.59746, 0.97153, -0.41636, 0.10102, -0.11874], [0.7699, -0.14416, -1.66875, 1.19048, -0.23898, 0.1468, -0.12364], [1.01386, 0.17813, -1.74004, 1.40943, -0.06159, 0.19259, -0.12854], [1.25783, 0.50042, -1.81133, 1.62838, 0.1158, 0.23838, -0.13344], [1.50179, 0.82272, -1.88261, 1.84733, 0.29318, 0.28417, -0.13834], [1.74575, 1.14501, -1.9539, 2.06629, 0.47057, 0.32996, -0.14324], [1.98972, 1.4673, -2.02519, 2.28524, 0.64796, 0.37575, -0.14814], [1.99484, 1.47407, -2.02668, 2.28983, 0.65168, 0.37671, -0.14825], [1.81764, 1.52141, -1.98405, 2.14226, 0.40015, 0.5314, -0.47316], [1.64044, 1.56875, -1.94142, 1.99469, 0.14863, 0.68609, -0.79808], [1.46324, 1.61609, -1.89879, 1.84712, -0.1029, 0.84077, -1.12299], [1.28604, 1.66343, -1.85616, 1.69954, -0.35443, 0.99546, -1.44791], [1.10884, 1.71077, -1.81353, 1.55197, -0.60595, 1.15015, -1.77282], [0.93164, 1.75811, -1.7709, 1.4044, -0.85748, 1.30484, -2.09774], [0.75444, 1.80545, -1.72827, 1.25682, -1.109, 1.45953, -2.42266]]
end: [0.63690999999999998, 1.83684, -1.7, 1.1589499999999999, -1.27583, 1.56213, -2.6381600000000001]
obtacles: [[[0.6, -0.4, -0.2], [1.0, 0.6, -0.3]], [[0.7, -0.0, -0.2], [0.9, 0.1, 0.4]], [[0.7, 0.5, -0.2], [0.9, 0.6, 0.4]], [[0.7, 0.0, 0.4], [0.9, 0.6, 0.5]]]
start: [2.4998200000000002, -1.85643, -1.5, 1.4806699999999999, -1.8618699999999999, -1.5285500000000001, -0.82252000000000003]
tajectories: [[2.49982, -1.85643, -1.5, 1.48067, -1.86187, -1.52855, -0.82252], [2.45215, -1.80486, -1.1531, 1.54969, -1.92931, -1.4424, -1.15114], [2.40448, -1.7533, -0.80619, 1.61872, -1.99675, -1.35625, -1.47976], [2.3568, -1.70173, -0.45929, 1.68774, -2.06418, -1.2701, -1.80838], [2.30913, -1.65017, -0.11238, 1.75676, -2.13162, -1.18395, -2.13701], [2.2869, -1.62613, 0.04934, 1.78894, -2.16306, -1.14378, -2.29021], [2.26739, -1.27686, -0.09048, 1.91411, -1.91616, -0.99582, -2.19242], [2.24788, -0.92759, -0.2303, 2.03927, -1.66926, -0.84785, -2.09463], [2.22837, -0.57832, -0.37012, 2.16444, -1.42236, -0.69989, -1.99684], [2.20886, -0.22906, -0.50994, 2.28961, -1.17546, -0.55193, -1.89905], [2.18935, 0.12021, -0.64976, 2.41477, -0.92856, -0.40396, -1.80127], [2.16983, 0.46948, -0.78958, 2.53994, -0.68166, -0.256, -1.70348], [2.15032, 0.81875, -0.9294, 2.6651, -0.43476, -0.10803, -1.60569], [2.14902, 0.842, -0.93871, 2.67344, -0.41832, -0.09818, -1.59918], [1.9696, 1.02979, -1.04589, 2.49169, -0.56029, 0.194, -1.77944], [1.79017, 1.21758, -1.15307, 2.30994, -0.70226, 0.48618, -1.95971], [1.61074, 1.40537, -1.26026, 2.12819, -0.84422, 0.77836, -2.13998], [1.43131, 1.59315, -1.36744, 1.94644, -0.98619, 1.07054, -2.32024], [1.25188, 1.78094, -1.47463, 1.76469, -1.12816, 1.36272, -2.50051]]
end: [1.1256999999999999, 1.913, -1.55, 1.6368799999999999, -1.228, 1.5681799999999999, -2.6272700000000002]
