obtacles: [[[0.6, -0.4, -0.2], [1.0, 0.6, -0.3]], [[0.8, -0.3, -0.2], [1.0, -0.2, 0.5]], [[0.8, 0.1, -0.2], [1.0, 0.2, 0.5]], [[0.8, -0.3, 0.5], [1.0, 0.2, 0.6]]]
start: [2.4378700000000002, -1.5949199999999999, -1.1000000000000001, 0.70996999999999999, -1.95444, -1.2898400000000001, 0.054460000000000001]
tajectories: [[2.43787, -1.59492, -1.1, 0.70997, -1.95444, -1.28984, 0.05446], [2.05301, -1.61756, -1.06601, 0.79678, -2.24074, -1.20637, 0.11564], [1.66815, -1.64019, -1.03203, 0.8836, -2.52704, -1.1229, 0.17682], [1.28328, -1.66283, -0.99804, 0.97041, -2.81334, -1.03943, 0.238], [0.89842, -1.68546, -0.96406, 1.05723, -3.09964, -0.95597, 0.29919], [0.51356, -1.7081, -0.93007, 1.14404, -3.38594, -0.8725, 0.36037], [0.18498, -1.72742, -0.90106, 1.21816, -3.63038, -0.80124, 0.41261], [0.48136, -1.64049, -0.80022, 1.55564, -3.69746, -0.9139, 0.29708], [0.77775, -1.55356, -0.69939, 1.89312, -3.76454, -1.02657, 0.18155], [1.07413, -1.46664, -0.59856, 2.2306, -3.83162, -1.13923, 0.06602], [1.37052, -1.37971, -0.49773, 2.56808, -3.8987, -1.2519, -0.04951], [1.46402, -1.35228, -0.46592, 2.67455, -3.91986, -1.28744, -0.08596], [1.64398, -1.45968, -0.64551, 2.47479, -3.5819, -1.32849, -0.22022], [1.82394, -1.56707, -0.82511, 2.27503, -3.24395, -1.36953, -0.35448], [2.0039, -1.67446, -1.0047, 2.07528, -2.90599, -1.41057, -0.48874], [2.18386, -1.78185, -1.18429, 1.87552, -2.56803, -1.45161, -0.623], [2.36382, -1.88924, -1.36389, 1.67577, -2.23007, -1.49265, -0.75726]]
end: [2.50021, -1.9706399999999999, -1.5, 1.52437, -1.97394, -1.52376, -0.85902000000000001]
obtacles: [[[0.6, -0.4, -0.2], [1.0, 0.6, -0.3]], [[0.8, -0.3, -0.2], [1.0, -0.2, 0.5]], [[0.8, 0.1, -0.2], [1.0, 0.2, 0.5]], [[0.8, -0.3, 0.5], [1.0, 0.2, 0.6]]]
start: [2.1835399999999998, -1.6713199999999999, -1.45, 0.84979000000000005, -1.7259899999999999, -1.5469900000000001, 0.1162]
tajectories: [[2.18354, -1.67132, -1.45, 0.84979, -1.72599, -1.54699, 0.1162], [2.09708, -1.56925, -1.45046, 0.97112, -1.63048, -1.24948, -0.22985], [2.01061, -1.46718, -1.45093, 1.09244, -1.53496, -0.95197, -0.5759], [1.92414, -1.3651, -1.45139, 1.21377, -1.43944, -0.65446, -0.92195], [1.83768, -1.26303, -1.45185, 1.3351, -1.34393, -0.35696, -1.268], [1.75121, -1.16095, -1.45231, 1.45643, -1.24841, -0.05945, -1.61405], [1.66475, -1.05888, -1.45278, 1.57775, -1.1529, 0.23806, -1.9601], [1.61771, -1.00335, -1.45303, 1.64375, -1.10094, 0.3999, -2.14835], [1.52442, -0.57928, -1.33423, 1.83456, -1.11623, 0.35409, -2.24112], [1.43113, -0.15521, -1.21542, 2.02537, -1.13153, 0.30828, -2.33389], [1.33785, 0.26886, -1.09662, 2.21618, -1.14682, 0.26247, -2.42667], [1.24456, 0.69293, -0.97782, 2.40699, -1.16211, 0.21666, -2.51944], [1.15439, 1.10282, -0.86299, 2.59141, -1.17689, 0.17238, -2.60911], [0.96098, 1.21238, -1.02782, 2.25379, -1.19777, 0.41501, -2.59782], [0.76757, 1.32193, -1.19264, 1.91616, -1.21865, 0.65765, -2.58653], [0.57416, 1.43149, -1.35746, 1.57854, -1.23954, 0.90028, -2.57524], [0.38075, 1.54105, -1.52228, 1.24091, -1.26042, 1.14291, -2.56395], [0.18734, 1.6506, -1.68711, 0.90329, -1.2813, 1.38554, -2.55266]]
end: [0.054870000000000002, 1.7256400000000001, -1.8, 0.67203999999999997, -1.2956000000000001, 1.5517300000000001, -2.5449199999999998]
obtacles: [[[0.6, -0.4, -0.2], [1.0, 0.6, -0.3]], [[0.8, -0.3, -0.2], [1.0, -0.2, 0.5]], [[0.8, 0.1, -0.2], [1.0, 0.2, 0.5]], [[0.8, -0.3, 0.5], [1.0, 0.2, 0.6]]]
start: [-0.09733, 1.5830200000000001, -1.8, 1.16486, -1.4675, 1.3654599999999999, -1.89147]
tajectories: [[-0.09733, 1.58302, -1.8, 1.16486, -1.4675, 1.36546, -1.89147], [-0.26688, 1.58455, -1.94955, 1.49472, -1.28751, 1.49821, -2.0916], [-0.28066, 1.58468, -1.9617, 1.52153, -1.27289, 1.509, -2.10786], [0.0708, 1.81921, -2.0632, 1.70842, -1.20957, 1.53181, -2.11104], [0.31935, 1.70222, -1.79473, 1.61709, -1.02172, 1.44717, -2.08836]]
end: [0.41436000000000001, 1.75064, -1.8, 1.60893, -1.39497, 1.3385199999999999, -1.9883500000000001]
obtacles: [[[0.6, -0.4, -0.2], [1.0, 0.6, -0.3]], [[0.8, -0.3, -0.2], [1.0, -0.2, 0.5]], [[0.8, 0.1, -0.2], [1.0, 0.2, 0.5]], [[0.8, -0.3, 0.5], [1.0, 0.2, 0.6]]]
start: [-0.15295, 1.60331, -1.8, 0.96384999999999998, -1.4116599999999999, 1.40201, -2.0420199999999999]
tajectories: [[-0.15295, 1.60331, -1.8, 0.96385, -1.41166, 1.40201, -2.04202], [-0.12598, 1.316, -1.70289, 0.96603, -1.21362, 1.33969, -1.7041], [-0.09901, 1.0287, -1.60578, 0.96821, -1.01557, 1.27738, -1.36618], [-0.07204, 0.74139, -1.50867, 0.97038, -0.81753, 1.21506, -1.02826], [-0.04507, 0.45409, -1.41156, 0.97256, -0.61949, 1.15274, -0.69034], [-0.02539, 0.24448, -1.34071, 0.97415, -0.475, 1.10728, -0.4438], [0.21117, 0.29398, -1.21302, 1.33928, -0.61891, 1.13134, -0.3], [0.44773, 0.34347, -1.08534, 1.70441, -0.76281, 1.1554, -0.15621], [0.68429, 0.39297, -0.95765, 2.06954, -0.90671, 1.17946, -0.01241], [0.92085, 0.44246, -0.82997, 2.43468, -1.05061, 1.20352, 0.13139], [1.02015, 0.46324, -0.77637, 2.58794, -1.11102, 1.21362, 0.19175], [0.89967, 0.68249, -0.93407, 2.39628, -1.12601, 1.24692, -0.16106], [0.7792, 0.90173, -1.09176, 2.20461, -1.141, 1.28021, -0.51388], [0.65872, 1.12098, -1.24945, 2.01294, -1.15599, 1.31351, -0.86669], [0.53824, 1.34023, -1.40715, 1.82127, -1.17098, 1.34681, -1.2195], [0.41777, 1.55948, -1.56484, 1.6296, -1.18597, 1.3801, -1.57232], [0.29729, 1.77873, -1.72254, 1.43793, -1.20096, 1.4134, -1.92513]]
end: [0.23810999999999999, 1.8864300000000001, -1.8, 1.34378, -1.2083299999999999, 1.4297599999999999, -2.0984400000000001]
obtacles: [[[0.6, -0.4, -0.2], [1.0, 0.6, -0.3]], [[0.8, -0.3, -0.2], [1.0, -0.2, 0.5]], [[0.8, 0.1, -0.2], [1.0, 0.2, 0.5]], [[0.8, -0.3, 0.5], [1.0, 0.2, 0.6]]]
start: [-0.42920000000000003, 1.6404799999999999, -1.8, 0.72267000000000003, -1.3519699999999999, 1.47296, -2.0085000000000002]
tajectories: [[-0.4292, 1.64048, -1.8, 0.72267, -1.35197, 1.47296, -2.0085], [-0.31264, 1.41548, -1.49587, 0.95607, -1.15563, 1.4711, -2.02482], [-0.19608, 1.19048, -1.19174, 1.18946, -0.95929, 1.46923, -2.04114], [-0.08121, 0.96874, -0.89202, 1.41947, -0.7658, 1.4674, -2.05723], [0.25768, 1.10345, -0.99278, 1.54961, -0.58669, 1.3393, -1.85367], [0.59656, 1.23817, -1.09353, 1.67975, -0.40758, 1.21121, -1.65012], [0.82129, 1.32751, -1.16035, 1.76605, -0.28881, 1.12626, -1.51513], [0.65143, 1.48417, -1.35953, 1.62921, -0.59121, 1.2175, -1.71117], [0.48158, 1.64084, -1.55872, 1.49236, -0.89361, 1.30875, -1.90721], [0.31172, 1.79751, -1.7579, 1.35552, -1.19601, 1.39999, -2.10324]]
end: [0.27582000000000001, 1.83063, -1.8, 1.3265899999999999, -1.25993, 1.41927, -2.1446800000000001]
obtacles: [[[0.6, -0.4, -0.2], [1.0, 0.6, -0.3]], [[0.8, -0.3, -0.2], [1.0, -0.2, 0.5]], [[0.8, 0.1, -0.2], [1.0, 0.2, 0.5]], [[0.8, -0.3, 0.5], [1.0, 0.2, 0.6]]]
start: [-0.16617999999999999, 1.55185, -1.8, 1.0174700000000001, -1.4651400000000001, 1.36615, -1.96661]
tajectories: [[-0.16618, 1.55185, -1.8, 1.01747, -1.46514, 1.36615, -1.96661], [0.00923, 1.38318, -1.62645, 1.35404, -1.57831, 1.18441, -1.9273], [0.18465, 1.2145, -1.45291, 1.69061, -1.69147, 1.00267, -1.88798], [0.36007, 1.04583, -1.27936, 2.02718, -1.80464, 0.82094, -1.84866], [0.53549, 0.87715, -1.10582, 2.36374, -1.91781, 0.6392, -1.80934], [0.71091, 0.70848, -0.93227, 2.70031, -2.03098, 0.45746, -1.77002], [0.88633, 0.5398, -0.75873, 3.03688, -2.14414, 0.27572, -1.73071], [0.8965, 0.53002, -0.74866, 3.0564, -2.15071, 0.26518, -1.72843], [0.91184, 0.31858, -1.15456, 3.0665, -2.08294, 0.38781, -1.87186], [0.92718, 0.10715, -1.56046, 3.07659, -2.01517, 0.51043, -2.0153], [0.94251, -0.10428, -1.96636, 3.08669, -1.9474, 0.63306, -2.15873], [0.95785, -0.31571, -2.37226, 3.09678, -1.87963, 0.75569, -2.30217], [0.9688, -0.46665, -2.66204, 3.10399, -1.83125, 0.84323, -2.40456], [0.8646, -0.09728, -2.51913, 2.85106, -1.75591, 0.92631, -2.32882], [0.7604, 0.27209, -2.37623, 2.59813, -1.68058, 1.00939, -2.25308], [0.65619, 0.64146, -2.23332, 2.34521, -1.60524, 1.09246, -2.17735], [0.55199, 1.01083, -2.09042, 2.09228, -1.52991, 1.17554, -2.10161], [0.44779, 1.3802, -1.94751, 1.83936, -1.45457, 1.25862, -2.02587], [0.34359, 1.74957, -1.80461, 1.58643, -1.37923, 1.34169, -1.95013]]
end: [0.34022999999999998, 1.7614799999999999, -1.8, 1.5782799999999999, -1.3768100000000001, 1.3443700000000001, -1.9476899999999999]
obtacles: [[[0.6, -0.4, -0.2], [1.0, 0.6, -0.3]], [[0.8, -0.3, -0.2], [1.0, -0.2, 0.5]], [[0.8, 0.1, -0.2], [1.0, 0.2, 0.5]], [[0.8, -0.3, 0.5], [1.0, 0.2, 0.6]]]
start: [-0.058470000000000001, 1.726, -1.8, 1.30145, -1.3571500000000001, 1.3946400000000001, -1.8185100000000001]
tajectories: [[-0.05847, 1.726, -1.8, 1.30145, -1.35715, 1.39464, -1.81851], [-0.201, 1.53834, -2.14966, 1.52049, -1.28569, 1.50345, -1.73317], [-0.23329, 1.49583, -2.22887, 1.57011, -1.26951, 1.5281, -1.71384], [0.02995, 1.68225, -2.06653, 1.83033, -1.15196, 1.54154, -1.90849], [0.10579, 1.73596, -2.01975, 1.9053, -1.11809, 1.54542, -1.96458], [0.34204, 1.82464, -1.85285, 1.57278, -1.22677, 1.42076, -2.1079]]
end: [0.41685, 1.85273, -1.8, 1.46749, -1.26119, 1.3812899999999999, -2.1532900000000001]
obtacles: [[[0.6, -0.4, -0.2], [1.0, 0.6, -0.3]], [[0.8, -0.3, -0.2], [1.0, -0.2, 0.5]], [[0.8, 0.1, -0.2], [1.0, 0.2, 0.5]], [[0.8, -0.3, 0.5], [1.0, 0.2, 0.6]]]
start: [-0.33883999999999997, 1.80463, -1.8500000000000001, 0.72021000000000002, -1.2085900000000001, 1.5681499999999999, -2.1160299999999999]
tajectories: [[-0.33884, 1.80463, -1.85, 0.72021, -1.20859, 1.56815, -2.11603], [-0.46128, 1.53451, -2.02982, 1.01781, -1.35572, 1.44828, -2.0444], [-0.58372, 1.2644, -2.20964, 1.31541, -1.50284, 1.32841, -1.97277], [-0.70615, 0.99429, -2.38947, 1.61301, -1.64997, 1.20854, -1.90114], [-0.80954, 0.7662, -2.54131, 1.86431, -1.7742, 1.10732, -1.84065], [-0.50598, 0.94653, -2.50325, 1.90412, -1.48855, 1.01124, -1.66324], [-0.20242, 1.12686, -2.4652, 1.94392, -1.20291, 0.91515, -1.48583], [0.10114, 1.30719, -2.42714, 1.98373, -0.91726, 0.81907, -1.30842], [0.20321, 1.36782, -2.41434, 1.99712, -0.82122, 0.78676, -1.24877], [0.21574, 1.54384, -2.23768, 1.7718, -0.92168, 0.98656, -1.54351], [0.22828, 1.71986, -2.06103, 1.54649, -1.02214, 1.18637, -1.83825], [0.24082, 1.89588, -1.88437, 1.32117, -1.1226, 1.38617, -2.13298]]
end: [0.24324999999999999, 1.9301299999999999, -1.8500000000000001, 1.2773399999999999, -1.1421399999999999, 1.4250400000000001, -2.1903199999999998]
obtacles: [[[0.6, -0.4, -0.2], [1.0, 0.6, -0.3]], [[0.8, -0.3, -0.2], [1.0, -0.2, 0.5]], [[0.8, 0.1, -0.2], [1.0, 0.2, 0.5]], [[0.8, -0.3, 0.5], [1.0, 0.2, 0.6]]]
start: [-0.17454, 1.6600999999999999, -1.8500000000000001, 1.19876, -1.38208, 1.3455999999999999, -1.8022499999999999]
tajectories: [[-0.17454, 1.6601, -1.85, 1.19876, -1.38208, 1.3456, -1.80225], [-0.14885, 1.70057, -2.00315, 1.54234, -1.21948, 1.06377, -1.78389], [-0.12317, 1.74104, -2.15629, 1.88591, -1.05687, 0.78194, -1.76554], [-0.09748, 1.78151, -2.30944, 2.22948, -0.89427, 0.5001, -1.74719], [-0.07531, 1.81644, -2.44164, 2.52605, -0.75391, 0.25683, -1.73135], [0.25554, 1.70336, -2.33177, 2.52228, -0.51147, 0.13938, -1.93894], [0.5864, 1.59029, -2.2219, 2.51852, -0.26903, 0.02194, -2.14653], [0.91725, 1.47721, -2.11204, 2.51476, -0.0266, -0.0955, -2.35413], [1.24811, 1.36413, -2.00217, 2.511, 0.21584, -0.21295, -2.56172], [1.36654, 1.32366, -1.96285, 2.50965, 0.30262, -0.25498, -2.63602], [1.17723, 1.39071, -1.9439, 2.27074, 0.03317, 0.02274, -2.58609], [0.98792, 1.45776, -1.92496, 2.03184, -0.23628, 0.30047, -2.53616], [0.79861, 1.52481, -1.90602, 1.79293, -0.50573, 0.5782, -2.48623], [0.60931, 1.59186, -1.88708, 1.55402, -0.77518, 0.85593, -2.4363], [0.42, 1.65891, -1.86813, 1.31511, -1.04463, 1.13366, -2.38637]]
end: [0.23876, 1.7231000000000001, -1.8500000000000001, 1.08639, -1.3026, 1.3995500000000001, -2.3385699999999998]
obtacles: [[[0.6, -0.4, -0.2], [1.0, 0.6, -0.3]], [[0.8, -0.3, -0.2], [1.0, -0.2, 0.5]], [[0.8, 0.1, -0.2], [1.0, 0.2, 0.5]], [[0.8, -0.3, 0.5], [1.0, 0.2, 0.6]]]
start: [-0.19034999999999999, 1.8330900000000001, -2.1000000000000001, 1.28721, -1.1377999999999999, 1.1641300000000001, -1.82612]
tajectories: [[-0.19035, 1.83309, -2.1, 1.28721, -1.1378, 1.16413, -1.82612], [-0.19669, 1.9043, -1.92245, 1.66785, -1.38092, 1.13612, -1.73345], [-0.19849, 1.92454, -1.87197, 1.77608, -1.45004, 1.12816, -1.70711], [0.06008, 1.89025, -1.94032, 1.84178, -1.48714, 1.20132, -2.11485], [0.31864, 1.85596, -2.00867, 1.90749, -1.52423, 1.27448, -2.52258], [0.33838, 1.85334, -2.01388, 1.91251, -1.52706, 1.28006, -2.55371], [0.64584, 1.83422, -1.97515, 2.05678, -1.37659, 1.28421, -2.61984], [0.50555, 1.90645, -1.84589, 1.75225, -1.25762, 1.36353, -2.31129]]
end: [0.40149000000000001, 1.9600299999999999, -1.75, 1.52634, -1.16937, 1.4223699999999999, -2.0824099999999999]
obtacles: [[[0.6, -0.4, -0.2], [1.0, 0.6, -0.3]], [[0.8, -0.3, -0.2], [1.0, -0.2, 0.5]], [[0.8, 0.1, -0.2], [1.0, 0.2, 0.5]], [[0.8, -0.3, 0.5], [1.0, 0.2, 0.6]]]
start: [-0.251, 1.63215, -1.75, 0.85601000000000005, -1.4064099999999999, 1.47648, -2.0478800000000001]
tajectories: [[-0.251, 1.63215, -1.75, 0.85601, -1.40641, 1.47648, -2.04788], [-0.03781, 1.59102, -1.71285, 1.26021, -1.32802, 1.43941, -2.22273], [0.17539, 1.5499, -1.67569, 1.66442, -1.24963, 1.40235, -2.39759], [0.38858, 1.50877, -1.63854, 2.06863, -1.17124, 1.36528, -2.57245], [0.42944, 1.50089, -1.63142, 2.1461, -1.15622, 1.35817, -2.60596], [0.46433, 1.74311, -1.69355, 1.74951, -1.15347, 1.42081, -2.44771]]
end: [0.49603000000000003, 1.9631700000000001, -1.75, 1.38923, -1.15097, 1.4777199999999999, -2.3039499999999999]
obtacles: [[[0.6, -0.4, -0.2], [1.0, 0.6, -0.3]], [[0.8, -0.3, -0.2], [1.0, -0.2, 0.5]], [[0.8, 0.1, -0.2], [1.0, 0.2, 0.5]], [[0.8, -0.3, 0.5], [1.0, 0.2, 0.6]]]
start: [2.1687699999999999, -1.4040999999999999, -1.5, 1.3689199999999999, -4.5624900000000004, 1.4690099999999999, 2.7319300000000002]
tajectories: [[2.16877, -1.4041, -1.5, 1.36892, -4.56249, 1.46901, 2.73193], [2.18176, -1.35825, -1.43594, 1.47724, -4.34033, 1.44459, 2.30538], [2.19476, -1.3124, -1.37187, 1.58555, -4.11817, 1.42017, 1.87884], [2.20776, -1.26655, -1.30781, 1.69387, -3.89601, 1.39576, 1.45229], [2.21163, -1.25292, -1.28877, 1.72606, -3.82998, 1.3885, 1.32551], [2.15857, -1.08018, -1.4259, 1.81153, -3.60311, 1.25594, 0.97594], [2.10551, -0.90745, -1.56303, 1.89699, -3.37624, 1.12339, 0.62638], [2.05245, -0.73471, -1.70016, 1.98246, -3.14936, 0.99083, 0.27681], [2.00871, -0.59231, -1.81322, 2.05292, -2.96233, 0.88155, -0.01137], [2.09975, -0.87735, -1.66205, 2.16737, -2.82039, 0.56003, -0.0428], [2.19079, -1.1624, -1.51089, 2.28182, -2.67845, 0.23851, -0.07423], [2.28183, -1.44744, -1.35973, 2.39626, -2.53651, -0.08302, -0.10567], [2.35831, -1.68687, -1.23275, 2.4924, -2.41729, -0.35309, -0.13207], [2.40043, -1.68443, -1.30468, 2.28824, -2.21488, -0.65746, -0.39237], [2.44256, -1.68199, -1.37661, 2.08409, -2.01247, -0.96183, -0.65267], [2.48469, -1.67954, -1.44854, 1.87993, -1.81006, -1.26619, -0.91297]]
end: [2.5148299999999999, -1.6778, -1.5, 1.73387, -1.6652499999999999, -1.4839500000000001, -1.0992]
obtacles: [[[0.6, -0.4, -0.2], [1.0, 0.6, -0.3]], [[0.8, -0.3, -0.2], [1.0, -0.2, 0.5]], [[0.8, 0.1, -0.2], [1.0, 0.2, 0.5]], [[0.8, -0.3, 0.5], [1.0, 0.2, 0.6]]]
start: [2.3805100000000001, -1.7324299999999999, -1.1499999999999999, 0.38867000000000002, -2.0198100000000001, -1.56694, 0.40788000000000002]
tajectories: [[2.38051, -1.73243, -1.15, 0.38867, -2.01981, -1.56694, 0.40788], [2.16656, -1.45845, -1.25153, 0.6381, -2.23089, -1.46686, 0.45333], [1.9526, -1.18447, -1.35307, 0.88753, -2.44196, -1.36678, 0.49879], [1.73865, -0.91049, -1.4546, 1.13696, -2.65304, -1.2667, 0.54424], [1.5247, -0.63651, -1.55614, 1.38639, -2.86411, -1.16661, 0.58969], [1.33772, -0.39707, -1.64487, 1.60437, -3.04857, -1.07915, 0.62942], [1.43996, -0.67771, -1.43154, 1.87329, -3.04908, -0.93888, 0.78201], [1.54219, -0.95835, -1.21821, 2.14222, -3.04958, -0.79862, 0.9346], [1.64442, -1.23899, -1.00488, 2.41114, -3.05008, -0.65835, 1.08719], [1.74666, -1.51963, -0.79155, 2.68007, -3.05059, -0.51808, 1.23978], [1.8197, -1.72012, -0.63915, 2.87219, -3.05095, -0.41787, 1.34879], [1.94085, -1.74789, -0.72492, 2.62838, -2.86916, -0.55364, 1.00781], [2.06201, -1.77566, -0.8107, 2.38457, -2.68737, -0.68941, 0.66683], [2.18316, -1.80343, -0.89647, 2.14075, -2.50558, -0.82518, 0.32585], [2.30431, -1.8312, -0.98224, 1.89694, -2.32379, -0.96095, -0.01513], [2.42547, -1.85897, -1.06802, 1.65312, -2.142, -1.09672, -0.35611]]
end: [2.5412699999999999, -1.88551, -1.1499999999999999, 1.42008, -1.9682500000000001, -1.2264900000000001, -0.68201000000000001]
obtacles: [[[0.6, -0.4, -0.2], [1.0, 0.6, -0.3]], [[0.8, -0.3, -0.2], [1.0, -0.2, 0.5]], [[0.8, 0.1, -0.2], [1.0, 0.2, 0.5]], [[0.8, -0.3, 0.5], [1.0, 0.2, 0.6]]]
start: [2.2544900000000001, -1.5596099999999999, -1.1499999999999999, 0.61972000000000005, -1.9138599999999999, -1.32189, 0.30832999999999999]
tajectories: [[2.25449, -1.55961, -1.15, 0.61972, -1.91386, -1.32189, 0.30833], [2.25147, -1.28139, -1.26452, 0.71815, -1.68931, -1.15755, 0.5773], [2.24844, -1.00317, -1.37905, 0.81659, -1.46476, -0.99321, 0.84628], [2.24542, -0.72496, -1.49357, 0.91503, -1.24021, -0.82886, 1.11525], [2.2424, -0.44674, -1.60809, 1.01346, -1.01565, -0.66452, 1.38423], [2.23937, -0.16852, -1.72262, 1.1119, -0.7911, -0.50017, 1.6532], [2.23642, 0.10317, -1.83445, 1.20803, -0.57182, -0.33968, 1.91586], [2.14644, 0.12508, -1.9319, 1.47988, -0.41465, -0.29118, 1.55396], [2.05645, 0.14699, -2.02934, 1.75172, -0.25748, -0.24267, 1.19206], [1.96647, 0.1689, -2.12679, 2.02357, -0.1003, -0.19417, 0.83016], [1.87649, 0.19081, -2.22424, 2.29541, 0.05687, -0.14566, 0.46826], [1.86949, 0.19251, -2.23181, 2.31654, 0.06908, -0.14189, 0.44014], [1.94272, -0.10032, -2.1248, 2.21562, -0.20707, -0.32167, 0.2708], [2.01596, -0.39314, -2.0178, 2.11471, -0.48323, -0.50144, 0.10146], [2.08919, -0.68597, -1.91079, 2.0138, -0.75938, -0.68122, -0.06787], [2.16242, -0.9788, -1.80378, 1.91288, -1.03553, -0.86099, -0.23721], [2.23565, -1.27163, -1.69678, 1.81197, -1.31169, -1.04077, -0.40655], [2.30888, -1.56445, -1.58977, 1.71105, -1.58784, -1.22054, -0.57589], [2.38211, -1.85728, -1.48277, 1.61014, -1.864, -1.40032, -0.74522]]
end: [2.4045399999999999, -1.94695, -1.45, 1.57924, -1.94855, -1.4553700000000001, -0.79706999999999995]
obtacles: [[[0.6, -0.4, -0.2], [1.0, 0.6, -0.3]], [[0.8, -0.3, -0.2], [1.0, -0.2, 0.5]], [[0.8, 0.1, -0.2], [1.0, 0.2, 0.5]], [[0.8, -0.3, 0.5], [1.0, 0.2, 0.6]]]
start: [-0.42938999999999999, 1.89663, -2.2999999999999998, 0.87522, -3.9684200000000001, -1.2875700000000001, 1.0681799999999999]
tajectories: [[-0.42939, 1.89663, -2.3, 0.87522, -3.96842, -1.28757, 1.06818], [-0.22652, 1.72637, -2.31121, 1.10971, -3.63568, -1.16912, 1.06679], [-0.19344, 1.6986, -2.31304, 1.14794, -3.58142, -1.14981, 1.06657], [-0.08886, 1.66144, -2.1664, 1.52822, -3.66631, -1.05924, 1.17754], [0.1723, 1.71, -2.40089, 1.48149, -3.87175, -1.13508, 1.14508], [0.3637, 1.88124, -2.19166, 1.41584, -4.09658, -1.15854, 0.85377]]
end: [0.44755, 1.9562600000000001, -2.1000000000000001, 1.38707, -4.1950799999999999, -1.16882, 0.72616000000000003]
obtacles: [[[0.6, -0.4, -0.2], [1.0, 0.6, -0.3]], [[0.8, -0.3, -0.2], [1.0, -0.2, 0.5]], [[0.8, 0.1, -0.2], [1.0, 0.2, 0.5]], [[0.8, -0.3, 0.5], [1.0, 0.2, 0.6]]]
start: [-0.36564999999999998, 1.8707199999999999, -2.1000000000000001, 0.65020999999999995, -4.1135799999999998, -1.51397, 0.91647000000000001]
tajectories: [[-0.36565, 1.87072, -2.1, 0.65021, -4.11358, -1.51397, 0.91647], [-0.5166, 1.64728, -2.10024, 1.04658, -4.16959, -1.38415, 0.93009], [-0.66754, 1.42383, -2.10049, 1.44295, -4.22559, -1.25433, 0.9437], [-0.79412, 1.23646, -2.10069, 1.77534, -4.27256, -1.14547, 0.95512], [-0.53361, 1.38637, -2.1773, 1.98011, -4.38374, -1.11011, 1.26856], [-0.2731, 1.53629, -2.2539, 2.18488, -4.49492, -1.07474, 1.582], [-0.01258, 1.68621, -2.33051, 2.38965, -4.60609, -1.03938, 1.89545], [0.24793, 1.83612, -2.40712, 2.59442, -4.71727, -1.00401, 2.20889], [0.43663, 1.94471, -2.46261, 2.74274, -4.7978, -0.97839, 2.43593], [0.46595, 1.94863, -2.28775, 2.46465, -4.6936, -1.10013, 2.09602], [0.49527, 1.95255, -2.11288, 2.18655, -4.58941, -1.22186, 1.75612], [0.5246, 1.95647, -1.93802, 1.90845, -4.48521, -1.3436, 1.41622], [0.55392, 1.96039, -1.76316, 1.63035, -4.38101, -1.46533, 1.07632]]
end: [0.57289000000000001, 1.9629300000000001, -1.6499999999999999, 1.4503900000000001, -4.3135899999999996, -1.5441100000000001, 0.85636999999999996]
obtacles: [[[0.6, -0.4, -0.2], [1.0, 0.6, -0.3]], [[0.8, -0.3, -0.2], [1.0, -0.2, 0.5]], [[0.8, 0.1, -0.2], [1.0, 0.2, 0.5]], [[0.8, -0.3, 0.5], [1.0, 0.2, 0.6]]]
start: [-0.15984000000000001, 1.70983, -1.6499999999999999, 1.10775, -1.4111199999999999, 1.5625899999999999, -1.88018]
tajectories: [[-0.15984, 1.70983, -1.65, 1.10775, -1.41112, 1.56259, -1.88018], [-0.46139, 1.50317, -1.73113, 1.30759, -1.54172, 1.39322, -1.72495], [-0.76295, 1.29651, -1.81226, 1.50742, -1.67232, 1.22384, -1.56973], [-1.06451, 1.08985, -1.89339, 1.70725, -1.80292, 1.05446, -1.4145], [-1.24822, 0.96395, -1.94281, 1.82899, -1.88249, 0.95128, -1.31994], [-0.92357, 0.67461, -1.90329, 1.87644, -1.76408, 1.01789, -1.12343], [-0.59893, 0.38527, -1.86377, 1.92389, -1.64567, 1.0845, -0.92692], [-0.27428, 0.09593, -1.82425, 1.97134, -1.52726, 1.15111, -0.73041], [0.05037, -0.19341, -1.78474, 2.01879, -1.40885, 1.21772, -0.5339], [0.37501, -0.48275, -1.74522, 2.06624, -1.29044, 1.28433, -0.33739], [0.69966, -0.77209, -1.7057, 2.11369, -1.17203, 1.35094, -0.14088], [1.0229, -1.06018, -1.66635, 2.16093, -1.05413, 1.41726, 0.05478], [1.23163, -1.03439, -1.66141, 2.223, -0.63356, 1.42517, -0.10316], [1.44036, -1.00861, -1.65647, 2.28507, -0.21298, 1.43308, -0.26109], [1.64909, -0.98283, -1.65152, 2.34714, 0.20759, 1.441, -0.41903], [1.85782, -0.95704, -1.64658, 2.40922, 0.62817, 1.44891, -0.57696], [1.95084, -0.94556, -1.64438, 2.43688, 0.81558, 1.45243, -0.64734], [1.76266, -0.60425, -1.64504, 2.31471, 0.58378, 1.46592, -0.8184], [1.57449, -0.26294, -1.6457, 2.19254, 0.35198, 1.4794, -0.98945], [1.38632, 0.07837, -1.64635, 2.07037, 0.12018, 1.49289, -1.16051], [1.19815, 0.41968, -1.64701, 1.9482, -0.11162, 1.50638, -1.33156], [1.00997, 0.761, -1.64767, 1.82603, -0.34342, 1.51986, -1.50261], [0.8218, 1.10231, -1.64833, 1.70386, -0.57522, 1.53335, -1.67367], [0.63363, 1.44362, -1.64899, 1.58169, -0.80702, 1.54683, -1.84472], [0.44545, 1.78493, -1.64964, 1.45952, -1.03882, 1.56032, -2.01578]]
end: [0.34350999999999998, 1.96984, -1.6499999999999999, 1.39333, -1.1644000000000001, 1.5676300000000001, -2.1084499999999999]
obtacles: [[[0.6, -0.4, -0.2], [1.0, 0.6, -0.3]], [[0.8, -0.3, -0.2], [1.0, -0.2, 0.5]], [[0.8, 0.1, -0.2], [1.0, 0.2, 0.5]], [[0.8, -0.3, 0.5], [1.0, 0.2, 0.6]]]
start: [2.4428800000000002, -1.84395, -1.25, 0.74934000000000001, -1.98895, -1.56148, -0.0041900000000000001]
tajectories: [[2.44288, -1.84395, -1.25, 0.74934, -1.98895, -1.56148, -0.00419], [2.24982, -1.6129, -1.36858, 0.84581, -2.11307, -1.22603, 0.08547], [2.05675, -1.38186, -1.48717, 0.94227, -2.23719, -0.89057, 0.17512], [1.86369, -1.15081, -1.60575, 1.03873, -2.36131, -0.55511, 0.26478], [1.74168, -1.00479, -1.68069, 1.0997, -2.43974, -0.34311, 0.32144], [1.75974, -1.10398, -1.89743, 1.48302, -2.23697, -0.39771, 0.27868], [1.7778, -1.20317, -2.11416, 1.86633, -2.03419, -0.45231, 0.23591], [1.79585, -1.30236, -2.3309, 2.24965, -1.83142, -0.50691, 0.19315], [1.79701, -1.30873, -2.34482, 2.27427, -1.8184, -0.51042, 0.1904], [1.95884, -1.47072, -2.12489, 2.10784, -1.85507, -0.74115, -0.06829], [2.12066, -1.63271, -1.90497, 1.94141, -1.89174, -0.97189, -0.32699], [2.28248, -1.79469, -1.68504, 1.77498, -1.9284, -1.20263, -0.58568], [2.44431, -1.95668, -1.46512, 1.60855, -1.96507, -1.43337, -0.84437]]
end: [2.4554299999999998, -1.9678199999999999, -1.45, 1.5971200000000001, -1.96759, -1.44923, -0.86214999999999997]
obtacles: [[[0.6, -0.4, -0.2], [1.0, 0.6, -0.3]], [[0.8, -0.3, -0.2], [1.0, -0.2, 0.5]], [[0.8, 0.1, -0.2], [1.0, 0.2, 0.5]], [[0.8, -0.3, 0.5], [1.0, 0.2, 0.6]]]
start: [2.2608199999999998, -1.46577, -1.3999999999999999, 0.74965000000000004, -1.6241000000000001, -1.3776999999999999, 0.12728999999999999]
tajectories: [[2.26082, -1.46577, -1.4, 0.74965, -1.6241, -1.3777, 0.12729], [2.09127, -1.1327, -1.5735, 0.84708, -1.64759, -1.12497, 0.20663], [1.92172, -0.79962, -1.74699, 0.94451, -1.67109, -0.87224, 0.28597], [1.75218, -0.46654, -1.92049, 1.04194, -1.69458, -0.61951, 0.36531], [1.58263, -0.13346, -2.09398, 1.13937, -1.71807, -0.36678, 0.44464], [1.41308, 0.19962, -2.26748, 1.2368, -1.74156, -0.11405, 0.52398], [1.24353, 0.5327, -2.44098, 1.33423, -1.76506, 0.13868, 0.60332], [1.23983, 0.53998, -2.44477, 1.33636, -1.76557, 0.14421, 0.60506], [1.15834, 0.70184, -2.30667, 1.46713, -1.67468, -0.08708, 0.25975], [1.07686, 0.86369, -2.16857, 1.5979, -1.58378, -0.31837, -0.08555], [0.99537, 1.02554, -2.03047, 1.72867, -1.49289, -0.54966, -0.43085], [0.91389, 1.1874, -1.89237, 1.85943, -1.40199, -0.78096, -0.77616], [0.83879, 1.33656, -1.7651, 1.97995, -1.31823, -0.99412, -1.09439], [0.73082, 1.3986, -1.77033, 1.78711, -1.31258, -0.61054, -1.31826], [0.62285, 1.46063, -1.77556, 1.59427, -1.30694, -0.22697, -1.54214], [0.51488, 1.52267, -1.78079, 1.40143, -1.30129, 0.1566, -1.76601], [0.40692, 1.5847, -1.78602, 1.20858, -1.29565, 0.54017, -1.98989], [0.29895, 1.64674, -1.79125, 1.01574, -1.29, 0.92375, -2.21376], [0.19098, 1.70877, -1.79648, 0.8229, -1.28436, 1.30732, -2.43764]]
end: [0.11831, 1.7505200000000001, -1.8, 0.69311, -1.2805599999999999, 1.56548, -2.5883099999999999]
obtacles: [[[0.6, -0.4, -0.2], [1.0, 0.6, -0.3]], [[0.8, -0.3, -0.2], [1.0, -0.2, 0.5]], [[0.8, 0.1, -0.2], [1.0, 0.2, 0.5]], [[0.8, -0.3, 0.5], [1.0, 0.2, 0.6]]]
start: [2.5455000000000001, -1.40005, -1.8, 0.47387000000000001, -1.2900199999999999, -1.5217499999999999, 0.13497999999999999]
tajectories: [[2.5455, -1.40005, -1.8, 0.47387, -1.29002, -1.52175, 0.13498], [2.29449, -1.12328, -1.63998, 0.67015, -1.48776, -1.48505, 0.05875], [2.04348, -0.84651, -1.47996, 0.86643, -1.6855, -1.44834, -0.01747], [1.79247, -0.56974, -1.31994, 1.06271, -1.88324, -1.41163, -0.0937], [1.54145, -0.29297, -1.15992, 1.25899, -2.08098, -1.37492, -0.16993], [1.29044, -0.0162, -0.9999, 1.45527, -2.27872, -1.33821, -0.24616], [1.03943, 0.26057, -0.83988, 1.65155, -2.47647, -1.30151, -0.32239], [0.79324, 0.53202, -0.68294, 1.84405, -2.67041, -1.2655, -0.39716], [0.75699, 0.72593, -0.72291, 1.99637, -2.57776, -0.84601, -0.43865], [0.72074, 0.91984, -0.76289, 2.1487, -2.48511, -0.42651, -0.48014], [0.68449, 1.11376, -0.80286, 2.30102, -2.39246, -0.00701, -0.52163], [0.64824, 1.30767, -0.84284, 2.45334, -2.29981, 0.41249, -0.56312], [0.61214, 1.50078, -0.88265, 2.60503, -2.20754, 0.83026, -0.60444], [0.56943, 1.55567, -1.06064, 2.3518, -2.03169, 0.94327, -0.9295], [0.52673, 1.61056, -1.23863, 2.09858, -1.85584, 1.05628, -1.25456], [0.48402, 1.66545, -1.41662, 1.84536, -1.67999, 1.16928, -1.57962], [0.44132, 1.72034, -1.59461, 1.59213, -1.50414, 1.28229, -1.90469], [0.39861, 1.77523, -1.77261, 1.33891, -1.32829, 1.3953, -2.22975]]
end: [0.39204, 1.7836799999999999, -1.8, 1.29993, -1.30122, 1.41269, -2.2797800000000001]
