obtacles: [[[0.6, -0.4, -0.2], [1.0, 0.6, -0.3]], [[0.7, -0.2, -0.2], [1.1, -0.1, 0.5]], [[0.7, 0.2, -0.2], [1.1, 0.3, 0.5]], [[0.7, -0.2, 0.5], [1.1, 0.3, 0.6]]]
start: [2.58874, -1.89137, 0.0, 0.36742000000000002, 0.0, 1.5239400000000001, -2.58874]
tajectories: [[2.58874, -1.89137, 0.0, 0.36742, 0.0, 1.52394, -2.58874], [2.32413, -1.89429, 0.01828, 0.72059, 0.12197, 1.35215, -2.48617], [2.05952, -1.89721, 0.03657, 1.07377, 0.24394, 1.18035, -2.3836], [1.79492, -1.90014, 0.05485, 1.42694, 0.36591, 1.00856, -2.28104], [1.53031, -1.90306, 0.07314, 1.78011, 0.48788, 0.83677, -2.17847], [1.2657, -1.90599, 0.09142, 2.13328, 0.60985, 0.66497, -2.0759], [1.00109, -1.90891, 0.10971, 2.48645, 0.73182, 0.49318, -1.97333], [0.87842, -1.91027, 0.11818, 2.65019, 0.78837, 0.41353, -1.92578], [0.55064, -1.78654, 0.40389, 2.69352, 0.62776, 0.43599, -1.79369], [0.22287, -1.66281, 0.68961, 2.73684, 0.46714, 0.45845, -1.6616], [-0.1049, -1.53909, 0.97532, 2.78017, 0.30653, 0.48092, -1.5295], [-0.43267, -1.41536, 1.26103, 2.8235, 0.14592, 0.50338, -1.39741], [-0.76044, -1.29163, 1.54674, 2.86683, -0.01469, 0.52584, -1.26532], [-1.0809, -1.17067, 1.82608, 2.9092, -0.17172, 0.5478, -1.13617], [-1.35887, -1.31392, 1.72048, 2.67708, -0.35883, 0.67586, -1.32531], [-1.63685, -1.45718, 1.61488, 2.44497, -0.54593, 0.80392, -1.51445], [-1.91483, -1.60043, 1.50928, 2.21286, -0.73304, 0.93197, -1.70358], [-2.1928, -1.74369, 1.40368, 1.98075, -0.92015, 1.06003, -1.89272], [-2.47078, -1.88695, 1.29808, 1.74864, -1.10725, 1.18809, -2.08186]]
end: [-2.59734, -1.95217, 1.25, 1.64296, -1.1924399999999999, 1.2464, -2.16797]
obtacles: [[[0.6, -0.4, -0.2], [1.0, 0.6, -0.3]], [[0.7, -0.2, -0.2], [1.1, -0.1, 0.5]], [[0.7, 0.2, -0.2], [1.1, 0.3, 0.5]], [[0.7, -0.2, 0.5], [1.1, 0.3, 0.6]]]
start: [-0.90322000000000002, 1.9678, 1.6499999999999999, 1.40622, -1.97512, -1.56216, -0.48529]
tajectories: [[-0.90322, 1.9678, 1.65, 1.40622, -1.97512, -1.56216, -0.48529], [-1.03544, 1.66375, 1.6833, 1.56808, -2.1181, -1.55204, -0.78897], [-1.16766, 1.3597, 1.7166, 1.72995, -2.26107, -1.54191, -1.09265], [-1.29988, 1.05566, 1.7499, 1.89181, -2.40404, -1.53179, -1.39633], [-1.4321, 0.75161, 1.78319, 2.05367, -2.54702, -1.52167, -1.70001], [-1.56432, 0.44757, 1.81649, 2.21553, -2.68999, -1.51154, -2.00369], [-1.69654, 0.14352, 1.84979, 2.37739, -2.83297, -1.50142, -2.30737], [-1.77384, -0.03423, 1.86926, 2.47202, -2.91655, -1.4955, -2.48491], [-1.87675, -0.25223, 1.83633, 2.37953, -2.7217, -1.12135, -2.41941], [-1.97966, -0.47023, 1.8034, 2.28704, -2.52684, -0.7472, -2.35392], [-2.08257, -0.68822, 1.77046, 2.19456, -2.33199, -0.37304, -2.28842], [-2.18548, -0.90622, 1.73753, 2.10207, -2.13713, 0.00111, -2.22293], [-2.28839, -1.12422, 1.7046, 2.00958, -1.94228, 0.37526, -2.15743], [-2.3913, -1.34222, 1.67167, 1.91709, -1.74742, 0.74941, -2.09193], [-2.49421, -1.56021, 1.63874, 1.8246, -1.55257, 1.12357, -2.02644], [-2.59712, -1.77821, 1.6058, 1.73211, -1.35771, 1.49772, -1.96094]]
end: [-2.6152600000000001, -1.8166199999999999, 1.6000000000000001, 1.7158100000000001, -1.32338, 1.56365, -1.9494]
obtacles: [[[0.6, -0.4, -0.2], [1.0, 0.6, -0.3]], [[0.7, -0.2, -0.2], [1.1, -0.1, 0.5]], [[0.7, 0.2, -0.2], [1.1, 0.3, 0.5]], [[0.7, -0.2, 0.5], [1.1, 0.3, 0.6]]]
start: [-0.66605999999999999, 1.71411, 2.0499999999999998, 1.0832999999999999, -1.94011, -1.22783, -0.31748999999999999]
tajectories: [[-0.66606, 1.71411, 2.05, 1.0833, -1.94011, -1.22783, -0.31749], [-0.8909, 1.76025, 1.72688, 0.98113, -1.92517, -1.20848, -0.60364], [-1.11574, 1.80639, 1.40377, 0.87896, -1.91024, -1.18913, -0.88978], [-1.34058, 1.85252, 1.08065, 0.77679, -1.89531, -1.16978, -1.17592], [-1.56541, 1.89866, 0.75753, 0.67462, -1.88037, -1.15043, -1.46207], [-1.79025, 1.9448, 0.43441, 0.57245, -1.86544, -1.13108, -1.74821], [-1.80532, 1.94789, 0.41276, 0.5656, -1.86444, -1.12978, -1.76739], [-1.57516, 1.60899, 0.35976, 0.63218, -1.65906, -0.95929, -1.70666], [-1.345, 1.2701, 0.30676, 0.69876, -1.45368, -0.7888, -1.64594], [-1.11484, 0.9312, 0.25376, 0.76534, -1.2483, -0.61831, -1.58522], [-0.88468, 0.59231, 0.20076, 0.83192, -1.04292, -0.44781, -1.5245], [-0.65453, 0.25342, 0.14776, 0.8985, -0.83754, -0.27732, -1.46377], [-0.46307, -0.0285, 0.10367, 0.95388, -0.66669, -0.1355, -1.41326], [-0.06974, -0.1503, 0.06655, 1.23075, -0.66623, -0.18468, -1.41134], [0.32359, -0.27211, 0.02943, 1.50762, -0.66577, -0.23386, -1.40943], [0.71692, -0.39392, -0.00768, 1.78449, -0.66531, -0.28304, -1.40751], [1.11024, -0.51572, -0.0448, 2.06136, -0.66485, -0.33222, -1.40559], [1.31261, -0.57839, -0.06389, 2.20381, -0.66461, -0.35752, -1.4046], [1.43486, -0.49516, -0.48054, 2.28726, -0.65491, -0.24731, -1.59256], [1.55712, -0.41192, -0.89718, 2.37071, -0.64522, -0.13709, -1.78052], [1.66784, -0.33654, -1.27451, 2.44628, -0.63643, -0.03728, -1.95074], [1.48535, 0.01983, -1.32507, 2.30876, -0.72136, 0.20886, -1.97142], [1.30286, 0.37621, -1.37562, 2.17124, -0.80628, 0.455, -1.99211], [1.12037, 0.73258, -1.42617, 2.03371, -0.8912, 0.70115, -2.01279], [0.93787, 1.08896, -1.47672, 1.89619, -0.97612, 0.94729, -2.03348], [0.75538, 1.44533, -1.52728, 1.75867, -1.06105, 1.19343, -2.05416], [0.57289, 1.80171, -1.57783, 1.62114, -1.14597, 1.43957, -2.07484]]
end: [0.49286000000000002, 1.958, -1.6000000000000001, 1.5608299999999999, -1.1832100000000001, 1.54752, -2.08392]
obtacles: [[[0.6, -0.4, -0.2], [1.0, 0.6, -0.3]], [[0.7, -0.2, -0.2], [1.1, -0.1, 0.5]], [[0.7, 0.2, -0.2], [1.1, 0.3, 0.5]], [[0.7, -0.2, 0.5], [1.1, 0.3, 0.6]]]
start: [-0.64049, 1.9592700000000001, 2.0499999999999998, 0.91337999999999997, -2.1697500000000001, -1.46428, -0.14393]
tajectories: [[-0.64049, 1.95927, 2.05, 0.91338, -2.16975, -1.46428, -0.14393], [-0.83583, 1.68317, 1.98793, 0.69337, -1.94353, -1.41555, -0.31656], [-1.03117, 1.40707, 1.92586, 0.47336, -1.7173, -1.36683, -0.48919], [-1.22652, 1.13097, 1.86379, 0.25334, -1.49108, -1.3181, -0.66183], [-1.42186, 0.85488, 1.80172, 0.03333, -1.26486, -1.26938, -0.83446], [-1.60425, 0.59709, 1.74377, -0.17209, -1.05364, -1.22388, -0.99564], [-1.55832, 0.59685, 1.54289, -0.03152, -0.81896, -0.86156, -0.95784], [-1.5124, 0.59661, 1.34202, 0.10904, -0.58428, -0.49924, -0.92004], [-1.46647, 0.59636, 1.14114, 0.24961, -0.3496, -0.13691, -0.88224], [-1.42054, 0.59612, 0.94026, 0.39017, -0.11492, 0.22541, -0.84444], [-1.37461, 0.59588, 0.73939, 0.53074, 0.11976, 0.58773, -0.80665], [-1.32869, 0.59564, 0.53851, 0.6713, 0.35443, 0.95006, -0.76885], [-1.28722, 0.59542, 0.35712, 0.79823, 0.56634, 1.27723, -0.73472], [-1.40553, 0.32615, 0.14367, 1.01685, 0.57841, 1.28134, -0.99925], [-1.52384, 0.05688, -0.06977, 1.23546, 0.59049, 1.28544, -1.26378], [-1.64215, -0.21239, -0.28322, 1.45408, 0.60256, 1.28955, -1.52832], [-1.76046, -0.48167, -0.49667, 1.6727, 0.61463, 1.29366, -1.79285], [-1.87877, -0.75094, -0.71012, 1.89132, 0.6267, 1.29776, -2.05738], [-1.99708, -1.02021, -0.92357, 2.10994, 0.63877, 1.30187, -2.32192], [-2.09937, -1.25301, -1.10811, 2.29895, 0.64921, 1.30542, -2.55062], [-2.17067, -1.33552, -0.7283, 2.20045, 0.36897, 1.33904, -2.48364], [-2.24197, -1.41802, -0.34849, 2.10196, 0.08873, 1.37267, -2.41665], [-2.31327, -1.50053, 0.03132, 2.00347, -0.19151, 1.40629, -2.34966], [-2.38456, -1.58304, 0.41114, 1.90497, -0.47175, 1.43992, -2.28268], [-2.45586, -1.66555, 0.79095, 1.80648, -0.75199, 1.47354, -2.21569], [-2.52716, -1.74805, 1.17076, 1.70799, -1.03223, 1.50716, -2.1487]]
end: [-2.5983499999999999, -1.8304400000000001, 1.55, 1.60964, -1.3120400000000001, 1.54074, -2.08182]
obtacles: [[[0.6, -0.4, -0.2], [1.0, 0.6, -0.3]], [[0.7, -0.2, -0.2], [1.1, -0.1, 0.5]], [[0.7, 0.2, -0.2], [1.1, 0.3, 0.5]], [[0.7, -0.2, 0.5], [1.1, 0.3, 0.6]]]
start: [-0.88332999999999995, 1.4024000000000001, 1.6000000000000001, 1.4693400000000001, -1.4060600000000001, -1.5251699999999999, -0.59223999999999999]
tajectories: [[-0.88333, 1.4024, 1.6, 1.46934, -1.40606, -1.52517, -0.59224], [-0.96799, 1.35687, 1.31302, 1.58102, -1.42034, -1.25224, -0.85915], [-1.05264, 1.31134, 1.02605, 1.6927, -1.43463, -0.97932, -1.12606], [-1.1373, 1.26581, 0.73907, 1.80439, -1.44891, -0.70639, -1.39297], [-1.22196, 1.22028, 0.45209, 1.91607, -1.4632, -0.43347, -1.65988], [-1.30661, 1.17475, 0.16512, 2.02775, -1.47748, -0.16055, -1.92678], [-1.34437, 1.15444, 0.03713, 2.07756, -1.48385, -0.03883, -2.04582], [-1.29345, 1.08142, -0.15588, 2.12695, -1.08615, 0.17145, -2.04569], [-1.24254, 1.0084, -0.3489, 2.17634, -0.68845, 0.38172, -2.04557], [-1.19163, 0.93538, -0.54191, 2.22573, -0.29075, 0.592, -2.04544], [-1.17032, 0.90481, -0.62271, 2.2464, -0.12426, 0.68003, -2.04539], [-0.87655, 0.99432, -0.85053, 2.25319, -0.11851, 0.7352, -1.72811], [-0.58278, 1.08384, -1.07835, 2.25998, -0.11276, 0.79037, -1.41084], [-0.28902, 1.17335, -1.30617, 2.26676, -0.10701, 0.84555, -1.09356], [0.00475, 1.26287, -1.53399, 2.27355, -0.10126, 0.90072, -0.77629], [0.29852, 1.35238, -1.76181, 2.28034, -0.09551, 0.95589, -0.45901], [0.59228, 1.44189, -1.98963, 2.28713, -0.08976, 1.01107, -0.14174], [0.88605, 1.53141, -2.21745, 2.29392, -0.08401, 1.06624, 0.17554], [0.93026, 1.54488, -2.25174, 2.29494, -0.08314, 1.07455, 0.22329], [0.84976, 1.57381, -2.14086, 2.16263, -0.31147, 1.15537, -0.16942], [0.76927, 1.60274, -2.02999, 2.03032, -0.53979, 1.23619, -0.56213], [0.68877, 1.63167, -1.91911, 1.89801, -0.76811, 1.31701, -0.95484], [0.60827, 1.6606, -1.80824, 1.7657, -0.99644, 1.39784, -1.34755], [0.52777, 1.68953, -1.69737, 1.63339, -1.22476, 1.47866, -1.74026]]
end: [0.45707999999999999, 1.7149399999999999, -1.6000000000000001, 1.5172000000000001, -1.42526, 1.5496300000000001, -2.0851199999999999]
