obtacles: [[[0.6, -0.4, -0.2], [1.0, 0.6, -0.3]], [[0.8, -0.0, -0.2], [1.0, 0.1, 0.5]], [[0.8, 0.4, -0.2], [1.0, 0.5, 0.5]], [[0.8, 0.0, 0.5], [1.0, 0.5, 0.6]]]
start: [0.056550000000000003, 1.88236, 0.84999999999999998, -0.62553999999999998, -0.80417000000000005, -1.4511700000000001, 0.40245999999999998]
tajectories: [[0.05655, 1.88236, 0.85, -0.62554, -0.80417, -1.45117, 0.40246], [-0.22148, 1.50147, 0.90757, -0.48339, -0.86685, -1.43963, 0.40916], [-0.49951, 1.12059, 0.96513, -0.34124, -0.92953, -1.42808, 0.41586], [-0.77754, 0.73971, 1.0227, -0.19909, -0.99221, -1.41654, 0.42256], [-1.05557, 0.35883, 1.08027, -0.05694, -1.05489, -1.40499, 0.42925], [-1.3336, -0.02206, 1.13784, 0.08521, -1.11757, -1.39345, 0.43595], [-1.61163, -0.40294, 1.1954, 0.22736, -1.18025, -1.38191, 0.44265], [-1.73417, -0.5708, 1.22077, 0.29, -1.20788, -1.37682, 0.4456], [-1.66635, -0.72626, 1.28903, 0.662, -1.31487, -1.3044, 0.1976], [-1.59854, -0.88172, 1.35728, 1.03399, -1.42187, -1.23199, -0.0504], [-1.53073, -1.03718, 1.42554, 1.40598, -1.52886, -1.15958, -0.2984], [-1.46292, -1.19264, 1.49379, 1.77798, -1.63586, -1.08716, -0.5464], [-1.39511, -1.3481, 1.56205, 2.14997, -1.74285, -1.01475, -0.7944], [-1.37744, -1.38862, 1.57984, 2.24692, -1.77074, -0.99588, -0.85903], [-1.54799, -1.4771, 1.5141, 2.12208, -1.66724, -0.65304, -1.11384], [-1.71855, -1.56559, 1.44837, 1.99725, -1.56374, -0.3102, -1.36865], [-1.8891, -1.65407, 1.38263, 1.87242, -1.46024, 0.03264, -1.62345], [-2.05966, -1.74255, 1.3169, 1.74759, -1.35674, 0.37548, -1.87826], [-2.23021, -1.83104, 1.25116, 1.62276, -1.25324, 0.71832, -2.13307], [-2.40077, -1.91952, 1.18543, 1.49793, -1.14974, 1.06116, -2.38787]]
end: [-2.49268, -1.9672099999999999, 1.1499999999999999, 1.43065, -1.0939700000000001, 1.24593, -2.5251999999999999]
obtacles: [[[0.6, -0.4, -0.2], [1.0, 0.6, -0.3]], [[0.8, -0.0, -0.2], [1.0, 0.1, 0.5]], [[0.8, 0.4, -0.2], [1.0, 0.5, 0.5]], [[0.8, 0.0, 0.5], [1.0, 0.5, 0.6]]]
start: [-0.69325999999999999, 1.81471, 1.7, 1.3537300000000001, -1.8373600000000001, -1.5006600000000001, -0.63519999999999999]
tajectories: [[-0.69326, 1.81471, 1.7, 1.35373, -1.83736, -1.50066, -0.6352], [-0.77491, 1.83041, 1.99851, 1.70587, -1.92785, -1.40635, -0.74874], [-0.85414, 1.84564, 2.28821, 2.0476, -2.01567, -1.31483, -0.85894], [-0.42956, 1.7447, 2.20857, 2.02298, -1.90468, -1.19312, -1.01852], [-0.23051, 1.69737, 2.17124, 2.01143, -1.85265, -1.13606, -1.09334], [-0.1858, 1.69517, 1.87676, 1.72141, -1.75591, -1.32944, -1.26773]]
end: [-0.15895999999999999, 1.69384, 1.7, 1.54732, -1.69783, -1.4455100000000001, -1.3724099999999999]
obtacles: [[[0.6, -0.4, -0.2], [1.0, 0.6, -0.3]], [[0.8, -0.0, -0.2], [1.0, 0.1, 0.5]], [[0.8, 0.4, -0.2], [1.0, 0.5, 0.5]], [[0.8, 0.0, 0.5], [1.0, 0.5, 0.6]]]
start: [-0.60135000000000005, 1.8673299999999999, 1.7, 1.3694900000000001, -1.8876200000000001, -1.5084500000000001, -0.73885000000000001]
tajectories: [[-0.60135, 1.86733, 1.7, 1.36949, -1.88762, -1.50845, -0.73885], [-0.79902, 1.88471, 1.70494, 1.4298, -2.0335, -1.10101, -0.87912], [-0.99669, 1.90209, 1.70988, 1.49011, -2.17937, -0.69357, -1.01938], [-1.15386, 1.91591, 1.71381, 1.53806, -2.29536, -0.3696, -1.13091], [-1.1444, 1.57021, 1.72894, 1.83447, -2.24608, -0.47471, -0.96109], [-1.13495, 1.22451, 1.74407, 2.13088, -2.19681, -0.57982, -0.79128], [-1.12549, 0.87881, 1.7592, 2.42729, -2.14753, -0.68493, -0.62146], [-1.12052, 0.69712, 1.76715, 2.58308, -2.12163, -0.74017, -0.53221], [-0.89859, 0.97555, 1.75186, 2.33391, -2.0783, -0.90817, -0.70771], [-0.67665, 1.25398, 1.73658, 2.08474, -2.03498, -1.07616, -0.88321], [-0.45471, 1.53241, 1.72129, 1.83556, -1.99165, -1.24415, -1.05871], [-0.23277, 1.81085, 1.70601, 1.58639, -1.94832, -1.41215, -1.2342]]
end: [-0.14552999999999999, 1.9202900000000001, 1.7, 1.4884500000000001, -1.93129, -1.4781899999999999, -1.3031900000000001]
obtacles: [[[0.6, -0.4, -0.2], [1.0, 0.6, -0.3]], [[0.8, -0.0, -0.2], [1.0, 0.1, 0.5]], [[0.8, 0.4, -0.2], [1.0, 0.5, 0.5]], [[0.8, 0.0, 0.5], [1.0, 0.5, 0.6]]]
start: [-0.66974999999999996, 1.5586599999999999, 1.7, 1.5087999999999999, -1.56663, -1.44109, -0.84011000000000002]
tajectories: [[-0.66975, 1.55866, 1.7, 1.5088, -1.56663, -1.44109, -0.84011], [-0.77947, 1.29657, 1.48275, 1.54773, -1.28729, -1.23973, -0.7957], [-0.88918, 1.03447, 1.26549, 1.58665, -1.00795, -1.03837, -0.75128], [-0.9989, 0.77237, 1.04824, 1.62557, -0.7286, -0.837, -0.70687], [-1.10862, 0.51027, 0.83099, 1.6645, -0.44926, -0.63564, -0.66246], [-1.18223, 0.33444, 0.68524, 1.69061, -0.26186, -0.50055, -0.63266], [-0.85194, 0.08441, 0.7011, 1.64662, -0.33583, -0.4512, -0.894], [-0.52166, -0.16563, 0.71695, 1.60264, -0.4098, -0.40184, -1.15535], [-0.42601, -0.23803, 0.72154, 1.5899, -0.43122, -0.38755, -1.23103], [-0.65503, -0.32779, 0.85363, 1.61537, -0.28678, -0.01774, -1.34842], [-0.88405, -0.41754, 0.98571, 1.64084, -0.14234, 0.35207, -1.4658], [-1.11307, -0.50729, 1.11779, 1.66631, 0.0021, 0.72188, -1.58319], [-1.34209, -0.59705, 1.24987, 1.69177, 0.14654, 1.09168, -1.70057], [-1.36131, -0.60458, 1.26095, 1.69391, 0.15866, 1.12272, -1.71042], [-1.59713, -0.82912, 1.29833, 1.5811, -0.14273, 1.20457, -1.89017], [-1.83296, -1.05366, 1.33571, 1.46829, -0.44413, 1.28641, -2.06991], [-2.06878, -1.2782, 1.37308, 1.35548, -0.74553, 1.36826, -2.24965], [-2.30461, -1.50274, 1.41046, 1.24267, -1.04692, 1.45011, -2.42939], [-2.54043, -1.72728, 1.44783, 1.12986, -1.34832, 1.53195, -2.60914]]
end: [-2.55409, -1.7402899999999999, 1.45, 1.1233299999999999, -1.36578, 1.5366899999999999, -2.6195499999999998]
obtacles: [[[0.6, -0.4, -0.2], [1.0, 0.6, -0.3]], [[0.8, -0.0, -0.2], [1.0, 0.1, 0.5]], [[0.8, 0.4, -0.2], [1.0, 0.5, 0.5]], [[0.8, 0.0, 0.5], [1.0, 0.5, 0.6]]]
start: [-0.83364000000000005, 1.6056600000000001, 1.6000000000000001, 1.3254900000000001, -1.61171, -1.5509500000000001, -0.49092999999999998]
tajectories: [[-0.83364, 1.60566, 1.6, 1.32549, -1.61171, -1.55095, -0.49093], [-0.81924, 1.60773, 1.76523, 1.69143, -1.74515, -1.33687, -0.64885], [-0.80485, 1.60981, 1.93045, 2.05737, -1.87859, -1.12279, -0.80676], [-0.79046, 1.61189, 2.09568, 2.42332, -2.01203, -0.9087, -0.96467], [-0.77785, 1.61371, 2.2404, 2.74384, -2.1289, -0.72119, -1.10298], [-0.59401, 1.65656, 2.1131, 2.35192, -2.05838, -0.91998, -1.09457], [-0.41017, 1.69942, 1.98581, 1.96, -1.98786, -1.11877, -1.08617], [-0.22633, 1.74228, 1.85852, 1.56808, -1.91734, -1.31756, -1.07776], [-0.04248, 1.78514, 1.73123, 1.17616, -1.84682, -1.51634, -1.06935]]
end: [0.0026099999999999999, 1.79565, 1.7, 1.08002, -1.82952, -1.56511, -1.0672900000000001]
obtacles: [[[0.6, -0.4, -0.2], [1.0, 0.6, -0.3]], [[0.8, -0.0, -0.2], [1.0, 0.1, 0.5]], [[0.8, 0.4, -0.2], [1.0, 0.5, 0.5]], [[0.8, 0.0, 0.5], [1.0, 0.5, 0.6]]]
start: [2.5790799999999998, -1.92069, -1.45, 1.35087, -1.93849, -1.5350999999999999, -0.76034000000000002]
tajectories: [[2.57908, -1.92069, -1.45, 1.35087, -1.93849, -1.5351, -0.76034], [2.31353, -1.6787, -1.33389, 1.35899, -1.80686, -1.32209, -0.97173], [2.04799, -1.43672, -1.21779, 1.36712, -1.67523, -1.10908, -1.18312], [1.78245, -1.19474, -1.10168, 1.37525, -1.5436, -0.89607, -1.39451], [1.51691, -0.95275, -0.98557, 1.38337, -1.41197, -0.68306, -1.6059], [1.42701, -0.87083, -0.94626, 1.38612, -1.36741, -0.61095, -1.67747], [1.3833, -0.76553, -0.96527, 1.46162, -1.15803, -0.23142, -1.46996], [1.33959, -0.66023, -0.98427, 1.53712, -0.94866, 0.14811, -1.26246], [1.29588, -0.55492, -1.00328, 1.61262, -0.73928, 0.52764, -1.05495], [1.27564, -0.50616, -1.01208, 1.64758, -0.64232, 0.70339, -0.95886], [1.30259, -0.1452, -0.98734, 1.56924, -0.67784, 0.89294, -1.23281], [1.32955, 0.21576, -0.96261, 1.4909, -0.71336, 1.08248, -1.50675], [1.3565, 0.57672, -0.93787, 1.41256, -0.74887, 1.27202, -1.78069], [1.37171, 0.78041, -0.92391, 1.36835, -0.76891, 1.37898, -1.93528], [1.1746, 1.08498, -1.13793, 1.38399, -0.96761, 1.43895, -2.10632], [0.9775, 1.38956, -1.35195, 1.39964, -1.16631, 1.49892, -2.27736], [0.78039, 1.69414, -1.56597, 1.41528, -1.36501, 1.55888, -2.44841]]
end: [0.74904999999999999, 1.7425600000000001, -1.6000000000000001, 1.41777, -1.3966000000000001, 1.5684199999999999, -2.4756]
obtacles: [[[0.6, -0.4, -0.2], [1.0, 0.6, -0.3]], [[0.8, -0.0, -0.2], [1.0, 0.1, 0.5]], [[0.8, 0.4, -0.2], [1.0, 0.5, 0.5]], [[0.8, 0.0, 0.5], [1.0, 0.5, 0.6]]]
start: [0.33640999999999999, 1.7410000000000001, -1.6000000000000001, 1.5024500000000001, -1.3989799999999999, 1.55365, -1.9795199999999999]
tajectories: [[0.33641, 1.741, -1.6, 1.50245, -1.39898, 1.55365, -1.97952], [-0.02988, 1.56811, -1.59821, 1.3606, -1.2543, 1.50038, -1.77445], [-0.39616, 1.39522, -1.59642, 1.21875, -1.10962, 1.4471, -1.56938], [-0.76244, 1.22234, -1.59463, 1.07691, -0.96494, 1.39382, -1.36432], [-1.12872, 1.04945, -1.59285, 0.93506, -0.82026, 1.34055, -1.15925], [-1.49501, 0.87656, -1.59106, 0.79321, -0.67558, 1.28727, -0.95418], [-1.86129, 0.70367, -1.58927, 0.65136, -0.53089, 1.234, -0.74912], [-2.22757, 0.53079, -1.58748, 0.50951, -0.38621, 1.18072, -0.54405], [-2.50941, 0.39776, -1.5861, 0.40037, -0.27489, 1.13973, -0.38626], [-2.37614, 0.41581, -1.60663, 0.69097, -0.13451, 0.80946, -0.25111], [-2.24288, 0.43386, -1.62717, 0.98157, 0.00587, 0.4792, -0.11596], [-2.10962, 0.45191, -1.6477, 1.27217, 0.14625, 0.14894, 0.01919], [-1.97636, 0.46996, -1.66823, 1.56277, 0.28663, -0.18132, 0.15434], [-1.93529, 0.47552, -1.67455, 1.65231, 0.32988, -0.28309, 0.19598], [-1.51726, 0.5935, -1.7012, 1.68756, 0.28164, -0.05737, 0.11784], [-1.09923, 0.71148, -1.72784, 1.72281, 0.23339, 0.16835, 0.03971], [-0.68121, 0.82946, -1.75449, 1.75806, 0.18515, 0.39406, -0.03843], [-0.26318, 0.94743, -1.78113, 1.79332, 0.1369, 0.61978, -0.11656], [0.15485, 1.06541, -1.80778, 1.82857, 0.08866, 0.84549, -0.1947], [0.57288, 1.18339, -1.83442, 1.86382, 0.04041, 1.07121, -0.27283], [0.99091, 1.30136, -1.86106, 1.89907, -0.00783, 1.29693, -0.35096], [1.03995, 1.3152, -1.86419, 1.90321, -0.01349, 1.3234, -0.36013], [1.01064, 1.38746, -1.82806, 1.78254, -0.24416, 1.36377, -0.77632], [0.98134, 1.45972, -1.79193, 1.66188, -0.47483, 1.40415, -1.19252], [0.95203, 1.53197, -1.75581, 1.54121, -0.7055, 1.44452, -1.60871], [0.92272, 1.60423, -1.71968, 1.42055, -0.93617, 1.48489, -2.0249], [0.89342, 1.67649, -1.68355, 1.29989, -1.16684, 1.52526, -2.4411]]
end: [0.86619999999999997, 1.74359, -1.6499999999999999, 1.1878299999999999, -1.3810500000000001, 1.5627500000000001, -2.8275899999999998]
obtacles: [[[0.6, -0.4, -0.2], [1.0, 0.6, -0.3]], [[0.8, -0.0, -0.2], [1.0, 0.1, 0.5]], [[0.8, 0.4, -0.2], [1.0, 0.5, 0.5]], [[0.8, 0.0, 0.5], [1.0, 0.5, 0.6]]]
start: [0.067540000000000003, 1.4550399999999999, -1.6499999999999999, 1.24112, -1.65526, 1.4588099999999999, -1.95869]
tajectories: [[0.06754, 1.45504, -1.65, 1.24112, -1.65526, 1.45881, -1.95869], [0.2265, 1.43671, -1.66559, 1.53932, -1.33873, 1.29262, -1.87254], [0.38545, 1.41839, -1.68119, 1.83752, -1.0222, 1.12644, -1.78639], [0.45471, 1.4104, -1.68798, 1.96745, -0.88429, 1.05403, -1.74885], [0.48206, 1.61581, -2.0888, 1.97282, -1.00754, 1.16357, -1.61035], [0.50941, 1.82121, -2.48962, 1.97818, -1.1308, 1.27312, -1.47185], [0.51971, 1.89853, -2.6405, 1.9802, -1.1772, 1.31436, -1.41972], [0.61602, 1.91657, -2.38295, 1.79039, -1.17184, 1.3827, -1.78487], [0.71233, 1.93462, -2.1254, 1.60058, -1.16647, 1.45105, -2.15003], [0.80865, 1.95266, -1.86786, 1.41077, -1.16111, 1.51939, -2.51519]]
end: [0.87141999999999997, 1.9644200000000001, -1.7, 1.2870600000000001, -1.1576200000000001, 1.56393, -2.75318]
obtacles: [[[0.6, -0.4, -0.2], [1.0, 0.6, -0.3]], [[0.8, -0.0, -0.2], [1.0, 0.1, 0.5]], [[0.8, 0.4, -0.2], [1.0, 0.5, 0.5]], [[0.8, 0.0, 0.5], [1.0, 0.5, 0.6]]]
start: [2.33683, -1.6754500000000001, -1.3500000000000001, 1.33423, -1.7267699999999999, -1.38242, -0.50309000000000004]
tajectories: [[2.33683, -1.67545, -1.35, 1.33423, -1.72677, -1.38242, -0.50309], [2.14913, -1.29315, -1.36432, 1.50242, -1.55867, -1.39807, -0.61088], [1.96143, -0.91085, -1.37864, 1.67061, -1.39058, -1.41371, -0.71868], [1.77373, -0.52855, -1.39296, 1.83881, -1.22248, -1.42935, -0.82647], [1.58603, -0.14625, -1.40727, 2.007, -1.05438, -1.44499, -0.93426], [1.39832, 0.23605, -1.42159, 2.1752, -0.88628, -1.46063, -1.04206], [1.30963, 0.41669, -1.42836, 2.25467, -0.80685, -1.46803, -1.09299], [1.24285, 0.6064, -1.4511, 2.15306, -0.87109, -1.06607, -1.27469], [1.17607, 0.79611, -1.47384, 2.05145, -0.93534, -0.66412, -1.45638], [1.10928, 0.98583, -1.49659, 1.94983, -0.99958, -0.26216, -1.63807], [1.0425, 1.17554, -1.51933, 1.84822, -1.06383, 0.13979, -1.81976], [0.97572, 1.36525, -1.54207, 1.74661, -1.12807, 0.54175, -2.00146], [0.90894, 1.55496, -1.56482, 1.645, -1.19231, 0.9437, -2.18315], [0.84215, 1.74467, -1.58756, 1.54338, -1.25656, 1.34566, -2.36484]]
end: [0.80562, 1.8484499999999999, -1.6000000000000001, 1.4878, -1.2917000000000001, 1.5655399999999999, -2.4642300000000001]
obtacles: [[[0.6, -0.4, -0.2], [1.0, 0.6, -0.3]], [[0.8, -0.0, -0.2], [1.0, 0.1, 0.5]], [[0.8, 0.4, -0.2], [1.0, 0.5, 0.5]], [[0.8, 0.0, 0.5], [1.0, 0.5, 0.6]]]
start: [-0.31869999999999998, 1.5088999999999999, -1.6499999999999999, -0.57887999999999995, -1.47068, 1.5622199999999999, 2.8834399999999998]
tajectories: [[-0.3187, 1.5089, -1.65, -0.57888, -1.47068, 1.56222, 2.88344], [-0.30509, 1.27546, -1.59989, -0.42909, -1.59088, 1.37223, 2.53728], [-0.29148, 1.04201, -1.54978, -0.2793, -1.71107, 1.18223, 2.19113], [-0.27787, 0.80857, -1.49967, -0.1295, -1.83126, 0.99223, 1.84497], [-0.26426, 0.57512, -1.44956, 0.02029, -1.95146, 0.80224, 1.49882], [-0.26126, 0.52369, -1.43852, 0.05329, -1.97794, 0.76038, 1.42256], [-0.17681, 0.29193, -1.59711, 0.29197, -1.87863, 0.58919, 1.16204], [-0.09236, 0.06016, -1.75569, 0.53065, -1.77933, 0.418, 0.90152], [-0.00791, -0.1716, -1.91427, 0.76933, -1.68002, 0.24681, 0.64101], [0.03323, -0.2845, -1.99153, 0.8856, -1.63165, 0.16341, 0.5141], [0.32008, -0.10561, -2.15937, 0.9457, -1.49771, 0.11169, 0.22544], [0.60692, 0.07328, -2.32721, 1.0058, -1.36378, 0.05996, -0.06321], [0.89377, 0.25216, -2.49505, 1.0659, -1.22985, 0.00823, -0.35187], [1.18061, 0.43105, -2.66289, 1.126, -1.09591, -0.04349, -0.64053], [1.23357, 0.46408, -2.69387, 1.1371, -1.07119, -0.05304, -0.69381], [1.20885, 0.75707, -2.58898, 1.33476, -1.15661, 0.18879, -0.91219], [1.18413, 1.05007, -2.48408, 1.53242, -1.24204, 0.43062, -1.13056], [1.16097, 1.32452, -2.38583, 1.71757, -1.32206, 0.65714, -1.33511], [1.04535, 1.44124, -2.19386, 1.59202, -1.33064, 0.89351, -1.67341], [0.92972, 1.55797, -2.00189, 1.46647, -1.33922, 1.12987, -2.01172], [0.81409, 1.67469, -1.80992, 1.34092, -1.3478, 1.36624, -2.35002]]
end: [0.71777000000000002, 1.7719400000000001, -1.6499999999999999, 1.2363299999999999, -1.3549500000000001, 1.56315, -2.63185]
obtacles: [[[0.6, -0.4, -0.2], [1.0, 0.6, -0.3]], [[0.8, -0.0, -0.2], [1.0, 0.1, 0.5]], [[0.8, 0.4, -0.2], [1.0, 0.5, 0.5]], [[0.8, 0.0, 0.5], [1.0, 0.5, 0.6]]]
start: [0.47042, 1.6573199999999999, -1.8999999999999999, 1.7617700000000001, -1.54565, 1.2317100000000001, -1.86893]
tajectories: [[0.47042, 1.65732, -1.9, 1.76177, -1.54565, 1.23171, -1.86893], [0.28106, 1.61373, -2.12461, 1.88146, -1.84158, 1.13855, -2.09523], [0.0917, 1.57014, -2.34923, 2.00116, -2.13751, 1.0454, -2.32153], [0.00599, 1.55041, -2.4509, 2.05534, -2.27147, 1.00323, -2.42397], [0.46351, 1.57914, -2.37834, 1.99142, -2.14181, 0.89861, -2.47632], [0.92104, 1.60787, -2.30579, 1.9275, -2.01216, 0.79398, -2.52866], [1.20934, 1.62597, -2.26007, 1.88723, -1.93046, 0.72805, -2.56164], [1.06201, 1.72118, -2.10212, 1.68866, -1.62946, 0.9769, -2.60991], [0.91469, 1.81639, -1.94418, 1.49008, -1.32846, 1.22574, -2.65818]]
end: [0.87348000000000003, 1.8430200000000001, -1.8999999999999999, 1.4345300000000001, -1.2442500000000001, 1.29535, -2.6716799999999998]
obtacles: [[[0.6, -0.4, -0.2], [1.0, 0.6, -0.3]], [[0.8, -0.0, -0.2], [1.0, 0.1, 0.5]], [[0.8, 0.4, -0.2], [1.0, 0.5, 0.5]], [[0.8, 0.0, 0.5], [1.0, 0.5, 0.6]]]
start: [2.3856999999999999, -1.4625999999999999, -1.5, 1.40527, -1.4753700000000001, -1.48353, -0.65737999999999996]
tajectories: [[2.3857, -1.4626, -1.5, 1.40527, -1.47537, -1.48353, -0.65738], [2.38497, -1.45904, -1.61135, 1.3251, -1.56149, -1.0759, -0.89735], [2.38424, -1.45548, -1.72269, 1.24493, -1.6476, -0.66827, -1.13732], [2.38351, -1.45192, -1.83404, 1.16477, -1.73372, -0.26065, -1.37728], [2.38278, -1.44835, -1.94539, 1.0846, -1.81984, 0.14698, -1.61725], [2.38205, -1.44479, -2.05673, 1.00443, -1.90596, 0.55461, -1.85722], [2.38132, -1.44123, -2.16808, 0.92426, -1.99208, 0.96224, -2.09719], [2.38117, -1.44049, -2.1912, 0.90762, -2.00996, 1.04687, -2.14701], [2.16982, -1.0173, -2.11367, 0.99849, -1.92415, 1.111, -2.16934], [1.95846, -0.59411, -2.03615, 1.08935, -1.83835, 1.17512, -2.19168], [1.74711, -0.17092, -1.95863, 1.18022, -1.75255, 1.23925, -2.21401], [1.53576, 0.25227, -1.88111, 1.27108, -1.66674, 1.30337, -2.23635], [1.32441, 0.67546, -1.80358, 1.36195, -1.58094, 1.3675, -2.25868], [1.11306, 1.09866, -1.72606, 1.45281, -1.49514, 1.43162, -2.28102], [0.90171, 1.52185, -1.64854, 1.54368, -1.40934, 1.49575, -2.30335]]
end: [0.76937999999999995, 1.78681, -1.6000000000000001, 1.60057, -1.35561, 1.5359, -2.3173300000000001]
obtacles: [[[0.6, -0.4, -0.2], [1.0, 0.6, -0.3]], [[0.8, -0.0, -0.2], [1.0, 0.1, 0.5]], [[0.8, 0.4, -0.2], [1.0, 0.5, 0.5]], [[0.8, 0.0, 0.5], [1.0, 0.5, 0.6]]]
start: [0.096420000000000006, 1.9184600000000001, -1.6499999999999999, 1.3935500000000001, -1.2148099999999999, 1.55765, -1.8607499999999999]
tajectories: [[0.09642, 1.91846, -1.65, 1.39355, -1.21481, 1.55765, -1.86075], [0.3458, 1.87098, -1.65365, 1.52208, -0.84381, 1.5397, -2.03697], [0.59518, 1.82349, -1.65729, 1.65061, -0.47281, 1.52175, -2.2132], [0.68653, 1.8061, -1.65863, 1.6977, -0.3369, 1.51517, -2.27776], [0.87756, 1.80391, -1.71306, 2.10967, -0.52505, 1.50698, -2.35093], [1.0686, 1.80172, -1.7675, 2.52164, -0.71319, 1.4988, -2.42409], [1.11779, 1.80116, -1.78152, 2.62773, -0.76164, 1.49669, -2.44293], [1.00407, 1.75249, -1.73603, 2.21304, -1.00687, 1.49971, -2.46565], [0.89034, 1.70382, -1.69054, 1.79836, -1.2521, 1.50272, -2.48837]]
end: [0.78898999999999997, 1.6604399999999999, -1.6499999999999999, 1.4288000000000001, -1.4706399999999999, 1.5054099999999999, -2.5086200000000001]
obtacles: [[[0.6, -0.4, -0.2], [1.0, 0.6, -0.3]], [[0.8, -0.0, -0.2], [1.0, 0.1, 0.5]], [[0.8, 0.4, -0.2], [1.0, 0.5, 0.5]], [[0.8, 0.0, 0.5], [1.0, 0.5, 0.6]]]
start: [0.22105, 1.56749, -1.6499999999999999, 1.4591000000000001, -1.56525, 1.4917199999999999, -1.9036299999999999]
tajectories: [[0.22105, 1.56749, -1.65, 1.4591, -1.56525, 1.49172, -1.90363], [0.33635, 1.53737, -1.92794, 1.85039, -1.54223, 1.44132, -1.855], [0.44457, 1.5091, -2.18882, 2.21766, -1.52062, 1.39401, -1.80935], [0.63678, 1.46118, -2.02878, 1.85478, -1.30975, 1.40986, -1.90287], [0.81084, 1.41778, -1.88386, 1.52617, -1.11878, 1.42421, -1.98756], [0.81889, 1.62316, -1.72141, 1.48255, -1.32816, 1.4825, -2.35119]]
end: [0.82242999999999999, 1.7134400000000001, -1.6499999999999999, 1.4633799999999999, -1.4201999999999999, 1.50813, -2.5110299999999999]
obtacles: [[[0.6, -0.4, -0.2], [1.0, 0.6, -0.3]], [[0.8, -0.0, -0.2], [1.0, 0.1, 0.5]], [[0.8, 0.4, -0.2], [1.0, 0.5, 0.5]], [[0.8, 0.0, 0.5], [1.0, 0.5, 0.6]]]
start: [-0.33223999999999998, 1.8208800000000001, -1.25, -0.73133000000000004, -1.9744200000000001, 1.5509500000000001, 2.7872300000000001]
tajectories: [[-0.33224, 1.82088, -1.25, -0.73133, -1.97442, 1.55095, 2.78723], [-0.24575, 1.55427, -1.04954, -0.43059, -1.80877, 1.45337, 2.72521], [-0.15926, 1.28766, -0.84907, -0.12985, -1.64313, 1.35579, 2.66319], [-0.07277, 1.02105, -0.64861, 0.1709, -1.47749, 1.25821, 2.60116], [0.01372, 0.75444, -0.44815, 0.47164, -1.31185, 1.16063, 2.53914], [0.10021, 0.48783, -0.24768, 0.77239, -1.14621, 1.06305, 2.47712], [0.1867, 0.22122, -0.04722, 1.07313, -0.98056, 0.96547, 2.4151], [0.19028, 0.21019, -0.03893, 1.08557, -0.97371, 0.96143, 2.41253], [0.48784, 0.12593, -0.28959, 0.95027, -1.15963, 0.98786, 2.2177], [0.78539, 0.04168, -0.54026, 0.81497, -1.34555, 1.01429, 2.02287], [1.08294, -0.04258, -0.79092, 0.67966, -1.53147, 1.04072, 1.82804], [1.3805, -0.12684, -1.04158, 0.54436, -1.71738, 1.06716, 1.63321], [1.67805, -0.21109, -1.29225, 0.40906, -1.9033, 1.09359, 1.43838], [1.80842, -0.24801, -1.40207, 0.34978, -1.98476, 1.10516, 1.35302], [1.90524, -0.18249, -1.59862, 0.61837, -1.92107, 1.12761, 1.00517], [2.00205, -0.11697, -1.79516, 0.88697, -1.85738, 1.15005, 0.65732], [2.09887, -0.05146, -1.9917, 1.15557, -1.7937, 1.17249, 0.30947], [2.19568, 0.01406, -2.18825, 1.42416, -1.73001, 1.19493, -0.03838], [2.2925, 0.07958, -2.38479, 1.69276, -1.66632, 1.21737, -0.38624], [2.33127, 0.10582, -2.46349, 1.80032, -1.64082, 1.22635, -0.52553], [2.07831, 0.38436, -2.32524, 1.76528, -1.58565, 1.27654, -0.81279], [1.82534, 0.6629, -2.18699, 1.73025, -1.53048, 1.32672, -1.10006], [1.57238, 0.94144, -2.04874, 1.69521, -1.47531, 1.3769, -1.38732], [1.31941, 1.21999, -1.91049, 1.66018, -1.42014, 1.42708, -1.67458], [1.06645, 1.49853, -1.77224, 1.62514, -1.36497, 1.47727, -1.96185], [0.81348, 1.77707, -1.63398, 1.59011, -1.3098, 1.52745, -2.24911]]
end: [0.75129999999999997, 1.84554, -1.6000000000000001, 1.5814900000000001, -1.2962400000000001, 1.53979, -2.3197199999999998]
obtacles: [[[0.6, -0.4, -0.2], [1.0, 0.6, -0.3]], [[0.8, -0.0, -0.2], [1.0, 0.1, 0.5]], [[0.8, 0.4, -0.2], [1.0, 0.5, 0.5]], [[0.8, 0.0, 0.5], [1.0, 0.5, 0.6]]]
start: [-0.053510000000000002, 1.60402, -2.0, 0.085699999999999998, -4.2819900000000004, -1.56829, 0.13142999999999999]
tajectories: [[-0.05351, 1.60402, -2.0, 0.0857, -4.28199, -1.56829, 0.13143], [0.00919, 1.49458, -2.0119, 0.40184, -3.9437, -1.51154, 0.25929], [0.0719, 1.38515, -2.02379, 0.71798, -3.60542, -1.45478, 0.38716], [0.1346, 1.27572, -2.03569, 1.03412, -3.26714, -1.39803, 0.51503], [0.15136, 1.24648, -2.03887, 1.11859, -3.17675, -1.38287, 0.54919], [0.28739, 1.42385, -2.2985, 1.42917, -3.05177, -1.42975, 0.41373], [0.42342, 1.60122, -2.55813, 1.73975, -2.92679, -1.47663, 0.27826], [0.46566, 1.65629, -2.63875, 1.83618, -2.88799, -1.49118, 0.2362], [0.68543, 1.66805, -2.4662, 1.8866, -2.74945, -1.16915, 0.0209], [0.9052, 1.67981, -2.29366, 1.93702, -2.61091, -0.84712, -0.19439], [1.12497, 1.69157, -2.12111, 1.98744, -2.47237, -0.52509, -0.40969], [1.34475, 1.70333, -1.94856, 2.03785, -2.33383, -0.20306, -0.62498], [1.36911, 1.70463, -1.92943, 2.04344, -2.31847, -0.16736, -0.64886], [1.2113, 1.70546, -1.94127, 1.81601, -2.64907, -0.37676, -0.50715], [1.05349, 1.70629, -1.95311, 1.58858, -2.97967, -0.58616, -0.36544], [0.89567, 1.70711, -1.96496, 1.36115, -3.31027, -0.79557, -0.22373], [0.73786, 1.70794, -1.9768, 1.13371, -3.64087, -1.00497, -0.08202], [0.58004, 1.70877, -1.98864, 0.90628, -3.97147, -1.21438, 0.05968]]
end: [0.42863000000000001, 1.70956, -2.0, 0.68808000000000002, -4.2886499999999996, -1.4152800000000001, 0.19564000000000001]
obtacles: [[[0.6, -0.4, -0.2], [1.0, 0.6, -0.3]], [[0.8, -0.0, -0.2], [1.0, 0.1, 0.5]], [[0.8, 0.4, -0.2], [1.0, 0.5, 0.5]], [[0.8, 0.0, 0.5], [1.0, 0.5, 0.6]]]
start: [0.051580000000000001, 1.96147, -1.8500000000000001, 1.3251599999999999, -4.26058, -1.4156, 1.1822600000000001]
tajectories: [[0.05158, 1.96147, -1.85, 1.32516, -4.26058, -1.4156, 1.18226], [0.28496, 1.69049, -1.88297, 1.44599, -4.18974, -1.10957, 1.09429], [0.51835, 1.4195, -1.91595, 1.56681, -4.1189, -0.80354, 1.00632], [0.75174, 1.14852, -1.94892, 1.68763, -4.04806, -0.4975, 0.91835], [0.98513, 0.87753, -1.9819, 1.80846, -3.97722, -0.19147, 0.83038], [1.21851, 0.60655, -2.01487, 1.92928, -3.90638, 0.11456, 0.74242], [1.4519, 0.33557, -2.04784, 2.05011, -3.83555, 0.42059, 0.65445], [1.53854, 0.23497, -2.06008, 2.09496, -3.80925, 0.5342, 0.62179], [1.47507, 0.21843, -2.14181, 2.08024, -3.57178, 0.28716, 0.2734], [1.4116, 0.2019, -2.22354, 2.06551, -3.33431, 0.04011, -0.07499], [1.34813, 0.18536, -2.30527, 2.05079, -3.09684, -0.20694, -0.42339], [1.28465, 0.16882, -2.387, 2.03606, -2.85937, -0.45398, -0.77178], [1.22118, 0.15228, -2.46873, 2.02134, -2.6219, -0.70103, -1.12017], [1.15771, 0.13575, -2.55046, 2.00661, -2.38443, -0.94807, -1.46857], [1.10154, 0.12111, -2.62279, 1.99358, -2.17427, -1.16671, -1.77689], [1.06213, 0.37211, -2.51703, 1.88001, -2.45819, -1.2102, -1.49607], [1.02273, 0.62311, -2.41127, 1.76643, -2.74211, -1.2537, -1.21525], [0.98333, 0.87411, -2.30551, 1.65286, -3.02603, -1.2972, -0.93443], [0.94393, 1.12511, -2.19974, 1.53929, -3.30994, -1.3407, -0.65361], [0.90453, 1.37611, -2.09398, 1.42571, -3.59386, -1.3842, -0.37279], [0.86513, 1.62711, -1.98822, 1.31214, -3.87778, -1.42769, -0.09197], [0.82573, 1.87812, -1.88246, 1.19857, -4.1617, -1.47119, 0.18885]]
end: [0.81364000000000003, 1.9551499999999999, -1.8500000000000001, 1.16371, -4.2488299999999999, -1.48454, 0.27504000000000001]
obtacles: [[[0.6, -0.4, -0.2], [1.0, 0.6, -0.3]], [[0.8, -0.0, -0.2], [1.0, 0.1, 0.5]], [[0.8, 0.4, -0.2], [1.0, 0.5, 0.5]], [[0.8, 0.0, 0.5], [1.0, 0.5, 0.6]]]
start: [-0.095670000000000005, 1.9642999999999999, -1.95, 0.84848999999999997, -4.1728899999999998, -1.5677700000000001, 0.86685999999999996]
tajectories: [[-0.09567, 1.9643, -1.95, 0.84849, -4.17289, -1.56777, 0.86686], [-0.06385, 1.53595, -1.91756, 0.93119, -4.30137, -1.37332, 0.92427], [-0.03202, 1.1076, -1.88513, 1.0139, -4.42985, -1.17887, 0.98169], [-0.0002, 0.67925, -1.85269, 1.0966, -4.55833, -0.98442, 1.0391], [0.03163, 0.25091, -1.82025, 1.1793, -4.68681, -0.78998, 1.09651], [0.05827, -0.10763, -1.7931, 1.24853, -4.79435, -0.62722, 1.14457], [0.38556, -0.10847, -1.8989, 1.48852, -4.76458, -0.55573, 0.88361], [0.71284, -0.10931, -2.00469, 1.72851, -4.73482, -0.48424, 0.62266], [1.04013, -0.11014, -2.11048, 1.96851, -4.70505, -0.41276, 0.36171], [1.36742, -0.11098, -2.21628, 2.2085, -4.67529, -0.34127, 0.10075], [1.69471, -0.11182, -2.32207, 2.44849, -4.64552, -0.26979, -0.1602], [1.81631, -0.11213, -2.36138, 2.53767, -4.63447, -0.24322, -0.25716], [1.65325, 0.21784, -2.28816, 2.29447, -4.56624, -0.44678, -0.19445], [1.4902, 0.54782, -2.21494, 2.05127, -4.49802, -0.65034, -0.13174], [1.32714, 0.87779, -2.14173, 1.80807, -4.4298, -0.8539, -0.06903], [1.16408, 1.20777, -2.06851, 1.56487, -4.36158, -1.05745, -0.00631], [1.00102, 1.53774, -1.99529, 1.32168, -4.29335, -1.26101, 0.0564], [0.83797, 1.86772, -1.92207, 1.07848, -4.22513, -1.46457, 0.11911]]
end: [0.78881000000000001, 1.9671799999999999, -1.8999999999999999, 1.0051699999999999, -4.2045599999999999, -1.52593, 0.13802]
obtacles: [[[0.6, -0.4, -0.2], [1.0, 0.6, -0.3]], [[0.8, -0.0, -0.2], [1.0, 0.1, 0.5]], [[0.8, 0.4, -0.2], [1.0, 0.5, 0.5]], [[0.8, 0.0, 0.5], [1.0, 0.5, 0.6]]]
start: [0.14942, 1.9067099999999999, -1.8500000000000001, 0.94760999999999995, -4.2793900000000002, -1.5519000000000001, 0.74639]
tajectories: [[0.14942, 1.90671, -1.85, 0.94761, -4.27939, -1.5519, 0.74639], [0.186, 1.83482, -1.90279, 1.23556, -3.93937, -1.41795, 0.59073], [0.22258, 1.76293, -1.95558, 1.52352, -3.59935, -1.28399, 0.43507], [0.23657, 1.73542, -1.97578, 1.6337, -3.46925, -1.23274, 0.37551], [0.66342, 1.80965, -1.93974, 1.72979, -3.583, -1.29311, 0.18797], [0.98037, 1.86476, -1.91299, 1.80114, -3.66746, -1.33794, 0.04871], [0.89705, 1.89615, -1.87885, 1.64506, -4.02857, -1.33367, 0.34219]]
end: [0.82664000000000004, 1.9226700000000001, -1.8500000000000001, 1.5131600000000001, -4.3337500000000002, -1.33006, 0.59021999999999997]
obtacles: [[[0.6, -0.4, -0.2], [1.0, 0.6, -0.3]], [[0.8, -0.0, -0.2], [1.0, 0.1, 0.5]], [[0.8, 0.4, -0.2], [1.0, 0.5, 0.5]], [[0.8, 0.0, 0.5], [1.0, 0.5, 0.6]]]
start: [-0.26512999999999998, 1.53173, -1.6000000000000001, -0.35570000000000002, -4.6714099999999998, -1.54434, -0.090550000000000005]
tajectories: [[-0.26513, 1.53173, -1.6, -0.3557, -4.67141, -1.54434, -0.09055], [-0.29511, 1.5849, -1.69445, -0.09383, -4.65607, -1.14293, -0.00444], [-0.32509, 1.63807, -1.7889, 0.16805, -4.64072, -0.74153, 0.08167], [-0.35507, 1.69125, -1.88334, 0.42992, -4.62538, -0.34013, 0.16777], [-0.38505, 1.74442, -1.97779, 0.6918, -4.61003, 0.06128, 0.25388], [-0.40852, 1.78605, -2.05174, 0.89684, -4.59802, 0.37557, 0.3213], [-0.26534, 1.6853, -1.89901, 1.14623, -4.41766, 0.45235, 0.01243], [-0.12216, 1.58454, -1.74628, 1.39562, -4.23729, 0.52912, -0.29645], [0.02101, 1.48379, -1.59355, 1.645, -4.05693, 0.60589, -0.60532], [0.16419, 1.38304, -1.44081, 1.89439, -3.87657, 0.68266, -0.9142], [0.30737, 1.28228, -1.28808, 2.14377, -3.69621, 0.75944, -1.22307], [0.40437, 1.21402, -1.18461, 2.31273, -3.57401, 0.81145, -1.43233], [0.65328, 1.22424, -1.27002, 2.31127, -3.44442, 0.89308, -1.03586], [0.90219, 1.23445, -1.35543, 2.30982, -3.31483, 0.97471, -0.63939], [1.15109, 1.24467, -1.44084, 2.30836, -3.18524, 1.05634, -0.24293], [1.28008, 1.24996, -1.4851, 2.3076, -3.11808, 1.09864, -0.03748], [1.18103, 1.33489, -1.5585, 2.06459, -3.27335, 0.71861, -0.03834], [1.08198, 1.41982, -1.6319, 1.82158, -3.42862, 0.33858, -0.03921], [0.98293, 1.50474, -1.70529, 1.57857, -3.5839, -0.04145, -0.04008], [0.88387, 1.58967, -1.77869, 1.33555, -3.73917, -0.42149, -0.04095], [0.78482, 1.6746, -1.85209, 1.09254, -3.89444, -0.80152, -0.04182], [0.68577, 1.75952, -1.92549, 0.84953, -4.04971, -1.18155, -0.04268], [0.58672, 1.84445, -1.99889, 0.60652, -4.20498, -1.56158, -0.04355]]
end: [0.58521999999999996, 1.8457399999999999, -2.0, 0.60282999999999998, -4.2073400000000003, -1.56735, -0.043560000000000001]
obtacles: [[[0.6, -0.4, -0.2], [1.0, 0.6, -0.3]], [[0.8, -0.0, -0.2], [1.0, 0.1, 0.5]], [[0.8, 0.4, -0.2], [1.0, 0.5, 0.5]], [[0.8, 0.0, 0.5], [1.0, 0.5, 0.6]]]
start: [0.35520000000000002, 1.8440300000000001, -2.0, 1.4710700000000001, -4.3737300000000001, -1.1897899999999999, 0.99004999999999999]
tajectories: [[0.3552, 1.84403, -2.0, 1.47107, -4.37373, -1.18979, 0.99005], [0.15944, 1.79668, -2.09017, 1.68862, -4.19491, -1.14336, 0.64386], [-0.03632, 1.74933, -2.18034, 1.90617, -4.01609, -1.09692, 0.29767], [-0.15144, 1.72148, -2.23337, 2.03411, -3.91093, -1.06961, 0.09408], [0.09245, 1.37849, -2.03868, 2.12343, -3.76378, -1.02894, 0.03331], [0.33633, 1.0355, -1.844, 2.21274, -3.61664, -0.98827, -0.02747], [0.58022, 0.69251, -1.64931, 2.30205, -3.4695, -0.9476, -0.08825], [0.82411, 0.34952, -1.45463, 2.39136, -3.32236, -0.90693, -0.14902], [1.06799, 0.00653, -1.25994, 2.48068, -3.17521, -0.86626, -0.2098], [1.31188, -0.33645, -1.06526, 2.56999, -3.02807, -0.8256, -0.27058], [1.31342, -0.33862, -1.06403, 2.57055, -3.02714, -0.82534, -0.27096], [1.563, -0.28188, -0.73446, 2.62031, -3.26013, -0.93189, -0.35906], [1.81258, -0.22514, -0.40489, 2.67006, -3.49311, -1.03845, -0.44717], [2.06215, -0.1684, -0.07531, 2.71982, -3.7261, -1.145, -0.53527], [2.2943, -0.11563, 0.23124, 2.7661, -3.94282, -1.24412, -0.61722], [2.07273, 0.12376, -0.04777, 2.54771, -3.98544, -1.25633, -0.49036], [1.85116, 0.36314, -0.32678, 2.32932, -4.02807, -1.26854, -0.36349], [1.62958, 0.60253, -0.60578, 2.11093, -4.0707, -1.28076, -0.23663], [1.40801, 0.84192, -0.88479, 1.89254, -4.11333, -1.29297, -0.10976], [1.18643, 1.0813, -1.1638, 1.67416, -4.15596, -1.30519, 0.0171], [0.96486, 1.32069, -1.44281, 1.45577, -4.19859, -1.3174, 0.14397], [0.74329, 1.56007, -1.72182, 1.23738, -4.24122, -1.32961, 0.27083]]
end: [0.52237, 1.7987500000000001, -2.0, 1.0196400000000001, -4.2837199999999998, -1.34179, 0.39732000000000001]
obtacles: [[[0.6, -0.4, -0.2], [1.0, 0.6, -0.3]], [[0.8, -0.0, -0.2], [1.0, 0.1, 0.5]], [[0.8, 0.4, -0.2], [1.0, 0.5, 0.5]], [[0.8, 0.0, 0.5], [1.0, 0.5, 0.6]]]
start: [0.36975999999999998, 1.66391, -2.0, 1.72926, -4.6832000000000003, -1.13313, 1.3327]
tajectories: [[0.36976, 1.66391, -2.0, 1.72926, -4.6832, -1.13313, 1.3327], [0.42197, 1.51915, -1.68521, 2.04329, -4.59387, -1.21616, 1.21549], [0.47418, 1.37439, -1.37042, 2.35731, -4.50453, -1.29919, 1.09827], [0.49912, 1.30526, -1.22008, 2.50729, -4.46187, -1.33884, 1.0423], [0.69446, 1.35925, -1.61957, 2.46732, -4.48581, -1.36184, 0.82635], [0.8898, 1.41325, -2.01906, 2.42735, -4.50974, -1.38484, 0.6104], [1.06247, 1.46099, -2.37218, 2.39202, -4.5309, -1.40517, 0.41951], [0.94472, 1.6479, -2.21159, 1.99601, -4.44097, -1.31675, 0.47134], [0.82698, 1.83481, -2.05099, 1.60001, -4.35103, -1.22834, 0.52316]]
end: [0.78959000000000001, 1.8941600000000001, -2.0, 1.4742599999999999, -4.3224799999999997, -1.2002600000000001, 0.53961000000000003]
obtacles: [[[0.6, -0.4, -0.2], [1.0, 0.6, -0.3]], [[0.8, -0.0, -0.2], [1.0, 0.1, 0.5]], [[0.8, 0.4, -0.2], [1.0, 0.5, 0.5]], [[0.8, 0.0, 0.5], [1.0, 0.5, 0.6]]]
start: [0.090069999999999997, 1.51688, -1.7, 0.85741999999999996, -4.6685499999999998, -1.4378500000000001, 0.76792000000000005]
tajectories: [[0.09007, 1.51688, -1.7, 0.85742, -4.66855, -1.43785, 0.76792], [0.2219, 1.09506, -1.73206, 0.85734, -4.5061, -1.27624, 0.80195], [0.35373, 0.67325, -1.76412, 0.85725, -4.34364, -1.11463, 0.83599], [0.48556, 0.25144, -1.79618, 0.85717, -4.18119, -0.95302, 0.87002], [0.61739, -0.17038, -1.82824, 0.85709, -4.01874, -0.79142, 0.90405], [0.69784, -0.42778, -1.84781, 0.85704, -3.91961, -0.6928, 0.92482], [0.84553, -0.32604, -1.9313, 1.10148, -3.70576, -0.81197, 1.22678], [0.99322, -0.22431, -2.01478, 1.34593, -3.49191, -0.93114, 1.52874], [1.14092, -0.12258, -2.09827, 1.59037, -3.27806, -1.05032, 1.8307], [1.28861, -0.02084, -2.18176, 1.83481, -3.06421, -1.16949, 2.13266], [1.4363, 0.08089, -2.26525, 2.07926, -2.85035, -1.28866, 2.43462], [1.584, 0.18262, -2.34874, 2.3237, -2.6365, -1.40784, 2.73658], [1.60106, 0.19438, -2.35838, 2.35195, -2.61179, -1.42161, 2.77146], [1.48166, 0.42039, -2.27789, 2.1891, -2.84003, -1.44, 2.45645], [1.36226, 0.64641, -2.1974, 2.02625, -3.06827, -1.4584, 2.14144], [1.24286, 0.87242, -2.11691, 1.8634, -3.29651, -1.4768, 1.82643], [1.12346, 1.09844, -2.03642, 1.70056, -3.52475, -1.4952, 1.51142], [1.00405, 1.32445, -1.95593, 1.53771, -3.75299, -1.5136, 1.19641], [0.88465, 1.55047, -1.87544, 1.37486, -3.98123, -1.532, 0.8814], [0.76525, 1.77648, -1.79495, 1.21202, -4.20947, -1.5504, 0.56639]]
end: [0.69857999999999998, 1.90269, -1.75, 1.1210800000000001, -4.3369200000000001, -1.5606800000000001, 0.39049]
obtacles: [[[0.6, -0.4, -0.2], [1.0, 0.6, -0.3]], [[0.8, -0.0, -0.2], [1.0, 0.1, 0.5]], [[0.8, 0.4, -0.2], [1.0, 0.5, 0.5]], [[0.8, 0.0, 0.5], [1.0, 0.5, 0.6]]]
start: [0.036330000000000001, 1.78237, -1.8999999999999999, 0.61070999999999998, -4.3232600000000003, -1.56158, 0.53729000000000005]
tajectories: [[0.03633, 1.78237, -1.9, 0.61071, -4.32326, -1.56158, 0.53729], [-0.03008, 1.62874, -1.79058, 0.86318, -4.15169, -1.22457, 0.5944], [-0.09648, 1.47511, -1.68117, 1.11565, -3.98012, -0.88756, 0.6515], [-0.16289, 1.32147, -1.57175, 1.36812, -3.80855, -0.55055, 0.70861], [-0.2293, 1.16784, -1.46234, 1.6206, -3.63698, -0.21354, 0.76572], [-0.29571, 1.01421, -1.35292, 1.87307, -3.46541, 0.12347, 0.82283], [-0.36212, 0.86058, -1.24351, 2.12554, -3.29385, 0.46048, 0.87994], [-0.37719, 0.82572, -1.21869, 2.18282, -3.25492, 0.53694, 0.8929], [-0.02487, 0.93788, -1.50559, 2.33168, -3.29809, 0.61425, 0.86168], [0.32745, 1.05004, -1.7925, 2.48054, -3.34126, 0.69156, 0.83047], [0.67977, 1.16221, -2.07941, 2.62941, -3.38443, 0.76888, 0.79925], [1.03209, 1.27437, -2.36631, 2.77827, -3.4276, 0.84619, 0.76803], [1.3548, 1.3771, -2.62911, 2.91462, -3.46714, 0.91701, 0.73944], [1.27236, 1.45795, -2.51208, 2.65465, -3.60335, 0.55218, 0.6783], [1.18993, 1.5388, -2.39506, 2.39469, -3.73957, 0.18735, 0.61716], [1.1075, 1.61964, -2.27803, 2.13472, -3.87578, -0.17748, 0.55602], [1.02506, 1.70049, -2.16101, 1.87475, -4.01199, -0.5423, 0.49488], [0.94263, 1.78134, -2.04399, 1.61479, -4.1482, -0.90713, 0.43374], [0.86019, 1.86219, -1.92696, 1.35482, -4.28442, -1.27196, 0.37259]]
end: [0.84119999999999995, 1.8808100000000001, -1.8999999999999999, 1.2949299999999999, -4.3158000000000003, -1.3560099999999999, 0.35851]
obtacles: [[[0.6, -0.4, -0.2], [1.0, 0.6, -0.3]], [[0.8, -0.0, -0.2], [1.0, 0.1, 0.5]], [[0.8, 0.4, -0.2], [1.0, 0.5, 0.5]], [[0.8, 0.0, 0.5], [1.0, 0.5, 0.6]]]
start: [-0.015990000000000001, 1.9640500000000001, -1.8500000000000001, 1.03176, -4.2347999999999999, -1.5490299999999999, 0.98648999999999998]
tajectories: [[-0.01599, 1.96405, -1.85, 1.03176, -4.2348, -1.54903, 0.98649], [0.11301, 1.86495, -1.76928, 1.28433, -4.366, -1.29163, 0.72236], [0.24201, 1.76585, -1.68855, 1.53689, -4.4972, -1.03422, 0.45824], [0.32773, 1.69999, -1.63491, 1.70472, -4.58438, -0.86316, 0.28272], [0.60497, 1.49329, -1.87982, 1.71928, -4.32419, -0.83012, 0.24482], [0.8822, 1.2866, -2.12473, 1.73383, -4.064, -0.79708, 0.20692], [0.94563, 1.23931, -2.18075, 1.73716, -4.00448, -0.78952, 0.19825], [0.9158, 1.50509, -2.02207, 1.58965, -4.2161, -1.05049, 0.33479], [0.88598, 1.77086, -1.86339, 1.44214, -4.42773, -1.31146, 0.47133]]
end: [0.88346999999999998, 1.79328, -1.8500000000000001, 1.4297, -4.4455799999999996, -1.33348, 0.48285]
obtacles: [[[0.6, -0.4, -0.2], [1.0, 0.6, -0.3]], [[0.8, -0.0, -0.2], [1.0, 0.1, 0.5]], [[0.8, 0.4, -0.2], [1.0, 0.5, 0.5]], [[0.8, 0.0, 0.5], [1.0, 0.5, 0.6]]]
start: [-0.0098300000000000002, 1.8948799999999999, -1.8500000000000001, 0.89409000000000005, -4.2878800000000004, -1.56654, 0.85706000000000004]
tajectories: [[-0.00983, 1.89488, -1.85, 0.89409, -4.28788, -1.56654, 0.85706], [0.12573, 1.8707, -1.80738, 1.12856, -3.93665, -1.56672, 1.08262], [0.26129, 1.84651, -1.76475, 1.36303, -3.58541, -1.5669, 1.30819], [0.39685, 1.82233, -1.72213, 1.5975, -3.23417, -1.56708, 1.53375], [0.53241, 1.79814, -1.67951, 1.83197, -2.88293, -1.56726, 1.75931], [0.66796, 1.77396, -1.63689, 2.06644, -2.5317, -1.56744, 1.98487], [0.80352, 1.74977, -1.59426, 2.30091, -2.18046, -1.56762, 2.21043], [0.9088, 1.73099, -1.56116, 2.48301, -1.90768, -1.56776, 2.38561], [0.88986, 1.7672, -1.59082, 2.31924, -2.28323, -1.55033, 2.10401], [0.87092, 1.8034, -1.62047, 2.15548, -2.65877, -1.53289, 1.82242], [0.85198, 1.83961, -1.65013, 1.99172, -3.03431, -1.51545, 1.54083], [0.83304, 1.87581, -1.67979, 1.82795, -3.40986, -1.49802, 1.25923], [0.81411, 1.91202, -1.70944, 1.66419, -3.7854, -1.48058, 0.97764], [0.79517, 1.94822, -1.7391, 1.50042, -4.16095, -1.46314, 0.69604]]
end: [0.78820999999999997, 1.96153, -1.75, 1.4402200000000001, -4.2990199999999996, -1.4567300000000001, 0.59250999999999998]
