obtacles: [[[0.6, -0.4, -0.2], [1.0, 0.6, -0.3]], [[0.7, -0.2, -0.2], [1.0, -0.1, 0.4]], [[0.7, 0.2, -0.2], [1.0, 0.3, 0.4]], [[0.7, -0.2, 0.4], [1.0, 0.3, 0.5]]]
start: [2.1498699999999999, -1.76223, -1.05, 1.4982500000000001, -1.8292999999999999, -1.0776399999999999, -0.38995999999999997]
tajectories: [[2.14987, -1.76223, -1.05, 1.49825, -1.8293, -1.07764, -0.38996], [1.98584, -1.45223, -0.91465, 1.66881, -2.10418, -1.11742, -0.43934], [1.82181, -1.14222, -0.7793, 1.83937, -2.37907, -1.15719, -0.48872], [1.65779, -0.83222, -0.64394, 2.00993, -2.65395, -1.19696, -0.5381], [1.49376, -0.52222, -0.50859, 2.18049, -2.92884, -1.23673, -0.58748], [1.32974, -0.21221, -0.37324, 2.35105, -3.20372, -1.2765, -0.63686], [1.16571, 0.09779, -0.23789, 2.52162, -3.47861, -1.31627, -0.68624], [1.04081, 0.33386, -0.13482, 2.65149, -3.68793, -1.34656, -0.72385], [1.02082, 0.46498, -0.39799, 2.57474, -3.40464, -1.1889, -0.95222], [1.00084, 0.59611, -0.66115, 2.49798, -3.12136, -1.03125, -1.18059], [0.98086, 0.72723, -0.92432, 2.42122, -2.83807, -0.87359, -1.40897], [0.96088, 0.85836, -1.18748, 2.34447, -2.55479, -0.71594, -1.63734], [0.9409, 0.98948, -1.45065, 2.26771, -2.2715, -0.55828, -1.86571], [0.92091, 1.12061, -1.71381, 2.19095, -1.98822, -0.40063, -2.09408], [0.91742, 1.14355, -1.75986, 2.17752, -1.93865, -0.37304, -2.13404], [0.83397, 1.27201, -1.72351, 2.03138, -1.82346, 0.06347, -2.14015], [0.75051, 1.40048, -1.68717, 1.88523, -1.70827, 0.49999, -2.14626], [0.66706, 1.52894, -1.65082, 1.73908, -1.59308, 0.93651, -2.15236], [0.58361, 1.65741, -1.61447, 1.59294, -1.4779, 1.37302, -2.15847]]
end: [0.55037999999999998, 1.7085600000000001, -1.6000000000000001, 1.53474, -1.4320299999999999, 1.54684, -2.1608999999999998]
obtacles: [[[0.6, -0.4, -0.2], [1.0, 0.6, -0.3]], [[0.7, -0.2, -0.2], [1.0, -0.1, 0.4]], [[0.7, 0.2, -0.2], [1.0, 0.3, 0.4]], [[0.7, -0.2, 0.4], [1.0, 0.3, 0.5]]]
start: [-0.94364000000000003, 1.85002, 1.75, 1.1140300000000001, -1.8997999999999999, -1.53857, -0.13979]
tajectories: [[-0.94364, 1.85002, 1.75, 1.11403, -1.8998, -1.53857, -0.13979], [-1.22479, 1.78336, 1.86732, 1.24494, -2.00175, -1.224, 0.02227], [-1.50593, 1.7167, 1.98463, 1.37584, -2.10371, -0.90943, 0.18433], [-1.78708, 1.65004, 2.10195, 1.50674, -2.20567, -0.59486, 0.34639], [-2.06823, 1.58337, 2.21926, 1.63765, -2.30763, -0.28029, 0.50845], [-2.34938, 1.51671, 2.33658, 1.76855, -2.40958, 0.03428, 0.67051], [-2.42137, 1.49964, 2.36662, 1.80207, -2.43569, 0.11484, 0.71202], [-2.09264, 1.39275, 2.34231, 2.02718, -2.58659, 0.32607, 0.8209], [-1.76391, 1.28586, 2.31799, 2.2523, -2.73749, 0.5373, 0.92977], [-1.43518, 1.17898, 2.29367, 2.47741, -2.88839, 0.74853, 1.03865], [-1.10644, 1.07209, 2.26935, 2.70252, -3.03929, 0.95976, 1.14753], [-0.77771, 0.9652, 2.24503, 2.92763, -3.19019, 1.17099, 1.25641], [-0.65259, 0.92452, 2.23578, 3.01331, -3.24762, 1.25138, 1.29785], [-0.65232, 1.03453, 2.17727, 2.87417, -3.07124, 0.94065, 1.00214], [-0.65206, 1.14454, 2.11877, 2.73503, -2.89485, 0.62991, 0.70643], [-0.6518, 1.25455, 2.06027, 2.59589, -2.71846, 0.31917, 0.41072], [-0.65153, 1.36456, 2.00176, 2.45674, -2.54207, 0.00843, 0.11502], [-0.65127, 1.47457, 1.94326, 2.3176, -2.36569, -0.30231, -0.18069], [-0.651, 1.58457, 1.88475, 2.17846, -2.1893, -0.61305, -0.4764], [-0.65074, 1.69458, 1.82625, 2.03932, -2.01291, -0.92378, -0.77211], [-0.65048, 1.80459, 1.76775, 1.90017, -1.83653, -1.23452, -1.06782]]
end: [-0.65039999999999998, 1.83796, 1.75, 1.8579600000000001, -1.78302, -1.3287800000000001, -1.1575200000000001]
obtacles: [[[0.6, -0.4, -0.2], [1.0, 0.6, -0.3]], [[0.7, -0.2, -0.2], [1.0, -0.1, 0.4]], [[0.7, 0.2, -0.2], [1.0, 0.3, 0.4]], [[0.7, -0.2, 0.4], [1.0, 0.3, 0.5]]]
start: [-0.75085000000000002, 1.59443, 1.75, 0.79061999999999999, -1.7142999999999999, -1.4605399999999999, -0.02972]
tajectories: [[-0.75085, 1.59443, 1.75, 0.79062, -1.7143, -1.46054, -0.02972], [-1.01675, 1.39243, 1.62004, 0.98922, -1.67001, -1.21798, 0.11644], [-1.28265, 1.19042, 1.49008, 1.18783, -1.62572, -0.97543, 0.26259], [-1.54855, 0.98842, 1.36012, 1.38643, -1.58143, -0.73287, 0.40875], [-1.81446, 0.78641, 1.23016, 1.58504, -1.53714, -0.49031, 0.5549], [-2.08036, 0.5844, 1.1002, 1.78364, -1.49286, -0.24776, 0.70105], [-2.34626, 0.3824, 0.97024, 1.98225, -1.44857, -0.0052, 0.84721], [-2.58258, 0.20287, 0.85474, 2.15875, -1.4092, 0.21037, 0.9771], [-2.38133, 0.37009, 0.97733, 2.28817, -1.1388, -0.02156, 0.82596], [-2.18008, 0.53732, 1.09993, 2.41758, -0.86839, -0.2535, 0.67483], [-1.97883, 0.70455, 1.22252, 2.54699, -0.59798, -0.48543, 0.52369], [-1.77758, 0.87178, 1.34511, 2.6764, -0.32757, -0.71737, 0.37256], [-1.57633, 1.03901, 1.4677, 2.80582, -0.05717, -0.9493, 0.22142], [-1.37508, 1.20624, 1.5903, 2.93523, 0.21324, -1.18124, 0.07028], [-1.17384, 1.37347, 1.71289, 3.06464, 0.48365, -1.41318, -0.08085], [-1.13497, 1.40577, 1.73656, 3.08963, 0.53587, -1.45797, -0.11004], [-1.0148, 1.48535, 1.73864, 2.84363, 0.15366, -1.45335, -0.26038], [-0.89463, 1.56494, 1.74072, 2.59762, -0.22854, -1.44873, -0.41072], [-0.77447, 1.64452, 1.7428, 2.35162, -0.61074, -1.44411, -0.56107], [-0.6543, 1.7241, 1.74487, 2.10562, -0.99295, -1.4395, -0.71141], [-0.53413, 1.80369, 1.74695, 1.85961, -1.37515, -1.43488, -0.86175], [-0.41396, 1.88327, 1.74903, 1.61361, -1.75735, -1.43026, -1.01209]]
end: [-0.35766999999999999, 1.92055, 1.75, 1.4983599999999999, -1.93641, -1.4280999999999999, -1.0825199999999999]
obtacles: [[[0.6, -0.4, -0.2], [1.0, 0.6, -0.3]], [[0.7, -0.2, -0.2], [1.0, -0.1, 0.4]], [[0.7, 0.2, -0.2], [1.0, 0.3, 0.4]], [[0.7, -0.2, 0.4], [1.0, 0.3, 0.5]]]
start: [-0.72602999999999995, 1.59127, 1.75, 0.91054999999999997, -1.6976500000000001, -1.44224, -0.17451]
tajectories: [[-0.72603, 1.59127, 1.75, 0.91055, -1.69765, -1.44224, -0.17451], [-0.72415, 1.46454, 1.87125, 0.86468, -1.46407, -1.11342, -0.40785], [-0.72227, 1.3378, 1.9925, 0.8188, -1.23049, -0.78461, -0.64118], [-0.7204, 1.21106, 2.11375, 0.77292, -0.99691, -0.45579, -0.87452], [-0.71852, 1.08432, 2.235, 0.72705, -0.76334, -0.12697, -1.10786], [-0.71664, 0.95759, 2.35625, 0.68117, -0.52976, 0.20185, -1.3412], [-0.71621, 0.92883, 2.38377, 0.67076, -0.47675, 0.27647, -1.39415], [-0.97568, 0.75714, 2.44308, 1.04475, -0.51277, 0.36873, -1.39142], [-1.23514, 0.58545, 2.50239, 1.41874, -0.54879, 0.46098, -1.3887], [-1.4946, 0.41376, 2.5617, 1.79273, -0.5848, 0.55324, -1.38597], [-1.75407, 0.24207, 2.62101, 2.16672, -0.62082, 0.6455, -1.38325], [-2.01353, 0.07038, 2.68032, 2.54071, -0.65684, 0.73775, -1.38052], [-2.11176, 0.00538, 2.70278, 2.6823, -0.67047, 0.77268, -1.37949], [-2.14101, -0.3497, 2.50186, 2.5131, -0.76677, 0.9109, -1.53976], [-2.17026, -0.70477, 2.30093, 2.3439, -0.86306, 1.04912, -1.70004], [-2.19951, -1.05985, 2.10001, 2.1747, -0.95936, 1.18734, -1.86032], [-2.22875, -1.41493, 1.89909, 2.0055, -1.05565, 1.32557, -2.02059], [-2.258, -1.77001, 1.69817, 1.8363, -1.15195, 1.46379, -2.18087]]
end: [-2.2722899999999999, -1.9435, 1.6000000000000001, 1.75363, -1.1990000000000001, 1.53132, -2.2591800000000002]
obtacles: [[[0.6, -0.4, -0.2], [1.0, 0.6, -0.3]], [[0.7, -0.2, -0.2], [1.0, -0.1, 0.4]], [[0.7, 0.2, -0.2], [1.0, 0.3, 0.4]], [[0.7, -0.2, 0.4], [1.0, 0.3, 0.5]]]
start: [-1.0325500000000001, 1.5685899999999999, 1.8, 1.50403, -1.5841000000000001, -1.34196, -0.47020000000000001]
tajectories: [[-1.03255, 1.56859, 1.8, 1.50403, -1.5841, -1.34196, -0.4702], [-1.13587, 1.44958, 1.79611, 1.87545, -1.38101, -1.38855, -0.67942], [-1.2392, 1.33056, 1.79221, 2.24688, -1.17792, -1.43514, -0.88864], [-1.34253, 1.21155, 1.78832, 2.6183, -0.97484, -1.48173, -1.09786], [-1.44585, 1.09253, 1.78442, 2.98973, -0.77175, -1.52832, -1.30707], [-1.45608, 1.08076, 1.78404, 3.02647, -0.75166, -1.53293, -1.32777], [-1.20173, 1.27479, 1.78775, 2.74802, -1.00917, -1.47262, -1.34065], [-0.94739, 1.46882, 1.79146, 2.46958, -1.26668, -1.4123, -1.35353], [-0.69305, 1.66286, 1.79517, 2.19114, -1.5242, -1.35198, -1.36641], [-0.4387, 1.85689, 1.79888, 1.91269, -1.78171, -1.29166, -1.37929]]
end: [-0.36204999999999998, 1.91537, 1.8, 1.8287800000000001, -1.8593200000000001, -1.27349, -1.38317]
