obtacles: [[[0.6, -0.4, -0.2], [1.0, 0.6, -0.3]], [[0.7, -0.3, -0.2], [1.0, -0.2, 0.3]], [[0.7, 0.1, -0.2], [1.0, 0.2, 0.3]], [[0.7, -0.3, 0.3], [1.0, 0.2, 0.4]]]
start: [2.11856, -1.9572400000000001, -1.3500000000000001, 1.4309400000000001, -1.98885, -1.42191, -0.33289999999999997]
tajectories: [[2.11856, -1.95724, -1.35, 1.43094, -1.98885, -1.42191, -0.3329], [1.93293, -1.82772, -1.01802, 1.71568, -2.03075, -1.36559, -0.28241], [1.74729, -1.6982, -0.68603, 2.00042, -2.07266, -1.30928, -0.23192], [1.56166, -1.56868, -0.35405, 2.28515, -2.11456, -1.25296, -0.18143], [1.38561, -1.44585, -0.0392, 2.55519, -2.15429, -1.19955, -0.13354], [1.65616, -1.55873, -0.21975, 2.66602, -2.10573, -0.86542, -0.20553], [1.9267, -1.6716, -0.4003, 2.77684, -2.05717, -0.53129, -0.27752], [2.19724, -1.78448, -0.58085, 2.88766, -2.00861, -0.19716, -0.34951], [2.32185, -1.83647, -0.664, 2.93871, -1.98624, -0.04327, -0.38267], [2.39372, -1.86269, -0.83773, 2.68332, -1.95304, -0.34812, -0.61656], [2.46559, -1.88891, -1.01146, 2.42794, -1.91984, -0.65298, -0.85045], [2.53747, -1.91514, -1.1852, 2.17255, -1.88664, -0.95783, -1.08434]]
end: [2.6056499999999998, -1.94001, -1.3500000000000001, 1.9302900000000001, -1.8551500000000001, -1.24702, -1.3062]
obtacles: [[[0.6, -0.4, -0.2], [1.0, 0.6, -0.3]], [[0.7, -0.3, -0.2], [1.0, -0.2, 0.3]], [[0.7, 0.1, -0.2], [1.0, 0.2, 0.3]], [[0.7, -0.3, 0.3], [1.0, 0.2, 0.4]]]
start: [2.0835499999999998, -1.9638199999999999, -1.3500000000000001, 1.4151, -1.9974499999999999, -1.4298599999999999, -0.28234999999999999]
tajectories: [[2.08355, -1.96382, -1.35, 1.4151, -1.99745, -1.42986, -0.28235], [1.7848, -1.7322, -1.48448, 1.57014, -2.17164, -1.40044, -0.09858], [1.6883, -1.65739, -1.52792, 1.62022, -2.2279, -1.39094, -0.03922], [1.79895, -1.55041, -1.91347, 1.83402, -2.29346, -1.26117, -0.1432], [1.90959, -1.44344, -2.29902, 2.04782, -2.35903, -1.1314, -0.24719], [1.95157, -1.40285, -2.4453, 2.12894, -2.3839, -1.08217, -0.28664], [2.10926, -1.52767, -2.11498, 2.01218, -2.20265, -1.15309, -0.50784], [2.26695, -1.65248, -1.78466, 1.89542, -2.02139, -1.22402, -0.72904], [2.42464, -1.7773, -1.45435, 1.77867, -1.84013, -1.29494, -0.95024]]
end: [2.47445, -1.81673, -1.3500000000000001, 1.7417800000000001, -1.78287, -1.31735, -1.0201199999999999]
obtacles: [[[0.6, -0.4, -0.2], [1.0, 0.6, -0.3]], [[0.7, -0.3, -0.2], [1.0, -0.2, 0.3]], [[0.7, 0.1, -0.2], [1.0, 0.2, 0.3]], [[0.7, -0.3, 0.3], [1.0, 0.2, 0.4]]]
start: [2.41926, -1.96618, -0.29999999999999999, 0.41446, -2.86537, -1.56833, 0.60304999999999997]
tajectories: [[2.41926, -1.96618, -0.3, 0.41446, -2.86537, -1.56833, 0.60305], [2.37514, -1.59734, -0.47547, 0.56305, -2.71746, -1.38212, 0.5522], [2.33102, -1.2285, -0.65094, 0.71164, -2.56954, -1.1959, 0.50136], [2.2869, -0.85965, -0.82641, 0.86024, -2.42163, -1.00969, 0.45051], [2.24279, -0.49081, -1.00188, 1.00883, -2.27371, -0.82348, 0.39967], [2.19867, -0.12197, -1.17735, 1.15743, -2.1258, -0.63727, 0.34882], [2.15455, 0.24687, -1.35282, 1.30602, -1.97788, -0.45106, 0.29798], [2.11043, 0.61572, -1.52829, 1.45462, -1.82997, -0.26485, 0.24713], [2.08807, 0.80264, -1.61722, 1.52992, -1.75501, -0.17048, 0.22137], [2.15542, 1.05027, -1.75194, 1.88899, -1.88358, -0.12419, 0.35696], [2.22277, 1.2979, -1.88667, 2.24806, -2.01216, -0.0779, 0.49256], [2.29012, 1.54552, -2.0214, 2.60713, -2.14073, -0.03161, 0.62816], [2.33736, 1.71921, -2.11589, 2.85898, -2.23091, 0.00086, 0.72327], [2.07031, 1.75485, -2.02788, 2.70174, -2.52785, -0.22255, 0.80607], [1.80325, 1.79049, -1.93986, 2.54451, -2.82479, -0.44597, 0.88886], [1.5362, 1.82614, -1.85184, 2.38727, -3.12173, -0.66938, 0.97166], [1.26915, 1.86178, -1.76383, 2.23004, -3.41866, -0.8928, 1.05446], [1.00209, 1.89743, -1.67581, 2.0728, -3.7156, -1.11622, 1.13726], [0.73504, 1.93307, -1.58779, 1.91557, -4.01254, -1.33963, 1.22006]]
end: [0.46866999999999998, 1.96862, -1.5, 1.75874, -4.3087200000000001, -1.5624800000000001, 1.30264]
obtacles: [[[0.6, -0.4, -0.2], [1.0, 0.6, -0.3]], [[0.7, -0.3, -0.2], [1.0, -0.2, 0.3]], [[0.7, 0.1, -0.2], [1.0, 0.2, 0.3]], [[0.7, -0.3, 0.3], [1.0, 0.2, 0.4]]]
start: [-0.67252999999999996, 1.58718, -1.5, -0.53686999999999996, -4.7816200000000002, -1.5487, 0.13700999999999999]
tajectories: [[-0.67253, 1.58718, -1.5, -0.53687, -4.78162, -1.5487, 0.13701], [-0.72176, 1.46295, -1.33669, -0.26419, -4.76709, -1.23139, 0.31085], [-0.77099, 1.33872, -1.17337, 0.0085, -4.75255, -0.91409, 0.48469], [-0.82022, 1.21449, -1.01006, 0.28118, -4.73802, -0.59678, 0.65854], [-0.86945, 1.09026, -0.84675, 0.55386, -4.72349, -0.27947, 0.83238], [-0.91868, 0.96603, -0.68343, 0.82654, -4.70895, 0.03784, 1.00622], [-0.96791, 0.8418, -0.52012, 1.09922, -4.69442, 0.35515, 1.18007], [-1.01714, 0.71757, -0.35681, 1.3719, -4.67989, 0.67246, 1.35391], [-1.06614, 0.5939, -0.19423, 1.64335, -4.66542, 0.98834, 1.52697], [-0.81957, 0.66101, -0.36874, 1.78043, -4.47975, 0.6783, 1.59665], [-0.573, 0.72813, -0.54326, 1.91751, -4.29407, 0.36826, 1.66632], [-0.32644, 0.79524, -0.71778, 2.05458, -4.1084, 0.05822, 1.736], [-0.07987, 0.86235, -0.89229, 2.19166, -3.92273, -0.25181, 1.80567], [0.1667, 0.92947, -1.06681, 2.32873, -3.73705, -0.56185, 1.87535], [0.41327, 0.99658, -1.24133, 2.46581, -3.55138, -0.87189, 1.94503], [0.62202, 1.0534, -1.38907, 2.58186, -3.39419, -1.13437, 2.00401], [0.61426, 1.29999, -1.42005, 2.35456, -3.65838, -1.25478, 1.77552], [0.6065, 1.54658, -1.45103, 2.12725, -3.92257, -1.37519, 1.54702], [0.59874, 1.79316, -1.482, 1.89995, -4.18677, -1.4956, 1.31852]]
end: [0.59423000000000004, 1.93645, -1.5, 1.7678700000000001, -4.3402799999999999, -1.5655699999999999, 1.1857500000000001]
obtacles: [[[0.6, -0.4, -0.2], [1.0, 0.6, -0.3]], [[0.7, -0.3, -0.2], [1.0, -0.2, 0.3]], [[0.7, 0.1, -0.2], [1.0, 0.2, 0.3]], [[0.7, -0.3, 0.3], [1.0, 0.2, 0.4]]]
start: [2.2450100000000002, -1.9508700000000001, -0.65000000000000002, 1.3641000000000001, -2.3123999999999998, -0.86663000000000001, 0.0064599999999999996]
tajectories: [[2.24501, -1.95087, -0.65, 1.3641, -2.3124, -0.86663, 0.00646], [2.16111, -1.9439, -0.49817, 1.69226, -2.48982, -0.83254, -0.27555], [2.07722, -1.93694, -0.34635, 2.02042, -2.66724, -0.79846, -0.55756], [1.99333, -1.92997, -0.19452, 2.34859, -2.84466, -0.76437, -0.83958], [1.93365, -1.92502, -0.08653, 2.58202, -2.97087, -0.74013, -1.04018], [2.09158, -1.90406, -0.39718, 2.49998, -3.03691, -0.8235, -1.37195], [2.24951, -1.88311, -0.70783, 2.41794, -3.10295, -0.90688, -1.70372], [2.40745, -1.86215, -1.01848, 2.3359, -3.16899, -0.99025, -2.03549], [2.54545, -1.84384, -1.28993, 2.26422, -3.22669, -1.0631, -2.32539], [2.55651, -1.87448, -1.31624, 2.08068, -2.93048, -1.15402, -1.98108], [2.56758, -1.90513, -1.34254, 1.89714, -2.63426, -1.24493, -1.63678], [2.57865, -1.93577, -1.36884, 1.7136, -2.33804, -1.33585, -1.29247], [2.58972, -1.96641, -1.39515, 1.53006, -2.04182, -1.42676, -0.94816]]
end: [2.5917599999999998, -1.97207, -1.3999999999999999, 1.4961899999999999, -1.98716, -1.44353, -0.88463000000000003]
