obtacles: [[[0.6, -0.4, -0.2], [1.0, 0.6, -0.3]], [[0.7, -0.2, -0.2], [1.1, -0.1, 0.4]], [[0.7, 0.3, -0.2], [1.1, 0.4, 0.4]], [[0.7, -0.2, 0.4], [1.1, 0.4, 0.5]]]
start: [-0.59111000000000002, 1.83039, 1.95, 0.62611000000000006, -2.0267599999999999, -1.56914, 0.015469999999999999]
tajectories: [[-0.59111, 1.83039, 1.95, 0.62611, -2.02676, -1.56914, 0.01547], [-0.88954, 1.61545, 1.92602, 0.71953, -2.18008, -1.43614, -0.23799], [-1.18797, 1.4005, 1.90205, 0.81295, -2.33339, -1.30315, -0.49145], [-1.4864, 1.18556, 1.87807, 0.90637, -2.48671, -1.17015, -0.74492], [-1.78483, 0.97061, 1.8541, 0.99979, -2.64002, -1.03715, -0.99838], [-2.08326, 0.75567, 1.83012, 1.0932, -2.79334, -0.90416, -1.25184], [-2.1333, 0.71962, 1.8261, 1.10887, -2.81905, -0.88186, -1.29435], [-1.996, 0.53832, 1.87418, 1.38396, -2.70822, -0.65463, -1.05691], [-1.8587, 0.35702, 1.92226, 1.65905, -2.59738, -0.42741, -0.81947], [-1.7214, 0.17572, 1.97034, 1.93414, -2.48655, -0.20019, -0.58203], [-1.5841, -0.00559, 2.01842, 2.20923, -2.37572, 0.02704, -0.34459], [-1.4468, -0.18689, 2.06649, 2.48432, -2.26488, 0.25426, -0.10715], [-1.35904, -0.30277, 2.09722, 2.66014, -2.19404, 0.39949, 0.04461], [-1.53058, -0.53173, 2.02058, 2.5071, -2.05537, 0.56099, -0.26124], [-1.70212, -0.7607, 1.94394, 2.35406, -1.91669, 0.72248, -0.56708], [-1.87366, -0.98966, 1.8673, 2.20103, -1.77801, 0.88398, -0.87293], [-2.0452, -1.21863, 1.79066, 2.04799, -1.63933, 1.04548, -1.17877], [-2.21674, -1.44759, 1.71402, 1.89495, -1.50065, 1.20698, -1.48462], [-2.38828, -1.67656, 1.63737, 1.74191, -1.36197, 1.36847, -1.79046], [-2.55981, -1.90553, 1.56073, 1.58888, -1.22329, 1.52997, -2.09631]]
end: [-2.5838399999999999, -1.9375899999999999, 1.55, 1.5674399999999999, -1.20387, 1.5525899999999999, -2.1391399999999998]
obtacles: [[[0.6, -0.4, -0.2], [1.0, 0.6, -0.3]], [[0.7, -0.2, -0.2], [1.1, -0.1, 0.4]], [[0.7, 0.3, -0.2], [1.1, 0.4, 0.4]], [[0.7, -0.2, 0.4], [1.1, 0.4, 0.5]]]
start: [-0.75797999999999999, 1.88534, 2.25, 1.5362199999999999, -1.9901599999999999, -0.94430999999999998, -0.52866999999999997]
tajectories: [[-0.75798, 1.88534, 2.25, 1.53622, -1.99016, -0.94431, -0.52867], [-0.88913, 1.44341, 2.16672, 1.52842, -1.81909, -0.97663, -0.54246], [-1.02029, 1.00148, 2.08344, 1.52062, -1.64803, -1.00895, -0.55625], [-1.15144, 0.55955, 2.00016, 1.51282, -1.47696, -1.04128, -0.57004], [-1.2826, 0.11762, 1.91688, 1.50502, -1.3059, -1.0736, -0.58384], [-1.41375, -0.32432, 1.83359, 1.49722, -1.13483, -1.10592, -0.59763], [-1.54491, -0.76625, 1.75031, 1.48942, -0.96377, -1.13824, -0.61142], [-1.67606, -1.20818, 1.66703, 1.48162, -0.7927, -1.17056, -0.62522], [-1.69848, -1.28374, 1.65279, 1.48029, -0.76346, -1.17609, -0.62757], [-1.32116, -1.15014, 1.5189, 1.71695, -0.88724, -1.1743, -0.65026], [-0.94383, -1.01653, 1.38501, 1.9536, -1.01102, -1.17252, -0.67294], [-0.5665, -0.88293, 1.25112, 2.19026, -1.13481, -1.17073, -0.69563], [-0.18917, -0.74933, 1.11722, 2.42692, -1.25859, -1.16895, -0.71831], [0.18815, -0.61572, 0.98333, 2.66357, -1.38237, -1.16716, -0.741], [0.50685, -0.50288, 0.87024, 2.86346, -1.48692, -1.16565, -0.76016], [0.67726, -0.29688, 0.52647, 2.82662, -1.49034, -1.06729, -0.98219], [0.84767, -0.09088, 0.1827, 2.78978, -1.49376, -0.96893, -1.20423], [1.01808, 0.11513, -0.16107, 2.75294, -1.49719, -0.87057, -1.42627], [1.18849, 0.32113, -0.50484, 2.71611, -1.50061, -0.77221, -1.64831], [1.3589, 0.52713, -0.84861, 2.67927, -1.50403, -0.67385, -1.87035], [1.52931, 0.73314, -1.19238, 2.64243, -1.50745, -0.57549, -2.09239], [1.55279, 0.76152, -1.23975, 2.63736, -1.50793, -0.56193, -2.12298], [1.35643, 0.93274, -1.30977, 2.41799, -1.4834, -0.20373, -2.13664], [1.16006, 1.10397, -1.37979, 2.19863, -1.45888, 0.15448, -2.1503], [0.96369, 1.27519, -1.44981, 1.97926, -1.43436, 0.51268, -2.16396], [0.76733, 1.44641, -1.51983, 1.75989, -1.40983, 0.87089, -2.17762], [0.57096, 1.61763, -1.58985, 1.54053, -1.38531, 1.22909, -2.19128]]
end: [0.40227000000000002, 1.7647299999999999, -1.6499999999999999, 1.3520799999999999, -1.3642399999999999, 1.5368200000000001, -2.2030099999999999]
obtacles: [[[0.6, -0.4, -0.2], [1.0, 0.6, -0.3]], [[0.7, -0.2, -0.2], [1.1, -0.1, 0.4]], [[0.7, 0.3, -0.2], [1.1, 0.4, 0.4]], [[0.7, -0.2, 0.4], [1.1, 0.4, 0.5]]]
start: [2.27196, -1.71052, -1.3500000000000001, 1.5031600000000001, -1.7284600000000001, -1.36233, -0.60148999999999997]
tajectories: [[2.27196, -1.71052, -1.35, 1.50316, -1.72846, -1.36233, -0.60149], [2.0021, -1.60359, -0.97917, 1.60951, -1.74839, -1.27652, -0.50578], [1.73224, -1.49666, -0.60835, 1.71586, -1.76833, -1.19072, -0.41007], [1.46238, -1.38974, -0.23752, 1.8222, -1.78827, -1.10491, -0.31436], [1.24254, -1.30263, 0.06456, 1.90884, -1.80451, -1.03501, -0.23639], [1.37987, -1.10339, 0.02955, 2.01625, -1.70543, -0.68399, -0.02273], [1.5172, -0.90415, -0.00546, 2.12367, -1.60634, -0.33298, 0.19093], [1.65452, -0.70491, -0.04047, 2.23109, -1.50726, 0.01804, 0.40459], [1.79185, -0.50567, -0.07548, 2.3385, -1.40817, 0.36906, 0.61825], [1.92917, -0.30644, -0.11049, 2.44592, -1.30909, 0.72008, 0.83191], [2.0311, -0.15856, -0.13647, 2.52564, -1.23554, 0.98061, 0.99049], [2.07211, 0.11223, -0.51553, 2.62342, -1.28659, 1.05243, 1.10871], [2.11313, 0.38303, -0.89459, 2.7212, -1.33764, 1.12425, 1.22693], [2.15414, 0.65382, -1.27365, 2.81898, -1.38869, 1.19607, 1.34516], [2.19516, 0.92461, -1.65271, 2.91676, -1.43974, 1.2679, 1.46338], [2.23617, 1.19541, -2.03177, 3.01455, -1.49079, 1.33972, 1.58161], [2.27719, 1.4662, -2.41083, 3.11233, -1.54184, 1.41154, 1.69983], [2.27927, 1.47993, -2.43005, 3.11728, -1.54443, 1.41518, 1.70582], [2.08221, 1.50134, -2.33432, 2.96201, -1.53741, 1.42767, 1.28484], [1.88515, 1.52276, -2.2386, 2.80674, -1.53039, 1.44016, 0.86385], [1.68808, 1.54417, -2.14288, 2.65147, -1.52337, 1.45265, 0.44286], [1.49102, 1.56559, -2.04715, 2.49619, -1.51635, 1.46514, 0.02187], [1.29396, 1.587, -1.95143, 2.34092, -1.50934, 1.47762, -0.39911], [1.0969, 1.60842, -1.8557, 2.18565, -1.50232, 1.49011, -0.8201], [0.89984, 1.62983, -1.75998, 2.03038, -1.4953, 1.5026, -1.24109], [0.70278, 1.65125, -1.66426, 1.8751, -1.48828, 1.51509, -1.66208]]
end: [0.57050000000000001, 1.6656200000000001, -1.6000000000000001, 1.7708699999999999, -1.4835700000000001, 1.5234700000000001, -1.9446699999999999]
obtacles: [[[0.6, -0.4, -0.2], [1.0, 0.6, -0.3]], [[0.7, -0.2, -0.2], [1.1, -0.1, 0.4]], [[0.7, 0.3, -0.2], [1.1, 0.4, 0.4]], [[0.7, -0.2, 0.4], [1.1, 0.4, 0.5]]]
start: [-0.59097, 1.5759300000000001, -1.55, -0.57113999999999998, -4.7326600000000001, -1.5638799999999999, 0.019949999999999999]
tajectories: [[-0.59097, 1.57593, -1.55, -0.57114, -4.73266, -1.56388, 0.01995], [-0.51732, 1.61416, -1.66727, -0.12908, -4.66352, -1.439, -0.09656], [-0.44366, 1.65239, -1.78453, 0.31297, -4.59438, -1.31413, -0.21308], [-0.37001, 1.69062, -1.9018, 0.75503, -4.52524, -1.18925, -0.32959], [-0.29636, 1.72885, -2.01907, 1.19708, -4.45609, -1.06437, -0.44611], [-0.22271, 1.76708, -2.13633, 1.63914, -4.38695, -0.9395, -0.56262], [-0.14906, 1.80531, -2.2536, 2.08119, -4.31781, -0.81462, -0.67914], [-0.13691, 1.81162, -2.27294, 2.15411, -4.3064, -0.79402, -0.69836], [0.09118, 1.68378, -2.19634, 2.333, -4.21791, -0.89252, -0.34307], [0.31927, 1.55595, -2.11974, 2.51188, -4.12941, -0.99103, 0.01223], [0.54736, 1.42811, -2.04314, 2.69077, -4.04091, -1.08953, 0.36752], [0.77545, 1.30028, -1.96653, 2.86965, -3.95242, -1.18803, 0.72281], [0.814, 1.27868, -1.95359, 2.89989, -3.93746, -1.20468, 0.78286], [0.78757, 1.4259, -1.84139, 2.49198, -4.12923, -1.30937, 0.81305], [0.76114, 1.57312, -1.7292, 2.08406, -4.321, -1.41405, 0.84325], [0.73471, 1.72035, -1.617, 1.67615, -4.51278, -1.51874, 0.87344]]
end: [0.73070000000000002, 1.7426600000000001, -1.6000000000000001, 1.61433, -4.5418399999999997, -1.5346, 0.87802000000000002]
obtacles: [[[0.6, -0.4, -0.2], [1.0, 0.6, -0.3]], [[0.7, -0.2, -0.2], [1.1, -0.1, 0.4]], [[0.7, 0.3, -0.2], [1.1, 0.4, 0.4]], [[0.7, -0.2, 0.4], [1.1, 0.4, 0.5]]]
start: [2.2920600000000002, -1.6446499999999999, -1.3999999999999999, 1.0938699999999999, -1.7156499999999999, -1.45381, -0.22952]
tajectories: [[2.29206, -1.64465, -1.4, 1.09387, -1.71565, -1.45381, -0.22952], [2.21825, -1.36173, -1.29148, 1.11067, -1.45865, -1.16202, -0.26509], [2.14444, -1.07881, -1.18296, 1.12746, -1.20166, -0.87024, -0.30066], [2.07063, -0.7959, -1.07445, 1.14426, -0.94466, -0.57845, -0.33623], [2.02454, -0.61926, -1.00669, 1.15474, -0.78421, -0.39627, -0.35844], [1.78552, -0.54757, -0.84191, 1.24075, -0.65767, -0.02781, -0.32099], [1.54649, -0.47589, -0.67712, 1.32675, -0.53114, 0.34065, -0.28354], [1.30746, -0.4042, -0.51234, 1.41275, -0.4046, 0.7091, -0.24609], [1.25472, -0.38838, -0.47598, 1.43173, -0.37668, 0.79041, -0.23783], [1.21982, -0.174, -0.50256, 1.60786, -0.26263, 0.83034, -0.63342], [1.18493, 0.04038, -0.52914, 1.78399, -0.14857, 0.87028, -1.02901], [1.15004, 0.25476, -0.55573, 1.96012, -0.03452, 0.91022, -1.4246], [1.14169, 0.30603, -0.56208, 2.00224, -0.00724, 0.91977, -1.5192], [1.04247, 0.59812, -0.76397, 1.948, -0.2929, 1.05142, -1.62967], [0.94324, 0.89022, -0.96586, 1.89375, -0.57855, 1.18306, -1.74015], [0.84401, 1.18231, -1.16775, 1.83951, -0.86421, 1.3147, -1.85062], [0.74479, 1.47441, -1.36963, 1.78526, -1.14987, 1.44635, -1.96109]]
end: [0.65613999999999995, 1.73536, -1.55, 1.7367999999999999, -1.40507, 1.56396, -2.05979]
obtacles: [[[0.6, -0.4, -0.2], [1.0, 0.6, -0.3]], [[0.7, -0.2, -0.2], [1.1, -0.1, 0.4]], [[0.7, 0.3, -0.2], [1.1, 0.4, 0.4]], [[0.7, -0.2, 0.4], [1.1, 0.4, 0.5]]]
start: [2.2545600000000001, -1.7743199999999999, -1.0, 1.35486, 1.2101500000000001, 1.0774699999999999, 2.8254100000000002]
tajectories: [[2.25456, -1.77432, -1.0, 1.35486, 1.21015, 1.07747, 2.82541], [2.16459, -1.67795, -0.83904, 1.50643, 0.86029, 0.90137, 2.65127], [2.07463, -1.58158, -0.67807, 1.658, 0.51043, 0.72527, 2.47713], [1.98466, -1.48522, -0.51711, 1.80957, 0.16058, 0.54916, 2.30299], [1.8947, -1.38885, -0.35615, 1.96113, -0.18928, 0.37306, 2.12885], [1.80473, -1.29249, -0.19518, 2.1127, -0.53914, 0.19696, 1.95472], [1.71477, -1.19612, -0.03422, 2.26427, -0.889, 0.02085, 1.78058], [1.6248, -1.09975, 0.12674, 2.41583, -1.23886, -0.15525, 1.60644], [1.53484, -1.00339, 0.28771, 2.5674, -1.58872, -0.33135, 1.4323], [1.45484, -0.91769, 0.43085, 2.70219, -1.89984, -0.48796, 1.27744], [1.4194, -0.62082, 0.41004, 2.71523, -1.77173, -0.43696, 0.90195], [1.38396, -0.32394, 0.38923, 2.72828, -1.64362, -0.38597, 0.52646], [1.34852, -0.02707, 0.36842, 2.74133, -1.51551, -0.33497, 0.15097], [1.31308, 0.2698, 0.34761, 2.75438, -1.38739, -0.28398, -0.22453], [1.27764, 0.56667, 0.3268, 2.76743, -1.25928, -0.23298, -0.60002], [1.2422, 0.86355, 0.30599, 2.78048, -1.13117, -0.18199, -0.97551], [1.23538, 0.92064, 0.30199, 2.78299, -1.10653, -0.17218, -1.04772], [1.16453, 1.04003, 0.01845, 2.58653, -1.15294, 0.08573, -1.25524], [1.09367, 1.15942, -0.26508, 2.39006, -1.19934, 0.34365, -1.46276], [1.02282, 1.27881, -0.54862, 2.1936, -1.24575, 0.60156, -1.67027], [0.95196, 1.3982, -0.83215, 1.99714, -1.29215, 0.85947, -1.87779], [0.88111, 1.51759, -1.11569, 1.80068, -1.33856, 1.11739, -2.0853], [0.81026, 1.63698, -1.39923, 1.60422, -1.38496, 1.3753, -2.29282]]
end: [0.76007999999999998, 1.72153, -1.6000000000000001, 1.4651000000000001, -1.4178200000000001, 1.55793, -2.4397700000000002]
obtacles: [[[0.6, -0.4, -0.2], [1.0, 0.6, -0.3]], [[0.7, -0.2, -0.2], [1.1, -0.1, 0.4]], [[0.7, 0.3, -0.2], [1.1, 0.4, 0.4]], [[0.7, -0.2, 0.4], [1.1, 0.4, 0.5]]]
start: [-0.46310000000000001, 1.5430900000000001, -1.6000000000000001, -0.22286, -1.5361899999999999, 1.55023, -2.9013100000000001]
tajectories: [[-0.4631, 1.54309, -1.6, -0.22286, -1.53619, 1.55023, -2.90131], [-0.50074, 1.5626, -1.58409, 0.25434, -1.65156, 1.46721, -2.89633], [-0.53838, 1.58211, -1.56818, 0.73154, -1.76692, 1.38418, -2.89136], [-0.57602, 1.60162, -1.55226, 1.20875, -1.88228, 1.30116, -2.88639], [-0.61366, 1.62113, -1.53635, 1.68595, -1.99765, 1.21814, -2.88141], [-0.6513, 1.64064, -1.52044, 2.16315, -2.11301, 1.13511, -2.87644], [-0.66405, 1.64724, -1.51505, 2.32476, -2.15208, 1.107, -2.87476], [-0.24602, 1.6377, -1.50446, 2.3796, -1.96907, 0.9124, -2.84863], [0.17202, 1.62816, -1.49387, 2.43445, -1.78607, 0.71781, -2.82251], [0.59005, 1.61862, -1.48328, 2.48929, -1.60307, 0.52322, -2.79638], [1.00808, 1.60908, -1.47269, 2.54414, -1.42007, 0.32863, -2.77025], [1.42611, 1.59953, -1.4621, 2.59899, -1.23706, 0.13403, -2.74413], [1.45315, 1.59892, -1.46142, 2.60254, -1.22522, 0.12145, -2.74244], [1.22864, 1.65339, -1.49503, 2.38649, -1.24924, 0.45766, -2.5548], [1.00412, 1.70786, -1.52864, 2.17045, -1.27326, 0.79387, -2.36717], [0.77961, 1.76233, -1.56225, 1.9544, -1.29728, 1.13008, -2.17953], [0.55509, 1.8168, -1.59587, 1.73836, -1.3213, 1.46629, -1.9919]]
end: [0.52749000000000001, 1.8234999999999999, -1.6000000000000001, 1.7117899999999999, -1.3242499999999999, 1.50763, -1.9688300000000001]
obtacles: [[[0.6, -0.4, -0.2], [1.0, 0.6, -0.3]], [[0.7, -0.2, -0.2], [1.1, -0.1, 0.4]], [[0.7, 0.3, -0.2], [1.1, 0.4, 0.4]], [[0.7, -0.2, 0.4], [1.1, 0.4, 0.5]]]
start: [-0.22108, 1.77285, -1.7, 1.1167899999999999, -1.33277, 1.5453699999999999, -1.81989]
tajectories: [[-0.22108, 1.77285, -1.7, 1.11679, -1.33277, 1.54537, -1.81989], [-0.23927, 1.56039, -1.9234, 1.21415, -1.45784, 1.21601, -1.67491], [-0.25746, 1.34793, -2.1468, 1.31151, -1.58292, 0.88664, -1.52993], [-0.27565, 1.13546, -2.37019, 1.40888, -1.70799, 0.55728, -1.38495], [-0.29384, 0.923, -2.59359, 1.50624, -1.83306, 0.22792, -1.23997], [-0.29535, 0.90532, -2.61218, 1.51434, -1.84347, 0.20051, -1.22791], [-0.1048, 0.93782, -2.27244, 1.8186, -1.80353, 0.16464, -1.26983], [0.08575, 0.97032, -1.9327, 2.12286, -1.76359, 0.12878, -1.31175], [0.2763, 1.00281, -1.59296, 2.42711, -1.72364, 0.09291, -1.35367], [0.39495, 1.02305, -1.38141, 2.61657, -1.69877, 0.07058, -1.37978], [0.58967, 1.19803, -1.56495, 2.63082, -1.65622, 0.11277, -1.75923], [0.78439, 1.37302, -1.74849, 2.64507, -1.61367, 0.15496, -2.13868], [0.97911, 1.548, -1.93203, 2.65932, -1.57111, 0.19715, -2.51814], [1.17383, 1.72298, -2.11557, 2.67357, -1.52856, 0.23934, -2.89759], [1.20402, 1.75011, -2.14402, 2.67577, -1.52196, 0.24588, -2.95641], [1.09442, 1.74868, -2.02551, 2.3579, -1.48547, 0.56967, -2.82708], [0.98483, 1.74725, -1.90699, 2.04004, -1.44898, 0.89346, -2.69774], [0.87523, 1.74582, -1.78848, 1.72217, -1.41249, 1.21725, -2.56841]]
end: [0.79340999999999995, 1.74475, -1.7, 1.48485, -1.38524, 1.45899, -2.4718499999999999]
