obtacles: [[[0.6, -0.4, -0.2], [1.0, 0.6, -0.3]], [[0.8, -0.0, -0.2], [1.2, 0.1, 0.4]], [[0.8, 0.5, -0.2], [1.2, 0.6, 0.4]], [[0.8, 0.0, 0.4], [1.2, 0.6, 0.5]]]
start: [-0.30759999999999998, 1.63774, 0.0, -0.35714000000000001, -0.0, -1.2806, 0.30759999999999998]
tajectories: [[-0.3076, 1.63774, -0.0, -0.35714, -0.0, -1.2806, 0.3076], [-0.5656, 1.52571, 0.2402, -0.13696, 0.15935, -1.19834, 0.48801], [-0.82359, 1.41367, 0.4804, 0.08323, 0.3187, -1.11608, 0.66842], [-1.08159, 1.30164, 0.7206, 0.30342, 0.47805, -1.03383, 0.84883], [-1.33959, 1.18961, 0.9608, 0.52361, 0.6374, -0.95157, 1.02924], [-1.59759, 1.07757, 1.201, 0.7438, 0.79674, -0.86932, 1.20966], [-1.85559, 0.96554, 1.4412, 0.96399, 0.95609, -0.78706, 1.39007], [-2.11358, 0.8535, 1.68139, 1.18418, 1.11544, -0.7048, 1.57048], [-2.23896, 0.79906, 1.79812, 1.29118, 1.19288, -0.66483, 1.65815], [-2.16879, 0.52541, 1.63472, 1.35566, 1.1427, -0.41184, 1.38832], [-2.09861, 0.25176, 1.47131, 1.42014, 1.09252, -0.15884, 1.11849], [-2.02844, -0.02189, 1.3079, 1.48461, 1.04234, 0.09415, 0.84866], [-1.95827, -0.29554, 1.1445, 1.54909, 0.99216, 0.34715, 0.57883], [-1.88809, -0.5692, 0.98109, 1.61357, 0.94198, 0.60014, 0.309], [-1.81792, -0.84285, 0.81769, 1.67805, 0.8918, 0.85313, 0.03917], [-1.74774, -1.1165, 0.65428, 1.74252, 0.84163, 1.10613, -0.23065], [-1.70547, -1.28134, 0.55585, 1.78136, 0.8114, 1.25853, -0.39319], [-1.82286, -1.35709, 0.54865, 1.61723, 0.64465, 1.27918, 0.02545], [-1.94025, -1.43284, 0.54145, 1.45309, 0.47791, 1.29983, 0.44409], [-2.05764, -1.50859, 0.53425, 1.28896, 0.31117, 1.32048, 0.86273], [-2.17502, -1.58434, 0.52705, 1.12482, 0.14442, 1.34113, 1.28137], [-2.29241, -1.66009, 0.51985, 0.96069, -0.02232, 1.36177, 1.70001], [-2.4098, -1.73584, 0.51265, 0.79655, -0.18907, 1.38242, 2.11865], [-2.52719, -1.81159, 0.50545, 0.63242, -0.35581, 1.40307, 2.53729]]
end: [-2.6160800000000002, -1.8689499999999999, 0.5, 0.50812000000000002, -0.48208000000000001, 1.4187099999999999, 2.8543099999999999]
obtacles: [[[0.6, -0.4, -0.2], [1.0, 0.6, -0.3]], [[0.8, -0.0, -0.2], [1.2, 0.1, 0.4]], [[0.8, 0.5, -0.2], [1.2, 0.6, 0.4]], [[0.8, 0.0, 0.4], [1.2, 0.6, 0.5]]]
start: [0.0014499999999999999, 1.7347300000000001, 0.5, -0.80374000000000001, -0.58226999999999995, -1.0355099999999999, 0.41148000000000001]
tajectories: [[0.00145, 1.73473, 0.5, -0.80374, -0.58227, -1.03551, 0.41148], [-0.23996, 1.48719, 0.62994, -0.4892, -0.61782, -0.98077, 0.30967], [-0.48136, 1.23965, 0.75987, -0.17466, -0.65337, -0.92603, 0.20786], [-0.72277, 0.99211, 0.88981, 0.13989, -0.68893, -0.87129, 0.10605], [-0.96418, 0.74457, 1.01975, 0.45443, -0.72448, -0.81655, 0.00425], [-1.15453, 0.54938, 1.1222, 0.70244, -0.75251, -0.77339, -0.07603], [-0.89995, 0.55872, 1.0858, 0.78037, -0.59853, -0.64784, -0.44783], [-0.64538, 0.56806, 1.0494, 0.85829, -0.44455, -0.52229, -0.81963], [-0.39081, 0.57739, 1.013, 0.93622, -0.29057, -0.39675, -1.19143], [-0.16085, 0.58583, 0.98011, 1.00661, -0.15148, -0.28334, -1.52729], [-0.20773, 0.4588, 1.27189, 1.25779, -0.16849, -0.00983, -1.43592], [-0.25462, 0.33177, 1.56367, 1.50897, -0.1855, 0.26367, -1.34456], [-0.3015, 0.20474, 1.85545, 1.76014, -0.20251, 0.53718, -1.25319], [-0.34839, 0.07771, 2.14722, 2.01132, -0.21952, 0.81068, -1.16183], [-0.39527, -0.04931, 2.439, 2.2625, -0.23653, 1.08418, -1.07046], [-0.40609, -0.07863, 2.50633, 2.32046, -0.24046, 1.1473, -1.04938], [-0.6864, -0.32289, 2.3496, 2.15925, -0.35257, 1.19712, -1.26422], [-0.96672, -0.56715, 2.19286, 1.99804, -0.46467, 1.24695, -1.47906], [-1.24703, -0.81141, 2.03613, 1.83683, -0.57678, 1.29677, -1.69391], [-1.52734, -1.05566, 1.8794, 1.67562, -0.68889, 1.3466, -1.90875], [-1.80766, -1.29992, 1.72267, 1.5144, -0.801, 1.39642, -2.12359], [-2.08797, -1.54418, 1.56593, 1.35319, -0.91311, 1.44625, -2.33843], [-2.36828, -1.78844, 1.4092, 1.19198, -1.02521, 1.49607, -2.55327]]
end: [-2.56359, -1.9586300000000001, 1.3, 1.0796600000000001, -1.1033200000000001, 1.5307900000000001, -2.70296]
obtacles: [[[0.6, -0.4, -0.2], [1.0, 0.6, -0.3]], [[0.8, -0.0, -0.2], [1.2, 0.1, 0.4]], [[0.8, 0.5, -0.2], [1.2, 0.6, 0.4]], [[0.8, 0.0, 0.4], [1.2, 0.6, 0.5]]]
start: [-0.19725000000000001, 1.60931, 1.2, -0.30508000000000002, -1.20482, -1.4986999999999999, 0.48176000000000002]
tajectories: [[-0.19725, 1.60931, 1.2, -0.30508, -1.20482, -1.4987, 0.48176], [-0.57526, 1.59336, 1.24533, -0.37863, -1.41698, -1.42916, 0.25918], [-0.95327, 1.57741, 1.29067, -0.45218, -1.62914, -1.35962, 0.0366], [-1.33128, 1.56146, 1.336, -0.52572, -1.84129, -1.29008, -0.18598], [-1.70929, 1.54551, 1.38133, -0.59927, -2.05345, -1.22054, -0.40856], [-2.08731, 1.52956, 1.42667, -0.67282, -2.26561, -1.151, -0.63113], [-2.18896, 1.52527, 1.43886, -0.6926, -2.32267, -1.1323, -0.69099], [-2.12814, 1.44059, 1.40236, -0.2611, -2.40111, -0.93747, -0.60441], [-2.06732, 1.35592, 1.36586, 0.17041, -2.47956, -0.74265, -0.51784], [-2.00651, 1.27124, 1.32937, 0.60191, -2.55801, -0.54782, -0.43126], [-1.94569, 1.18657, 1.29287, 1.03341, -2.63646, -0.353, -0.34469], [-1.88488, 1.1019, 1.25638, 1.46491, -2.71491, -0.15817, -0.25812], [-1.82406, 1.01722, 1.21988, 1.89641, -2.79336, 0.03665, -0.17154], [-1.8148, 1.00433, 1.21432, 1.96212, -2.80531, 0.06632, -0.15836], [-1.86265, 0.57757, 1.36877, 1.92815, -2.9146, -0.09143, -0.21962], [-1.91051, 0.15082, 1.52322, 1.89418, -3.0239, -0.24919, -0.28088], [-1.95836, -0.27593, 1.67767, 1.86021, -3.13319, -0.40694, -0.34215], [-2.00621, -0.70268, 1.83211, 1.82625, -3.24248, -0.5647, -0.40341], [-2.03287, -0.94042, 1.91815, 1.80732, -3.30336, -0.65258, -0.43754], [-2.14819, -1.11396, 1.75762, 1.51323, -3.52999, -0.84866, -0.37031], [-2.2635, -1.2875, 1.59708, 1.21914, -3.75661, -1.04473, -0.30308], [-2.37882, -1.46104, 1.43654, 0.92505, -3.98324, -1.24081, -0.23585], [-2.49413, -1.63458, 1.27601, 0.63096, -4.20986, -1.43688, -0.16862]]
end: [-2.5487299999999999, -1.7167399999999999, 1.2, 0.49171999999999999, -4.3171600000000003, -1.52972, -0.13678999999999999]
obtacles: [[[0.6, -0.4, -0.2], [1.0, 0.6, -0.3]], [[0.8, -0.0, -0.2], [1.2, 0.1, 0.4]], [[0.8, 0.5, -0.2], [1.2, 0.6, 0.4]], [[0.8, 0.0, 0.4], [1.2, 0.6, 0.5]]]
start: [-0.64537, 1.6415299999999999, 1.95, 1.21099, -1.7794099999999999, -1.2443, -0.51756000000000002]
tajectories: [[-0.64537, 1.64153, 1.95, 1.21099, -1.77941, -1.2443, -0.51756], [-1.08271, 1.63998, 1.84685, 1.25093, -1.76076, -1.0387, -0.45526], [-1.52004, 1.63842, 1.7437, 1.29086, -1.74211, -0.8331, -0.39296], [-1.95738, 1.63687, 1.64055, 1.33079, -1.72347, -0.62749, -0.33067], [-2.39472, 1.63532, 1.5374, 1.37073, -1.70482, -0.42189, -0.26837], [-2.46404, 1.63507, 1.52105, 1.37706, -1.70186, -0.3893, -0.2585], [-2.05601, 1.62727, 1.64313, 1.48888, -1.70183, -0.32133, -0.03173], [-1.64798, 1.61946, 1.76521, 1.60071, -1.70179, -0.25335, 0.19504], [-1.23995, 1.61165, 1.88729, 1.71253, -1.70176, -0.18537, 0.4218], [-0.83192, 1.60385, 2.00937, 1.82436, -1.70172, -0.11739, 0.64857], [-0.4239, 1.59604, 2.13145, 1.93618, -1.70169, -0.04942, 0.87533], [-0.07402, 1.58935, 2.23613, 2.03207, -1.70166, 0.00887, 1.06978], [-0.04065, 1.65508, 2.31617, 1.78902, -1.88598, -0.23215, 0.77479], [-0.00729, 1.72081, 2.3962, 1.54596, -2.07031, -0.47317, 0.4798], [0.02607, 1.78654, 2.47624, 1.30291, -2.25463, -0.71419, 0.18481], [0.05943, 1.85228, 2.55627, 1.05986, -2.43896, -0.95521, -0.11018], [0.09279, 1.91801, 2.63631, 0.8168, -2.62328, -1.19623, -0.40517]]
end: [0.098500000000000004, 1.92926, 2.6499999999999999, 0.77520999999999995, -2.65482, -1.2374700000000001, -0.45563999999999999]
obtacles: [[[0.6, -0.4, -0.2], [1.0, 0.6, -0.3]], [[0.8, -0.0, -0.2], [1.2, 0.1, 0.4]], [[0.8, 0.5, -0.2], [1.2, 0.6, 0.4]], [[0.8, 0.0, 0.4], [1.2, 0.6, 0.5]]]
start: [-0.46890999999999999, 1.8125, 2.6499999999999999, 0.87960000000000005, -2.581, -1.0391900000000001, 0.033349999999999998]
tajectories: [[-0.46891, 1.8125, 2.65, 0.8796, -2.581, -1.03919, 0.03335], [-0.68119, 1.61876, 2.64413, 0.80723, -2.69119, -0.91727, -0.33425], [-0.89346, 1.42502, 2.63827, 0.73486, -2.80138, -0.79536, -0.70184], [-1.10574, 1.23128, 2.6324, 0.66249, -2.91157, -0.67344, -1.06944], [-1.31802, 1.03754, 2.62654, 0.59012, -3.02176, -0.55153, -1.43704], [-1.53029, 0.84381, 2.62067, 0.51776, -3.13195, -0.42961, -1.80464], [-1.74257, 0.65007, 2.6148, 0.44539, -3.24213, -0.3077, -2.17224], [-1.95484, 0.45633, 2.60894, 0.37302, -3.35232, -0.18578, -2.53983], [-2.05707, 0.36303, 2.60611, 0.33817, -3.40539, -0.12707, -2.71686], [-1.86071, 0.55829, 2.50079, 0.68337, -3.49366, 0.01804, -2.59764], [-1.66436, 0.75354, 2.39546, 1.02857, -3.58193, 0.16315, -2.47842], [-1.468, 0.9488, 2.29013, 1.37378, -3.6702, 0.30825, -2.3592], [-1.27165, 1.14406, 2.18481, 1.71898, -3.75847, 0.45336, -2.23998], [-1.07529, 1.33931, 2.07948, 2.06418, -3.84674, 0.59847, -2.12076], [-0.87893, 1.53457, 1.97416, 2.40938, -3.93502, 0.74357, -2.00154], [-0.68258, 1.72982, 1.86883, 2.75459, -4.02329, 0.88868, -1.88233], [-0.53708, 1.8745, 1.79078, 3.01038, -4.0887, 0.9962, -1.79399], [-0.43981, 1.88351, 1.91238, 2.73509, -3.87631, 0.71463, -1.6343], [-0.34254, 1.89252, 2.03398, 2.4598, -3.66393, 0.43307, -1.47461], [-0.24527, 1.90152, 2.15557, 2.18451, -3.45155, 0.1515, -1.31492], [-0.148, 1.91053, 2.27717, 1.90922, -3.23916, -0.13007, -1.15524], [-0.05073, 1.91953, 2.39877, 1.63393, -3.02678, -0.41164, -0.99555], [0.04654, 1.92854, 2.52036, 1.35864, -2.8144, -0.69321, -0.83586], [0.14381, 1.93755, 2.64196, 1.08335, -2.60201, -0.97478, -0.67618]]
end: [0.15024000000000001, 1.93814, 2.6499999999999999, 1.06515, -2.5879699999999999, -0.99339999999999995, -0.66561999999999999]
obtacles: [[[0.6, -0.4, -0.2], [1.0, 0.6, -0.3]], [[0.8, -0.0, -0.2], [1.2, 0.1, 0.4]], [[0.8, 0.5, -0.2], [1.2, 0.6, 0.4]], [[0.8, 0.0, 0.4], [1.2, 0.6, 0.5]]]
start: [-0.48998999999999998, 1.8519699999999999, 2.6499999999999999, 1.0238100000000001, -2.5517300000000001, -0.95321999999999996, -0.027279999999999999]
tajectories: [[-0.48999, 1.85197, 2.65, 1.02381, -2.55173, -0.95322, -0.02728], [-0.48273, 1.46309, 2.62762, 1.14952, -2.70708, -0.72609, 0.05455], [-0.47547, 1.07421, 2.60524, 1.27523, -2.86243, -0.49896, 0.13638], [-0.46822, 0.68533, 2.58286, 1.40094, -3.01778, -0.27183, 0.21821], [-0.46497, 0.51124, 2.57284, 1.45721, -3.08732, -0.17015, 0.25484], [-0.33364, 0.79827, 2.58225, 1.67401, -2.8241, -0.16305, 0.43907], [-0.20231, 1.0853, 2.59167, 1.89081, -2.56087, -0.15595, 0.62329], [-0.07098, 1.37233, 2.60108, 2.10761, -2.29764, -0.14884, 0.80752], [0.06034, 1.65935, 2.61049, 2.32441, -2.03442, -0.14174, 0.99174], [0.06855, 1.67728, 2.61107, 2.33795, -2.01798, -0.1413, 1.00325], [0.05367, 1.67214, 2.49653, 2.39754, -1.64075, 0.1356, 0.88446], [0.03879, 1.667, 2.38199, 2.45712, -1.26353, 0.4125, 0.76568], [0.03274, 1.66491, 2.33546, 2.48132, -1.1103, 0.52497, 0.71743], [0.06969, 1.70023, 2.38059, 2.19609, -1.33525, 0.23859, 0.5403], [0.10663, 1.73556, 2.42573, 1.91087, -1.56021, -0.0478, 0.36318], [0.14358, 1.77089, 2.47087, 1.62564, -1.78516, -0.33418, 0.18605], [0.18052, 1.80621, 2.516, 1.34041, -2.01012, -0.62057, 0.00893], [0.21747, 1.84154, 2.56114, 1.05518, -2.23507, -0.90696, -0.1682], [0.25441, 1.87687, 2.60627, 0.76995, -2.46003, -1.19334, -0.34532]]
end: [0.29021000000000002, 1.91109, 2.6499999999999999, 0.49362, -2.6779600000000001, -1.47079, -0.51692000000000005]
obtacles: [[[0.6, -0.4, -0.2], [1.0, 0.6, -0.3]], [[0.8, -0.0, -0.2], [1.2, 0.1, 0.4]], [[0.8, 0.5, -0.2], [1.2, 0.6, 0.4]], [[0.8, 0.0, 0.4], [1.2, 0.6, 0.5]]]
start: [-0.54010999999999998, 1.9689000000000001, 2.3500000000000001, 0.99934000000000001, -2.3716499999999998, -1.22902, -0.14810999999999999]
tajectories: [[-0.54011, 1.9689, 2.35, 0.99934, -2.37165, -1.22902, -0.14811], [-0.70167, 1.85209, 2.29697, 0.70116, -2.4699, -1.24839, 0.18129], [-0.86322, 1.73528, 2.24393, 0.40299, -2.56816, -1.26775, 0.5107], [-1.02478, 1.61847, 2.1909, 0.10482, -2.66641, -1.28712, 0.8401], [-1.18634, 1.50166, 2.13786, -0.19335, -2.76467, -1.30648, 1.1695], [-1.20672, 1.48692, 2.13117, -0.23096, -2.77706, -1.30893, 1.21106], [-1.22874, 1.16016, 2.04003, 0.02476, -2.96132, -1.1673, 1.33366], [-1.25077, 0.83341, 1.94888, 0.28048, -3.14558, -1.02566, 1.45627], [-1.2728, 0.50665, 1.85774, 0.5362, -3.32984, -0.88403, 1.57887], [-1.29483, 0.17989, 1.76659, 0.79192, -3.5141, -0.7424, 1.70148], [-1.31686, -0.14687, 1.67544, 1.04764, -3.69836, -0.60077, 1.82409], [-1.33889, -0.47363, 1.5843, 1.30337, -3.88262, -0.45914, 1.94669], [-1.36091, -0.80038, 1.49315, 1.55909, -4.06688, -0.31751, 2.0693], [-1.37981, -1.08066, 1.41497, 1.77843, -4.22493, -0.19602, 2.17447], [-1.5908, -1.23066, 1.40325, 1.64279, -4.23996, -0.44345, 1.85353], [-1.8018, -1.38065, 1.39153, 1.50715, -4.255, -0.69087, 1.53259], [-2.01279, -1.53064, 1.37981, 1.37151, -4.27004, -0.9383, 1.21165], [-2.22378, -1.68063, 1.36809, 1.23587, -4.28508, -1.18573, 0.89071], [-2.43477, -1.83063, 1.35637, 1.10023, -4.30011, -1.43316, 0.56977]]
end: [-2.5493600000000001, -1.91208, 1.3500000000000001, 1.02657, -4.3082799999999999, -1.5675300000000001, 0.39546999999999999]
obtacles: [[[0.6, -0.4, -0.2], [1.0, 0.6, -0.3]], [[0.8, -0.0, -0.2], [1.2, 0.1, 0.4]], [[0.8, 0.5, -0.2], [1.2, 0.6, 0.4]], [[0.8, 0.0, 0.4], [1.2, 0.6, 0.5]]]
start: [-0.49221999999999999, 1.7949299999999999, 1.6499999999999999, 1.2380500000000001, -1.80829, -1.5704899999999999, -0.73687000000000002]
tajectories: [[-0.49222, 1.79493, 1.65, 1.23805, -1.80829, -1.57049, -0.73687], [-0.71394, 1.74595, 1.50338, 1.35074, -2.13995, -1.36113, -0.83892], [-0.93567, 1.69696, 1.35677, 1.46344, -2.47161, -1.15177, -0.94097], [-1.15739, 1.64797, 1.21015, 1.57614, -2.80327, -0.94241, -1.04302], [-1.37911, 1.59899, 1.06353, 1.68884, -3.13492, -0.73305, -1.14507], [-1.47121, 1.57864, 1.00263, 1.73565, -3.27268, -0.64608, -1.18746], [-1.22407, 1.52561, 1.17995, 1.90223, -3.35482, -0.79627, -1.4999], [-0.97693, 1.47258, 1.35726, 2.06881, -3.43695, -0.94645, -1.81234], [-0.72979, 1.41955, 1.53458, 2.23539, -3.51908, -1.09664, -2.12478], [-0.57879, 1.38715, 1.64291, 2.33717, -3.56926, -1.1884, -2.31568], [-0.44192, 1.48155, 1.71404, 2.04957, -3.32296, -1.25409, -2.05185], [-0.30505, 1.57594, 1.78517, 1.76197, -3.07667, -1.31977, -1.78803], [-0.16818, 1.67034, 1.8563, 1.47436, -2.83038, -1.38546, -1.5242], [-0.03131, 1.76473, 1.92743, 1.18676, -2.58408, -1.45115, -1.26037], [0.10556, 1.85912, 1.99856, 0.89915, -2.33779, -1.51684, -0.99654]]
end: [0.20452999999999999, 1.9273899999999999, 2.0499999999999998, 0.69116999999999995, -2.1596899999999999, -1.5643400000000001, -0.80576000000000003]
obtacles: [[[0.6, -0.4, -0.2], [1.0, 0.6, -0.3]], [[0.8, -0.0, -0.2], [1.2, 0.1, 0.4]], [[0.8, 0.5, -0.2], [1.2, 0.6, 0.4]], [[0.8, 0.0, 0.4], [1.2, 0.6, 0.5]]]
start: [-0.22420000000000001, 1.57674, 2.0499999999999998, 0.53552999999999995, -1.9938800000000001, -1.3385499999999999, -0.25978000000000001]
tajectories: [[-0.2242, 1.57674, 2.05, 0.53553, -1.99388, -1.33855, -0.25978], [-0.47478, 1.603, 1.87698, 0.71641, -2.01872, -0.99031, -0.30425], [-0.72536, 1.62925, 1.70396, 0.89729, -2.04356, -0.64207, -0.34872], [-0.97594, 1.6555, 1.53095, 1.07817, -2.0684, -0.29382, -0.39319], [-1.22652, 1.68176, 1.35793, 1.25905, -2.09324, 0.05442, -0.43766], [-1.37105, 1.6969, 1.25814, 1.36338, -2.10756, 0.25527, -0.46331], [-1.28258, 1.3763, 1.28094, 1.60198, -1.90907, 0.45903, -0.43145], [-1.1941, 1.0557, 1.30375, 1.84058, -1.71057, 0.66279, -0.39959], [-1.10563, 0.73509, 1.32655, 2.07918, -1.51207, 0.86656, -0.36772], [-1.09202, 0.68576, 1.33006, 2.1159, -1.48153, 0.89791, -0.36282], [-0.83812, 0.91704, 1.64071, 2.19442, -1.50166, 0.90231, -0.53296], [-0.58421, 1.14832, 1.95136, 2.27295, -1.52179, 0.90671, -0.7031], [-0.40647, 1.31023, 2.16883, 2.32792, -1.53588, 0.90979, -0.82221], [-0.3412, 1.41027, 2.14593, 2.10234, -1.6291, 0.49149, -0.8478], [-0.27593, 1.51031, 2.12302, 1.87675, -1.72231, 0.07319, -0.87338], [-0.21066, 1.61035, 2.10011, 1.65116, -1.81553, -0.34511, -0.89896], [-0.14539, 1.71039, 2.0772, 1.42558, -1.90875, -0.76341, -0.92455], [-0.08012, 1.81043, 2.05429, 1.19999, -2.00196, -1.18171, -0.95013]]
end: [-0.067890000000000006, 1.82918, 2.0499999999999998, 1.1577, -2.0194399999999999, -1.26013, -0.95492999999999995]
obtacles: [[[0.6, -0.4, -0.2], [1.0, 0.6, -0.3]], [[0.8, -0.0, -0.2], [1.2, 0.1, 0.4]], [[0.8, 0.5, -0.2], [1.2, 0.6, 0.4]], [[0.8, 0.0, 0.4], [1.2, 0.6, 0.5]]]
start: [-0.45949000000000001, 1.80217, 1.8, 0.88787000000000005, -1.89395, -1.54396, -0.39726]
tajectories: [[-0.45949, 1.80217, 1.8, 0.88787, -1.89395, -1.54396, -0.39726], [-0.43391, 1.50309, 2.0677, 1.07477, -1.75023, -1.40994, -0.51843], [-0.40832, 1.204, 2.33541, 1.26166, -1.60651, -1.27593, -0.63961], [-0.38274, 0.90491, 2.60311, 1.44856, -1.46279, -1.14192, -0.76078], [-0.37844, 0.85468, 2.64808, 1.47995, -1.43865, -1.11941, -0.78113], [-0.18932, 0.61956, 2.44375, 1.44604, -1.74256, -1.05367, -0.92031], [-0.0002, 0.38444, 2.23943, 1.41213, -2.04648, -0.98793, -1.05948], [0.05622, 0.3143, 2.17847, 1.40201, -2.13714, -0.96832, -1.101], [0.35612, 0.61243, 2.12854, 1.48798, -2.17975, -0.83039, -1.30212], [0.65603, 0.91055, 2.07861, 1.57396, -2.22236, -0.69245, -1.50325], [0.9008, 1.15386, 2.03785, 1.64413, -2.25714, -0.57988, -1.6674], [0.59501, 1.36449, 2.02665, 1.51536, -2.18513, -0.79234, -1.45506], [0.28921, 1.57512, 2.01545, 1.38659, -2.11312, -1.00481, -1.24271], [-0.01658, 1.78575, 2.00425, 1.25782, -2.04111, -1.21727, -1.03036]]
end: [-0.13264999999999999, 1.8656900000000001, 2.0, 1.20895, -2.0137800000000001, -1.2979099999999999, -0.94977]
obtacles: [[[0.6, -0.4, -0.2], [1.0, 0.6, -0.3]], [[0.8, -0.0, -0.2], [1.2, 0.1, 0.4]], [[0.8, 0.5, -0.2], [1.2, 0.6, 0.4]], [[0.8, 0.0, 0.4], [1.2, 0.6, 0.5]]]
start: [-0.34591, 1.8077399999999999, 2.0, 0.80744000000000005, -2.0410499999999998, -1.4404399999999999, -0.37837999999999999]
tajectories: [[-0.34591, 1.80774, 2.0, 0.80744, -2.04105, -1.44044, -0.37838], [-0.55198, 1.81786, 2.07949, 0.84748, -1.98247, -1.361, 0.05724], [-0.75806, 1.82798, 2.15899, 0.88752, -1.9239, -1.28157, 0.49287], [-0.96413, 1.8381, 2.23848, 0.92755, -1.86532, -1.20213, 0.92849], [-1.1702, 1.84822, 2.31797, 0.96759, -1.80675, -1.12269, 1.36412], [-1.37627, 1.85834, 2.39747, 1.00763, -1.74817, -1.04326, 1.79974], [-1.58234, 1.86846, 2.47696, 1.04766, -1.68959, -0.96382, 2.23537], [-1.64267, 1.87142, 2.50023, 1.05939, -1.67245, -0.94057, 2.3629], [-1.46568, 1.87888, 2.38549, 1.30188, -1.99171, -0.81584, 2.19212], [-1.28869, 1.88633, 2.27076, 1.54438, -2.31097, -0.6911, 2.02134], [-1.1117, 1.89378, 2.15602, 1.78688, -2.63023, -0.56637, 1.85056], [-0.93472, 1.90124, 2.04129, 2.02937, -2.94949, -0.44164, 1.67978], [-0.75773, 1.90869, 1.92655, 2.27187, -3.26875, -0.31691, 1.509], [-0.61857, 1.91455, 1.83634, 2.46253, -3.51977, -0.21884, 1.37472], [-0.50033, 1.88713, 1.85939, 2.21956, -3.30484, -0.38564, 1.05585], [-0.38208, 1.85971, 1.88243, 1.97658, -3.08991, -0.55245, 0.73697], [-0.26384, 1.83229, 1.90548, 1.7336, -2.87498, -0.71925, 0.4181], [-0.14559, 1.80487, 1.92853, 1.49063, -2.66006, -0.88605, 0.09923], [-0.02735, 1.77745, 1.95157, 1.24765, -2.44513, -1.05286, -0.21965], [0.09089, 1.75003, 1.97462, 1.00467, -2.2302, -1.21966, -0.53852], [0.20914, 1.72261, 1.99767, 0.7617, -2.01527, -1.38647, -0.85739]]
end: [0.22109999999999999, 1.71984, 2.0, 0.73711000000000004, -1.99353, -1.4033500000000001, -0.88966000000000001]
obtacles: [[[0.6, -0.4, -0.2], [1.0, 0.6, -0.3]], [[0.8, -0.0, -0.2], [1.2, 0.1, 0.4]], [[0.8, 0.5, -0.2], [1.2, 0.6, 0.4]], [[0.8, 0.0, 0.4], [1.2, 0.6, 0.5]]]
start: [-0.46828999999999998, 1.68011, 2.0, 0.66193000000000002, -1.9812700000000001, -1.4017900000000001, -0.13453000000000001]
tajectories: [[-0.46829, 1.68011, 2.0, 0.66193, -1.98127, -1.40179, -0.13453], [-0.57826, 1.57488, 1.84428, 0.81065, -2.38502, -1.38584, -0.26565], [-0.68824, 1.46965, 1.68857, 0.95936, -2.78878, -1.36989, -0.39677], [-0.79821, 1.36442, 1.53285, 1.10808, -3.19254, -1.35394, -0.5279], [-0.90818, 1.25919, 1.37714, 1.2568, -3.5963, -1.33799, -0.65902], [-1.01815, 1.15395, 1.22142, 1.40552, -4.00005, -1.32204, -0.79015], [-1.07352, 1.10097, 1.14302, 1.48039, -4.20333, -1.31401, -0.85616], [-0.80746, 0.99148, 1.22336, 1.62763, -4.09575, -1.28466, -1.21205], [-0.5414, 0.88198, 1.3037, 1.77486, -3.98818, -1.25532, -1.56794], [-0.27535, 0.77249, 1.38404, 1.92209, -3.8806, -1.22597, -1.92383], [-0.00929, 0.66299, 1.46439, 2.06932, -3.77302, -1.19662, -2.27973], [0.25656, 0.55359, 1.54466, 2.21644, -3.66553, -1.1673, -2.63533], [0.2073, 0.7772, 1.63438, 2.01668, -3.42531, -1.20136, -2.33408], [0.15805, 1.00082, 1.72409, 1.81693, -3.1851, -1.23542, -2.03282], [0.10879, 1.22444, 1.81381, 1.61718, -2.94488, -1.26949, -1.73157], [0.05954, 1.44806, 1.90352, 1.41742, -2.70467, -1.30355, -1.43031], [0.01028, 1.67168, 1.99324, 1.21767, -2.46445, -1.33762, -1.12906], [-0.03897, 1.8953, 2.08295, 1.01791, -2.22424, -1.37168, -0.8278]]
end: [-0.048329999999999998, 1.9378, 2.1000000000000001, 0.97994999999999999, -2.1785899999999998, -1.37815, -0.77054]
obtacles: [[[0.6, -0.4, -0.2], [1.0, 0.6, -0.3]], [[0.8, -0.0, -0.2], [1.2, 0.1, 0.4]], [[0.8, 0.5, -0.2], [1.2, 0.6, 0.4]], [[0.8, 0.0, 0.4], [1.2, 0.6, 0.5]]]
start: [-0.49002000000000001, 1.91272, 2.1000000000000001, 1.19601, -2.1095799999999998, -1.2452099999999999, -0.52186999999999995]
tajectories: [[-0.49002, 1.91272, 2.1, 1.19601, -2.10958, -1.24521, -0.52187], [-0.65184, 1.8658, 2.09517, 1.37739, -2.17342, -0.85086, -0.69247], [-0.81366, 1.81889, 2.09034, 1.55877, -2.23726, -0.45651, -0.86307], [-0.97548, 1.77197, 2.08551, 1.74016, -2.30109, -0.06216, -1.03367], [-1.1373, 1.72506, 2.08068, 1.92154, -2.36493, 0.33219, -1.20427], [-1.18327, 1.71173, 2.07931, 1.97306, -2.38306, 0.44421, -1.25273], [-0.97646, 1.7031, 2.09646, 2.1251, -2.06843, 0.37387, -1.53522], [-0.76965, 1.69447, 2.11362, 2.27714, -1.75379, 0.30354, -1.81772], [-0.56284, 1.68584, 2.13077, 2.42918, -1.43916, 0.23321, -2.10021], [-0.35603, 1.67721, 2.14792, 2.58122, -1.12453, 0.16288, -2.38271], [-0.29945, 1.67485, 2.15262, 2.62282, -1.03844, 0.14364, -2.46001], [-0.23845, 1.70656, 2.14339, 2.34642, -1.22478, -0.10744, -2.19349], [-0.17746, 1.73826, 2.13417, 2.07002, -1.41113, -0.35853, -1.92698], [-0.11647, 1.76997, 2.12494, 1.79363, -1.59747, -0.60961, -1.66047], [-0.05547, 1.80168, 2.11572, 1.51723, -1.78382, -0.86069, -1.39395], [0.00552, 1.83339, 2.10649, 1.24084, -1.97016, -1.11177, -1.12744]]
end: [0.048419999999999998, 1.8556900000000001, 2.1000000000000001, 1.0464199999999999, -2.1012300000000002, -1.2883800000000001, -0.93998000000000004]
obtacles: [[[0.6, -0.4, -0.2], [1.0, 0.6, -0.3]], [[0.8, -0.0, -0.2], [1.2, 0.1, 0.4]], [[0.8, 0.5, -0.2], [1.2, 0.6, 0.4]], [[0.8, 0.0, 0.4], [1.2, 0.6, 0.5]]]
start: [-0.61029999999999995, 1.92499, 2.1000000000000001, 1.0911299999999999, -2.1471300000000002, -1.30776, -0.30553999999999998]
tajectories: [[-0.6103, 1.92499, 2.1, 1.09113, -2.14713, -1.30776, -0.30554], [-0.8575, 1.90742, 2.06541, 1.40558, -2.25651, -1.33991, -0.03074], [-1.10469, 1.88986, 2.03082, 1.72004, -2.36589, -1.37206, 0.24406], [-1.35188, 1.8723, 1.99622, 2.03449, -2.47527, -1.40422, 0.51886], [-1.59907, 1.85473, 1.96163, 2.34894, -2.58465, -1.43637, 0.79365], [-1.76609, 1.84287, 1.93826, 2.5614, -2.65855, -1.45809, 0.97932], [-1.57064, 1.82872, 1.77945, 2.68216, -2.30095, -1.30771, 1.12528], [-1.3752, 1.81458, 1.62065, 2.80292, -1.94335, -1.15732, 1.27124], [-1.17975, 1.80044, 1.46184, 2.92369, -1.58575, -1.00693, 1.4172], [-0.98431, 1.78629, 1.30304, 3.04445, -1.22815, -0.85655, 1.56316], [-0.90435, 1.78051, 1.23807, 3.09386, -1.08184, -0.79502, 1.62288], [-0.75821, 1.77433, 1.34624, 2.75846, -1.21199, -0.8851, 1.34117], [-0.61206, 1.76816, 1.45442, 2.42307, -1.34214, -0.97517, 1.05947], [-0.46592, 1.76199, 1.5626, 2.08767, -1.47229, -1.06524, 0.77776], [-0.31978, 1.75581, 1.67078, 1.75227, -1.60244, -1.15532, 0.49605], [-0.17363, 1.74964, 1.77896, 1.41688, -1.73259, -1.24539, 0.21434], [-0.02749, 1.74347, 1.88714, 1.08148, -1.86273, -1.33547, -0.06736], [0.11865, 1.7373, 1.99531, 0.74609, -1.99288, -1.42554, -0.34907]]
end: [0.26007999999999998, 1.73132, 2.1000000000000001, 0.42152000000000001, -2.11883, -1.51271, -0.62168000000000001]
obtacles: [[[0.6, -0.4, -0.2], [1.0, 0.6, -0.3]], [[0.8, -0.0, -0.2], [1.2, 0.1, 0.4]], [[0.8, 0.5, -0.2], [1.2, 0.6, 0.4]], [[0.8, 0.0, 0.4], [1.2, 0.6, 0.5]]]
start: [-0.44667000000000001, 1.89581, 2.1000000000000001, 1.0305800000000001, -2.1369600000000002, -1.32219, -0.42244999999999999]
tajectories: [[-0.44667, 1.89581, 2.1, 1.03058, -2.13696, -1.32219, -0.42245], [-0.56336, 1.59099, 2.18729, 1.27021, -2.09717, -1.09329, -0.57881], [-0.68005, 1.28618, 2.27457, 1.50985, -2.05738, -0.86439, -0.73517], [-0.79673, 0.98136, 2.36186, 1.74948, -2.01759, -0.63549, -0.89154], [-0.91342, 0.67654, 2.44914, 1.98911, -1.97781, -0.40659, -1.0479], [-1.0301, 0.37173, 2.53643, 2.22875, -1.93802, -0.17769, -1.20426], [-1.14679, 0.06691, 2.62371, 2.46838, -1.89823, 0.05121, -1.36062], [-1.20867, -0.09474, 2.67, 2.59546, -1.87712, 0.1726, -1.44354], [-1.08197, 0.03229, 2.41519, 2.4265, -2.21223, 0.21543, -1.54452], [-0.95526, 0.15933, 2.16037, 2.25753, -2.54734, 0.25825, -1.64551], [-0.82856, 0.28637, 1.90555, 2.08857, -2.88245, 0.30108, -1.74649], [-0.70186, 0.4134, 1.65074, 1.9196, -3.21755, 0.34391, -1.84747], [-0.60474, 0.51078, 1.45542, 1.79009, -3.47441, 0.37673, -1.92488], [-0.73, 0.63314, 1.19674, 2.03863, -3.52026, 0.24764, -2.19299], [-0.85525, 0.7555, 0.93806, 2.28717, -3.5661, 0.11854, -2.4611], [-0.9805, 0.87786, 0.67938, 2.53571, -3.61194, -0.01056, -2.72921], [-1.10196, 0.99652, 0.42854, 2.77672, -3.65639, -0.13575, -2.9892], [-0.95966, 1.11539, 0.63251, 2.55317, -3.47958, -0.29265, -2.72814], [-0.81736, 1.23427, 0.83649, 2.32961, -3.30277, -0.44956, -2.46708], [-0.67506, 1.35314, 1.04046, 2.10605, -3.12595, -0.60646, -2.20602], [-0.53275, 1.47202, 1.24443, 1.88249, -2.94914, -0.76336, -1.94495], [-0.39045, 1.5909, 1.4484, 1.65893, -2.77233, -0.92027, -1.68389], [-0.24815, 1.70977, 1.65238, 1.43537, -2.59552, -1.07717, -1.42283], [-0.10585, 1.82865, 1.85635, 1.21181, -2.4187, -1.23408, -1.16176], [0.03645, 1.94753, 2.06032, 0.98825, -2.24189, -1.39098, -0.9007]]
end: [0.064140000000000003, 1.97065, 2.1000000000000001, 0.94477, -2.2075, -1.4215, -0.84992000000000001]
obtacles: [[[0.6, -0.4, -0.2], [1.0, 0.6, -0.3]], [[0.8, -0.0, -0.2], [1.2, 0.1, 0.4]], [[0.8, 0.5, -0.2], [1.2, 0.6, 0.4]], [[0.8, 0.0, 0.4], [1.2, 0.6, 0.5]]]
start: [-0.38262000000000002, 1.7677499999999999, 2.1000000000000001, 0.98895, -2.0460099999999999, -1.25973, -0.47688999999999998]
tajectories: [[-0.38262, 1.76775, 2.1, 0.98895, -2.04601, -1.25973, -0.47689], [-0.44768, 1.40403, 2.07496, 1.09869, -1.96505, -1.28412, -0.78293], [-0.51274, 1.04032, 2.04991, 1.20843, -1.88409, -1.30851, -1.08896], [-0.5778, 0.6766, 2.02487, 1.31817, -1.80313, -1.3329, -1.395], [-0.64286, 0.31288, 1.99983, 1.42791, -1.72217, -1.3573, -1.70103], [-0.70792, -0.05083, 1.97478, 1.53765, -1.64121, -1.38169, -2.00707], [-0.75457, -0.31166, 1.95682, 1.61635, -1.58315, -1.39918, -2.22653], [-0.57418, -0.06377, 1.71043, 1.63768, -1.8862, -1.36377, -2.26841], [-0.39379, 0.18412, 1.46404, 1.65902, -2.18925, -1.32836, -2.31029], [-0.2134, 0.43201, 1.21765, 1.68035, -2.4923, -1.29294, -2.35217], [-0.033, 0.6799, 0.97127, 1.70169, -2.79535, -1.25753, -2.39405], [0.11579, 0.88436, 0.76804, 1.71929, -3.04531, -1.22832, -2.42859], [0.0895, 1.0781, 1.05909, 1.60488, -2.91192, -1.21149, -2.11891], [0.0632, 1.27183, 1.35013, 1.49047, -2.77852, -1.19466, -1.80924], [0.03691, 1.46557, 1.64118, 1.37606, -2.64513, -1.17783, -1.49956], [0.01062, 1.65931, 1.93223, 1.26165, -2.51173, -1.16099, -1.18989], [-0.01567, 1.85304, 2.22328, 1.14724, -2.37834, -1.14416, -0.88021]]
end: [-0.027119999999999998, 1.9373899999999999, 2.3500000000000001, 1.0974200000000001, -2.3202600000000002, -1.13683, -0.74538000000000004]
obtacles: [[[0.6, -0.4, -0.2], [1.0, 0.6, -0.3]], [[0.8, -0.0, -0.2], [1.2, 0.1, 0.4]], [[0.8, 0.5, -0.2], [1.2, 0.6, 0.4]], [[0.8, 0.0, 0.4], [1.2, 0.6, 0.5]]]
start: [-0.52242999999999995, 1.7964100000000001, 2.3500000000000001, 1.24353, -2.1279400000000002, -0.95618000000000003, -0.4471]
tajectories: [[-0.52243, 1.79641, 2.35, 1.24353, -2.12794, -0.95618, -0.4471], [-0.59985, 1.82579, 2.42136, 1.52828, -2.08072, -0.89975, -0.8364], [-0.67728, 1.85517, 2.49272, 1.81304, -2.0335, -0.84332, -1.2257], [-0.75471, 1.88456, 2.56408, 2.09779, -1.98629, -0.7869, -1.61499], [-0.7993, 1.90148, 2.60517, 2.26178, -1.95909, -0.7544, -1.83919], [-0.35331, 1.78205, 2.61899, 2.2839, -1.95876, -0.6831, -1.66292], [0.09268, 1.66262, 2.6328, 2.30602, -1.95842, -0.6118, -1.48666], [0.53866, 1.5432, 2.64662, 2.32814, -1.95808, -0.5405, -1.31039], [0.93207, 1.43785, 2.6588, 2.34765, -1.95778, -0.47761, -1.15491], [0.69634, 1.57274, 2.5298, 2.02359, -2.02382, -0.68926, -1.08124], [0.46062, 1.70763, 2.40079, 1.69953, -2.08986, -0.9009, -1.00758], [0.2249, 1.84252, 2.27179, 1.37546, -2.1559, -1.11254, -0.93391]]
end: [0.0023600000000000001, 1.96987, 2.1499999999999999, 1.0695300000000001, -2.2182400000000002, -1.3123499999999999, -0.86436999999999997]
obtacles: [[[0.6, -0.4, -0.2], [1.0, 0.6, -0.3]], [[0.8, -0.0, -0.2], [1.2, 0.1, 0.4]], [[0.8, 0.5, -0.2], [1.2, 0.6, 0.4]], [[0.8, 0.0, 0.4], [1.2, 0.6, 0.5]]]
start: [-0.21346999999999999, 1.6607099999999999, 2.1499999999999999, 0.46261999999999998, -2.1353900000000001, -1.40713, -0.17477000000000001]
tajectories: [[-0.21347, 1.66071, 2.15, 0.46262, -2.13539, -1.40713, -0.17477], [-0.34508, 1.30312, 1.99152, 0.45828, -1.97161, -1.22925, -0.32041], [-0.47668, 0.94552, 1.83305, 0.45395, -1.80783, -1.05138, -0.46605], [-0.60829, 0.58793, 1.67457, 0.44961, -1.64406, -0.8735, -0.61169], [-0.73989, 0.23034, 1.51609, 0.44528, -1.48028, -0.69563, -0.75733], [-0.77675, 0.13018, 1.47171, 0.44406, -1.43441, -0.64581, -0.79812], [-0.52437, -0.09552, 1.40103, 0.56929, -1.74443, -0.76263, -0.72798], [-0.27199, -0.32123, 1.33035, 0.69451, -2.05446, -0.87946, -0.65784], [-0.0196, -0.54693, 1.25967, 0.81974, -2.36449, -0.99628, -0.58771], [0.23278, -0.77264, 1.189, 0.94496, -2.67451, -1.11311, -0.51757], [0.48516, -0.99834, 1.11832, 1.07018, -2.98454, -1.22993, -0.44743], [0.73755, -1.22405, 1.04764, 1.19541, -3.29456, -1.34676, -0.37729], [0.74693, -1.23243, 1.04502, 1.20006, -3.30608, -1.3511, -0.37468], [0.93485, -0.91164, 1.21454, 1.24204, -3.4562, -1.33034, -0.61615], [1.12278, -0.59084, 1.38406, 1.28402, -3.60632, -1.30958, -0.85762], [1.3107, -0.27005, 1.55359, 1.32601, -3.75644, -1.28881, -1.09909], [1.49863, 0.05075, 1.72311, 1.36799, -3.90655, -1.26805, -1.34056], [1.68655, 0.37154, 1.89264, 1.40997, -4.05667, -1.24729, -1.58203], [1.87448, 0.69234, 2.06216, 1.45195, -4.20679, -1.22653, -1.8235], [2.02854, 0.95533, 2.20114, 1.48637, -4.32986, -1.20951, -2.02147], [1.72107, 1.08692, 2.19363, 1.43231, -4.00346, -1.20973, -1.85227], [1.41359, 1.2185, 2.18612, 1.37825, -3.67706, -1.20994, -1.68307], [1.10612, 1.35009, 2.17861, 1.32418, -3.35066, -1.21016, -1.51388], [0.79864, 1.48168, 2.17109, 1.27012, -3.02426, -1.21038, -1.34468], [0.49117, 1.61326, 2.16358, 1.21606, -2.69786, -1.2106, -1.17548], [0.18369, 1.74485, 2.15607, 1.162, -2.37145, -1.21081, -1.00629]]
end: [-0.064680000000000001, 1.85114, 2.1499999999999999, 1.11832, -2.1077900000000001, -1.21099, -0.86960999999999999]
obtacles: [[[0.6, -0.4, -0.2], [1.0, 0.6, -0.3]], [[0.8, -0.0, -0.2], [1.2, 0.1, 0.4]], [[0.8, 0.5, -0.2], [1.2, 0.6, 0.4]], [[0.8, 0.0, 0.4], [1.2, 0.6, 0.5]]]
start: [-0.51737, 1.83521, 2.1499999999999999, 1.1109800000000001, -2.0964999999999998, -1.20523, -0.41499999999999998]
tajectories: [[-0.51737, 1.83521, 2.15, 1.11098, -2.0965, -1.20523, -0.415], [-0.67443, 1.81709, 2.15221, 1.40774, -2.11487, -1.09602, -0.06191], [-0.83148, 1.79898, 2.15442, 1.70451, -2.13323, -0.9868, 0.29117], [-0.98853, 1.78087, 2.15664, 2.00127, -2.15159, -0.87759, 0.64425], [-1.14558, 1.76276, 2.15885, 2.29804, -2.16996, -0.76838, 0.99734], [-1.30263, 1.74465, 2.16106, 2.5948, -2.18832, -0.65916, 1.35042], [-1.33613, 1.74078, 2.16153, 2.65811, -2.19224, -0.63587, 1.42574], [-0.94642, 1.7547, 2.25471, 2.57898, -1.91738, -0.72093, 1.41153], [-0.5567, 1.76861, 2.34788, 2.49985, -1.64252, -0.80599, 1.39732], [-0.16698, 1.78252, 2.44106, 2.42072, -1.36766, -0.89105, 1.38311], [0.22273, 1.79644, 2.53424, 2.34159, -1.0928, -0.97612, 1.3689], [0.61245, 1.81035, 2.62741, 2.26246, -0.81795, -1.06118, 1.35469], [0.93399, 1.82183, 2.70429, 2.19718, -0.59117, -1.13136, 1.34296], [0.79468, 1.83603, 2.65602, 1.97115, -0.88205, -1.16169, 1.04057], [0.65536, 1.85023, 2.60776, 1.74513, -1.17294, -1.19202, 0.73818], [0.51605, 1.86443, 2.55949, 1.51911, -1.46382, -1.22235, 0.43579], [0.37674, 1.87863, 2.51122, 1.29308, -1.75471, -1.25268, 0.1334], [0.23742, 1.89283, 2.46296, 1.06706, -2.04559, -1.28301, -0.16899], [0.09811, 1.90703, 2.41469, 0.84104, -2.33648, -1.31334, -0.47138]]
end: [0.0557, 1.9113599999999999, 2.3999999999999999, 0.77222999999999997, -2.42502, -1.32257, -0.56342999999999999]
obtacles: [[[0.6, -0.4, -0.2], [1.0, 0.6, -0.3]], [[0.8, -0.0, -0.2], [1.2, 0.1, 0.4]], [[0.8, 0.5, -0.2], [1.2, 0.6, 0.4]], [[0.8, 0.0, 0.4], [1.2, 0.6, 0.5]]]
start: [-0.37114000000000003, 1.7209099999999999, 2.3999999999999999, 0.67745999999999995, -2.3516599999999999, -1.22336, -0.095960000000000004]
tajectories: [[-0.37114, 1.72091, 2.4, 0.67746, -2.35166, -1.22336, -0.09596], [-0.51035, 1.71841, 2.328, 0.92227, -2.53231, -1.26275, -0.45832], [-0.64956, 1.71592, 2.256, 1.16708, -2.71296, -1.30213, -0.82069], [-0.78878, 1.71342, 2.184, 1.4119, -2.89361, -1.34151, -1.18306], [-0.92799, 1.71092, 2.112, 1.65671, -3.07426, -1.38089, -1.54543], [-1.0672, 1.70843, 2.04, 1.90152, -3.25491, -1.42028, -1.90779], [-1.20642, 1.70593, 1.968, 2.14634, -3.43556, -1.45966, -2.27016], [-1.29889, 1.70427, 1.92017, 2.30895, -3.55556, -1.48582, -2.51086], [-1.14667, 1.59042, 1.63188, 2.41505, -3.74811, -1.35127, -2.25724], [-0.99445, 1.47657, 1.3436, 2.52115, -3.94066, -1.21673, -2.00361], [-0.84224, 1.36273, 1.05531, 2.62725, -4.13321, -1.08218, -1.74999], [-0.75858, 1.30016, 0.89687, 2.68556, -4.23903, -1.00823, -1.61061], [-0.63216, 1.40034, 1.11509, 2.40774, -3.96336, -1.05915, -1.46711], [-0.50573, 1.50053, 1.33331, 2.12993, -3.68769, -1.11006, -1.32362], [-0.37931, 1.60072, 1.55152, 1.85211, -3.41202, -1.16097, -1.18013], [-0.25288, 1.70091, 1.76974, 1.57429, -3.13634, -1.21188, -1.03664], [-0.12645, 1.8011, 1.98796, 1.29647, -2.86067, -1.26279, -0.89315], [-3e-05, 1.90128, 2.20618, 1.01865, -2.585, -1.3137, -0.74966]]
end: [0.083290000000000003, 1.9673099999999999, 2.3500000000000001, 0.83555000000000001, -2.4033099999999998, -1.3472500000000001, -0.65508999999999995]
