obtacles: [[[0.6, -0.4, -0.2], [1.0, 0.6, -0.3]], [[0.7, -0.1, -0.2], [0.9, -0.0, 0.3]], [[0.7, 0.3, -0.2], [0.9, 0.4, 0.3]], [[0.7, -0.1, 0.3], [0.9, 0.4, 0.4]]]
start: [2.1470899999999999, -1.9556, -1.3, 1.5277400000000001, -1.97847, -1.3371299999999999, -0.43164999999999998]
tajectories: [[2.14709, -1.9556, -1.3, 1.52774, -1.97847, -1.33713, -0.43165], [2.0729, -1.67835, -1.50796, 1.55787, -1.85258, -1.00937, -0.4457], [1.99871, -1.40109, -1.71592, 1.58799, -1.72668, -0.68161, -0.45975], [1.92453, -1.12384, -1.92388, 1.61812, -1.60079, -0.35385, -0.4738], [1.85034, -0.84658, -2.13184, 1.64825, -1.47489, -0.02609, -0.48785], [1.77616, -0.56933, -2.3398, 1.67838, -1.349, 0.30166, -0.5019], [1.70263, -0.29455, -2.5459, 1.70824, -1.22423, 0.6265, -0.51582], [1.75217, 0.04795, -2.37064, 1.96699, -1.34577, 0.61126, -0.38329], [1.8017, 0.39045, -2.19538, 2.22575, -1.46731, 0.59602, -0.25077], [1.85123, 0.73295, -2.02012, 2.4845, -1.58886, 0.58079, -0.11824], [1.90076, 1.07546, -1.84486, 2.74326, -1.7104, 0.56555, 0.01429], [1.9367, 1.32396, -1.7177, 2.931, -1.79859, 0.5545, 0.11045], [1.73051, 1.41852, -1.69014, 2.7397, -1.70752, 0.71438, -0.24639], [1.52433, 1.51307, -1.66257, 2.54841, -1.61645, 0.87425, -0.60324], [1.31814, 1.60763, -1.635, 2.35711, -1.52538, 1.03413, -0.96008], [1.11196, 1.70219, -1.60744, 2.16582, -1.43431, 1.19401, -1.31693], [0.90577, 1.79675, -1.57987, 1.97452, -1.34324, 1.35389, -1.67377], [0.69959, 1.89131, -1.5523, 1.78322, -1.25217, 1.51377, -2.03061]]
end: [0.68235000000000001, 1.8992100000000001, -1.55, 1.7672300000000001, -1.24455, 1.5271399999999999, -2.0604499999999999]
obtacles: [[[0.6, -0.4, -0.2], [1.0, 0.6, -0.3]], [[0.7, -0.1, -0.2], [0.9, -0.0, 0.3]], [[0.7, 0.3, -0.2], [0.9, 0.4, 0.3]], [[0.7, -0.1, 0.3], [0.9, 0.4, 0.4]]]
start: [0.11311, 1.95546, -1.55, 1.71095, -1.1869700000000001, 1.53745, -1.5461800000000001]
tajectories: [[0.11311, 1.95546, -1.55, 1.71095, -1.18697, 1.53745, -1.54618], [0.27942, 1.83958, -1.49041, 1.84579, -0.98805, 1.45399, -1.9212], [0.44574, 1.7237, -1.43083, 1.98063, -0.78913, 1.37052, -2.29622], [0.61205, 1.60781, -1.37124, 2.11548, -0.59021, 1.28705, -2.67124], [0.64011, 1.58826, -1.36119, 2.13822, -0.55665, 1.27297, -2.73451], [1.04091, 1.66891, -1.38111, 2.31553, -0.72103, 1.21654, -2.59024], [1.41524, 1.74423, -1.39971, 2.48112, -0.87456, 1.16384, -2.45549], [1.15203, 1.8297, -1.47793, 2.21784, -1.07054, 1.31706, -2.26551]]
end: [0.90949999999999998, 1.90845, -1.55, 1.97525, -1.25112, 1.4582299999999999, -2.0904600000000002]
obtacles: [[[0.6, -0.4, -0.2], [1.0, 0.6, -0.3]], [[0.7, -0.1, -0.2], [0.9, -0.0, 0.3]], [[0.7, 0.3, -0.2], [0.9, 0.4, 0.3]], [[0.7, -0.1, 0.3], [0.9, 0.4, 0.4]]]
start: [-1.0315700000000001, 1.94025, 1.6499999999999999, 1.9259999999999999, -1.8954899999999999, -1.3747799999999999, -0.84741999999999995]
tajectories: [[-1.03157, 1.94025, 1.65, 1.926, -1.89549, -1.37478, -0.84742], [-1.17857, 1.75091, 1.24537, 1.79314, -1.90603, -1.35379, -0.95044], [-1.32558, 1.56157, 0.84074, 1.66029, -1.91658, -1.3328, -1.05346], [-1.37252, 1.50111, 0.71154, 1.61787, -1.91994, -1.3261, -1.08636], [-1.13935, 1.27565, 0.71073, 1.95636, -1.94785, -1.16964, -1.01591], [-0.90619, 1.05019, 0.70992, 2.29486, -1.97576, -1.01317, -0.94546], [-0.67302, 0.82473, 0.70911, 2.63335, -2.00367, -0.85671, -0.87502], [-0.59475, 0.74905, 0.70884, 2.74697, -2.01303, -0.80419, -0.85137], [-0.58093, 1.02002, 0.96974, 2.54397, -1.92031, -0.97854, -1.01903], [-0.5671, 1.291, 1.23064, 2.34098, -1.82759, -1.1529, -1.18669], [-0.55328, 1.56197, 1.49153, 2.13798, -1.73487, -1.32725, -1.35435]]
end: [-0.54488000000000003, 1.7265600000000001, 1.6499999999999999, 2.0146799999999998, -1.6785600000000001, -1.4331499999999999, -1.45618]
obtacles: [[[0.6, -0.4, -0.2], [1.0, 0.6, -0.3]], [[0.7, -0.1, -0.2], [0.9, -0.0, 0.3]], [[0.7, 0.3, -0.2], [0.9, 0.4, 0.3]], [[0.7, -0.1, 0.3], [0.9, 0.4, 0.4]]]
start: [-1.16048, 1.7995699999999999, 1.6499999999999999, 1.59209, -1.79861, -1.4888300000000001, -0.41311999999999999]
tajectories: [[-1.16048, 1.79957, 1.65, 1.59209, -1.79861, -1.48883, -0.41312], [-1.25477, 1.43419, 1.80164, 1.83197, -1.80992, -1.4926, -0.57724], [-1.34906, 1.06882, 1.95327, 2.07185, -1.82124, -1.49637, -0.74137], [-1.44334, 0.70345, 2.10491, 2.31173, -1.83256, -1.50014, -0.90549], [-1.53763, 0.33808, 2.25654, 2.55161, -1.84388, -1.50391, -1.06961], [-1.63191, -0.02729, 2.40818, 2.79149, -1.8552, -1.50768, -1.23373], [-1.72592, -0.39159, 2.55937, 3.03066, -1.86648, -1.51144, -1.39737], [-1.80929, -0.568, 2.42979, 2.83982, -1.79741, -1.13956, -1.52249], [-1.89265, -0.74441, 2.30021, 2.64899, -1.72834, -0.76768, -1.64761], [-1.97602, -0.92082, 2.17063, 2.45815, -1.65927, -0.3958, -1.77273], [-2.05939, -1.09723, 2.04105, 2.26731, -1.5902, -0.02392, -1.89785], [-2.14275, -1.27364, 1.91148, 2.07648, -1.52113, 0.34796, -2.02296], [-2.22612, -1.45005, 1.7819, 1.88564, -1.45206, 0.71984, -2.14808], [-2.30948, -1.62646, 1.65232, 1.6948, -1.38298, 1.09172, -2.2732], [-2.39285, -1.80286, 1.52274, 1.50396, -1.31391, 1.4636, -2.39832]]
end: [-2.4074800000000001, -1.83382, 1.5, 1.4704699999999999, -1.30179, 1.5288600000000001, -2.42028]
obtacles: [[[0.6, -0.4, -0.2], [1.0, 0.6, -0.3]], [[0.7, -0.1, -0.2], [0.9, -0.0, 0.3]], [[0.7, 0.3, -0.2], [0.9, 0.4, 0.3]], [[0.7, -0.1, 0.3], [0.9, 0.4, 0.4]]]
start: [-0.86424000000000001, 1.7898499999999999, 1.8999999999999999, 1.4057299999999999, -1.8513900000000001, -1.29162, -0.46528000000000003]
tajectories: [[-0.86424, 1.78985, 1.9, 1.40573, -1.85139, -1.29162, -0.46528], [-1.11735, 1.60823, 1.96681, 1.5815, -2.14462, -1.24341, -0.63639], [-1.37047, 1.42661, 2.03363, 1.75728, -2.43785, -1.1952, -0.8075], [-1.62358, 1.24499, 2.10044, 1.93305, -2.73109, -1.14699, -0.97861], [-1.70893, 1.18375, 2.12297, 1.99233, -2.82997, -1.13074, -1.03631], [-1.29132, 1.13146, 1.90649, 2.10762, -2.73143, -1.17525, -1.06814], [-0.87371, 1.07917, 1.69, 2.22291, -2.63289, -1.21977, -1.09998], [-0.45609, 1.02689, 1.47351, 2.3382, -2.53434, -1.26429, -1.13182], [-0.39617, 1.01939, 1.44244, 2.35474, -2.5202, -1.27068, -1.13638], [-0.35529, 1.37496, 1.52215, 2.19168, -2.28189, -1.30956, -1.31146], [-0.3144, 1.73053, 1.60185, 2.02861, -2.04358, -1.34843, -1.48653]]
end: [-0.28971000000000002, 1.9453199999999999, 1.6499999999999999, 1.93011, -1.8996299999999999, -1.37192, -1.5922799999999999]
obtacles: [[[0.6, -0.4, -0.2], [1.0, 0.6, -0.3]], [[0.7, -0.1, -0.2], [0.9, -0.0, 0.3]], [[0.7, 0.3, -0.2], [0.9, 0.4, 0.3]], [[0.7, -0.1, 0.3], [0.9, 0.4, 0.4]]]
start: [-0.86043999999999998, 1.7681100000000001, 1.6499999999999999, 1.2823199999999999, -1.78241, -1.55219, -0.41205999999999998]
tajectories: [[-0.86044, 1.76811, 1.65, 1.28232, -1.78241, -1.55219, -0.41206], [-1.0326, 1.79631, 1.5731, 1.09007, -1.99958, -1.21691, -0.54291], [-1.20475, 1.82451, 1.4962, 0.89783, -2.21675, -0.88163, -0.67375], [-1.37691, 1.85271, 1.4193, 0.70559, -2.43392, -0.54635, -0.8046], [-1.54907, 1.88092, 1.3424, 0.51335, -2.65108, -0.21107, -0.93544], [-1.72123, 1.90912, 1.2655, 0.32111, -2.86825, 0.12421, -1.06629], [-1.89339, 1.93732, 1.1886, 0.12887, -3.08542, 0.45949, -1.19714], [-2.00895, 1.95625, 1.13698, -0.00017, -3.23119, 0.68454, -1.28496], [-1.88437, 1.95112, 1.32054, 0.39536, -3.40465, 0.80333, -1.29567], [-1.75978, 1.946, 1.50409, 0.79089, -3.57811, 0.92213, -1.30637], [-1.6352, 1.94087, 1.68765, 1.18642, -3.75157, 1.04093, -1.31708], [-1.51062, 1.93574, 1.87121, 1.58195, -3.92503, 1.15973, -1.32779], [-1.38604, 1.93061, 2.05476, 1.97748, -4.09849, 1.27852, -1.33849], [-1.26145, 1.92549, 2.23832, 2.37301, -4.27195, 1.39732, -1.3492], [-1.13687, 1.92036, 2.42188, 2.76854, -4.44541, 1.51612, -1.35991], [-1.10857, 1.9192, 2.46357, 2.85838, -4.48482, 1.5431, -1.36234], [-1.02067, 1.92338, 2.36683, 2.72964, -4.18152, 1.19049, -1.36249], [-0.93277, 1.92757, 2.27009, 2.60089, -3.87823, 0.83788, -1.36263], [-0.84487, 1.93176, 2.17335, 2.47214, -3.57493, 0.48527, -1.36278], [-0.75697, 1.93594, 2.07661, 2.3434, -3.27164, 0.13266, -1.36293], [-0.66907, 1.94013, 1.97987, 2.21465, -2.96835, -0.21995, -1.36307], [-0.58117, 1.94432, 1.88313, 2.0859, -2.66505, -0.57256, -1.36322], [-0.49327, 1.94851, 1.78639, 1.95715, -2.36176, -0.92517, -1.36337], [-0.40537, 1.95269, 1.68964, 1.82841, -2.05846, -1.27778, -1.36351]]
end: [-0.36935000000000001, 1.95441, 1.6499999999999999, 1.77565, -1.9341699999999999, -1.42228, -1.3635699999999999]
obtacles: [[[0.6, -0.4, -0.2], [1.0, 0.6, -0.3]], [[0.7, -0.1, -0.2], [0.9, -0.0, 0.3]], [[0.7, 0.3, -0.2], [0.9, 0.4, 0.3]], [[0.7, -0.1, 0.3], [0.9, 0.4, 0.4]]]
start: [-1.0153300000000001, 1.9617, 1.55, 1.84514, -1.95339, -1.4859800000000001, -0.81749000000000005]
tajectories: [[-1.01533, 1.9617, 1.55, 1.84514, -1.95339, -1.48598, -0.81749], [-1.0305, 1.75562, 1.55548, 1.72589, -1.73986, -1.12311, -0.69184], [-1.04566, 1.54954, 1.56096, 1.60665, -1.52633, -0.76025, -0.56618], [-1.06083, 1.34346, 1.56645, 1.48741, -1.31281, -0.39739, -0.44053], [-1.07599, 1.13738, 1.57193, 1.36817, -1.09928, -0.03452, -0.31488], [-1.09116, 0.9313, 1.57741, 1.24893, -0.88575, 0.32834, -0.18923], [-1.10249, 0.77734, 1.58151, 1.15985, -0.72624, 0.59942, -0.09536], [-1.17311, 0.37283, 1.58029, 1.35868, -0.53753, 0.67102, -0.12864], [-1.24374, -0.03169, 1.57908, 1.5575, -0.34881, 0.74262, -0.16191], [-1.31436, -0.4362, 1.57786, 1.75633, -0.1601, 0.81421, -0.19519], [-1.38498, -0.84072, 1.57665, 1.95516, 0.02862, 0.88581, -0.22846], [-1.45561, -1.24523, 1.57543, 2.15398, 0.21733, 0.95741, -0.26174], [-1.50556, -1.53134, 1.57457, 2.29461, 0.35081, 1.00805, -0.28527], [-1.65612, -1.60281, 1.57032, 2.17114, 0.08239, 1.1015, -0.64049], [-1.80669, -1.67427, 1.56606, 2.04768, -0.18602, 1.19495, -0.99571], [-1.95725, -1.74573, 1.5618, 1.92421, -0.45444, 1.2884, -1.35093], [-2.10782, -1.8172, 1.55754, 1.80074, -0.72285, 1.38185, -1.70615], [-2.25838, -1.88866, 1.55328, 1.67727, -0.99127, 1.4753, -2.06137]]
end: [-2.3743699999999999, -1.94371, 1.55, 1.58216, -1.1980299999999999, 1.5472900000000001, -2.33501]
obtacles: [[[0.6, -0.4, -0.2], [1.0, 0.6, -0.3]], [[0.7, -0.1, -0.2], [0.9, -0.0, 0.3]], [[0.7, 0.3, -0.2], [0.9, 0.4, 0.3]], [[0.7, -0.1, 0.3], [0.9, 0.4, 0.4]]]
start: [-0.43708999999999998, 1.8119499999999999, 1.8500000000000001, 0.75290999999999997, -1.9375599999999999, -1.5620799999999999, -0.28015000000000001]
tajectories: [[-0.43709, 1.81195, 1.85, 0.75291, -1.93756, -1.56208, -0.28015], [-0.54687, 1.71969, 2.01265, 0.93889, -2.06315, -1.35222, -0.60966], [-0.65664, 1.62742, 2.17529, 1.12487, -2.18874, -1.14235, -0.93917], [-0.76641, 1.53515, 2.33794, 1.31085, -2.31433, -0.93249, -1.26868], [-0.87619, 1.44288, 2.50059, 1.49684, -2.43993, -0.72262, -1.59819], [-0.98596, 1.35062, 2.66324, 1.68282, -2.56552, -0.51276, -1.9277], [-1.01467, 1.32649, 2.70577, 1.73146, -2.59836, -0.45787, -2.01387], [-0.99469, 1.06839, 2.41859, 1.84456, -2.38711, -0.28331, -1.90152], [-0.97472, 0.8103, 2.1314, 1.95766, -2.17586, -0.10875, -1.78917], [-0.95474, 0.55221, 1.84421, 2.07076, -1.96461, 0.06581, -1.67683], [-0.93477, 0.29411, 1.55703, 2.18386, -1.75336, 0.24037, -1.56448], [-0.91479, 0.03602, 1.26984, 2.29697, -1.54211, 0.41494, -1.45213], [-0.90907, -0.03792, 1.18757, 2.32937, -1.48159, 0.46494, -1.41994], [-1.10392, -0.29248, 1.40909, 2.49586, -1.64119, 0.56305, -1.60794], [-1.29878, -0.54705, 1.63061, 2.66235, -1.8008, 0.66115, -1.79593], [-1.49363, -0.80161, 1.85212, 2.82885, -1.9604, 0.75925, -1.98393], [-1.51549, -0.83016, 1.87697, 2.84752, -1.9783, 0.77025, -2.00501], [-1.72748, -1.10652, 1.83116, 2.62979, -1.78225, 0.97105, -1.9844], [-1.93947, -1.38288, 1.78535, 2.41206, -1.5862, 1.17184, -1.9638], [-2.15146, -1.65924, 1.73953, 2.19433, -1.39014, 1.37263, -1.94319]]
end: [-2.3344, -1.8977299999999999, 1.7, 2.00644, -1.22096, 1.5459000000000001, -1.9254100000000001]
obtacles: [[[0.6, -0.4, -0.2], [1.0, 0.6, -0.3]], [[0.7, -0.1, -0.2], [0.9, -0.0, 0.3]], [[0.7, 0.3, -0.2], [0.9, 0.4, 0.3]], [[0.7, -0.1, 0.3], [0.9, 0.4, 0.4]]]
start: [-0.81911, 1.63161, 1.75, 1.0454399999999999, -1.7141900000000001, -1.4470400000000001, -0.21196000000000001]
tajectories: [[-0.81911, 1.63161, 1.75, 1.04544, -1.71419, -1.44704, -0.21196], [-0.86799, 1.19869, 1.72527, 1.08872, -1.75228, -1.23035, -0.30838], [-0.91686, 0.76576, 1.70054, 1.13201, -1.79037, -1.01366, -0.40481], [-0.96574, 0.33284, 1.67581, 1.1753, -1.82845, -0.79697, -0.50124], [-1.01461, -0.10008, 1.65109, 1.21858, -1.86654, -0.58028, -0.59767], [-1.06349, -0.53301, 1.62636, 1.26187, -1.90463, -0.36359, -0.6941], [-1.11236, -0.96593, 1.60163, 1.30515, -1.94272, -0.1469, -0.79052], [-1.16124, -1.39885, 1.5769, 1.34844, -1.98081, 0.06979, -0.88695], [-1.19167, -1.6684, 1.5615, 1.37539, -2.00452, 0.20471, -0.94699], [-1.11761, -1.51812, 1.67338, 1.63207, -2.06304, 0.41879, -1.25404], [-1.04355, -1.36784, 1.78526, 1.88875, -2.12156, 0.63286, -1.56108], [-0.96949, -1.21757, 1.89713, 2.14543, -2.18007, 0.84694, -1.86813], [-0.89542, -1.06729, 2.00901, 2.40211, -2.23859, 1.06102, -2.17518], [-0.82154, -0.91737, 2.12062, 2.65818, -2.29696, 1.27458, -2.48149], [-1.15828, -1.11542, 2.02947, 2.52351, -2.07674, 1.3378, -2.34566], [-1.49501, -1.31346, 1.93832, 2.38885, -1.85652, 1.40102, -2.20983], [-1.83175, -1.51151, 1.84716, 2.25419, -1.63629, 1.46424, -2.074], [-2.16848, -1.70955, 1.75601, 2.11953, -1.41607, 1.52747, -1.93817]]
end: [-2.37541, -1.83125, 1.7, 2.0367799999999998, -1.28074, 1.5663199999999999, -1.8547]
obtacles: [[[0.6, -0.4, -0.2], [1.0, 0.6, -0.3]], [[0.7, -0.1, -0.2], [0.9, -0.0, 0.3]], [[0.7, 0.3, -0.2], [0.9, 0.4, 0.3]], [[0.7, -0.1, 0.3], [0.9, 0.4, 0.4]]]
start: [-0.91735, 1.75444, 1.7, 1.7562599999999999, -1.7295700000000001, -1.41195, -0.81433]
tajectories: [[-0.91735, 1.75444, 1.7, 1.75626, -1.72957, -1.41195, -0.81433], [-1.13415, 1.75307, 1.8613, 1.74662, -1.69497, -1.01366, -0.68375], [-1.35096, 1.7517, 2.0226, 1.73698, -1.66036, -0.61537, -0.55318], [-1.56776, 1.75033, 2.1839, 1.72735, -1.62575, -0.21708, -0.4226], [-1.78456, 1.74896, 2.3452, 1.71771, -1.59114, 0.18121, -0.29203], [-2.00137, 1.7476, 2.5065, 1.70808, -1.55653, 0.5795, -0.16145], [-2.21817, 1.74623, 2.6678, 1.69844, -1.52192, 0.9778, -0.03087], [-2.26709, 1.74592, 2.70419, 1.69627, -1.51411, 1.06766, -0.00141], [-2.2482, 1.29881, 2.61858, 1.80838, -1.35076, 1.013, 0.01144], [-2.22931, 0.8517, 2.53296, 1.9205, -1.18741, 0.95833, 0.02429], [-2.21042, 0.4046, 2.44735, 2.03261, -1.02405, 0.90367, 0.03715], [-2.19153, -0.04251, 2.36173, 2.14473, -0.8607, 0.84901, 0.05], [-2.17264, -0.48962, 2.27611, 2.25685, -0.69734, 0.79434, 0.06285], [-2.15375, -0.93673, 2.1905, 2.36896, -0.53399, 0.73968, 0.0757], [-2.13487, -1.38384, 2.10488, 2.48108, -0.37063, 0.68501, 0.08856], [-2.11598, -1.83094, 2.01927, 2.59319, -0.20728, 0.63035, 0.10141], [-2.1108, -1.95338, 1.99582, 2.62389, -0.16255, 0.61538, 0.10493], [-2.17073, -1.9305, 1.91889, 2.46385, -0.36316, 0.77145, -0.28205], [-2.23066, -1.90762, 1.84195, 2.30381, -0.56378, 0.92752, -0.66902], [-2.29059, -1.88473, 1.76502, 2.14377, -0.7644, 1.08358, -1.05599], [-2.35052, -1.86185, 1.68809, 1.98373, -0.96501, 1.23965, -1.44297], [-2.41045, -1.83897, 1.61115, 1.82368, -1.16563, 1.39572, -1.82994]]
end: [-2.4580799999999998, -1.8207899999999999, 1.55, 1.6964699999999999, -1.3250999999999999, 1.5197799999999999, -2.1375500000000001]
obtacles: [[[0.6, -0.4, -0.2], [1.0, 0.6, -0.3]], [[0.7, -0.1, -0.2], [0.9, -0.0, 0.3]], [[0.7, 0.3, -0.2], [0.9, 0.4, 0.3]], [[0.7, -0.1, 0.3], [0.9, 0.4, 0.4]]]
start: [2.3119299999999998, -1.8891199999999999, -1.45, 1.4511400000000001, -1.9021699999999999, -1.4944500000000001, -0.58928999999999998]
tajectories: [[2.31193, -1.88912, -1.45, 1.45114, -1.90217, -1.49445, -0.58929], [2.11131, -1.49306, -1.44471, 1.60323, -1.73832, -1.4931, -0.53564], [1.91068, -1.097, -1.43942, 1.75532, -1.57447, -1.49175, -0.48199], [1.71006, -0.70094, -1.43413, 1.90741, -1.41062, -1.4904, -0.42834], [1.50943, -0.30488, -1.42884, 2.0595, -1.24677, -1.48905, -0.37469], [1.30881, 0.09118, -1.42355, 2.21159, -1.08292, -1.48769, -0.32104], [1.10818, 0.48724, -1.41826, 2.36368, -0.91908, -1.48634, -0.26739], [0.90756, 0.8833, -1.41297, 2.51577, -0.75523, -1.48499, -0.21374], [0.87797, 0.94171, -1.41219, 2.5382, -0.73106, -1.48479, -0.20583], [1.19248, 0.98694, -1.41769, 2.62127, -0.39104, -1.468, -0.36772], [1.50699, 1.03217, -1.42319, 2.70434, -0.05102, -1.4512, -0.52962], [1.8215, 1.07739, -1.4287, 2.78741, 0.289, -1.43441, -0.69152], [2.13601, 1.12262, -1.4342, 2.87048, 0.62902, -1.41762, -0.85342], [2.45052, 1.16784, -1.4397, 2.95355, 0.96904, -1.40083, -1.01531], [2.45816, 1.16894, -1.43983, 2.95557, 0.97731, -1.40042, -1.01925], [2.29285, 1.22415, -1.45797, 2.83959, 0.6967, -1.07047, -1.15429], [2.12754, 1.27936, -1.47611, 2.72361, 0.41608, -0.74053, -1.28933], [1.96223, 1.33457, -1.49424, 2.60762, 0.13547, -0.41058, -1.42437], [1.79691, 1.38978, -1.51238, 2.49164, -0.14514, -0.08064, -1.55941], [1.6316, 1.44499, -1.53052, 2.37566, -0.42575, 0.24931, -1.69445], [1.46629, 1.50019, -1.54865, 2.25968, -0.70637, 0.57925, -1.82949], [1.30098, 1.5554, -1.56679, 2.1437, -0.98698, 0.9092, -1.96454], [1.13566, 1.61061, -1.58493, 2.02772, -1.26759, 1.23914, -2.09958]]
end: [0.99827999999999995, 1.65649, -1.6000000000000001, 1.93133, -1.5007999999999999, 1.51335, -2.2118000000000002]
obtacles: [[[0.6, -0.4, -0.2], [1.0, 0.6, -0.3]], [[0.7, -0.1, -0.2], [0.9, -0.0, 0.3]], [[0.7, 0.3, -0.2], [0.9, 0.4, 0.3]], [[0.7, -0.1, 0.3], [0.9, 0.4, 0.4]]]
start: [2.5595400000000001, -1.93825, -1.3500000000000001, 1.11032, -1.9962800000000001, -1.5473300000000001, -0.48200999999999999]
tajectories: [[2.55954, -1.93825, -1.35, 1.11032, -1.99628, -1.54733, -0.48201], [2.39421, -1.87418, -1.36452, 0.84809, -1.83872, -1.20071, -0.54994], [2.22887, -1.8101, -1.37903, 0.58587, -1.68116, -0.85409, -0.61786], [2.06354, -1.74603, -1.39355, 0.32365, -1.5236, -0.50746, -0.68579], [1.8982, -1.68195, -1.40806, 0.06142, -1.36604, -0.16084, -0.75371], [1.73287, -1.61788, -1.42258, -0.2008, -1.20848, 0.18579, -0.82164], [1.57711, -1.55752, -1.43625, -0.44783, -1.06006, 0.51232, -0.88563], [1.71655, -1.26792, -1.61326, -0.47245, -0.82751, 0.61843, -1.10793], [1.85598, -0.97832, -1.79027, -0.49707, -0.59496, 0.72453, -1.33023], [1.99542, -0.68873, -1.96728, -0.5217, -0.36242, 0.83063, -1.55252], [2.13485, -0.39913, -2.14429, -0.54632, -0.12987, 0.93674, -1.77482], [2.27429, -0.10953, -2.3213, -0.57094, 0.10268, 1.04284, -1.99712], [2.29645, -0.0635, -2.34944, -0.57485, 0.13964, 1.05971, -2.03245], [2.11607, 0.05648, -2.29021, -0.16592, 0.21349, 0.90237, -2.07857], [1.93569, 0.17647, -2.23098, 0.243, 0.28735, 0.74503, -2.12468], [1.75532, 0.29646, -2.17176, 0.65193, 0.3612, 0.5877, -2.1708], [1.57494, 0.41644, -2.11253, 1.06086, 0.43506, 0.43036, -2.21691], [1.39456, 0.53643, -2.0533, 1.46979, 0.50891, 0.27302, -2.26303], [1.21418, 0.65642, -1.99408, 1.87872, 0.58276, 0.11569, -2.30914], [1.10217, 0.73092, -1.9573, 2.13265, 0.62863, 0.01799, -2.33778], [1.06989, 0.93587, -1.8738, 2.10834, 0.27928, 0.29163, -2.28801], [1.03761, 1.14081, -1.7903, 2.08402, -0.07006, 0.56526, -2.23825], [1.00533, 1.34575, -1.70681, 2.0597, -0.4194, 0.8389, -2.18848], [0.97305, 1.55069, -1.62331, 2.03539, -0.76874, 1.11254, -2.13871], [0.94077, 1.75563, -1.53982, 2.01107, -1.11808, 1.38617, -2.08895]]
end: [0.92537000000000003, 1.8533599999999999, -1.5, 1.9994799999999999, -1.28467, 1.5166599999999999, -2.0652200000000001]
obtacles: [[[0.6, -0.4, -0.2], [1.0, 0.6, -0.3]], [[0.7, -0.1, -0.2], [0.9, -0.0, 0.3]], [[0.7, 0.3, -0.2], [0.9, 0.4, 0.3]], [[0.7, -0.1, 0.3], [0.9, 0.4, 0.4]]]
start: [2.5798999999999999, -1.85538, -1.2, 1.0364800000000001, -2.0085899999999999, -1.4138200000000001, -0.38607000000000002]
tajectories: [[2.5799, -1.85538, -1.2, 1.03648, -2.00859, -1.41382, -0.38607], [2.46683, -1.78154, -0.9897, 0.99573, -1.89482, -1.35802, 0.02603], [2.35377, -1.70769, -0.7794, 0.95498, -1.78105, -1.30222, 0.43812], [2.24071, -1.63385, -0.56911, 0.91423, -1.66728, -1.24642, 0.85021], [2.12765, -1.56001, -0.35881, 0.87348, -1.5535, -1.19061, 1.26231], [2.01459, -1.48617, -0.14851, 0.83274, -1.43973, -1.13481, 1.6744], [1.90153, -1.41233, 0.06179, 0.79199, -1.32596, -1.07901, 2.08649], [1.78847, -1.33848, 0.27209, 0.75124, -1.21219, -1.02321, 2.49859], [1.78188, -1.33419, 0.28433, 0.74887, -1.20557, -1.01996, 2.52257], [1.66794, -1.25565, -0.01756, 1.07439, -1.36939, -1.01902, 2.60568], [1.554, -1.17711, -0.31945, 1.39991, -1.53321, -1.01808, 2.6888], [1.44006, -1.09857, -0.62134, 1.72544, -1.69703, -1.01714, 2.77191], [1.32612, -1.02004, -0.92323, 2.05096, -1.86086, -1.0162, 2.85503], [1.21218, -0.9415, -1.22512, 2.37648, -2.02468, -1.01526, 2.93814], [1.17353, -0.91486, -1.32753, 2.4869, -2.08025, -1.01494, 2.96633], [1.36629, -1.1724, -1.52644, 2.50523, -2.25149, -0.73715, 2.95539], [1.55905, -1.42994, -1.72535, 2.52355, -2.42272, -0.45935, 2.94445], [1.75181, -1.68748, -1.92427, 2.54188, -2.59396, -0.18156, 2.93351], [1.94458, -1.94502, -2.12318, 2.5602, -2.7652, 0.09624, 2.92257], [1.95461, -1.95843, -2.13354, 2.56116, -2.77411, 0.1107, 2.922], [2.0248, -1.95889, -2.06578, 2.48353, -2.68439, -0.05162, 2.47473], [2.095, -1.95934, -1.99803, 2.4059, -2.59467, -0.21394, 2.02745], [2.16519, -1.9598, -1.93028, 2.32826, -2.50495, -0.37627, 1.58017], [2.23539, -1.96026, -1.86253, 2.25063, -2.41523, -0.53859, 1.13289], [2.30559, -1.96072, -1.79477, 2.173, -2.32551, -0.70091, 0.68562], [2.37578, -1.96117, -1.72702, 2.09537, -2.23579, -0.86323, 0.23834], [2.44598, -1.96163, -1.65927, 2.01774, -2.14607, -1.02556, -0.20894], [2.51617, -1.96209, -1.59152, 1.94011, -2.05634, -1.18788, -0.65622], [2.58637, -1.96255, -1.52376, 1.86247, -1.96662, -1.3502, -1.10349]]
end: [2.6109900000000001, -1.96271, -1.5, 1.83525, -1.93516, -1.40713, -1.2603599999999999]
obtacles: [[[0.6, -0.4, -0.2], [1.0, 0.6, -0.3]], [[0.7, -0.1, -0.2], [0.9, -0.0, 0.3]], [[0.7, 0.3, -0.2], [0.9, 0.4, 0.3]], [[0.7, -0.1, 0.3], [0.9, 0.4, 0.4]]]
start: [2.4631500000000002, -1.6780200000000001, -1.2, 1.0809299999999999, -1.8482799999999999, -1.2999400000000001, -0.34431]
tajectories: [[2.46315, -1.67802, -1.2, 1.08093, -1.84828, -1.29994, -0.34431], [2.43947, -1.3467, -1.13714, 1.30486, -1.55581, -1.30128, -0.35013], [2.41579, -1.01538, -1.07429, 1.52879, -1.26335, -1.30261, -0.35596], [2.39211, -0.68406, -1.01143, 1.75273, -0.97089, -1.30394, -0.36178], [2.36843, -0.35274, -0.94857, 1.97666, -0.67843, -1.30527, -0.36761], [2.34475, -0.02142, -0.88571, 2.20059, -0.38596, -1.3066, -0.37344], [2.32108, 0.3099, -0.82286, 2.42452, -0.0935, -1.30793, -0.37926], [2.2974, 0.64122, -0.76, 2.64845, 0.19896, -1.30927, -0.38509], [2.28932, 0.75424, -0.73856, 2.72484, 0.29873, -1.30972, -0.38708], [2.11101, 0.85871, -0.83544, 2.65332, 0.08274, -0.96735, -0.55715], [1.9327, 0.96317, -0.93233, 2.58179, -0.13324, -0.62499, -0.72722], [1.75438, 1.06764, -1.02921, 2.51027, -0.34923, -0.28262, -0.89729], [1.57607, 1.17211, -1.1261, 2.43875, -0.56522, 0.05974, -1.06737], [1.39776, 1.27657, -1.22298, 2.36722, -0.78121, 0.40211, -1.23744], [1.21945, 1.38104, -1.31987, 2.2957, -0.99719, 0.74447, -1.40751], [1.04114, 1.48551, -1.41675, 2.22418, -1.21318, 1.08684, -1.57758], [0.86283, 1.58997, -1.51364, 2.15265, -1.42917, 1.42921, -1.74765]]
end: [0.79591000000000001, 1.6291800000000001, -1.55, 2.12581, -1.51023, 1.55769, -1.81148]
