obtacles: [[[0.6, -0.4, -0.2], [1.0, 0.6, -0.3]], [[0.7, -0.3, -0.2], [1.1, -0.2, 0.4]], [[0.7, 0.1, -0.2], [1.1, 0.2, 0.4]], [[0.7, -0.3, 0.4], [1.1, 0.2, 0.5]]]
start: [-0.75344999999999995, 1.89879, -0.75, -0.43712000000000001, -2.4401700000000002, 1.56942, -2.68086]
tajectories: [[-0.75345, 1.89879, -0.75, -0.43712, -2.44017, 1.56942, -2.68086], [-0.83438, 1.82711, -0.54146, -0.03655, -2.46043, 1.39487, -2.6218], [-0.9153, 1.75543, -0.33292, 0.36403, -2.48068, 1.22032, -2.56274], [-0.99623, 1.68374, -0.12438, 0.7646, -2.50094, 1.04577, -2.50368], [-1.07716, 1.61206, 0.08416, 1.16517, -2.5212, 0.87122, -2.44462], [-1.15808, 1.54038, 0.2927, 1.56574, -2.54145, 0.69667, -2.38557], [-1.23901, 1.4687, 0.50124, 1.96631, -2.56171, 0.52212, -2.32651], [-1.31993, 1.39702, 0.70979, 2.36688, -2.58196, 0.34757, -2.26745], [-1.40086, 1.32533, 0.91833, 2.76746, -2.60222, 0.17302, -2.20839], [-1.41747, 1.31062, 0.96113, 2.84967, -2.60637, 0.13719, -2.19627], [-1.24676, 1.39192, 1.07137, 2.61243, -2.46438, -0.1561, -1.9972], [-1.07605, 1.47321, 1.18162, 2.37519, -2.32239, -0.4494, -1.79813], [-0.90534, 1.55451, 1.29187, 2.13795, -2.1804, -0.74269, -1.59906], [-0.73463, 1.63581, 1.40212, 1.90071, -2.0384, -1.03599, -1.39999], [-0.56392, 1.7171, 1.51237, 1.66347, -1.89641, -1.32929, -1.20092]]
end: [-0.42823, 1.78172, 1.6000000000000001, 1.4749000000000001, -1.7835399999999999, -1.5624199999999999, -1.0426800000000001]
obtacles: [[[0.6, -0.4, -0.2], [1.0, 0.6, -0.3]], [[0.7, -0.3, -0.2], [1.1, -0.2, 0.4]], [[0.7, 0.1, -0.2], [1.1, 0.2, 0.4]], [[0.7, -0.3, 0.4], [1.1, 0.2, 0.5]]]
start: [-0.86997000000000002, 1.9556, 1.95, 0.85258, -2.1042000000000001, -1.55945, 0.095219999999999999]
tajectories: [[-0.86997, 1.9556, 1.95, 0.85258, -2.1042, -1.55945, 0.09522], [-1.01834, 1.76395, 1.88961, 0.85701, -2.07223, -1.15193, -0.04793], [-1.1667, 1.5723, 1.82922, 0.86144, -2.04026, -0.74441, -0.19109], [-1.31507, 1.38064, 1.76883, 0.86586, -2.00829, -0.33689, -0.33424], [-1.46344, 1.18899, 1.70843, 0.87029, -1.97631, 0.07064, -0.4774], [-1.61181, 0.99734, 1.64804, 0.87471, -1.94434, 0.47816, -0.62055], [-1.76018, 0.80569, 1.58765, 0.87914, -1.91237, 0.88568, -0.76371], [-1.86525, 0.66997, 1.54488, 0.88228, -1.88973, 1.17428, -0.86508], [-1.90407, 0.75373, 1.497, 1.22061, -2.07731, 1.13466, -1.16166], [-1.94289, 0.8375, 1.44911, 1.55895, -2.26489, 1.09504, -1.45823], [-1.98171, 0.92127, 1.40123, 1.89729, -2.45247, 1.05542, -1.7548], [-2.02053, 1.00504, 1.35335, 2.23562, -2.64005, 1.0158, -2.05137], [-2.05935, 1.08881, 1.30546, 2.57396, -2.82763, 0.97618, -2.34794], [-2.09817, 1.17258, 1.25758, 2.9123, -3.01521, 0.93656, -2.64451], [-2.10401, 1.18519, 1.25037, 2.96325, -3.04346, 0.93059, -2.68917], [-1.90918, 1.28478, 1.29538, 2.78604, -2.90377, 0.61282, -2.46963], [-1.71435, 1.38438, 1.34039, 2.60883, -2.76409, 0.29504, -2.25009], [-1.51951, 1.48397, 1.38541, 2.43163, -2.6244, -0.02274, -2.03055], [-1.32468, 1.58356, 1.43042, 2.25442, -2.48472, -0.34052, -1.81101], [-1.12984, 1.68315, 1.47543, 2.07721, -2.34503, -0.65829, -1.59147], [-0.93501, 1.78274, 1.52044, 1.90001, -2.20534, -0.97607, -1.37193], [-0.74017, 1.88234, 1.56546, 1.7228, -2.06566, -1.29385, -1.15239]]
end: [-0.59065999999999996, 1.9587600000000001, 1.6000000000000001, 1.5868100000000001, -1.9584600000000001, -1.5377099999999999, -0.98392000000000002]
obtacles: [[[0.6, -0.4, -0.2], [1.0, 0.6, -0.3]], [[0.7, -0.3, -0.2], [1.1, -0.2, 0.4]], [[0.7, 0.1, -0.2], [1.1, 0.2, 0.4]], [[0.7, -0.3, 0.4], [1.1, 0.2, 0.5]]]
start: [-0.61800999999999995, 1.8434600000000001, 2.3999999999999999, 0.60043000000000002, -2.41919, -1.39079, 0.21965999999999999]
tajectories: [[-0.61801, 1.84346, 2.4, 0.60043, -2.41919, -1.39079, 0.21966], [-0.84338, 1.79036, 2.3431, 0.79582, -2.29192, -1.03133, 0.31746], [-1.06875, 1.73726, 2.28619, 0.9912, -2.16466, -0.67186, 0.41527], [-1.29412, 1.68416, 2.22929, 1.18659, -2.0374, -0.3124, 0.51308], [-1.51949, 1.63106, 2.17238, 1.38198, -1.91014, 0.04706, 0.61089], [-1.56588, 1.62013, 2.16067, 1.4222, -1.88394, 0.12106, 0.63102], [-1.47906, 1.64044, 2.1328, 1.7342, -1.67097, -0.14419, 0.799], [-1.39223, 1.66074, 2.10493, 2.0462, -1.458, -0.40944, 0.96697], [-1.30541, 1.68105, 2.07706, 2.3582, -1.24503, -0.67468, 1.13495], [-1.25635, 1.69252, 2.06132, 2.53449, -1.12469, -0.82456, 1.22986], [-1.10204, 1.74333, 2.06845, 2.36993, -1.28387, -0.86734, 0.81839], [-0.94774, 1.79414, 2.07558, 2.20537, -1.44306, -0.91013, 0.40692], [-0.79343, 1.84495, 2.08271, 2.04081, -1.60224, -0.95291, -0.00455], [-0.63913, 1.89576, 2.08984, 1.87624, -1.76142, -0.9957, -0.41602], [-0.48482, 1.94657, 2.09697, 1.71168, -1.9206, -1.03848, -0.82749]]
end: [-0.41927999999999999, 1.9681500000000001, 2.1000000000000001, 1.64178, -1.9882200000000001, -1.0566500000000001, -1.00227]
obtacles: [[[0.6, -0.4, -0.2], [1.0, 0.6, -0.3]], [[0.7, -0.3, -0.2], [1.1, -0.2, 0.4]], [[0.7, 0.1, -0.2], [1.1, 0.2, 0.4]], [[0.7, -0.3, 0.4], [1.1, 0.2, 0.5]]]
start: [-0.72241, 1.6604099999999999, 1.95, 0.73909000000000002, -1.9160600000000001, -1.3875599999999999, 0.032570000000000002]
tajectories: [[-0.72241, 1.66041, 1.95, 0.73909, -1.91606, -1.38756, 0.03257], [-0.79232, 1.4066, 2.01451, 0.81363, -1.63268, -1.38873, -0.26854], [-0.86222, 1.15278, 2.07903, 0.88816, -1.34931, -1.3899, -0.56966], [-0.93213, 0.89897, 2.14354, 0.9627, -1.06593, -1.39107, -0.87077], [-1.00203, 0.64516, 2.20806, 1.03724, -0.78255, -1.39224, -1.17188], [-1.07194, 0.39134, 2.27257, 1.11178, -0.49917, -1.39341, -1.473], [-1.14184, 0.13753, 2.33709, 1.18632, -0.21579, -1.39459, -1.77411], [-1.21175, -0.11628, 2.4016, 1.26085, 0.06758, -1.39576, -2.07523], [-1.27233, -0.33623, 2.45751, 1.32545, 0.31315, -1.39677, -2.33617], [-1.1914, 0.0714, 2.42913, 1.57409, 0.30421, -1.30752, -2.25486], [-1.11047, 0.47904, 2.40076, 1.82273, 0.29527, -1.21826, -2.17356], [-1.02953, 0.88667, 2.37238, 2.07137, 0.28633, -1.12901, -2.09226], [-0.9486, 1.29431, 2.34401, 2.32001, 0.27739, -1.03975, -2.01095], [-0.93734, 1.35106, 2.34006, 2.35462, 0.27615, -1.02732, -1.99963], [-0.85294, 1.46864, 2.24701, 2.23676, -0.14463, -1.06993, -1.8334], [-0.76854, 1.58622, 2.15396, 2.1189, -0.5654, -1.11254, -1.66716], [-0.68414, 1.7038, 2.06091, 2.00104, -0.98618, -1.15515, -1.50092], [-0.59974, 1.82138, 1.96786, 1.88318, -1.40695, -1.19776, -1.33468], [-0.51534, 1.93896, 1.87481, 1.76532, -1.82773, -1.24037, -1.16844]]
end: [-0.49282999999999999, 1.9703200000000001, 1.8500000000000001, 1.7338899999999999, -1.9399200000000001, -1.25173, -1.12412]
obtacles: [[[0.6, -0.4, -0.2], [1.0, 0.6, -0.3]], [[0.7, -0.3, -0.2], [1.1, -0.2, 0.4]], [[0.7, 0.1, -0.2], [1.1, 0.2, 0.4]], [[0.7, -0.3, 0.4], [1.1, 0.2, 0.5]]]
start: [-0.79293000000000002, 1.64768, 1.8500000000000001, 0.38658999999999999, -1.8583499999999999, -1.53833, 0.42185]
tajectories: [[-0.79293, 1.64768, 1.85, 0.38659, -1.85835, -1.53833, 0.42185], [-0.85347, 1.5239, 1.61866, 0.48798, -1.93584, -1.13921, 0.37821], [-0.91401, 1.40011, 1.38731, 0.58936, -2.01334, -0.74008, 0.33456], [-0.97456, 1.27632, 1.15597, 0.69075, -2.09083, -0.34096, 0.29092], [-1.0351, 1.15254, 0.92462, 0.79214, -2.16833, 0.05817, 0.24728], [-1.09211, 1.03599, 0.7068, 0.88761, -2.24129, 0.43397, 0.20618], [-0.80805, 0.83298, 0.41521, 0.92021, -2.22894, 0.55023, 0.37452], [-0.52398, 0.62998, 0.12362, 0.95282, -2.21658, 0.6665, 0.54286], [-0.23992, 0.42697, -0.16797, 0.98543, -2.20422, 0.78277, 0.7112], [0.04414, 0.22397, -0.45956, 1.01804, -2.19186, 0.89903, 0.87954], [0.32821, 0.02096, -0.75115, 1.05065, -2.17951, 1.0153, 1.04788], [0.61227, -0.18204, -1.04275, 1.08325, -2.16715, 1.13157, 1.21622], [0.63403, -0.19759, -1.06508, 1.08575, -2.1662, 1.14047, 1.22911], [0.6281, -0.24005, -1.15719, 1.19984, -2.1071, 1.19384, 0.75973], [0.62217, -0.2825, -1.24929, 1.31392, -2.04799, 1.24721, 0.29034], [0.61625, -0.32496, -1.3414, 1.428, -1.98888, 1.30058, -0.17904], [0.61032, -0.36741, -1.4335, 1.54209, -1.92978, 1.35395, -0.64842], [0.6047, -0.40765, -1.52081, 1.65024, -1.87375, 1.40455, -1.09339], [0.70397, -0.02517, -1.38296, 1.85369, -1.74519, 1.3779, -1.22076], [0.80323, 0.35731, -1.24511, 2.05714, -1.61663, 1.35125, -1.34813], [0.9025, 0.73979, -1.10726, 2.26059, -1.48808, 1.3246, -1.47549], [1.00176, 1.12227, -0.96941, 2.46404, -1.35952, 1.29795, -1.60286], [1.10103, 1.50475, -0.83155, 2.66749, -1.23096, 1.2713, -1.73023], [1.2003, 1.88723, -0.6937, 2.87094, -1.10241, 1.24466, -1.8576], [1.21007, 1.92491, -0.68012, 2.89098, -1.08974, 1.24203, -1.87014], [0.97573, 1.88574, -0.92398, 2.54114, -1.16254, 1.32158, -1.87868], [0.74138, 1.84657, -1.16783, 2.19131, -1.23534, 1.40113, -1.88722], [0.50704, 1.80741, -1.41168, 1.84147, -1.30814, 1.48068, -1.89575]]
end: [0.32606000000000002, 1.7771600000000001, -1.6000000000000001, 1.57131, -1.36436, 1.5421100000000001, -1.90235]
obtacles: [[[0.6, -0.4, -0.2], [1.0, 0.6, -0.3]], [[0.7, -0.3, -0.2], [1.1, -0.2, 0.4]], [[0.7, 0.1, -0.2], [1.1, 0.2, 0.4]], [[0.7, -0.3, 0.4], [1.1, 0.2, 0.5]]]
start: [2.3209200000000001, -1.70235, -1.1499999999999999, 1.11578, -1.8867400000000001, -1.2597, -0.21701000000000001]
tajectories: [[2.32092, -1.70235, -1.15, 1.11578, -1.88674, -1.2597, -0.21701], [2.1599, -1.52684, -1.17936, 1.28114, -1.88223, -0.86602, -0.11672], [1.99889, -1.35132, -1.20872, 1.4465, -1.87772, -0.47235, -0.01642], [1.83788, -1.17581, -1.23808, 1.61187, -1.87321, -0.07867, 0.08387], [1.67686, -1.00029, -1.26744, 1.77723, -1.8687, 0.31501, 0.18417], [1.57187, -0.88584, -1.28659, 1.88506, -1.86576, 0.57171, 0.24957], [1.50465, -0.77803, -1.56108, 2.14352, -1.97455, 0.29133, 0.21404], [1.43743, -0.67021, -1.83556, 2.40199, -2.08334, 0.01095, 0.17851], [1.38082, -0.57942, -2.0667, 2.61963, -2.17495, -0.22515, 0.14859], [1.59893, -0.83139, -1.95473, 2.44669, -2.13561, -0.44253, -0.06979], [1.81704, -1.08336, -1.84277, 2.27375, -2.09626, -0.65992, -0.28816], [2.03515, -1.33534, -1.7308, 2.1008, -2.05692, -0.87731, -0.50654], [2.25326, -1.58731, -1.61883, 1.92786, -2.01757, -1.09469, -0.72491], [2.47137, -1.83928, -1.50687, 1.75492, -1.97823, -1.31208, -0.94329]]
end: [2.5821499999999999, -1.96726, -1.45, 1.6670799999999999, -1.95825, -1.42249, -1.0542]
