obtacles: [[[0.6, -0.4, -0.2], [1.0, 0.6, -0.3]], [[0.7, -0.3, -0.2], [0.9, -0.2, 0.5]], [[0.7, 0.1, -0.2], [0.9, 0.2, 0.5]], [[0.7, -0.3, 0.5], [0.9, 0.2, 0.6]]]
start: [2.5497700000000001, -1.91917, -0.34999999999999998, 0.92774999999999996, 0.38184000000000001, 1.04501, -2.8726099999999999]
tajectories: [[2.54977, -1.91917, -0.35, 0.92775, 0.38184, 1.04501, -2.87261], [2.24448, -1.82183, -0.36358, 0.9239, 0.45286, 0.74662, -2.64231], [1.93919, -1.72449, -0.37715, 0.92005, 0.52387, 0.44822, -2.412], [1.6339, -1.62715, -0.39073, 0.9162, 0.59488, 0.14983, -2.1817], [1.32861, -1.52981, -0.40431, 0.91235, 0.6659, -0.14856, -1.95139], [1.02331, -1.43247, -0.41788, 0.9085, 0.73691, -0.44696, -1.72109], [0.72769, -1.33821, -0.43103, 0.90477, 0.80568, -0.73591, -1.49807], [0.9289, -1.15523, -0.64726, 1.09415, 0.59992, -0.86443, -1.31216], [1.13011, -0.97225, -0.86348, 1.28353, 0.39417, -0.99295, -1.12626], [1.33132, -0.78927, -1.07971, 1.47291, 0.18841, -1.12147, -0.94035], [1.53253, -0.60629, -1.29594, 1.66229, -0.01734, -1.24999, -0.75445], [1.73374, -0.42331, -1.51217, 1.85167, -0.22309, -1.37851, -0.56854], [1.93495, -0.24033, -1.72839, 2.04105, -0.42885, -1.50703, -0.38263], [1.9794, -0.19992, -1.77615, 2.08288, -0.47429, -1.53542, -0.34157], [1.78028, 0.07102, -1.82744, 2.14034, -0.50695, -1.37004, -0.66187], [1.58116, 0.34197, -1.87872, 2.1978, -0.53961, -1.20465, -0.98217], [1.38205, 0.61291, -1.93, 2.25526, -0.57227, -1.03926, -1.30247], [1.18293, 0.88385, -1.98129, 2.31272, -0.60493, -0.87388, -1.62277], [0.98382, 1.15479, -2.03257, 2.37018, -0.63759, -0.70849, -1.94307], [0.7847, 1.42573, -2.08386, 2.42764, -0.67025, -0.5431, -2.26337], [0.65327, 1.60457, -2.11771, 2.46557, -0.6918, -0.43394, -2.47479], [0.65869, 1.68359, -1.97268, 2.35474, -0.7931, -0.0077, -2.33887], [0.66411, 1.76262, -1.82766, 2.24392, -0.8944, 0.41853, -2.20295], [0.66953, 1.84164, -1.68264, 2.13309, -0.99571, 0.84477, -2.06703], [0.67494, 1.92066, -1.53762, 2.02227, -1.09701, 1.271, -1.9311]]
end: [0.67822000000000005, 1.96841, -1.45, 1.9553100000000001, -1.15821, 1.5285200000000001, -1.8489800000000001]
obtacles: [[[0.6, -0.4, -0.2], [1.0, 0.6, -0.3]], [[0.7, -0.3, -0.2], [0.9, -0.2, 0.5]], [[0.7, 0.1, -0.2], [0.9, 0.2, 0.5]], [[0.7, -0.3, 0.5], [0.9, 0.2, 0.6]]]
start: [-0.62938000000000005, 1.4354, -1.45, -0.27162999999999998, -1.6507400000000001, 1.4079999999999999, -2.78552]
tajectories: [[-0.62938, 1.4354, -1.45, -0.27163, -1.65074, 1.408, -2.78552], [-0.76206, 1.25375, -1.3712, 0.00708, -1.81531, 1.37581, -2.4899], [-0.89474, 1.0721, -1.29239, 0.2858, -1.97988, 1.34362, -2.19428], [-1.02742, 0.89046, -1.21359, 0.56451, -2.14446, 1.31143, -1.89867], [-1.1601, 0.70881, -1.13479, 0.84323, -2.30903, 1.27923, -1.60305], [-1.24274, 0.59567, -1.0857, 1.01684, -2.41154, 1.25918, -1.41891], [-1.22911, 0.52973, -0.82791, 1.28023, -2.08852, 1.20099, -1.37528], [-1.21547, 0.46379, -0.57012, 1.54363, -1.7655, 1.1428, -1.33164], [-1.20184, 0.39785, -0.31234, 1.80703, -1.44248, 1.08462, -1.288], [-1.1882, 0.33191, -0.05455, 2.07043, -1.11945, 1.02643, -1.24437], [-1.17457, 0.26597, 0.20324, 2.33383, -0.79643, 0.96824, -1.20073], [-1.16143, 0.20243, 0.45166, 2.58766, -0.48515, 0.91216, -1.15868], [-1.2873, 0.3587, 0.57851, 2.63685, -0.67172, 0.53645, -1.03516], [-1.41317, 0.51497, 0.70536, 2.68604, -0.85828, 0.16074, -0.91163], [-1.53905, 0.67124, 0.83221, 2.73522, -1.04485, -0.21497, -0.7881], [-1.66492, 0.82751, 0.95906, 2.78441, -1.23142, -0.59068, -0.66457], [-1.79079, 0.98378, 1.08591, 2.8336, -1.41798, -0.96639, -0.54104], [-1.86049, 1.07031, 1.15615, 2.86084, -1.52129, -1.17444, -0.47264], [-1.55308, 1.2459, 1.25663, 2.57086, -1.59476, -1.25724, -0.60767], [-1.24567, 1.4215, 1.35711, 2.28089, -1.66822, -1.34005, -0.74269], [-0.93827, 1.59709, 1.45759, 1.99091, -1.74169, -1.42285, -0.87771], [-0.63086, 1.77268, 1.55807, 1.70093, -1.81515, -1.50566, -1.01273]]
end: [-0.50258999999999998, 1.84595, 1.6000000000000001, 1.5799399999999999, -1.8458000000000001, -1.5402100000000001, -1.06907]
obtacles: [[[0.6, -0.4, -0.2], [1.0, 0.6, -0.3]], [[0.7, -0.3, -0.2], [0.9, -0.2, 0.5]], [[0.7, 0.1, -0.2], [0.9, 0.2, 0.5]], [[0.7, -0.3, 0.5], [0.9, 0.2, 0.6]]]
start: [-0.93681999999999999, 1.54627, 1.7, 1.2261899999999999, -1.5913999999999999, -1.4409099999999999, -0.28963]
tajectories: [[-0.93682, 1.54627, 1.7, 1.22619, -1.5914, -1.44091, -0.28963], [-1.16676, 1.3124, 1.60836, 1.49616, -1.43578, -1.45764, -0.48108], [-1.3967, 1.07852, 1.51673, 1.76612, -1.28016, -1.47438, -0.67254], [-1.62665, 0.84465, 1.42509, 2.03608, -1.12455, -1.49111, -0.86399], [-1.85659, 0.61078, 1.33346, 2.30605, -0.96893, -1.50784, -1.05545], [-2.08653, 0.37691, 1.24182, 2.57601, -0.81331, -1.52457, -1.24691], [-2.31648, 0.14303, 1.15018, 2.84598, -0.65769, -1.5413, -1.43836], [-2.32072, 0.13872, 1.14849, 2.85096, -0.65482, -1.54161, -1.4419], [-1.96357, 0.00909, 1.26889, 2.79604, -0.78756, -1.27608, -1.44233], [-1.60641, -0.12054, 1.38929, 2.74112, -0.9203, -1.01056, -1.44277], [-1.24926, -0.25016, 1.50969, 2.6862, -1.05304, -0.74503, -1.44321], [-0.8921, -0.37979, 1.63009, 2.63128, -1.18578, -0.4795, -1.44365], [-0.53495, -0.50942, 1.75049, 2.57636, -1.31852, -0.21397, -1.44408], [-0.17779, -0.63904, 1.87088, 2.52144, -1.45126, 0.05156, -1.44452], [0.15475, -0.75974, 1.98298, 2.47031, -1.57486, 0.29878, -1.44493], [-0.01053, -0.37443, 1.93967, 2.40656, -1.59076, 0.04317, -1.39304], [-0.1758, 0.01088, 1.89635, 2.34281, -1.60666, -0.21243, -1.34114], [-0.34107, 0.39619, 1.85304, 2.27906, -1.62256, -0.46804, -1.28925], [-0.50634, 0.7815, 1.80972, 2.21532, -1.63846, -0.72365, -1.23736], [-0.67162, 1.16681, 1.76641, 2.15157, -1.65436, -0.97926, -1.18547], [-0.83689, 1.55212, 1.72309, 2.08782, -1.67026, -1.23487, -1.13358]]
end: [-0.92498999999999998, 1.75752, 1.7, 2.0538400000000001, -1.6787399999999999, -1.37113, -1.1059099999999999]
obtacles: [[[0.6, -0.4, -0.2], [1.0, 0.6, -0.3]], [[0.7, -0.3, -0.2], [0.9, -0.2, 0.5]], [[0.7, 0.1, -0.2], [0.9, 0.2, 0.5]], [[0.7, -0.3, 0.5], [0.9, 0.2, 0.6]]]
start: [-1.1972100000000001, 1.95102, 1.7, 1.3829400000000001, -1.9685999999999999, -1.5225500000000001, -0.15110999999999999]
tajectories: [[-1.19721, 1.95102, 1.7, 1.38294, -1.9686, -1.52255, -0.15111], [-1.50325, 1.91935, 1.75169, 1.38719, -1.80655, -1.20109, -0.30294], [-1.80929, 1.88768, 1.80339, 1.39144, -1.64451, -0.87964, -0.45478], [-2.11534, 1.85601, 1.85508, 1.39569, -1.48246, -0.55819, -0.60661], [-2.42138, 1.82433, 1.90677, 1.39994, -1.32041, -0.23674, -0.75845], [-2.49569, 1.81664, 1.91932, 1.40098, -1.28107, -0.15869, -0.79531], [-2.37299, 1.4984, 1.7787, 1.46061, -1.34565, 0.08776, -0.58218], [-2.25029, 1.18015, 1.63807, 1.52025, -1.41023, 0.3342, -0.36905], [-2.1276, 0.8619, 1.49744, 1.57989, -1.47482, 0.58064, -0.15591], [-2.0049, 0.54365, 1.35682, 1.63953, -1.5394, 0.82708, 0.05722], [-1.88221, 0.2254, 1.21619, 1.69917, -1.60398, 1.07352, 0.27036], [-1.75951, -0.09285, 1.07556, 1.75881, -1.66857, 1.31996, 0.48349], [-1.64574, -0.38793, 0.94517, 1.81411, -1.72845, 1.54847, 0.68111], [-1.58402, -0.25047, 0.87682, 2.00915, -2.04154, 1.52801, 0.38762], [-1.5223, -0.11301, 0.80848, 2.2042, -2.35463, 1.50756, 0.09413], [-1.46057, 0.02445, 0.74013, 2.39924, -2.66771, 1.48711, -0.19936], [-1.39885, 0.16192, 0.67178, 2.59429, -2.9808, 1.46665, -0.49286], [-1.33713, 0.29938, 0.60343, 2.78933, -3.29389, 1.4462, -0.78635], [-1.30703, 0.36639, 0.57011, 2.88442, -3.44652, 1.43623, -0.92942], [-1.24877, 0.56343, 0.71417, 2.74736, -3.24651, 1.07813, -0.92648], [-1.19051, 0.76046, 0.85822, 2.61031, -3.0465, 0.72004, -0.92354], [-1.13225, 0.9575, 1.00228, 2.47326, -2.84649, 0.36194, -0.92059], [-1.07399, 1.15453, 1.14634, 2.33621, -2.64648, 0.00384, -0.91765], [-1.01573, 1.35157, 1.2904, 2.19915, -2.44647, -0.35426, -0.91471], [-0.95746, 1.5486, 1.43445, 2.0621, -2.24646, -0.71236, -0.91177], [-0.8992, 1.74564, 1.57851, 1.92505, -2.04645, -1.07045, -0.90882]]
end: [-0.85006999999999999, 1.9117999999999999, 1.7, 1.8094699999999999, -1.8777699999999999, -1.3724499999999999, -0.90634000000000003]
obtacles: [[[0.6, -0.4, -0.2], [1.0, 0.6, -0.3]], [[0.7, -0.3, -0.2], [0.9, -0.2, 0.5]], [[0.7, 0.1, -0.2], [0.9, 0.2, 0.5]], [[0.7, -0.3, 0.5], [0.9, 0.2, 0.6]]]
start: [-0.88532999999999995, 1.55254, 1.7, 1.18231, -1.6029599999999999, -1.44432, -0.29611999999999999]
tajectories: [[-0.88533, 1.55254, 1.7, 1.18231, -1.60296, -1.44432, -0.29612], [-1.13207, 1.56038, 1.93591, 1.5101, -1.61526, -1.28415, -0.28392], [-1.37881, 1.56821, 2.17182, 1.8379, -1.62756, -1.12398, -0.27173], [-1.62555, 1.57604, 2.40772, 2.1657, -1.63986, -0.96381, -0.25953], [-1.87229, 1.58388, 2.64363, 2.4935, -1.65215, -0.80364, -0.24733], [-1.93732, 1.58594, 2.7058, 2.57988, -1.6554, -0.76143, -0.24412], [-1.70764, 1.329, 2.55495, 2.45067, -1.87535, -0.93075, -0.3655], [-1.47797, 1.07206, 2.4041, 2.32147, -2.0953, -1.10007, -0.48689], [-1.24829, 0.81511, 2.25325, 2.19226, -2.31525, -1.26938, -0.60827], [-1.01862, 0.55817, 2.10241, 2.06306, -2.5352, -1.4387, -0.72966], [-0.90464, 0.43066, 2.02755, 1.99894, -2.64435, -1.52273, -0.7899], [-0.82199, 0.83666, 1.93808, 1.99059, -2.42703, -1.46876, -0.93173], [-0.73933, 1.24267, 1.84862, 1.98224, -2.20971, -1.4148, -1.07356], [-0.65668, 1.64867, 1.75916, 1.97389, -1.9924, -1.36084, -1.2154]]
end: [-0.60202, 1.91717, 1.7, 1.96837, -1.8486800000000001, -1.3251500000000001, -1.3091900000000001]
obtacles: [[[0.6, -0.4, -0.2], [1.0, 0.6, -0.3]], [[0.7, -0.3, -0.2], [0.9, -0.2, 0.5]], [[0.7, 0.1, -0.2], [0.9, 0.2, 0.5]], [[0.7, -0.3, 0.5], [0.9, 0.2, 0.6]]]
start: [-0.99241999999999997, 1.91981, 1.8, 1.0519400000000001, -1.98546, -1.55497, -0.015610000000000001]
tajectories: [[-0.99242, 1.91981, 1.8, 1.05194, -1.98546, -1.55497, -0.01561], [-1.15334, 1.74562, 1.86304, 1.38229, -2.18275, -1.51413, -0.2158], [-1.31425, 1.57144, 1.92608, 1.71264, -2.38004, -1.4733, -0.41598], [-1.35442, 1.52796, 1.94181, 1.79509, -2.42928, -1.4631, -0.46595], [-1.0221, 1.5298, 1.93482, 2.09403, -2.2852, -1.4579, -0.63731], [-0.788, 1.5311, 1.92989, 2.30461, -2.18371, -1.45423, -0.75803], [-0.78933, 1.8048, 1.81249, 2.10935, -1.96885, -1.32719, -1.00475]]
end: [-0.79003000000000001, 1.9504699999999999, 1.75, 2.00542, -1.85449, -1.2595799999999999, -1.1360600000000001]
obtacles: [[[0.6, -0.4, -0.2], [1.0, 0.6, -0.3]], [[0.7, -0.3, -0.2], [0.9, -0.2, 0.5]], [[0.7, 0.1, -0.2], [0.9, 0.2, 0.5]], [[0.7, -0.3, 0.5], [0.9, 0.2, 0.6]]]
start: [-0.98680000000000001, 1.48647, 1.75, 0.72787999999999997, -1.64873, -1.3887499999999999, 0.25846000000000002]
tajectories: [[-0.9868, 1.48647, 1.75, 0.72788, -1.64873, -1.38875, 0.25846], [-1.12737, 1.34664, 1.34806, 0.77233, -1.48874, -1.28055, 0.15919], [-1.26793, 1.20681, 0.94612, 0.81678, -1.32876, -1.17236, 0.05992], [-1.40849, 1.06698, 0.54418, 0.86123, -1.16877, -1.06416, -0.03935], [-1.54906, 0.92714, 0.14224, 0.90568, -1.00878, -0.95597, -0.13862], [-1.68962, 0.78731, -0.2597, 0.95014, -0.84879, -0.84777, -0.23789], [-1.78761, 0.68983, -0.53991, 0.98112, -0.73726, -0.77235, -0.3071], [-1.59227, 0.64578, -0.30759, 1.28247, -0.48735, -0.74539, -0.35112], [-1.39693, 0.60173, -0.07527, 1.58381, -0.23743, -0.71843, -0.39515], [-1.2016, 0.55768, 0.15706, 1.88515, 0.01249, -0.69148, -0.43917], [-1.00626, 0.51363, 0.38938, 2.18649, 0.2624, -0.66452, -0.4832], [-0.81092, 0.46958, 0.6217, 2.48783, 0.51232, -0.63757, -0.52722], [-0.79386, 0.46574, 0.64198, 2.51414, 0.53414, -0.63522, -0.53107], [-0.80099, 0.69534, 0.80369, 2.40194, 0.156, -0.74797, -0.58387], [-0.80811, 0.92495, 0.96541, 2.28973, -0.22213, -0.86073, -0.63667], [-0.81523, 1.15455, 1.12712, 2.17753, -0.60027, -0.97349, -0.68947], [-0.82235, 1.38416, 1.28884, 2.06533, -0.9784, -1.08625, -0.74227], [-0.82948, 1.61377, 1.45056, 1.95313, -1.35654, -1.19901, -0.79507], [-0.8366, 1.84337, 1.61227, 1.84093, -1.73468, -1.31176, -0.84787]]
end: [-0.84045999999999998, 1.96793, 1.7, 1.78006, -1.93981, -1.37293, -0.87651999999999997]
obtacles: [[[0.6, -0.4, -0.2], [1.0, 0.6, -0.3]], [[0.7, -0.3, -0.2], [0.9, -0.2, 0.5]], [[0.7, 0.1, -0.2], [0.9, 0.2, 0.5]], [[0.7, -0.3, 0.5], [0.9, 0.2, 0.6]]]
start: [-0.63161, 1.4711799999999999, 1.8500000000000001, 0.47260999999999997, -1.7758100000000001, -1.3557600000000001, 0.16719999999999999]
tajectories: [[-0.63161, 1.47118, 1.85, 0.47261, -1.77581, -1.35576, 0.1672], [-0.91036, 1.47501, 1.9561, 0.8376, -1.93928, -1.367, 0.19823], [-1.1891, 1.47885, 2.0622, 1.20259, -2.10275, -1.37824, 0.22926], [-1.24556, 1.47963, 2.08369, 1.27652, -2.13586, -1.38051, 0.23555], [-1.27339, 1.55608, 2.05726, 1.69982, -2.09003, -1.24616, 0.02733], [-1.30122, 1.63254, 2.03084, 2.12311, -2.04419, -1.11181, -0.18088], [-1.30156, 1.63348, 2.03051, 2.1283, -2.04363, -1.11016, -0.18344], [-1.35372, 1.58214, 1.9634, 2.33851, -2.41639, -0.93251, -0.34295], [-1.38177, 1.55454, 1.92732, 2.45154, -2.61683, -0.83699, -0.42872], [-1.20619, 1.68639, 1.77099, 2.26802, -2.40646, -1.07315, -0.63762], [-1.03061, 1.81824, 1.61467, 2.08449, -2.19609, -1.30931, -0.84652], [-0.85503, 1.9501, 1.45835, 1.90097, -1.98572, -1.54547, -1.05542]]
end: [-0.84565000000000001, 1.9571400000000001, 1.45, 1.89117, -1.9744900000000001, -1.5580700000000001, -1.06657]
obtacles: [[[0.6, -0.4, -0.2], [1.0, 0.6, -0.3]], [[0.7, -0.3, -0.2], [0.9, -0.2, 0.5]], [[0.7, 0.1, -0.2], [0.9, 0.2, 0.5]], [[0.7, -0.3, 0.5], [0.9, 0.2, 0.6]]]
start: [-0.92510000000000003, 1.88412, 1.75, 1.08185, -1.93025, -1.5658700000000001, -0.12747]
tajectories: [[-0.9251, 1.88412, 1.75, 1.08185, -1.93025, -1.56587, -0.12747], [-1.07655, 1.59024, 1.83347, 1.22153, -2.07585, -1.28467, -0.24558], [-1.228, 1.29636, 1.91694, 1.3612, -2.22145, -1.00348, -0.36369], [-1.36533, 1.02987, 1.99264, 1.48785, -2.35349, -0.74849, -0.47079], [-1.18738, 0.88295, 1.86702, 1.43207, -2.57244, -0.85259, -0.81586], [-1.00943, 0.73603, 1.74141, 1.37628, -2.7914, -0.9567, -1.16094], [-0.93279, 0.67275, 1.68731, 1.35226, -2.8857, -1.00153, -1.30956], [-0.96765, 0.97817, 1.57146, 1.68264, -2.71888, -1.07256, -1.3021], [-1.0025, 1.28358, 1.4556, 2.01303, -2.55207, -1.1436, -1.29463], [-1.02382, 1.47042, 1.38473, 2.21515, -2.45001, -1.18705, -1.29007], [-0.87101, 1.66951, 1.57707, 2.11179, -2.08216, -1.24338, -1.26102]]
end: [-0.73362000000000005, 1.84849, 1.75, 2.0188600000000001, -1.7514400000000001, -1.2940199999999999, -1.2349000000000001]
obtacles: [[[0.6, -0.4, -0.2], [1.0, 0.6, -0.3]], [[0.7, -0.3, -0.2], [0.9, -0.2, 0.5]], [[0.7, 0.1, -0.2], [0.9, 0.2, 0.5]], [[0.7, -0.3, 0.5], [0.9, 0.2, 0.6]]]
start: [2.0784400000000001, -1.9716499999999999, -1.3500000000000001, 1.15388, -2.0248200000000001, -1.54443, -0.039600000000000003]
tajectories: [[2.07844, -1.97165, -1.35, 1.15388, -2.02482, -1.54443, -0.0396], [1.77783, -1.9341, -1.51513, 1.01519, -1.74569, -1.42318, -0.17783], [1.47722, -1.89655, -1.68026, 0.87651, -1.46656, -1.30193, -0.31605], [1.1766, -1.859, -1.8454, 0.73783, -1.18743, -1.18068, -0.45428], [0.87599, -1.82145, -2.01053, 0.59915, -0.9083, -1.05943, -0.59251], [0.57538, -1.7839, -2.17566, 0.46047, -0.62917, -0.93818, -0.73073], [0.27477, -1.74635, -2.34079, 0.32179, -0.35004, -0.81693, -0.86896], [0.25279, -1.7436, -2.35286, 0.31165, -0.32964, -0.80807, -0.87907], [0.0794, -1.53539, -2.30028, 0.49522, -0.25692, -0.52546, -1.11351], [-0.09399, -1.32717, -2.24769, 0.67879, -0.18419, -0.24285, -1.34795], [-0.26738, -1.11895, -2.1951, 0.86236, -0.11147, 0.03976, -1.58239], [-0.44076, -0.91074, -2.14251, 1.04593, -0.03874, 0.32236, -1.81683], [-0.61415, -0.70252, -2.08992, 1.2295, 0.03398, 0.60497, -2.05127], [-0.78754, -0.49431, -2.03733, 1.41307, 0.1067, 0.88758, -2.28571], [-0.96093, -0.28609, -1.98474, 1.59664, 0.17943, 1.17019, -2.52015], [-1.13432, -0.07787, -1.93215, 1.78021, 0.25215, 1.4528, -2.75459], [-1.15702, -0.05061, -1.92527, 1.80425, 0.26167, 1.48979, -2.78529], [-0.86541, 0.24113, -1.85247, 1.83249, 0.02808, 1.50102, -2.64722], [-0.5738, 0.53287, -1.77968, 1.86073, -0.20551, 1.51224, -2.50916], [-0.28218, 0.82462, -1.70689, 1.88897, -0.43909, 1.52346, -2.37109], [0.00943, 1.11636, -1.6341, 1.91721, -0.67268, 1.53469, -2.23303], [0.30104, 1.40811, -1.56131, 1.94545, -0.90627, 1.54591, -2.09496], [0.59265, 1.69985, -1.48851, 1.97369, -1.13986, 1.55713, -1.9569]]
end: [0.74694000000000005, 1.8542099999999999, -1.45, 1.9886299999999999, -1.26345, 1.56307, -1.88385]
obtacles: [[[0.6, -0.4, -0.2], [1.0, 0.6, -0.3]], [[0.7, -0.3, -0.2], [0.9, -0.2, 0.5]], [[0.7, 0.1, -0.2], [0.9, 0.2, 0.5]], [[0.7, -0.3, 0.5], [0.9, 0.2, 0.6]]]
start: [2.01369, -1.88934, -1.2, 1.4230499999999999, -1.95749, -1.2721, -0.17601]
tajectories: [[2.01369, -1.88934, -1.2, 1.42305, -1.95749, -1.2721, -0.17601], [1.90886, -1.73523, -1.31187, 1.60565, -2.09887, -1.04919, -0.4918], [1.80402, -1.58112, -1.42375, 1.78825, -2.24025, -0.82628, -0.80759], [1.69918, -1.42701, -1.53562, 1.97085, -2.38162, -0.60337, -1.12339], [1.59434, -1.2729, -1.64749, 2.15345, -2.523, -0.38046, -1.43918], [1.55211, -1.21082, -1.69256, 2.227, -2.57995, -0.29067, -1.56638], [1.67964, -1.24675, -1.77134, 2.28771, -2.87012, -0.05523, -1.27841], [1.80717, -1.28267, -1.85013, 2.34841, -3.16029, 0.1802, -0.99045], [1.93469, -1.3186, -1.92891, 2.40912, -3.45046, 0.41564, -0.70248], [2.06222, -1.35453, -2.00769, 2.46982, -3.74063, 0.65107, -0.41451], [2.14762, -1.37859, -2.06046, 2.51047, -3.93496, 0.80874, -0.22165], [2.19021, -1.46735, -1.95979, 2.37696, -3.63333, 0.47381, -0.3175], [2.23279, -1.55611, -1.85912, 2.24344, -3.33169, 0.13888, -0.41335], [2.27538, -1.64487, -1.75846, 2.10993, -3.03006, -0.19606, -0.50919], [2.31796, -1.73363, -1.65779, 1.97641, -2.72843, -0.53099, -0.60504], [2.36055, -1.82238, -1.55713, 1.8429, -2.4268, -0.86592, -0.70089], [2.40313, -1.91114, -1.45646, 1.70938, -2.12517, -1.20085, -0.79673]]
end: [2.4270200000000002, -1.9609300000000001, -1.3999999999999999, 1.6345000000000001, -1.9559899999999999, -1.3887100000000001, -0.85048999999999997]
obtacles: [[[0.6, -0.4, -0.2], [1.0, 0.6, -0.3]], [[0.7, -0.3, -0.2], [0.9, -0.2, 0.5]], [[0.7, 0.1, -0.2], [0.9, 0.2, 0.5]], [[0.7, -0.3, 0.5], [0.9, 0.2, 0.6]]]
start: [2.0995699999999999, -1.46089, -1.3999999999999999, 0.92574999999999996, -1.5850200000000001, -1.3684799999999999, 0.10829999999999999]
tajectories: [[2.09957, -1.46089, -1.4, 0.92575, -1.58502, -1.36848, 0.1083], [1.95324, -1.5999, -1.31315, 1.32935, -1.77361, -1.33057, 0.15097], [1.80691, -1.7389, -1.22629, 1.73296, -1.96221, -1.29266, 0.19363], [1.71614, -1.82513, -1.17241, 1.98333, -2.07921, -1.26914, 0.2201], [2.00321, -1.71838, -1.19583, 2.21609, -2.1427, -1.36596, -0.07666], [2.29028, -1.61163, -1.21925, 2.44884, -2.20618, -1.46278, -0.37342], [2.54103, -1.51839, -1.2397, 2.65214, -2.26163, -1.54734, -0.63263], [2.55549, -1.63531, -1.30669, 2.30471, -2.04934, -1.46608, -0.87604], [2.56996, -1.75222, -1.37367, 1.95727, -1.83704, -1.38482, -1.11946]]
end: [2.57565, -1.7981799999999999, -1.3999999999999999, 1.8206899999999999, -1.75359, -1.3528800000000001, -1.2151400000000001]
obtacles: [[[0.6, -0.4, -0.2], [1.0, 0.6, -0.3]], [[0.7, -0.3, -0.2], [0.9, -0.2, 0.5]], [[0.7, 0.1, -0.2], [0.9, 0.2, 0.5]], [[0.7, -0.3, 0.5], [0.9, 0.2, 0.6]]]
start: [2.1505299999999998, -1.76034, -1.2, 1.2420500000000001, -1.8808, -1.2911900000000001, -0.17136000000000001]
tajectories: [[2.15053, -1.76034, -1.2, 1.24205, -1.8808, -1.29119, -0.17136], [2.02793, -1.55262, -1.33058, 1.3937, -1.63789, -1.11189, -0.41757], [1.90534, -1.3449, -1.46115, 1.54534, -1.39497, -0.93259, -0.66377], [1.78274, -1.13717, -1.59173, 1.69699, -1.15205, -0.75329, -0.90998], [1.66014, -0.92945, -1.72231, 1.84863, -0.90914, -0.57399, -1.15619], [1.53755, -0.72173, -1.85288, 2.00028, -0.66622, -0.39469, -1.40239], [1.41495, -0.51401, -1.98346, 2.15193, -0.42331, -0.21539, -1.6486], [1.29236, -0.30628, -2.11404, 2.30357, -0.18039, -0.03609, -1.89481], [1.28442, -0.29283, -2.12249, 2.31339, -0.16466, -0.02448, -1.91075], [1.15485, 0.06311, -2.02254, 2.2425, -0.33299, 0.22538, -1.88359], [1.02528, 0.41904, -1.92259, 2.17161, -0.50132, 0.47524, -1.85644], [0.8957, 0.77498, -1.82263, 2.10072, -0.66966, 0.7251, -1.82928], [0.76613, 1.13092, -1.72268, 2.02983, -0.83799, 0.97496, -1.80212], [0.63656, 1.48686, -1.62273, 1.95893, -1.00632, 1.22483, -1.77496], [0.50699, 1.84279, -1.52278, 1.88804, -1.17465, 1.47469, -1.7478]]
end: [0.47746, 1.9238999999999999, -1.5, 1.8718900000000001, -1.2130099999999999, 1.53162, -1.7416100000000001]
obtacles: [[[0.6, -0.4, -0.2], [1.0, 0.6, -0.3]], [[0.7, -0.3, -0.2], [0.9, -0.2, 0.5]], [[0.7, 0.1, -0.2], [0.9, 0.2, 0.5]], [[0.7, -0.3, 0.5], [0.9, 0.2, 0.6]]]
start: [2.0603500000000001, -1.64405, -1.45, 0.88292000000000004, -1.70418, -1.5244, 0.20585999999999999]
tajectories: [[2.06035, -1.64405, -1.45, 0.88292, -1.70418, -1.5244, 0.20586], [1.74732, -1.66062, -1.57663, 1.0904, -1.77231, -1.42962, -0.07526], [1.43429, -1.67718, -1.70326, 1.29789, -1.84043, -1.33484, -0.35638], [1.12127, -1.69375, -1.82989, 1.50538, -1.90856, -1.24006, -0.6375], [0.80824, -1.71032, -1.95651, 1.71287, -1.97669, -1.14528, -0.91862], [0.49521, -1.72688, -2.08314, 1.92035, -2.04481, -1.0505, -1.19974], [0.18218, -1.74345, -2.20977, 2.12784, -2.11294, -0.95572, -1.48086], [-0.13085, -1.76001, -2.3364, 2.33533, -2.18106, -0.86094, -1.76199], [-0.13538, -1.76025, -2.33824, 2.33834, -2.18205, -0.85957, -1.76606], [0.06277, -1.49513, -2.30747, 2.38892, -2.51473, -0.76214, -1.89559], [0.26092, -1.23001, -2.2767, 2.4395, -2.8474, -0.66471, -2.02511], [0.45907, -0.96489, -2.24593, 2.49008, -3.18008, -0.56727, -2.15464], [0.65722, -0.69977, -2.21516, 2.54066, -3.51275, -0.46984, -2.28416], [0.85537, -0.43465, -2.18439, 2.59124, -3.84542, -0.37241, -2.41369], [1.05352, -0.16953, -2.15362, 2.64182, -4.1781, -0.27498, -2.54321], [1.25168, 0.09559, -2.12286, 2.69241, -4.51077, -0.17755, -2.67274], [1.38467, 0.27353, -2.10221, 2.72636, -4.73406, -0.11215, -2.75967], [1.29706, 0.44983, -2.02914, 2.64302, -4.34595, 0.07606, -2.64604], [1.20945, 0.62612, -1.95607, 2.55969, -3.95785, 0.26428, -2.5324], [1.12185, 0.80241, -1.883, 2.47636, -3.56975, 0.4525, -2.41877], [1.03424, 0.9787, -1.80993, 2.39303, -3.18165, 0.64072, -2.30513], [0.94663, 1.15499, -1.73686, 2.30969, -2.79354, 0.82893, -2.1915], [0.85902, 1.33128, -1.66379, 2.22636, -2.40544, 1.01715, -2.07786], [0.77141, 1.50757, -1.59073, 2.14303, -2.01734, 1.20537, -1.96422], [0.68381, 1.68387, -1.51766, 2.0597, -1.62923, 1.39359, -1.85059]]
end: [0.60268999999999995, 1.8471, -1.45, 1.98254, -1.2698700000000001, 1.56786, -1.7453700000000001]
obtacles: [[[0.6, -0.4, -0.2], [1.0, 0.6, -0.3]], [[0.7, -0.3, -0.2], [0.9, -0.2, 0.5]], [[0.7, 0.1, -0.2], [0.9, 0.2, 0.5]], [[0.7, -0.3, 0.5], [0.9, 0.2, 0.6]]]
start: [2.0163000000000002, -1.9529799999999999, -1.25, 1.18666, -2.0481199999999999, -1.43893, 0.033329999999999999]
tajectories: [[2.0163, -1.95298, -1.25, 1.18666, -2.04812, -1.43893, 0.03333], [1.9004, -1.87227, -1.28432, 1.60862, -1.95256, -1.29108, 0.17417], [1.79316, -1.7976, -1.31608, 1.99902, -1.86415, -1.15429, 0.30447], [1.92254, -1.94206, -1.50527, 2.29805, -1.9029, -1.30097, 0.05116], [1.94047, -1.96207, -1.53149, 2.33949, -1.90827, -1.32129, 0.01606], [2.10878, -1.92795, -1.49031, 2.11366, -1.89808, -1.3736, -0.3901], [2.14516, -1.92057, -1.48141, 2.06485, -1.89588, -1.3849, -0.47789], [2.31122, -1.96048, -1.36631, 1.86073, -1.91015, -1.28575, -0.87271]]
end: [2.3347500000000001, -1.9661299999999999, -1.3500000000000001, 1.8318099999999999, -1.9121699999999999, -1.2717000000000001, -0.92864999999999998]
obtacles: [[[0.6, -0.4, -0.2], [1.0, 0.6, -0.3]], [[0.7, -0.3, -0.2], [0.9, -0.2, 0.5]], [[0.7, 0.1, -0.2], [0.9, 0.2, 0.5]], [[0.7, -0.3, 0.5], [0.9, 0.2, 0.6]]]
start: [2.08365, -1.8749899999999999, -1.3500000000000001, 1.25448, -1.9300999999999999, -1.46519, -0.14335999999999999]
tajectories: [[2.08365, -1.87499, -1.35, 1.25448, -1.9301, -1.46519, -0.14336], [2.01076, -1.82218, -1.25674, 1.2503, -1.49477, -1.26878, -0.21474], [1.93788, -1.76936, -1.16347, 1.24612, -1.05943, -1.07238, -0.28611], [1.865, -1.71655, -1.07021, 1.24194, -0.6241, -0.87597, -0.35748], [1.79212, -1.66373, -0.97695, 1.23776, -0.18877, -0.67957, -0.42885], [1.71923, -1.61092, -0.88368, 1.23358, 0.24656, -0.48317, -0.50023], [1.64635, -1.55811, -0.79042, 1.2294, 0.6819, -0.28676, -0.5716], [1.57347, -1.50529, -0.69716, 1.22522, 1.11723, -0.09036, -0.64297], [1.54247, -1.48283, -0.65749, 1.22344, 1.30237, -0.00683, -0.67333], [1.33926, -1.22919, -0.50961, 1.42427, 1.13947, 0.15418, -0.84571], [1.13606, -0.97556, -0.36173, 1.62509, 0.97657, 0.31518, -1.01809], [0.93285, -0.72192, -0.21384, 1.82592, 0.81367, 0.47619, -1.19047], [0.72964, -0.46828, -0.06596, 2.02675, 0.65077, 0.63719, -1.36285], [0.52643, -0.21464, 0.08192, 2.22757, 0.48787, 0.7982, -1.53523], [0.32323, 0.03899, 0.2298, 2.4284, 0.32496, 0.9592, -1.70761], [0.12002, 0.29263, 0.37768, 2.62922, 0.16206, 1.12021, -1.87999], [0.10916, 0.30618, 0.38558, 2.63995, 0.15336, 1.12881, -1.8892], [0.20501, 0.57582, 0.0753, 2.50615, -0.06795, 1.1968, -1.90718], [0.30085, 0.84547, -0.23499, 2.37235, -0.28926, 1.26479, -1.92516], [0.39669, 1.11511, -0.54528, 2.23855, -0.51057, 1.33277, -1.94314], [0.49253, 1.38476, -0.85557, 2.10474, -0.73188, 1.40076, -1.96112], [0.58837, 1.6544, -1.16585, 1.97094, -0.9532, 1.46875, -1.9791], [0.68422, 1.92405, -1.47614, 1.83714, -1.17451, 1.53674, -1.99708]]
end: [0.69159000000000004, 1.94478, -1.5, 1.8268500000000001, -1.1915199999999999, 1.5419700000000001, -1.9984599999999999]
obtacles: [[[0.6, -0.4, -0.2], [1.0, 0.6, -0.3]], [[0.7, -0.3, -0.2], [0.9, -0.2, 0.5]], [[0.7, 0.1, -0.2], [0.9, 0.2, 0.5]], [[0.7, -0.3, 0.5], [0.9, 0.2, 0.6]]]
start: [2.2742300000000002, -1.8996900000000001, -0.59999999999999998, 0.39401000000000003, -2.57782, -1.56918, 0.64886999999999995]
tajectories: [[2.27423, -1.89969, -0.6, 0.39401, -2.57782, -1.56918, 0.64887], [2.14598, -1.74242, -0.51533, 0.71286, -2.5896, -1.37511, 0.89823], [2.01774, -1.58515, -0.43066, 1.03171, -2.60138, -1.18104, 1.1476], [1.88949, -1.42788, -0.34599, 1.35056, -2.61317, -0.98697, 1.39697], [1.76125, -1.27061, -0.26132, 1.66941, -2.62495, -0.7929, 1.64634], [1.63301, -1.11334, -0.17665, 1.98825, -2.63673, -0.59883, 1.89571], [1.55985, -1.02364, -0.12836, 2.17013, -2.64345, -0.48813, 2.03795], [1.59157, -0.69513, -0.31835, 2.10176, -2.80388, -0.74831, 2.1209], [1.62329, -0.36663, -0.50835, 2.03339, -2.96431, -1.00848, 2.20384], [1.65501, -0.03812, -0.69834, 1.96503, -3.12474, -1.26865, 2.28679], [1.67099, 0.12744, -0.7941, 1.93057, -3.2056, -1.39977, 2.32859], [1.4521, 0.46527, -0.91734, 1.93406, -3.41861, -1.42754, 2.16546], [1.23321, 0.80311, -1.04058, 1.93754, -3.63162, -1.4553, 2.00233], [1.01432, 1.14094, -1.16382, 1.94103, -3.84463, -1.48307, 1.8392], [0.79543, 1.47877, -1.28706, 1.94452, -4.05764, -1.51084, 1.67607], [0.57654, 1.8166, -1.4103, 1.94801, -4.27065, -1.5386, 1.51293]]
end: [0.50602999999999998, 1.92543, -1.45, 1.94913, -4.3392600000000003, -1.5475399999999999, 1.46038]
obtacles: [[[0.6, -0.4, -0.2], [1.0, 0.6, -0.3]], [[0.7, -0.3, -0.2], [0.9, -0.2, 0.5]], [[0.7, 0.1, -0.2], [0.9, 0.2, 0.5]], [[0.7, -0.3, 0.5], [0.9, 0.2, 0.6]]]
start: [-0.26745999999999998, 1.96994, -1.8500000000000001, 1.0018100000000001, -4.2296399999999998, -1.56626, 1.21133]
tajectories: [[-0.26746, 1.96994, -1.85, 1.00181, -4.22964, -1.56626, 1.21133], [-0.2863, 1.94691, -1.66073, 1.24426, -4.27684, -1.41982, 1.57304], [-0.30337, 1.92603, -1.48914, 1.46408, -4.31963, -1.28706, 1.90098], [-0.03172, 1.90478, -1.61613, 1.75771, -4.13037, -1.27482, 2.09448], [0.03512, 1.89956, -1.64738, 1.82995, -4.08381, -1.27181, 2.14209], [0.34878, 1.69537, -1.74113, 2.01026, -4.15814, -1.12217, 1.94034], [0.53647, 1.57319, -1.79723, 2.11815, -4.20262, -1.03263, 1.81962], [0.5056, 1.79428, -1.84066, 2.06067, -4.51984, -1.17346, 1.54664]]
end: [0.49896000000000001, 1.8418300000000001, -1.8500000000000001, 2.0483099999999999, -4.5880599999999996, -1.20374, 1.48794]
obtacles: [[[0.6, -0.4, -0.2], [1.0, 0.6, -0.3]], [[0.7, -0.3, -0.2], [0.9, -0.2, 0.5]], [[0.7, 0.1, -0.2], [0.9, 0.2, 0.5]], [[0.7, -0.3, 0.5], [0.9, 0.2, 0.6]]]
start: [2.3778600000000001, -1.8670199999999999, -1.3, 0.91242000000000001, -1.9687600000000001, -1.5470200000000001, -0.10324999999999999]
tajectories: [[2.37786, -1.86702, -1.3, 0.91242, -1.96876, -1.54702, -0.10325], [2.0467, -1.81627, -1.23345, 0.96778, -1.85897, -1.3515, -0.38605], [1.71554, -1.76553, -1.1669, 1.02315, -1.74918, -1.15597, -0.66886], [1.40242, -1.71754, -1.10397, 1.0755, -1.64537, -0.9711, -0.93626], [1.21074, -1.66091, -1.116, 1.5045, -1.75955, -0.94964, -0.82505], [1.01906, -1.60427, -1.12802, 1.9335, -1.87373, -0.92817, -0.71384], [0.98239, -1.59343, -1.13032, 2.01556, -1.89556, -0.92407, -0.69257], [1.31418, -1.39543, -1.32139, 2.16708, -1.71648, -0.97618, -0.61221], [1.64596, -1.19742, -1.51247, 2.3186, -1.53739, -1.02828, -0.53185], [1.95557, -1.01265, -1.69077, 2.45999, -1.37027, -1.07691, -0.45687], [2.11085, -1.3285, -1.57518, 2.27634, -1.53733, -1.1354, -0.67529], [2.26613, -1.64435, -1.4596, 2.09269, -1.7044, -1.19389, -0.89371]]
end: [2.4133599999999999, -1.94384, -1.3500000000000001, 1.91856, -1.8628100000000001, -1.24935, -1.1008199999999999]
obtacles: [[[0.6, -0.4, -0.2], [1.0, 0.6, -0.3]], [[0.7, -0.3, -0.2], [0.9, -0.2, 0.5]], [[0.7, 0.1, -0.2], [0.9, 0.2, 0.5]], [[0.7, -0.3, 0.5], [0.9, 0.2, 0.6]]]
start: [2.1419800000000002, -1.6764399999999999, -1.3500000000000001, 1.32186, -1.7300599999999999, -1.38463, -0.29563]
tajectories: [[2.14198, -1.67644, -1.35, 1.32186, -1.73006, -1.38463, -0.29563], [1.84536, -1.40494, -1.36367, 1.34325, -1.46663, -1.29944, -0.40051], [1.54874, -1.13343, -1.37733, 1.36465, -1.20319, -1.21424, -0.5054], [1.25212, -0.86193, -1.391, 1.38604, -0.93976, -1.12905, -0.61028], [0.9555, -0.59042, -1.40466, 1.40743, -0.67632, -1.04386, -0.71517], [0.65888, -0.31892, -1.41833, 1.42883, -0.41288, -0.95866, -0.82005], [0.36226, -0.04742, -1.43199, 1.45022, -0.14945, -0.87347, -0.92494], [0.06563, 0.22409, -1.44566, 1.47162, 0.11399, -0.78827, -1.02982], [-0.01802, 0.30066, -1.44951, 1.47765, 0.18828, -0.76425, -1.0594], [0.2829, 0.45541, -1.63439, 1.73494, 0.24766, -0.66675, -0.91077], [0.58381, 0.61016, -1.81927, 1.99224, 0.30705, -0.56925, -0.76215], [0.88473, 0.76491, -2.00414, 2.24953, 0.36643, -0.47176, -0.61352], [1.18565, 0.91966, -2.18902, 2.50683, 0.42581, -0.37426, -0.4649], [1.48657, 1.07441, -2.37389, 2.76412, 0.4852, -0.27676, -0.31627], [1.54116, 1.10249, -2.40743, 2.8108, 0.49597, -0.25907, -0.28931], [1.37195, 1.19768, -2.28679, 2.66032, 0.23455, -0.00373, -0.49317], [1.20273, 1.29287, -2.16615, 2.50983, -0.02688, 0.25162, -0.69704], [1.03352, 1.38806, -2.04551, 2.35935, -0.2883, 0.50697, -0.9009], [0.86431, 1.48325, -1.92487, 2.20886, -0.54973, 0.76232, -1.10476], [0.69509, 1.57844, -1.80423, 2.05838, -0.81115, 1.01767, -1.30863], [0.52588, 1.67363, -1.68359, 1.90789, -1.07258, 1.27302, -1.51249], [0.35667, 1.76882, -1.56295, 1.75741, -1.334, 1.52836, -1.71635]]
end: [0.33850000000000002, 1.77904, -1.55, 1.74125, -1.3620699999999999, 1.5557799999999999, -1.73824]
obtacles: [[[0.6, -0.4, -0.2], [1.0, 0.6, -0.3]], [[0.7, -0.3, -0.2], [0.9, -0.2, 0.5]], [[0.7, 0.1, -0.2], [0.9, 0.2, 0.5]], [[0.7, -0.3, 0.5], [0.9, 0.2, 0.6]]]
start: [2.0877599999999998, -1.88459, -1.2, 0.74565000000000003, -2.0517599999999998, -1.56372, 0.36924000000000001]
tajectories: [[2.08776, -1.88459, -1.2, 0.74565, -2.05176, -1.56372, 0.36924], [2.1, -1.74403, -1.02907, 1.15105, -1.86688, -1.55981, 0.32098], [2.11224, -1.60348, -0.85815, 1.55645, -1.682, -1.55589, 0.27271], [2.12448, -1.46292, -0.68722, 1.96186, -1.49712, -1.55198, 0.22444], [2.13671, -1.32236, -0.5163, 2.36726, -1.31224, -1.54807, 0.17617], [2.14895, -1.18181, -0.34537, 2.77267, -1.12736, -1.54415, 0.1279], [2.15637, -1.09664, -0.2418, 3.01833, -1.01533, -1.54178, 0.09865], [2.25122, -1.25624, -0.45987, 2.81448, -1.16357, -1.47186, -0.21687], [2.34606, -1.41584, -0.67795, 2.61063, -1.31181, -1.40194, -0.53239], [2.44091, -1.57544, -0.89603, 2.40678, -1.46006, -1.33201, -0.84791], [2.53576, -1.73504, -1.11411, 2.20293, -1.6083, -1.26209, -1.16343]]
end: [2.6166100000000001, -1.8710800000000001, -1.3, 2.0291700000000001, -1.7346600000000001, -1.2024900000000001, -1.43238]
