obtacles: [[[0.6, -0.4, -0.2], [1.0, 0.6, -0.3]], [[0.7, -0.2, -0.2], [0.9, -0.1, 0.4]], [[0.7, 0.3, -0.2], [0.9, 0.4, 0.4]], [[0.7, -0.2, 0.4], [0.9, 0.4, 0.5]]]
start: [2.14011, -1.9678899999999999, -1.1000000000000001, 1.7852399999999999, -1.90879, -1.0575399999999999, -0.59782000000000002]
tajectories: [[2.14011, -1.96789, -1.1, 1.78524, -1.90879, -1.05754, -0.59782], [1.92134, -1.59213, -0.98939, 1.92716, -2.01198, -1.01956, -0.72619], [1.70257, -1.21637, -0.87878, 2.06908, -2.11516, -0.98159, -0.85456], [1.48381, -0.84061, -0.76817, 2.211, -2.21835, -0.94362, -0.98293], [1.26504, -0.46484, -0.65756, 2.35293, -2.32154, -0.90565, -1.1113], [1.04628, -0.08908, -0.54695, 2.49485, -2.42473, -0.86767, -1.23967], [0.82751, 0.28668, -0.43634, 2.63677, -2.52792, -0.8297, -1.36803], [0.76088, 0.40112, -0.40265, 2.67999, -2.55934, -0.81813, -1.40713], [0.74615, 0.5927, -0.58082, 2.53324, -2.39537, -0.46907, -1.5123], [0.73142, 0.78428, -0.759, 2.38648, -2.23139, -0.12, -1.61747], [0.71669, 0.97586, -0.93718, 2.23973, -2.06742, 0.22907, -1.72263], [0.70196, 1.16744, -1.11536, 2.09297, -1.90344, 0.57813, -1.8278], [0.68723, 1.35902, -1.29354, 1.94622, -1.73947, 0.9272, -1.93297], [0.6725, 1.5506, -1.47171, 1.79946, -1.57549, 1.27627, -2.03813]]
end: [0.66188999999999998, 1.6885300000000001, -1.6000000000000001, 1.6938, -1.45743, 1.52759, -2.1138499999999998]
obtacles: [[[0.6, -0.4, -0.2], [1.0, 0.6, -0.3]], [[0.7, -0.2, -0.2], [0.9, -0.1, 0.4]], [[0.7, 0.3, -0.2], [0.9, 0.4, 0.4]], [[0.7, -0.2, 0.4], [0.9, 0.4, 0.5]]]
start: [-0.64202000000000004, 1.5381, -1.6000000000000001, -0.83880999999999994, -1.5269600000000001, 1.5706599999999999, 2.9452799999999999]
tajectories: [[-0.64202, 1.5381, -1.6, -0.83881, -1.52696, 1.57066, 2.94528], [-0.69015, 1.61181, -1.75362, -0.49062, -1.23644, 1.51769, 2.84425], [-0.73827, 1.68552, -1.90723, -0.14243, -0.94591, 1.46472, 2.74322], [-0.78639, 1.75923, -2.06085, 0.20576, -0.65539, 1.41175, 2.64218], [-0.83451, 1.83293, -2.21446, 0.55395, -0.36486, 1.35878, 2.54115], [-0.88264, 1.90664, -2.36808, 0.90213, -0.07434, 1.30582, 2.44012], [-0.91021, 1.94888, -2.4561, 1.10164, 0.09213, 1.27547, 2.38223], [-0.6634, 1.83339, -2.50095, 1.37585, 0.08006, 1.3378, 2.0748], [-0.41658, 1.71791, -2.54579, 1.65005, 0.068, 1.40013, 1.76737], [-0.16977, 1.60242, -2.59064, 1.92426, 0.05593, 1.46246, 1.45993], [0.06797, 1.49118, -2.63384, 2.18839, 0.04431, 1.5225, 1.1638], [0.32573, 1.50513, -2.49707, 2.26405, -0.18666, 1.35535, 0.88515], [0.58349, 1.51909, -2.36031, 2.3397, -0.41763, 1.18819, 0.6065], [0.84126, 1.53304, -2.22355, 2.41536, -0.64861, 1.02103, 0.32785], [1.09902, 1.54699, -2.08678, 2.49102, -0.87958, 0.85387, 0.04921], [1.35678, 1.56094, -1.95002, 2.56668, -1.11055, 0.68671, -0.22944], [1.45838, 1.56644, -1.89611, 2.5965, -1.2016, 0.62083, -0.33928], [1.27526, 1.59358, -1.8635, 2.33949, -1.22941, 0.7735, -0.69216], [1.09215, 1.62071, -1.83089, 2.08248, -1.25723, 0.92618, -1.04505], [0.90903, 1.64784, -1.79828, 1.82547, -1.28505, 1.07885, -1.39794], [0.72591, 1.67497, -1.76566, 1.56846, -1.31287, 1.23152, -1.75083], [0.54279, 1.70211, -1.73305, 1.31144, -1.34069, 1.3842, -2.10372], [0.35967, 1.72924, -1.70044, 1.05443, -1.3685, 1.53687, -2.4566]]
end: [0.35721000000000003, 1.7296, -1.7, 1.05097, -1.3688800000000001, 1.5389299999999999, -2.4613499999999999]
obtacles: [[[0.6, -0.4, -0.2], [1.0, 0.6, -0.3]], [[0.7, -0.2, -0.2], [0.9, -0.1, 0.4]], [[0.7, 0.3, -0.2], [0.9, 0.4, 0.4]], [[0.7, -0.2, 0.4], [0.9, 0.4, 0.5]]]
start: [-0.058290000000000002, 1.7899499999999999, -1.7, 1.5771200000000001, -1.3506400000000001, 1.4433199999999999, -1.5345200000000001]
tajectories: [[-0.05829, 1.78995, -1.7, 1.57712, -1.35064, 1.44332, -1.53452], [-0.02851, 1.5676, -1.41061, 1.68702, -1.10969, 1.33847, -1.72105], [0.00127, 1.34524, -1.12121, 1.79691, -0.86873, 1.23363, -1.90758], [0.03105, 1.12288, -0.83182, 1.9068, -0.62777, 1.12879, -2.0941], [0.06083, 0.90053, -0.54243, 2.01669, -0.38681, 1.02395, -2.28063], [0.09062, 0.67817, -0.25304, 2.12659, -0.14585, 0.9191, -2.46716], [0.1204, 0.45581, 0.03636, 2.23648, 0.09511, 0.81426, -2.65369], [0.15018, 0.23346, 0.32575, 2.34637, 0.33607, 0.70942, -2.84022], [0.15706, 0.18204, 0.39267, 2.37178, 0.39179, 0.68517, -2.88335], [0.33603, 0.39963, 0.2356, 2.35382, 0.518, 0.78879, -2.53843], [0.51499, 0.61722, 0.07852, 2.33585, 0.64421, 0.8924, -2.19351], [0.69395, 0.83481, -0.07855, 2.31788, 0.77042, 0.99601, -1.8486], [0.87291, 1.0524, -0.23562, 2.29992, 0.89663, 1.09962, -1.50368], [1.05187, 1.26999, -0.39269, 2.28195, 1.02284, 1.20324, -1.15876], [1.23083, 1.48758, -0.54977, 2.26399, 1.14904, 1.30685, -0.81384], [1.33395, 1.61295, -0.64027, 2.25363, 1.22177, 1.36655, -0.61511], [1.23389, 1.63425, -0.78704, 2.11174, 0.8666, 1.38738, -0.8821], [1.13384, 1.65554, -0.9338, 1.96984, 0.51143, 1.4082, -1.14909], [1.03379, 1.67684, -1.08057, 1.82794, 0.15626, 1.42903, -1.41608], [0.93373, 1.69813, -1.22733, 1.68605, -0.1989, 1.44986, -1.68307], [0.83368, 1.71943, -1.3741, 1.54415, -0.55407, 1.47069, -1.95006], [0.73363, 1.74072, -1.52086, 1.40225, -0.90924, 1.49151, -2.21705], [0.63357, 1.76201, -1.66763, 1.26036, -1.2644, 1.51234, -2.48404]]
end: [0.61151, 1.76671, -1.7, 1.22906, -1.34274, 1.5169299999999999, -2.5429200000000001]
obtacles: [[[0.6, -0.4, -0.2], [1.0, 0.6, -0.3]], [[0.7, -0.2, -0.2], [0.9, -0.1, 0.4]], [[0.7, 0.3, -0.2], [0.9, 0.4, 0.4]], [[0.7, -0.2, 0.4], [0.9, 0.4, 0.5]]]
start: [-0.27766000000000002, 1.64497, -1.7, 1.25437, -1.4596199999999999, 1.4715800000000001, -1.6198900000000001]
tajectories: [[-0.27766, 1.64497, -1.7, 1.25437, -1.45962, 1.47158, -1.61989], [-0.27477, 1.64105, -1.93527, 1.66198, -1.31214, 1.44968, -1.69896], [-0.27188, 1.63714, -2.17053, 2.06958, -1.16465, 1.42778, -1.77803], [-0.2699, 1.63446, -2.3318, 2.34898, -1.06356, 1.41277, -1.83223], [0.02541, 1.7753, -2.43845, 2.38112, -1.424, 1.4232, -1.80916], [0.25659, 1.88555, -2.52195, 2.40628, -1.70617, 1.43137, -1.7911], [0.45773, 1.91633, -2.17744, 2.20433, -1.51137, 1.38694, -1.88705], [0.65886, 1.94712, -1.83294, 2.00239, -1.31656, 1.34251, -1.983]]
end: [0.73646999999999996, 1.95899, -1.7, 1.9244600000000001, -1.24139, 1.3253699999999999, -2.0200300000000002]
obtacles: [[[0.6, -0.4, -0.2], [1.0, 0.6, -0.3]], [[0.7, -0.2, -0.2], [0.9, -0.1, 0.4]], [[0.7, 0.3, -0.2], [0.9, 0.4, 0.4]], [[0.7, -0.2, 0.4], [0.9, 0.4, 0.5]]]
start: [-0.45184000000000002, 1.5708200000000001, -1.7, 0.44489000000000001, -1.45404, 1.5153399999999999, -2.2481]
tajectories: [[-0.45184, 1.57082, -1.7, 0.44489, -1.45404, 1.51534, -2.2481], [-0.70585, 1.36506, -1.74203, 0.40561, -1.40211, 1.16989, -2.38153], [-0.95985, 1.1593, -1.78406, 0.36633, -1.35019, 0.82444, -2.51496], [-1.21386, 0.95354, -1.82609, 0.32705, -1.29826, 0.47899, -2.6484], [-1.46786, 0.74778, -1.86812, 0.28777, -1.24633, 0.13354, -2.78183], [-1.69239, 0.5659, -1.90527, 0.25305, -1.20043, -0.17182, -2.89978], [-1.29774, 0.36411, -1.75347, 0.15378, -1.11946, -0.26522, -2.82659], [-0.90309, 0.16232, -1.60167, 0.0545, -1.03849, -0.35862, -2.7534], [-0.50844, -0.03946, -1.44987, -0.04477, -0.95752, -0.45202, -2.68021], [-0.11379, -0.24125, -1.29808, -0.14404, -0.87654, -0.54542, -2.60703], [0.28085, -0.44304, -1.14628, -0.24331, -0.79557, -0.63881, -2.53384], [0.6755, -0.64483, -0.99448, -0.34259, -0.7146, -0.73221, -2.46065], [1.05205, -0.83737, -0.84964, -0.43731, -0.63734, -0.82133, -2.39082], [1.20526, -0.6227, -0.76934, -0.04262, -0.54317, -0.76999, -2.47276], [1.35848, -0.40804, -0.68903, 0.35206, -0.44899, -0.71864, -2.5547], [1.51169, -0.19338, -0.60872, 0.74675, -0.35482, -0.6673, -2.63664], [1.66491, 0.02128, -0.52841, 1.14144, -0.26064, -0.61595, -2.71859], [1.81812, 0.23594, -0.44811, 1.53612, -0.16647, -0.56461, -2.80053], [1.97134, 0.4506, -0.3678, 1.93081, -0.07229, -0.51327, -2.88247], [2.12455, 0.66527, -0.28749, 2.32549, 0.02188, -0.46192, -2.96441], [2.16736, 0.72525, -0.26505, 2.43578, 0.0482, -0.44758, -2.98731], [1.94498, 0.90118, -0.46993, 2.35994, -0.13547, -0.19347, -2.83382], [1.72259, 1.07711, -0.6748, 2.28411, -0.31915, 0.06065, -2.68033], [1.5002, 1.25304, -0.87967, 2.20828, -0.50282, 0.31476, -2.52684], [1.27781, 1.42897, -1.08455, 2.13245, -0.6865, 0.56887, -2.37334], [1.05542, 1.6049, -1.28942, 2.05661, -0.87017, 0.82298, -2.21985], [0.83304, 1.78083, -1.4943, 1.98078, -1.05385, 1.07709, -2.06636], [0.61065, 1.95677, -1.69917, 1.90495, -1.23752, 1.3312, -1.91287]]
end: [0.60975000000000001, 1.9574800000000001, -1.7, 1.9046400000000001, -1.2382599999999999, 1.33222, -1.91225]
obtacles: [[[0.6, -0.4, -0.2], [1.0, 0.6, -0.3]], [[0.7, -0.2, -0.2], [0.9, -0.1, 0.4]], [[0.7, 0.3, -0.2], [0.9, 0.4, 0.4]], [[0.7, -0.2, 0.4], [0.9, 0.4, 0.5]]]
start: [2.28938, -1.9542999999999999, -1.1499999999999999, 1.3411200000000001, -2.0599699999999999, -1.2831699999999999, -0.33377000000000001]
tajectories: [[2.28938, -1.9543, -1.15, 1.34112, -2.05997, -1.28317, -0.33377], [2.11297, -1.61828, -1.28151, 1.38557, -1.89184, -1.0789, -0.2045], [1.93657, -1.28226, -1.41301, 1.43002, -1.72371, -0.87463, -0.07522], [1.76016, -0.94625, -1.54452, 1.47447, -1.55559, -0.67037, 0.05405], [1.58376, -0.61023, -1.67603, 1.51891, -1.38746, -0.4661, 0.18332], [1.40735, -0.27421, -1.80754, 1.56336, -1.21933, -0.26183, 0.3126], [1.23095, 0.06181, -1.93904, 1.60781, -1.05121, -0.05756, 0.44187], [1.1587, 0.19942, -1.9929, 1.62602, -0.98235, 0.02609, 0.49482], [1.39848, 0.09168, -2.11114, 1.73205, -1.01883, 0.24699, 0.16994], [1.63826, -0.01607, -2.22938, 1.83809, -1.0553, 0.46788, -0.15494], [1.87804, -0.12381, -2.34762, 1.94413, -1.09178, 0.68878, -0.47983], [2.11782, -0.23156, -2.46586, 2.05016, -1.12825, 0.90967, -0.80471], [2.3576, -0.3393, -2.5841, 2.1562, -1.16473, 1.13056, -1.12959], [2.49847, -0.4026, -2.65357, 2.2185, -1.18616, 1.26034, -1.32046], [2.23862, -0.04627, -2.47176, 2.15969, -1.20018, 1.30745, -1.44921], [1.97876, 0.31006, -2.28996, 2.10089, -1.21421, 1.35455, -1.57795], [1.7189, 0.66639, -2.10815, 2.04209, -1.22823, 1.40165, -1.7067], [1.45904, 1.02272, -1.92634, 1.98329, -1.24226, 1.44875, -1.83545], [1.19919, 1.37905, -1.74453, 1.92448, -1.25629, 1.49585, -1.96419], [0.93933, 1.73538, -1.56272, 1.86568, -1.27031, 1.54295, -2.09294]]
end: [0.84967999999999999, 1.8583099999999999, -1.5, 1.8453900000000001, -1.27515, 1.5591999999999999, -2.1373500000000001]
obtacles: [[[0.6, -0.4, -0.2], [1.0, 0.6, -0.3]], [[0.7, -0.2, -0.2], [0.9, -0.1, 0.4]], [[0.7, 0.3, -0.2], [0.9, 0.4, 0.4]], [[0.7, -0.2, 0.4], [0.9, 0.4, 0.5]]]
start: [2.4784899999999999, -1.85101, -1.3500000000000001, 0.97672000000000003, -1.9252199999999999, -1.5511900000000001, -0.27883999999999998]
tajectories: [[2.47849, -1.85101, -1.35, 0.97672, -1.92522, -1.55119, -0.27884], [2.26338, -1.65261, -1.34996, 1.158, -1.64844, -1.37311, -0.4311], [2.04827, -1.45421, -1.34991, 1.33928, -1.37166, -1.19503, -0.58336], [1.83316, -1.25581, -1.34987, 1.52056, -1.09488, -1.01694, -0.73561], [1.61805, -1.05741, -1.34983, 1.70185, -0.81811, -0.83886, -0.88787], [1.40294, -0.85901, -1.34978, 1.88313, -0.54133, -0.66077, -1.04013], [1.18783, -0.66061, -1.34974, 2.06441, -0.26455, -0.48269, -1.19239], [0.97272, -0.46221, -1.3497, 2.24569, 0.01223, -0.30461, -1.34465], [0.90018, -0.3953, -1.34968, 2.30683, 0.10557, -0.24455, -1.396], [0.89006, -0.08304, -1.38084, 2.2701, -0.14789, 0.03749, -1.47527], [0.87995, 0.22922, -1.41199, 2.23336, -0.40134, 0.31954, -1.55455], [0.86984, 0.54148, -1.44314, 2.19663, -0.65479, 0.60158, -1.63382], [0.85973, 0.85374, -1.47429, 2.15989, -0.90825, 0.88362, -1.71309], [0.84962, 1.166, -1.50545, 2.12316, -1.1617, 1.16566, -1.79236], [0.83951, 1.47826, -1.5366, 2.08643, -1.41515, 1.4477, -1.87164]]
end: [0.83516000000000001, 1.6125700000000001, -1.55, 2.07063, -1.52417, 1.5690200000000001, -1.9057299999999999]
obtacles: [[[0.6, -0.4, -0.2], [1.0, 0.6, -0.3]], [[0.7, -0.2, -0.2], [0.9, -0.1, 0.4]], [[0.7, 0.3, -0.2], [0.9, 0.4, 0.4]], [[0.7, -0.2, 0.4], [0.9, 0.4, 0.5]]]
start: [2.00264, -1.5966899999999999, -1.55, 1.6989399999999999, -4.7354200000000004, 1.54687, 2.5821499999999999]
tajectories: [[2.00264, -1.59669, -1.55, 1.69894, -4.73542, 1.54687, 2.58215], [1.95224, -1.33543, -1.39077, 1.75519, -4.507, 1.32295, 2.36222], [1.90184, -1.07418, -1.23153, 1.81144, -4.27857, 1.09903, 2.14229], [1.85144, -0.81292, -1.0723, 1.86769, -4.05015, 0.87511, 1.92236], [1.80104, -0.55167, -0.91306, 1.92393, -3.82173, 0.65119, 1.70243], [1.75064, -0.29041, -0.75383, 1.98018, -3.59331, 0.42728, 1.4825], [1.70024, -0.02916, -0.59459, 2.03643, -3.36489, 0.20336, 1.26256], [1.64984, 0.2321, -0.43536, 2.09268, -3.13647, -0.02056, 1.04263], [1.59944, 0.49335, -0.27612, 2.14893, -2.90804, -0.24448, 0.8227], [1.54904, 0.75461, -0.11689, 2.20518, -2.67962, -0.4684, 0.60277], [1.54193, 0.79147, -0.09442, 2.21311, -2.64739, -0.49999, 0.57174], [1.40662, 0.99298, -0.33912, 2.14017, -2.94003, -0.68334, 0.65318], [1.27131, 1.19449, -0.58382, 2.06723, -3.23268, -0.86668, 0.73462], [1.136, 1.39599, -0.82852, 1.99429, -3.52532, -1.05002, 0.81607], [1.00069, 1.5975, -1.07322, 1.92135, -3.81797, -1.23336, 0.89751], [0.86538, 1.79901, -1.31792, 1.84841, -4.11061, -1.4167, 0.97895]]
end: [0.76468999999999998, 1.94895, -1.5, 1.79413, -4.3283699999999996, -1.5531299999999999, 1.03956]
obtacles: [[[0.6, -0.4, -0.2], [1.0, 0.6, -0.3]], [[0.7, -0.2, -0.2], [0.9, -0.1, 0.4]], [[0.7, 0.3, -0.2], [0.9, 0.4, 0.4]], [[0.7, -0.2, 0.4], [0.9, 0.4, 0.5]]]
start: [2.20838, -1.6876899999999999, -1.45, 0.88173999999999997, -1.7377100000000001, -1.55257, 0.060069999999999998]
tajectories: [[2.20838, -1.68769, -1.45, 0.88174, -1.73771, -1.55257, 0.06007], [2.15371, -1.41547, -1.57529, 1.00869, -1.37002, -1.47911, 0.08246], [2.09903, -1.14325, -1.70058, 1.13563, -1.00232, -1.40565, 0.10484], [2.04436, -0.87104, -1.82587, 1.26257, -0.63463, -1.33219, 0.12722], [1.98969, -0.59882, -1.95116, 1.38952, -0.26694, -1.25873, 0.14961], [1.93502, -0.3266, -2.07644, 1.51646, 0.10076, -1.18527, 0.17199], [1.88034, -0.05438, -2.20173, 1.64341, 0.46845, -1.11181, 0.19437], [1.85573, 0.06817, -2.25814, 1.70056, 0.63398, -1.07874, 0.20445], [1.82248, 0.37111, -2.2817, 1.75382, 0.59997, -0.74502, 0.00146], [1.78924, 0.67405, -2.30527, 1.80707, 0.56595, -0.4113, -0.20153], [1.75599, 0.977, -2.32883, 1.86033, 0.53194, -0.07758, -0.40451], [1.72274, 1.27994, -2.3524, 1.91359, 0.49792, 0.25614, -0.6075], [1.6895, 1.58288, -2.37596, 1.96685, 0.46391, 0.58986, -0.81048], [1.65625, 1.88582, -2.39953, 2.02011, 0.42989, 0.92358, -1.01347], [1.64986, 1.94401, -2.40406, 2.03034, 0.42336, 0.98768, -1.05246], [1.42132, 1.93084, -2.24287, 1.94946, 0.08488, 1.0956, -1.2496], [1.19278, 1.91766, -2.08169, 1.86859, -0.25359, 1.20351, -1.44674], [0.96423, 1.90449, -1.92051, 1.78772, -0.59206, 1.31143, -1.64388], [0.73569, 1.89131, -1.75933, 1.70684, -0.93054, 1.41935, -1.84102]]
end: [0.50976999999999995, 1.87829, -1.6000000000000001, 1.6269, -1.26512, 1.5260199999999999, -2.0358900000000002]
obtacles: [[[0.6, -0.4, -0.2], [1.0, 0.6, -0.3]], [[0.7, -0.2, -0.2], [0.9, -0.1, 0.4]], [[0.7, 0.3, -0.2], [0.9, 0.4, 0.4]], [[0.7, -0.2, 0.4], [0.9, 0.4, 0.5]]]
start: [2.3747799999999999, -1.6430400000000001, -1.5, 1.16245, -1.66526, -1.5347, -0.39137]
tajectories: [[2.37478, -1.64304, -1.5, 1.16245, -1.66526, -1.5347, -0.39137], [2.26382, -1.7246, -1.24991, 1.44679, -1.60163, -1.45303, -0.66871], [2.15285, -1.80616, -0.99981, 1.73113, -1.538, -1.37135, -0.94605], [2.09589, -1.84803, -0.87143, 1.87709, -1.50534, -1.32943, -1.08842], [2.10828, -1.5294, -1.05813, 2.18199, -1.62539, -1.30818, -1.01328], [2.12067, -1.21078, -1.24482, 2.48688, -1.74545, -1.28694, -0.93815], [2.12554, -1.08566, -1.31813, 2.60661, -1.79259, -1.2786, -0.90865], [2.33416, -1.35125, -1.39535, 2.34741, -1.74068, -1.35092, -1.14288], [2.54279, -1.61684, -1.47256, 2.08821, -1.68876, -1.42324, -1.37711]]
end: [2.61694, -1.7112400000000001, -1.5, 1.9960800000000001, -1.67031, -1.4489399999999999, -1.4603699999999999]
obtacles: [[[0.6, -0.4, -0.2], [1.0, 0.6, -0.3]], [[0.7, -0.2, -0.2], [0.9, -0.1, 0.4]], [[0.7, 0.3, -0.2], [0.9, 0.4, 0.4]], [[0.7, -0.2, 0.4], [0.9, 0.4, 0.5]]]
start: [2.1877800000000001, -1.6184700000000001, -1.5, 0.85636999999999996, -1.6532100000000001, -1.54864, 0.10005]
tajectories: [[2.18778, -1.61847, -1.5, 0.85637, -1.65321, -1.54864, 0.10005], [2.09515, -1.41222, -1.6927, 0.93797, -1.67961, -1.39511, -0.26164], [2.00251, -1.20596, -1.88539, 1.01957, -1.70601, -1.24159, -0.62332], [1.90988, -0.9997, -2.07809, 1.10117, -1.73242, -1.08806, -0.98501], [1.81725, -0.79344, -2.27078, 1.18277, -1.75882, -0.93453, -1.3467], [1.72461, -0.58718, -2.46348, 1.26437, -1.78522, -0.781, -1.70838], [1.65081, -0.42284, -2.61701, 1.32939, -1.80626, -0.65868, -1.99655], [1.53937, -0.07438, -2.6184, 1.53874, -1.81964, -0.79125, -1.76295], [1.42793, 0.27408, -2.6198, 1.74809, -1.83303, -0.92382, -1.52934], [1.31649, 0.62254, -2.6212, 1.95745, -1.84641, -1.05639, -1.29573], [1.20505, 0.971, -2.6226, 2.1668, -1.8598, -1.18896, -1.06212], [1.09361, 1.31945, -2.62399, 2.37616, -1.87318, -1.32152, -0.82852], [1.0048, 1.59716, -2.62511, 2.543, -1.88385, -1.42717, -0.64235], [0.95575, 1.62806, -2.479, 2.42456, -1.80671, -1.02045, -0.84207], [0.90669, 1.65896, -2.33289, 2.30612, -1.72958, -0.61373, -1.0418], [0.85764, 1.68986, -2.18678, 2.18768, -1.65244, -0.20701, -1.24153], [0.80859, 1.72076, -2.04067, 2.06924, -1.57531, 0.19971, -1.44125], [0.75954, 1.75167, -1.89456, 1.9508, -1.49818, 0.60644, -1.64098], [0.71049, 1.78257, -1.74845, 1.83236, -1.42104, 1.01316, -1.84071], [0.66144, 1.81347, -1.60234, 1.71392, -1.34391, 1.41988, -2.04043]]
end: [0.64385999999999999, 1.8245400000000001, -1.55, 1.6714800000000001, -1.3162700000000001, 1.56559, -2.11199]
obtacles: [[[0.6, -0.4, -0.2], [1.0, 0.6, -0.3]], [[0.7, -0.2, -0.2], [0.9, -0.1, 0.4]], [[0.7, 0.3, -0.2], [0.9, 0.4, 0.4]], [[0.7, -0.2, 0.4], [0.9, 0.4, 0.5]]]
start: [2.1521400000000002, -1.81579, -1.45, 1.3886000000000001, -1.8342099999999999, -1.4997199999999999, -0.37484000000000001]
tajectories: [[2.15214, -1.81579, -1.45, 1.3886, -1.83421, -1.49972, -0.37484], [2.14473, -1.54051, -1.60549, 1.42782, -1.54026, -1.42869, -0.61358], [2.13732, -1.26522, -1.76097, 1.46704, -1.24631, -1.35766, -0.85232], [2.12991, -0.98994, -1.91646, 1.50627, -0.95236, -1.28664, -1.09106], [2.1225, -0.71465, -2.07194, 1.54549, -0.65841, -1.21561, -1.3298], [2.11509, -0.43936, -2.22743, 1.58471, -0.36446, -1.14459, -1.56854], [2.10768, -0.16408, -2.38291, 1.62393, -0.07051, -1.07356, -1.80728], [2.10027, 0.11121, -2.5384, 1.66315, 0.22344, -1.00253, -2.04602], [2.09709, 0.22935, -2.60512, 1.67998, 0.34959, -0.97205, -2.14848], [1.9481, 0.44963, -2.458, 1.71015, 0.13637, -0.63859, -2.15639], [1.79912, 0.66991, -2.31088, 1.74031, -0.07686, -0.30513, -2.1643], [1.65013, 0.89019, -2.16376, 1.77047, -0.29009, 0.02833, -2.17221], [1.50114, 1.11048, -2.01664, 1.80063, -0.50331, 0.36179, -2.18012], [1.35215, 1.33076, -1.86952, 1.8308, -0.71654, 0.69525, -2.18803], [1.20316, 1.55104, -1.7224, 1.86096, -0.92976, 1.02871, -2.19594], [1.05417, 1.77132, -1.57528, 1.89112, -1.14299, 1.36217, -2.20385]]
end: [0.97794000000000003, 1.8840399999999999, -1.5, 1.90655, -1.2520899999999999, 1.5327999999999999, -2.2079]
obtacles: [[[0.6, -0.4, -0.2], [1.0, 0.6, -0.3]], [[0.7, -0.2, -0.2], [0.9, -0.1, 0.4]], [[0.7, 0.3, -0.2], [0.9, 0.4, 0.4]], [[0.7, -0.2, 0.4], [0.9, 0.4, 0.5]]]
start: [1.9517199999999999, -1.96912, -1.3500000000000001, 1.4653499999999999, -1.9957400000000001, -1.4101900000000001, -0.19602]
tajectories: [[1.95172, -1.96912, -1.35, 1.46535, -1.99574, -1.41019, -0.19602], [1.91207, -1.62895, -1.42802, 1.51522, -1.75782, -1.34472, -0.44751], [1.87241, -1.28879, -1.50605, 1.5651, -1.5199, -1.27924, -0.69899], [1.83275, -0.94862, -1.58407, 1.61498, -1.28198, -1.21377, -0.95048], [1.7931, -0.60845, -1.6621, 1.66485, -1.04406, -1.1483, -1.20197], [1.75344, -0.26829, -1.74012, 1.71473, -0.80614, -1.08282, -1.45346], [1.71378, 0.07188, -1.81815, 1.76461, -0.56822, -1.01735, -1.70495], [1.71369, 0.07271, -1.81834, 1.76473, -0.56764, -1.01719, -1.70556], [1.63626, 0.31046, -1.63304, 1.84315, -0.32944, -0.81221, -1.48592], [1.55883, 0.54821, -1.44774, 1.92156, -0.09125, -0.60722, -1.26628], [1.4814, 0.78595, -1.26244, 1.99998, 0.14694, -0.40224, -1.04664], [1.40397, 1.0237, -1.07714, 2.0784, 0.38514, -0.19725, -0.82701], [1.39125, 1.06276, -1.0467, 2.09128, 0.42427, -0.16358, -0.79092], [1.28585, 1.15285, -1.13253, 2.00401, 0.12626, 0.10142, -1.02916], [1.18044, 1.24294, -1.21836, 1.91673, -0.17175, 0.36642, -1.26739], [1.07503, 1.33304, -1.30418, 1.82945, -0.46976, 0.63142, -1.50562], [0.96962, 1.42313, -1.39001, 1.74218, -0.76777, 0.89642, -1.74385], [0.86421, 1.51322, -1.47584, 1.6549, -1.06577, 1.16142, -1.98208], [0.7588, 1.60331, -1.56167, 1.56763, -1.36378, 1.42642, -2.22032]]
end: [0.71172999999999997, 1.6435500000000001, -1.6000000000000001, 1.5286500000000001, -1.4968600000000001, 1.5447599999999999, -2.3267000000000002]
obtacles: [[[0.6, -0.4, -0.2], [1.0, 0.6, -0.3]], [[0.7, -0.2, -0.2], [0.9, -0.1, 0.4]], [[0.7, 0.3, -0.2], [0.9, 0.4, 0.4]], [[0.7, -0.2, 0.4], [0.9, 0.4, 0.5]]]
start: [2.3761899999999998, -1.853, -1.1499999999999999, 0.64081999999999995, -2.0726, -1.5594699999999999, 0.18814]
tajectories: [[2.37619, -1.853, -1.15, 0.64082, -2.0726, -1.55947, 0.18814], [2.08767, -1.69592, -1.07022, 0.81917, -1.83873, -1.3387, 0.20991], [1.79914, -1.53885, -0.99044, 0.99752, -1.60486, -1.11794, 0.23169], [1.51062, -1.38177, -0.91066, 1.17587, -1.37099, -0.89717, 0.25346], [1.22209, -1.2247, -0.83088, 1.35423, -1.13712, -0.67641, 0.27524], [0.93357, -1.06762, -0.7511, 1.53258, -0.90325, -0.45564, 0.29701], [0.64505, -0.91055, -0.67132, 1.71093, -0.66938, -0.23488, 0.31878], [0.35652, -0.75347, -0.59154, 1.88928, -0.4355, -0.01412, 0.34056], [0.24558, -0.69308, -0.56086, 1.95786, -0.34558, 0.07077, 0.34893], [0.22454, -0.37619, -0.74914, 2.09899, -0.50502, 0.29261, 0.48728], [0.2035, -0.05931, -0.93742, 2.24011, -0.66446, 0.51445, 0.62563], [0.18247, 0.25758, -1.12571, 2.38123, -0.8239, 0.73628, 0.76398], [0.16143, 0.57447, -1.31399, 2.52236, -0.98334, 0.95812, 0.90234], [0.14039, 0.89135, -1.50227, 2.66348, -1.14278, 1.17996, 1.04069], [0.11935, 1.20824, -1.69055, 2.8046, -1.30222, 1.4018, 1.17904], [0.10886, 1.36625, -1.78444, 2.87497, -1.38172, 1.51242, 1.24803], [0.20595, 1.42558, -1.7609, 2.71978, -1.37305, 1.51338, 0.78723], [0.30303, 1.48491, -1.73736, 2.56459, -1.36437, 1.51435, 0.32642], [0.40012, 1.54423, -1.71382, 2.40939, -1.3557, 1.51532, -0.13438], [0.49721, 1.60356, -1.69028, 2.2542, -1.34702, 1.51629, -0.59518], [0.59429, 1.66289, -1.66674, 2.09901, -1.33835, 1.51726, -1.05599], [0.69138, 1.72221, -1.64321, 1.94382, -1.32967, 1.51823, -1.51679], [0.78846, 1.78154, -1.61967, 1.78862, -1.321, 1.5192, -1.97759]]
end: [0.86958000000000002, 1.83111, -1.6000000000000001, 1.6589499999999999, -1.31375, 1.5200100000000001, -2.3626100000000001]
obtacles: [[[0.6, -0.4, -0.2], [1.0, 0.6, -0.3]], [[0.7, -0.2, -0.2], [0.9, -0.1, 0.4]], [[0.7, 0.3, -0.2], [0.9, 0.4, 0.4]], [[0.7, -0.2, 0.4], [0.9, 0.4, 0.5]]]
start: [2.1138599999999999, -1.80426, -1.3999999999999999, 1.85025, -1.75312, -1.34616, -0.78181999999999996]
tajectories: [[2.11386, -1.80426, -1.4, 1.85025, -1.75312, -1.34616, -0.78182], [1.82772, -1.81281, -1.34029, 1.88281, -2.15502, -1.36734, -0.74369], [1.54158, -1.82136, -1.28058, 1.91537, -2.55692, -1.38852, -0.70556], [1.25544, -1.82991, -1.22086, 1.94792, -2.95882, -1.4097, -0.66743], [1.2423, -1.8303, -1.21812, 1.94942, -2.97728, -1.41067, -0.66568], [1.24889, -1.38105, -1.28041, 2.07421, -2.96432, -1.24347, -0.68922], [1.25547, -0.9318, -1.34271, 2.19899, -2.95136, -1.07627, -0.71276], [1.26206, -0.48255, -1.405, 2.32378, -2.93839, -0.90907, -0.7363], [1.26865, -0.03329, -1.4673, 2.44856, -2.92543, -0.74187, -0.75984], [1.27524, 0.41596, -1.52959, 2.57335, -2.91247, -0.57467, -0.78338], [1.28183, 0.86521, -1.59188, 2.69814, -2.8995, -0.40747, -0.80691], [1.28842, 1.31446, -1.65418, 2.82292, -2.88654, -0.24028, -0.83045], [1.29486, 1.75348, -1.71505, 2.94487, -2.87387, -0.07688, -0.85346], [1.23843, 1.775, -1.66881, 2.77112, -2.58928, 0.20978, -1.07897], [1.18201, 1.79651, -1.62257, 2.59738, -2.30469, 0.49645, -1.30449], [1.12558, 1.81803, -1.57634, 2.42363, -2.0201, 0.78312, -1.53001], [1.06916, 1.83954, -1.5301, 2.24989, -1.73551, 1.06979, -1.75552], [1.01273, 1.86106, -1.48386, 2.07614, -1.45092, 1.35645, -1.98104]]
end: [0.97141999999999995, 1.8768100000000001, -1.45, 1.94892, -1.2425299999999999, 1.56636, -2.1461800000000002]
obtacles: [[[0.6, -0.4, -0.2], [1.0, 0.6, -0.3]], [[0.7, -0.2, -0.2], [0.9, -0.1, 0.4]], [[0.7, 0.3, -0.2], [0.9, 0.4, 0.4]], [[0.7, -0.2, 0.4], [0.9, 0.4, 0.5]]]
start: [2.2305999999999999, -1.6027400000000001, -1.45, 1.58657, -1.6010500000000001, -1.44957, -0.67181000000000002]
tajectories: [[2.2306, -1.60274, -1.45, 1.58657, -1.60105, -1.44957, -0.67181], [2.18184, -1.35717, -1.52342, 1.49566, -1.23268, -1.45672, -0.86652], [2.13307, -1.1116, -1.59684, 1.40474, -0.8643, -1.46387, -1.06122], [2.08431, -0.86603, -1.67026, 1.31383, -0.49593, -1.47102, -1.25592], [2.03554, -0.62046, -1.74368, 1.22292, -0.12755, -1.47817, -1.45063], [1.98678, -0.37489, -1.8171, 1.132, 0.24083, -1.48532, -1.64533], [1.93801, -0.12932, -1.89051, 1.04109, 0.6092, -1.49247, -1.84004], [1.88935, 0.11571, -1.96377, 0.95038, 0.97676, -1.49961, -2.03431], [1.82355, 0.13901, -1.67522, 1.1176, 1.00131, -1.15163, -2.14482], [1.75776, 0.16232, -1.38667, 1.28481, 1.02587, -0.80365, -2.25533], [1.69196, 0.18562, -1.09812, 1.45203, 1.05042, -0.45567, -2.36584], [1.62616, 0.20893, -0.80956, 1.61925, 1.07498, -0.1077, -2.47635], [1.56036, 0.23223, -0.52101, 1.78646, 1.09953, 0.24028, -2.58687], [1.49456, 0.25554, -0.23246, 1.95368, 1.12409, 0.58826, -2.69738], [1.44084, 0.27456, 0.00312, 2.09019, 1.14413, 0.87235, -2.7876], [1.34797, 0.50071, -0.21939, 2.04574, 0.79537, 0.96692, -2.69722], [1.25509, 0.72686, -0.44189, 2.00129, 0.44661, 1.0615, -2.60684], [1.16222, 0.953, -0.6644, 1.95683, 0.09785, 1.15607, -2.51645], [1.06934, 1.17915, -0.8869, 1.91238, -0.25091, 1.25065, -2.42607], [0.97647, 1.4053, -1.1094, 1.86792, -0.59967, 1.34522, -2.33569], [0.88359, 1.63145, -1.33191, 1.82347, -0.94843, 1.4398, -2.2453]]
end: [0.79256000000000004, 1.85311, -1.55, 1.7799, -1.29027, 1.5325, -2.1567099999999999]
obtacles: [[[0.6, -0.4, -0.2], [1.0, 0.6, -0.3]], [[0.7, -0.2, -0.2], [0.9, -0.1, 0.4]], [[0.7, 0.3, -0.2], [0.9, 0.4, 0.4]], [[0.7, -0.2, 0.4], [0.9, 0.4, 0.5]]]
start: [2.2089099999999999, -1.83205, -1.55, 1.49739, -1.8328599999999999, -1.5697000000000001, -0.56184000000000001]
tajectories: [[2.20891, -1.83205, -1.55, 1.49739, -1.83286, -1.5697, -0.56184], [2.02473, -1.64539, -1.4739, 1.61209, -1.90861, -1.36105, -0.89801], [1.84054, -1.45874, -1.39781, 1.72678, -1.98437, -1.15239, -1.23418], [1.65636, -1.27208, -1.32171, 1.84147, -2.06013, -0.94374, -1.57036], [1.47217, -1.08542, -1.24561, 1.95616, -2.13588, -0.73508, -1.90653], [1.28799, -0.89876, -1.16952, 2.07086, -2.21164, -0.52642, -2.24271], [1.1038, -0.7121, -1.09342, 2.18555, -2.2874, -0.31777, -2.57888], [1.05156, -0.65916, -1.07184, 2.21808, -2.30888, -0.25859, -2.67423], [1.18439, -0.58792, -1.43095, 2.34932, -2.48367, -0.03402, -2.68507], [1.31722, -0.51668, -1.79006, 2.48056, -2.65845, 0.19055, -2.69591], [1.45004, -0.44544, -2.14917, 2.6118, -2.83323, 0.41513, -2.70674], [1.58287, -0.3742, -2.50828, 2.74303, -3.00801, 0.6397, -2.71758], [1.66043, -0.3326, -2.71798, 2.81967, -3.11008, 0.77084, -2.72391], [1.75902, -0.54338, -2.55891, 2.71221, -2.93729, 0.47283, -2.52306], [1.85761, -0.75415, -2.39984, 2.60475, -2.7645, 0.17483, -2.32222], [1.9562, -0.96493, -2.24077, 2.49729, -2.59171, -0.12318, -2.12137], [2.05478, -1.17571, -2.0817, 2.38983, -2.41892, -0.42118, -1.92053], [2.15337, -1.38649, -1.92263, 2.28237, -2.24613, -0.71919, -1.71968], [2.25196, -1.59727, -1.76356, 2.17491, -2.07334, -1.01719, -1.51884], [2.35055, -1.80805, -1.60449, 2.06745, -1.90054, -1.31519, -1.31799]]
end: [2.3843200000000002, -1.88026, -1.55, 2.0306299999999999, -1.84135, -1.4172899999999999, -1.24918]
obtacles: [[[0.6, -0.4, -0.2], [1.0, 0.6, -0.3]], [[0.7, -0.2, -0.2], [0.9, -0.1, 0.4]], [[0.7, 0.3, -0.2], [0.9, 0.4, 0.4]], [[0.7, -0.2, 0.4], [0.9, 0.4, 0.5]]]
start: [-0.44661000000000001, 1.9292800000000001, 2.5499999999999998, 0.43084, -2.59212, -1.56497, 0.21154999999999999]
tajectories: [[-0.44661, 1.92928, 2.55, 0.43084, -2.59212, -1.56497, 0.21155], [-0.62537, 1.86903, 2.54328, 0.7764, -2.42836, -1.4693, -0.03132], [-0.80413, 1.80878, 2.53657, 1.12197, -2.26461, -1.37363, -0.27419], [-0.94081, 1.76271, 2.53143, 1.38618, -2.13941, -1.30048, -0.45988], [-0.82936, 1.84362, 2.36035, 1.7889, -1.96824, -1.3783, -0.39484], [-0.71791, 1.92452, 2.18927, 2.19162, -1.79707, -1.45611, -0.3298], [-0.67634, 1.9547, 2.12545, 2.34183, -1.73323, -1.48514, -0.30555], [-0.58081, 1.95208, 2.02652, 2.08296, -1.81014, -1.36017, -0.68308], [-0.48528, 1.94945, 1.92759, 1.82409, -1.88704, -1.2352, -1.06062]]
end: [-0.45863999999999999, 1.94872, 1.8999999999999999, 1.7519, -1.90849, -1.2003600000000001, -1.1658900000000001]
obtacles: [[[0.6, -0.4, -0.2], [1.0, 0.6, -0.3]], [[0.7, -0.2, -0.2], [0.9, -0.1, 0.4]], [[0.7, 0.3, -0.2], [0.9, 0.4, 0.4]], [[0.7, -0.2, 0.4], [0.9, 0.4, 0.5]]]
start: [-0.94381999999999999, 1.86812, 1.8999999999999999, 1.0823, -1.9905299999999999, -1.4349099999999999, -0.059749999999999998]
tajectories: [[-0.94382, 1.86812, 1.9, 1.0823, -1.99053, -1.43491, -0.05975], [-0.98406, 1.5325, 1.63126, 1.19567, -1.82707, -1.40341, -0.21124], [-1.0243, 1.19687, 1.36251, 1.30903, -1.66361, -1.3719, -0.36273], [-1.06454, 0.86125, 1.09377, 1.4224, -1.50014, -1.3404, -0.51422], [-1.10478, 0.52563, 0.82503, 1.53577, -1.33668, -1.30889, -0.66572], [-1.14502, 0.19, 0.55628, 1.64914, -1.17322, -1.27738, -0.81721], [-1.18526, -0.14562, 0.28754, 1.7625, -1.00976, -1.24588, -0.9687], [-1.2255, -0.48124, 0.0188, 1.87587, -0.8463, -1.21437, -1.12019], [-1.24412, -0.63652, -0.10554, 1.92832, -0.77067, -1.1998, -1.19028], [-0.90092, -0.57585, -0.39285, 2.02503, -0.93684, -1.25556, -1.11337], [-0.55773, -0.51518, -0.68017, 2.12174, -1.103, -1.31132, -1.03647], [-0.21453, -0.45451, -0.96748, 2.21844, -1.26917, -1.36708, -0.95956], [0.12866, -0.39383, -1.25479, 2.31515, -1.43533, -1.42284, -0.88265], [0.47185, -0.33316, -1.54211, 2.41186, -1.6015, -1.4786, -0.80574], [0.69491, -0.29373, -1.72885, 2.47471, -1.7095, -1.51484, -0.75576], [0.80826, 0.01956, -1.78876, 2.44823, -1.51239, -1.2649, -0.93848], [0.92161, 0.33286, -1.84867, 2.42175, -1.31529, -1.01496, -1.12121], [1.03495, 0.64615, -1.90859, 2.39527, -1.11818, -0.76502, -1.30393], [1.1483, 0.95945, -1.9685, 2.36879, -0.92108, -0.51509, -1.48666], [1.26165, 1.27274, -2.02842, 2.34231, -0.72397, -0.26515, -1.66938], [1.375, 1.58603, -2.08833, 2.31583, -0.52686, -0.01521, -1.85211], [1.47947, 1.8748, -2.14356, 2.29142, -0.34519, 0.21516, -2.02053], [1.25685, 1.84488, -2.03394, 2.08013, -0.57674, 0.50794, -2.08011], [1.03423, 1.81497, -1.92432, 1.86884, -0.8083, 0.80071, -2.13969], [0.8116, 1.78505, -1.81471, 1.65754, -1.03986, 1.09348, -2.19926], [0.58898, 1.75513, -1.70509, 1.44625, -1.27141, 1.38626, -2.25884]]
end: [0.47710000000000002, 1.7401, -1.6499999999999999, 1.3400700000000001, -1.38778, 1.5334000000000001, -2.28878]
obtacles: [[[0.6, -0.4, -0.2], [1.0, 0.6, -0.3]], [[0.7, -0.2, -0.2], [0.9, -0.1, 0.4]], [[0.7, 0.3, -0.2], [0.9, 0.4, 0.4]], [[0.7, -0.2, 0.4], [0.9, 0.4, 0.5]]]
start: [2.1038999999999999, -1.8527100000000001, -1.3, 1.29084, -1.9212899999999999, -1.3998999999999999, -0.18415999999999999]
tajectories: [[2.1039, -1.85271, -1.3, 1.29084, -1.92129, -1.3999, -0.18416], [1.87633, -1.55037, -1.22513, 1.45625, -1.66802, -1.32539, -0.2485], [1.64876, -1.24802, -1.15026, 1.62166, -1.41476, -1.25089, -0.31284], [1.42119, -0.94567, -1.07539, 1.78707, -1.16149, -1.17639, -0.37719], [1.19362, -0.64333, -1.00053, 1.95247, -0.90822, -1.10189, -0.44153], [0.96605, -0.34098, -0.92566, 2.11788, -0.65495, -1.02738, -0.50587], [0.73848, -0.03864, -0.85079, 2.28329, -0.40169, -0.95288, -0.57021], [0.51091, 0.26371, -0.77592, 2.44869, -0.14842, -0.87838, -0.63456], [0.47028, 0.31769, -0.76255, 2.47823, -0.1032, -0.86507, -0.64604], [0.74495, 0.57059, -0.99272, 2.48111, 0.04098, -0.7876, -0.8216], [1.01962, 0.8235, -1.22289, 2.48399, 0.18517, -0.71012, -0.99715], [1.26774, 1.05196, -1.43082, 2.48659, 0.31542, -0.64013, -1.15575], [1.21998, 1.14412, -1.45704, 2.37438, 0.03378, -0.30415, -1.33946], [1.17222, 1.23629, -1.48326, 2.26218, -0.24785, 0.03182, -1.52317], [1.12446, 1.32845, -1.50948, 2.14998, -0.52949, 0.3678, -1.70688], [1.07669, 1.42062, -1.5357, 2.03777, -0.81112, 0.70377, -1.89059], [1.02893, 1.51278, -1.56192, 1.92557, -1.09276, 1.03975, -2.0743], [0.98117, 1.60494, -1.58814, 1.81337, -1.37439, 1.37572, -2.25801]]
end: [0.95955000000000001, 1.6466499999999999, -1.6000000000000001, 1.7625900000000001, -1.5018400000000001, 1.52776, -2.3411400000000002]
obtacles: [[[0.6, -0.4, -0.2], [1.0, 0.6, -0.3]], [[0.7, -0.2, -0.2], [0.9, -0.1, 0.4]], [[0.7, 0.3, -0.2], [0.9, 0.4, 0.4]], [[0.7, -0.2, 0.4], [0.9, 0.4, 0.5]]]
start: [2.3724699999999999, -1.8623799999999999, -1.45, 1.2287300000000001, -1.8855200000000001, -1.5584899999999999, -0.43989]
tajectories: [[2.37247, -1.86238, -1.45, 1.22873, -1.88552, -1.55849, -0.43989], [2.25055, -1.74675, -1.19423, 1.59332, -1.74838, -1.56059, -0.50777], [2.12862, -1.63113, -0.93846, 1.95792, -1.61125, -1.56268, -0.57564], [2.0067, -1.5155, -0.68269, 2.32252, -1.47412, -1.56477, -0.64352], [1.99987, -1.50903, -0.66838, 2.34293, -1.46644, -1.56489, -0.64732], [1.83609, -1.45512, -0.88578, 2.54571, -1.77628, -1.38444, -0.58969], [1.67232, -1.40121, -1.10318, 2.74849, -2.08613, -1.20398, -0.53207], [1.63937, -1.39036, -1.14691, 2.78928, -2.14846, -1.16768, -0.52048], [1.91805, -1.5357, -1.24049, 2.55797, -2.03507, -1.21971, -0.79138], [2.19673, -1.68104, -1.33406, 2.32666, -1.92168, -1.27174, -1.06228], [2.47542, -1.82638, -1.42763, 2.09535, -1.80829, -1.32377, -1.33317]]
end: [2.5420400000000001, -1.86113, -1.45, 2.0400499999999999, -1.78118, -1.3362099999999999, -1.39794]
obtacles: [[[0.6, -0.4, -0.2], [1.0, 0.6, -0.3]], [[0.7, -0.2, -0.2], [0.9, -0.1, 0.4]], [[0.7, 0.3, -0.2], [0.9, 0.4, 0.4]], [[0.7, -0.2, 0.4], [0.9, 0.4, 0.5]]]
start: [2.1633499999999999, -1.69211, -1.3, 1.30803, -1.7626999999999999, -1.3438699999999999, -0.29131000000000001]
tajectories: [[2.16335, -1.69211, -1.3, 1.30803, -1.7627, -1.34387, -0.29131], [2.04171, -1.45065, -1.06817, 1.33593, -1.47439, -1.16781, -0.20044], [1.92007, -1.20919, -0.83635, 1.36382, -1.18608, -0.99175, -0.10957], [1.79842, -0.96773, -0.60452, 1.39172, -0.89777, -0.81569, -0.0187], [1.67678, -0.72627, -0.3727, 1.41961, -0.60945, -0.63963, 0.07217], [1.55513, -0.48481, -0.14087, 1.44751, -0.32114, -0.46357, 0.16305], [1.43349, -0.24335, 0.09096, 1.4754, -0.03283, -0.28751, 0.25392], [1.41277, -0.20222, 0.13045, 1.48015, 0.01629, -0.25752, 0.2694], [1.56487, 0.11575, -0.12448, 1.57798, 0.18762, -0.17378, 0.39118], [1.71697, 0.43372, -0.37941, 1.67581, 0.35896, -0.09004, 0.51296], [1.86908, 0.75169, -0.63434, 1.77364, 0.5303, -0.00629, 0.63474], [2.02118, 1.06966, -0.88927, 1.87148, 0.70164, 0.07745, 0.75653], [2.17328, 1.38763, -1.1442, 1.96931, 0.87298, 0.16119, 0.87831], [2.21477, 1.47435, -1.21372, 1.99599, 0.91971, 0.18402, 0.91152], [2.04361, 1.49253, -1.25885, 1.98923, 0.63396, 0.34039, 0.57657], [1.87246, 1.51072, -1.30399, 1.98248, 0.34821, 0.49675, 0.24162], [1.70131, 1.52891, -1.34912, 1.97573, 0.06246, 0.65312, -0.09333], [1.53015, 1.5471, -1.39425, 1.96897, -0.22329, 0.80948, -0.42828], [1.359, 1.56529, -1.43938, 1.96222, -0.50903, 0.96584, -0.76323], [1.18785, 1.58348, -1.48451, 1.95546, -0.79478, 1.12221, -1.09818], [1.0167, 1.60166, -1.52965, 1.94871, -1.08053, 1.27857, -1.43313], [0.84554, 1.61985, -1.57478, 1.94196, -1.36628, 1.43494, -1.76808]]
end: [0.74990000000000001, 1.63002, -1.6000000000000001, 1.93818, -1.52596, 1.5223199999999999, -1.95526]
obtacles: [[[0.6, -0.4, -0.2], [1.0, 0.6, -0.3]], [[0.7, -0.2, -0.2], [0.9, -0.1, 0.4]], [[0.7, 0.3, -0.2], [0.9, 0.4, 0.4]], [[0.7, -0.2, 0.4], [0.9, 0.4, 0.5]]]
start: [2.2627999999999999, -1.7025300000000001, -1.3500000000000001, 1.3616200000000001, -1.7483500000000001, -1.38462, -0.45158999999999999]
tajectories: [[2.2628, -1.70253, -1.35, 1.36162, -1.74835, -1.38462, -0.45159], [2.25754, -1.44279, -1.13529, 1.32147, -1.67054, -1.16866, -0.73812], [2.25227, -1.18306, -0.92059, 1.28132, -1.59272, -0.95269, -1.02466], [2.24701, -0.92332, -0.70588, 1.24117, -1.51491, -0.73673, -1.31119], [2.24174, -0.66359, -0.49117, 1.20103, -1.43709, -0.52076, -1.59773], [2.23648, -0.40385, -0.27647, 1.16088, -1.35928, -0.3048, -1.88427], [2.23591, -0.37597, -0.25342, 1.15657, -1.35092, -0.28161, -1.91503], [2.16706, -0.20548, -0.44109, 1.54292, -1.37102, -0.11125, -1.96274], [2.0982, -0.03499, -0.62876, 1.92927, -1.39112, 0.05912, -2.01045], [2.02934, 0.1355, -0.81642, 2.31562, -1.41122, 0.22949, -2.05816], [1.96048, 0.30599, -1.00409, 2.70197, -1.43131, 0.39985, -2.10586], [1.89953, 0.45691, -1.17022, 3.04398, -1.4491, 0.55067, -2.1481], [1.66113, 0.71619, -1.25534, 2.76061, -1.43479, 0.74541, -2.16445], [1.42274, 0.97547, -1.34046, 2.47724, -1.42049, 0.94015, -2.18081], [1.18434, 1.23474, -1.42558, 2.19386, -1.40618, 1.1349, -2.19716], [0.94595, 1.49402, -1.5107, 1.91049, -1.39187, 1.32964, -2.21352], [0.70755, 1.7533, -1.59582, 1.62712, -1.37756, 1.52439, -2.22987]]
end: [0.69584999999999997, 1.7660199999999999, -1.6000000000000001, 1.6132200000000001, -1.3768499999999999, 1.5339400000000001, -2.2306699999999999]
obtacles: [[[0.6, -0.4, -0.2], [1.0, 0.6, -0.3]], [[0.7, -0.2, -0.2], [0.9, -0.1, 0.4]], [[0.7, 0.3, -0.2], [0.9, 0.4, 0.4]], [[0.7, -0.2, 0.4], [0.9, 0.4, 0.5]]]
start: [2.0383599999999999, -1.8284400000000001, -1.3999999999999999, 1.2117800000000001, -1.87226, -1.5064, -0.076590000000000005]
tajectories: [[2.03836, -1.82844, -1.4, 1.21178, -1.87226, -1.5064, -0.07659], [2.01037, -1.58334, -1.2999, 1.30203, -2.27751, -1.49268, -0.15758], [1.98237, -1.33824, -1.1998, 1.39227, -2.68276, -1.47897, -0.23858], [1.95438, -1.09314, -1.0997, 1.48252, -3.08802, -1.46526, -0.31958], [1.92638, -0.84804, -0.9996, 1.57276, -3.49327, -1.45155, -0.40057], [1.89839, -0.60294, -0.8995, 1.66301, -3.89852, -1.43783, -0.48157], [1.87039, -0.35784, -0.7994, 1.75326, -4.30377, -1.42412, -0.56257], [1.86837, -0.34015, -0.79217, 1.75977, -4.33302, -1.42313, -0.56841], [2.02035, -0.08362, -0.95942, 1.88579, -4.24113, -1.15241, -0.75685], [2.17233, 0.17292, -1.12667, 2.01181, -4.14924, -0.88169, -0.94529], [2.32431, 0.42945, -1.29392, 2.13783, -4.05735, -0.61098, -1.13372], [2.47629, 0.68598, -1.46117, 2.26386, -3.96547, -0.34026, -1.32216], [2.60603, 0.90496, -1.60393, 2.37143, -3.88703, -0.10917, -1.48301], [2.58804, 0.5209, -1.57657, 2.31873, -3.61661, -0.26527, -1.44906], [2.57006, 0.13683, -1.5492, 2.26602, -3.3462, -0.42136, -1.41512], [2.55208, -0.24724, -1.52184, 2.21332, -3.07578, -0.57745, -1.38117], [2.5341, -0.6313, -1.49447, 2.16062, -2.80536, -0.73355, -1.34723], [2.51612, -1.01537, -1.4671, 2.10791, -2.53495, -0.88964, -1.31328], [2.49814, -1.39944, -1.43974, 2.05521, -2.26453, -1.04574, -1.27933], [2.48016, -1.7835, -1.41237, 2.00251, -1.99411, -1.20183, -1.24539]]
end: [2.4720300000000002, -1.95713, -1.3999999999999999, 1.97868, -1.8718600000000001, -1.2724, -1.23004]
obtacles: [[[0.6, -0.4, -0.2], [1.0, 0.6, -0.3]], [[0.7, -0.2, -0.2], [0.9, -0.1, 0.4]], [[0.7, 0.3, -0.2], [0.9, 0.4, 0.4]], [[0.7, -0.2, 0.4], [0.9, 0.4, 0.5]]]
start: [2.5462699999999998, -1.8946400000000001, -0.75, 0.43382999999999999, -2.43899, -1.56795, 0.30471999999999999]
tajectories: [[2.54627, -1.89464, -0.75, 0.43383, -2.43899, -1.56795, 0.30472], [2.28789, -1.59399, -0.963, 0.50428, -2.45788, -1.38125, 0.39018], [2.02952, -1.29333, -1.176, 0.57473, -2.47678, -1.19455, 0.47564], [1.77114, -0.99268, -1.389, 0.64517, -2.49567, -1.00785, 0.5611], [1.51276, -0.69203, -1.602, 0.71562, -2.51457, -0.82115, 0.64656], [1.25439, -0.39137, -1.815, 0.78607, -2.53347, -0.63445, 0.73202], [0.99601, -0.09072, -2.028, 0.85652, -2.55236, -0.44775, 0.81748], [0.86648, 0.06001, -2.13478, 0.89183, -2.56184, -0.35415, 0.86033], [1.06523, 0.17918, -2.15813, 1.16626, -2.63992, -0.16985, 0.57682], [1.26397, 0.29836, -2.18147, 1.44069, -2.718, 0.01446, 0.29331], [1.46272, 0.41753, -2.20481, 1.71512, -2.79608, 0.19877, 0.00981], [1.66146, 0.5367, -2.22815, 1.98955, -2.87417, 0.38307, -0.2737], [1.86021, 0.65588, -2.2515, 2.26397, -2.95225, 0.56738, -0.55721], [2.05714, 0.77396, -2.27463, 2.53589, -3.02962, 0.75, -0.83812], [1.90636, 0.89256, -2.18435, 2.45562, -3.24498, 0.44737, -0.59187], [1.75558, 1.01115, -2.09408, 2.37535, -3.46035, 0.14473, -0.34562], [1.6048, 1.12975, -2.00381, 2.29508, -3.67571, -0.1579, -0.09936], [1.45402, 1.24834, -1.91354, 2.21481, -3.89108, -0.46053, 0.14689], [1.30324, 1.36694, -1.82327, 2.13454, -4.10644, -0.76316, 0.39314], [1.15246, 1.48554, -1.733, 2.05427, -4.32181, -1.06579, 0.63939], [1.00168, 1.60413, -1.64273, 1.974, -4.53717, -1.36843, 0.88565]]
end: [0.93030999999999997, 1.6602699999999999, -1.6000000000000001, 1.9359999999999999, -4.6391200000000001, -1.5116799999999999, 1.0022200000000001]
