obtacles: [[[0.6, -0.4, -0.2], [1.0, 0.6, -0.3]], [[0.8, -0.3, -0.2], [1.0, -0.2, 0.3]], [[0.8, 0.2, -0.2], [1.0, 0.3, 0.3]], [[0.8, -0.3, 0.3], [1.0, 0.3, 0.4]]]
start: [2.3739699999999999, -1.9632499999999999, -1.05, 0.79725000000000001, -2.2092700000000001, -1.50905, 0.096619999999999998]
tajectories: [[2.37397, -1.96325, -1.05, 0.79725, -2.20927, -1.50905, 0.09662], [2.07288, -1.77181, -1.09193, 1.06471, -2.33606, -1.43488, -0.0702], [1.77179, -1.58036, -1.13386, 1.33216, -2.46285, -1.3607, -0.23702], [1.47071, -1.38892, -1.17579, 1.59961, -2.58964, -1.28652, -0.40384], [1.16962, -1.19747, -1.21772, 1.86706, -2.71644, -1.21235, -0.57065], [0.86853, -1.00603, -1.25964, 2.13451, -2.84323, -1.13817, -0.73747], [0.56744, -0.81458, -1.30157, 2.40196, -2.97002, -1.06399, -0.90429], [0.55601, -0.80731, -1.30316, 2.41212, -2.97483, -1.06118, -0.91062], [0.61079, -0.47112, -1.1231, 2.40661, -3.28039, -1.07622, -0.8216], [0.66558, -0.13492, -0.94303, 2.4011, -3.58595, -1.09127, -0.73258], [0.72036, 0.20127, -0.76297, 2.3956, -3.89151, -1.10632, -0.64356], [0.77514, 0.53747, -0.5829, 2.39009, -4.19707, -1.12136, -0.55454], [0.82993, 0.87366, -0.40284, 2.38458, -4.50263, -1.13641, -0.46552], [0.85805, 1.04626, -0.31039, 2.38175, -4.6595, -1.14413, -0.41982], [0.82274, 1.24508, -0.60736, 2.16398, -4.58696, -1.23637, -0.1752], [0.78743, 1.4439, -0.90433, 1.94621, -4.51441, -1.32861, 0.06943], [0.75212, 1.64272, -1.20129, 1.72844, -4.44187, -1.42085, 0.31405], [0.71681, 1.84154, -1.49826, 1.51067, -4.36932, -1.51309, 0.55867]]
end: [0.69877, 1.94313, -1.6499999999999999, 1.3994, -4.3322500000000002, -1.5602199999999999, 0.68367]
obtacles: [[[0.6, -0.4, -0.2], [1.0, 0.6, -0.3]], [[0.8, -0.3, -0.2], [1.0, -0.2, 0.3]], [[0.8, 0.2, -0.2], [1.0, 0.3, 0.3]], [[0.8, -0.3, 0.3], [1.0, 0.3, 0.4]]]
start: [-0.28262999999999999, 1.7202200000000001, -1.7, 0.86892999999999998, -4.5151700000000003, -1.56962, 1.1417600000000001]
tajectories: [[-0.28263, 1.72022, -1.7, 0.86893, -4.51517, -1.56962, 1.14176], [-0.31074, 1.64597, -1.84845, 1.12987, -4.1678, -1.49057, 0.97848], [-0.33885, 1.57172, -1.99689, 1.39081, -3.82044, -1.41152, 0.8152], [-0.36697, 1.49747, -2.14534, 1.65175, -3.47308, -1.33246, 0.65192], [-0.39508, 1.42322, -2.29378, 1.91269, -3.12571, -1.25341, 0.48864], [-0.42319, 1.34897, -2.44223, 2.17363, -2.77835, -1.17436, 0.32536], [-0.43012, 1.33069, -2.47877, 2.23787, -2.69283, -1.1549, 0.28516], [-0.14206, 1.37313, -2.25509, 2.22115, -2.70177, -1.18344, -0.0525], [0.14599, 1.41557, -2.03141, 2.20442, -2.7107, -1.21197, -0.39017], [0.43404, 1.45801, -1.80773, 2.18769, -2.71964, -1.24051, -0.72783], [0.72209, 1.50046, -1.58405, 2.17096, -2.72858, -1.26905, -1.0655], [1.01014, 1.5429, -1.36037, 2.15423, -2.73752, -1.29759, -1.40317], [1.2076, 1.57199, -1.20703, 2.14276, -2.74364, -1.31715, -1.63464], [1.06728, 1.62167, -1.29847, 1.97498, -2.98665, -1.35155, -1.27256], [0.92696, 1.67134, -1.38991, 1.80719, -3.22965, -1.38595, -0.91049], [0.78663, 1.72101, -1.48134, 1.63941, -3.47265, -1.42035, -0.54841], [0.64631, 1.77069, -1.57278, 1.47162, -3.71565, -1.45475, -0.18634], [0.50599, 1.82036, -1.66421, 1.30384, -3.95865, -1.48914, 0.17573], [0.36567, 1.87003, -1.75565, 1.13606, -4.20165, -1.52354, 0.53781]]
end: [0.29759999999999998, 1.8941300000000001, -1.8, 1.05467, -4.3195199999999998, -1.54023, 0.71343999999999996]
obtacles: [[[0.6, -0.4, -0.2], [1.0, 0.6, -0.3]], [[0.8, -0.3, -0.2], [1.0, -0.2, 0.3]], [[0.8, 0.2, -0.2], [1.0, 0.3, 0.3]], [[0.8, -0.3, 0.3], [1.0, 0.3, 0.4]]]
start: [-0.51729000000000003, 1.6196600000000001, -1.8500000000000001, 0.39439000000000002, -4.43546, -1.5100899999999999, 0.89634999999999998]
tajectories: [[-0.51729, 1.61966, -1.85, 0.39439, -4.43546, -1.51009, 0.89635], [-0.53505, 1.44298, -1.61753, 0.60004, -4.14026, -1.32727, 0.85681], [-0.5528, 1.2663, -1.38506, 0.8057, -3.84506, -1.14445, 0.81727], [-0.57055, 1.08961, -1.15259, 1.01135, -3.54986, -0.96162, 0.77773], [-0.5883, 0.91293, -0.92012, 1.21701, -3.25466, -0.7788, 0.73819], [-0.60605, 0.73625, -0.68764, 1.42266, -2.95946, -0.59598, 0.69865], [-0.6238, 0.55956, -0.45517, 1.62832, -2.66426, -0.41315, 0.65911], [-0.64156, 0.38288, -0.2227, 1.83397, -2.36906, -0.23033, 0.61957], [-0.65931, 0.20619, 0.00977, 2.03963, -2.07386, -0.04751, 0.58003], [-0.65949, 0.20433, 0.01222, 2.04179, -2.07075, -0.04558, 0.57961], [-0.3688, 0.37983, -0.20991, 2.0574, -2.29739, 0.13477, 0.54477], [-0.0781, 0.55533, -0.43204, 2.07301, -2.52404, 0.31513, 0.50992], [0.21259, 0.73083, -0.65416, 2.08862, -2.75069, 0.49548, 0.47508], [0.50329, 0.90633, -0.87629, 2.10423, -2.97734, 0.67584, 0.44024], [0.78119, 1.07411, -1.08864, 2.11915, -3.19401, 0.84825, 0.40693], [0.70267, 1.19884, -1.21558, 1.91324, -3.36247, 0.47237, 0.41676], [0.62414, 1.32356, -1.34253, 1.70733, -3.53092, 0.09649, 0.42659], [0.54562, 1.44829, -1.46948, 1.50142, -3.69938, -0.2794, 0.43643], [0.46709, 1.57302, -1.59642, 1.29551, -3.86784, -0.65528, 0.44626], [0.38857, 1.69774, -1.72337, 1.08961, -4.0363, -1.03117, 0.4561], [0.31005, 1.82247, -1.85032, 0.8837, -4.20475, -1.40705, 0.46593]]
end: [0.27931, 1.8712800000000001, -1.8999999999999999, 0.80310999999999999, -4.2706799999999996, -1.55416, 0.46977999999999998]
obtacles: [[[0.6, -0.4, -0.2], [1.0, 0.6, -0.3]], [[0.8, -0.3, -0.2], [1.0, -0.2, 0.3]], [[0.8, 0.2, -0.2], [1.0, 0.3, 0.3]], [[0.8, -0.3, 0.3], [1.0, 0.3, 0.4]]]
start: [-0.40033000000000002, 1.68285, -1.8999999999999999, 0.35693000000000003, -4.3653700000000004, -1.56332, 0.73731000000000002]
tajectories: [[-0.40033, 1.68285, -1.9, 0.35693, -4.36537, -1.56332, 0.73731], [-0.30446, 1.4456, -1.67979, 0.58625, -4.23791, -1.4729, 0.98024], [-0.2086, 1.20835, -1.45957, 0.81558, -4.11044, -1.38249, 1.22317], [-0.11273, 0.9711, -1.23936, 1.04491, -3.98298, -1.29208, 1.4661], [-0.01686, 0.73385, -1.01914, 1.27423, -3.85551, -1.20166, 1.70903], [0.07901, 0.4966, -0.79893, 1.50356, -3.72805, -1.11125, 1.95196], [0.17488, 0.25935, -0.57871, 1.73289, -3.60059, -1.02083, 2.19489], [0.2321, 0.11773, -0.44727, 1.86977, -3.5245, -0.96686, 2.3399], [0.48732, 0.40425, -0.20778, 1.8775, -3.40618, -0.98641, 2.51591], [0.74253, 0.69076, 0.03171, 1.88523, -3.28786, -1.00596, 2.69192], [0.99775, 0.97727, 0.27119, 1.89295, -3.16954, -1.02552, 2.86793], [1.05739, 1.04422, 0.32716, 1.89476, -3.14189, -1.03008, 2.90907], [0.97923, 1.16014, 0.02597, 1.78856, -3.29411, -1.08567, 2.58939], [0.90107, 1.27607, -0.27523, 1.68235, -3.44632, -1.14126, 2.26971], [0.82291, 1.39199, -0.57642, 1.57615, -3.59854, -1.19685, 1.95003], [0.74475, 1.50791, -0.87762, 1.46994, -3.75076, -1.25244, 1.63035], [0.66659, 1.62383, -1.17881, 1.36374, -3.90297, -1.30803, 1.31067], [0.58843, 1.73975, -1.48001, 1.25753, -4.05519, -1.36361, 0.99099], [0.51027, 1.85568, -1.7812, 1.15133, -4.2074, -1.4192, 0.67131]]
end: [0.47943999999999998, 1.9014, -1.8999999999999999, 1.10944, -4.2674399999999997, -1.44113, 0.54522000000000004]
obtacles: [[[0.6, -0.4, -0.2], [1.0, 0.6, -0.3]], [[0.8, -0.3, -0.2], [1.0, -0.2, 0.3]], [[0.8, 0.2, -0.2], [1.0, 0.3, 0.3]], [[0.8, -0.3, 0.3], [1.0, 0.3, 0.4]]]
start: [2.1827000000000001, -1.6788000000000001, -1.3999999999999999, 0.84785999999999995, -1.7649300000000001, -1.5153700000000001, 0.12569]
tajectories: [[2.1827, -1.6788, -1.4, 0.84786, -1.76493, -1.51537, 0.12569], [2.1025, -1.49602, -1.39503, 0.97608, -2.14009, -1.53514, -0.10357], [2.02231, -1.31325, -1.39006, 1.10431, -2.51525, -1.55491, -0.33284], [2.00312, -1.26953, -1.38887, 1.13498, -2.60498, -1.55964, -0.38768], [1.96763, -1.31269, -1.40462, 1.31388, -3.02123, -1.39726, -0.51013], [1.93214, -1.35585, -1.42036, 1.49278, -3.43748, -1.23487, -0.63258], [1.89917, -1.39595, -1.43499, 1.65901, -3.82424, -1.08399, -0.74636], [2.1559, -1.53159, -1.56627, 1.60232, -3.67669, -0.95644, -0.41895], [2.41263, -1.66723, -1.69754, 1.54564, -3.52913, -0.82889, -0.09153], [2.50289, -1.71492, -1.74369, 1.52571, -3.47725, -0.78405, 0.02358], [2.51197, -1.74137, -1.65459, 1.44794, -3.05815, -0.96915, -0.13555], [2.52104, -1.76782, -1.56549, 1.37017, -2.63905, -1.15424, -0.29468], [2.53011, -1.79427, -1.47638, 1.29241, -2.21994, -1.33934, -0.45381]]
end: [2.53789, -1.81694, -1.3999999999999999, 1.2257400000000001, -1.86066, -1.4980199999999999, -0.59023000000000003]
obtacles: [[[0.6, -0.4, -0.2], [1.0, 0.6, -0.3]], [[0.8, -0.3, -0.2], [1.0, -0.2, 0.3]], [[0.8, 0.2, -0.2], [1.0, 0.3, 0.3]], [[0.8, -0.3, 0.3], [1.0, 0.3, 0.4]]]
start: [2.2005300000000001, -1.6319300000000001, -1.3500000000000001, 1.09015, -1.7288699999999999, -1.40445, -0.12911]
tajectories: [[2.20053, -1.63193, -1.35, 1.09015, -1.72887, -1.40445, -0.12911], [1.8735, -1.47792, -1.11294, 1.20644, -1.80047, -1.28552, -0.3033], [1.54647, -1.32391, -0.87588, 1.32272, -1.87207, -1.16659, -0.47749], [1.21944, -1.16991, -0.63883, 1.43901, -1.94367, -1.04766, -0.65168], [0.89241, -1.0159, -0.40177, 1.55529, -2.01528, -0.92874, -0.82587], [0.56538, -0.86189, -0.16471, 1.67158, -2.08688, -0.80981, -1.00006], [0.45644, -0.81058, -0.08574, 1.71032, -2.11073, -0.77019, -1.05809], [0.62139, -0.68664, -0.35902, 1.91523, -2.36448, -0.76308, -0.89586], [0.78633, -0.5627, -0.6323, 2.12015, -2.61822, -0.75598, -0.73363], [0.95128, -0.43876, -0.90558, 2.32507, -2.87197, -0.74887, -0.5714], [1.11623, -0.31482, -1.17887, 2.52998, -3.12572, -0.74177, -0.40917], [1.28117, -0.19087, -1.45215, 2.7349, -3.37947, -0.73466, -0.24694], [1.36985, -0.12424, -1.59907, 2.84506, -3.51589, -0.73084, -0.15972], [1.53689, -0.41793, -1.58319, 2.6249, -3.26679, -0.86099, -0.24993], [1.70393, -0.71161, -1.56731, 2.40475, -3.0177, -0.99115, -0.34014], [1.87097, -1.0053, -1.55143, 2.18459, -2.76861, -1.1213, -0.43035], [2.03801, -1.29898, -1.53555, 1.96443, -2.51952, -1.25146, -0.52056], [2.20505, -1.59267, -1.51968, 1.74427, -2.27043, -1.38161, -0.61076], [2.37209, -1.88635, -1.5038, 1.52411, -2.02134, -1.51177, -0.70097]]
end: [2.4120400000000002, -1.9565900000000001, -1.5, 1.47146, -1.96177, -1.5428999999999999, -0.72255000000000003]
obtacles: [[[0.6, -0.4, -0.2], [1.0, 0.6, -0.3]], [[0.8, -0.3, -0.2], [1.0, -0.2, 0.3]], [[0.8, 0.2, -0.2], [1.0, 0.3, 0.3]], [[0.8, -0.3, 0.3], [1.0, 0.3, 0.4]]]
start: [2.2275200000000002, -1.86896, -1.1000000000000001, 1.0853299999999999, -2.06786, -1.3218300000000001, -0.035749999999999997]
tajectories: [[2.22752, -1.86896, -1.1, 1.08533, -2.06786, -1.32183, -0.03575], [2.0885, -1.55709, -1.34095, 1.03504, -2.30061, -1.32186, 0.10082], [1.94949, -1.24522, -1.58191, 0.98476, -2.53336, -1.3219, 0.23738], [1.81047, -0.93334, -1.82286, 0.93448, -2.76611, -1.32193, 0.37394], [1.67145, -0.62147, -2.06381, 0.8842, -2.99886, -1.32197, 0.51051], [1.6322, -0.53341, -2.13185, 0.87, -3.06458, -1.32198, 0.54906], [1.72374, -0.56676, -2.18575, 1.18788, -2.93719, -1.2857, 0.20408], [1.81528, -0.6001, -2.23966, 1.50576, -2.80981, -1.24941, -0.1409], [1.90682, -0.63345, -2.29356, 1.82364, -2.68243, -1.21313, -0.48588], [1.99836, -0.66679, -2.34747, 2.14152, -2.55504, -1.17685, -0.83086], [2.01337, -0.67226, -2.35631, 2.19365, -2.53415, -1.1709, -0.88743], [2.14372, -1.0002, -2.10128, 2.0023, -2.39795, -1.2342, -0.85205], [2.27408, -1.32814, -1.84625, 1.81095, -2.26174, -1.29749, -0.81666], [2.40443, -1.65607, -1.59122, 1.6196, -2.12554, -1.36079, -0.78128]]
end: [2.52772, -1.9662500000000001, -1.3500000000000001, 1.43862, -1.99671, -1.42066, -0.74780999999999997]
obtacles: [[[0.6, -0.4, -0.2], [1.0, 0.6, -0.3]], [[0.8, -0.3, -0.2], [1.0, -0.2, 0.3]], [[0.8, 0.2, -0.2], [1.0, 0.3, 0.3]], [[0.8, -0.3, 0.3], [1.0, 0.3, 0.4]]]
start: [2.2481100000000001, -1.8827, -1.0, 1.40812, -2.0200200000000001, -1.09534, -0.31183]
tajectories: [[2.24811, -1.8827, -1.0, 1.40812, -2.02002, -1.09534, -0.31183], [1.97685, -1.73565, -1.21043, 1.42402, -2.26385, -0.90082, -0.19795], [1.70559, -1.5886, -1.42086, 1.43991, -2.50768, -0.7063, -0.08407], [1.43433, -1.44155, -1.63129, 1.45581, -2.75151, -0.51178, 0.02982], [1.16307, -1.2945, -1.84172, 1.4717, -2.99535, -0.31726, 0.1437], [0.89181, -1.14745, -2.05216, 1.4876, -3.23918, -0.12275, 0.25758], [0.62055, -1.0004, -2.26259, 1.50349, -3.48301, 0.07177, 0.37147], [0.37059, -0.86489, -2.4565, 1.51814, -3.7077, 0.25102, 0.47641], [0.6818, -1.05352, -2.25367, 1.56335, -3.68691, -0.0182, 0.43801], [0.993, -1.24215, -2.05085, 1.60856, -3.66612, -0.28742, 0.39961], [1.30421, -1.43078, -1.84802, 1.65377, -3.64534, -0.55664, 0.3612], [1.61542, -1.61941, -1.64519, 1.69898, -3.62455, -0.82586, 0.3228], [1.92662, -1.80804, -1.44236, 1.7442, -3.60376, -1.09507, 0.2844], [2.1349, -1.93428, -1.30662, 1.77445, -3.58985, -1.27525, 0.25869], [2.24691, -1.94239, -1.34058, 1.721, -3.20692, -1.32093, -0.03226], [2.35892, -1.95049, -1.37455, 1.66754, -2.824, -1.3666, -0.32322], [2.47093, -1.9586, -1.40851, 1.61408, -2.44107, -1.41228, -0.61418], [2.58294, -1.96671, -1.44248, 1.56062, -2.05814, -1.45795, -0.90514]]
end: [2.6077599999999999, -1.9684999999999999, -1.45, 1.54878, -1.9733000000000001, -1.46807, -0.96960000000000002]
obtacles: [[[0.6, -0.4, -0.2], [1.0, 0.6, -0.3]], [[0.8, -0.3, -0.2], [1.0, -0.2, 0.3]], [[0.8, 0.2, -0.2], [1.0, 0.3, 0.3]], [[0.8, -0.3, 0.3], [1.0, 0.3, 0.4]]]
start: [2.3421400000000001, -1.8977999999999999, -1.05, 1.06795, -2.1251099999999998, -1.30976, -0.10599]
tajectories: [[2.34214, -1.8978, -1.05, 1.06795, -2.12511, -1.30976, -0.10599], [2.27778, -1.6308, -1.05606, 1.10737, -2.0274, -0.90936, -0.05024], [2.21341, -1.36379, -1.06212, 1.14679, -1.92968, -0.50897, 0.00551], [2.14905, -1.09679, -1.06818, 1.18621, -1.83197, -0.10857, 0.06126], [2.08469, -0.82978, -1.07424, 1.22562, -1.73426, 0.29183, 0.11702], [2.02033, -0.56278, -1.0803, 1.26504, -1.63654, 0.69223, 0.17277], [2.01872, -0.55611, -1.08046, 1.26603, -1.6341, 0.70223, 0.17416], [1.84877, -0.3109, -1.0798, 1.4736, -1.54863, 0.72078, -0.15788], [1.67883, -0.06568, -1.07914, 1.68117, -1.46316, 0.73934, -0.48993], [1.50888, 0.17953, -1.07849, 1.88874, -1.37769, 0.75789, -0.82197], [1.33894, 0.42475, -1.07783, 2.09631, -1.29222, 0.77645, -1.15401], [1.16899, 0.66996, -1.07718, 2.30388, -1.20675, 0.79501, -1.48606], [1.03815, 0.85876, -1.07667, 2.4637, -1.14095, 0.80929, -1.74171], [0.90904, 1.15062, -1.22552, 2.20694, -1.17377, 1.01885, -1.8645], [0.77994, 1.44247, -1.37437, 1.95017, -1.20659, 1.22841, -1.98729], [0.65084, 1.73433, -1.52322, 1.69341, -1.23941, 1.43797, -2.11008]]
end: [0.58425000000000005, 1.8848800000000001, -1.6000000000000001, 1.56097, -1.25634, 1.54606, -2.1734200000000001]
obtacles: [[[0.6, -0.4, -0.2], [1.0, 0.6, -0.3]], [[0.8, -0.3, -0.2], [1.0, -0.2, 0.3]], [[0.8, 0.2, -0.2], [1.0, 0.3, 0.3]], [[0.8, -0.3, 0.3], [1.0, 0.3, 0.4]]]
start: [2.4554900000000002, -1.6044, -1.5, 0.61987999999999999, -1.64794, -1.55707, 0.06794]
tajectories: [[2.45549, -1.6044, -1.5, 0.61988, -1.64794, -1.55707, 0.06794], [2.31944, -1.56689, -1.61949, 0.58442, -1.67466, -1.21986, -0.24848], [2.18339, -1.52938, -1.73897, 0.54896, -1.70137, -0.88265, -0.5649], [2.04734, -1.49187, -1.85846, 0.51349, -1.72809, -0.54544, -0.88132], [1.91129, -1.45436, -1.97795, 0.47803, -1.7548, -0.20822, -1.19775], [1.77524, -1.41685, -2.09744, 0.44257, -1.78152, 0.12899, -1.51417], [1.63919, -1.37934, -2.21692, 0.4071, -1.80823, 0.4662, -1.83059], [1.63364, -1.37781, -2.22179, 0.40566, -1.80932, 0.47995, -1.84349], [1.52702, -1.10894, -1.97185, 0.69184, -1.87823, 0.59808, -1.90063], [1.4204, -0.84007, -1.72191, 0.97803, -1.94714, 0.71622, -1.95777], [1.31378, -0.5712, -1.47197, 1.26421, -2.01604, 0.83436, -2.01491], [1.20716, -0.30233, -1.22203, 1.55039, -2.08495, 0.9525, -2.07205], [1.10054, -0.03346, -0.97209, 1.83658, -2.15385, 1.07063, -2.12919], [0.99392, 0.23541, -0.72214, 2.12276, -2.22276, 1.18877, -2.18633], [0.8873, 0.50428, -0.4722, 2.40894, -2.29166, 1.30691, -2.24347], [0.87598, 0.53285, -0.44565, 2.43935, -2.29898, 1.31946, -2.24954], [0.80535, 0.814, -0.71687, 2.22536, -2.09035, 1.37331, -2.23613], [0.73472, 1.09516, -0.9881, 2.01138, -1.88171, 1.42716, -2.22271], [0.66409, 1.37631, -1.25933, 1.79739, -1.67307, 1.48101, -2.2093], [0.59346, 1.65747, -1.53056, 1.58341, -1.46443, 1.53486, -2.19588]]
end: [0.57538, 1.72946, -1.6000000000000001, 1.5286200000000001, -1.4110100000000001, 1.5486500000000001, -2.19245]
obtacles: [[[0.6, -0.4, -0.2], [1.0, 0.6, -0.3]], [[0.8, -0.3, -0.2], [1.0, -0.2, 0.3]], [[0.8, 0.2, -0.2], [1.0, 0.3, 0.3]], [[0.8, -0.3, 0.3], [1.0, 0.3, 0.4]]]
start: [-0.097509999999999999, 1.7285699999999999, -1.6499999999999999, 1.30382, -1.3976599999999999, 1.53687, -1.7494700000000001]
tajectories: [[-0.09751, 1.72857, -1.65, 1.30382, -1.39766, 1.53687, -1.74947], [-0.17193, 1.47939, -1.41082, 1.49249, -1.23475, 1.28958, -1.70619], [-0.24635, 1.2302, -1.17165, 1.68117, -1.07183, 1.04229, -1.6629], [-0.2959, 1.06429, -1.01239, 1.80679, -0.96336, 0.87764, -1.63408], [0.10639, 1.26417, -1.07783, 1.81289, -0.99945, 1.03172, -1.4968], [0.50868, 1.46406, -1.14326, 1.819, -1.03554, 1.1858, -1.35952], [0.70141, 1.55982, -1.17461, 1.82192, -1.05283, 1.25961, -1.29375], [0.72484, 1.66213, -1.38874, 1.77836, -1.19486, 1.35043, -1.69725], [0.74827, 1.76444, -1.60287, 1.73479, -1.33689, 1.44124, -2.10075]]
end: [0.75343000000000004, 1.7869600000000001, -1.6499999999999999, 1.7252000000000001, -1.36815, 1.46123, -2.1895699999999998]
