obtacles: [[[0.6, -0.4, -0.2], [1.0, 0.6, -0.3]], [[0.8, -0.1, -0.2], [1.0, -0.0, 0.3]], [[0.8, 0.5, -0.2], [1.0, 0.6, 0.3]], [[0.8, -0.1, 0.3], [1.0, 0.6, 0.4]]]
start: [-0.39026, 1.81193, 1.95, 0.60097, -2.0169800000000002, -1.5645, -0.16278999999999999]
tajectories: [[-0.39026, 1.81193, 1.95, 0.60097, -2.01698, -1.5645, -0.16279], [-0.52418, 1.60087, 1.9431, 0.8566, -1.71984, -1.49899, 0.00908], [-0.65811, 1.3898, 1.9362, 1.11222, -1.4227, -1.43348, 0.18094], [-0.79204, 1.17874, 1.9293, 1.36785, -1.12556, -1.36796, 0.35281], [-0.92597, 0.96768, 1.9224, 1.62348, -0.82842, -1.30245, 0.52468], [-1.05566, 0.76331, 1.91572, 1.871, -0.54071, -1.23902, 0.6911], [-0.9529, 0.97397, 1.77146, 2.05937, -0.43961, -0.91405, 0.53963], [-0.85014, 1.18464, 1.62719, 2.24774, -0.33851, -0.58909, 0.38816], [-0.74737, 1.3953, 1.48293, 2.43611, -0.23741, -0.26412, 0.23669], [-0.65064, 1.59361, 1.34713, 2.61343, -0.14224, 0.04178, 0.09411], [-0.55164, 1.64082, 1.44841, 2.42184, -0.44248, -0.17399, -0.13892], [-0.45263, 1.68803, 1.5497, 2.23026, -0.74272, -0.38977, -0.37196], [-0.35363, 1.73523, 1.65098, 2.03867, -1.04296, -0.60555, -0.60499], [-0.25462, 1.78244, 1.75226, 1.84709, -1.34319, -0.82132, -0.83802], [-0.15562, 1.82964, 1.85355, 1.6555, -1.64343, -1.0371, -1.07105]]
end: [-0.061330000000000003, 1.8746, 1.95, 1.47305, -1.92936, -1.2425900000000001, -1.29298]
obtacles: [[[0.6, -0.4, -0.2], [1.0, 0.6, -0.3]], [[0.8, -0.1, -0.2], [1.0, -0.0, 0.3]], [[0.8, 0.5, -0.2], [1.0, 0.6, 0.3]], [[0.8, -0.1, 0.3], [1.0, 0.6, 0.4]]]
start: [-0.54691999999999996, 1.81592, 2.2000000000000002, 0.93779999999999997, -2.1680100000000002, -1.2484999999999999, -0.21077000000000001]
tajectories: [[-0.54692, 1.81592, 2.2, 0.9378, -2.16801, -1.2485, -0.21077], [-0.61572, 1.72718, 2.26284, 1.03586, -2.26235, -0.90337, -0.52031], [-0.68453, 1.63845, 2.32568, 1.13391, -2.35669, -0.55824, -0.82985], [-0.75333, 1.54971, 2.38852, 1.23196, -2.45104, -0.21312, -1.13939], [-0.82213, 1.46098, 2.45137, 1.33002, -2.54538, 0.13201, -1.44893], [-0.89094, 1.37224, 2.51421, 1.42807, -2.63972, 0.47714, -1.75847], [-0.95974, 1.28351, 2.57705, 1.52613, -2.73406, 0.82227, -2.068], [-0.98212, 1.25465, 2.59749, 1.55802, -2.76475, 0.93453, -2.16869], [-0.78904, 1.35699, 2.50715, 1.69033, -3.02677, 0.6201, -2.07349], [-0.59597, 1.45933, 2.41682, 1.82263, -3.28879, 0.30566, -1.9783], [-0.40289, 1.56167, 2.32648, 1.95494, -3.55081, -0.00877, -1.8831], [-0.20981, 1.66401, 2.23615, 2.08725, -3.81283, -0.3232, -1.78791], [-0.01674, 1.76635, 2.14581, 2.21955, -4.07484, -0.63763, -1.69271], [0.17634, 1.86868, 2.05548, 2.35186, -4.33686, -0.95206, -1.59752], [0.29638, 1.93231, 1.99932, 2.43412, -4.49977, -1.14755, -1.53833], [0.23438, 1.92952, 2.0342, 2.17469, -4.10672, -1.17749, -1.3892], [0.17237, 1.92672, 2.06908, 1.91526, -3.71367, -1.20743, -1.24006], [0.11037, 1.92393, 2.10396, 1.65583, -3.32062, -1.23737, -1.09092], [0.04837, 1.92113, 2.13884, 1.3964, -2.92757, -1.26731, -0.94179], [-0.01364, 1.91834, 2.17372, 1.13697, -2.53451, -1.29725, -0.79265]]
end: [-0.060359999999999997, 1.9162300000000001, 2.2000000000000002, 0.94147999999999998, -2.23834, -1.3198099999999999, -0.68027000000000004]
obtacles: [[[0.6, -0.4, -0.2], [1.0, 0.6, -0.3]], [[0.8, -0.1, -0.2], [1.0, -0.0, 0.3]], [[0.8, 0.5, -0.2], [1.0, 0.6, 0.3]], [[0.8, -0.1, 0.3], [1.0, 0.6, 0.4]]]
start: [2.4772599999999998, -1.9660599999999999, 2.1000000000000001, -0.80686999999999998, 0.92498999999999998, -1.50065, -0.01065]
tajectories: [[2.47726, -1.96606, 2.1, -0.80687, 0.92499, -1.50065, -0.01065], [2.43006, -1.77117, 1.99801, -0.38638, 0.89852, -1.38607, 0.08286], [2.38286, -1.57628, 1.89602, 0.03411, 0.87206, -1.27149, 0.17638], [2.33566, -1.38139, 1.79403, 0.45461, 0.84559, -1.15691, 0.26989], [2.28846, -1.1865, 1.69204, 0.8751, 0.81912, -1.04233, 0.3634], [2.24126, -0.99161, 1.59005, 1.29559, 0.79266, -0.92775, 0.45692], [2.19406, -0.79671, 1.48806, 1.71608, 0.76619, -0.81317, 0.55043], [2.14889, -0.6102, 1.39045, 2.11849, 0.74086, -0.70352, 0.63992], [1.95687, -0.32285, 1.68185, 2.31941, 0.75516, -0.69984, 0.56878], [1.76485, -0.0355, 1.97325, 2.52032, 0.76946, -0.69617, 0.49765], [1.68965, 0.07703, 2.08736, 2.599, 0.77507, -0.69473, 0.46979], [1.499, 0.26303, 1.93566, 2.41853, 0.87201, -0.45535, 0.70807], [1.30834, 0.44902, 1.78397, 2.23806, 0.96895, -0.21597, 0.94634], [1.11769, 0.63502, 1.63227, 2.05759, 1.06589, 0.0234, 1.18462], [0.92703, 0.82102, 1.48057, 1.87712, 1.16283, 0.26278, 1.42289], [0.76637, 0.97776, 1.35274, 1.72504, 1.24452, 0.4645, 1.62368], [0.55317, 1.26556, 1.5548, 1.60615, 1.18402, 0.69309, 1.72778], [0.33997, 1.55337, 1.75685, 1.48725, 1.12353, 0.92168, 1.83187], [0.12676, 1.84117, 1.95891, 1.36835, 1.06304, 1.15028, 1.93596]]
end: [0.030640000000000001, 1.9709300000000001, 2.0499999999999998, 1.31474, 1.0357700000000001, 1.2533399999999999, 1.98289]
obtacles: [[[0.6, -0.4, -0.2], [1.0, 0.6, -0.3]], [[0.8, -0.1, -0.2], [1.0, -0.0, 0.3]], [[0.8, 0.5, -0.2], [1.0, 0.6, 0.3]], [[0.8, -0.1, 0.3], [1.0, 0.6, 0.4]]]
start: [-0.73311999999999999, 1.80782, 1.8, 1.2444999999999999, 1.2704200000000001, 1.4364600000000001, 2.6779899999999999]
tajectories: [[-0.73312, 1.80782, 1.8, 1.2445, 1.27042, 1.43646, 2.67799], [-0.72349, 1.61816, 1.87403, 1.13841, 1.2044, 1.27708, 2.2688], [-0.71386, 1.42849, 1.94806, 1.03232, 1.13837, 1.11769, 1.85961], [-0.70423, 1.23882, 2.02209, 0.92624, 1.07235, 0.95831, 1.45042], [-0.6946, 1.04916, 2.09611, 0.82015, 1.00633, 0.79892, 1.04123], [-0.68497, 0.85949, 2.17014, 0.71406, 0.94031, 0.63953, 0.63204], [-0.67534, 0.66982, 2.24417, 0.60797, 0.87429, 0.48015, 0.22285], [-0.66571, 0.48015, 2.3182, 0.50189, 0.80826, 0.32076, -0.18634], [-0.65608, 0.29049, 2.39223, 0.3958, 0.74224, 0.16137, -0.59553], [-0.65427, 0.25479, 2.40616, 0.37583, 0.72982, 0.13137, -0.67255], [-0.64429, 0.45232, 2.37995, 0.6834, 0.63731, 0.27891, -0.96456], [-0.63431, 0.64985, 2.35374, 0.99097, 0.54481, 0.42645, -1.25657], [-0.62433, 0.84739, 2.32753, 1.29855, 0.45231, 0.57399, -1.54857], [-0.61435, 1.04492, 2.30131, 1.60612, 0.35981, 0.72153, -1.84058], [-0.60437, 1.24245, 2.2751, 1.91369, 0.26731, 0.86907, -2.13259], [-0.59439, 1.43999, 2.24889, 2.22126, 0.17481, 1.0166, -2.4246], [-0.58837, 1.55916, 2.23307, 2.40683, 0.119, 1.10562, -2.60078], [-0.55382, 1.58432, 2.17211, 2.28523, -0.1439, 0.75996, -2.3981], [-0.51927, 1.60947, 2.11114, 2.16364, -0.4068, 0.41431, -2.19542], [-0.48472, 1.63462, 2.05017, 2.04204, -0.66969, 0.06866, -1.99274], [-0.45017, 1.65977, 1.9892, 1.92044, -0.93259, -0.277, -1.79007], [-0.41562, 1.68492, 1.92823, 1.79885, -1.19549, -0.62265, -1.58739], [-0.38107, 1.71008, 1.86726, 1.67725, -1.45839, -0.96831, -1.38471], [-0.34652, 1.73523, 1.80629, 1.55565, -1.72128, -1.31396, -1.18203]]
end: [-0.34294999999999998, 1.73783, 1.8, 1.5430999999999999, -1.7484299999999999, -1.34965, -1.1611100000000001]
obtacles: [[[0.6, -0.4, -0.2], [1.0, 0.6, -0.3]], [[0.8, -0.1, -0.2], [1.0, -0.0, 0.3]], [[0.8, 0.5, -0.2], [1.0, 0.6, 0.3]], [[0.8, -0.1, 0.3], [1.0, 0.6, 0.4]]]
start: [-0.61658999999999997, 1.8080499999999999, 1.8, 1.1181099999999999, -1.88533, -1.4748600000000001, -0.45884999999999998]
tajectories: [[-0.61659, 1.80805, 1.8, 1.11811, -1.88533, -1.47486, -0.45885], [-0.92482, 1.66327, 1.80164, 1.34322, -2.163, -1.4225, -0.39955], [-1.23304, 1.5185, 1.80328, 1.56833, -2.44067, -1.37014, -0.34024], [-1.54127, 1.37372, 1.80492, 1.79345, -2.71834, -1.31778, -0.28094], [-1.84949, 1.22895, 1.80656, 2.01856, -2.99601, -1.26542, -0.22164], [-2.15772, 1.08417, 1.80821, 2.24368, -3.27368, -1.21306, -0.16234], [-2.41427, 0.96366, 1.80957, 2.43106, -3.5048, -1.16948, -0.11298], [-1.96718, 1.02462, 1.84316, 2.28095, -3.59728, -1.10504, -0.21311], [-1.52009, 1.08557, 1.87676, 2.13085, -3.68976, -1.04061, -0.31325], [-1.07299, 1.14653, 1.91035, 1.98074, -3.78223, -0.97617, -0.41339], [-0.6259, 1.20748, 1.94395, 1.83064, -3.87471, -0.91174, -0.51353], [-0.1788, 1.26844, 1.97754, 1.68053, -3.96719, -0.84731, -0.61367], [0.26829, 1.32939, 2.01113, 1.53043, -4.05967, -0.78287, -0.7138], [0.71538, 1.39034, 2.04473, 1.38032, -4.15215, -0.71844, -0.81394], [0.86036, 1.41011, 2.05562, 1.33165, -4.18214, -0.69754, -0.84641], [0.72954, 1.47288, 2.00757, 1.31509, -3.73649, -0.83214, -0.94463], [0.59872, 1.53564, 1.95953, 1.29854, -3.29084, -0.96674, -1.04284], [0.46791, 1.59841, 1.91148, 1.28198, -2.84519, -1.10134, -1.14106], [0.33709, 1.66117, 1.86343, 1.26543, -2.39955, -1.23593, -1.23927], [0.20627, 1.72394, 1.81538, 1.24887, -1.9539, -1.37053, -1.33749]]
end: [0.16438, 1.74404, 1.8, 1.2435700000000001, -1.8111999999999999, -1.4136299999999999, -1.36894]
obtacles: [[[0.6, -0.4, -0.2], [1.0, 0.6, -0.3]], [[0.8, -0.1, -0.2], [1.0, -0.0, 0.3]], [[0.8, 0.5, -0.2], [1.0, 0.6, 0.3]], [[0.8, -0.1, 0.3], [1.0, 0.6, 0.4]]]
start: [-0.43615999999999999, 1.94133, 2.25, 0.56791000000000003, -2.33012, -1.5611200000000001, 0.0043400000000000001]
tajectories: [[-0.43616, 1.94133, 2.25, 0.56791, -2.33012, -1.56112, 0.00434], [-0.63547, 1.93716, 2.06706, 0.9236, -2.1996, -1.42084, 0.12082], [-0.83478, 1.93298, 1.88412, 1.27928, -2.06909, -1.28056, 0.2373], [-1.03409, 1.9288, 1.70117, 1.63496, -1.93857, -1.14028, 0.35378], [-1.2334, 1.92462, 1.51823, 1.99064, -1.80806, -0.99999, 0.47026], [-1.43271, 1.92044, 1.33529, 2.34632, -1.67754, -0.85971, 0.58673], [-1.54395, 1.91811, 1.23319, 2.54483, -1.6047, -0.78142, 0.65174], [-1.28121, 1.92647, 1.37135, 2.34276, -1.68487, -0.86424, 0.32358], [-1.01847, 1.93484, 1.50952, 2.14069, -1.76504, -0.94707, -0.00457], [-0.75573, 1.9432, 1.64769, 1.93862, -1.84521, -1.02989, -0.33273], [-0.49299, 1.95157, 1.78585, 1.73655, -1.92538, -1.11271, -0.66089], [-0.23025, 1.95993, 1.92402, 1.53447, -2.00555, -1.19554, -0.98905]]
end: [-0.085769999999999999, 1.9645300000000001, 2.0, 1.4233499999999999, -2.0496400000000001, -1.24108, -1.1695199999999999]
obtacles: [[[0.6, -0.4, -0.2], [1.0, 0.6, -0.3]], [[0.8, -0.1, -0.2], [1.0, -0.0, 0.3]], [[0.8, 0.5, -0.2], [1.0, 0.6, 0.3]], [[0.8, -0.1, 0.3], [1.0, 0.6, 0.4]]]
start: [-0.38096000000000002, 1.6432100000000001, 2.0, 0.60590999999999995, -1.9698, -1.3929499999999999, -0.17312]
tajectories: [[-0.38096, 1.64321, 2.0, 0.60591, -1.9698, -1.39295, -0.17312], [-0.53024, 1.53386, 2.09031, 0.97425, -2.07612, -1.38458, -0.4192], [-0.67953, 1.42452, 2.18062, 1.34259, -2.18243, -1.3762, -0.66528], [-0.73048, 1.38719, 2.21144, 1.46831, -2.21872, -1.37334, -0.74927], [-0.60634, 1.46625, 1.78309, 1.67519, -2.2412, -1.33408, -0.75205], [-0.4822, 1.54531, 1.35473, 1.88206, -2.26368, -1.29482, -0.75483], [-0.35806, 1.62437, 0.92638, 2.08893, -2.28617, -1.25557, -0.7576], [-0.35029, 1.62932, 0.89959, 2.10187, -2.28757, -1.25311, -0.75778], [-0.20119, 1.69108, 1.23221, 1.7954, -2.20485, -1.27735, -0.86715], [-0.05208, 1.75284, 1.56483, 1.48893, -2.12212, -1.30158, -0.97653], [0.09702, 1.8146, 1.89745, 1.18247, -2.0394, -1.32581, -1.08591]]
end: [0.14299000000000001, 1.8336399999999999, 2.0, 1.0879799999999999, -2.01389, -1.33328, -1.1196299999999999]
obtacles: [[[0.6, -0.4, -0.2], [1.0, 0.6, -0.3]], [[0.8, -0.1, -0.2], [1.0, -0.0, 0.3]], [[0.8, 0.5, -0.2], [1.0, 0.6, 0.3]], [[0.8, -0.1, 0.3], [1.0, 0.6, 0.4]]]
start: [-0.85851, 1.9705299999999999, 1.7, 1.41764, -1.98603, -1.51284, -0.52070000000000005]
tajectories: [[-0.85851, 1.97053, 1.7, 1.41764, -1.98603, -1.51284, -0.5207], [-0.83389, 1.91091, 1.93409, 1.75185, -1.91754, -1.41815, -0.777], [-0.80927, 1.85129, 2.16818, 2.08606, -1.84906, -1.32347, -1.0333], [-0.78464, 1.79167, 2.40227, 2.42028, -1.78057, -1.22879, -1.28959], [-0.7727, 1.76275, 2.51581, 2.58238, -1.74735, -1.18286, -1.4139], [-0.48317, 1.72112, 2.41096, 2.45468, -2.11103, -1.25207, -1.42304], [-0.19363, 1.6795, 2.30611, 2.32698, -2.47472, -1.32127, -1.43218], [0.0959, 1.63788, 2.20127, 2.19929, -2.8384, -1.39048, -1.44132], [0.38045, 1.59697, 2.09823, 2.07379, -3.19582, -1.45849, -1.45031], [0.20919, 1.68482, 1.97928, 1.8658, -2.81185, -1.47424, -1.36163], [0.03792, 1.77266, 1.86033, 1.65782, -2.42788, -1.49, -1.27296], [-0.13334, 1.8605, 1.74138, 1.44983, -2.0439, -1.50575, -1.18429]]
end: [-0.19292000000000001, 1.89106, 1.7, 1.37748, -1.91032, -1.5112300000000001, -1.15344]
obtacles: [[[0.6, -0.4, -0.2], [1.0, 0.6, -0.3]], [[0.8, -0.1, -0.2], [1.0, -0.0, 0.3]], [[0.8, 0.5, -0.2], [1.0, 0.6, 0.3]], [[0.8, -0.1, 0.3], [1.0, 0.6, 0.4]]]
start: [-0.75448999999999999, 1.5880300000000001, 1.7, 0.92698999999999998, -1.6624300000000001, -1.47797, -0.16711999999999999]
tajectories: [[-0.75449, 1.58803, 1.7, 0.92699, -1.66243, -1.47797, -0.16712], [-0.98258, 1.69369, 1.61983, 0.91226, -2.08182, -1.41897, -0.139], [-1.21067, 1.79936, 1.53967, 0.89752, -2.50122, -1.35997, -0.11088], [-1.36016, 1.86862, 1.48712, 0.88786, -2.77611, -1.3213, -0.09244], [-1.29898, 1.65354, 1.28931, 1.22024, -2.96007, -1.27939, -0.21411], [-1.23779, 1.43846, 1.09151, 1.55261, -3.14404, -1.23749, -0.33577], [-1.17661, 1.22339, 0.8937, 1.88498, -3.328, -1.19559, -0.45744], [-1.15221, 1.13761, 0.81481, 2.01754, -3.40137, -1.17888, -0.50596], [-0.831, 1.31865, 0.88967, 1.98176, -3.1693, -0.98444, -0.63047], [-0.50979, 1.4997, 0.96453, 1.94597, -2.93723, -0.79001, -0.75497], [-0.18858, 1.68075, 1.0394, 1.91019, -2.70517, -0.59558, -0.87947], [-0.08326, 1.74011, 1.06394, 1.89846, -2.62908, -0.53183, -0.92029], [-0.12433, 1.72775, 1.26819, 1.81823, -2.32829, -0.82117, -1.08095], [-0.16539, 1.7154, 1.47245, 1.73801, -2.02749, -1.11051, -1.24161], [-0.20646, 1.70305, 1.6767, 1.65778, -1.7267, -1.39985, -1.40227]]
end: [-0.21113999999999999, 1.70164, 1.7, 1.64863, -1.6923900000000001, -1.43286, -1.4206000000000001]
obtacles: [[[0.6, -0.4, -0.2], [1.0, 0.6, -0.3]], [[0.8, -0.1, -0.2], [1.0, -0.0, 0.3]], [[0.8, 0.5, -0.2], [1.0, 0.6, 0.3]], [[0.8, -0.1, 0.3], [1.0, 0.6, 0.4]]]
start: [-0.87205999999999995, 1.64137, 1.7, 1.1940299999999999, -1.6843900000000001, -1.47709, -0.31207000000000001]
tajectories: [[-0.87206, 1.64137, 1.7, 1.19403, -1.68439, -1.47709, -0.31207], [-0.85107, 1.49213, 1.74059, 1.0312, -2.12294, -1.48075, -0.39443], [-0.83008, 1.3429, 1.78118, 0.86836, -2.5615, -1.48441, -0.47678], [-0.80909, 1.19366, 1.82177, 0.70552, -3.00005, -1.48807, -0.55913], [-0.7881, 1.04443, 1.86237, 0.54269, -3.43861, -1.49173, -0.64148], [-0.76792, 0.90091, 1.9014, 0.38608, -3.86038, -1.49525, -0.72068], [-0.39848, 0.73984, 2.00671, 0.39192, -3.94614, -1.27901, -0.57122], [-0.02904, 0.57877, 2.11202, 0.39776, -4.03191, -1.06278, -0.42177], [0.3404, 0.4177, 2.21733, 0.4036, -4.11767, -0.84655, -0.27231], [0.70983, 0.25664, 2.32264, 0.40944, -4.20343, -0.63032, -0.12285], [0.89358, 0.17653, 2.37502, 0.41234, -4.24608, -0.52278, -0.04852], [0.70614, 0.45198, 2.28081, 0.63227, -4.0227, -0.6225, 0.0995], [0.51871, 0.72744, 2.1866, 0.85219, -3.79933, -0.72223, 0.24752], [0.33128, 1.00289, 2.09238, 1.07211, -3.57595, -0.82196, 0.39554], [0.14384, 1.27834, 1.99817, 1.29203, -3.35257, -0.92169, 0.54356], [-0.04359, 1.55379, 1.90396, 1.51196, -3.12919, -1.02141, 0.69157], [-0.21791, 1.80997, 1.81634, 1.71648, -2.92145, -1.11416, 0.82923], [-0.2567, 1.78503, 1.79153, 1.67789, -2.66067, -1.18513, 0.41363], [-0.2955, 1.7601, 1.76673, 1.6393, -2.39989, -1.2561, -0.00198], [-0.33429, 1.73516, 1.74192, 1.6007, -2.13912, -1.32707, -0.41758], [-0.37309, 1.71023, 1.71711, 1.56211, -1.87834, -1.39804, -0.83318]]
end: [-0.39984999999999998, 1.6930400000000001, 1.7, 1.53549, -1.6984900000000001, -1.4469799999999999, -1.1197999999999999]
obtacles: [[[0.6, -0.4, -0.2], [1.0, 0.6, -0.3]], [[0.8, -0.1, -0.2], [1.0, -0.0, 0.3]], [[0.8, 0.5, -0.2], [1.0, 0.6, 0.3]], [[0.8, -0.1, 0.3], [1.0, 0.6, 0.4]]]
start: [-0.62582000000000004, 1.95519, 1.8500000000000001, 0.97426000000000001, -2.0417700000000001, -1.5701099999999999, -0.29360000000000003]
tajectories: [[-0.62582, 1.95519, 1.85, 0.97426, -2.04177, -1.57011, -0.2936], [-0.67911, 1.86208, 2.05631, 1.12712, -1.94051, -1.56923, -0.69647], [-0.73239, 1.76897, 2.26263, 1.27997, -1.83926, -1.56836, -1.09934], [-0.78568, 1.67587, 2.46894, 1.43283, -1.738, -1.56748, -1.50222], [-0.79899, 1.65261, 2.52048, 1.47102, -1.71271, -1.56726, -1.60285], [-0.66602, 1.57609, 2.19442, 1.68363, -1.8305, -1.44092, -1.81525], [-0.53306, 1.49956, 1.86837, 1.89625, -1.94829, -1.31458, -2.02764], [-0.4001, 1.42303, 1.54232, 2.10886, -2.06608, -1.18823, -2.24003], [-0.26714, 1.34651, 1.21627, 2.32148, -2.18388, -1.06189, -2.45243], [-0.13418, 1.26998, 0.89021, 2.53409, -2.30167, -0.93554, -2.66482], [-0.06238, 1.22866, 0.71414, 2.64891, -2.36528, -0.86731, -2.77952], [-0.09115, 1.33071, 0.9196, 2.3886, -2.27775, -0.96298, -2.44491], [-0.11992, 1.43277, 1.12507, 2.12829, -2.19021, -1.05864, -2.1103], [-0.14869, 1.53482, 1.33054, 1.86798, -2.10268, -1.15431, -1.77568], [-0.17746, 1.63688, 1.53601, 1.60768, -2.01515, -1.24998, -1.44107], [-0.20623, 1.73894, 1.74148, 1.34737, -1.92761, -1.34564, -1.10646]]
end: [-0.22142999999999999, 1.79284, 1.8500000000000001, 1.2098800000000001, -1.8813800000000001, -1.3961699999999999, -0.92971999999999999]
obtacles: [[[0.6, -0.4, -0.2], [1.0, 0.6, -0.3]], [[0.8, -0.1, -0.2], [1.0, -0.0, 0.3]], [[0.8, 0.5, -0.2], [1.0, 0.6, 0.3]], [[0.8, -0.1, 0.3], [1.0, 0.6, 0.4]]]
start: [-0.72002999999999995, 1.8967499999999999, 1.8500000000000001, 1.1435200000000001, -1.9843200000000001, -1.4656899999999999, -0.35521999999999998]
tajectories: [[-0.72003, 1.89675, 1.85, 1.14352, -1.98432, -1.46569, -0.35522], [-0.84711, 1.7432, 1.86994, 1.48765, -1.73849, -1.41407, -0.18683], [-0.9742, 1.58966, 1.88988, 1.83178, -1.49267, -1.36245, -0.01843], [-1.10128, 1.43611, 1.90982, 2.17591, -1.24685, -1.31083, 0.14996], [-1.22836, 1.28256, 1.92975, 2.52004, -1.00103, -1.25921, 0.31835], [-1.35545, 1.12901, 1.94969, 2.86417, -0.7552, -1.20759, 0.48675], [-1.37299, 1.10781, 1.95244, 2.91166, -0.72127, -1.20047, 0.50999], [-1.01149, 1.2441, 1.99325, 2.70621, -0.90953, -1.16632, 0.65233], [-0.64998, 1.38039, 2.03406, 2.50075, -1.09779, -1.13217, 0.79466], [-0.28848, 1.51668, 2.07486, 2.29529, -1.28604, -1.09802, 0.937], [0.07302, 1.65296, 2.11567, 2.08984, -1.4743, -1.06388, 1.07933], [0.34546, 1.75567, 2.14642, 1.935, -1.61617, -1.03814, 1.1866], [0.202, 1.79657, 2.06698, 1.8455, -1.68846, -1.11812, 0.73737], [0.05854, 1.83747, 1.98754, 1.756, -1.76075, -1.1981, 0.28815], [-0.08492, 1.87836, 1.90809, 1.6665, -1.83303, -1.27808, -0.16108], [-0.22838, 1.91926, 1.82865, 1.577, -1.90532, -1.35806, -0.6103]]
end: [-0.37042000000000003, 1.9597500000000001, 1.75, 1.4883900000000001, -1.97689, -1.4372400000000001, -1.05505]
obtacles: [[[0.6, -0.4, -0.2], [1.0, 0.6, -0.3]], [[0.8, -0.1, -0.2], [1.0, -0.0, 0.3]], [[0.8, 0.5, -0.2], [1.0, 0.6, 0.3]], [[0.8, -0.1, 0.3], [1.0, 0.6, 0.4]]]
start: [-0.54227999999999998, 1.7801899999999999, 1.75, 0.95055000000000001, -1.84476, -1.5497399999999999, -0.38649]
tajectories: [[-0.54228, 1.78019, 1.75, 0.95055, -1.84476, -1.54974, -0.38649], [-0.61268, 1.73369, 1.9914, 1.25228, -1.56036, -1.43751, -0.37667], [-0.68308, 1.6872, 2.2328, 1.554, -1.27597, -1.32528, -0.36685], [-0.72322, 1.66068, 2.37046, 1.72605, -1.1138, -1.26129, -0.36126], [-0.38464, 1.56658, 2.15355, 1.89245, -1.29572, -1.19124, -0.47857], [-0.04605, 1.47248, 1.93665, 2.05884, -1.47765, -1.12118, -0.59589], [0.09053, 1.43453, 1.84916, 2.12596, -1.55104, -1.09293, -0.64322], [0.00604, 1.6148, 1.80756, 1.79168, -1.69739, -1.25288, -0.86657], [-0.07845, 1.79507, 1.76596, 1.4574, -1.84374, -1.41283, -1.08992]]
end: [-0.11087, 1.86425, 1.75, 1.32911, -1.8998999999999999, -1.47421, -1.17564]
obtacles: [[[0.6, -0.4, -0.2], [1.0, 0.6, -0.3]], [[0.8, -0.1, -0.2], [1.0, -0.0, 0.3]], [[0.8, 0.5, -0.2], [1.0, 0.6, 0.3]], [[0.8, -0.1, 0.3], [1.0, 0.6, 0.4]]]
start: [-0.56237999999999999, 1.6567000000000001, 2.0, 0.64141000000000004, -1.9712799999999999, -1.3905000000000001, -0.023599999999999999]
tajectories: [[-0.56238, 1.6567, 2.0, 0.64141, -1.97128, -1.3905, -0.0236], [-0.46402, 1.19137, 1.90419, 0.75801, -1.98634, -1.37369, -0.04606], [-0.36566, 0.72604, 1.80837, 0.87461, -2.00139, -1.35689, -0.06852], [-0.2673, 0.2607, 1.71256, 0.99121, -2.01644, -1.34009, -0.09098], [-0.16893, -0.20463, 1.61674, 1.10781, -2.0315, -1.32329, -0.11344], [-0.11343, -0.4672, 1.56268, 1.1736, -2.03999, -1.31381, -0.12611], [0.026, -0.27759, 1.69744, 1.4898, -2.06587, -1.09977, -0.29927], [0.16543, -0.08799, 1.83219, 1.80601, -2.09175, -0.88573, -0.47242], [0.30486, 0.10162, 1.96695, 2.12221, -2.11763, -0.67169, -0.64558], [0.44428, 0.29122, 2.1017, 2.43841, -2.1435, -0.45765, -0.81873], [0.53159, 0.40994, 2.18608, 2.6364, -2.15971, -0.32363, -0.92715], [0.37499, 0.74868, 2.11288, 2.40909, -2.11928, -0.53734, -1.00716], [0.2184, 1.08742, 2.03969, 2.18178, -2.07884, -0.75105, -1.08717], [0.06181, 1.42616, 1.96649, 1.95448, -2.03841, -0.96476, -1.16719], [-0.09478, 1.7649, 1.89329, 1.72717, -1.99798, -1.17848, -1.2472]]
end: [-0.18740000000000001, 1.9652499999999999, 1.8500000000000001, 1.59273, -1.97407, -1.30488, -1.2945199999999999]
obtacles: [[[0.6, -0.4, -0.2], [1.0, 0.6, -0.3]], [[0.8, -0.1, -0.2], [1.0, -0.0, 0.3]], [[0.8, 0.5, -0.2], [1.0, 0.6, 0.3]], [[0.8, -0.1, 0.3], [1.0, 0.6, 0.4]]]
start: [-0.49863000000000002, 1.7321299999999999, 1.8500000000000001, 0.78444000000000003, -1.8827799999999999, -1.4922500000000001, -0.25074000000000002]
tajectories: [[-0.49863, 1.73213, 1.85, 0.78444, -1.88278, -1.49225, -0.25074], [-0.73853, 1.60068, 1.88934, 1.20034, -1.8927, -1.47544, -0.23411], [-0.97843, 1.46923, 1.92867, 1.61623, -1.90261, -1.45863, -0.21748], [-1.21832, 1.33778, 1.96801, 2.03212, -1.91253, -1.44182, -0.20086], [-1.45822, 1.20633, 2.00735, 2.44801, -1.92245, -1.42501, -0.18423], [-1.53929, 1.16191, 2.02064, 2.58854, -1.9258, -1.41933, -0.17861], [-1.19595, 1.33166, 1.93741, 2.62408, -1.82146, -1.44513, -0.46769], [-0.85262, 1.5014, 1.85418, 2.65961, -1.71712, -1.47092, -0.75676], [-0.52209, 1.66482, 1.77405, 2.69382, -1.61667, -1.49575, -1.03506], [-0.43905, 1.7586, 1.80765, 2.24381, -1.72393, -1.39737, -1.13246], [-0.35601, 1.85239, 1.84124, 1.79379, -1.83119, -1.29899, -1.22985]]
end: [-0.33434999999999998, 1.8768400000000001, 1.8500000000000001, 1.6764399999999999, -1.8591599999999999, -1.2733399999999999, -1.25525]
obtacles: [[[0.6, -0.4, -0.2], [1.0, 0.6, -0.3]], [[0.8, -0.1, -0.2], [1.0, -0.0, 0.3]], [[0.8, 0.5, -0.2], [1.0, 0.6, 0.3]], [[0.8, -0.1, 0.3], [1.0, 0.6, 0.4]]]
start: [-0.79942000000000002, 1.6469, 1.8500000000000001, 1.1655899999999999, -1.75461, -1.3463499999999999, -0.3347]
tajectories: [[-0.79942, 1.6469, 1.85, 1.16559, -1.75461, -1.34635, -0.3347], [-0.82562, 1.39174, 1.92214, 1.49005, -1.90125, -1.20561, -0.51477], [-0.85167, 1.13804, 1.99387, 1.81267, -2.04706, -1.06568, -0.69381], [-0.55168, 1.26368, 1.63722, 1.89379, -1.98279, -1.10807, -0.76098], [-0.32129, 1.36017, 1.36332, 1.95609, -1.93343, -1.14062, -0.81256], [-0.27489, 1.65624, 1.50509, 1.70426, -1.94938, -1.34054, -1.00348], [-0.22849, 1.95231, 1.64685, 1.45242, -1.96532, -1.54047, -1.19439]]
end: [-0.22746, 1.95888, 1.6499999999999999, 1.4468399999999999, -1.96567, -1.54491, -1.1986300000000001]
obtacles: [[[0.6, -0.4, -0.2], [1.0, 0.6, -0.3]], [[0.8, -0.1, -0.2], [1.0, -0.0, 0.3]], [[0.8, 0.5, -0.2], [1.0, 0.6, 0.3]], [[0.8, -0.1, 0.3], [1.0, 0.6, 0.4]]]
start: [-0.90068000000000004, 1.76396, 1.6499999999999999, 1.58463, -1.7634700000000001, -1.49041, -0.66849999999999998]
tajectories: [[-0.90068, 1.76396, 1.65, 1.58463, -1.76347, -1.49041, -0.6685], [-0.96807, 1.4451, 1.67116, 1.48886, -1.96592, -1.18596, -0.64627], [-1.03546, 1.12625, 1.69233, 1.39308, -2.16836, -0.8815, -0.62404], [-1.05672, 1.02563, 1.69901, 1.36286, -2.23224, -0.78542, -0.61703], [-0.77339, 0.86316, 1.55489, 1.31705, -2.2612, -0.89164, -0.28788], [-0.49006, 0.7007, 1.41078, 1.27125, -2.29015, -0.99786, 0.04127], [-0.31365, 0.59954, 1.32106, 1.24273, -2.30818, -1.064, 0.2462], [-0.07065, 0.89454, 1.25801, 1.48374, -2.3609, -1.02814, 0.05177], [0.17234, 1.18953, 1.19497, 1.72475, -2.41362, -0.99227, -0.14267], [0.30556, 1.35126, 1.16041, 1.85688, -2.44252, -0.97261, -0.24927], [0.16599, 1.50547, 1.33265, 1.64813, -2.25747, -1.15642, -0.50513], [0.02642, 1.65968, 1.5049, 1.43937, -2.07243, -1.34022, -0.76099], [-0.11315, 1.81389, 1.67714, 1.23061, -1.88738, -1.52403, -1.01684]]
end: [-0.13167000000000001, 1.8343499999999999, 1.7, 1.2029000000000001, -1.86283, -1.5484199999999999, -1.0507899999999999]
obtacles: [[[0.6, -0.4, -0.2], [1.0, 0.6, -0.3]], [[0.8, -0.1, -0.2], [1.0, -0.0, 0.3]], [[0.8, 0.5, -0.2], [1.0, 0.6, 0.3]], [[0.8, -0.1, 0.3], [1.0, 0.6, 0.4]]]
start: [-0.73190999999999995, 1.67432, 1.7, 1.42794, -1.6923900000000001, -1.45842, -0.68247000000000002]
tajectories: [[-0.73191, 1.67432, 1.7, 1.42794, -1.69239, -1.45842, -0.68247], [-0.785, 1.43065, 1.61928, 1.02617, -1.71416, -1.32095, -0.6601], [-0.83809, 1.18697, 1.53855, 0.62441, -1.73592, -1.18347, -0.63773], [-0.89118, 0.9433, 1.45783, 0.22265, -1.75768, -1.046, -0.61536], [-0.94427, 0.69962, 1.3771, -0.17912, -1.77944, -0.90852, -0.59299], [-0.95914, 0.63138, 1.3545, -0.29162, -1.78554, -0.87002, -0.58673], [-0.82094, 0.37771, 1.09354, -0.13189, -1.97428, -0.84662, -0.39499], [-0.68274, 0.12403, 0.83259, 0.02785, -2.16301, -0.82322, -0.20325], [-0.54454, -0.12965, 0.57163, 0.18759, -2.35175, -0.79981, -0.01151], [-0.40633, -0.38333, 0.31067, 0.34733, -2.54049, -0.77641, 0.18022], [-0.26813, -0.637, 0.04972, 0.50707, -2.72923, -0.75301, 0.37196], [-0.12993, -0.89068, -0.21124, 0.66681, -2.91797, -0.7296, 0.5637], [-0.04135, -1.05328, -0.3785, 0.7692, -3.03894, -0.7146, 0.6866], [0.00616, -0.70842, -0.41786, 1.00578, -3.02835, -0.86658, 0.46732], [0.05366, -0.36356, -0.45722, 1.24236, -3.01776, -1.01855, 0.24803], [0.10116, -0.01869, -0.49658, 1.47894, -3.00716, -1.17053, 0.02875], [0.14866, 0.32617, -0.53594, 1.71552, -2.99657, -1.3225, -0.19053], [0.17704, 0.53217, -0.55945, 1.85685, -2.99024, -1.41328, -0.32152], [0.13081, 0.72185, -0.18673, 1.70556, -2.78348, -1.43301, -0.40478], [0.08458, 0.91153, 0.186, 1.55428, -2.57671, -1.45274, -0.48803], [0.03836, 1.10121, 0.55872, 1.403, -2.36994, -1.47247, -0.57129], [-0.00787, 1.29089, 0.93145, 1.25172, -2.16318, -1.49219, -0.65455], [-0.0541, 1.48057, 1.30418, 1.10044, -1.95641, -1.51192, -0.73781], [-0.10033, 1.67025, 1.6769, 0.94916, -1.74964, -1.53165, -0.82107]]
end: [-0.10319, 1.6819999999999999, 1.7, 0.93977999999999995, -1.7368300000000001, -1.53287, -0.82623000000000002]
obtacles: [[[0.6, -0.4, -0.2], [1.0, 0.6, -0.3]], [[0.8, -0.1, -0.2], [1.0, -0.0, 0.3]], [[0.8, 0.5, -0.2], [1.0, 0.6, 0.3]], [[0.8, -0.1, 0.3], [1.0, 0.6, 0.4]]]
start: [-0.94854000000000005, 1.8366199999999999, 1.7, 1.2517400000000001, -1.8635900000000001, -1.53515, -0.28065000000000001]
tajectories: [[-0.94854, 1.83662, 1.7, 1.25174, -1.86359, -1.53515, -0.28065], [-0.89081, 1.88757, 1.90758, 1.58989, -1.87746, -1.38555, -0.53375], [-0.83308, 1.93853, 2.11516, 1.92805, -1.89133, -1.23595, -0.78686], [-0.83128, 1.94012, 2.12164, 1.9386, -1.89177, -1.23128, -0.79476], [-0.53692, 1.89045, 2.01235, 1.93811, -1.67705, -1.22176, -0.47422], [-0.36601, 1.86161, 1.9489, 1.93783, -1.55239, -1.21624, -0.28811], [-0.28964, 1.80052, 1.84155, 1.56446, -1.64349, -1.35155, -0.53891], [-0.21327, 1.73943, 1.7342, 1.19108, -1.73459, -1.48686, -0.7897]]
end: [-0.18894, 1.71997, 1.7, 1.0721499999999999, -1.7636099999999999, -1.5299700000000001, -0.86958999999999997]
obtacles: [[[0.6, -0.4, -0.2], [1.0, 0.6, -0.3]], [[0.8, -0.1, -0.2], [1.0, -0.0, 0.3]], [[0.8, 0.5, -0.2], [1.0, 0.6, 0.3]], [[0.8, -0.1, 0.3], [1.0, 0.6, 0.4]]]
start: [-0.71153999999999995, 1.59331, 1.7, 0.98956, -1.66086, -1.4753499999999999, -0.27226]
tajectories: [[-0.71154, 1.59331, 1.7, 0.98956, -1.66086, -1.47535, -0.27226], [-0.91716, 1.51432, 2.0013, 1.04874, -1.7376, -1.18602, -0.40492], [-1.12278, 1.43534, 2.30261, 1.10791, -1.81434, -0.8967, -0.53758], [-1.22847, 1.39474, 2.45748, 1.13833, -1.85379, -0.74798, -0.60576], [-0.89523, 1.38396, 2.39205, 1.28352, -1.97395, -0.58819, -0.87687], [-0.56198, 1.37317, 2.32662, 1.42872, -2.09412, -0.42839, -1.14797], [-0.22874, 1.36239, 2.26119, 1.57391, -2.21428, -0.2686, -1.41908], [0.10451, 1.35161, 2.19577, 1.7191, -2.33444, -0.10881, -1.69018], [0.43775, 1.34082, 2.13034, 1.8643, -2.45461, 0.05099, -1.96128], [0.77099, 1.33004, 2.06491, 2.00949, -2.57477, 0.21078, -2.23239], [1.03187, 1.3216, 2.01369, 2.12315, -2.66884, 0.33587, -2.44462], [0.84431, 1.40873, 1.95648, 1.97381, -2.51504, -0.00068, -2.23314], [0.65674, 1.49587, 1.89926, 1.82446, -2.36124, -0.33724, -2.02165], [0.46917, 1.583, 1.84205, 1.67512, -2.20744, -0.67379, -1.81017], [0.2816, 1.67013, 1.78483, 1.52577, -2.05365, -1.01035, -1.59868], [0.09404, 1.75727, 1.72762, 1.37643, -1.89985, -1.3469, -1.3872]]
end: [0.0035100000000000001, 1.7993300000000001, 1.7, 1.3043400000000001, -1.82562, -1.5093399999999999, -1.28512]
obtacles: [[[0.6, -0.4, -0.2], [1.0, 0.6, -0.3]], [[0.8, -0.1, -0.2], [1.0, -0.0, 0.3]], [[0.8, 0.5, -0.2], [1.0, 0.6, 0.3]], [[0.8, -0.1, 0.3], [1.0, 0.6, 0.4]]]
start: [-0.7823, 1.72102, 1.7, 1.6562300000000001, -1.7108699999999999, -1.4306399999999999, -0.85433999999999999]
tajectories: [[-0.7823, 1.72102, 1.7, 1.65623, -1.71087, -1.43064, -0.85434], [-1.03127, 1.51407, 1.76712, 1.66141, -1.77878, -1.16252, -0.60106], [-1.28024, 1.30711, 1.83425, 1.66659, -1.84668, -0.89441, -0.34777], [-1.52921, 1.10016, 1.90137, 1.67177, -1.91459, -0.62629, -0.09448], [-1.77818, 0.8932, 1.9685, 1.67695, -1.9825, -0.35818, 0.15881], [-2.02715, 0.68625, 2.03562, 1.68213, -2.05041, -0.09006, 0.4121], [-2.27611, 0.4793, 2.10274, 1.68731, -2.11832, 0.17806, 0.66538], [-2.29793, 0.46116, 2.10863, 1.68776, -2.12427, 0.20155, 0.68758], [-2.02879, 0.5098, 1.76797, 1.78685, -2.19539, -0.00354, 0.64056], [-1.75964, 0.55843, 1.42731, 1.88593, -2.26652, -0.20863, 0.59354], [-1.4905, 0.60707, 1.08665, 1.98502, -2.33764, -0.41371, 0.54653], [-1.22136, 0.65571, 0.74599, 2.0841, -2.40877, -0.6188, 0.49951], [-0.95222, 0.70435, 0.40533, 2.18319, -2.47989, -0.82389, 0.45249], [-0.85198, 0.72246, 0.27847, 2.22009, -2.50638, -0.90026, 0.43498], [-0.71337, 0.89528, 0.53009, 2.03858, -2.37032, -1.00621, 0.16126], [-0.57476, 1.06811, 0.7817, 1.85706, -2.23426, -1.11215, -0.11246], [-0.43614, 1.24093, 1.03332, 1.67555, -2.0982, -1.21809, -0.38619], [-0.29753, 1.41376, 1.28494, 1.49404, -1.96215, -1.32403, -0.65991], [-0.15891, 1.58658, 1.53656, 1.31253, -1.82609, -1.42997, -0.93363]]
end: [-0.068870000000000001, 1.6988399999999999, 1.7, 1.1946300000000001, -1.7377100000000001, -1.4987900000000001, -1.1114299999999999]
obtacles: [[[0.6, -0.4, -0.2], [1.0, 0.6, -0.3]], [[0.8, -0.1, -0.2], [1.0, -0.0, 0.3]], [[0.8, 0.5, -0.2], [1.0, 0.6, 0.3]], [[0.8, -0.1, 0.3], [1.0, 0.6, 0.4]]]
start: [-0.92986000000000002, 1.9409799999999999, 1.8, 1.0720400000000001, -2.0032199999999998, -1.5578399999999999, -0.096240000000000006]
tajectories: [[-0.92986, 1.94098, 1.8, 1.07204, -2.00322, -1.55784, -0.09624], [-1.02238, 1.7586, 1.59722, 1.32197, -2.00911, -1.35747, -0.35003], [-1.1149, 1.57622, 1.39445, 1.5719, -2.01501, -1.1571, -0.60382], [-1.20742, 1.39383, 1.19167, 1.82184, -2.02091, -0.95672, -0.85761], [-1.29994, 1.21145, 0.9889, 2.07177, -2.02681, -0.75635, -1.11139], [-1.39246, 1.02907, 0.78612, 2.3217, -2.03271, -0.55597, -1.36518], [-1.41156, 0.99141, 0.74426, 2.3733, -2.03393, -0.51461, -1.41758], [-0.9992, 0.99701, 0.52458, 2.4217, -1.91733, -0.50301, -1.2927], [-0.58684, 1.00261, 0.30489, 2.4701, -1.80072, -0.49142, -1.16782], [-0.19357, 1.00795, 0.09538, 2.51627, -1.68952, -0.48036, -1.04872], [-0.2009, 1.17855, 0.46939, 2.313, -1.71086, -0.6696, -1.10676], [-0.20823, 1.34916, 0.84341, 2.10973, -1.73221, -0.85883, -1.1648], [-0.21556, 1.51976, 1.21743, 1.90647, -1.75356, -1.04807, -1.22284], [-0.22289, 1.69037, 1.59144, 1.7032, -1.7749, -1.2373, -1.28088]]
end: [-0.22697999999999999, 1.7855000000000001, 1.8, 1.58985, -1.78681, -1.3428199999999999, -1.31324]
obtacles: [[[0.6, -0.4, -0.2], [1.0, 0.6, -0.3]], [[0.8, -0.1, -0.2], [1.0, -0.0, 0.3]], [[0.8, 0.5, -0.2], [1.0, 0.6, 0.3]], [[0.8, -0.1, 0.3], [1.0, 0.6, 0.4]]]
start: [-0.78805999999999998, 1.83955, 1.8500000000000001, 0.80706, -1.9558, -1.56254, 0.0206]
tajectories: [[-0.78806, 1.83955, 1.85, 0.80706, -1.9558, -1.56254, 0.0206], [-0.80429, 1.68138, 1.91964, 1.24309, -2.0412, -1.554, 0.17018], [-0.82052, 1.5232, 1.98928, 1.67913, -2.12661, -1.54545, 0.31975], [-0.83674, 1.36503, 2.05892, 2.11517, -2.21201, -1.5369, 0.46933], [-0.85261, 1.21039, 2.12701, 2.54145, -2.29551, -1.52854, 0.61556], [-0.47916, 1.30417, 1.90742, 2.40442, -2.12799, -1.4512, 0.58899], [-0.10571, 1.39794, 1.68784, 2.26739, -1.96048, -1.37385, 0.56243], [0.26773, 1.49171, 1.46825, 2.13036, -1.79296, -1.2965, 0.53586], [0.31955, 1.50472, 1.43778, 2.11135, -1.76972, -1.28577, 0.53218], [0.22832, 1.60862, 1.54245, 1.81948, -1.83053, -1.35295, 0.17647], [0.1371, 1.71252, 1.64711, 1.52761, -1.89133, -1.42014, -0.17924], [0.04587, 1.81642, 1.75177, 1.23573, -1.95214, -1.48733, -0.53495]]
end: [-0.039750000000000001, 1.91394, 1.8500000000000001, 0.96179000000000003, -2.00922, -1.5503899999999999, -0.86880999999999997]
obtacles: [[[0.6, -0.4, -0.2], [1.0, 0.6, -0.3]], [[0.8, -0.1, -0.2], [1.0, -0.0, 0.3]], [[0.8, 0.5, -0.2], [1.0, 0.6, 0.3]], [[0.8, -0.1, 0.3], [1.0, 0.6, 0.4]]]
start: [-0.78139000000000003, 1.8431500000000001, 1.8500000000000001, 0.83701999999999999, -1.9579800000000001, -1.5538099999999999, -0.0138]
tajectories: [[-0.78139, 1.84315, 1.85, 0.83702, -1.95798, -1.55381, -0.0138], [-0.92868, 1.44019, 1.92685, 0.93952, -2.06143, -1.41232, 0.1233], [-1.07598, 1.03724, 2.0037, 1.04203, -2.16489, -1.27082, 0.26041], [-1.22328, 0.63429, 2.08056, 1.14453, -2.26835, -1.12933, 0.39751], [-1.37057, 0.23134, 2.15741, 1.24703, -2.37181, -0.98784, 0.53461], [-1.51148, -0.15413, 2.23093, 1.34509, -2.47078, -0.85248, 0.66577], [-1.14323, 0.0495, 2.2427, 1.54889, -2.39866, -0.95225, 0.79262], [-0.77497, 0.25314, 2.25447, 1.75269, -2.32653, -1.05203, 0.91947], [-0.40671, 0.45677, 2.26624, 1.95649, -2.25441, -1.1518, 1.04632], [-0.03846, 0.66041, 2.27801, 2.16029, -2.18229, -1.25158, 1.17316], [0.3298, 0.86405, 2.28978, 2.36409, -2.11016, -1.35135, 1.30001], [0.49533, 0.95558, 2.29507, 2.4557, -2.07774, -1.3962, 1.35703], [0.75059, 1.18633, 2.38009, 2.54794, -2.13448, -1.29196, 1.038], [1.00585, 1.41707, 2.46511, 2.64017, -2.19122, -1.18772, 0.71898], [1.15198, 1.54917, 2.51378, 2.69297, -2.22371, -1.12804, 0.53634], [0.959, 1.59618, 2.3902, 2.41798, -2.1613, -1.17827, 0.19984], [0.76602, 1.64318, 2.26661, 2.14298, -2.0989, -1.22851, -0.13667], [0.57304, 1.69018, 2.14303, 1.86799, -2.0365, -1.27875, -0.47317], [0.38006, 1.73719, 2.01945, 1.59299, -1.97409, -1.32898, -0.80968], [0.18708, 1.78419, 1.89586, 1.318, -1.91169, -1.37922, -1.14618]]
end: [0.11545999999999999, 1.8016300000000001, 1.8500000000000001, 1.2159500000000001, -1.88853, -1.3978600000000001, -1.2710600000000001]
obtacles: [[[0.6, -0.4, -0.2], [1.0, 0.6, -0.3]], [[0.8, -0.1, -0.2], [1.0, -0.0, 0.3]], [[0.8, 0.5, -0.2], [1.0, 0.6, 0.3]], [[0.8, -0.1, 0.3], [1.0, 0.6, 0.4]]]
start: [-0.48113, 1.726, 1.8500000000000001, 0.77846000000000004, -1.87906, -1.4895799999999999, -0.26284999999999997]
tajectories: [[-0.48113, 1.726, 1.85, 0.77846, -1.87906, -1.48958, -0.26285], [-0.69606, 1.56638, 1.98358, 1.06216, -2.11988, -1.50394, -0.1152], [-0.91098, 1.40676, 2.11717, 1.34586, -2.3607, -1.5183, 0.03244], [-1.1259, 1.24714, 2.25075, 1.62956, -2.60152, -1.53265, 0.18009], [-1.29088, 1.12462, 2.35328, 1.84732, -2.78637, -1.54368, 0.29342], [-1.03145, 1.34706, 2.08288, 1.90649, -2.66212, -1.37802, 0.41055], [-0.77202, 1.56949, 1.81247, 1.96566, -2.53788, -1.21237, 0.52769], [-0.51259, 1.79192, 1.54206, 2.02484, -2.41363, -1.04672, 0.64482], [-0.33621, 1.94315, 1.35822, 2.06507, -2.32916, -0.9341, 0.72445], [-0.34931, 1.90608, 1.47625, 1.94778, -2.20112, -1.02123, 0.28085], [-0.36241, 1.86902, 1.59429, 1.8305, -2.07307, -1.10835, -0.16274], [-0.37551, 1.83195, 1.71232, 1.71321, -1.94503, -1.19548, -0.60634], [-0.38861, 1.79489, 1.83035, 1.59593, -1.81698, -1.28261, -1.04994]]
end: [-0.39079000000000003, 1.7887200000000001, 1.8500000000000001, 1.5764100000000001, -1.7956700000000001, -1.29711, -1.12378]
obtacles: [[[0.6, -0.4, -0.2], [1.0, 0.6, -0.3]], [[0.8, -0.1, -0.2], [1.0, -0.0, 0.3]], [[0.8, 0.5, -0.2], [1.0, 0.6, 0.3]], [[0.8, -0.1, 0.3], [1.0, 0.6, 0.4]]]
start: [-0.64771999999999996, 1.8187, 1.8500000000000001, 0.74299000000000004, -1.94201, -1.5707599999999999, -0.060260000000000001]
tajectories: [[-0.64772, 1.8187, 1.85, 0.74299, -1.94201, -1.57076, -0.06026], [-0.7463, 1.81503, 1.73995, 0.99536, -2.23604, -1.53334, -0.33705], [-0.84489, 1.81136, 1.62989, 1.24772, -2.53007, -1.49591, -0.61384], [-0.94348, 1.8077, 1.51984, 1.50008, -2.8241, -1.45848, -0.89063], [-1.04207, 1.80403, 1.40978, 1.75244, -3.11813, -1.42105, -1.16742], [-1.10803, 1.80157, 1.33614, 1.92131, -3.31488, -1.39601, -1.35263], [-0.8487, 1.80391, 1.47058, 1.78456, -2.93475, -1.38288, -1.31659], [-0.58937, 1.80625, 1.60501, 1.64782, -2.55462, -1.36975, -1.28056], [-0.33004, 1.80859, 1.73945, 1.51108, -2.17449, -1.35662, -1.24452]]
end: [-0.11679, 1.8105199999999999, 1.8500000000000001, 1.39863, -1.86191, -1.3458300000000001, -1.21488]
obtacles: [[[0.6, -0.4, -0.2], [1.0, 0.6, -0.3]], [[0.8, -0.1, -0.2], [1.0, -0.0, 0.3]], [[0.8, 0.5, -0.2], [1.0, 0.6, 0.3]], [[0.8, -0.1, 0.3], [1.0, 0.6, 0.4]]]
start: [-0.41746, 1.9423299999999999, 2.1000000000000001, 0.66920999999999997, -2.2070400000000001, -1.5637099999999999, -0.14767]
tajectories: [[-0.41746, 1.94233, 2.1, 0.66921, -2.20704, -1.56371, -0.14767], [-0.5599, 1.63717, 1.93571, 0.56969, -2.47034, -1.52647, -0.3179], [-0.70234, 1.33202, 1.77142, 0.47017, -2.73364, -1.48922, -0.48813], [-0.84478, 1.02686, 1.60712, 0.37064, -2.99694, -1.45197, -0.65836], [-0.98722, 0.7217, 1.44283, 0.27112, -3.26025, -1.41472, -0.82859], [-1.09632, 0.48798, 1.317, 0.1949, -3.46191, -1.38619, -0.95897], [-0.74055, 0.59173, 1.43105, 0.49453, -3.46705, -1.32676, -1.03842], [-0.38478, 0.69548, 1.5451, 0.79417, -3.47218, -1.26732, -1.11787], [-0.029, 0.79923, 1.65916, 1.0938, -3.47731, -1.20788, -1.19733], [0.32677, 0.90297, 1.77321, 1.39344, -3.48245, -1.14844, -1.27678], [0.39537, 0.92298, 1.7952, 1.45121, -3.48344, -1.13698, -1.2921], [0.27266, 1.18985, 1.77081, 1.40485, -3.09939, -1.24811, -1.25846], [0.14996, 1.45672, 1.74642, 1.35848, -2.71533, -1.35925, -1.22483], [0.02726, 1.7236, 1.72203, 1.31211, -2.33128, -1.47038, -1.19119]]
end: [-0.083599999999999994, 1.96471, 1.7, 1.2702199999999999, -1.9843, -1.5707899999999999, -1.1608000000000001]
obtacles: [[[0.6, -0.4, -0.2], [1.0, 0.6, -0.3]], [[0.8, -0.1, -0.2], [1.0, -0.0, 0.3]], [[0.8, 0.5, -0.2], [1.0, 0.6, 0.3]], [[0.8, -0.1, 0.3], [1.0, 0.6, 0.4]]]
start: [-0.42710999999999999, 1.8504499999999999, 2.0499999999999998, 0.57498000000000005, -2.1200299999999999, -1.5614399999999999, -0.076490000000000002]
tajectories: [[-0.42711, 1.85045, 2.05, 0.57498, -2.12003, -1.56144, -0.07649], [-0.61819, 1.65988, 1.9743, 0.84451, -1.86518, -1.42928, -0.2045], [-0.80927, 1.46931, 1.89861, 1.11403, -1.61032, -1.29713, -0.3325], [-1.00034, 1.27875, 1.82291, 1.38356, -1.35547, -1.16497, -0.46051], [-1.19142, 1.08818, 1.74721, 1.65308, -1.10062, -1.03282, -0.58851], [-1.3825, 0.89761, 1.67152, 1.92261, -0.84577, -0.90066, -0.71651], [-1.5412, 0.73933, 1.60865, 2.14646, -0.6341, -0.7909, -0.82283], [-1.28987, 0.97576, 1.45807, 2.20955, -0.90739, -0.78013, -0.99452], [-1.03855, 1.21219, 1.30749, 2.27263, -1.18069, -0.76937, -1.16621], [-0.78722, 1.44863, 1.15691, 2.33572, -1.45398, -0.7586, -1.3379], [-0.5359, 1.68506, 1.00633, 2.3988, -1.72727, -0.74783, -1.50959], [-0.46508, 1.75168, 0.96391, 2.41658, -1.80427, -0.7448, -1.55797], [-0.3165, 1.76524, 1.19809, 2.06077, -1.86543, -0.8934, -1.41488], [-0.16792, 1.77881, 1.43227, 1.70496, -1.92659, -1.04199, -1.27178], [-0.01933, 1.79238, 1.66645, 1.34915, -1.98775, -1.19059, -1.12869], [0.12925, 1.80595, 1.90063, 0.99334, -2.04891, -1.33918, -0.9856]]
end: [0.22402, 1.8146, 2.0499999999999998, 0.76639000000000002, -2.08792, -1.4339599999999999, -0.89432999999999996]
obtacles: [[[0.6, -0.4, -0.2], [1.0, 0.6, -0.3]], [[0.8, -0.1, -0.2], [1.0, -0.0, 0.3]], [[0.8, 0.5, -0.2], [1.0, 0.6, 0.3]], [[0.8, -0.1, 0.3], [1.0, 0.6, 0.4]]]
start: [-0.85565999999999998, 1.82728, 2.0499999999999998, 1.6010599999999999, -1.84352, -1.10015, -0.61663999999999997]
tajectories: [[-0.85566, 1.82728, 2.05, 1.60106, -1.84352, -1.10015, -0.61664], [-0.83729, 1.60676, 2.0768, 1.42526, -1.98532, -1.01091, -0.99259], [-0.82046, 1.40469, 2.10135, 1.26417, -2.11525, -0.92914, -1.33707], [-0.79025, 1.28627, 1.82371, 1.64815, -2.02409, -0.97394, -1.32233], [-0.77101, 1.21082, 1.64683, 1.89279, -1.96601, -1.00248, -1.31295], [-0.64729, 1.17127, 1.63898, 2.24054, -1.89147, -1.32698, -1.27713], [-0.56236, 1.14411, 1.63359, 2.47927, -1.84031, -1.54974, -1.25254], [-0.49732, 1.48496, 1.74366, 2.17087, -1.88034, -1.40777, -1.22775], [-0.43228, 1.8258, 1.85372, 1.86247, -1.92038, -1.26581, -1.20297]]
end: [-0.40494000000000002, 1.9691000000000001, 1.8999999999999999, 1.73281, -1.9372100000000001, -1.2061200000000001, -1.19255]
obtacles: [[[0.6, -0.4, -0.2], [1.0, 0.6, -0.3]], [[0.8, -0.1, -0.2], [1.0, -0.0, 0.3]], [[0.8, 0.5, -0.2], [1.0, 0.6, 0.3]], [[0.8, -0.1, 0.3], [1.0, 0.6, 0.4]]]
start: [-0.72307999999999995, 1.6849799999999999, 1.8999999999999999, 1.16116, -1.8131699999999999, -1.31891, -0.38825999999999999]
tajectories: [[-0.72308, 1.68498, 1.9, 1.16116, -1.81317, -1.31891, -0.38826], [-0.81485, 1.52764, 1.80745, 0.72492, -1.85936, -1.21698, -0.31453], [-0.90661, 1.37031, 1.71491, 0.28869, -1.90555, -1.11506, -0.2408], [-0.99838, 1.21297, 1.62236, -0.14755, -1.95175, -1.01313, -0.16708], [-1.09014, 1.05564, 1.52981, -0.58378, -1.99794, -0.91121, -0.09335], [-1.09502, 1.04728, 1.5249, -0.60696, -2.00039, -0.90579, -0.08943], [-0.76279, 0.9933, 1.3296, -0.54927, -2.19151, -0.74574, 0.0925], [-0.43057, 0.93932, 1.13429, -0.49159, -2.38262, -0.58568, 0.27443], [-0.09835, 0.88534, 0.93899, -0.4339, -2.57374, -0.42562, 0.45637], [0.16256, 0.84295, 0.78561, -0.3886, -2.72383, -0.29991, 0.59925], [0.42559, 0.90202, 0.98632, -0.04301, -2.67843, -0.38669, 0.68878], [0.68862, 0.96108, 1.18704, 0.30258, -2.63303, -0.47347, 0.77831], [0.95165, 1.02014, 1.38776, 0.64817, -2.58763, -0.56025, 0.86784], [1.21467, 1.07921, 1.58847, 0.99376, -2.54222, -0.64703, 0.95738], [1.4777, 1.13827, 1.78919, 1.33936, -2.49682, -0.7338, 1.04691], [1.53961, 1.15217, 1.83643, 1.4207, -2.48614, -0.75423, 1.06798], [1.24075, 1.285, 1.84733, 1.39995, -2.40457, -0.85995, 0.71491], [0.94189, 1.41782, 1.85823, 1.37921, -2.323, -0.96567, 0.36183], [0.64303, 1.55064, 1.86913, 1.35846, -2.24143, -1.0714, 0.00876], [0.34417, 1.68347, 1.88002, 1.33771, -2.15986, -1.17712, -0.34431], [0.04531, 1.81629, 1.89092, 1.31697, -2.0783, -1.28284, -0.69739]]
end: [-0.20363000000000001, 1.92693, 1.8999999999999999, 1.2996799999999999, -2.0103499999999999, -1.3709, -0.99148999999999998]
obtacles: [[[0.6, -0.4, -0.2], [1.0, 0.6, -0.3]], [[0.8, -0.1, -0.2], [1.0, -0.0, 0.3]], [[0.8, 0.5, -0.2], [1.0, 0.6, 0.3]], [[0.8, -0.1, 0.3], [1.0, 0.6, 0.4]]]
start: [-0.58345999999999998, 1.9149499999999999, 1.8999999999999999, 0.97223000000000004, -2.0387599999999999, -1.50945, -0.31641999999999998]
tajectories: [[-0.58346, 1.91495, 1.9, 0.97223, -2.03876, -1.50945, -0.31642], [-0.78187, 1.83287, 1.9897, 1.2618, -1.92127, -1.21793, -0.43135], [-0.98028, 1.75078, 2.0794, 1.55137, -1.80377, -0.9264, -0.54628], [-1.15845, 1.67707, 2.15994, 1.8114, -1.69827, -0.66462, -0.64948], [-0.85334, 1.69112, 2.23714, 2.06028, -1.91724, -0.74214, -0.4628], [-0.54824, 1.70516, 2.31433, 2.30917, -2.13622, -0.81967, -0.27611], [-0.29522, 1.71681, 2.37834, 2.51557, -2.31781, -0.88395, -0.12129], [-0.02579, 1.70063, 2.06238, 2.38664, -2.33883, -1.11594, -0.20149], [0.24364, 1.68445, 1.74642, 2.2577, -2.35985, -1.34793, -0.28169], [0.47098, 1.6708, 1.47982, 2.14891, -2.37758, -1.54367, -0.34936], [0.18488, 1.7733, 1.62844, 1.87629, -2.25381, -1.47454, -0.55216], [-0.10122, 1.87581, 1.77706, 1.60366, -2.13004, -1.40541, -0.75497]]
end: [-0.33789000000000002, 1.96061, 1.8999999999999999, 1.3781399999999999, -2.0276399999999999, -1.34822, -0.92274]
