obtacles: [[[0.6, -0.4, -0.2], [1.0, 0.6, -0.3]], [[0.8, -0.1, -0.2], [1.0, -0.0, 0.4]], [[0.8, 0.4, -0.2], [1.0, 0.5, 0.4]], [[0.8, -0.1, 0.4], [1.0, 0.5, 0.5]]]
start: [-0.44684000000000001, 1.7904500000000001, 0.0, -0.42282999999999998, -0.0, -1.3676200000000001, 0.44684000000000001]
tajectories: [[-0.44684, 1.79045, 0.0, -0.42283, -0.0, -1.36762, 0.44684], [-0.58405, 1.7009, 0.1187, -0.15228, 0.01664, -1.12956, 0.16592], [-0.72125, 1.61136, 0.23741, 0.11827, 0.03327, -0.8915, -0.11501], [-0.85845, 1.52182, 0.35611, 0.38882, 0.04991, -0.65344, -0.39594], [-0.99565, 1.43227, 0.47481, 0.65937, 0.06654, -0.41539, -0.67687], [-1.13285, 1.34273, 0.59351, 0.92993, 0.08318, -0.17733, -0.9578], [-1.27005, 1.25318, 0.71222, 1.20048, 0.09981, 0.06073, -1.23873], [-1.36134, 1.1936, 0.7912, 1.3805, 0.11088, 0.21913, -1.42565], [-1.39715, 0.8465, 0.87949, 1.58992, -0.15602, 0.17885, -1.48666], [-1.43296, 0.49939, 0.96778, 1.79935, -0.42293, 0.13858, -1.54767], [-1.46876, 0.15229, 1.05607, 2.00877, -0.68984, 0.09831, -1.60869], [-1.50457, -0.19481, 1.14437, 2.2182, -0.95674, 0.05803, -1.6697], [-1.50545, -0.20334, 1.14654, 2.22334, -0.96331, 0.05704, -1.6712], [-1.47354, -0.61959, 1.09473, 2.24837, -1.12281, 0.1646, -1.85934], [-1.44164, -1.03584, 1.04292, 2.27339, -1.28232, 0.27215, -2.04749], [-1.40973, -1.45209, 0.99112, 2.29841, -1.44182, 0.3797, -2.23563], [-1.39218, -1.68105, 0.96262, 2.31218, -1.52956, 0.43887, -2.33913], [-1.72665, -1.76841, 1.04947, 2.09414, -1.41726, 0.68943, -2.33421], [-2.06112, -1.85577, 1.13631, 1.8761, -1.30497, 0.93999, -2.3293], [-2.39559, -1.94313, 1.22315, 1.65807, -1.19267, 1.19055, -2.32438]]
end: [-2.49899, -1.97014, 1.25, 1.59066, -1.15795, 1.2680100000000001, -2.3228599999999999]
obtacles: [[[0.6, -0.4, -0.2], [1.0, 0.6, -0.3]], [[0.8, -0.1, -0.2], [1.0, -0.0, 0.4]], [[0.8, 0.4, -0.2], [1.0, 0.5, 0.4]], [[0.8, -0.1, 0.4], [1.0, 0.5, 0.5]]]
start: [-0.28117999999999999, 1.6957599999999999, 1.25, -0.44431999999999999, -1.2279800000000001, -1.5488500000000001, 0.70145999999999997]
tajectories: [[-0.28118, 1.69576, 1.25, -0.44432, -1.22798, -1.54885, 0.70146], [-0.51092, 1.53097, 1.35068, -0.35749, -1.28906, -1.27282, 0.43226], [-0.74066, 1.36618, 1.45136, -0.27065, -1.35013, -0.99679, 0.16307], [-0.97039, 1.2014, 1.55204, -0.18382, -1.41121, -0.72077, -0.10613], [-1.20013, 1.03661, 1.65272, -0.09698, -1.47228, -0.44474, -0.37533], [-1.42987, 0.87182, 1.7534, -0.01015, -1.53336, -0.16871, -0.64453], [-1.65961, 0.70703, 1.85408, 0.07669, -1.59444, 0.10732, -0.91372], [-1.88934, 0.54225, 1.95476, 0.16352, -1.65551, 0.38334, -1.18292], [-2.02501, 0.44493, 2.01422, 0.2148, -1.69158, 0.54635, -1.34189], [-1.80983, 0.24677, 2.08993, 0.47123, -1.52386, 0.57364, -1.59501], [-1.59465, 0.0486, 2.16563, 0.72765, -1.35614, 0.60093, -1.84812], [-1.37947, -0.14956, 2.24134, 0.98408, -1.18842, 0.62822, -2.10124], [-1.16429, -0.34773, 2.31705, 1.2405, -1.0207, 0.65551, -2.35435], [-0.94911, -0.54589, 2.39275, 1.49693, -0.85298, 0.6828, -2.60746], [-0.73393, -0.74406, 2.46846, 1.75335, -0.68526, 0.71009, -2.86058], [-0.66614, -0.80649, 2.49231, 1.83414, -0.63242, 0.71869, -2.94032], [-1.00742, -1.02331, 2.27842, 1.77395, -0.73082, 0.84442, -2.83236], [-1.3487, -1.24013, 2.06454, 1.71377, -0.82922, 0.97015, -2.72441], [-1.68999, -1.45695, 1.85065, 1.65358, -0.92763, 1.09588, -2.61645], [-2.03127, -1.67377, 1.63677, 1.5934, -1.02603, 1.2216, -2.5085], [-2.37255, -1.89059, 1.42288, 1.53322, -1.12443, 1.34733, -2.40054]]
end: [-2.4888400000000002, -1.9644699999999999, 1.3500000000000001, 1.51271, -1.1579600000000001, 1.3901699999999999, -2.3637600000000001]
obtacles: [[[0.6, -0.4, -0.2], [1.0, 0.6, -0.3]], [[0.8, -0.1, -0.2], [1.0, -0.0, 0.4]], [[0.8, 0.4, -0.2], [1.0, 0.5, 0.4]], [[0.8, -0.1, 0.4], [1.0, 0.5, 0.5]]]
start: [-0.15522, 1.66778, 1.3500000000000001, -0.84713000000000005, -1.3510599999999999, -1.4714, 0.98060999999999998]
tajectories: [[-0.15522, 1.66778, 1.35, -0.84713, -1.35106, -1.4714, 0.98061], [-0.19252, 1.49914, 1.54991, -0.71696, -1.37917, -1.23508, 0.65408], [-0.22982, 1.33051, 1.74983, -0.5868, -1.40727, -0.99876, 0.32754], [-0.26711, 1.16187, 1.94974, -0.45663, -1.43538, -0.76244, 0.00101], [-0.30441, 0.99324, 2.14965, -0.32647, -1.46349, -0.52612, -0.32553], [-0.34171, 0.8246, 2.34957, -0.1963, -1.49159, -0.2898, -0.65207], [-0.34661, 0.80245, 2.37583, -0.1792, -1.49528, -0.25876, -0.69496], [-0.35863, 0.54876, 2.05898, -0.06879, -1.34768, -0.07192, -0.82233], [-0.37064, 0.29508, 1.74214, 0.04162, -1.20008, 0.11492, -0.9497], [-0.38265, 0.04139, 1.42529, 0.15203, -1.05248, 0.30175, -1.07707], [-0.39467, -0.2123, 1.10844, 0.26244, -0.90487, 0.48859, -1.20444], [-0.40668, -0.46598, 0.7916, 0.37285, -0.75727, 0.67543, -1.33181], [-0.40867, -0.50794, 0.73919, 0.39111, -0.73286, 0.70633, -1.35287], [-0.45534, -0.49845, 0.89654, 0.65144, -0.38575, 0.65053, -1.53065], [-0.50201, -0.48896, 1.05389, 0.91176, -0.03864, 0.59473, -1.70842], [-0.54869, -0.47948, 1.21124, 1.17208, 0.30847, 0.53893, -1.8862], [-0.59536, -0.46999, 1.36859, 1.43241, 0.65559, 0.48313, -2.06397], [-0.64203, -0.4605, 1.52594, 1.69273, 1.0027, 0.42733, -2.24175], [-0.67741, -0.45331, 1.6452, 1.89004, 1.26578, 0.38503, -2.37649], [-0.91863, -0.63581, 1.60406, 1.81995, 0.90288, 0.52556, -2.39787], [-1.15985, -0.81832, 1.56292, 1.74986, 0.53998, 0.66609, -2.41926], [-1.40107, -1.00082, 1.52178, 1.67978, 0.17708, 0.80661, -2.44064], [-1.64229, -1.18333, 1.48064, 1.60969, -0.18581, 0.94714, -2.46203], [-1.88351, -1.36583, 1.4395, 1.5396, -0.54871, 1.08766, -2.48342], [-2.12473, -1.54833, 1.39836, 1.46951, -0.91161, 1.22819, -2.5048], [-2.36595, -1.73084, 1.35722, 1.39942, -1.27451, 1.36872, -2.52619]]
end: [-2.4082499999999998, -1.76285, 1.3500000000000001, 1.38713, -1.33816, 1.3933599999999999, -2.5299399999999999]
obtacles: [[[0.6, -0.4, -0.2], [1.0, 0.6, -0.3]], [[0.8, -0.1, -0.2], [1.0, -0.0, 0.4]], [[0.8, 0.4, -0.2], [1.0, 0.5, 0.4]], [[0.8, -0.1, 0.4], [1.0, 0.5, 0.5]]]
start: [-0.038240000000000003, 1.6534899999999999, 1.1499999999999999, -0.78764000000000001, -1.20757, -1.33849, 0.76536999999999999]
tajectories: [[-0.03824, 1.65349, 1.15, -0.78764, -1.20757, -1.33849, 0.76537], [-0.18469, 1.42993, 1.13649, -0.52454, -1.18013, -1.01461, 0.70609], [-0.33113, 1.20636, 1.12298, -0.26144, -1.15269, -0.69073, 0.6468], [-0.47757, 0.98279, 1.10947, 0.00167, -1.12525, -0.36685, 0.58752], [-0.62401, 0.75922, 1.09595, 0.26477, -1.09781, -0.04297, 0.52824], [-0.77045, 0.53565, 1.08244, 0.52787, -1.07037, 0.28091, 0.46896], [-0.9169, 0.31208, 1.06893, 0.79098, -1.04293, 0.60479, 0.40967], [-1.06334, 0.08851, 1.05542, 1.05408, -1.01549, 0.92867, 0.35039], [-1.06539, 0.08538, 1.05523, 1.05776, -1.01511, 0.9332, 0.34956], [-1.15981, -0.06708, 1.22448, 1.3303, -1.12605, 0.89351, 0.0317], [-1.25424, -0.21954, 1.39373, 1.60283, -1.23699, 0.85381, -0.28616], [-1.34867, -0.372, 1.56298, 1.87536, -1.34794, 0.81411, -0.60402], [-1.44309, -0.52446, 1.73223, 2.14789, -1.45888, 0.77442, -0.92188], [-1.53752, -0.67692, 1.90148, 2.42042, -1.56983, 0.73472, -1.23974], [-1.63195, -0.82939, 2.07073, 2.69295, -1.68077, 0.69503, -1.5576], [-1.67057, -0.89175, 2.13996, 2.80444, -1.72616, 0.67879, -1.68763], [-1.77803, -1.09066, 1.94237, 2.51903, -1.61235, 0.79187, -1.91708], [-1.88548, -1.28956, 1.74477, 2.23361, -1.49854, 0.90496, -2.14653], [-1.99294, -1.48847, 1.54718, 1.9482, -1.38474, 1.01804, -2.37598], [-2.10039, -1.68737, 1.34958, 1.66279, -1.27093, 1.13112, -2.60542], [-2.20784, -1.88627, 1.15199, 1.37737, -1.15712, 1.24421, -2.83487]]
end: [-2.2089300000000001, -1.88828, 1.1499999999999999, 1.3745000000000001, -1.15598, 1.24535, -2.83718]
obtacles: [[[0.6, -0.4, -0.2], [1.0, 0.6, -0.3]], [[0.8, -0.1, -0.2], [1.0, -0.0, 0.4]], [[0.8, 0.4, -0.2], [1.0, 0.5, 0.4]], [[0.8, -0.1, 0.4], [1.0, 0.5, 0.5]]]
start: [-0.27627000000000002, 1.9453800000000001, 1.1499999999999999, -0.77446999999999999, -1.0149999999999999, -1.56646, 0.96860999999999997]
tajectories: [[-0.27627, 1.94538, 1.15, -0.77447, -1.015, -1.56646, 0.96861], [-0.34681, 1.79887, 0.80121, -0.61076, -0.90528, -1.49261, 0.72859], [-0.41735, 1.65236, 0.45241, -0.44704, -0.79557, -1.41877, 0.48857], [-0.48789, 1.50585, 0.10362, -0.28332, -0.68585, -1.34492, 0.24856], [-0.55843, 1.35934, -0.24517, -0.1196, -0.57613, -1.27108, 0.00854], [-0.62897, 1.21283, -0.59396, 0.04412, -0.46641, -1.19723, -0.23147], [-0.69951, 1.06632, -0.94276, 0.20784, -0.3567, -1.12338, -0.47149], [-0.72197, 1.01967, -1.05381, 0.25997, -0.32176, -1.09987, -0.54791], [-0.81825, 1.12522, -1.00364, 0.5808, -0.47219, -0.85122, -0.74712], [-0.91452, 1.23076, -0.95346, 0.90163, -0.62262, -0.60256, -0.94633], [-1.0108, 1.3363, -0.90329, 1.22246, -0.77306, -0.35391, -1.14553], [-1.10708, 1.44184, -0.85312, 1.54329, -0.92349, -0.10526, -1.34474], [-1.20336, 1.54738, -0.80294, 1.86412, -1.07392, 0.1434, -1.54394], [-1.2707, 1.62119, -0.76785, 2.08849, -1.17912, 0.31729, -1.68325], [-1.12025, 1.3377, -0.51231, 2.19468, -1.36445, 0.39802, -1.85518], [-0.96981, 1.05421, -0.25677, 2.30087, -1.54979, 0.47875, -2.0271], [-0.81937, 0.77072, -0.00123, 2.40706, -1.73512, 0.55948, -2.19903], [-0.66893, 0.48723, 0.25432, 2.51325, -1.92045, 0.64021, -2.37095], [-0.51849, 0.20374, 0.50986, 2.61944, -2.10578, 0.72094, -2.54287], [-0.36805, -0.07975, 0.7654, 2.72563, -2.29112, 0.80167, -2.7148], [-0.22115, -0.35656, 1.01492, 2.82932, -2.47208, 0.8805, -2.88267], [-0.53904, -0.5895, 1.07104, 2.6176, -2.28084, 0.9691, -2.83486], [-0.85693, -0.82244, 1.12715, 2.40588, -2.08959, 1.0577, -2.78706], [-1.17482, -1.05539, 1.18326, 2.19416, -1.89834, 1.14631, -2.73925], [-1.4927, -1.28833, 1.23938, 1.98244, -1.70709, 1.23491, -2.69145], [-1.81059, -1.52127, 1.29549, 1.77072, -1.51584, 1.32351, -2.64364], [-2.12848, -1.75421, 1.3516, 1.559, -1.3246, 1.41212, -2.59584]]
end: [-2.4026700000000001, -1.95513, 1.3999999999999999, 1.3763799999999999, -1.15964, 1.48854, -2.5546099999999998]
obtacles: [[[0.6, -0.4, -0.2], [1.0, 0.6, -0.3]], [[0.8, -0.1, -0.2], [1.0, -0.0, 0.4]], [[0.8, 0.4, -0.2], [1.0, 0.5, 0.4]], [[0.8, -0.1, 0.4], [1.0, 0.5, 0.5]]]
start: [-0.43774000000000002, 1.8769, 1.95, 0.74873999999999996, -2.0530599999999999, -1.5512699999999999, -0.24701000000000001]
tajectories: [[-0.43774, 1.8769, 1.95, 0.74874, -2.05306, -1.55127, -0.24701], [-0.66601, 1.80762, 2.19268, 0.95148, -2.03662, -1.2658, -0.35344], [-0.89429, 1.73833, 2.43535, 1.15422, -2.02018, -0.98032, -0.45986], [-1.07041, 1.68488, 2.62259, 1.31064, -2.00749, -0.76006, -0.54198], [-0.9398, 1.74388, 2.37805, 1.71643, -1.99417, -0.81502, -0.58431], [-0.80918, 1.80288, 2.13351, 2.12222, -1.98084, -0.86999, -0.62665], [-0.72865, 1.83926, 1.98275, 2.3724, -1.97262, -0.90387, -0.65275], [-0.59765, 1.88068, 1.83532, 2.03603, -1.96309, -1.16045, -0.82688], [-0.46665, 1.9221, 1.6879, 1.69966, -1.95356, -1.41702, -1.00102]]
end: [-0.38854, 1.94679, 1.6000000000000001, 1.4991000000000001, -1.94787, -1.5700099999999999, -1.1048500000000001]
obtacles: [[[0.6, -0.4, -0.2], [1.0, 0.6, -0.3]], [[0.8, -0.1, -0.2], [1.0, -0.0, 0.4]], [[0.8, 0.4, -0.2], [1.0, 0.5, 0.4]], [[0.8, -0.1, 0.4], [1.0, 0.5, 0.5]]]
start: [-0.66354999999999997, 1.61836, 2.0, 0.67976999999999999, -1.94164, -1.3445499999999999, 0.036760000000000001]
tajectories: [[-0.66355, 1.61836, 2.0, 0.67977, -1.94164, -1.34455, 0.03676], [-0.61148, 1.42846, 1.95356, 0.66072, -2.15194, -0.95338, 0.14385], [-0.55941, 1.23855, 1.90712, 0.64168, -2.36224, -0.56221, 0.25094], [-0.50734, 1.04865, 1.86068, 0.62263, -2.57254, -0.17104, 0.35802], [-0.45526, 0.85875, 1.81424, 0.60358, -2.78283, 0.22013, 0.46511], [-0.42233, 0.73863, 1.78487, 0.59154, -2.91585, 0.46756, 0.53285], [-0.39425, 0.48744, 1.58412, 0.7457, -3.12464, 0.42959, 0.25533], [-0.36618, 0.23625, 1.38337, 0.89986, -3.33343, 0.39163, -0.02219], [-0.33811, -0.01493, 1.18262, 1.05403, -3.54222, 0.35367, -0.29971], [-0.31003, -0.26612, 0.98188, 1.20819, -3.75101, 0.31571, -0.57723], [-0.30461, -0.31463, 0.94311, 1.23796, -3.79132, 0.30838, -0.63082], [-0.33318, -0.33425, 0.74281, 1.33919, -3.75657, 0.18467, -1.05734], [-0.36175, -0.35388, 0.54251, 1.44043, -3.72182, 0.06096, -1.48385], [-0.39032, -0.37351, 0.3422, 1.54166, -3.68707, -0.06275, -1.91037], [-0.41889, -0.39314, 0.1419, 1.64289, -3.65232, -0.18646, -2.33689], [-0.44521, -0.41122, -0.04267, 1.73617, -3.6203, -0.30046, -2.72992], [-0.33625, -0.12625, 0.29873, 1.76834, -3.74227, -0.45138, -2.68903], [-0.22729, 0.15872, 0.64014, 1.8005, -3.86424, -0.6023, -2.64813], [-0.11833, 0.4437, 0.98154, 1.83266, -3.98621, -0.75322, -2.60724], [-0.00937, 0.72867, 1.32295, 1.86483, -4.10818, -0.90414, -2.56634], [0.09959, 1.01364, 1.66435, 1.89699, -4.23015, -1.05506, -2.52544], [0.20854, 1.29862, 2.00575, 1.92915, -4.35212, -1.20598, -2.48455], [0.3175, 1.58359, 2.34716, 1.96132, -4.47409, -1.3569, -2.44365], [0.38378, 1.75693, 2.55483, 1.98088, -4.54828, -1.4487, -2.41878], [0.32628, 1.78159, 2.46154, 1.86243, -4.12514, -1.42123, -2.21009], [0.26878, 1.80625, 2.36825, 1.74398, -3.702, -1.39376, -2.0014], [0.21128, 1.8309, 2.27496, 1.62553, -3.27886, -1.36629, -1.79272], [0.15378, 1.85556, 2.18167, 1.50708, -2.85572, -1.33882, -1.58403], [0.09628, 1.88022, 2.08839, 1.38863, -2.43258, -1.31135, -1.37534]]
end: [0.041799999999999997, 1.90358, 2.0, 1.2764, -2.0316800000000002, -1.2853300000000001, -1.1776199999999999]
obtacles: [[[0.6, -0.4, -0.2], [1.0, 0.6, -0.3]], [[0.8, -0.1, -0.2], [1.0, -0.0, 0.4]], [[0.8, 0.4, -0.2], [1.0, 0.5, 0.4]], [[0.8, -0.1, 0.4], [1.0, 0.5, 0.5]]]
start: [-0.79198999999999997, 1.96136, 1.95, 1.33962, -2.0524399999999998, -1.3222700000000001, -0.41042000000000001]
tajectories: [[-0.79199, 1.96136, 1.95, 1.33962, -2.05244, -1.32227, -0.41042], [-1.02276, 1.92554, 1.7519, 1.27614, -2.37085, -1.10017, -0.37196], [-1.25353, 1.88973, 1.55381, 1.21266, -2.68925, -0.87807, -0.3335], [-1.4843, 1.85392, 1.35571, 1.14918, -3.00766, -0.65597, -0.29504], [-1.71366, 1.81833, 1.15883, 1.08609, -3.32412, -0.43523, -0.25681], [-1.75717, 1.78743, 1.0953, 1.20861, -3.54061, -0.51268, 0.1618], [-1.80068, 1.75652, 1.03178, 1.33113, -3.75711, -0.59013, 0.58042], [-1.84419, 1.72561, 0.96826, 1.45365, -3.9736, -0.66759, 0.99903], [-1.88771, 1.6947, 0.90474, 1.57618, -4.1901, -0.74504, 1.41764], [-1.93122, 1.6638, 0.84122, 1.6987, -4.40659, -0.82249, 1.83625], [-1.93232, 1.66301, 0.83961, 1.70181, -4.41209, -0.82446, 1.84689], [-1.64386, 1.52908, 0.89726, 1.90913, -4.37165, -0.92713, 1.54627], [-1.35539, 1.39514, 0.95491, 2.11645, -4.33121, -1.0298, 1.24566], [-1.06693, 1.2612, 1.01256, 2.32377, -4.29076, -1.13247, 0.94505], [-0.92996, 1.19761, 1.03993, 2.42222, -4.27156, -1.18122, 0.80231], [-0.82578, 1.28452, 1.16829, 2.2949, -3.93005, -1.18626, 0.51551], [-0.7216, 1.37143, 1.29665, 2.16758, -3.58853, -1.1913, 0.22872], [-0.61742, 1.45834, 1.42501, 2.04026, -3.24702, -1.19634, -0.05807], [-0.51324, 1.54525, 1.55337, 1.91294, -2.90551, -1.20138, -0.34487], [-0.40907, 1.63216, 1.68173, 1.78563, -2.56399, -1.20642, -0.63166], [-0.30489, 1.71907, 1.81009, 1.65831, -2.22248, -1.21146, -0.91845], [-0.20071, 1.80598, 1.93844, 1.53099, -1.88097, -1.2165, -1.20525]]
end: [-0.19133, 1.8138000000000001, 1.95, 1.51953, -1.85022, -1.21696, -1.2310700000000001]
obtacles: [[[0.6, -0.4, -0.2], [1.0, 0.6, -0.3]], [[0.8, -0.1, -0.2], [1.0, -0.0, 0.4]], [[0.8, 0.4, -0.2], [1.0, 0.5, 0.4]], [[0.8, -0.1, 0.4], [1.0, 0.5, 0.5]]]
start: [-0.57303999999999999, 1.66421, 1.75, 0.60045999999999999, -1.77132, -1.54748, -0.01668]
tajectories: [[-0.57304, 1.66421, 1.75, 0.60046, -1.77132, -1.54748, -0.01668], [-0.75145, 1.50764, 1.43851, 0.79491, -1.95399, -1.38841, -0.02878], [-0.92986, 1.35107, 1.12703, 0.98937, -2.13666, -1.22934, -0.04087], [-1.10827, 1.1945, 0.81554, 1.18383, -2.31932, -1.07027, -0.05297], [-1.28669, 1.03793, 0.50405, 1.37829, -2.50199, -0.91121, -0.06507], [-1.4651, 0.88135, 0.19257, 1.57274, -2.68466, -0.75214, -0.07717], [-1.64351, 0.72478, -0.11892, 1.7672, -2.86732, -0.59307, -0.08927], [-1.79954, 0.58785, -0.39133, 1.93726, -3.02707, -0.45395, -0.09985], [-1.68135, 0.66547, -0.33935, 2.142, -2.78482, -0.59519, 0.22688], [-1.56316, 0.74308, -0.28737, 2.34675, -2.54256, -0.73643, 0.5536], [-1.44496, 0.82069, -0.23539, 2.55149, -2.30031, -0.87767, 0.88033], [-1.32677, 0.89831, -0.18341, 2.75623, -2.05805, -1.0189, 1.20705], [-1.20858, 0.97592, -0.13143, 2.96097, -1.8158, -1.16014, 1.53378], [-1.12204, 1.03275, -0.09337, 3.11087, -1.63844, -1.26355, 1.77299], [-0.93884, 1.17303, 0.14208, 2.82792, -1.58263, -1.23615, 1.53342], [-0.75563, 1.31332, 0.37753, 2.54497, -1.52683, -1.20876, 1.29386], [-0.57242, 1.4536, 0.61298, 2.26202, -1.47102, -1.18136, 1.05429], [-0.38921, 1.59389, 0.84844, 1.97907, -1.41522, -1.15397, 0.81473], [-0.26026, 1.69263, 1.01417, 1.7799, -1.37594, -1.13469, 0.6461], [-0.29776, 1.7126, 1.19008, 1.76194, -1.46639, -1.19077, 0.19267], [-0.33525, 1.73256, 1.366, 1.74399, -1.55683, -1.24684, -0.26077], [-0.37275, 1.75252, 1.54191, 1.72603, -1.64728, -1.30292, -0.7142], [-0.41025, 1.77248, 1.71782, 1.70808, -1.73773, -1.359, -1.16763]]
end: [-0.41710999999999998, 1.77613, 1.75, 1.70479, -1.75427, -1.3692599999999999, -1.25057]
obtacles: [[[0.6, -0.4, -0.2], [1.0, 0.6, -0.3]], [[0.8, -0.1, -0.2], [1.0, -0.0, 0.4]], [[0.8, 0.4, -0.2], [1.0, 0.5, 0.4]], [[0.8, -0.1, 0.4], [1.0, 0.5, 0.5]]]
start: [-0.70377999999999996, 1.81013, 1.75, 1.2315199999999999, -1.85686, -1.4862899999999999, -0.49396000000000001]
tajectories: [[-0.70378, 1.81013, 1.75, 1.23152, -1.85686, -1.48629, -0.49396], [-0.91393, 1.73025, 1.89219, 1.25814, -1.59972, -1.15257, -0.52612], [-1.12409, 1.65037, 2.03437, 1.28477, -1.34258, -0.81885, -0.55828], [-1.33425, 1.57049, 2.17656, 1.31139, -1.08544, -0.48512, -0.59044], [-1.5444, 1.49061, 2.31875, 1.33801, -0.8283, -0.1514, -0.6226], [-1.75456, 1.41072, 2.46093, 1.36464, -0.57116, 0.18233, -0.65476], [-1.8425, 1.3773, 2.52043, 1.37578, -0.46357, 0.32197, -0.66822], [-1.54601, 1.04309, 2.43785, 1.51008, -0.54554, 0.42663, -0.75694], [-1.24953, 0.70888, 2.35526, 1.64439, -0.62751, 0.5313, -0.84567], [-0.95305, 0.37468, 2.27268, 1.77869, -0.70948, 0.63596, -0.9344], [-0.65657, 0.04047, 2.1901, 1.913, -0.79144, 0.74063, -1.02312], [-0.36008, -0.29374, 2.10752, 2.04731, -0.87341, 0.84529, -1.11185], [-0.0636, -0.62795, 2.02494, 2.18161, -0.95538, 0.94996, -1.20058], [0.14755, -0.86596, 1.96613, 2.27726, -1.01376, 1.0245, -1.26376], [-0.27142, -0.98891, 1.90252, 2.14165, -1.08339, 1.10763, -1.42236], [-0.69039, -1.11186, 1.8389, 2.00604, -1.15303, 1.19076, -1.58095], [-1.10936, -1.23481, 1.77528, 1.87043, -1.22267, 1.27389, -1.73954], [-1.52832, -1.35777, 1.71166, 1.73482, -1.29231, 1.35702, -1.89814], [-1.94729, -1.48072, 1.64805, 1.59921, -1.36195, 1.44015, -2.05673], [-2.36626, -1.60367, 1.58443, 1.4636, -1.43159, 1.52328, -2.21532]]
end: [-2.5929899999999999, -1.67021, 1.55, 1.3902099999999999, -1.4692700000000001, 1.5682700000000001, -2.3011499999999998]
obtacles: [[[0.6, -0.4, -0.2], [1.0, 0.6, -0.3]], [[0.8, -0.1, -0.2], [1.0, -0.0, 0.4]], [[0.8, 0.4, -0.2], [1.0, 0.5, 0.4]], [[0.8, -0.1, 0.4], [1.0, 0.5, 0.5]]]
start: [-0.73326000000000002, 1.7865200000000001, 2.1499999999999999, 1.62246, -1.7946899999999999, -0.99439, -0.75807000000000002]
tajectories: [[-0.73326, 1.78652, 2.15, 1.62246, -1.79469, -0.99439, -0.75807], [-0.73179, 1.78345, 2.20466, 1.93208, -1.99134, -0.83905, -1.05528], [-0.73151, 1.78286, 2.21531, 1.99238, -2.02964, -0.8088, -1.11317], [-0.52314, 1.71951, 1.94796, 1.79852, -2.05601, -1.09695, -1.21208], [-0.49034, 1.70954, 1.90588, 1.768, -2.06016, -1.1423, -1.22765], [-0.1156, 1.86317, 2.10005, 1.5842, -1.99643, -1.061, -1.28942]]
end: [-0.019199999999999998, 1.90269, 2.1499999999999999, 1.53691, -1.98004, -1.0400799999999999, -1.30531]
obtacles: [[[0.6, -0.4, -0.2], [1.0, 0.6, -0.3]], [[0.8, -0.1, -0.2], [1.0, -0.0, 0.4]], [[0.8, 0.4, -0.2], [1.0, 0.5, 0.4]], [[0.8, -0.1, 0.4], [1.0, 0.5, 0.5]]]
start: [-0.50910999999999995, 1.86374, 2.1499999999999999, 1.0390999999999999, -2.1417000000000002, -1.2605599999999999, -0.35039999999999999]
tajectories: [[-0.50911, 1.86374, 2.15, 1.0391, -2.1417, -1.26056, -0.3504], [-0.60215, 1.7755, 2.37893, 1.36355, -2.38519, -1.20375, -0.46599], [-0.68951, 1.69265, 2.59389, 1.6682, -2.61383, -1.15042, -0.57453], [-0.48114, 1.71574, 2.20583, 1.71383, -2.50877, -1.26437, -0.74587], [-0.27277, 1.73883, 1.81777, 1.75946, -2.40371, -1.37832, -0.9172], [-0.24544, 1.74185, 1.76689, 1.76544, -2.38994, -1.39326, -0.93967], [-0.20219, 1.89451, 1.71759, 1.45676, -2.07893, -1.49855, -1.07859]]
end: [-0.18676000000000001, 1.94896, 1.7, 1.3466499999999999, -1.9679899999999999, -1.5361100000000001, -1.12815]
obtacles: [[[0.6, -0.4, -0.2], [1.0, 0.6, -0.3]], [[0.8, -0.1, -0.2], [1.0, -0.0, 0.4]], [[0.8, 0.4, -0.2], [1.0, 0.5, 0.4]], [[0.8, -0.1, 0.4], [1.0, 0.5, 0.5]]]
start: [-0.85777999999999999, 1.95956, 1.7, 1.38548, -1.9768300000000001, -1.5234300000000001, -0.49247000000000002]
tajectories: [[-0.85778, 1.95956, 1.7, 1.38548, -1.97683, -1.52343, -0.49247], [-0.68899, 1.94686, 2.05067, 1.67594, -1.98102, -1.53245, -0.37454], [-0.68786, 1.94678, 2.05303, 1.67789, -1.98105, -1.53251, -0.37375], [-0.40061, 1.82772, 2.18199, 1.82489, -2.21843, -1.50389, -0.61437], [-0.11335, 1.70865, 2.31094, 1.97189, -2.45581, -1.47527, -0.855], [0.00017, 1.6616, 2.36191, 2.02999, -2.54962, -1.46396, -0.95009], [-0.10745, 1.76391, 2.07168, 1.83041, -2.26347, -1.45655, -1.09825], [-0.21508, 1.86622, 1.78146, 1.63083, -1.97731, -1.44914, -1.24641]]
end: [-0.24528, 1.8949400000000001, 1.7, 1.5748200000000001, -1.897, -1.4470700000000001, -1.288]
obtacles: [[[0.6, -0.4, -0.2], [1.0, 0.6, -0.3]], [[0.8, -0.1, -0.2], [1.0, -0.0, 0.4]], [[0.8, 0.4, -0.2], [1.0, 0.5, 0.4]], [[0.8, -0.1, 0.4], [1.0, 0.5, 0.5]]]
start: [-0.59323999999999999, 1.51484, 1.7, 0.99363000000000001, -1.59436, -1.4320299999999999, -0.40237000000000001]
tajectories: [[-0.59324, 1.51484, 1.7, 0.99363, -1.59436, -1.43203, -0.40237], [-0.74103, 1.19943, 1.41103, 1.1723, -1.59089, -1.31758, -0.39092], [-0.88881, 0.88401, 1.12206, 1.35097, -1.58742, -1.20312, -0.37947], [-1.0366, 0.5686, 0.83308, 1.52965, -1.58395, -1.08867, -0.36801], [-1.18439, 0.25318, 0.54411, 1.70832, -1.58048, -0.97422, -0.35656], [-1.33217, -0.06224, 0.25514, 1.88699, -1.57701, -0.85976, -0.3451], [-1.47996, -0.37765, -0.03383, 2.06566, -1.57354, -0.74531, -0.33365], [-1.50318, -0.4272, -0.07923, 2.09373, -1.573, -0.72733, -0.33185], [-1.27047, -0.22337, 0.04938, 2.15486, -1.51901, -0.81076, 0.0205], [-1.03777, -0.01954, 0.17799, 2.216, -1.46502, -0.89419, 0.37285], [-0.80506, 0.18428, 0.30659, 2.27713, -1.41102, -0.97763, 0.7252], [-0.57236, 0.38811, 0.4352, 2.33826, -1.35703, -1.06106, 1.07755], [-0.33965, 0.59194, 0.56381, 2.3994, -1.30304, -1.14449, 1.4299], [-0.10695, 0.79577, 0.69242, 2.46053, -1.24905, -1.22792, 1.78224], [0.06916, 0.95002, 0.78975, 2.5068, -1.20819, -1.29107, 2.0489], [0.01908, 1.06808, 0.91685, 2.34015, -1.29381, -1.32108, 1.623], [-0.03101, 1.18613, 1.04396, 2.17351, -1.37942, -1.35109, 1.19709], [-0.0811, 1.30418, 1.17107, 2.00686, -1.46504, -1.3811, 0.77118], [-0.13119, 1.42224, 1.29818, 1.84022, -1.55066, -1.41111, 0.34528], [-0.18128, 1.54029, 1.42529, 1.67357, -1.63628, -1.44112, -0.08063], [-0.23137, 1.65834, 1.5524, 1.50693, -1.72189, -1.47113, -0.50654], [-0.28146, 1.7764, 1.6795, 1.34028, -1.80751, -1.50114, -0.93244]]
end: [-0.28953000000000001, 1.7954300000000001, 1.7, 1.31341, -1.8213200000000001, -1.5059800000000001, -1.00112]
obtacles: [[[0.6, -0.4, -0.2], [1.0, 0.6, -0.3]], [[0.8, -0.1, -0.2], [1.0, -0.0, 0.4]], [[0.8, 0.4, -0.2], [1.0, 0.5, 0.4]], [[0.8, -0.1, 0.4], [1.0, 0.5, 0.5]]]
start: [-0.88385999999999998, 1.71967, 1.7, 1.1338699999999999, -1.7605, -1.5180899999999999, -0.23535]
tajectories: [[-0.88386, 1.71967, 1.7, 1.13387, -1.7605, -1.51809, -0.23535], [-0.91518, 1.75952, 1.95182, 1.35143, -1.50062, -1.42462, -0.48114], [-0.94651, 1.79938, 2.20364, 1.56899, -1.24074, -1.33115, -0.72693], [-0.95101, 1.8051, 2.23979, 1.60023, -1.20343, -1.31773, -0.76221], [-0.78697, 1.7934, 2.41275, 1.96832, -1.43966, -1.29291, -0.79578], [-0.62293, 1.7817, 2.58571, 2.33642, -1.67588, -1.26809, -0.82935], [-0.59686, 1.77984, 2.61319, 2.39491, -1.71341, -1.26415, -0.83468], [-0.46855, 1.79313, 2.22814, 2.3035, -1.89927, -1.26233, -1.04009], [-0.43068, 1.79705, 2.11449, 2.27652, -1.95413, -1.2618, -1.10071], [-0.392, 1.78107, 1.85155, 1.90457, -1.8292, -1.36285, -1.22296]]
end: [-0.36969999999999997, 1.77186, 1.7, 1.6901900000000001, -1.75719, -1.4211, -1.29342]
obtacles: [[[0.6, -0.4, -0.2], [1.0, 0.6, -0.3]], [[0.8, -0.1, -0.2], [1.0, -0.0, 0.4]], [[0.8, 0.4, -0.2], [1.0, 0.5, 0.4]], [[0.8, -0.1, 0.4], [1.0, 0.5, 0.5]]]
start: [-0.77024999999999999, 1.9441900000000001, 1.75, 1.1546000000000001, -1.98312, -1.56647, -0.34950999999999999]
tajectories: [[-0.77025, 1.94419, 1.75, 1.1546, -1.98312, -1.56647, -0.34951], [-0.84235, 1.79235, 1.65975, 1.38103, -2.02766, -1.31508, -0.6612], [-0.91445, 1.64051, 1.5695, 1.60746, -2.07219, -1.06369, -0.97289], [-0.98654, 1.48867, 1.47925, 1.83389, -2.11673, -0.81229, -1.28458], [-1.02743, 1.40256, 1.42807, 1.9623, -2.14198, -0.66973, -1.46133], [-0.56642, 1.39907, 1.56529, 2.01032, -2.10239, -0.76721, -1.38883], [-0.10542, 1.39558, 1.70251, 2.05835, -2.06279, -0.86469, -1.31632], [0.35559, 1.39209, 1.83973, 2.10637, -2.0232, -0.96216, -1.24382], [0.5793, 1.3904, 1.90632, 2.12967, -2.00398, -1.00947, -1.20863], [0.29238, 1.58379, 1.85378, 1.83386, -2.00308, -1.1865, -1.11552], [0.00545, 1.77718, 1.80124, 1.53805, -2.00219, -1.36353, -1.02241]]
end: [-0.27440999999999999, 1.9658199999999999, 1.75, 1.24952, -2.0013100000000001, -1.5362100000000001, -0.93159999999999998]
obtacles: [[[0.6, -0.4, -0.2], [1.0, 0.6, -0.3]], [[0.8, -0.1, -0.2], [1.0, -0.0, 0.4]], [[0.8, 0.4, -0.2], [1.0, 0.5, 0.4]], [[0.8, -0.1, 0.4], [1.0, 0.5, 0.5]]]
start: [-0.37935000000000002, 1.56698, 1.75, 0.55615000000000003, -1.7214499999999999, -1.4733000000000001, -0.16977999999999999]
tajectories: [[-0.37935, 1.56698, 1.75, 0.55615, -1.72145, -1.4733, -0.16978], [-0.49901, 1.40166, 2.01528, 0.63703, -1.91615, -1.27741, 0.06507], [-0.61867, 1.23634, 2.28055, 0.71792, -2.11086, -1.08152, 0.29991], [-0.73833, 1.07101, 2.54583, 0.7988, -2.30556, -0.88563, 0.53476], [-0.77296, 1.02317, 2.6226, 0.82221, -2.36192, -0.82893, 0.60272], [-0.70882, 1.20355, 2.52503, 1.23361, -2.3967, -1.01135, 0.61227], [-0.64468, 1.38394, 2.42746, 1.64501, -2.43149, -1.19377, 0.62181], [-0.58054, 1.56433, 2.32989, 2.05641, -2.46628, -1.37619, 0.63135], [-0.53175, 1.70155, 2.25567, 2.36935, -2.49274, -1.51495, 0.63861], [-0.51083, 1.75472, 2.13085, 2.16188, -2.35347, -1.49074, 0.22857], [-0.48992, 1.8079, 2.00603, 1.95441, -2.21421, -1.46654, -0.18147], [-0.46901, 1.86107, 1.88121, 1.74694, -2.07495, -1.44234, -0.59151], [-0.44809, 1.91425, 1.75639, 1.53948, -1.93568, -1.41813, -1.00154]]
end: [-0.44701999999999997, 1.9169700000000001, 1.75, 1.52885, -1.92855, -1.41689, -1.02254]
obtacles: [[[0.6, -0.4, -0.2], [1.0, 0.6, -0.3]], [[0.8, -0.1, -0.2], [1.0, -0.0, 0.4]], [[0.8, 0.4, -0.2], [1.0, 0.5, 0.4]], [[0.8, -0.1, 0.4], [1.0, 0.5, 0.5]]]
start: [-0.47171999999999997, 1.74349, 1.8, 0.71038999999999997, -1.8564400000000001, -1.55511, -0.21648999999999999]
tajectories: [[-0.47172, 1.74349, 1.8, 0.71039, -1.85644, -1.55511, -0.21649], [-0.64288, 1.76276, 1.82255, 1.01516, -1.78037, -1.39142, 0.0907], [-0.81404, 1.78202, 1.84509, 1.31992, -1.70429, -1.22773, 0.39789], [-0.9852, 1.80128, 1.86764, 1.62468, -1.62822, -1.06404, 0.70508], [-1.15636, 1.82054, 1.89018, 1.92944, -1.55214, -0.90035, 1.01227], [-1.32752, 1.8398, 1.91273, 2.2342, -1.47607, -0.73667, 1.31946], [-1.49867, 1.85906, 1.93528, 2.53896, -1.39999, -0.57298, 1.62665], [-1.58532, 1.86881, 1.94669, 2.69324, -1.36148, -0.49011, 1.78216], [-1.39048, 1.86167, 1.92687, 2.51564, -1.42873, -0.61304, 1.38163], [-1.19564, 1.85453, 1.90705, 2.33804, -1.49598, -0.73597, 0.98111], [-1.0008, 1.84739, 1.88723, 2.16044, -1.56324, -0.85889, 0.58059], [-0.80596, 1.84025, 1.86741, 1.98283, -1.63049, -0.98182, 0.18007], [-0.61112, 1.8331, 1.84759, 1.80523, -1.69774, -1.10474, -0.22045], [-0.41628, 1.82596, 1.82777, 1.62763, -1.76499, -1.22767, -0.62098], [-0.22144, 1.81882, 1.80796, 1.45003, -1.83224, -1.35059, -1.0215]]
end: [-0.14323, 1.81595, 1.8, 1.3787400000000001, -1.85924, -1.39994, -1.18228]
obtacles: [[[0.6, -0.4, -0.2], [1.0, 0.6, -0.3]], [[0.8, -0.1, -0.2], [1.0, -0.0, 0.4]], [[0.8, 0.4, -0.2], [1.0, 0.5, 0.4]], [[0.8, -0.1, 0.4], [1.0, 0.5, 0.5]]]
start: [-0.61258999999999997, 1.7221900000000001, 1.75, 1.1636299999999999, -1.7817099999999999, -1.46854, -0.52659]
tajectories: [[-0.61259, 1.72219, 1.75, 1.16363, -1.78171, -1.46854, -0.52659], [-0.75448, 1.55671, 1.61644, 1.30139, -1.96316, -1.19956, -0.77234], [-0.89637, 1.39123, 1.48287, 1.43914, -2.14461, -0.93058, -1.0181], [-1.03826, 1.22575, 1.34931, 1.5769, -2.32605, -0.6616, -1.26385], [-1.17233, 1.0694, 1.22311, 1.70706, -2.49749, -0.40746, -1.49605], [-0.99144, 1.0678, 0.96684, 1.83361, -2.78789, -0.57938, -1.64336], [-0.81055, 1.0662, 0.71058, 1.96016, -3.07829, -0.7513, -1.79067], [-0.72424, 1.06544, 0.5883, 2.02055, -3.21685, -0.83333, -1.86096], [-0.5641, 1.2113, 0.8319, 1.86421, -2.92108, -0.96438, -1.73997], [-0.40395, 1.35716, 1.0755, 1.70786, -2.6253, -1.09542, -1.61898], [-0.2438, 1.50303, 1.31911, 1.55152, -2.32953, -1.22646, -1.49799], [-0.08366, 1.64889, 1.56271, 1.39518, -2.03376, -1.3575, -1.377]]
end: [0.039469999999999998, 1.7610399999999999, 1.75, 1.27498, -1.8063499999999999, -1.4582599999999999, -1.2839799999999999]
obtacles: [[[0.6, -0.4, -0.2], [1.0, 0.6, -0.3]], [[0.8, -0.1, -0.2], [1.0, -0.0, 0.4]], [[0.8, 0.4, -0.2], [1.0, 0.5, 0.4]], [[0.8, -0.1, 0.4], [1.0, 0.5, 0.5]]]
start: [-0.76976, 1.5649999999999999, 1.75, 1.15869, -1.63785, -1.40439, -0.38385999999999998]
tajectories: [[-0.76976, 1.565, 1.75, 1.15869, -1.63785, -1.40439, -0.38386], [-0.95459, 1.50816, 1.88455, 1.22537, -1.86895, -1.04902, -0.28203], [-1.13942, 1.45133, 2.01909, 1.29206, -2.10006, -0.69366, -0.18021], [-1.32425, 1.3945, 2.15364, 1.35874, -2.33116, -0.3383, -0.07838], [-1.50908, 1.33767, 2.28819, 1.42542, -2.56226, 0.01706, 0.02344], [-1.69391, 1.28084, 2.42274, 1.4921, -2.79337, 0.37242, 0.12527], [-1.87874, 1.22401, 2.55728, 1.55879, -3.02447, 0.72778, 0.22709], [-2.05164, 1.17085, 2.68315, 1.62117, -3.24065, 1.0602, 0.32234], [-1.71322, 1.20515, 2.46089, 1.84996, -3.35082, 1.03236, 0.18218], [-1.37481, 1.23945, 2.23863, 2.07875, -3.46098, 1.00453, 0.04202], [-1.0364, 1.27375, 2.01637, 2.30755, -3.57114, 0.97669, -0.09814], [-0.69798, 1.30806, 1.79412, 2.53634, -3.6813, 0.94886, -0.2383], [-0.39369, 1.3389, 1.59427, 2.74206, -3.78035, 0.92383, -0.36433], [-0.39165, 1.43131, 1.60984, 2.55706, -3.51476, 0.56905, -0.46717], [-0.38962, 1.52371, 1.62542, 2.37206, -3.24918, 0.21426, -0.57002], [-0.38759, 1.61612, 1.64099, 2.18705, -2.98359, -0.14052, -0.67286], [-0.38555, 1.70853, 1.65656, 2.00205, -2.718, -0.49531, -0.77571], [-0.38352, 1.80093, 1.67214, 1.81705, -2.45241, -0.8501, -0.87855], [-0.38148, 1.89334, 1.68771, 1.63204, -2.18682, -1.20488, -0.9814]]
end: [-0.37988, 1.9662500000000001, 1.7, 1.48607, -1.9772700000000001, -1.48482, -1.06254]
obtacles: [[[0.6, -0.4, -0.2], [1.0, 0.6, -0.3]], [[0.8, -0.1, -0.2], [1.0, -0.0, 0.4]], [[0.8, 0.4, -0.2], [1.0, 0.5, 0.4]], [[0.8, -0.1, 0.4], [1.0, 0.5, 0.5]]]
start: [-0.90371000000000001, 1.5321400000000001, 1.7, 1.5028300000000001, -1.5407200000000001, -1.4393400000000001, -0.60360999999999998]
tajectories: [[-0.90371, 1.53214, 1.7, 1.50283, -1.54072, -1.43934, -0.60361], [-0.97205, 1.25062, 1.8362, 1.42399, -1.72874, -1.27369, -0.88381], [-1.00374, 1.12008, 1.89936, 1.38743, -1.81593, -1.19688, -1.01374], [-0.79235, 0.90317, 1.86754, 1.38604, -1.71982, -1.12296, -1.39129], [-0.69561, 0.8039, 1.85298, 1.3854, -1.67584, -1.08914, -1.56408], [-0.51167, 1.1856, 1.85551, 1.51917, -1.89237, -1.12994, -1.62747], [-0.32772, 1.5673, 1.85803, 1.65294, -2.1089, -1.17074, -1.69085], [-0.32446, 1.57406, 1.85808, 1.65532, -2.11274, -1.17146, -1.69198], [-0.38596, 1.7089, 1.74692, 1.64232, -1.8638, -1.35427, -1.34539]]
end: [-0.41192000000000001, 1.7658100000000001, 1.7, 1.6368400000000001, -1.7587299999999999, -1.43143, -1.1991000000000001]
obtacles: [[[0.6, -0.4, -0.2], [1.0, 0.6, -0.3]], [[0.8, -0.1, -0.2], [1.0, -0.0, 0.4]], [[0.8, 0.4, -0.2], [1.0, 0.5, 0.4]], [[0.8, -0.1, 0.4], [1.0, 0.5, 0.5]]]
start: [-0.78602000000000005, 1.76641, 1.7, 1.3793299999999999, -1.7882, -1.4836, -0.57108999999999999]
tajectories: [[-0.78602, 1.76641, 1.7, 1.37933, -1.7882, -1.4836, -0.57109], [-0.86585, 1.66799, 1.57743, 1.46703, -1.91212, -1.47576, -1.01359], [-0.90364, 1.62139, 1.5194, 1.50854, -1.97079, -1.47205, -1.22308], [-0.90563, 1.66042, 1.69509, 1.76329, -2.153, -1.33983, -1.5425], [-0.90762, 1.69945, 1.87078, 2.01804, -2.33522, -1.20762, -1.86192], [-0.90778, 1.70265, 1.88521, 2.03895, -2.35017, -1.19676, -1.88814], [-0.52225, 1.78315, 1.89305, 2.04205, -2.31276, -1.26411, -1.59001], [-0.20629, 1.84912, 1.89948, 2.04458, -2.28209, -1.31931, -1.34569], [-0.28166, 1.86127, 1.77427, 1.68071, -2.03079, -1.41966, -1.19445]]
end: [-0.32636999999999999, 1.8684700000000001, 1.7, 1.46489, -1.88174, -1.4791799999999999, -1.1047499999999999]
obtacles: [[[0.6, -0.4, -0.2], [1.0, 0.6, -0.3]], [[0.8, -0.1, -0.2], [1.0, -0.0, 0.4]], [[0.8, 0.4, -0.2], [1.0, 0.5, 0.4]], [[0.8, -0.1, 0.4], [1.0, 0.5, 0.5]]]
start: [-0.90003, 1.60026, 1.7, 1.09934, -1.65608, -1.46926, -0.19306999999999999]
tajectories: [[-0.90003, 1.60026, 1.7, 1.09934, -1.65608, -1.46926, -0.19307], [-0.9933, 1.67777, 1.56974, 1.52762, -1.73713, -1.45819, -0.02512], [-1.08657, 1.75528, 1.43948, 1.95591, -1.81818, -1.44712, 0.14282], [-1.17984, 1.83278, 1.30922, 2.38419, -1.89923, -1.43605, 0.31077], [-1.27311, 1.91029, 1.17896, 2.81248, -1.98028, -1.42498, 0.47872], [-1.31973, 1.94903, 1.11386, 3.02653, -2.02079, -1.41944, 0.56265], [-1.09184, 1.93262, 1.23341, 2.66546, -2.01118, -1.4439, 0.33366], [-0.86396, 1.91621, 1.35297, 2.30438, -2.00158, -1.46836, 0.10466], [-0.63608, 1.8998, 1.47253, 1.94331, -1.99198, -1.49282, -0.12434], [-0.4082, 1.88339, 1.59208, 1.58223, -1.98237, -1.51728, -0.35334], [-0.18031, 1.86698, 1.71164, 1.22116, -1.97277, -1.54174, -0.58234], [0.04757, 1.85056, 1.8312, 0.86008, -1.96316, -1.5662, -0.81134]]
end: [0.083409999999999998, 1.84798, 1.8500000000000001, 0.80328999999999995, -1.9616499999999999, -1.5700499999999999, -0.84736]
obtacles: [[[0.6, -0.4, -0.2], [1.0, 0.6, -0.3]], [[0.8, -0.1, -0.2], [1.0, -0.0, 0.4]], [[0.8, 0.4, -0.2], [1.0, 0.5, 0.4]], [[0.8, -0.1, 0.4], [1.0, 0.5, 0.5]]]
start: [-0.72414000000000001, 1.8491299999999999, 1.8500000000000001, 1.4774700000000001, -1.88293, -1.33026, -0.67593999999999999]
tajectories: [[-0.72414, 1.84913, 1.85, 1.47747, -1.88293, -1.33026, -0.67594], [-0.67416, 1.90017, 2.10679, 1.56848, -2.28337, -1.36193, -0.77247], [-0.65153, 1.92328, 2.22305, 1.60969, -2.46466, -1.37627, -0.81617], [-0.58938, 1.88491, 1.99197, 1.87759, -2.30841, -1.12106, -0.6431], [-0.57575, 1.8765, 1.94131, 1.93632, -2.27415, -1.06511, -0.60516], [-0.48734, 1.91297, 1.88006, 1.77612, -2.02954, -1.19967, -0.97054]]
end: [-0.44395000000000001, 1.93086, 1.8500000000000001, 1.6975, -1.9095, -1.2657099999999999, -1.14985]
obtacles: [[[0.6, -0.4, -0.2], [1.0, 0.6, -0.3]], [[0.8, -0.1, -0.2], [1.0, -0.0, 0.4]], [[0.8, 0.4, -0.2], [1.0, 0.5, 0.4]], [[0.8, -0.1, 0.4], [1.0, 0.5, 0.5]]]
start: [-0.74817999999999996, 1.8065800000000001, 1.8500000000000001, 1.4471700000000001, -1.84693, -1.3313999999999999, -0.63227999999999995]
tajectories: [[-0.74818, 1.80658, 1.85, 1.44717, -1.84693, -1.3314, -0.63228], [-0.79657, 1.66657, 1.95346, 1.42462, -2.0398, -0.93601, -0.47961], [-0.84496, 1.52657, 2.05692, 1.40208, -2.23267, -0.54062, -0.32693], [-0.89335, 1.38656, 2.16039, 1.37953, -2.42554, -0.14522, -0.17426], [-0.94173, 1.24656, 2.26385, 1.35699, -2.61841, 0.25017, -0.02158], [-0.99012, 1.10655, 2.36731, 1.33444, -2.81128, 0.64556, 0.13109], [-1.03851, 0.96654, 2.47077, 1.31189, -3.00415, 1.04096, 0.28377], [-1.06963, 0.87648, 2.53733, 1.29739, -3.12822, 1.2953, 0.38198], [-0.7116, 0.8102, 2.45185, 1.53806, -3.02388, 1.12504, 0.49295], [-0.35357, 0.74392, 2.36637, 1.77872, -2.91953, 0.95477, 0.60393], [0.00447, 0.67764, 2.28089, 2.01938, -2.81519, 0.78451, 0.7149], [0.3625, 0.61136, 2.19541, 2.26005, -2.71085, 0.61424, 0.82587], [0.72053, 0.54508, 2.10994, 2.50071, -2.6065, 0.44398, 0.93685], [1.07857, 0.4788, 2.02446, 2.74138, -2.50216, 0.27371, 1.04782], [1.39789, 0.41968, 1.94822, 2.95602, -2.4091, 0.12186, 1.1468], [1.15857, 0.60833, 1.93531, 2.7645, -2.34006, -0.06826, 0.86505], [0.91926, 0.79698, 1.9224, 2.57297, -2.27102, -0.25838, 0.58331], [0.67995, 0.98563, 1.90949, 2.38144, -2.20198, -0.4485, 0.30157], [0.44063, 1.17428, 1.89658, 2.18992, -2.13293, -0.63862, 0.01983], [0.20132, 1.36293, 1.88367, 1.99839, -2.06389, -0.82875, -0.26192], [-0.038, 1.55158, 1.87076, 1.80686, -1.99485, -1.01887, -0.54366], [-0.27731, 1.74023, 1.85785, 1.61534, -1.92581, -1.20899, -0.8254]]
end: [-0.42286000000000001, 1.85497, 1.8500000000000001, 1.49885, -1.8838200000000001, -1.3246199999999999, -0.99675999999999998]
obtacles: [[[0.6, -0.4, -0.2], [1.0, 0.6, -0.3]], [[0.8, -0.1, -0.2], [1.0, -0.0, 0.4]], [[0.8, 0.4, -0.2], [1.0, 0.5, 0.4]], [[0.8, -0.1, 0.4], [1.0, 0.5, 0.5]]]
start: [-0.86043999999999998, 1.8384199999999999, 1.8500000000000001, 1.53315, -1.85843, -1.31229, -0.59724999999999995]
tajectories: [[-0.86044, 1.83842, 1.85, 1.53315, -1.85843, -1.31229, -0.59725], [-0.77989, 1.66554, 2.15243, 1.75916, -1.79751, -1.22696, -0.84238], [-0.7229, 1.54323, 2.36639, 1.91906, -1.75442, -1.16659, -1.0158], [-0.61064, 1.68012, 2.0711, 1.94562, -2.00155, -1.40359, -1.13206], [-0.5897, 1.70565, 2.01602, 1.95057, -2.04764, -1.44779, -1.15374], [-0.33257, 1.93204, 1.82429, 1.69256, -1.96182, -1.33899, -1.25422]]
end: [-0.29998999999999998, 1.96072, 1.8, 1.65987, -1.9509399999999999, -1.32521, -1.26695]
obtacles: [[[0.6, -0.4, -0.2], [1.0, 0.6, -0.3]], [[0.8, -0.1, -0.2], [1.0, -0.0, 0.4]], [[0.8, 0.4, -0.2], [1.0, 0.5, 0.4]], [[0.8, -0.1, 0.4], [1.0, 0.5, 0.5]]]
start: [-0.85263, 1.9520900000000001, 1.8, 1.4129100000000001, -1.9880100000000001, -1.42048, -0.48398000000000002]
tajectories: [[-0.85263, 1.95209, 1.8, 1.41291, -1.98801, -1.42048, -0.48398], [-0.92771, 1.56402, 1.87529, 1.44767, -2.24844, -1.41616, -0.34597], [-1.00279, 1.17595, 1.95058, 1.48243, -2.50887, -1.41185, -0.20796], [-1.07787, 0.78788, 2.02586, 1.51719, -2.7693, -1.40753, -0.06995], [-1.14483, 0.44175, 2.09302, 1.54819, -3.00159, -1.40368, 0.05315], [-0.99396, 0.55366, 1.97708, 1.85924, -3.01354, -1.41898, 0.37586], [-0.8431, 0.66557, 1.86115, 2.17029, -3.0255, -1.43427, 0.69858], [-0.69223, 0.77749, 1.74522, 2.48133, -3.03746, -1.44956, 1.0213], [-0.62184, 0.82969, 1.69114, 2.62644, -3.04304, -1.4567, 1.17185], [-0.53547, 1.01301, 1.73419, 2.3246, -2.88428, -1.47438, 0.8711], [-0.44911, 1.19633, 1.77723, 2.02275, -2.72553, -1.49207, 0.57034], [-0.36274, 1.37965, 1.82028, 1.7209, -2.56677, -1.50976, 0.26958], [-0.27637, 1.56297, 1.86333, 1.41906, -2.40802, -1.52744, -0.03117], [-0.19, 1.74629, 1.90637, 1.11721, -2.24927, -1.54513, -0.33193], [-0.10363, 1.92961, 1.94942, 0.81537, -2.09051, -1.56282, -0.63269]]
end: [-0.10247000000000001, 1.93208, 1.95, 0.81130999999999998, -2.0883799999999999, -1.5630599999999999, -0.63673000000000002]
obtacles: [[[0.6, -0.4, -0.2], [1.0, 0.6, -0.3]], [[0.8, -0.1, -0.2], [1.0, -0.0, 0.4]], [[0.8, 0.4, -0.2], [1.0, 0.5, 0.4]], [[0.8, -0.1, 0.4], [1.0, 0.5, 0.5]]]
start: [2.3149600000000001, -1.90879, -1.25, 1.5275000000000001, 1.2038, 1.28403, 2.5495000000000001]
tajectories: [[2.31496, -1.90879, -1.25, 1.5275, 1.2038, 1.28403, 2.5495], [2.21012, -1.64537, -1.27519, 1.52355, 1.01717, 1.30388, 2.18379], [2.10527, -1.38196, -1.30039, 1.5196, 0.83053, 1.32372, 1.81808], [2.00043, -1.11854, -1.32558, 1.51565, 0.6439, 1.34357, 1.45237], [1.89559, -0.85513, -1.35078, 1.51171, 0.45727, 1.36341, 1.08666], [1.79075, -0.59171, -1.37597, 1.50776, 0.27064, 1.38326, 0.72095], [1.68591, -0.3283, -1.40116, 1.50381, 0.084, 1.40311, 0.35523], [1.58107, -0.06489, -1.42636, 1.49986, -0.10263, 1.42295, -0.01048], [1.47623, 0.19853, -1.45155, 1.49591, -0.28926, 1.4428, -0.37619], [1.37139, 0.46194, -1.47674, 1.49197, -0.4759, 1.46264, -0.7419], [1.26655, 0.72536, -1.50194, 1.48802, -0.66253, 1.48249, -1.10761], [1.1617, 0.98877, -1.52713, 1.48407, -0.84916, 1.50233, -1.47332], [1.05686, 1.25219, -1.55233, 1.48012, -1.0358, 1.52218, -1.83904], [0.95202, 1.5156, -1.57752, 1.47618, -1.22243, 1.54203, -2.20475]]
end: [0.85848000000000002, 1.75064, -1.6000000000000001, 1.47265, -1.38896, 1.5597300000000001, -2.5310600000000001]
obtacles: [[[0.6, -0.4, -0.2], [1.0, 0.6, -0.3]], [[0.8, -0.1, -0.2], [1.0, -0.0, 0.4]], [[0.8, 0.4, -0.2], [1.0, 0.5, 0.4]], [[0.8, -0.1, 0.4], [1.0, 0.5, 0.5]]]
start: [-0.30804999999999999, 1.89791, -0.65000000000000002, -0.40590999999999999, 0.61028000000000004, -1.5683199999999999, 0.06676]
tajectories: [[-0.30805, 1.89791, -0.65, -0.40591, 0.61028, -1.56832, 0.06676], [-0.51338, 1.86912, -0.84048, -0.38064, 0.55241, -1.49995, -0.33582], [-0.7187, 1.84034, -1.03096, -0.35537, 0.49454, -1.43158, -0.7384], [-0.92403, 1.81156, -1.22145, -0.33011, 0.43667, -1.36321, -1.14097], [-1.12935, 1.78278, -1.41193, -0.30484, 0.37879, -1.29483, -1.54355], [-1.16585, 1.77766, -1.44578, -0.30035, 0.36851, -1.28268, -1.6151], [-1.32121, 1.68677, -1.60653, -0.0249, 0.48754, -1.1649, -1.91149], [-1.47657, 1.59588, -1.76727, 0.25055, 0.60657, -1.04711, -2.20789], [-1.63194, 1.50499, -1.92801, 0.52599, 0.72559, -0.92933, -2.50429], [-1.77665, 1.42032, -2.07774, 0.78256, 0.83647, -0.81962, -2.78037], [-1.35187, 1.40221, -2.11607, 1.01783, 0.72745, -0.80399, -2.79716], [-0.92709, 1.38409, -2.1544, 1.2531, 0.61843, -0.78837, -2.81396], [-0.50231, 1.36597, -2.19273, 1.48837, 0.50941, -0.77274, -2.83075], [-0.07753, 1.34785, -2.23106, 1.72364, 0.4004, -0.75712, -2.84755], [0.34725, 1.32974, -2.26939, 1.95892, 0.29138, -0.74149, -2.86434], [0.77203, 1.31162, -2.30772, 2.19419, 0.18236, -0.72587, -2.88114], [0.90002, 1.30616, -2.31927, 2.26507, 0.14952, -0.72116, -2.8862], [0.89478, 1.38388, -2.19949, 2.1313, -0.10298, -0.34059, -2.83054], [0.88953, 1.46161, -2.07971, 1.99753, -0.35548, 0.03999, -2.77488], [0.88428, 1.53933, -1.95993, 1.86376, -0.60797, 0.42056, -2.71923], [0.87904, 1.61706, -1.84016, 1.72999, -0.86047, 0.80114, -2.66357], [0.87379, 1.69479, -1.72038, 1.59622, -1.11296, 1.18172, -2.60791], [0.86855, 1.77251, -1.6006, 1.46245, -1.36546, 1.56229, -2.55225]]
end: [0.86851999999999996, 1.7728999999999999, -1.6000000000000001, 1.4617800000000001, -1.36673, 1.5642, -2.5519699999999998]
obtacles: [[[0.6, -0.4, -0.2], [1.0, 0.6, -0.3]], [[0.8, -0.1, -0.2], [1.0, -0.0, 0.4]], [[0.8, 0.4, -0.2], [1.0, 0.5, 0.4]], [[0.8, -0.1, 0.4], [1.0, 0.5, 0.5]]]
start: [-0.49160999999999999, 1.4615100000000001, -1.6000000000000001, -0.62678999999999996, -4.6245700000000003, -1.49943, -0.13672000000000001]
tajectories: [[-0.49161, 1.46151, -1.6, -0.62679, -4.62457, -1.49943, -0.13672], [-0.49118, 1.36969, -1.58013, -0.33412, -4.33554, -1.36003, -0.36595], [-0.49074, 1.27787, -1.56027, -0.04144, -4.04652, -1.22063, -0.59518], [-0.49031, 1.18605, -1.5404, 0.25124, -3.75749, -1.08123, -0.82441], [-0.48988, 1.09422, -1.52053, 0.54391, -3.46846, -0.94183, -1.05364], [-0.48944, 1.0024, -1.50067, 0.83659, -3.17944, -0.80243, -1.28287], [-0.48905, 0.91919, -1.48266, 1.10184, -2.91749, -0.6761, -1.49061], [-0.13566, 0.99618, -1.65985, 1.22216, -3.1577, -0.79515, -1.4526], [0.21772, 1.07317, -1.83704, 1.34248, -3.39791, -0.91421, -1.41459], [0.57111, 1.15016, -2.01423, 1.4628, -3.63812, -1.03326, -1.37657], [0.92449, 1.22715, -2.19141, 1.58311, -3.87833, -1.15231, -1.33856], [1.25992, 1.30022, -2.35959, 1.69732, -4.10633, -1.26531, -1.30248], [1.62407, 1.25329, -2.17356, 1.86802, -4.21713, -1.21208, -1.11187], [1.98822, 1.20636, -1.98753, 2.03873, -4.32793, -1.15884, -0.92125], [2.24035, 1.17387, -1.85873, 2.15692, -4.40465, -1.12198, -0.78928], [1.90155, 1.31206, -1.84755, 1.93933, -4.38737, -1.20519, -0.54144], [1.56274, 1.45024, -1.83637, 1.72174, -4.3701, -1.2884, -0.2936], [1.22394, 1.58842, -1.82519, 1.50415, -4.35283, -1.37161, -0.04577], [0.88513, 1.72661, -1.81402, 1.28656, -4.33556, -1.45482, 0.20207], [0.54633, 1.86479, -1.80284, 1.06896, -4.31829, -1.53804, 0.44991]]
end: [0.46028000000000002, 1.8998900000000001, -1.8, 1.0137, -4.3139099999999999, -1.5591699999999999, 0.51285000000000003]
obtacles: [[[0.6, -0.4, -0.2], [1.0, 0.6, -0.3]], [[0.8, -0.1, -0.2], [1.0, -0.0, 0.4]], [[0.8, 0.4, -0.2], [1.0, 0.5, 0.4]], [[0.8, -0.1, 0.4], [1.0, 0.5, 0.5]]]
start: [0.10458000000000001, 1.6698999999999999, -1.8, 1.56321, -4.6088899999999997, -1.34351, 1.4353899999999999]
tajectories: [[0.10458, 1.6699, -1.8, 1.56321, -4.60889, -1.34351, 1.43539], [0.14711, 1.61466, -1.81587, 1.83402, -4.54959, -0.9496, 1.54882], [0.18964, 1.55941, -1.83175, 2.10483, -4.49028, -0.55569, 1.66225], [0.23218, 1.50417, -1.84762, 2.37564, -4.43098, -0.16178, 1.77568], [0.27471, 1.44893, -1.86349, 2.64645, -4.37167, 0.23213, 1.88911], [0.31459, 1.39713, -1.87838, 2.90036, -4.31607, 0.60146, 1.99546], [0.50777, 1.23525, -1.74449, 2.91771, -4.29247, 0.67793, 1.59317], [0.70096, 1.07336, -1.6106, 2.93506, -4.26888, 0.7544, 1.19088], [0.89415, 0.91147, -1.47672, 2.95241, -4.24528, 0.83088, 0.78858], [1.08734, 0.74958, -1.34283, 2.96976, -4.22169, 0.90735, 0.38629], [1.28052, 0.58769, -1.20894, 2.98711, -4.19809, 0.98382, -0.016], [1.47371, 0.4258, -1.07506, 3.00446, -4.17449, 1.0603, -0.41829], [1.66264, 0.26747, -0.94412, 3.02143, -4.15142, 1.13509, -0.81173], [1.53331, 0.45995, -1.0473, 2.77555, -4.17449, 0.81132, -0.67115], [1.40398, 0.65243, -1.15049, 2.52967, -4.19756, 0.48755, -0.53058], [1.27464, 0.84491, -1.25367, 2.28379, -4.22063, 0.16378, -0.39], [1.14531, 1.03739, -1.35686, 2.03791, -4.24371, -0.15999, -0.24943], [1.01598, 1.22988, -1.46004, 1.79203, -4.26678, -0.48376, -0.10885], [0.88664, 1.42236, -1.56323, 1.54615, -4.28985, -0.80753, 0.03172], [0.75731, 1.61484, -1.66642, 1.30027, -4.31292, -1.1313, 0.1723], [0.62798, 1.80732, -1.7696, 1.05439, -4.33599, -1.45507, 0.31287]]
end: [0.58987000000000001, 1.86402, -1.8, 0.98194999999999999, -4.3427899999999999, -1.5504599999999999, 0.35428999999999999]
