obtacles: [[[0.6, -0.4, -0.2], [1.0, 0.6, -0.3]], [[0.7, -0.0, -0.2], [1.0, 0.1, 0.5]], [[0.7, 0.6, -0.2], [1.0, 0.7, 0.5]], [[0.7, 0.0, 0.5], [1.0, 0.7, 0.6]]]
start: [2.6034799999999998, -1.8689899999999999, -0.90000000000000002, 0.90549999999999997, 0.89693999999999996, 1.28064, 2.9811000000000001]
tajectories: [[2.60348, -1.86899, -0.9, 0.9055, 0.89694, 1.28064, 2.9811], [2.49117, -1.61184, -0.9483, 0.95462, 0.74638, 1.29782, 2.60222], [2.37887, -1.35469, -0.9966, 1.00374, 0.59583, 1.315, 2.22333], [2.26656, -1.09754, -1.0449, 1.05287, 0.44527, 1.33217, 1.84445], [2.15426, -0.84039, -1.09319, 1.10199, 0.29471, 1.34935, 1.46556], [2.04196, -0.58324, -1.14149, 1.15112, 0.14415, 1.36653, 1.08668], [1.92965, -0.32609, -1.18979, 1.20024, -0.0064, 1.38371, 0.7078], [1.81735, -0.06894, -1.23809, 1.24936, -0.15696, 1.40089, 0.32891], [1.70504, 0.18821, -1.28639, 1.29849, -0.30752, 1.41806, -0.04997], [1.59274, 0.44536, -1.33469, 1.34761, -0.45808, 1.43524, -0.42886], [1.48043, 0.70251, -1.38299, 1.39674, -0.60864, 1.45242, -0.80774], [1.36813, 0.95966, -1.43129, 1.44586, -0.75919, 1.4696, -1.18663], [1.25583, 1.21681, -1.47958, 1.49499, -0.90975, 1.48677, -1.56551], [1.14352, 1.47396, -1.52788, 1.54411, -1.06031, 1.50395, -1.94439], [1.03122, 1.73111, -1.57618, 1.59323, -1.21087, 1.52113, -2.32328]]
end: [0.97584000000000004, 1.85791, -1.6000000000000001, 1.6174599999999999, -1.28511, 1.5296000000000001, -2.5101200000000001]
obtacles: [[[0.6, -0.4, -0.2], [1.0, 0.6, -0.3]], [[0.7, -0.0, -0.2], [1.0, 0.1, 0.5]], [[0.7, 0.6, -0.2], [1.0, 0.7, 0.5]], [[0.7, 0.0, 0.5], [1.0, 0.7, 0.6]]]
start: [2.4820099999999998, -1.4449099999999999, -1.55, 1.5035700000000001, -1.4465399999999999, -1.5417700000000001, -0.84709999999999996]
tajectories: [[2.48201, -1.44491, -1.55, 1.50357, -1.44654, -1.54177, -0.8471], [2.39437, -1.1365, -1.65738, 1.20643, -1.51892, -1.39596, -0.99161], [2.30673, -0.8281, -1.76476, 0.90928, -1.5913, -1.25015, -1.13611], [2.21908, -0.5197, -1.87213, 0.61213, -1.66369, -1.10434, -1.28062], [2.13144, -0.2113, -1.97951, 0.31499, -1.73607, -0.95853, -1.42512], [2.0438, 0.0971, -2.08689, 0.01784, -1.80845, -0.81272, -1.56963], [1.95616, 0.4055, -2.19427, -0.27931, -1.88084, -0.66691, -1.71414], [1.95191, 0.42047, -2.19948, -0.29373, -1.88435, -0.65983, -1.72115], [1.88708, 0.64292, -2.28412, 0.00138, -1.70047, -0.40214, -1.67815], [1.82225, 0.86536, -2.36877, 0.29648, -1.51659, -0.14445, -1.63516], [1.75743, 1.0878, -2.45341, 0.59159, -1.33271, 0.11323, -1.59216], [1.6926, 1.31025, -2.53806, 0.8867, -1.14883, 0.37092, -1.54916], [1.67533, 1.36951, -2.56061, 0.96532, -1.09984, 0.43957, -1.53771], [1.46734, 1.44213, -2.32454, 1.15968, -1.19412, 0.70629, -1.70483], [1.25935, 1.51476, -2.08846, 1.35405, -1.2884, 0.973, -1.87196], [1.05137, 1.58738, -1.85239, 1.54842, -1.38269, 1.23972, -2.03909], [0.84338, 1.66, -1.61631, 1.74279, -1.47697, 1.50643, -2.20622]]
end: [0.82901000000000002, 1.6650199999999999, -1.6000000000000001, 1.7562199999999999, -1.4834799999999999, 1.5248600000000001, -2.2177600000000002]
obtacles: [[[0.6, -0.4, -0.2], [1.0, 0.6, -0.3]], [[0.7, -0.0, -0.2], [1.0, 0.1, 0.5]], [[0.7, 0.6, -0.2], [1.0, 0.7, 0.5]], [[0.7, 0.0, 0.5], [1.0, 0.7, 0.6]]]
start: [2.3184300000000002, -1.7963, -1.45, 1.5288299999999999, -1.80254, -1.46262, -0.67935999999999996]
tajectories: [[2.31843, -1.7963, -1.45, 1.52883, -1.80254, -1.46262, -0.67936], [2.18968, -1.48606, -1.51208, 1.60192, -1.53919, -1.44888, -0.92111], [2.06094, -1.17583, -1.57416, 1.67501, -1.27584, -1.43514, -1.16286], [1.93219, -0.86559, -1.63624, 1.7481, -1.01249, -1.4214, -1.4046], [1.80345, -0.55535, -1.69833, 1.82119, -0.74915, -1.40766, -1.64635], [1.6747, -0.24512, -1.76041, 1.89428, -0.4858, -1.39392, -1.88809], [1.59699, -0.05786, -1.79788, 1.93839, -0.32684, -1.38563, -2.03401], [1.54556, 0.27381, -1.97877, 2.05613, -0.58006, -1.2367, -2.10087], [1.49414, 0.60548, -2.15966, 2.17387, -0.83327, -1.08778, -2.16774], [1.44272, 0.93715, -2.34055, 2.29161, -1.08649, -0.93885, -2.2346], [1.39129, 1.26882, -2.52144, 2.40934, -1.33971, -0.78992, -2.30146], [1.34645, 1.55799, -2.67916, 2.512, -1.56048, -0.66008, -2.35976], [1.21794, 1.58119, -2.53351, 2.22871, -1.52703, -0.31222, -2.45649], [1.08943, 1.60439, -2.38785, 1.94543, -1.49357, 0.03564, -2.55323], [0.96092, 1.62758, -2.2422, 1.66215, -1.46012, 0.3835, -2.64996], [0.83241, 1.65078, -2.09655, 1.37887, -1.42666, 0.73136, -2.7467], [0.70389, 1.67398, -1.95089, 1.09559, -1.39321, 1.07922, -2.84343], [0.57538, 1.69717, -1.80524, 0.81231, -1.35976, 1.42708, -2.94017]]
end: [0.52664, 1.70597, -1.75, 0.70487, -1.34707, 1.55901, -2.9768500000000002]
obtacles: [[[0.6, -0.4, -0.2], [1.0, 0.6, -0.3]], [[0.7, -0.0, -0.2], [1.0, 0.1, 0.5]], [[0.7, 0.6, -0.2], [1.0, 0.7, 0.5]], [[0.7, 0.0, 0.5], [1.0, 0.7, 0.6]]]
start: [2.3386100000000001, -1.7830299999999999, -1.5, 1.2735000000000001, -1.7943199999999999, -1.5663899999999999, -0.46248]
tajectories: [[2.33861, -1.78303, -1.5, 1.2735, -1.79432, -1.56639, -0.46248], [2.10203, -1.49807, -1.49955, 1.28249, -1.92632, -1.30614, -0.62859], [1.86544, -1.21312, -1.49909, 1.29148, -2.05832, -1.0459, -0.79471], [1.62886, -0.92816, -1.49864, 1.30047, -2.19032, -0.78565, -0.96083], [1.39227, -0.6432, -1.49819, 1.30946, -2.32232, -0.52541, -1.12694], [1.28319, -0.51182, -1.49798, 1.31361, -2.38318, -0.40542, -1.20353], [1.29715, -0.28161, -1.84996, 1.46957, -2.33993, -0.22637, -1.32465], [1.31112, -0.0514, -2.20194, 1.62553, -2.29669, -0.04733, -1.44577], [1.32508, 0.1788, -2.55391, 1.7815, -2.25345, 0.13171, -1.56689], [1.32706, 0.21149, -2.60389, 1.80364, -2.24731, 0.15713, -1.58409], [1.48303, 0.3532, -2.61797, 2.12819, -2.3455, 0.32223, -1.83543], [1.63899, 0.49491, -2.63205, 2.45273, -2.44369, 0.48732, -2.08676], [1.79496, 0.63662, -2.64613, 2.77727, -2.54188, 0.65242, -2.3381], [1.80042, 0.64158, -2.64662, 2.78863, -2.54532, 0.6582, -2.34689], [1.63998, 0.85812, -2.44972, 2.5489, -2.32001, 0.82686, -2.39072], [1.47954, 1.07466, -2.25283, 2.30918, -2.0947, 0.99553, -2.43455], [1.3191, 1.2912, -2.05593, 2.06946, -1.86939, 1.1642, -2.47838], [1.15866, 1.50774, -1.85904, 1.82974, -1.64408, 1.33287, -2.52221], [0.99822, 1.72428, -1.66214, 1.59001, -1.41877, 1.50154, -2.56604]]
end: [0.94757999999999998, 1.7926200000000001, -1.6000000000000001, 1.5143500000000001, -1.3476600000000001, 1.55477, -2.5798700000000001]
obtacles: [[[0.6, -0.4, -0.2], [1.0, 0.6, -0.3]], [[0.7, -0.0, -0.2], [1.0, 0.1, 0.5]], [[0.7, 0.6, -0.2], [1.0, 0.7, 0.5]], [[0.7, 0.0, 0.5], [1.0, 0.7, 0.6]]]
start: [2.3590800000000001, -1.7645900000000001, -1.45, 1.51013, -1.7726999999999999, -1.46424, -0.70504999999999995]
tajectories: [[2.35908, -1.76459, -1.45, 1.51013, -1.7727, -1.46424, -0.70505], [2.34071, -1.50735, -1.27081, 1.52066, -1.53259, -1.32164, -0.97576], [2.32235, -1.25012, -1.09162, 1.53119, -1.29247, -1.17903, -1.24646], [2.30398, -0.99288, -0.91242, 1.54173, -1.05236, -1.03642, -1.51716], [2.28562, -0.73565, -0.73323, 1.55226, -0.81225, -0.89381, -1.78787], [2.26725, -0.47841, -0.55404, 1.5628, -0.57214, -0.75121, -2.05857], [2.24889, -0.22118, -0.37485, 1.57333, -0.33202, -0.6086, -2.32928], [2.23052, 0.03606, -0.19566, 1.58387, -0.09191, -0.46599, -2.59998], [2.22544, 0.10716, -0.14613, 1.58678, -0.02554, -0.42658, -2.67481], [2.21353, 0.06878, -0.47267, 1.74494, 0.1388, -0.1275, -2.69166], [2.20162, 0.0304, -0.79922, 1.90311, 0.30314, 0.17157, -2.70852], [2.18971, -0.00798, -1.12577, 2.06127, 0.46748, 0.47064, -2.72537], [2.1778, -0.04636, -1.45232, 2.21943, 0.63182, 0.76971, -2.74223], [2.16624, -0.0836, -1.7692, 2.37292, 0.7913, 1.05993, -2.75859], [1.9809, 0.21319, -1.75109, 2.21775, 0.47927, 1.13606, -2.75725], [1.79556, 0.50998, -1.73298, 2.06258, 0.16724, 1.21219, -2.75592], [1.61022, 0.80677, -1.71486, 1.90741, -0.14478, 1.28832, -2.75459], [1.42488, 1.10356, -1.69675, 1.75224, -0.45681, 1.36445, -2.75326], [1.23954, 1.40035, -1.67864, 1.59708, -0.76884, 1.44059, -2.75192], [1.0542, 1.69714, -1.66052, 1.44191, -1.08087, 1.51672, -2.75059]]
end: [0.94652000000000003, 1.86957, -1.6499999999999999, 1.35175, -1.2621500000000001, 1.5609500000000001, -2.7498200000000002]
obtacles: [[[0.6, -0.4, -0.2], [1.0, 0.6, -0.3]], [[0.7, -0.0, -0.2], [1.0, 0.1, 0.5]], [[0.7, 0.6, -0.2], [1.0, 0.7, 0.5]], [[0.7, 0.0, 0.5], [1.0, 0.7, 0.6]]]
start: [-0.16131999999999999, 1.5843700000000001, -1.5, -0.25345000000000001, -4.7843299999999997, -1.5662, -0.091480000000000006]
tajectories: [[-0.16132, 1.58437, -1.5, -0.25345, -4.78433, -1.5662, -0.09148], [-0.26827, 1.23861, -1.32743, -0.332, -4.54883, -1.56325, 0.07463], [-0.37522, 0.89285, -1.15485, -0.41055, -4.31333, -1.56031, 0.24074], [-0.48217, 0.54709, -0.98228, -0.48909, -4.07784, -1.55736, 0.40685], [-0.58912, 0.20133, -0.8097, -0.56764, -3.84234, -1.55441, 0.57297], [-0.69607, -0.14443, -0.63713, -0.64619, -3.60685, -1.55146, 0.73908], [-0.80301, -0.49019, -0.46455, -0.72474, -3.37135, -1.54852, 0.90519], [-0.90996, -0.83595, -0.29198, -0.80328, -3.13585, -1.54557, 1.0713], [-0.97949, -1.06073, -0.17978, -0.85435, -2.98276, -1.54365, 1.17929], [-0.66365, -0.93474, -0.22771, -0.59342, -3.22587, -1.50588, 1.12052], [-0.34781, -0.80875, -0.27564, -0.33248, -3.46899, -1.4681, 1.06175], [-0.03197, -0.68276, -0.32357, -0.07155, -3.71211, -1.43033, 1.00298], [0.28387, -0.55676, -0.3715, 0.18939, -3.95523, -1.39255, 0.94421], [0.59971, -0.43077, -0.41942, 0.45032, -4.19834, -1.35477, 0.88544], [0.91555, -0.30478, -0.46735, 0.71126, -4.44146, -1.317, 0.82667], [1.23139, -0.17878, -0.51528, 0.97219, -4.68458, -1.27922, 0.7679], [1.30497, -0.14943, -0.52645, 1.03298, -4.74122, -1.27042, 0.75421], [1.45527, 0.03061, -0.46861, 1.44187, -4.74313, -1.21429, 0.60826], [1.60558, 0.21065, -0.41077, 1.85076, -4.74503, -1.15816, 0.4623], [1.75588, 0.3907, -0.35293, 2.25966, -4.74694, -1.10203, 0.31635], [1.90618, 0.57074, -0.29509, 2.66855, -4.74885, -1.0459, 0.1704], [2.02171, 0.70913, -0.25063, 2.98284, -4.75031, -1.00276, 0.05821], [1.819, 0.89783, -0.49791, 2.669, -4.67474, -1.08951, 0.07856], [1.61628, 1.08653, -0.7452, 2.35515, -4.59918, -1.17626, 0.09891], [1.41357, 1.27522, -0.99249, 2.0413, -4.52361, -1.26301, 0.11926], [1.21085, 1.46392, -1.23977, 1.72746, -4.44805, -1.34977, 0.13961], [1.00814, 1.65262, -1.48706, 1.41361, -4.37248, -1.43652, 0.15995], [0.80543, 1.84132, -1.73435, 1.09977, -4.29691, -1.52327, 0.1803]]
end: [0.71062000000000003, 1.92957, -1.8500000000000001, 0.95298000000000005, -4.2615699999999999, -1.5638399999999999, 0.18981999999999999]
obtacles: [[[0.6, -0.4, -0.2], [1.0, 0.6, -0.3]], [[0.7, -0.0, -0.2], [1.0, 0.1, 0.5]], [[0.7, 0.6, -0.2], [1.0, 0.7, 0.5]], [[0.7, 0.0, 0.5], [1.0, 0.7, 0.6]]]
start: [0.50961000000000001, 1.5884799999999999, -1.8500000000000001, 1.94238, -4.7991299999999999, -1.3045, 1.44191]
tajectories: [[0.50961, 1.58848, -1.85, 1.94238, -4.79913, -1.3045, 1.44191], [0.51619, 1.22632, -2.09834, 1.91078, -4.61043, -1.18519, 1.52121], [0.52277, 0.86417, -2.34668, 1.87917, -4.42173, -1.06588, 1.60051], [0.52935, 0.50202, -2.59502, 1.84757, -4.23302, -0.94658, 1.67981], [0.53033, 0.4481, -2.632, 1.84286, -4.20493, -0.92881, 1.69161], [0.81184, 0.54945, -2.47287, 1.8411, -3.85419, -1.03899, 1.69355], [1.09336, 0.65079, -2.31375, 1.83935, -3.50346, -1.14916, 1.6955], [1.37487, 0.75213, -2.15463, 1.83759, -3.15273, -1.25933, 1.69744], [1.40737, 0.76383, -2.13626, 1.83739, -3.11224, -1.27205, 1.69766], [1.71724, 0.81488, -2.03971, 1.57864, -3.16076, -1.31952, 1.43215], [2.0271, 0.86593, -1.94316, 1.31988, -3.20928, -1.36699, 1.16665], [2.19623, 0.8938, -1.89046, 1.17865, -3.23576, -1.3929, 1.02173], [1.9042, 1.15069, -1.83185, 1.26721, -3.50314, -1.42092, 0.89857], [1.61216, 1.40758, -1.77323, 1.35576, -3.77052, -1.44894, 0.77541], [1.32013, 1.66448, -1.71461, 1.44431, -4.0379, -1.47696, 0.65224], [1.02809, 1.92137, -1.656, 1.53286, -4.30528, -1.50498, 0.52908]]
end: [0.99822, 1.9476500000000001, -1.6499999999999999, 1.54192, -4.33263, -1.5078400000000001, 0.51648000000000005]
obtacles: [[[0.6, -0.4, -0.2], [1.0, 0.6, -0.3]], [[0.7, -0.0, -0.2], [1.0, 0.1, 0.5]], [[0.7, 0.6, -0.2], [1.0, 0.7, 0.5]], [[0.7, 0.0, 0.5], [1.0, 0.7, 0.6]]]
start: [2.5248699999999999, -1.73967, -1.5, 1.2232000000000001, -1.7536, -1.5624899999999999, -0.59972000000000003]
tajectories: [[2.52487, -1.73967, -1.5, 1.2232, -1.7536, -1.56249, -0.59972], [2.36791, -1.39861, -1.51335, 1.26411, -1.91514, -1.37067, -0.38925], [2.21096, -1.05754, -1.52669, 1.30502, -2.07667, -1.17885, -0.17879], [2.054, -0.71647, -1.54004, 1.34593, -2.23821, -0.98703, 0.03168], [1.89705, -0.3754, -1.55338, 1.38684, -2.39975, -0.79521, 0.24214], [1.74009, -0.03433, -1.56673, 1.42775, -2.56129, -0.60339, 0.45261], [1.58314, 0.30674, -1.58007, 1.46866, -2.72283, -0.41157, 0.66307], [1.42618, 0.64781, -1.59342, 1.50957, -2.88437, -0.21975, 0.87354], [1.34289, 0.82881, -1.6005, 1.53128, -2.9701, -0.11795, 0.98522], [1.5375, 0.93456, -1.80185, 1.68655, -2.86098, -0.23729, 0.65335], [1.73211, 1.04032, -2.0032, 1.84182, -2.75187, -0.35663, 0.32147], [1.92672, 1.14607, -2.20456, 1.99709, -2.64275, -0.47597, -0.01041], [2.12133, 1.25183, -2.40591, 2.15236, -2.53364, -0.59531, -0.34229], [2.20793, 1.29889, -2.49551, 2.22146, -2.48509, -0.64841, -0.48997], [1.97491, 1.39865, -2.39477, 1.98339, -2.78514, -0.80296, -0.41919], [1.74189, 1.49841, -2.29404, 1.74533, -3.0852, -0.95751, -0.34841], [1.50887, 1.59816, -2.19331, 1.50726, -3.38525, -1.11206, -0.27763], [1.27585, 1.69792, -2.09257, 1.2692, -3.68531, -1.2666, -0.20685], [1.04283, 1.79768, -1.99184, 1.03114, -3.98536, -1.42115, -0.13607]]
end: [0.83038000000000001, 1.8886400000000001, -1.8999999999999999, 0.81408999999999998, -4.2589300000000003, -1.56206, -0.071540000000000006]
obtacles: [[[0.6, -0.4, -0.2], [1.0, 0.6, -0.3]], [[0.7, -0.0, -0.2], [1.0, 0.1, 0.5]], [[0.7, 0.6, -0.2], [1.0, 0.7, 0.5]], [[0.7, 0.0, 0.5], [1.0, 0.7, 0.6]]]
start: [2.3421400000000001, -1.4641, -1.5, 1.3634299999999999, -1.4805699999999999, -1.4799199999999999, -0.57186999999999999]
tajectories: [[2.34214, -1.4641, -1.5, 1.36343, -1.48057, -1.47992, -0.57187], [2.23718, -1.2214, -1.54291, 1.41922, -1.50528, -1.06307, -0.54439], [2.13221, -0.9787, -1.58581, 1.475, -1.52998, -0.64622, -0.51691], [2.02725, -0.736, -1.62872, 1.53079, -1.55469, -0.22938, -0.48943], [1.92228, -0.4933, -1.67162, 1.58658, -1.57939, 0.18747, -0.46195], [1.84095, -0.30524, -1.70487, 1.62981, -1.59854, 0.51048, -0.44066], [2.08115, -0.05468, -1.942, 1.64763, -1.4183, 0.55646, -0.63654], [2.32136, 0.19588, -2.17914, 1.66545, -1.23806, 0.60245, -0.83243], [2.56157, 0.44644, -2.41627, 1.68327, -1.05783, 0.64844, -1.02831], [2.5774, 0.46295, -2.43189, 1.68444, -1.04595, 0.65147, -1.04122], [2.26197, 0.68652, -2.30137, 1.63289, -1.09309, 0.79975, -1.27918], [1.94654, 0.91008, -2.17086, 1.58134, -1.14022, 0.94802, -1.51713], [1.6311, 1.13365, -2.04034, 1.5298, -1.18736, 1.09629, -1.75508], [1.31567, 1.35721, -1.90982, 1.47825, -1.2345, 1.24457, -1.99304], [1.00024, 1.58078, -1.7793, 1.4267, -1.28164, 1.39284, -2.23099]]
end: [0.68776000000000004, 1.8022499999999999, -1.6499999999999999, 1.3756299999999999, -1.3283400000000001, 1.53973, -2.46672]
obtacles: [[[0.6, -0.4, -0.2], [1.0, 0.6, -0.3]], [[0.7, -0.0, -0.2], [1.0, 0.1, 0.5]], [[0.7, 0.6, -0.2], [1.0, 0.7, 0.5]], [[0.7, 0.0, 0.5], [1.0, 0.7, 0.6]]]
start: [2.1949800000000002, -1.4878899999999999, -1.55, 1.6968399999999999, -1.48593, -1.5606500000000001, -0.75151999999999997]
tajectories: [[2.19498, -1.48789, -1.55, 1.69684, -1.48593, -1.56065, -0.75152], [1.9876, -1.09902, -1.49299, 1.78215, -1.5345, -1.44988, -0.92651], [1.78023, -0.71016, -1.43597, 1.86747, -1.58307, -1.3391, -1.10149], [1.57285, -0.32129, -1.37896, 1.95278, -1.63163, -1.22833, -1.27648], [1.36548, 0.06758, -1.32194, 2.03809, -1.6802, -1.11756, -1.45146], [1.16793, 0.43801, -1.26763, 2.11936, -1.72647, -1.01204, -1.61815], [1.13173, 0.63072, -1.32597, 1.98285, -1.67991, -0.62251, -1.80686], [1.09552, 0.82343, -1.38431, 1.84634, -1.63335, -0.23298, -1.99556], [1.05931, 1.01614, -1.44265, 1.70983, -1.5868, 0.15656, -2.18427], [1.02311, 1.20886, -1.50098, 1.57332, -1.54024, 0.54609, -2.37297], [0.9869, 1.40157, -1.55932, 1.43681, -1.49369, 0.93562, -2.56168], [0.95069, 1.59428, -1.61766, 1.3003, -1.44713, 1.32515, -2.75038]]
end: [0.93062, 1.7011099999999999, -1.6499999999999999, 1.22462, -1.4213199999999999, 1.5410900000000001, -2.8549899999999999]
obtacles: [[[0.6, -0.4, -0.2], [1.0, 0.6, -0.3]], [[0.7, -0.0, -0.2], [1.0, 0.1, 0.5]], [[0.7, 0.6, -0.2], [1.0, 0.7, 0.5]], [[0.7, 0.0, 0.5], [1.0, 0.7, 0.6]]]
start: [-0.065519999999999995, 1.4298200000000001, -1.6499999999999999, 0.54095000000000004, -1.5760700000000001, 1.4093100000000001, -2.5291000000000001]
tajectories: [[-0.06552, 1.42982, -1.65, 0.54095, -1.57607, 1.40931, -2.5291], [-0.33605, 1.19094, -1.77608, 0.59719, -1.71497, 1.12401, -2.5316], [-0.60658, 0.95206, -1.90215, 0.65344, -1.85386, 0.83872, -2.53409], [-0.87711, 0.71318, -2.02823, 0.70968, -1.99276, 0.55342, -2.53659], [-1.14764, 0.4743, -2.1543, 0.76593, -2.13166, 0.26813, -2.53908], [-1.40039, 0.25113, -2.27209, 0.81848, -2.26142, 0.00158, -2.54141], [-1.03209, 0.04673, -2.21433, 0.83248, -2.15737, -0.17055, -2.37233], [-0.66379, -0.15767, -2.15658, 0.84649, -2.05331, -0.34268, -2.20326], [-0.29548, -0.36207, -2.09882, 0.86049, -1.94926, -0.5148, -2.03419], [0.07282, -0.56647, -2.04106, 0.8745, -1.8452, -0.68693, -1.86511], [0.44112, -0.77086, -1.9833, 0.8885, -1.74114, -0.85906, -1.69604], [0.71203, -0.92121, -1.94082, 0.8988, -1.66461, -0.98567, -1.57168], [0.87036, -0.54354, -1.91658, 1.0438, -1.64593, -0.86377, -1.78493], [1.02869, -0.16587, -1.89234, 1.1888, -1.62725, -0.74186, -1.99819], [1.18702, 0.21179, -1.8681, 1.33381, -1.60858, -0.61996, -2.21144], [1.34535, 0.58946, -1.84386, 1.47881, -1.5899, -0.49805, -2.42469], [1.50368, 0.96713, -1.81962, 1.62381, -1.57122, -0.37615, -2.63794], [1.60179, 1.20115, -1.8046, 1.71366, -1.55965, -0.30061, -2.77008], [1.39236, 1.31364, -1.79296, 1.52699, -1.5115, 0.09292, -2.80637], [1.18294, 1.42614, -1.78132, 1.34031, -1.46335, 0.48646, -2.84266], [0.97351, 1.53863, -1.76968, 1.15364, -1.4152, 0.87999, -2.87894], [0.76409, 1.65112, -1.75804, 0.96697, -1.36705, 1.27352, -2.91523]]
end: [0.61953000000000003, 1.72878, -1.75, 0.83811999999999998, -1.33382, 1.5451699999999999, -2.94028]
obtacles: [[[0.6, -0.4, -0.2], [1.0, 0.6, -0.3]], [[0.7, -0.0, -0.2], [1.0, 0.1, 0.5]], [[0.7, 0.6, -0.2], [1.0, 0.7, 0.5]], [[0.7, 0.0, 0.5], [1.0, 0.7, 0.6]]]
start: [2.2647300000000001, -1.64476, -1.55, 1.74379, -1.64012, -1.5376399999999999, -0.86500999999999995]
tajectories: [[2.26473, -1.64476, -1.55, 1.74379, -1.64012, -1.53764, -0.86501], [2.19876, -1.5406, -1.36206, 1.61926, -1.57885, -1.16552, -1.06932], [2.13278, -1.43644, -1.17411, 1.49474, -1.51758, -0.7934, -1.27363], [2.06681, -1.33228, -0.98617, 1.37022, -1.45631, -0.42128, -1.47794], [2.00083, -1.22813, -0.79823, 1.2457, -1.39505, -0.04917, -1.68225], [1.93486, -1.12397, -0.61028, 1.12117, -1.33378, 0.32295, -1.88656], [1.86888, -1.01981, -0.42234, 0.99665, -1.27251, 0.69507, -2.09087], [1.80291, -0.91565, -0.2344, 0.87213, -1.21124, 1.06719, -2.29519], [1.78879, -0.89335, -0.19417, 0.84548, -1.19813, 1.14684, -2.33892], [1.77923, -0.6563, -0.26172, 1.22764, -1.4002, 1.12937, -2.3832], [1.76967, -0.41924, -0.32926, 1.60981, -1.60228, 1.11191, -2.42749], [1.76011, -0.18219, -0.3968, 1.99198, -1.80435, 1.09444, -2.47178], [1.75056, 0.05487, -0.46435, 2.37414, -2.00642, 1.07697, -2.51607], [1.741, 0.29192, -0.53189, 2.75631, -2.20849, 1.05951, -2.56036], [1.73445, 0.45447, -0.57821, 3.01836, -2.34706, 1.04753, -2.59073], [1.57478, 0.68713, -0.76629, 2.71359, -2.16201, 1.13008, -2.6233], [1.41512, 0.91978, -0.95437, 2.40881, -1.97696, 1.21263, -2.65588], [1.25546, 1.15244, -1.14245, 2.10404, -1.79192, 1.29519, -2.68846], [1.0958, 1.3851, -1.33052, 1.79927, -1.60687, 1.37774, -2.72103], [0.93614, 1.61775, -1.5186, 1.49449, -1.42182, 1.46029, -2.75361], [0.77648, 1.85041, -1.70668, 1.18972, -1.23677, 1.54284, -2.78619]]
end: [0.73970000000000002, 1.9039900000000001, -1.75, 1.1195200000000001, -1.19415, 1.56185, -2.7936899999999998]
obtacles: [[[0.6, -0.4, -0.2], [1.0, 0.6, -0.3]], [[0.7, -0.0, -0.2], [1.0, 0.1, 0.5]], [[0.7, 0.6, -0.2], [1.0, 0.7, 0.5]], [[0.7, 0.0, 0.5], [1.0, 0.7, 0.6]]]
start: [2.4522900000000001, -1.91875, -1.25, 1.4627600000000001, -1.9648600000000001, -1.30992, -0.66424000000000005]
tajectories: [[2.45229, -1.91875, -1.25, 1.46276, -1.96486, -1.30992, -0.66424], [2.23897, -1.54317, -1.20993, 1.54198, -2.03793, -1.18245, -0.84854], [2.02565, -1.16759, -1.16986, 1.62121, -2.111, -1.05499, -1.03283], [1.81232, -0.792, -1.1298, 1.70043, -2.18408, -0.92753, -1.21712], [1.599, -0.41642, -1.08973, 1.77965, -2.25715, -0.80007, -1.40142], [1.38568, -0.04084, -1.04966, 1.85888, -2.33022, -0.67261, -1.58571], [1.19397, 0.29668, -1.01365, 1.93007, -2.39589, -0.55806, -1.75133], [1.33945, 0.39187, -1.36536, 2.03778, -2.14181, -0.42031, -1.78209], [1.48492, 0.48705, -1.71707, 2.14549, -1.88773, -0.28255, -1.81285], [1.63039, 0.58224, -2.06878, 2.25319, -1.63366, -0.14479, -1.84361], [1.77586, 0.67742, -2.42049, 2.3609, -1.37958, -0.00704, -1.87437], [1.79899, 0.69255, -2.4764, 2.37803, -1.33918, 0.01486, -1.87926], [1.6296, 0.93522, -2.30116, 2.22351, -1.31863, 0.31821, -2.00331], [1.4602, 1.17789, -2.12591, 2.06899, -1.29809, 0.62155, -2.12737], [1.2908, 1.42055, -1.95066, 1.91447, -1.27754, 0.9249, -2.25143], [1.12141, 1.66322, -1.77541, 1.75996, -1.25699, 1.22825, -2.37548], [0.95201, 1.90588, -1.60017, 1.60544, -1.23645, 1.53159, -2.49954]]
end: [0.95184999999999997, 1.90612, -1.6000000000000001, 1.6052900000000001, -1.2364299999999999, 1.5318799999999999, -2.49966]
obtacles: [[[0.6, -0.4, -0.2], [1.0, 0.6, -0.3]], [[0.7, -0.0, -0.2], [1.0, 0.1, 0.5]], [[0.7, 0.6, -0.2], [1.0, 0.7, 0.5]], [[0.7, 0.0, 0.5], [1.0, 0.7, 0.6]]]
start: [2.34585, -1.42354, -1.5, 1.7478100000000001, -1.4132499999999999, -1.5277400000000001, -0.9607]
tajectories: [[2.34585, -1.42354, -1.5, 1.74781, -1.41325, -1.52774, -0.9607], [2.09651, -1.36751, -1.69114, 1.88837, -1.76918, -1.5202, -0.92009], [1.84716, -1.31147, -1.88229, 2.02894, -2.12511, -1.51266, -0.87948], [1.80968, -1.30305, -1.91102, 2.05006, -2.1786, -1.51153, -0.87338], [1.82871, -1.20626, -1.83556, 2.07121, -2.14133, -1.10088, -1.12657], [1.84774, -1.10947, -1.7601, 2.09236, -2.10406, -0.69023, -1.37976], [1.86676, -1.01268, -1.68464, 2.11351, -2.06678, -0.27958, -1.63295], [1.88579, -0.91589, -1.60918, 2.13465, -2.02951, 0.13106, -1.88615], [1.89749, -0.85636, -1.56278, 2.14766, -2.00659, 0.38363, -2.04187], [2.09846, -0.42371, -1.5469, 2.21983, -1.89044, 0.43408, -2.01132], [2.29943, 0.00893, -1.53103, 2.292, -1.7743, 0.48454, -1.98077], [2.5004, 0.44158, -1.51516, 2.36417, -1.65815, 0.535, -1.95023], [2.60546, 0.66775, -1.50686, 2.40189, -1.59744, 0.56138, -1.93426], [2.24213, 0.87187, -1.52664, 2.24618, -1.58009, 0.76838, -2.02665], [1.8788, 1.07599, -1.54642, 2.09046, -1.56275, 0.97538, -2.11905], [1.51546, 1.28011, -1.5662, 1.93475, -1.54541, 1.18238, -2.21144], [1.15213, 1.48423, -1.58598, 1.77903, -1.52807, 1.38938, -2.30383]]
end: [0.89459, 1.6289199999999999, -1.6000000000000001, 1.66866, -1.5157700000000001, 1.5361, -2.3693300000000002]
obtacles: [[[0.6, -0.4, -0.2], [1.0, 0.6, -0.3]], [[0.7, -0.0, -0.2], [1.0, 0.1, 0.5]], [[0.7, 0.6, -0.2], [1.0, 0.7, 0.5]], [[0.7, 0.0, 0.5], [1.0, 0.7, 0.6]]]
start: [2.5195500000000002, -1.5318400000000001, -1.55, 1.47037, -1.5341100000000001, -1.5462100000000001, -0.84919]
tajectories: [[2.51955, -1.53184, -1.55, 1.47037, -1.53411, -1.54621, -0.84919], [2.17348, -1.40806, -1.56295, 1.71958, -1.60582, -1.32882, -0.86464], [1.82741, -1.28428, -1.57589, 1.96878, -1.67753, -1.11142, -0.88009], [1.48134, -1.16051, -1.58884, 2.21799, -1.74924, -0.89402, -0.89554], [1.13526, -1.03673, -1.60178, 2.46719, -1.82095, -0.67663, -0.91099], [0.91122, -0.9566, -1.61016, 2.62853, -1.86737, -0.53589, -0.921], [1.0382, -0.80266, -1.30566, 2.48992, -1.80048, -0.36299, -1.17374], [1.16518, -0.64872, -1.00116, 2.35131, -1.7336, -0.19009, -1.42648], [1.29216, -0.49478, -0.69666, 2.21271, -1.66671, -0.0172, -1.67923], [1.41914, -0.34084, -0.39216, 2.0741, -1.59982, 0.1557, -1.93197], [1.54612, -0.1869, -0.08766, 1.93549, -1.53293, 0.3286, -2.18471], [1.61543, -0.10289, 0.07853, 1.85985, -1.49643, 0.42296, -2.32265], [1.45144, 0.19676, -0.20898, 1.75598, -1.49529, 0.61887, -2.36116], [1.28745, 0.4964, -0.4965, 1.6521, -1.49416, 0.81479, -2.39967], [1.12346, 0.79605, -0.78401, 1.54823, -1.49302, 1.0107, -2.43818], [0.95948, 1.0957, -1.07153, 1.44436, -1.49188, 1.20662, -2.47669], [0.79549, 1.39534, -1.35904, 1.34049, -1.49075, 1.40253, -2.5152]]
end: [0.65805000000000002, 1.6464700000000001, -1.6000000000000001, 1.2534400000000001, -1.4897899999999999, 1.56673, -2.5474800000000002]
obtacles: [[[0.6, -0.4, -0.2], [1.0, 0.6, -0.3]], [[0.7, -0.0, -0.2], [1.0, 0.1, 0.5]], [[0.7, 0.6, -0.2], [1.0, 0.7, 0.5]], [[0.7, 0.0, 0.5], [1.0, 0.7, 0.6]]]
start: [2.2790300000000001, -1.96896, -1.5, 1.4875400000000001, -1.9736199999999999, -1.53806, -0.60399999999999998]
tajectories: [[2.27903, -1.96896, -1.5, 1.48754, -1.97362, -1.53806, -0.604], [2.29419, -1.66687, -1.43076, 1.44781, -1.78485, -1.34521, -0.88562], [2.30936, -1.36477, -1.36152, 1.40808, -1.59608, -1.15235, -1.16724], [2.32453, -1.06267, -1.29228, 1.36834, -1.40731, -0.9595, -1.44886], [2.3397, -0.76058, -1.22305, 1.32861, -1.21854, -0.76665, -1.73048], [2.35486, -0.45848, -1.15381, 1.28888, -1.02978, -0.5738, -2.01209], [2.37003, -0.15638, -1.08457, 1.24915, -0.84101, -0.38095, -2.29371], [2.3852, 0.14572, -1.01533, 1.20942, -0.65224, -0.1881, -2.57533], [2.38983, 0.23807, -0.99416, 1.19727, -0.59453, -0.12914, -2.66143], [2.14783, 0.50738, -1.10005, 1.25926, -0.72869, 0.16367, -2.65078], [1.90583, 0.77669, -1.20594, 1.32126, -0.86286, 0.45648, -2.64014], [1.66383, 1.046, -1.31183, 1.38325, -0.99702, 0.74929, -2.6295], [1.42183, 1.31531, -1.41773, 1.44524, -1.13118, 1.0421, -2.61885], [1.17983, 1.58463, -1.52362, 1.50724, -1.26535, 1.33491, -2.60821]]
end: [1.00526, 1.7788900000000001, -1.6000000000000001, 1.55196, -1.3621300000000001, 1.5461199999999999, -2.60053]
obtacles: [[[0.6, -0.4, -0.2], [1.0, 0.6, -0.3]], [[0.7, -0.0, -0.2], [1.0, 0.1, 0.5]], [[0.7, 0.6, -0.2], [1.0, 0.7, 0.5]], [[0.7, 0.0, 0.5], [1.0, 0.7, 0.6]]]
start: [0.15143000000000001, 1.9613100000000001, -1.6499999999999999, 1.43276, -4.3148099999999996, -1.5507, 1.26162]
tajectories: [[0.15143, 1.96131, -1.65, 1.43276, -4.31481, -1.5507, 1.26162], [0.0969, 1.54371, -1.56993, 1.48036, -4.13419, -1.42208, 1.13999], [0.04238, 1.12611, -1.48985, 1.52797, -3.95358, -1.29346, 1.01837], [-0.01214, 0.7085, -1.40978, 1.57557, -3.77297, -1.16483, 0.89675], [-0.06667, 0.2909, -1.3297, 1.62317, -3.59235, -1.03621, 0.77513], [-0.09898, 0.04343, -1.28225, 1.65138, -3.48532, -0.95998, 0.70305], [-0.08529, 0.11652, -1.36127, 1.4116, -3.75691, -0.97177, 0.37621], [-0.07161, 0.18962, -1.44029, 1.17182, -4.02851, -0.98355, 0.04936], [-0.05792, 0.26272, -1.51931, 0.93204, -4.30011, -0.99533, -0.27748], [-0.04423, 0.33582, -1.59833, 0.69226, -4.5717, -1.00712, -0.60432], [-0.03738, 0.37242, -1.6379, 0.57222, -4.70767, -1.01302, -0.76795], [0.32873, 0.37625, -1.5462, 0.69172, -4.42446, -0.92885, -0.69073], [0.69485, 0.38009, -1.45451, 0.81122, -4.14124, -0.84469, -0.6135], [1.06096, 0.38392, -1.36282, 0.93072, -3.85803, -0.76052, -0.53627], [1.42707, 0.38776, -1.27112, 1.05023, -3.57481, -0.67636, -0.45905], [1.79318, 0.39159, -1.17943, 1.16973, -3.2916, -0.59219, -0.38182], [2.1593, 0.39543, -1.08774, 1.28923, -3.00838, -0.50803, -0.30459], [2.22873, 0.39615, -1.07035, 1.31189, -2.95467, -0.49207, -0.28995], [1.99015, 0.61972, -1.16918, 1.34531, -3.23024, -0.66411, -0.1266], [1.75157, 0.84328, -1.26802, 1.37874, -3.5058, -0.83615, 0.03674], [1.51299, 1.06685, -1.36685, 1.41216, -3.78136, -1.00819, 0.20009], [1.27441, 1.29041, -1.46569, 1.44558, -4.05692, -1.18023, 0.36343], [1.03583, 1.51398, -1.56452, 1.479, -4.33249, -1.35227, 0.52677]]
end: [0.82950000000000002, 1.70733, -1.6499999999999999, 1.5079100000000001, -4.5708099999999998, -1.5010600000000001, 0.66803999999999997]
obtacles: [[[0.6, -0.4, -0.2], [1.0, 0.6, -0.3]], [[0.7, -0.0, -0.2], [1.0, 0.1, 0.5]], [[0.7, 0.6, -0.2], [1.0, 0.7, 0.5]], [[0.7, 0.0, 0.5], [1.0, 0.7, 0.6]]]
start: [-0.25455, 1.4112800000000001, -1.55, -0.45799000000000001, -4.6599500000000003, -1.4186700000000001, -0.20910000000000001]
tajectories: [[-0.25455, 1.41128, -1.55, -0.45799, -4.65995, -1.41867, -0.2091], [-0.20364, 1.17866, -1.45946, -0.10728, -4.58143, -1.18417, -0.17839], [-0.15273, 0.94603, -1.36892, 0.24343, -4.50292, -0.94967, -0.14768], [-0.10182, 0.7134, -1.27838, 0.59415, -4.42441, -0.71518, -0.11696], [-0.05091, 0.48077, -1.18784, 0.94486, -4.34589, -0.48068, -0.08625], [0.0, 0.24814, -1.0973, 1.29557, -4.26738, -0.24619, -0.05554], [0.05091, 0.01551, -1.00677, 1.64628, -4.18887, -0.01169, -0.02483], [0.0738, -0.08907, -0.96606, 1.80395, -4.15357, 0.09373, -0.01102], [0.32829, 0.09724, -0.94723, 1.93741, -4.01152, -0.2297, -0.09799], [0.58279, 0.28355, -0.9284, 2.07087, -3.86947, -0.55314, -0.18497], [0.83728, 0.46986, -0.90957, 2.20433, -3.72742, -0.87658, -0.27194], [1.09178, 0.65618, -0.89074, 2.33779, -3.58537, -1.20001, -0.35891], [1.15816, 0.70477, -0.88583, 2.3726, -3.54832, -1.28437, -0.3816], [1.29546, 0.81803, -1.09302, 2.27711, -3.65529, -1.22054, 0.00668], [1.43276, 0.93128, -1.30021, 2.18163, -3.76226, -1.15671, 0.39495], [1.57007, 1.04454, -1.50741, 2.08614, -3.86924, -1.09288, 0.78323], [1.70737, 1.15779, -1.7146, 1.99066, -3.97621, -1.02905, 1.1715], [1.84468, 1.27104, -1.92179, 1.89518, -4.08318, -0.96522, 1.55978], [1.88918, 1.30775, -1.98894, 1.86423, -4.11785, -0.94453, 1.68562], [1.60691, 1.43539, -1.90066, 1.72488, -4.21037, -1.10218, 1.37999], [1.32464, 1.56304, -1.81238, 1.58553, -4.30289, -1.25982, 1.07437], [1.04237, 1.69068, -1.7241, 1.44618, -4.39541, -1.41747, 0.76874]]
end: [0.80544000000000004, 1.79782, -1.6499999999999999, 1.32921, -4.4730699999999999, -1.54979, 0.51221000000000005]
obtacles: [[[0.6, -0.4, -0.2], [1.0, 0.6, -0.3]], [[0.7, -0.0, -0.2], [1.0, 0.1, 0.5]], [[0.7, 0.6, -0.2], [1.0, 0.7, 0.5]], [[0.7, 0.0, 0.5], [1.0, 0.7, 0.6]]]
start: [0.24686, 1.71763, -1.6499999999999999, 1.8302799999999999, -4.5899700000000001, -1.45736, 1.57063]
tajectories: [[0.24686, 1.71763, -1.65, 1.83028, -4.58997, -1.45736, 1.57063], [0.32058, 1.64047, -1.41183, 2.01032, -4.61735, -1.13753, 1.35516], [0.39431, 1.56331, -1.17366, 2.19035, -4.64472, -0.81769, 1.13969], [0.46803, 1.48615, -0.93549, 2.37039, -4.67209, -0.49786, 0.92422], [0.54176, 1.40899, -0.69732, 2.55043, -4.69947, -0.17802, 0.70876], [0.61548, 1.33182, -0.45915, 2.73047, -4.72684, 0.14182, 0.49329], [0.64526, 1.30066, -0.36295, 2.80319, -4.7379, 0.27099, 0.40626], [0.89452, 1.2636, -0.49377, 2.71413, -4.49781, -0.01629, 0.26039], [1.14378, 1.22653, -0.62459, 2.62507, -4.25773, -0.30357, 0.11452], [1.39303, 1.18947, -0.75542, 2.53601, -4.01764, -0.59085, -0.03136], [1.64229, 1.1524, -0.88624, 2.44695, -3.77755, -0.87813, -0.17723], [1.76809, 1.13369, -0.95226, 2.402, -3.65637, -1.02313, -0.25085], [1.59811, 1.32176, -1.14363, 2.10736, -3.844, -1.15699, -0.15506], [1.42812, 1.50982, -1.335, 1.81272, -4.03163, -1.29085, -0.05928], [1.25813, 1.69788, -1.52637, 1.51807, -4.21926, -1.42471, 0.03651]]
end: [1.10389, 1.86852, -1.7, 1.2507299999999999, -4.3895099999999996, -1.54617, 0.12343]
obtacles: [[[0.6, -0.4, -0.2], [1.0, 0.6, -0.3]], [[0.7, -0.0, -0.2], [1.0, 0.1, 0.5]], [[0.7, 0.6, -0.2], [1.0, 0.7, 0.5]], [[0.7, 0.0, 0.5], [1.0, 0.7, 0.6]]]
start: [2.4342100000000002, -1.62971, -1.55, 1.7274799999999999, -4.76736, 1.5410999999999999, 2.1229300000000002]
tajectories: [[2.43421, -1.62971, -1.55, 1.72748, -4.76736, 1.5411, 2.12293], [2.24076, -1.41703, -1.54331, 1.80922, -4.73063, 1.14256, 2.10214], [2.04731, -1.20434, -1.53662, 1.89096, -4.69391, 0.74402, 2.08135], [1.85386, -0.99166, -1.52993, 1.9727, -4.65718, 0.34547, 2.06056], [1.66041, -0.77897, -1.52324, 2.05444, -4.62045, -0.05307, 2.03978], [1.46697, -0.56628, -1.51654, 2.13618, -4.58373, -0.45161, 2.01899], [1.27352, -0.3536, -1.50985, 2.21792, -4.547, -0.85015, 1.9982], [1.08007, -0.14091, -1.50316, 2.29966, -4.51027, -1.24869, 1.97741], [1.0083, -0.062, -1.50068, 2.32998, -4.49665, -1.39656, 1.9697], [1.11583, 0.19412, -1.30268, 2.1148, -4.31204, -1.39794, 1.73894], [1.22336, 0.45024, -1.10468, 1.89961, -4.12744, -1.39932, 1.50818], [1.3309, 0.70636, -0.90668, 1.68442, -3.94283, -1.4007, 1.27743], [1.43843, 0.96248, -0.70868, 1.46924, -3.75823, -1.40208, 1.04667], [1.45516, 1.00234, -0.67786, 1.43575, -3.7295, -1.40229, 1.01076], [1.34202, 1.27283, -0.96376, 1.41556, -3.91277, -1.45093, 0.79644], [1.22887, 1.54333, -1.24966, 1.39537, -4.09603, -1.49956, 0.58213], [1.11572, 1.81382, -1.53557, 1.37518, -4.2793, -1.54819, 0.36781]]
end: [1.0704400000000001, 1.9220900000000001, -1.6499999999999999, 1.3671, -4.3526499999999997, -1.56765, 0.28203]
obtacles: [[[0.6, -0.4, -0.2], [1.0, 0.6, -0.3]], [[0.7, -0.0, -0.2], [1.0, 0.1, 0.5]], [[0.7, 0.6, -0.2], [1.0, 0.7, 0.5]], [[0.7, 0.0, 0.5], [1.0, 0.7, 0.6]]]
start: [2.2897500000000002, -1.5674300000000001, -1.55, 1.48926, -4.7107299999999999, 1.5498000000000001, 2.50413]
tajectories: [[2.28975, -1.56743, -1.55, 1.48926, -4.71073, 1.5498, 2.50413], [2.24905, -1.38052, -1.28576, 1.57048, -4.57861, 1.20423, 2.51502], [2.20835, -1.1936, -1.02152, 1.6517, -4.44649, 0.85867, 2.52592], [2.16766, -1.00668, -0.75729, 1.73293, -4.31437, 0.51311, 2.53682], [2.12696, -0.81977, -0.49305, 1.81415, -4.18225, 0.16755, 2.54771], [2.08626, -0.63285, -0.22881, 1.89538, -4.05013, -0.17801, 2.55861], [2.04556, -0.44593, 0.03543, 1.9766, -3.91801, -0.52357, 2.56951], [2.00487, -0.25902, 0.29966, 2.05782, -3.78589, -0.86913, 2.5804], [1.97057, -0.10148, 0.52237, 2.12628, -3.67453, -1.16037, 2.58959], [1.81429, 0.15673, 0.23212, 2.07737, -3.7958, -1.21577, 2.35615], [1.65802, 0.41495, -0.05813, 2.02847, -3.91707, -1.27117, 2.12271], [1.50174, 0.67317, -0.34837, 1.97956, -4.03833, -1.32657, 1.88927], [1.34547, 0.93138, -0.63862, 1.93066, -4.1596, -1.38197, 1.65583], [1.1892, 1.1896, -0.92886, 1.88175, -4.28087, -1.43736, 1.42239], [1.03292, 1.44782, -1.21911, 1.83284, -4.40213, -1.49276, 1.18895], [0.87665, 1.70604, -1.50936, 1.78394, -4.5234, -1.54816, 0.95551]]
end: [0.85477000000000003, 1.7421899999999999, -1.55, 1.7770900000000001, -4.5403799999999999, -1.55592, 0.92281999999999997]
obtacles: [[[0.6, -0.4, -0.2], [1.0, 0.6, -0.3]], [[0.7, -0.0, -0.2], [1.0, 0.1, 0.5]], [[0.7, 0.6, -0.2], [1.0, 0.7, 0.5]], [[0.7, 0.0, 0.5], [1.0, 0.7, 0.6]]]
start: [2.4224199999999998, -1.8867700000000001, -1.55, 1.5456700000000001, -1.8872100000000001, -1.55884, -0.82128000000000001]
tajectories: [[2.42242, -1.88677, -1.55, 1.54567, -1.88721, -1.55884, -0.82128], [2.24843, -1.75742, -1.73015, 1.79403, -2.08877, -1.36701, -0.64399], [2.07443, -1.62807, -1.9103, 2.0424, -2.29034, -1.17518, -0.46671], [1.90044, -1.49873, -2.09045, 2.29076, -2.4919, -0.98335, -0.28943], [1.72645, -1.36938, -2.2706, 2.53913, -2.69346, -0.79151, -0.11214], [1.71068, -1.35766, -2.28692, 2.56163, -2.71172, -0.77413, -0.09608], [1.81042, -1.0602, -2.18109, 2.47304, -2.41254, -0.87896, -0.27504], [1.91015, -0.76274, -2.07525, 2.38445, -2.11337, -0.98379, -0.454], [2.00989, -0.46529, -1.96941, 2.29586, -1.81419, -1.08862, -0.63296], [2.10963, -0.16783, -1.86357, 2.20727, -1.51502, -1.19344, -0.81192], [2.20936, 0.12963, -1.75773, 2.11868, -1.21584, -1.29827, -0.99088], [2.3091, 0.42709, -1.65189, 2.03009, -0.91667, -1.4031, -1.16984], [2.36168, 0.58392, -1.59609, 1.98338, -0.75893, -1.45837, -1.2642], [2.17805, 0.73561, -1.603, 1.90519, -0.83618, -1.0751, -1.44925], [1.99441, 0.8873, -1.6099, 1.82701, -0.91343, -0.69183, -1.63431], [1.81078, 1.03899, -1.61681, 1.74883, -0.99068, -0.30856, -1.81936], [1.62714, 1.19068, -1.62372, 1.67065, -1.06793, 0.07471, -2.00441], [1.44351, 1.34237, -1.63062, 1.59247, -1.14518, 0.45798, -2.18946], [1.25987, 1.49406, -1.63753, 1.51429, -1.22243, 0.84126, -2.37452], [1.07624, 1.64575, -1.64444, 1.43611, -1.29968, 1.22453, -2.55957]]
end: [0.92837000000000003, 1.7679, -1.6499999999999999, 1.3731500000000001, -1.36188, 1.5331600000000001, -2.7085900000000001]
obtacles: [[[0.6, -0.4, -0.2], [1.0, 0.6, -0.3]], [[0.7, -0.0, -0.2], [1.0, 0.1, 0.5]], [[0.7, 0.6, -0.2], [1.0, 0.7, 0.5]], [[0.7, 0.0, 0.5], [1.0, 0.7, 0.6]]]
start: [2.5804999999999998, -1.81098, -1.45, 1.1306700000000001, -1.83908, -1.56626, -0.55437000000000003]
tajectories: [[2.5805, -1.81098, -1.45, 1.13067, -1.83908, -1.56626, -0.55437], [2.52268, -1.42047, -1.56419, 1.19603, -1.64472, -1.50113, -0.741], [2.46487, -1.02997, -1.67837, 1.2614, -1.45035, -1.436, -0.92764], [2.40705, -0.63947, -1.79256, 1.32677, -1.25599, -1.37087, -1.11428], [2.34924, -0.24896, -1.90674, 1.39213, -1.06163, -1.30574, -1.30092], [2.29142, 0.14154, -2.02093, 1.4575, -0.86726, -1.24061, -1.48756], [2.23361, 0.53205, -2.13511, 1.52287, -0.6729, -1.17548, -1.67419], [2.17579, 0.92255, -2.2493, 1.58823, -0.47854, -1.11035, -1.86083], [2.11798, 1.31306, -2.36348, 1.6536, -0.28417, -1.04522, -2.04747], [2.1178, 1.31427, -2.36384, 1.6538, -0.28357, -1.04502, -2.04805], [1.9447, 1.39047, -2.23633, 1.66204, -0.44913, -0.63687, -2.11056], [1.7716, 1.46667, -2.10882, 1.67028, -0.61469, -0.22872, -2.17307], [1.59851, 1.54287, -1.98131, 1.67852, -0.78025, 0.17943, -2.23557], [1.42541, 1.61908, -1.85381, 1.68676, -0.94581, 0.58758, -2.29808], [1.25231, 1.69528, -1.7263, 1.69501, -1.11137, 0.99573, -2.36059], [1.07922, 1.77148, -1.59879, 1.70325, -1.27693, 1.40388, -2.4231]]
end: [1.01298, 1.80064, -1.55, 1.7063999999999999, -1.3402799999999999, 1.56006, -2.4470200000000002]
obtacles: [[[0.6, -0.4, -0.2], [1.0, 0.6, -0.3]], [[0.7, -0.0, -0.2], [1.0, 0.1, 0.5]], [[0.7, 0.6, -0.2], [1.0, 0.7, 0.5]], [[0.7, 0.0, 0.5], [1.0, 0.7, 0.6]]]
start: [2.2294800000000001, -1.8001400000000001, -1.1000000000000001, 1.6830499999999999, -1.77136, -1.0878300000000001, -0.66613999999999995]
tajectories: [[2.22948, -1.80014, -1.1, 1.68305, -1.77136, -1.08783, -0.66614], [1.99547, -1.71081, -0.94458, 1.39904, -1.95033, -1.01296, -0.45447], [1.76147, -1.62147, -0.78915, 1.11503, -2.1293, -0.93808, -0.2428], [1.52746, -1.53213, -0.63373, 0.83102, -2.30828, -0.8632, -0.03113], [1.29346, -1.4428, -0.4783, 0.54702, -2.48725, -0.78833, 0.18055], [1.05946, -1.35346, -0.32288, 0.26301, -2.66623, -0.71345, 0.39222], [0.82545, -1.26412, -0.16745, -0.021, -2.8452, -0.63857, 0.60389], [0.59145, -1.17478, -0.01203, -0.30501, -3.02417, -0.5637, 0.81557], [0.57237, -1.1675, 0.00065, -0.32816, -3.03877, -0.55759, 0.83283], [0.51331, -0.95395, -0.18175, -0.39438, -3.21782, -0.38943, 1.15363], [0.45425, -0.74039, -0.36414, -0.4606, -3.39688, -0.22127, 1.47443], [0.3952, -0.52684, -0.54653, -0.52683, -3.57593, -0.05311, 1.79524], [0.33614, -0.31329, -0.72893, -0.59305, -3.75499, 0.11505, 2.11604], [0.27708, -0.09973, -0.91132, -0.65927, -3.93404, 0.28321, 2.43685], [0.21803, 0.11382, -1.09371, -0.72549, -4.1131, 0.45138, 2.75765], [0.20698, 0.15378, -1.12784, -0.73788, -4.1466, 0.48284, 2.81768], [0.26185, 0.44081, -1.12317, -0.71488, -3.8063, 0.66423, 2.6938], [0.31672, 0.72783, -1.11849, -0.69188, -3.466, 0.84562, 2.56991], [0.37159, 1.01486, -1.11382, -0.66888, -3.1257, 1.027, 2.44603], [0.42646, 1.30189, -1.10915, -0.64587, -2.78539, 1.20839, 2.32215], [0.48133, 1.58891, -1.10447, -0.62287, -2.44509, 1.38978, 2.19826]]
end: [0.53386, 1.8636699999999999, -1.1000000000000001, -0.60085, -2.1193399999999998, 1.56341, 2.0796800000000002]
obtacles: [[[0.6, -0.4, -0.2], [1.0, 0.6, -0.3]], [[0.7, -0.0, -0.2], [1.0, 0.1, 0.5]], [[0.7, 0.6, -0.2], [1.0, 0.7, 0.5]], [[0.7, 0.0, 0.5], [1.0, 0.7, 0.6]]]
start: [2.5836700000000001, -1.9383900000000001, -1.1000000000000001, 1.5219499999999999, -1.9990000000000001, -1.1535599999999999, -0.78291999999999995]
tajectories: [[2.58367, -1.93839, -1.1, 1.52195, -1.999, -1.15356, -0.78292], [2.49011, -1.70569, -1.04399, 1.5689, -2.04337, -0.73617, -0.85758], [2.39654, -1.47298, -0.98797, 1.61586, -2.08774, -0.31879, -0.93224], [2.30298, -1.24027, -0.93196, 1.66282, -2.13211, 0.09859, -1.0069], [2.20941, -1.00757, -0.87595, 1.70977, -2.17648, 0.51597, -1.08156], [2.11585, -0.77486, -0.81994, 1.75673, -2.22085, 0.93335, -1.15623], [2.05843, -0.63206, -0.78557, 1.78554, -2.24808, 1.18947, -1.20204], [1.91951, -0.27686, -0.91275, 1.721, -2.11552, 1.24133, -1.45489], [1.78058, 0.07834, -1.03993, 1.65645, -1.98297, 1.29319, -1.70773], [1.64166, 0.43353, -1.16711, 1.5919, -1.85041, 1.34505, -1.96058], [1.50273, 0.78873, -1.2943, 1.52735, -1.71785, 1.39692, -2.21343], [1.3638, 1.14393, -1.42148, 1.46281, -1.58529, 1.44878, -2.46627], [1.22488, 1.49913, -1.54866, 1.39826, -1.45274, 1.50064, -2.71912]]
end: [1.1141799999999999, 1.78216, -1.6499999999999999, 1.34683, -1.34711, 1.54196, -2.9205899999999998]
obtacles: [[[0.6, -0.4, -0.2], [1.0, 0.6, -0.3]], [[0.7, -0.0, -0.2], [1.0, 0.1, 0.5]], [[0.7, 0.6, -0.2], [1.0, 0.7, 0.5]], [[0.7, 0.0, 0.5], [1.0, 0.7, 0.6]]]
start: [2.3163, -1.6017699999999999, -1.55, 1.79966, -1.5962499999999999, -1.54352, -0.97369000000000006]
tajectories: [[2.3163, -1.60177, -1.55, 1.79966, -1.59625, -1.54352, -0.97369], [2.33791, -1.42439, -1.38516, 1.70719, -1.39628, -1.18915, -1.10324], [2.35951, -1.24702, -1.22032, 1.61473, -1.19631, -0.83478, -1.23278], [2.38112, -1.06965, -1.05548, 1.52226, -0.99635, -0.48041, -1.36233], [2.40273, -0.89227, -0.89063, 1.4298, -0.79638, -0.12604, -1.49187], [2.42434, -0.7149, -0.72579, 1.33734, -0.59641, 0.22834, -1.62142], [2.44595, -0.53753, -0.56095, 1.24487, -0.39644, 0.58271, -1.75097], [2.46756, -0.36015, -0.39611, 1.15241, -0.19647, 0.93708, -1.88051], [2.47441, -0.30388, -0.34381, 1.12307, -0.13303, 1.0495, -1.92161], [2.23919, 0.01127, -0.54776, 1.11321, -0.29129, 1.12463, -2.07318], [2.00397, 0.32641, -0.7517, 1.10334, -0.44955, 1.19976, -2.22475], [1.76875, 0.64156, -0.95564, 1.09348, -0.60781, 1.27489, -2.37632], [1.53353, 0.95671, -1.15958, 1.08361, -0.76607, 1.35002, -2.52788], [1.29831, 1.27186, -1.36353, 1.07375, -0.92433, 1.42514, -2.67945], [1.06309, 1.58701, -1.56747, 1.06388, -1.08259, 1.50027, -2.83102]]
end: [0.85257000000000005, 1.86907, -1.75, 1.05505, -1.2242299999999999, 1.56751, -2.9666800000000002]
obtacles: [[[0.6, -0.4, -0.2], [1.0, 0.6, -0.3]], [[0.7, -0.0, -0.2], [1.0, 0.1, 0.5]], [[0.7, 0.6, -0.2], [1.0, 0.7, 0.5]], [[0.7, 0.0, 0.5], [1.0, 0.7, 0.6]]]
start: [0.069099999999999995, 1.64377, -1.75, 1.5618399999999999, -1.4950300000000001, 1.3927499999999999, -1.6621699999999999]
tajectories: [[0.0691, 1.64377, -1.75, 1.56184, -1.49503, 1.39275, -1.66217], [-0.06463, 1.51384, -1.5952, 1.68427, -1.56213, 1.15861, -2.00417], [-0.19835, 1.38392, -1.44041, 1.8067, -1.62923, 0.92448, -2.34617], [-0.31336, 1.27218, -1.30728, 1.912, -1.68693, 0.72311, -2.64031], [-0.00273, 1.46719, -1.37026, 2.15863, -1.6315, 0.54582, -2.51312], [0.30791, 1.66221, -1.43324, 2.40525, -1.57606, 0.36853, -2.38593], [0.61854, 1.85722, -1.49623, 2.65188, -1.52062, 0.19124, -2.25874], [0.69024, 1.90223, -1.51076, 2.7088, -1.50783, 0.15032, -2.22939], [0.83078, 1.8274, -1.85979, 2.50326, -1.35449, 0.02938, -2.07955], [0.97131, 1.75258, -2.20881, 2.29773, -1.20116, -0.09156, -1.92972], [1.11185, 1.67775, -2.55783, 2.09219, -1.04783, -0.2125, -1.77988], [1.1726, 1.6454, -2.7087, 2.00334, -0.98155, -0.26478, -1.71511], [1.14842, 1.7063, -2.49585, 1.88125, -1.02257, 0.10258, -1.93616], [1.12424, 1.76719, -2.283, 1.75916, -1.06359, 0.46994, -2.15721], [1.10005, 1.82808, -2.07015, 1.63708, -1.1046, 0.8373, -2.37826], [1.07587, 1.88898, -1.8573, 1.51499, -1.14562, 1.20465, -2.59931]]
end: [1.0523199999999999, 1.94828, -1.6499999999999999, 1.39608, -1.18557, 1.56243, -2.8145899999999999]
obtacles: [[[0.6, -0.4, -0.2], [1.0, 0.6, -0.3]], [[0.7, -0.0, -0.2], [1.0, 0.1, 0.5]], [[0.7, 0.6, -0.2], [1.0, 0.7, 0.5]], [[0.7, 0.0, 0.5], [1.0, 0.7, 0.6]]]
start: [-0.75312999999999997, 1.7711600000000001, 2.0, 1.8401000000000001, -1.6640600000000001, -1.10842, -1.02118]
tajectories: [[-0.75313, 1.77116, 2.0, 1.8401, -1.66406, -1.10842, -1.02118], [-0.97056, 1.64541, 2.06863, 1.90454, -1.34366, -0.83561, -0.99007], [-1.18799, 1.51966, 2.13727, 1.96898, -1.02327, -0.5628, -0.95896], [-1.40542, 1.39391, 2.2059, 2.03342, -0.70287, -0.28999, -0.92784], [-1.62285, 1.26815, 2.27453, 2.09786, -0.38247, -0.01718, -0.89673], [-1.84028, 1.1424, 2.34316, 2.1623, -0.06207, 0.25563, -0.86562], [-2.05771, 1.01665, 2.4118, 2.22674, 0.25832, 0.52843, -0.8345], [-2.27514, 0.8909, 2.48043, 2.29118, 0.57872, 0.80124, -0.80339], [-2.2787, 0.88884, 2.48155, 2.29224, 0.58396, 0.80571, -0.80288], [-2.22056, 0.63591, 2.18146, 2.31843, 0.61952, 0.81764, -1.10371], [-2.16242, 0.38297, 1.88137, 2.34462, 0.65508, 0.82958, -1.40453], [-2.10428, 0.13004, 1.58127, 2.37081, 0.69064, 0.84151, -1.70536], [-2.04614, -0.12289, 1.28118, 2.39699, 0.7262, 0.85345, -2.00619], [-1.98801, -0.37583, 0.98109, 2.42318, 0.76176, 0.86538, -2.30701], [-1.92987, -0.62876, 0.681, 2.44937, 0.79731, 0.87732, -2.60784], [-1.8822, -0.83616, 0.43493, 2.47085, 0.82647, 0.8871, -2.85451], [-1.94895, -1.00186, 0.62571, 2.30376, 0.45647, 1.00366, -2.79716], [-2.01571, -1.16755, 0.81649, 2.13667, 0.08648, 1.12021, -2.7398], [-2.08246, -1.33325, 1.00727, 1.96958, -0.28352, 1.23677, -2.68245], [-2.14922, -1.49895, 1.19805, 1.8025, -0.65352, 1.35332, -2.6251], [-2.21597, -1.66464, 1.38883, 1.63541, -1.02352, 1.46988, -2.56775]]
end: [-2.2723599999999999, -1.8046199999999999, 1.55, 1.4942599999999999, -1.3360799999999999, 1.5683400000000001, -2.5192999999999999]
obtacles: [[[0.6, -0.4, -0.2], [1.0, 0.6, -0.3]], [[0.7, -0.0, -0.2], [1.0, 0.1, 0.5]], [[0.7, 0.6, -0.2], [1.0, 0.7, 0.5]], [[0.7, 0.0, 0.5], [1.0, 0.7, 0.6]]]
start: [-0.72643000000000002, 1.97123, 1.75, 1.19876, -2.0073799999999999, -1.55958, -0.43339]
tajectories: [[-0.72643, 1.97123, 1.75, 1.19876, -2.00738, -1.55958, -0.43339], [-0.83755, 1.89271, 1.8282, 1.44284, -1.7554, -1.35975, -0.68313], [-0.94868, 1.81419, 1.9064, 1.68691, -1.50343, -1.15992, -0.93288], [-1.0598, 1.73567, 1.9846, 1.93099, -1.25145, -0.96008, -1.18263], [-1.17093, 1.65715, 2.0628, 2.17507, -0.99948, -0.76025, -1.43237], [-1.28206, 1.57863, 2.141, 2.41914, -0.74751, -0.56042, -1.68212], [-1.31586, 1.55475, 2.16478, 2.49338, -0.67087, -0.49964, -1.75808], [-0.90882, 1.4333, 2.22925, 2.43783, -0.80982, -0.66446, -1.63215], [-0.50179, 1.31184, 2.29372, 2.38228, -0.94877, -0.82928, -1.50622], [-0.09476, 1.19038, 2.35819, 2.32674, -1.08772, -0.9941, -1.38029], [0.31227, 1.06892, 2.42266, 2.27119, -1.22667, -1.15892, -1.25436], [0.7193, 0.94746, 2.48713, 2.21564, -1.36563, -1.32374, -1.12842], [0.96016, 0.87559, 2.52528, 2.18277, -1.44785, -1.42127, -1.0539], [0.73341, 1.14037, 2.32926, 1.91643, -1.57838, -1.45808, -1.08072], [0.50667, 1.40516, 2.13324, 1.65008, -1.70891, -1.49489, -1.10753], [0.27992, 1.66994, 1.93722, 1.38373, -1.83944, -1.53169, -1.13434]]
end: [0.063350000000000004, 1.9228400000000001, 1.75, 1.12934, -1.9641, -1.5668500000000001, -1.15994]
obtacles: [[[0.6, -0.4, -0.2], [1.0, 0.6, -0.3]], [[0.7, -0.0, -0.2], [1.0, 0.1, 0.5]], [[0.7, 0.6, -0.2], [1.0, 0.7, 0.5]], [[0.7, 0.0, 0.5], [1.0, 0.7, 0.6]]]
start: [-0.61385000000000001, 1.6217299999999999, 1.75, 0.76732, -1.7356400000000001, -1.4837499999999999, -0.14169999999999999]
tajectories: [[-0.61385, 1.62173, 1.75, 0.76732, -1.73564, -1.48375, -0.1417], [-0.78061, 1.31569, 1.75648, 0.79915, -1.60974, -1.2787, -0.40548], [-0.94737, 1.00966, 1.76296, 0.83097, -1.48384, -1.07365, -0.66927], [-1.11413, 0.70362, 1.76944, 0.8628, -1.35795, -0.8686, -0.93305], [-1.2809, 0.39759, 1.77592, 0.89463, -1.23205, -0.66355, -1.19683], [-1.44766, 0.09155, 1.7824, 0.92646, -1.10615, -0.4585, -1.46062], [-1.47817, 0.03555, 1.78358, 0.93228, -1.08312, -0.42097, -1.50889], [-1.25981, -0.04791, 1.68198, 1.03939, -0.84399, -0.10224, -1.63048], [-1.04145, -0.13137, 1.58039, 1.1465, -0.60486, 0.21649, -1.75207], [-0.82309, -0.21484, 1.47879, 1.25361, -0.36573, 0.53522, -1.87366], [-0.60473, -0.2983, 1.37719, 1.36072, -0.12659, 0.85395, -1.99525], [-0.38636, -0.38176, 1.27559, 1.46783, 0.11254, 1.17268, -2.11684], [-0.168, -0.46522, 1.17399, 1.57494, 0.35167, 1.49142, -2.23844], [-0.12096, -0.4832, 1.1521, 1.59801, 0.40318, 1.56008, -2.26463], [-0.47617, -0.70284, 1.17479, 1.50256, 0.167, 1.55876, -2.36553], [-0.83137, -0.92248, 1.19748, 1.40711, -0.06918, 1.55744, -2.46643], [-1.18657, -1.14212, 1.22016, 1.31166, -0.30535, 1.55612, -2.56734], [-1.54178, -1.36177, 1.24285, 1.21621, -0.54153, 1.5548, -2.66824], [-1.89698, -1.58141, 1.26553, 1.12076, -0.77771, 1.55348, -2.76914], [-2.25218, -1.80105, 1.28822, 1.02531, -1.01389, 1.55217, -2.87004]]
end: [-2.43662, -1.9151, 1.3, 0.97575000000000001, -1.13652, 1.55148, -2.9224399999999999]
