obtacles: [[[0.6, -0.4, -0.2], [1.0, 0.6, -0.3]], [[0.8, -0.0, -0.2], [1.0, 0.1, 0.3]], [[0.8, 0.4, -0.2], [1.0, 0.5, 0.3]], [[0.8, 0.0, 0.3], [1.0, 0.5, 0.4]]]
start: [0.16248000000000001, 1.6815, -1.8, 1.2051099999999999, -4.52461, -1.3985700000000001, 1.0136099999999999]
tajectories: [[0.16248, 1.6815, -1.8, 1.20511, -4.52461, -1.39857, 1.01361], [0.18048, 1.70424, -1.82626, 1.2944, -4.1834, -1.05293, 1.08147], [0.19848, 1.72698, -1.85252, 1.3837, -3.84218, -0.70729, 1.14933], [0.21649, 1.74972, -1.87878, 1.47299, -3.50097, -0.36165, 1.21719], [0.23449, 1.77246, -1.90504, 1.56229, -3.15976, -0.01602, 1.28505], [0.25249, 1.79519, -1.9313, 1.65159, -2.81855, 0.32962, 1.3529], [0.26834, 1.81522, -1.95443, 1.73023, -2.51803, 0.63405, 1.41267], [0.52612, 1.8225, -2.04418, 1.8528, -2.52074, 0.33412, 1.14723], [0.78389, 1.82978, -2.13393, 1.97537, -2.52346, 0.0342, 0.88179], [1.04167, 1.83705, -2.22368, 2.09794, -2.52617, -0.26573, 0.61634], [1.29944, 1.84433, -2.31343, 2.2205, -2.52888, -0.56565, 0.3509], [1.55721, 1.8516, -2.40318, 2.34307, -2.53159, -0.86558, 0.08546], [1.81499, 1.85888, -2.49293, 2.46564, -2.53431, -1.1655, -0.17998], [1.8637, 1.86026, -2.5099, 2.4888, -2.53482, -1.22218, -0.23014], [1.67028, 1.85908, -2.37217, 2.29463, -2.89766, -1.25189, -0.07723], [1.47686, 1.8579, -2.23445, 2.10046, -3.2605, -1.28159, 0.07568], [1.28343, 1.85672, -2.09673, 1.90629, -3.62334, -1.3113, 0.22859], [1.09001, 1.85555, -1.95901, 1.71212, -3.98618, -1.34101, 0.3815], [0.89659, 1.85437, -1.82129, 1.51795, -4.34902, -1.37071, 0.53441]]
end: [0.86668999999999996, 1.85419, -1.8, 1.48794, -4.4051099999999996, -1.3753, 0.55805000000000005]
obtacles: [[[0.6, -0.4, -0.2], [1.0, 0.6, -0.3]], [[0.8, -0.0, -0.2], [1.0, 0.1, 0.3]], [[0.8, 0.4, -0.2], [1.0, 0.5, 0.3]], [[0.8, 0.0, 0.3], [1.0, 0.5, 0.4]]]
start: [0.068879999999999997, 1.9394499999999999, -1.8, 1.1421399999999999, -4.2830899999999996, -1.5278, 1.0209699999999999]
tajectories: [[0.06888, 1.93945, -1.8, 1.14214, -4.28309, -1.5278, 1.02097], [0.17069, 1.79827, -1.8266, 1.43754, -4.12851, -1.28228, 0.80289], [0.27249, 1.65709, -1.8532, 1.73294, -3.97392, -1.03676, 0.5848], [0.37429, 1.51591, -1.8798, 2.02833, -3.81933, -0.79124, 0.36672], [0.47609, 1.37474, -1.90639, 2.32373, -3.66474, -0.54572, 0.14863], [0.50563, 1.33376, -1.91411, 2.40947, -3.61987, -0.47446, 0.08533], [0.80301, 1.47964, -1.79391, 2.21867, -3.64894, -0.51098, 0.38072], [1.10038, 1.62552, -1.6737, 2.02786, -3.678, -0.54749, 0.67611], [1.39775, 1.77139, -1.5535, 1.83706, -3.70706, -0.58401, 0.9715], [1.69513, 1.91727, -1.4333, 1.64626, -3.73612, -0.62053, 1.2669], [1.70178, 1.92054, -1.43061, 1.64199, -3.73677, -0.62135, 1.27351], [1.39036, 1.91687, -1.55825, 1.65318, -3.96183, -0.86301, 1.10756], [1.07895, 1.91321, -1.6859, 1.66437, -4.1869, -1.10466, 0.94162]]
end: [0.80057, 1.9099299999999999, -1.8, 1.67438, -4.3880800000000004, -1.3206899999999999, 0.79327999999999999]
obtacles: [[[0.6, -0.4, -0.2], [1.0, 0.6, -0.3]], [[0.8, -0.0, -0.2], [1.0, 0.1, 0.3]], [[0.8, 0.4, -0.2], [1.0, 0.5, 0.3]], [[0.8, 0.0, 0.3], [1.0, 0.5, 0.4]]]
start: [0.083409999999999998, 1.9325600000000001, -1.95, 0.82691000000000003, -4.1946300000000001, -1.55569, 0.66934000000000005]
tajectories: [[0.08341, 1.93256, -1.95, 0.82691, -4.19463, -1.55569, 0.66934], [0.15395, 1.55848, -1.90035, 0.91631, -4.05897, -1.36599, 0.86994], [0.22448, 1.18441, -1.85069, 1.00572, -3.9233, -1.17628, 1.07053], [0.29502, 0.81034, -1.80104, 1.09513, -3.78764, -0.98657, 1.27113], [0.36556, 0.43626, -1.75138, 1.18453, -3.65197, -0.79686, 1.47173], [0.4361, 0.06219, -1.70173, 1.27394, -3.51631, -0.60716, 1.67233], [0.50664, -0.31189, -1.65208, 1.36334, -3.38064, -0.41745, 1.87293], [0.57718, -0.68596, -1.60242, 1.45275, -3.24498, -0.22774, 2.07353], [0.64771, -1.06004, -1.55277, 1.54216, -3.10931, -0.03804, 2.27413], [0.6705, -1.18088, -1.53673, 1.57104, -3.06549, 0.02325, 2.33893], [0.93559, -0.89485, -1.7038, 1.6271, -3.29682, -0.05168, 2.42681], [1.20068, -0.60881, -1.87087, 1.68317, -3.52816, -0.12661, 2.51469], [1.46577, -0.32277, -2.03795, 1.73923, -3.7595, -0.20154, 2.60257], [1.73085, -0.03674, -2.20502, 1.7953, -3.99084, -0.27647, 2.69045], [1.99594, 0.2493, -2.37209, 1.85136, -4.22218, -0.3514, 2.77833], [2.26103, 0.53534, -2.53916, 1.90743, -4.45351, -0.42633, 2.86621], [2.52612, 0.82137, -2.70624, 1.96349, -4.68485, -0.50126, 2.95409], [2.53805, 0.83424, -2.71375, 1.96602, -4.69526, -0.50463, 2.95805], [2.29191, 0.9964, -2.56643, 1.90089, -4.64143, -0.64503, 2.61957], [2.04577, 1.15855, -2.4191, 1.83576, -4.58761, -0.78542, 2.28109], [1.79963, 1.3207, -2.27177, 1.77063, -4.53378, -0.92582, 1.94261], [1.5535, 1.48285, -2.12444, 1.7055, -4.47995, -1.06622, 1.60414], [1.30736, 1.645, -1.97712, 1.64037, -4.42612, -1.20661, 1.26566], [1.06122, 1.80715, -1.82979, 1.57524, -4.37229, -1.34701, 0.92718]]
end: [0.84438000000000002, 1.95, -1.7, 1.51786, -4.3248699999999998, -1.4706900000000001, 0.62899000000000005]
obtacles: [[[0.6, -0.4, -0.2], [1.0, 0.6, -0.3]], [[0.8, -0.0, -0.2], [1.0, 0.1, 0.3]], [[0.8, 0.4, -0.2], [1.0, 0.5, 0.3]], [[0.8, 0.0, 0.3], [1.0, 0.5, 0.4]]]
start: [0.065189999999999998, 1.58578, -1.7, 0.83411000000000002, -4.6142200000000004, -1.4853400000000001, 0.76375000000000004]
tajectories: [[0.06519, 1.58578, -1.7, 0.83411, -4.61422, -1.48534, 0.76375], [-0.04949, 1.39375, -1.91665, 1.1613, -4.46814, -1.3865, 0.8857], [-0.16417, 1.20171, -2.13331, 1.48848, -4.32206, -1.28766, 1.00765], [-0.27885, 1.00968, -2.34996, 1.81567, -4.17599, -1.18882, 1.12961], [-0.39353, 0.81764, -2.56662, 2.14286, -4.02991, -1.08998, 1.25156], [-0.42616, 0.763, -2.62826, 2.23595, -3.98834, -1.06186, 1.28626], [-0.1045, 0.8327, -2.38888, 2.2101, -3.93917, -0.78798, 1.36551], [0.21715, 0.9024, -2.1495, 2.18425, -3.88999, -0.5141, 1.44475], [0.53881, 0.9721, -1.91012, 2.1584, -3.84081, -0.24022, 1.524], [0.86047, 1.0418, -1.67074, 2.13255, -3.79164, 0.03366, 1.60325], [1.18212, 1.1115, -1.43136, 2.1067, -3.74246, 0.30753, 1.68249], [1.39711, 1.15808, -1.27137, 2.08942, -3.70959, 0.49058, 1.73546], [1.26438, 1.26538, -1.34707, 1.93185, -3.84632, 0.13483, 1.5232], [1.13166, 1.37268, -1.42278, 1.77429, -3.98306, -0.22093, 1.31093], [0.99894, 1.47998, -1.49848, 1.61673, -4.11979, -0.57668, 1.09867], [0.86622, 1.58728, -1.57418, 1.45917, -4.25653, -0.93244, 0.8864], [0.7335, 1.69458, -1.64988, 1.3016, -4.39326, -1.2882, 0.67414]]
end: [0.64563000000000004, 1.76562, -1.7, 1.19729, -4.4837899999999999, -1.52372, 0.53361000000000003]
obtacles: [[[0.6, -0.4, -0.2], [1.0, 0.6, -0.3]], [[0.8, -0.0, -0.2], [1.0, 0.1, 0.3]], [[0.8, 0.4, -0.2], [1.0, 0.5, 0.3]], [[0.8, 0.0, 0.3], [1.0, 0.5, 0.4]]]
start: [-0.39885999999999999, 1.58555, -1.55, -0.84048, -4.73726, -1.56515, -0.44140000000000001]
tajectories: [[-0.39886, 1.58555, -1.55, -0.84048, -4.73726, -1.56515, -0.4414], [-0.40081, 1.24419, -1.65313, -0.77051, -4.51472, -1.49658, -0.18899], [-0.40275, 0.90283, -1.75626, -0.70055, -4.29218, -1.428, 0.06342], [-0.4047, 0.56147, -1.85939, -0.63058, -4.06964, -1.35942, 0.31583], [-0.40665, 0.22011, -1.96252, -0.56062, -3.8471, -1.29085, 0.56824], [-0.4086, -0.12125, -2.06565, -0.49065, -3.62456, -1.22227, 0.82065], [-0.41055, -0.46261, -2.16878, -0.42068, -3.40202, -1.1537, 1.07306], [-0.41095, -0.532, -2.18975, -0.40646, -3.35678, -1.13976, 1.12437], [-0.09595, -0.2562, -2.24824, -0.18856, -3.47978, -1.14553, 1.0314], [0.21905, 0.0196, -2.30674, 0.02935, -3.60278, -1.15131, 0.93843], [0.53404, 0.2954, -2.36523, 0.24726, -3.72578, -1.15708, 0.84546], [0.84904, 0.5712, -2.42373, 0.46517, -3.84878, -1.16286, 0.75249], [1.16403, 0.847, -2.48223, 0.68307, -3.97178, -1.16863, 0.65952], [1.47903, 1.1228, -2.54072, 0.90098, -4.09478, -1.17441, 0.56655], [1.79403, 1.39861, -2.59922, 1.11889, -4.21778, -1.18018, 0.47358], [2.05735, 1.62916, -2.64812, 1.30105, -4.3206, -1.18501, 0.39586], [1.89497, 1.67003, -2.35921, 1.4105, -4.43292, -1.19098, 0.05843], [1.73258, 1.7109, -2.07029, 1.51994, -4.54524, -1.19696, -0.279], [1.57019, 1.75176, -1.78138, 1.62938, -4.65756, -1.20293, -0.61642], [1.4078, 1.79263, -1.49246, 1.73883, -4.76988, -1.20891, -0.95385], [1.39771, 1.79517, -1.47451, 1.74563, -4.77686, -1.20928, -0.97482], [1.19857, 1.77226, -1.52393, 1.58679, -4.71299, -1.30591, -0.56405], [0.99943, 1.74935, -1.57335, 1.42795, -4.64912, -1.40254, -0.15329], [0.80029, 1.72645, -1.62276, 1.26911, -4.58525, -1.49917, 0.25748]]
end: [0.69054000000000004, 1.7138199999999999, -1.6499999999999999, 1.18157, -4.5500499999999997, -1.55243, 0.48386000000000001]
obtacles: [[[0.6, -0.4, -0.2], [1.0, 0.6, -0.3]], [[0.8, -0.0, -0.2], [1.0, 0.1, 0.3]], [[0.8, 0.4, -0.2], [1.0, 0.5, 0.3]], [[0.8, 0.0, 0.3], [1.0, 0.5, 0.4]]]
start: [-0.0069899999999999997, 1.8297300000000001, -2.0, 0.78193999999999997, -4.2250300000000003, -1.4688300000000001, 0.70682]
tajectories: [[-0.00699, 1.82973, -2.0, 0.78194, -4.22503, -1.46883, 0.70682], [0.02829, 1.73912, -2.234, 1.18596, -4.20671, -1.44544, 0.85405], [0.06356, 1.64851, -2.468, 1.58998, -4.18838, -1.42205, 1.00127], [0.07053, 1.63062, -2.5142, 1.66975, -4.18476, -1.41743, 1.03035], [0.32812, 1.27113, -2.44092, 1.52815, -4.19936, -1.24815, 1.04137], [0.58253, 0.91608, -2.36854, 1.3883, -4.21377, -1.08096, 1.05226], [0.79071, 1.08967, -2.0714, 1.54523, -4.36796, -1.20907, 0.89922], [0.99889, 1.26327, -1.77426, 1.70215, -4.52214, -1.33718, 0.74618], [1.20708, 1.43687, -1.47712, 1.85908, -4.67633, -1.46529, 0.59314], [1.24976, 1.47246, -1.41619, 1.89126, -4.70794, -1.49156, 0.56176], [1.08227, 1.66691, -1.68402, 1.66035, -4.51666, -1.37384, 0.46884], [0.91478, 1.86137, -1.95185, 1.42943, -4.32538, -1.25613, 0.37593]]
end: [0.88466, 1.89632, -2.0, 1.38792, -4.2910000000000004, -1.2349600000000001, 0.35921999999999998]
obtacles: [[[0.6, -0.4, -0.2], [1.0, 0.6, -0.3]], [[0.8, -0.0, -0.2], [1.0, 0.1, 0.3]], [[0.8, 0.4, -0.2], [1.0, 0.5, 0.3]], [[0.8, 0.0, 0.3], [1.0, 0.5, 0.4]]]
start: [2.6112299999999999, -1.7453099999999999, -1.45, 0.98568, -1.7826599999999999, -1.56776, -0.44441999999999998]
tajectories: [[2.61123, -1.74531, -1.45, 0.98568, -1.78266, -1.56776, -0.44442], [2.59487, -1.33461, -1.446, 1.02213, -1.5975, -1.36873, -0.52072], [2.57851, -0.92392, -1.442, 1.05858, -1.41233, -1.16971, -0.59703], [2.56215, -0.51323, -1.43799, 1.09503, -1.22717, -0.97069, -0.67334], [2.54579, -0.10254, -1.43399, 1.13147, -1.042, -0.77166, -0.74965], [2.52943, 0.30816, -1.42999, 1.16792, -0.85684, -0.57264, -0.82596], [2.51827, 0.5885, -1.42726, 1.1928, -0.73045, -0.43678, -0.87805], [2.53602, 0.34974, -1.60617, 1.33757, -0.47266, -0.18966, -0.98843], [2.55378, 0.11097, -1.78508, 1.48234, -0.21487, 0.05747, -1.09881], [2.57154, -0.12779, -1.96399, 1.62711, 0.04292, 0.30459, -1.2092], [2.5893, -0.36656, -2.1429, 1.77188, 0.30071, 0.55171, -1.31958], [2.59819, -0.48613, -2.2325, 1.84439, 0.42982, 0.67548, -1.37486], [2.37201, -0.16814, -2.16253, 1.77862, 0.21719, 0.7882, -1.54974], [2.14582, 0.14985, -2.09255, 1.71285, 0.00456, 0.90093, -1.72461], [1.91964, 0.46785, -2.02258, 1.64708, -0.20806, 1.01365, -1.89949], [1.69345, 0.78584, -1.9526, 1.58131, -0.42069, 1.12637, -2.07437], [1.46727, 1.10383, -1.88263, 1.51555, -0.63331, 1.2391, -2.24925], [1.24109, 1.42183, -1.81265, 1.44978, -0.84594, 1.35182, -2.42413], [1.0149, 1.73982, -1.74268, 1.38401, -1.05857, 1.46455, -2.59901]]
end: [0.87695999999999996, 1.9337500000000001, -1.7, 1.3439000000000001, -1.18824, 1.53329, -2.70566]
obtacles: [[[0.6, -0.4, -0.2], [1.0, 0.6, -0.3]], [[0.8, -0.0, -0.2], [1.0, 0.1, 0.3]], [[0.8, 0.4, -0.2], [1.0, 0.5, 0.3]], [[0.8, 0.0, 0.3], [1.0, 0.5, 0.4]]]
start: [0.11005, 1.6727399999999999, -1.7, 1.15459, -1.42496, 1.4946299999999999, -2.1092300000000002]
tajectories: [[0.11005, 1.67274, -1.7, 1.15459, -1.42496, 1.49463, -2.10923], [0.19173, 1.62318, -1.61862, 1.53099, -1.35105, 1.29219, -1.89446], [0.2734, 1.57362, -1.53723, 1.9074, -1.27715, 1.08975, -1.6797], [0.35507, 1.52406, -1.45585, 2.2838, -1.20324, 0.88731, -1.46494], [0.38251, 1.50741, -1.42851, 2.41026, -1.17841, 0.81929, -1.39278], [0.79111, 1.44301, -1.57376, 2.57922, -1.23564, 0.97616, -1.35575], [1.19972, 1.37862, -1.719, 2.74817, -1.29287, 1.13303, -1.31871], [1.60832, 1.31422, -1.86425, 2.91713, -1.35009, 1.2899, -1.28167], [1.88541, 1.27055, -1.96275, 3.03171, -1.3889, 1.39628, -1.25656], [1.68286, 1.38218, -1.92468, 2.69033, -1.35559, 1.42481, -1.53333], [1.48032, 1.49381, -1.88661, 2.34896, -1.32228, 1.45334, -1.81011], [1.27777, 1.60544, -1.84853, 2.00759, -1.28897, 1.48188, -2.08689], [1.07522, 1.71707, -1.81046, 1.66621, -1.25566, 1.51041, -2.36366], [0.87268, 1.8287, -1.77239, 1.32484, -1.22235, 1.53894, -2.64044]]
end: [0.75356999999999996, 1.8943399999999999, -1.75, 1.12409, -1.2027699999999999, 1.55572, -2.8031999999999999]
obtacles: [[[0.6, -0.4, -0.2], [1.0, 0.6, -0.3]], [[0.8, -0.0, -0.2], [1.0, 0.1, 0.3]], [[0.8, 0.4, -0.2], [1.0, 0.5, 0.3]], [[0.8, 0.0, 0.3], [1.0, 0.5, 0.4]]]
start: [0.042959999999999998, 1.67957, -1.75, 0.59175, -1.36165, 1.56206, -2.60351]
tajectories: [[0.04296, 1.67957, -1.75, 0.59175, -1.36165, 1.56206, -2.60351], [0.0747, 1.48356, -1.8052, 0.99377, -1.5616, 1.48676, -2.58742], [0.10644, 1.28756, -1.86039, 1.39579, -1.76156, 1.41147, -2.57133], [0.13818, 1.09156, -1.91559, 1.7978, -1.96152, 1.33618, -2.55524], [0.15619, 0.98032, -1.94691, 2.02596, -2.075, 1.29344, -2.54611], [0.38986, 1.06111, -1.91123, 2.01474, -1.92304, 1.24324, -2.14379], [0.62352, 1.14191, -1.87555, 2.00351, -1.77108, 1.19304, -1.74147], [0.85719, 1.22271, -1.83987, 1.99228, -1.61912, 1.14284, -1.33915], [1.09085, 1.30351, -1.8042, 1.98105, -1.46716, 1.09264, -0.93683], [1.32452, 1.38431, -1.76852, 1.96983, -1.3152, 1.04244, -0.53451], [1.55818, 1.46511, -1.73284, 1.9586, -1.16324, 0.99224, -0.13219], [1.66037, 1.50045, -1.71723, 1.95369, -1.09679, 0.97029, 0.04376], [1.48381, 1.55396, -1.72299, 1.84837, -1.13275, 1.05473, -0.39943], [1.30725, 1.60746, -1.72874, 1.74305, -1.16871, 1.13918, -0.84261], [1.13069, 1.66097, -1.7345, 1.63773, -1.20468, 1.22362, -1.2858], [0.95413, 1.71447, -1.74025, 1.53241, -1.24064, 1.30807, -1.72898], [0.77757, 1.76798, -1.746, 1.42708, -1.27661, 1.39251, -2.17217]]
end: [0.65493999999999997, 1.80514, -1.75, 1.3539399999999999, -1.30158, 1.45116, -2.4799699999999998]
obtacles: [[[0.6, -0.4, -0.2], [1.0, 0.6, -0.3]], [[0.8, -0.0, -0.2], [1.0, 0.1, 0.3]], [[0.8, 0.4, -0.2], [1.0, 0.5, 0.3]], [[0.8, 0.0, 0.3], [1.0, 0.5, 0.4]]]
start: [2.6072600000000001, -1.7080200000000001, -1.5, 1.1688499999999999, -1.72472, -1.55983, -0.62880999999999998]
tajectories: [[2.60726, -1.70802, -1.5, 1.16885, -1.72472, -1.55983, -0.62881], [2.30314, -1.68379, -1.27794, 1.29825, -1.61492, -1.37932, -0.41379], [1.99902, -1.65955, -1.05588, 1.42765, -1.50513, -1.19881, -0.19878], [1.6949, -1.63531, -0.83383, 1.55705, -1.39533, -1.01831, 0.01624], [1.39078, -1.61107, -0.61177, 1.68644, -1.28554, -0.8378, 0.23125], [1.08666, -1.58683, -0.38971, 1.81584, -1.17574, -0.65729, 0.44627], [0.78254, -1.56259, -0.16765, 1.94524, -1.06594, -0.47679, 0.66128], [0.57105, -1.54574, -0.01323, 2.03522, -0.98959, -0.35126, 0.8108], [0.39818, -1.40959, 0.22362, 2.13998, -0.90013, -0.05968, 0.60713], [0.22531, -1.27345, 0.46047, 2.24474, -0.81068, 0.2319, 0.40345], [0.05244, -1.1373, 0.69732, 2.3495, -0.72122, 0.52349, 0.19978], [-0.12043, -1.00116, 0.93418, 2.45426, -0.63176, 0.81507, -0.00389], [-0.2933, -0.86501, 1.17103, 2.55902, -0.54231, 1.10666, -0.20757], [-0.4075, -0.77507, 1.3275, 2.62823, -0.48321, 1.29928, -0.34212], [-0.81293, -0.88398, 1.16878, 2.56257, -0.33472, 1.23617, -0.47712], [-1.21837, -0.99289, 1.01006, 2.49691, -0.18622, 1.17306, -0.61212], [-1.6238, -1.1018, 0.85134, 2.43124, -0.03773, 1.10995, -0.74711], [-1.64974, -1.10877, 0.84119, 2.42704, -0.02823, 1.10591, -0.75575], [-1.7845, -1.26448, 0.95144, 2.23061, -0.23256, 1.18639, -1.08533], [-1.91926, -1.42019, 1.0617, 2.03419, -0.43689, 1.26687, -1.41492], [-2.05401, -1.57591, 1.17196, 1.83776, -0.64122, 1.34734, -1.7445], [-2.18877, -1.73162, 1.28222, 1.64133, -0.84556, 1.42782, -2.07408], [-2.32353, -1.88734, 1.39248, 1.4449, -1.04989, 1.5083, -2.40366]]
end: [-2.39384, -1.96858, 1.45, 1.3424199999999999, -1.15649, 1.5502800000000001, -2.5756199999999998]
obtacles: [[[0.6, -0.4, -0.2], [1.0, 0.6, -0.3]], [[0.8, -0.0, -0.2], [1.0, 0.1, 0.3]], [[0.8, 0.4, -0.2], [1.0, 0.5, 0.3]], [[0.8, 0.0, 0.3], [1.0, 0.5, 0.4]]]
start: [-0.85870000000000002, 1.88598, 1.8, 1.49492, -1.90883, -1.37771, -0.56659000000000004]
tajectories: [[-0.8587, 1.88598, 1.8, 1.49492, -1.90883, -1.37771, -0.56659], [-0.82789, 1.60978, 1.8374, 1.52052, -1.69377, -1.22909, -0.88654], [-0.79708, 1.33359, 1.8748, 1.54613, -1.4787, -1.08046, -1.2065], [-0.76627, 1.0574, 1.91221, 1.57173, -1.26364, -0.93184, -1.52645], [-0.73546, 0.7812, 1.94961, 1.59734, -1.04857, -0.78322, -1.84641], [-0.70465, 0.50501, 1.98701, 1.62294, -0.8335, -0.63459, -2.16636], [-0.68144, 0.29687, 2.0152, 1.64223, -0.67143, -0.52259, -2.40748], [-0.29051, 0.47108, 1.89118, 1.86689, -0.65367, -0.4992, -2.41793], [0.10043, 0.64528, 1.76715, 2.09155, -0.6359, -0.47581, -2.42839], [0.49136, 0.81949, 1.64313, 2.31621, -0.61813, -0.45242, -2.43884], [0.88229, 0.99369, 1.51911, 2.54087, -0.60037, -0.42904, -2.44929], [0.98173, 1.038, 1.48756, 2.59802, -0.59585, -0.42309, -2.45195], [0.75453, 1.19044, 1.54858, 2.40425, -0.83435, -0.60216, -2.24002], [0.52732, 1.34288, 1.60959, 2.21048, -1.07286, -0.78123, -2.02808], [0.30011, 1.49532, 1.67061, 2.01671, -1.31137, -0.9603, -1.81615], [0.0729, 1.64776, 1.73162, 1.82294, -1.54987, -1.13937, -1.60421], [-0.1543, 1.8002, 1.79264, 1.62916, -1.78838, -1.31844, -1.39228]]
end: [-0.18171999999999999, 1.8185899999999999, 1.8, 1.60578, -1.8171600000000001, -1.34005, -1.3667100000000001]
obtacles: [[[0.6, -0.4, -0.2], [1.0, 0.6, -0.3]], [[0.8, -0.0, -0.2], [1.0, 0.1, 0.3]], [[0.8, 0.4, -0.2], [1.0, 0.5, 0.3]], [[0.8, 0.0, 0.3], [1.0, 0.5, 0.4]]]
start: [-0.68252000000000002, 1.79095, 1.8, 1.71275, -1.7628699999999999, -1.31772, -0.98028000000000004]
tajectories: [[-0.68252, 1.79095, 1.8, 1.71275, -1.76287, -1.31772, -0.98028], [-0.89841, 1.70271, 1.64899, 1.83598, -1.75815, -1.27179, -1.3746], [-1.1143, 1.61448, 1.49799, 1.95922, -1.75344, -1.22586, -1.76892], [-1.33019, 1.52624, 1.34698, 2.08245, -1.74872, -1.17993, -2.16323], [-1.54607, 1.43801, 1.19598, 2.20568, -1.74401, -1.134, -2.55755], [-1.64898, 1.39595, 1.124, 2.26442, -1.74176, -1.11211, -2.74551], [-1.21234, 1.29649, 1.1986, 2.32248, -1.8088, -1.12461, -2.55612], [-0.77571, 1.19703, 1.27321, 2.38054, -1.87584, -1.13711, -2.36673], [-0.33907, 1.09756, 1.34781, 2.4386, -1.94287, -1.14961, -2.17734], [-0.15789, 1.05629, 1.37877, 2.4627, -1.97069, -1.1548, -2.09876], [-0.19948, 1.32602, 1.51864, 2.18595, -1.93498, -1.21451, -1.82577], [-0.24108, 1.59575, 1.65852, 1.90921, -1.89927, -1.27423, -1.55278], [-0.28268, 1.86548, 1.79839, 1.63246, -1.86356, -1.33394, -1.2798]]
end: [-0.28316000000000002, 1.8685799999999999, 1.8, 1.6292800000000001, -1.8631500000000001, -1.33463, -1.2766599999999999]
obtacles: [[[0.6, -0.4, -0.2], [1.0, 0.6, -0.3]], [[0.8, -0.0, -0.2], [1.0, 0.1, 0.3]], [[0.8, 0.4, -0.2], [1.0, 0.5, 0.3]], [[0.8, 0.0, 0.3], [1.0, 0.5, 0.4]]]
start: [-0.44684000000000001, 1.62425, 1.8, 0.48515999999999998, -1.7987599999999999, -1.5122199999999999, -0.02546]
tajectories: [[-0.44684, 1.62425, 1.8, 0.48516, -1.79876, -1.51222, -0.02546], [-0.67642, 1.28693, 1.87831, 0.60108, -1.85127, -1.3108, -0.16903], [-0.90599, 0.94961, 1.95662, 0.71701, -1.90378, -1.10937, -0.31259], [-1.13557, 0.6123, 2.03493, 0.83293, -1.95629, -0.90795, -0.45616], [-1.36515, 0.27498, 2.11323, 0.94885, -2.0088, -0.70652, -0.59973], [-1.59473, -0.06234, 2.19154, 1.06478, -2.06131, -0.5051, -0.74329], [-1.8243, -0.39966, 2.26985, 1.1807, -2.11382, -0.30367, -0.88686], [-2.01442, -0.679, 2.3347, 1.2767, -2.15731, -0.13687, -1.00575], [-1.63974, -0.71658, 2.25321, 1.30479, -2.39358, -0.29536, -1.14655], [-1.26506, -0.75416, 2.17171, 1.33288, -2.62986, -0.45386, -1.28734], [-0.89037, -0.79174, 2.09022, 1.36098, -2.86613, -0.61236, -1.42814], [-0.51569, -0.82932, 2.00872, 1.38907, -3.10241, -0.77085, -1.56894], [-0.14101, -0.8669, 1.92723, 1.41716, -3.33868, -0.92935, -1.70973], [0.23367, -0.90448, 1.84573, 1.44525, -3.57496, -1.08784, -1.85053], [0.51523, -0.93272, 1.78449, 1.46636, -3.75251, -1.20694, -1.95633], [0.41144, -0.52793, 1.75866, 1.47203, -3.50149, -1.25749, -1.86086], [0.30765, -0.12315, 1.73283, 1.47769, -3.25047, -1.30804, -1.7654], [0.20386, 0.28163, 1.707, 1.48335, -2.99946, -1.35859, -1.66993], [0.10007, 0.68642, 1.68117, 1.48902, -2.74844, -1.40914, -1.57446], [-0.00372, 1.0912, 1.65535, 1.49468, -2.49742, -1.45968, -1.47899], [-0.10751, 1.49599, 1.62952, 1.50035, -2.24641, -1.51023, -1.38352], [-0.2113, 1.90077, 1.60369, 1.50601, -1.99539, -1.56078, -1.28805]]
end: [-0.22611000000000001, 1.9585399999999999, 1.6000000000000001, 1.50682, -1.95957, -1.56799, -1.27443]
obtacles: [[[0.6, -0.4, -0.2], [1.0, 0.6, -0.3]], [[0.8, -0.0, -0.2], [1.0, 0.1, 0.3]], [[0.8, 0.4, -0.2], [1.0, 0.5, 0.3]], [[0.8, 0.0, 0.3], [1.0, 0.5, 0.4]]]
start: [-0.37726999999999999, 1.8936500000000001, 2.0, 0.70216000000000001, -2.1016300000000001, -1.55813, -0.25048999999999999]
tajectories: [[-0.37727, 1.89365, 2.0, 0.70216, -2.10163, -1.55813, -0.25049], [-0.45209, 1.81696, 2.10755, 0.98603, -1.92433, -1.2421, -0.37323], [-0.52691, 1.74027, 2.21511, 1.2699, -1.74703, -0.92608, -0.49596], [-0.60173, 1.66358, 2.32266, 1.55376, -1.56973, -0.61005, -0.61869], [-0.67655, 1.58689, 2.43022, 1.83763, -1.39243, -0.29402, -0.74142], [-0.75137, 1.5102, 2.53777, 2.1215, -1.21512, 0.022, -0.86415], [-0.76869, 1.49244, 2.56268, 2.18722, -1.17407, 0.09517, -0.89257], [-0.755, 1.53529, 2.41978, 2.24311, -1.61324, 0.24537, -0.79764], [-0.74131, 1.57815, 2.27689, 2.29899, -2.0524, 0.39557, -0.70271], [-0.72761, 1.621, 2.134, 2.35488, -2.49156, 0.54576, -0.60778], [-0.71392, 1.66386, 1.99111, 2.41077, -2.93073, 0.69596, -0.51285], [-0.70023, 1.70672, 1.84822, 2.46665, -3.36989, 0.84616, -0.41792], [-0.68653, 1.74957, 1.70532, 2.52254, -3.80905, 0.99635, -0.32299], [-0.67284, 1.79243, 1.56243, 2.57842, -4.24821, 1.14655, -0.22807], [-0.67113, 1.79778, 1.54457, 2.58541, -4.3031, 1.16532, -0.2162], [-0.58546, 1.81281, 1.6049, 2.4155, -4.00226, 0.84184, -0.33776], [-0.49979, 1.82783, 1.66522, 2.24558, -3.70142, 0.51835, -0.45932], [-0.41412, 1.84285, 1.72555, 2.07567, -3.40057, 0.19487, -0.58088], [-0.32846, 1.85788, 1.78588, 1.90576, -3.09973, -0.12861, -0.70244], [-0.24279, 1.8729, 1.8462, 1.73584, -2.79888, -0.4521, -0.824], [-0.15712, 1.88793, 1.90653, 1.56593, -2.49804, -0.77558, -0.94556], [-0.07146, 1.90295, 1.96686, 1.39602, -2.19719, -1.09906, -1.06713]]
end: [-0.024389999999999998, 1.9112, 2.0, 1.30267, -2.0319199999999999, -1.27677, -1.13391]
obtacles: [[[0.6, -0.4, -0.2], [1.0, 0.6, -0.3]], [[0.8, -0.0, -0.2], [1.0, 0.1, 0.3]], [[0.8, 0.4, -0.2], [1.0, 0.5, 0.3]], [[0.8, 0.0, 0.3], [1.0, 0.5, 0.4]]]
start: [-0.67830999999999997, 1.6619900000000001, 1.75, 1.3963399999999999, -1.6931499999999999, -1.4111199999999999, -0.70003000000000004]
tajectories: [[-0.67831, 1.66199, 1.75, 1.39634, -1.69315, -1.41112, -0.70003], [-0.53995, 1.40404, 2.02531, 1.52322, -1.51608, -1.43412, -0.90138], [-0.46419, 1.2628, 2.17605, 1.59269, -1.41912, -1.44672, -1.01162], [-0.1301, 1.37702, 2.00136, 1.72207, -1.69183, -1.41703, -0.95843], [-0.07686, 1.39521, 1.97352, 1.74269, -1.73529, -1.41229, -0.94995], [7e-05, 1.76862, 1.80396, 1.61489, -1.86091, -1.53495, -1.01736]]
end: [-0.17644000000000001, 1.83487, 1.75, 1.6075200000000001, -1.8326, -1.38825, -1.3831199999999999]
obtacles: [[[0.6, -0.4, -0.2], [1.0, 0.6, -0.3]], [[0.8, -0.0, -0.2], [1.0, 0.1, 0.3]], [[0.8, 0.4, -0.2], [1.0, 0.5, 0.3]], [[0.8, 0.0, 0.3], [1.0, 0.5, 0.4]]]
start: [-0.82310000000000005, 1.8551800000000001, 1.75, 1.6495, -1.8455699999999999, -1.37697, -0.77378999999999998]
tajectories: [[-0.8231, 1.85518, 1.75, 1.6495, -1.84557, -1.37697, -0.77379], [-0.8771, 1.70599, 1.89664, 1.37988, -2.15318, -1.20847, -0.68653], [-0.9311, 1.55681, 2.04327, 1.11027, -2.46079, -1.03996, -0.59926], [-0.9851, 1.40763, 2.18991, 0.84065, -2.7684, -0.87146, -0.51199], [-1.01688, 1.31983, 2.27621, 0.68199, -2.94943, -0.7723, -0.46064], [-0.85722, 1.28193, 2.08229, 1.05799, -3.02048, -0.77542, -0.65821], [-0.69756, 1.24403, 1.88837, 1.43398, -3.09153, -0.77854, -0.85579], [-0.5379, 1.20613, 1.69446, 1.80998, -3.16258, -0.78165, -1.05336], [-0.41693, 1.17741, 1.54753, 2.09487, -3.21642, -0.78402, -1.20306], [-0.30845, 1.38434, 1.60296, 1.90006, -2.87298, -0.97264, -1.23242], [-0.19997, 1.59128, 1.65839, 1.70525, -2.52955, -1.16126, -1.26177], [-0.09149, 1.79822, 1.71382, 1.51044, -2.18612, -1.34989, -1.29113]]
end: [-0.02069, 1.9332800000000001, 1.75, 1.3832899999999999, -1.96197, -1.4730000000000001, -1.31029]
obtacles: [[[0.6, -0.4, -0.2], [1.0, 0.6, -0.3]], [[0.8, -0.0, -0.2], [1.0, 0.1, 0.3]], [[0.8, 0.4, -0.2], [1.0, 0.5, 0.3]], [[0.8, 0.0, 0.3], [1.0, 0.5, 0.4]]]
start: [-0.49358999999999997, 1.8365499999999999, 2.0, 0.59604999999999997, -2.07117, -1.56273, -0.042139999999999997]
tajectories: [[-0.49359, 1.83655, 2.0, 0.59605, -2.07117, -1.56273, -0.04214], [-0.62357, 1.64602, 2.04242, 0.69426, -2.14382, -1.29916, 0.29044], [-0.75354, 1.45548, 2.08484, 0.79248, -2.21648, -1.03559, 0.62302], [-0.88351, 1.26495, 2.12726, 0.8907, -2.28913, -0.77202, 0.9556], [-1.01348, 1.07441, 2.16968, 0.98891, -2.36179, -0.50846, 1.28819], [-1.14346, 0.88388, 2.2121, 1.08713, -2.43444, -0.24489, 1.62077], [-1.24001, 0.74234, 2.24361, 1.16009, -2.48841, -0.04909, 1.86784], [-1.21485, 0.48369, 2.24952, 1.44983, -2.78356, 0.05741, 1.87318], [-1.1897, 0.22504, 2.25543, 1.73957, -3.07871, 0.16391, 1.87852], [-1.16454, -0.0336, 2.26134, 2.02932, -3.37386, 0.27041, 1.88386], [-1.13938, -0.29225, 2.26726, 2.31906, -3.669, 0.37691, 1.8892], [-1.11423, -0.5509, 2.27317, 2.60881, -3.96415, 0.48342, 1.89455], [-1.10824, -0.61241, 2.27457, 2.67772, -4.03435, 0.50875, 1.89582], [-1.30508, -0.77848, 2.15556, 2.45664, -4.08425, 0.22773, 1.69789], [-1.50192, -0.94455, 2.03655, 2.23555, -4.13415, -0.05329, 1.49997], [-1.69876, -1.11062, 1.91753, 2.01447, -4.18406, -0.3343, 1.30205], [-1.8956, -1.27669, 1.79852, 1.79339, -4.23396, -0.61532, 1.10413], [-2.09243, -1.44276, 1.67951, 1.5723, -4.28386, -0.89634, 0.9062], [-2.28927, -1.60883, 1.56049, 1.35122, -4.33376, -1.17736, 0.70828], [-2.48611, -1.77489, 1.44148, 1.13014, -4.38366, -1.45837, 0.51036]]
end: [-2.5547200000000001, -1.83277, 1.3999999999999999, 1.05308, -4.4010499999999997, -1.5563100000000001, 0.44137999999999999]
obtacles: [[[0.6, -0.4, -0.2], [1.0, 0.6, -0.3]], [[0.8, -0.0, -0.2], [1.0, 0.1, 0.3]], [[0.8, 0.4, -0.2], [1.0, 0.5, 0.3]], [[0.8, 0.0, 0.3], [1.0, 0.5, 0.4]]]
start: [-0.86746999999999996, 1.6383099999999999, 1.6000000000000001, 1.4988900000000001, -4.7818399999999999, 1.5465800000000001, 2.512]
tajectories: [[-0.86747, 1.63831, 1.6, 1.49889, -4.78184, 1.54658, 2.512], [-0.80689, 1.59418, 1.74247, 1.16503, -4.69254, 1.36908, 2.24155], [-0.74632, 1.55004, 1.88494, 0.83118, -4.60324, 1.19158, 1.97109], [-0.68575, 1.50591, 2.02741, 0.49733, -4.51394, 1.01407, 1.70064], [-0.62518, 1.46178, 2.16987, 0.16347, -4.42464, 0.83657, 1.43018], [-0.56461, 1.41765, 2.31234, -0.17038, -4.33534, 0.65907, 1.15973], [-0.54763, 1.40528, 2.35227, -0.26395, -4.31031, 0.60932, 1.08393], [-0.65274, 1.44257, 2.37751, -0.04581, -4.05935, 0.34429, 0.84703], [-0.75784, 1.47986, 2.40274, 0.17233, -3.80839, 0.07926, 0.61014], [-0.86294, 1.51715, 2.42797, 0.39048, -3.55743, -0.18577, 0.37324], [-0.96805, 1.55445, 2.4532, 0.60862, -3.30648, -0.4508, 0.13634], [-1.07315, 1.59174, 2.47844, 0.82677, -3.05552, -0.71582, -0.10055], [-1.17826, 1.62903, 2.50367, 1.04491, -2.80456, -0.98085, -0.33745], [-1.28336, 1.66632, 2.5289, 1.26305, -2.5536, -1.24588, -0.57434], [-1.38846, 1.70361, 2.55413, 1.4812, -2.30265, -1.51091, -0.81124], [-1.38856, 1.70365, 2.55416, 1.4814, -2.30241, -1.51115, -0.81146], [-1.22953, 1.689, 2.20743, 1.75459, -2.14161, -1.47716, -0.76017], [-1.07049, 1.67435, 1.86071, 2.02778, -1.9808, -1.44317, -0.70889], [-0.91146, 1.6597, 1.51399, 2.30097, -1.82, -1.40918, -0.65761], [-0.75243, 1.64505, 1.16726, 2.57416, -1.6592, -1.37519, -0.60632], [-0.59339, 1.6304, 0.82054, 2.84735, -1.49839, -1.3412, -0.55504], [-0.4933, 1.62118, 0.60231, 3.0193, -1.39718, -1.31981, -0.52276], [-0.40064, 1.6278, 0.82378, 2.59781, -1.45733, -1.36756, -0.61642], [-0.30799, 1.63442, 1.04526, 2.17632, -1.51749, -1.41532, -0.71007], [-0.21534, 1.64104, 1.26673, 1.75483, -1.57764, -1.46307, -0.80373], [-0.12269, 1.64766, 1.4882, 1.33335, -1.63779, -1.51082, -0.89738]]
end: [-0.055, 1.6525000000000001, 1.6499999999999999, 1.0254300000000001, -1.6817299999999999, -1.5457099999999999, -0.96579999999999999]
