obtacles: [[[0.6, -0.4, -0.2], [1.0, 0.6, -0.3]], [[0.7, -0.1, -0.2], [0.9, -0.0, 0.4]], [[0.7, 0.4, -0.2], [0.9, 0.5, 0.4]], [[0.7, -0.1, 0.4], [0.9, 0.5, 0.5]]]
start: [2.4354900000000002, -1.95919, -1.0, 1.0324500000000001, -2.21218, -1.33341, -0.13189000000000001]
tajectories: [[2.43549, -1.95919, -1.0, 1.03245, -2.21218, -1.33341, -0.13189], [2.32854, -1.7701, -0.85103, 1.04371, -1.82946, -1.17106, -0.21933], [2.22158, -1.581, -0.70206, 1.05496, -1.44674, -1.0087, -0.30678], [2.11462, -1.3919, -0.55308, 1.06622, -1.06402, -0.84635, -0.39423], [2.00767, -1.2028, -0.40411, 1.07748, -0.6813, -0.68399, -0.48168], [1.90071, -1.0137, -0.25514, 1.08873, -0.29857, -0.52164, -0.56912], [1.79375, -0.8246, -0.10617, 1.09999, 0.08415, -0.35928, -0.65657], [1.6868, -0.6355, 0.0428, 1.11125, 0.46687, -0.19693, -0.74402], [1.57984, -0.4464, 0.19178, 1.1225, 0.84959, -0.03457, -0.83147], [1.55564, -0.40361, 0.22548, 1.12505, 0.93619, 0.00216, -0.85125], [1.67028, -0.10509, -0.01764, 1.21086, 0.95022, 0.28472, -0.88633], [1.78491, 0.19344, -0.26076, 1.29668, 0.96425, 0.56728, -0.92141], [1.89955, 0.49197, -0.50388, 1.38249, 0.97828, 0.84984, -0.95649], [2.01419, 0.7905, -0.747, 1.4683, 0.99232, 1.1324, -0.99157], [2.0468, 0.87543, -0.81616, 1.49272, 0.99631, 1.21279, -1.00155], [1.88159, 1.01078, -0.93152, 1.5431, 0.61883, 1.26598, -1.20945], [1.71639, 1.14612, -1.04688, 1.59348, 0.24135, 1.31916, -1.41735], [1.55118, 1.28146, -1.16223, 1.64386, -0.13613, 1.37235, -1.62526], [1.38597, 1.4168, -1.27759, 1.69424, -0.51362, 1.42553, -1.83316], [1.22077, 1.55214, -1.39294, 1.74462, -0.8911, 1.47872, -2.04106], [1.05556, 1.68749, -1.5083, 1.795, -1.26858, 1.5319, -2.24896]]
end: [0.99583999999999995, 1.73641, -1.55, 1.81321, -1.4050400000000001, 1.5511299999999999, -2.3241200000000002]
obtacles: [[[0.6, -0.4, -0.2], [1.0, 0.6, -0.3]], [[0.7, -0.1, -0.2], [0.9, -0.0, 0.4]], [[0.7, 0.4, -0.2], [0.9, 0.5, 0.4]], [[0.7, -0.1, 0.4], [0.9, 0.5, 0.5]]]
start: [2.1871100000000001, -1.7978700000000001, -1.5, 1.4079200000000001, -1.8064100000000001, -1.53929, -0.44163000000000002]
tajectories: [[2.18711, -1.79787, -1.5, 1.40792, -1.80641, -1.53929, -0.44163], [2.02816, -1.42094, -1.48131, 1.55213, -1.67131, -1.39023, -0.58668], [1.8692, -1.04401, -1.46261, 1.69634, -1.53621, -1.24117, -0.73173], [1.71025, -0.66707, -1.44392, 1.84055, -1.40111, -1.09211, -0.87678], [1.5513, -0.29014, -1.42522, 1.98476, -1.26601, -0.94306, -1.02183], [1.39234, 0.08679, -1.40653, 2.12896, -1.13091, -0.794, -1.16688], [1.35451, 0.17651, -1.40208, 2.16329, -1.09876, -0.75852, -1.20141], [1.62978, 0.28888, -1.60394, 2.10134, -0.87446, -0.64146, -0.97118], [1.90506, 0.40124, -1.8058, 2.03939, -0.65017, -0.52441, -0.74096], [2.18034, 0.51361, -2.00766, 1.97743, -0.42587, -0.40736, -0.51074], [2.45561, 0.62598, -2.20951, 1.91548, -0.20158, -0.2903, -0.28051], [2.45911, 0.62741, -2.21208, 1.91469, -0.19873, -0.28881, -0.27758], [2.23782, 0.79163, -2.11894, 1.9024, -0.36052, -0.03238, -0.54832], [2.01653, 0.95586, -2.0258, 1.8901, -0.52231, 0.22405, -0.81906], [1.79524, 1.12009, -1.93266, 1.87781, -0.6841, 0.48049, -1.08979], [1.57394, 1.28431, -1.83952, 1.86551, -0.84589, 0.73692, -1.36053], [1.35265, 1.44854, -1.74638, 1.85322, -1.00768, 0.99336, -1.63127], [1.13136, 1.61276, -1.65324, 1.84092, -1.16947, 1.24979, -1.90201], [0.91006, 1.77699, -1.5601, 1.82863, -1.33126, 1.50623, -2.17274]]
end: [0.88605999999999996, 1.7948, -1.55, 1.8272900000000001, -1.3488100000000001, 1.5340400000000001, -2.2021099999999998]
obtacles: [[[0.6, -0.4, -0.2], [1.0, 0.6, -0.3]], [[0.7, -0.1, -0.2], [0.9, -0.0, 0.4]], [[0.7, 0.4, -0.2], [0.9, 0.5, 0.4]], [[0.7, -0.1, 0.4], [0.9, 0.5, 0.5]]]
start: [2.2645499999999998, -1.6331, -1.5, 1.7781, -1.61737, -1.4887999999999999, -0.89693999999999996]
tajectories: [[2.26455, -1.6331, -1.5, 1.7781, -1.61737, -1.4888, -0.89694], [2.19743, -1.38008, -1.43155, 1.68481, -1.84597, -1.14846, -0.89574], [2.13031, -1.12706, -1.36311, 1.59153, -2.07457, -0.80813, -0.89453], [2.06318, -0.87403, -1.29466, 1.49824, -2.30316, -0.46779, -0.89332], [1.99606, -0.62101, -1.22621, 1.40496, -2.53176, -0.12746, -0.89212], [1.92894, -0.36799, -1.15776, 1.31167, -2.76036, 0.21288, -0.89091], [1.91458, -0.31386, -1.14312, 1.29171, -2.80926, 0.28569, -0.89065], [1.89482, -0.13123, -0.95943, 1.54913, -2.95543, 0.47117, -1.13659], [1.87506, 0.0514, -0.77575, 1.80654, -3.10159, 0.65664, -1.38254], [1.8553, 0.23403, -0.59206, 2.06396, -3.24776, 0.84211, -1.62848], [1.83554, 0.41666, -0.40838, 2.32137, -3.39393, 1.02759, -1.87442], [1.81578, 0.59928, -0.22469, 2.57879, -3.54009, 1.21306, -2.12037], [1.79602, 0.78191, -0.041, 2.83621, -3.68626, 1.39854, -2.36631], [1.79556, 0.78615, -0.03674, 2.84218, -3.68965, 1.40284, -2.37202], [1.65528, 0.94194, -0.26263, 2.69809, -3.32626, 1.42742, -2.33199], [1.51499, 1.09774, -0.48852, 2.55399, -2.96287, 1.45199, -2.29195], [1.3747, 1.25353, -0.71441, 2.4099, -2.59948, 1.47657, -2.25192], [1.23442, 1.40932, -0.9403, 2.2658, -2.23609, 1.50114, -2.21188], [1.09413, 1.56511, -1.16619, 2.12171, -1.8727, 1.52572, -2.17185], [0.95384, 1.7209, -1.39208, 1.97762, -1.50931, 1.55029, -2.13182]]
end: [0.88682000000000005, 1.7953300000000001, -1.5, 1.9087799999999999, -1.33571, 1.56203, -2.1126900000000002]
obtacles: [[[0.6, -0.4, -0.2], [1.0, 0.6, -0.3]], [[0.7, -0.1, -0.2], [0.9, -0.0, 0.4]], [[0.7, 0.4, -0.2], [0.9, 0.5, 0.4]], [[0.7, -0.1, 0.4], [0.9, 0.5, 0.5]]]
start: [-0.97089000000000003, 1.9610399999999999, 1.75, 1.91421, -1.89191, -1.28356, -0.86097999999999997]
tajectories: [[-0.97089, 1.96104, 1.75, 1.91421, -1.89191, -1.28356, -0.86098], [-1.06802, 1.87817, 1.57572, 2.16821, -1.78916, -1.41446, -1.19432], [-1.0946, 1.85549, 1.52801, 2.23774, -1.76103, -1.45029, -1.28557], [-0.75406, 1.88812, 1.47971, 2.31726, -1.92106, -1.28136, -1.12393], [-0.52594, 1.72403, 1.39198, 2.28107, -1.82081, -1.38004, -1.3621], [-0.3027, 1.81152, 1.65956, 2.00659, -1.78453, -1.33254, -1.56704]]
end: [-0.22725000000000001, 1.8410899999999999, 1.75, 1.9138299999999999, -1.77227, -1.3164899999999999, -1.6363000000000001]
obtacles: [[[0.6, -0.4, -0.2], [1.0, 0.6, -0.3]], [[0.7, -0.1, -0.2], [0.9, -0.0, 0.4]], [[0.7, 0.4, -0.2], [0.9, 0.5, 0.4]], [[0.7, -0.1, 0.4], [0.9, 0.5, 0.5]]]
start: [-0.97536999999999996, 1.5773600000000001, 1.75, 1.43252, -1.60236, -1.3942399999999999, -0.45376]
tajectories: [[-0.97537, 1.57736, 1.75, 1.43252, -1.60236, -1.39424, -0.45376], [-1.02107, 1.51749, 1.64682, 1.52324, -1.34495, -1.03203, -0.28645], [-1.06678, 1.45763, 1.54364, 1.61396, -1.08754, -0.66982, -0.11913], [-1.11248, 1.39777, 1.44045, 1.70468, -0.83014, -0.30761, 0.04819], [-1.15818, 1.3379, 1.33727, 1.7954, -0.57273, 0.0546, 0.2155], [-1.20388, 1.27804, 1.23409, 1.88612, -0.31532, 0.41682, 0.38282], [-1.24958, 1.21817, 1.13091, 1.97684, -0.05791, 0.77903, 0.55013], [-1.29529, 1.15831, 1.02773, 2.06756, 0.19949, 1.14124, 0.71745], [-1.31391, 1.13391, 0.98567, 2.10453, 0.30441, 1.28888, 0.78565], [-1.16865, 0.81448, 0.81062, 2.11274, 0.15963, 1.31034, 0.51228], [-1.02338, 0.49505, 0.63557, 2.12094, 0.01485, 1.3318, 0.23891], [-0.87812, 0.17563, 0.46052, 2.12914, -0.12994, 1.35327, -0.03446], [-0.73285, -0.1438, 0.28547, 2.13735, -0.27472, 1.37473, -0.30783], [-0.58759, -0.46323, 0.11042, 2.14555, -0.41951, 1.39619, -0.5812], [-0.44232, -0.78266, -0.06463, 2.15375, -0.56429, 1.41765, -0.85457], [-0.29706, -1.10209, -0.23968, 2.16196, -0.70907, 1.43912, -1.12794], [-0.23427, -1.24014, -0.31534, 2.1655, -0.77165, 1.44839, -1.24609], [-0.57637, -1.34452, -0.0045, 2.10948, -0.84454, 1.46707, -1.37515], [-0.91847, -1.44889, 0.30633, 2.05347, -0.91742, 1.48575, -1.50421], [-1.26057, -1.55326, 0.61716, 1.99745, -0.99031, 1.50442, -1.63328], [-1.60268, -1.65764, 0.92799, 1.94143, -1.06319, 1.5231, -1.76234], [-1.94478, -1.76201, 1.23883, 1.88541, -1.13608, 1.54178, -1.8914], [-2.28688, -1.86638, 1.54966, 1.8294, -1.20896, 1.56046, -2.02047]]
end: [-2.3973100000000001, -1.90008, 1.6499999999999999, 1.81131, -1.2324900000000001, 1.5664899999999999, -2.0621299999999998]
obtacles: [[[0.6, -0.4, -0.2], [1.0, 0.6, -0.3]], [[0.7, -0.1, -0.2], [0.9, -0.0, 0.4]], [[0.7, 0.4, -0.2], [0.9, 0.5, 0.4]], [[0.7, -0.1, 0.4], [0.9, 0.5, 0.5]]]
start: [-0.94720000000000004, 1.5294399999999999, 1.6000000000000001, 1.4429000000000001, -1.53348, -1.5365800000000001, -0.49693999999999999]
tajectories: [[-0.9472, 1.52944, 1.6, 1.4429, -1.53348, -1.53658, -0.49694], [-1.12296, 1.56377, 1.67641, 1.15793, -1.8832, -1.44653, -0.51861], [-1.29872, 1.59811, 1.75282, 0.87296, -2.23292, -1.35647, -0.54029], [-1.47448, 1.63244, 1.82922, 0.58798, -2.58263, -1.26642, -0.56196], [-1.65024, 1.66677, 1.90563, 0.30301, -2.93235, -1.17637, -0.58363], [-1.826, 1.70111, 1.98204, 0.01803, -3.28207, -1.08631, -0.6053], [-1.91013, 1.71754, 2.01862, -0.11838, -3.44948, -1.04321, -0.61567], [-1.64629, 1.55454, 2.08214, 0.06858, -3.31482, -0.97129, -0.9182], [-1.38244, 1.39155, 2.14566, 0.25555, -3.18017, -0.89937, -1.22072], [-1.1186, 1.22855, 2.20919, 0.44251, -3.04551, -0.82745, -1.52325], [-0.85475, 1.06555, 2.27271, 0.62948, -2.91085, -0.75553, -1.82578], [-0.59091, 0.90255, 2.33623, 0.81644, -2.7762, -0.68361, -2.1283], [-0.32707, 0.73955, 2.39975, 1.00341, -2.64154, -0.61169, -2.43083], [-0.15614, 0.63396, 2.44091, 1.12453, -2.55431, -0.56509, -2.62681], [0.1479, 0.43442, 2.47243, 1.40347, -2.43989, -0.48063, -2.49001], [0.45195, 0.23489, 2.50395, 1.68242, -2.32548, -0.39618, -2.35321], [0.756, 0.03535, 2.53547, 1.96136, -2.21107, -0.31172, -2.21641], [1.06004, -0.16418, 2.56699, 2.24031, -2.09666, -0.22726, -2.07961], [1.06157, -0.16518, 2.56715, 2.24171, -2.09609, -0.22683, -2.07892], [0.85233, 0.17895, 2.4069, 2.15447, -2.0644, -0.43702, -1.98238], [0.6431, 0.52308, 2.24665, 2.06724, -2.03271, -0.64721, -1.88584], [0.43386, 0.86722, 2.0864, 1.98001, -2.00102, -0.85739, -1.7893], [0.22462, 1.21135, 1.92615, 1.89278, -1.96933, -1.06758, -1.69276], [0.01539, 1.55548, 1.7659, 1.80555, -1.93764, -1.27777, -1.59621], [-0.19385, 1.89962, 1.60565, 1.71832, -1.90596, -1.48795, -1.49967]]
end: [-0.20122000000000001, 1.91174, 1.6000000000000001, 1.7152499999999999, -1.9048400000000001, -1.49536, -1.49627]
obtacles: [[[0.6, -0.4, -0.2], [1.0, 0.6, -0.3]], [[0.7, -0.1, -0.2], [0.9, -0.0, 0.4]], [[0.7, 0.4, -0.2], [0.9, 0.5, 0.4]], [[0.7, -0.1, 0.4], [0.9, 0.5, 0.5]]]
start: [-0.50249999999999995, 1.9439599999999999, 1.8999999999999999, 0.89349999999999996, -2.0632199999999998, -1.5646800000000001, -0.32675999999999999]
tajectories: [[-0.5025, 1.94396, 1.9, 0.8935, -2.06322, -1.56468, -0.32676], [-0.5527, 1.53003, 2.02026, 0.78254, -1.86872, -1.46066, -0.35339], [-0.6029, 1.11609, 2.14052, 0.67157, -1.67422, -1.35664, -0.38001], [-0.65309, 0.70215, 2.26078, 0.56061, -1.47971, -1.25262, -0.40663], [-0.70329, 0.28821, 2.38104, 0.44964, -1.28521, -1.1486, -0.43325], [-0.72955, 0.07162, 2.44396, 0.39158, -1.18344, -1.09417, -0.44718], [-0.81692, -0.00776, 2.30377, 0.77233, -1.33306, -0.87279, -0.45387], [-0.90429, -0.08714, 2.16357, 1.15308, -1.48267, -0.6514, -0.46055], [-0.99166, -0.16651, 2.02338, 1.53383, -1.63229, -0.43001, -0.46724], [-1.07903, -0.24589, 1.88318, 1.91458, -1.78191, -0.20863, -0.47393], [-1.08826, -0.25428, 1.86836, 1.95484, -1.79773, -0.18522, -0.47463], [-0.74539, -0.16456, 1.95473, 1.90184, -2.07626, -0.03884, -0.59755], [-0.40251, -0.07484, 2.0411, 1.84884, -2.35479, 0.10754, -0.72047], [-0.05963, 0.01488, 2.12747, 1.79583, -2.63332, 0.25392, -0.84339], [0.28325, 0.1046, 2.21384, 1.74283, -2.91185, 0.4003, -0.96631], [0.62613, 0.19432, 2.30021, 1.68983, -3.19038, 0.54668, -1.08923], [0.969, 0.28404, 2.38658, 1.63683, -3.46891, 0.69306, -1.21215], [1.03718, 0.30188, 2.40375, 1.62629, -3.5243, 0.72217, -1.23659], [0.84247, 0.54809, 2.31471, 1.64507, -3.29043, 0.42535, -1.25646], [0.64776, 0.79429, 2.22568, 1.66385, -3.05656, 0.12853, -1.27633], [0.45305, 1.04049, 2.13664, 1.68262, -2.82268, -0.16829, -1.2962], [0.25834, 1.2867, 2.0476, 1.7014, -2.58881, -0.4651, -1.31607], [0.06363, 1.5329, 1.95856, 1.72018, -2.35494, -0.76192, -1.33594], [-0.13108, 1.7791, 1.86953, 1.73895, -2.12107, -1.05874, -1.35581]]
end: [-0.28311999999999998, 1.97136, 1.8, 1.7536099999999999, -1.93845, -1.2905199999999999, -1.3713200000000001]
obtacles: [[[0.6, -0.4, -0.2], [1.0, 0.6, -0.3]], [[0.7, -0.1, -0.2], [0.9, -0.0, 0.4]], [[0.7, 0.4, -0.2], [0.9, 0.5, 0.4]], [[0.7, -0.1, 0.4], [0.9, 0.5, 0.5]]]
start: [-0.85292999999999997, 1.63496, 1.6499999999999999, 1.72183, -1.62253, -1.48298, -0.86407999999999996]
tajectories: [[-0.85293, 1.63496, 1.65, 1.72183, -1.62253, -1.48298, -0.86408], [-0.9454, 1.6846, 1.87753, 1.99931, -1.4553, -1.48738, -1.15084], [-1.01791, 1.72352, 2.05596, 2.2169, -1.32416, -1.49084, -1.3757], [-0.6684, 1.7029, 1.8963, 2.30628, -1.56211, -1.50469, -1.56839], [-0.53598, 1.69508, 1.8358, 2.34014, -1.65227, -1.50994, -1.6414], [-0.28626, 1.77743, 1.65226, 1.97693, -1.73188, -1.41946, -1.66828]]
end: [-0.28317999999999999, 1.7784500000000001, 1.6499999999999999, 1.97245, -1.7328699999999999, -1.41835, -1.6686099999999999]
obtacles: [[[0.6, -0.4, -0.2], [1.0, 0.6, -0.3]], [[0.7, -0.1, -0.2], [0.9, -0.0, 0.4]], [[0.7, 0.4, -0.2], [0.9, 0.5, 0.4]], [[0.7, -0.1, 0.4], [0.9, 0.5, 0.5]]]
start: [-0.83533000000000002, 1.65859, 1.6499999999999999, 1.19983, -1.6814, -1.52911, -0.35870000000000002]
tajectories: [[-0.83533, 1.65859, 1.65, 1.19983, -1.6814, -1.52911, -0.3587], [-0.85735, 1.37406, 1.59461, 1.23024, -1.46396, -1.3252, -0.63384], [-0.87936, 1.08953, 1.53921, 1.26065, -1.24651, -1.12128, -0.90898], [-0.90137, 0.805, 1.48382, 1.29106, -1.02907, -0.91737, -1.18412], [-0.92339, 0.52048, 1.42843, 1.32147, -0.81162, -0.71345, -1.45927], [-0.9454, 0.23595, 1.37303, 1.35188, -0.59418, -0.50954, -1.73441], [-0.95943, 0.05464, 1.33774, 1.37126, -0.45561, -0.3796, -1.90973], [-0.90581, -0.08017, 1.10528, 1.56473, -0.2155, -0.10376, -1.97096], [-0.8522, -0.21497, 0.87281, 1.7582, 0.02461, 0.17207, -2.03218], [-0.79858, -0.34977, 0.64035, 1.95167, 0.26472, 0.4479, -2.09341], [-0.74497, -0.48458, 0.40789, 2.14514, 0.50483, 0.72373, -2.15464], [-0.7259, -0.53252, 0.32523, 2.21394, 0.59021, 0.82181, -2.17641], [-0.99126, -0.72942, 0.51974, 2.14026, 0.29917, 0.93428, -2.16245], [-1.25662, -0.92632, 0.71424, 2.06658, 0.00812, 1.04675, -2.14849], [-1.52198, -1.12322, 0.90875, 1.9929, -0.28293, 1.15921, -2.13453], [-1.78734, -1.32011, 1.10326, 1.91922, -0.57398, 1.27168, -2.12057], [-2.0527, -1.51701, 1.29777, 1.84554, -0.86502, 1.38415, -2.10662], [-2.31806, -1.71391, 1.49228, 1.77185, -1.15607, 1.49661, -2.09266]]
end: [-2.46502, -1.8229599999999999, 1.6000000000000001, 1.73105, -1.3172600000000001, 1.5589, -2.0849299999999999]
obtacles: [[[0.6, -0.4, -0.2], [1.0, 0.6, -0.3]], [[0.7, -0.1, -0.2], [0.9, -0.0, 0.4]], [[0.7, 0.4, -0.2], [0.9, 0.5, 0.4]], [[0.7, -0.1, 0.4], [0.9, 0.5, 0.5]]]
start: [-1.0204599999999999, 1.5836399999999999, 1.6000000000000001, 1.6028100000000001, -1.5827, -1.5411999999999999, -0.58199000000000001]
tajectories: [[-1.02046, 1.58364, 1.6, 1.60281, -1.5827, -1.5412, -0.58199], [-1.06515, 1.55327, 1.54108, 1.6466, -1.45723, -1.08218, -0.4585], [-1.10984, 1.52289, 1.48217, 1.69038, -1.33175, -0.62316, -0.33501], [-1.15452, 1.49252, 1.42325, 1.73416, -1.20627, -0.16414, -0.21152], [-1.19921, 1.46214, 1.36433, 1.77795, -1.08079, 0.29487, -0.08803], [-1.2439, 1.43177, 1.30542, 1.82173, -0.95531, 0.75389, 0.03546], [-1.28642, 1.40286, 1.24936, 1.86339, -0.83592, 1.19064, 0.15295], [-1.17661, 1.35974, 1.30463, 1.8893, -0.61329, 1.03131, -0.24379], [-1.0668, 1.31661, 1.35991, 1.91522, -0.39067, 0.87197, -0.64054], [-0.95699, 1.27348, 1.41518, 1.94113, -0.16805, 0.71264, -1.03728], [-0.84719, 1.23036, 1.47045, 1.96705, 0.05458, 0.55331, -1.43403], [-0.73738, 1.18723, 1.52573, 1.99296, 0.2772, 0.39397, -1.83077], [-0.67059, 1.161, 1.55935, 2.00872, 0.41261, 0.29706, -2.07208], [-0.65057, 1.27695, 1.56621, 2.01084, 0.03769, 0.00646, -1.96678], [-0.63055, 1.3929, 1.57306, 2.01297, -0.33724, -0.28414, -1.86148], [-0.61053, 1.50884, 1.57992, 2.01509, -0.71216, -0.57475, -1.75618], [-0.59051, 1.62479, 1.58678, 2.01721, -1.08708, -0.86535, -1.65088], [-0.5705, 1.74074, 1.59363, 2.01933, -1.462, -1.15595, -1.54558]]
end: [-0.55191000000000001, 1.8483700000000001, 1.6000000000000001, 2.0213000000000001, -1.81002, -1.4256899999999999, -1.44784]
obtacles: [[[0.6, -0.4, -0.2], [1.0, 0.6, -0.3]], [[0.7, -0.1, -0.2], [0.9, -0.0, 0.4]], [[0.7, 0.4, -0.2], [0.9, 0.5, 0.4]], [[0.7, -0.1, 0.4], [0.9, 0.5, 0.5]]]
start: [-0.94125999999999999, 1.6294200000000001, 1.6000000000000001, 1.64011, -1.6272899999999999, -1.53765, -0.69706000000000001]
tajectories: [[-0.94126, 1.62942, 1.6, 1.64011, -1.62729, -1.53765, -0.69706], [-1.12482, 1.46375, 1.47318, 1.68868, -1.72279, -1.31232, -1.02951], [-1.30838, 1.29807, 1.34637, 1.73726, -1.81829, -1.087, -1.36196], [-1.49194, 1.13239, 1.21955, 1.78583, -1.91379, -0.86167, -1.69441], [-1.6594, 0.98123, 1.10385, 1.83014, -2.00091, -0.65609, -1.99771], [-1.70585, 0.59781, 1.21827, 2.01316, -1.76951, -0.65867, -1.97148], [-1.75231, 0.21439, 1.33269, 2.19617, -1.5381, -0.66125, -1.94525], [-1.79876, -0.16903, 1.44712, 2.37919, -1.30669, -0.66382, -1.91902], [-1.84521, -0.55245, 1.56154, 2.56221, -1.07528, -0.6664, -1.89279], [-1.89166, -0.93587, 1.67596, 2.74523, -0.84387, -0.66898, -1.86656], [-1.93811, -1.31928, 1.79038, 2.92824, -0.61247, -0.67156, -1.84033], [-1.94871, -1.40675, 1.81648, 2.96999, -0.55968, -0.67215, -1.83434], [-1.73856, -1.43074, 1.63363, 2.83098, -0.33935, -0.36422, -1.92996], [-1.5284, -1.45472, 1.45078, 2.69196, -0.11903, -0.0563, -2.02558], [-1.31825, -1.47871, 1.26793, 2.55295, 0.10129, 0.25162, -2.12119], [-1.10809, -1.5027, 1.08507, 2.41394, 0.32161, 0.55954, -2.21681], [-0.89794, -1.52668, 0.90222, 2.27492, 0.54193, 0.86746, -2.31242], [-0.68779, -1.55067, 0.71937, 2.13591, 0.76226, 1.17538, -2.40804], [-0.47763, -1.57465, 0.53652, 1.99689, 0.98258, 1.4833, -2.50365], [-0.47035, -1.57548, 0.53018, 1.99207, 0.99022, 1.49398, -2.50697], [-0.75807, -1.59706, 0.68662, 1.96256, 0.61837, 1.49764, -2.45108], [-1.04579, -1.61864, 0.84306, 1.93305, 0.24652, 1.50131, -2.3952], [-1.33351, -1.64021, 0.9995, 1.90354, -0.12532, 1.50497, -2.33932], [-1.62123, -1.66179, 1.15595, 1.87403, -0.49717, 1.50864, -2.28344], [-1.90895, -1.68337, 1.31239, 1.84452, -0.86902, 1.5123, -2.22756], [-2.19667, -1.70494, 1.46883, 1.81501, -1.24086, 1.51597, -2.17168]]
end: [-2.3459500000000002, -1.71614, 1.55, 1.7997000000000001, -1.4337899999999999, 1.5178700000000001, -2.1426799999999999]
obtacles: [[[0.6, -0.4, -0.2], [1.0, 0.6, -0.3]], [[0.7, -0.1, -0.2], [0.9, -0.0, 0.4]], [[0.7, 0.4, -0.2], [0.9, 0.5, 0.4]], [[0.7, -0.1, 0.4], [0.9, 0.5, 0.5]]]
start: [-0.76993, 1.5669299999999999, 1.6000000000000001, 1.37191, -1.5727800000000001, -1.5414000000000001, -0.60201000000000005]
tajectories: [[-0.76993, 1.56693, 1.6, 1.37191, -1.57278, -1.5414, -0.60201], [-0.8603, 1.4606, 1.81475, 1.58161, -1.71557, -1.52839, -0.94824], [-0.95067, 1.35426, 2.02949, 1.79131, -1.85836, -1.51538, -1.29447], [-1.04104, 1.24793, 2.24424, 2.00102, -2.00115, -1.50236, -1.6407], [-1.1036, 1.17433, 2.39288, 2.14616, -2.09999, -1.49335, -1.88035], [-0.73486, 1.36693, 2.27493, 2.25639, -2.11806, -1.41535, -1.6695], [-0.36612, 1.55954, 2.15697, 2.36661, -2.13613, -1.33735, -1.45864], [-0.07509, 1.71156, 2.06387, 2.45361, -2.15039, -1.27579, -1.29222], [-0.16439, 1.72214, 1.81882, 2.2078, -1.91586, -1.38336, -1.52646]]
end: [-0.24412, 1.7315799999999999, 1.6000000000000001, 1.98831, -1.7064299999999999, -1.4794099999999999, -1.7356199999999999]
obtacles: [[[0.6, -0.4, -0.2], [1.0, 0.6, -0.3]], [[0.7, -0.1, -0.2], [0.9, -0.0, 0.4]], [[0.7, 0.4, -0.2], [0.9, 0.5, 0.4]], [[0.7, -0.1, 0.4], [0.9, 0.5, 0.5]]]
start: [-0.98016000000000003, 1.8880600000000001, 1.6000000000000001, 1.64385, -1.88547, -1.52034, -0.65102000000000004]
tajectories: [[-0.98016, 1.88806, 1.6, 1.64385, -1.88547, -1.52034, -0.65102], [-1.14873, 1.57927, 1.70142, 1.91082, -1.83573, -1.36779, -0.78862], [-1.31731, 1.27048, 1.80285, 2.17778, -1.78599, -1.21525, -0.92622], [-1.48588, 0.9617, 1.90427, 2.44474, -1.73624, -1.06271, -1.06382], [-1.65445, 0.65291, 2.00569, 2.7117, -1.6865, -0.91017, -1.20143], [-1.82302, 0.34412, 2.10712, 2.97866, -1.63676, -0.75763, -1.33903], [-1.85246, 0.2902, 2.12483, 3.02528, -1.62807, -0.73099, -1.36306], [-1.55635, 0.58179, 2.02486, 2.81335, -1.66043, -0.87002, -1.40792], [-1.26023, 0.87338, 1.92489, 2.60143, -1.69278, -1.00905, -1.45278], [-0.96412, 1.16496, 1.82493, 2.3895, -1.72514, -1.14808, -1.49764], [-0.66801, 1.45655, 1.72496, 2.17758, -1.75749, -1.28711, -1.54251], [-0.3719, 1.74814, 1.625, 1.96565, -1.78985, -1.42614, -1.58737]]
end: [-0.29786000000000001, 1.8210500000000001, 1.6000000000000001, 1.91266, -1.7979400000000001, -1.4609000000000001, -1.59859]
obtacles: [[[0.6, -0.4, -0.2], [1.0, 0.6, -0.3]], [[0.7, -0.1, -0.2], [0.9, -0.0, 0.4]], [[0.7, 0.4, -0.2], [0.9, 0.5, 0.4]], [[0.7, -0.1, 0.4], [0.9, 0.5, 0.5]]]
start: [-0.69816999999999996, 1.58247, 1.6000000000000001, 1.30036, -1.5898600000000001, -1.5457799999999999, -0.60179000000000005]
tajectories: [[-0.69817, 1.58247, 1.6, 1.30036, -1.58986, -1.54578, -0.60179], [-0.78856, 1.47674, 1.26731, 1.46678, -1.40021, -1.47621, -0.82864], [-0.87895, 1.371, 0.93462, 1.63321, -1.21056, -1.40664, -1.0555], [-0.96934, 1.26527, 0.60193, 1.79963, -1.02092, -1.33707, -1.28236], [-1.05973, 1.15953, 0.26924, 1.96605, -0.83127, -1.2675, -1.50922], [-1.0974, 1.11548, 0.13063, 2.03539, -0.75226, -1.23851, -1.60373], [-1.18659, 1.17165, 0.20376, 2.17294, -1.09197, -1.02679, -1.83694], [-1.27579, 1.22781, 0.27689, 2.3105, -1.43169, -0.81506, -2.07015], [-1.36499, 1.28398, 0.35002, 2.44805, -1.7714, -0.60333, -2.30335], [-1.45419, 1.34014, 0.42315, 2.58561, -2.11112, -0.3916, -2.53656], [-1.54339, 1.39631, 0.49628, 2.72316, -2.45083, -0.17987, -2.76976], [-1.5472, 1.39871, 0.4994, 2.72903, -2.46533, -0.17084, -2.77972], [-1.30741, 1.48594, 0.6924, 2.54814, -2.36454, -0.40442, -2.55566], [-1.06763, 1.57317, 0.88539, 2.36725, -2.26375, -0.63801, -2.3316], [-0.82784, 1.6604, 1.07838, 2.18636, -2.16295, -0.87159, -2.10754], [-0.58806, 1.74763, 1.27138, 2.00547, -2.06216, -1.10518, -1.88347], [-0.34827, 1.83486, 1.46437, 1.82458, -1.96137, -1.33877, -1.65941]]
end: [-0.17976, 1.8961600000000001, 1.6000000000000001, 1.69746, -1.8905400000000001, -1.50292, -1.5019499999999999]
obtacles: [[[0.6, -0.4, -0.2], [1.0, 0.6, -0.3]], [[0.7, -0.1, -0.2], [0.9, -0.0, 0.4]], [[0.7, 0.4, -0.2], [0.9, 0.5, 0.4]], [[0.7, -0.1, 0.4], [0.9, 0.5, 0.5]]]
start: [-1.05789, 1.6297999999999999, 1.6000000000000001, 1.7839700000000001, -1.6223399999999999, -1.52982, -0.72416000000000003]
tajectories: [[-1.05789, 1.6298, 1.6, 1.78397, -1.62234, -1.52982, -0.72416], [-1.08372, 1.5409, 1.45836, 1.81471, -1.5918, -1.09001, -0.56273], [-1.10954, 1.45199, 1.31672, 1.84544, -1.56127, -0.65021, -0.4013], [-1.13537, 1.36309, 1.17507, 1.87618, -1.53074, -0.2104, -0.23987], [-1.16119, 1.27418, 1.03343, 1.90692, -1.5002, 0.22941, -0.07844], [-1.18702, 1.18528, 0.89179, 1.93766, -1.46967, 0.66922, 0.08298], [-1.21284, 1.09637, 0.75015, 1.9684, -1.43914, 1.10902, 0.24441], [-1.22691, 1.04794, 0.67298, 1.98514, -1.4225, 1.34863, 0.33236], [-1.07651, 0.7259, 0.65639, 2.04194, -1.7677, 1.32277, 0.31392], [-0.92611, 0.40386, 0.63979, 2.09874, -2.11289, 1.2969, 0.29548], [-0.77571, 0.08181, 0.6232, 2.15553, -2.45808, 1.27104, 0.27705], [-0.6253, -0.24023, 0.60661, 2.21233, -2.80327, 1.24517, 0.25861], [-0.4749, -0.56227, 0.59002, 2.26912, -3.14847, 1.21931, 0.24017], [-0.3245, -0.88431, 0.57342, 2.32592, -3.49366, 1.19344, 0.22173], [-0.20362, -1.14314, 0.56009, 2.37156, -3.77109, 1.17266, 0.20691], [-0.51014, -1.14826, 0.70183, 2.31674, -3.89523, 1.22691, -0.13157], [-0.81665, -1.15338, 0.84356, 2.26192, -4.01938, 1.28116, -0.47005], [-1.12317, -1.1585, 0.9853, 2.2071, -4.14352, 1.33541, -0.80854], [-1.42969, -1.16362, 1.12704, 2.15227, -4.26766, 1.38966, -1.14702], [-1.73621, -1.16874, 1.26877, 2.09745, -4.39181, 1.44392, -1.4855], [-2.04272, -1.17386, 1.41051, 2.04263, -4.51595, 1.49817, -1.82399], [-2.31924, -1.17848, 1.53838, 1.99317, -4.62794, 1.54711, -2.12935], [-2.35358, -1.2435, 1.53277, 1.83792, -4.16879, 1.54687, -2.22751], [-2.38791, -1.30851, 1.52716, 1.68267, -3.70964, 1.54664, -2.32568], [-2.42224, -1.37353, 1.52155, 1.52742, -3.25048, 1.5464, -2.42385], [-2.45658, -1.43855, 1.51594, 1.37217, -2.79133, 1.54616, -2.52202], [-2.49091, -1.50357, 1.51033, 1.21691, -2.33217, 1.54592, -2.62019], [-2.52524, -1.56859, 1.50472, 1.06166, -1.87302, 1.54569, -2.71836]]
end: [-2.55416, -1.62334, 1.5, 0.93091999999999997, -1.4863599999999999, 1.54549, -2.8010299999999999]
obtacles: [[[0.6, -0.4, -0.2], [1.0, 0.6, -0.3]], [[0.7, -0.1, -0.2], [0.9, -0.0, 0.4]], [[0.7, 0.4, -0.2], [0.9, 0.5, 0.4]], [[0.7, -0.1, 0.4], [0.9, 0.5, 0.5]]]
start: [-0.77639999999999998, 1.89124, 1.7, 1.24438, -1.91517, -1.5559700000000001, -0.44450000000000001]
tajectories: [[-0.7764, 1.89124, 1.7, 1.24438, -1.91517, -1.55597, -0.4445], [-1.07449, 1.82944, 1.81412, 1.31418, -1.99081, -1.27927, -0.68355], [-1.37259, 1.76764, 1.92823, 1.38398, -2.06645, -1.00258, -0.9226], [-1.67068, 1.70584, 2.04235, 1.45377, -2.1421, -0.72589, -1.16165], [-1.8446, 1.66979, 2.10893, 1.4945, -2.18623, -0.56445, -1.30112], [-1.51488, 1.48692, 2.16721, 1.62374, -2.41605, -0.72316, -1.20244], [-1.18516, 1.30404, 2.2255, 1.75297, -2.64587, -0.88186, -1.10375], [-0.85544, 1.12117, 2.28378, 1.88221, -2.87569, -1.04057, -1.00507], [-0.79649, 1.08847, 2.2942, 1.90532, -2.91678, -1.06894, -0.98743], [-0.39307, 0.97508, 2.20123, 1.78514, -3.0668, -0.93073, -0.88892], [0.01034, 0.86168, 2.10826, 1.66496, -3.21682, -0.79252, -0.79041], [0.24396, 0.79602, 2.05443, 1.59536, -3.30369, -0.71248, -0.73336], [0.13727, 1.06538, 1.9494, 1.60332, -2.99302, -0.89944, -0.88667], [0.03059, 1.33475, 1.84437, 1.61128, -2.68236, -1.08639, -1.03997], [-0.0761, 1.60411, 1.73934, 1.61924, -2.37169, -1.27334, -1.19327], [-0.18278, 1.87348, 1.63431, 1.6272, -2.06102, -1.4603, -1.34657]]
end: [-0.21764, 1.96147, 1.6000000000000001, 1.6297999999999999, -1.9595400000000001, -1.5213699999999999, -1.3966499999999999]
obtacles: [[[0.6, -0.4, -0.2], [1.0, 0.6, -0.3]], [[0.7, -0.1, -0.2], [0.9, -0.0, 0.4]], [[0.7, 0.4, -0.2], [0.9, 0.5, 0.4]], [[0.7, -0.1, 0.4], [0.9, 0.5, 0.5]]]
start: [-0.83109, 1.90822, 2.1499999999999999, 1.09232, -2.1633599999999999, -1.2597400000000001, -0.064159999999999995]
tajectories: [[-0.83109, 1.90822, 2.15, 1.09232, -2.16336, -1.25974, -0.06416], [-0.71461, 1.53343, 1.9734, 0.90665, -2.08356, -1.25856, -0.21886], [-0.59814, 1.15863, 1.79679, 0.72097, -2.00377, -1.25737, -0.37356], [-0.48167, 0.78384, 1.62019, 0.5353, -1.92398, -1.25618, -0.52826], [-0.3652, 0.40904, 1.44359, 0.34963, -1.84418, -1.25499, -0.68296], [-0.32682, 0.28556, 1.3854, 0.28845, -1.81789, -1.2546, -0.73393], [-0.20254, 0.38558, 1.25993, 0.72197, -1.76026, -1.28379, -0.86313], [-0.07826, 0.4856, 1.13446, 1.15549, -1.70262, -1.31299, -0.99234], [0.04601, 0.58563, 1.00899, 1.58901, -1.64498, -1.34218, -1.12154], [0.11772, 0.64334, 0.93659, 1.83915, -1.61172, -1.35902, -1.19609], [-0.03904, 0.99242, 1.23424, 1.8805, -1.65231, -1.2624, -1.24384], [-0.1958, 1.3415, 1.53188, 1.92185, -1.6929, -1.16577, -1.29158], [-0.35256, 1.69059, 1.82953, 1.9632, -1.73349, -1.06915, -1.33933]]
end: [-0.46867999999999999, 1.94916, 2.0499999999999998, 1.9938199999999999, -1.76355, -0.99758000000000002, -1.37469]
obtacles: [[[0.6, -0.4, -0.2], [1.0, 0.6, -0.3]], [[0.7, -0.1, -0.2], [0.9, -0.0, 0.4]], [[0.7, 0.4, -0.2], [0.9, 0.5, 0.4]], [[0.7, -0.1, 0.4], [0.9, 0.5, 0.5]]]
start: [-1.0558799999999999, 1.9162699999999999, 2.0499999999999998, 1.60731, -1.9394800000000001, -1.1086100000000001, -0.37853999999999999]
tajectories: [[-1.05588, 1.91627, 2.05, 1.60731, -1.93948, -1.10861, -0.37854], [-1.18049, 1.83096, 1.98619, 1.78543, -2.33156, -0.91721, -0.34636], [-1.3051, 1.74565, 1.92238, 1.96356, -2.72364, -0.72581, -0.31418], [-1.42971, 1.66034, 1.85857, 2.14168, -3.11571, -0.53441, -0.28199], [-1.48412, 1.62309, 1.83071, 2.21945, -3.2869, -0.45084, -0.26794], [-1.05005, 1.70505, 1.87517, 2.35325, -3.30376, -0.63102, -0.2206], [-0.61598, 1.78701, 1.91963, 2.48706, -3.32062, -0.81119, -0.17326], [-0.18748, 1.86792, 1.96352, 2.61914, -3.33727, -0.98905, -0.12653], [-0.21441, 1.88618, 1.92677, 2.48367, -2.99905, -1.0395, -0.46164], [-0.24134, 1.90443, 1.89001, 2.3482, -2.66082, -1.08995, -0.79674], [-0.26828, 1.92269, 1.85326, 2.21273, -2.3226, -1.1404, -1.13185], [-0.29521, 1.94095, 1.81651, 2.07726, -1.98438, -1.19085, -1.46696]]
end: [-0.30731000000000003, 1.9491499999999999, 1.8, 2.0164, -1.83243, -1.2135199999999999, -1.61751]
obtacles: [[[0.6, -0.4, -0.2], [1.0, 0.6, -0.3]], [[0.7, -0.1, -0.2], [0.9, -0.0, 0.4]], [[0.7, 0.4, -0.2], [0.9, 0.5, 0.4]], [[0.7, -0.1, 0.4], [0.9, 0.5, 0.5]]]
start: [-0.73870999999999998, 1.9482699999999999, 2.0, 0.77963000000000005, -2.13442, -1.5609500000000001, 0.04514]
tajectories: [[-0.73871, 1.94827, 2.0, 0.77963, -2.13442, -1.56095, 0.04514], [-0.82798, 1.59388, 1.84428, 0.94711, -2.04615, -1.32503, 0.01886], [-0.91725, 1.2395, 1.68856, 1.1146, -1.95787, -1.08911, -0.00743], [-1.00653, 0.88511, 1.53284, 1.28208, -1.86959, -0.8532, -0.03372], [-1.0958, 0.53072, 1.37712, 1.44956, -1.78132, -0.61728, -0.06001], [-1.18507, 0.17634, 1.2214, 1.61704, -1.69304, -0.38136, -0.0863], [-1.27435, -0.17805, 1.06568, 1.78453, -1.60477, -0.14544, -0.11259], [-1.31432, -0.33675, 0.99595, 1.85953, -1.56524, -0.03979, -0.12436], [-1.47145, -0.74443, 1.00627, 1.99885, -1.61177, 0.10343, -0.2544], [-1.62858, -1.15212, 1.01659, 2.13816, -1.6583, 0.24666, -0.38443], [-1.75396, -1.47743, 1.02483, 2.24933, -1.69543, 0.36095, -0.48819], [-1.88715, -1.5712, 1.15891, 2.1529, -1.5931, 0.61958, -0.83291], [-2.02033, -1.66498, 1.29299, 2.05647, -1.49077, 0.87821, -1.17762], [-2.15352, -1.75875, 1.42707, 1.96003, -1.38844, 1.13684, -1.52234], [-2.28671, -1.85253, 1.56115, 1.8636, -1.28611, 1.39547, -1.86705]]
end: [-2.3749600000000002, -1.91466, 1.6499999999999999, 1.7997000000000001, -1.2182999999999999, 1.56684, -2.0954700000000002]
