obtacles: [[[0.6, -0.4, -0.2], [1.0, 0.6, -0.3]], [[0.8, -0.2, -0.2], [1.1, -0.1, 0.5]], [[0.8, 0.4, -0.2], [1.1, 0.5, 0.5]], [[0.8, -0.2, 0.5], [1.1, 0.5, 0.6]]]
start: [-0.67239000000000004, 1.5176099999999999, -1.0, -0.56413000000000002, 1.10016, -1.23088, 0.17488999999999999]
tajectories: [[-0.67239, 1.51761, -1.0, -0.56413, 1.10016, -1.23088, 0.17489], [-0.61249, 1.33966, -1.08471, -0.21203, 1.13575, -0.96822, 0.29036], [-0.5526, 1.1617, -1.16942, 0.14008, 1.17134, -0.70556, 0.40584], [-0.49271, 0.98375, -1.25412, 0.49219, 1.20693, -0.4429, 0.52131], [-0.43282, 0.8058, -1.33883, 0.84429, 1.24253, -0.18024, 0.63679], [-0.3949, 0.69313, -1.39247, 1.06723, 1.26506, -0.01393, 0.7099], [-0.34257, 0.54353, -1.40927, 1.47244, 1.14375, 0.17129, 0.6032], [-0.29024, 0.39394, -1.42607, 1.87764, 1.02243, 0.35652, 0.49651], [-0.24337, 0.25994, -1.44113, 2.24059, 0.91377, 0.52243, 0.40094], [0.02203, 0.46079, -1.49072, 2.16179, 0.66088, 0.72612, 0.24248], [0.28742, 0.66164, -1.54032, 2.08298, 0.40799, 0.92982, 0.08402], [0.55282, 0.86248, -1.58992, 2.00418, 0.15509, 1.13352, -0.07444], [0.77653, 1.03178, -1.63173, 1.93775, -0.05808, 1.30522, -0.20801], [0.72034, 1.16104, -1.62566, 1.8358, -0.32058, 1.35487, -0.59314], [0.66415, 1.29031, -1.6196, 1.73384, -0.58308, 1.40452, -0.97828], [0.60797, 1.41957, -1.61353, 1.63189, -0.84559, 1.45417, -1.36341], [0.55178, 1.54883, -1.60746, 1.52994, -1.10809, 1.50381, -1.74855], [0.49559, 1.67809, -1.60139, 1.42798, -1.3706, 1.55346, -2.13369]]
end: [0.48269000000000001, 1.7077800000000001, -1.6000000000000001, 1.4045700000000001, -1.4308799999999999, 1.5648599999999999, -2.2221299999999999]
obtacles: [[[0.6, -0.4, -0.2], [1.0, 0.6, -0.3]], [[0.8, -0.2, -0.2], [1.1, -0.1, 0.5]], [[0.8, 0.4, -0.2], [1.1, 0.5, 0.5]], [[0.8, -0.2, 0.5], [1.1, 0.5, 0.6]]]
start: [-0.33361000000000002, 1.57267, -1.6000000000000001, 0.74012999999999995, -1.54796, 1.5524899999999999, -2.0680900000000002]
tajectories: [[-0.33361, 1.57267, -1.6, 0.74013, -1.54796, 1.55249, -2.06809], [-0.31443, 1.31342, -1.72938, 1.10881, -1.68669, 1.45846, -2.02726], [-0.29524, 1.05416, -1.85876, 1.47749, -1.82541, 1.36443, -1.98643], [-0.27605, 0.7949, -1.98814, 1.84617, -1.96413, 1.2704, -1.9456], [-0.25687, 0.53564, -2.11753, 2.21485, -2.10285, 1.17637, -1.90477], [-0.23768, 0.27639, -2.24691, 2.58353, -2.24158, 1.08234, -1.86394], [-0.2185, 0.01713, -2.37629, 2.95221, -2.3803, 0.98831, -1.82311], [-0.2102, -0.09496, -2.43223, 3.11161, -2.44028, 0.94766, -1.80545], [-0.04891, 0.05176, -2.23703, 2.90427, -2.14645, 0.81298, -1.67548], [0.11239, 0.19848, -2.04183, 2.69692, -1.85262, 0.6783, -1.5455], [0.27368, 0.3452, -1.84663, 2.48958, -1.5588, 0.54363, -1.41553], [0.43497, 0.49192, -1.65144, 2.28223, -1.26497, 0.40895, -1.28555], [0.59626, 0.63864, -1.45624, 2.07489, -0.97115, 0.27428, -1.15557], [0.75756, 0.78536, -1.26104, 1.86755, -0.67732, 0.1396, -1.0256], [0.91885, 0.93208, -1.06585, 1.6602, -0.3835, 0.00492, -0.89562], [0.94855, 0.9591, -1.0299, 1.62202, -0.32939, -0.01988, -0.87169], [0.91306, 1.1256, -1.149, 1.55878, -0.4881, 0.25915, -1.18758], [0.87757, 1.2921, -1.26809, 1.49555, -0.6468, 0.53819, -1.50347], [0.84207, 1.45861, -1.38719, 1.43232, -0.80551, 0.81722, -1.81936], [0.80658, 1.62511, -1.50629, 1.36909, -0.96422, 1.09625, -2.13525], [0.77108, 1.79161, -1.62538, 1.30586, -1.12293, 1.37529, -2.45114]]
end: [0.74883999999999995, 1.8959299999999999, -1.7, 1.26624, -1.22237, 1.5501100000000001, -2.64906]
obtacles: [[[0.6, -0.4, -0.2], [1.0, 0.6, -0.3]], [[0.8, -0.2, -0.2], [1.1, -0.1, 0.5]], [[0.8, 0.4, -0.2], [1.1, 0.5, 0.5]], [[0.8, -0.2, 0.5], [1.1, 0.5, 0.6]]]
start: [2.36944, -1.6956199999999999, -1.1499999999999999, 0.56067, -1.9954000000000001, -1.46048, 0.26196999999999998]
tajectories: [[2.36944, -1.69562, -1.15, 0.56067, -1.9954, -1.46048, 0.26197], [2.21891, -1.27839, -1.18779, 0.61577, -2.04748, -1.32038, 0.42464], [2.06838, -0.86117, -1.22558, 0.67087, -2.09955, -1.18028, 0.58731], [1.91785, -0.44395, -1.26337, 0.72597, -2.15163, -1.04018, 0.74998], [1.91, -0.42219, -1.26534, 0.72884, -2.15434, -1.03287, 0.75846], [1.893, -0.28152, -0.92336, 0.67977, -2.19047, -0.70302, 0.77986], [1.87599, -0.14084, -0.58138, 0.63069, -2.22659, -0.37317, 0.80126], [1.85898, -0.00016, -0.2394, 0.58161, -2.26271, -0.04332, 0.82266], [1.84197, 0.14051, 0.10257, 0.53253, -2.29883, 0.28653, 0.84406], [1.82497, 0.28119, 0.44455, 0.48346, -2.33496, 0.61637, 0.86546], [1.80796, 0.42186, 0.78653, 0.43438, -2.37108, 0.94622, 0.88685], [1.80122, 0.47758, 0.92199, 0.41494, -2.38539, 1.07687, 0.89533], [1.57619, 0.5159, 1.2039, 0.23035, -2.6114, 1.14882, 1.06294], [1.35116, 0.55422, 1.4858, 0.04576, -2.8374, 1.22076, 1.23056], [1.12613, 0.59253, 1.76771, -0.13882, -3.06341, 1.2927, 1.39817], [0.90111, 0.63085, 2.04962, -0.32341, -3.28942, 1.36465, 1.56578], [0.67608, 0.66917, 2.33153, -0.508, -3.51543, 1.43659, 1.7334], [0.58462, 0.68474, 2.4461, -0.58301, -3.60728, 1.46583, 1.80152], [0.53337, 0.8537, 2.01736, -0.57819, -3.45011, 1.47875, 1.90208], [0.48212, 1.02266, 1.58862, -0.57337, -3.29293, 1.49168, 2.00265], [0.43087, 1.19163, 1.15988, -0.56854, -3.13576, 1.50461, 2.10322], [0.37963, 1.36059, 0.73114, -0.56372, -2.97858, 1.51753, 2.20379], [0.32838, 1.52955, 0.3024, -0.5589, -2.82141, 1.53046, 2.30436], [0.27713, 1.69851, -0.12634, -0.55407, -2.66423, 1.54339, 2.40493], [0.22588, 1.86747, -0.55507, -0.54925, -2.50706, 1.55631, 2.5055]]
end: [0.1966, 1.964, -0.80000000000000004, -0.54649000000000003, -2.4172699999999998, 1.5637000000000001, 2.5629499999999998]
obtacles: [[[0.6, -0.4, -0.2], [1.0, 0.6, -0.3]], [[0.8, -0.2, -0.2], [1.1, -0.1, 0.5]], [[0.8, 0.4, -0.2], [1.1, 0.5, 0.5]], [[0.8, -0.2, 0.5], [1.1, 0.5, 0.6]]]
start: [2.5777800000000002, -1.76363, -0.80000000000000004, 0.56177999999999995, 0.80220000000000002, 1.3673299999999999, -2.9786000000000001]
tajectories: [[2.57778, -1.76363, -0.8, 0.56178, 0.8022, 1.36733, -2.9786], [2.26042, -1.64029, -0.61851, 0.86763, 0.77104, 1.42988, -2.92658], [1.94307, -1.51694, -0.43702, 1.17348, 0.73987, 1.49244, -2.87456], [1.62571, -1.3936, -0.25552, 1.47932, 0.7087, 1.55499, -2.82254], [1.55447, -1.36592, -0.21479, 1.54798, 0.70171, 1.56903, -2.81086], [1.37679, -1.20152, -0.40316, 1.7206, 0.59285, 1.46836, -2.48816], [1.1991, -1.03713, -0.59153, 1.89323, 0.48398, 1.3677, -2.16547], [1.02142, -0.87273, -0.77991, 2.06586, 0.37512, 1.26703, -1.84277], [0.84374, -0.70834, -0.96828, 2.23848, 0.26626, 1.16636, -1.52008], [0.66605, -0.54394, -1.15666, 2.41111, 0.1574, 1.06569, -1.19738], [0.57337, -0.45819, -1.25492, 2.50115, 0.10061, 1.01318, -1.02906], [0.88844, -0.10442, -1.19861, 2.53587, 0.00591, 1.12199, -1.04873], [1.20352, 0.24936, -1.1423, 2.57059, -0.08879, 1.23081, -1.0684], [1.5186, 0.60313, -1.086, 2.6053, -0.18349, 1.33963, -1.08808], [1.83367, 0.9569, -1.02969, 2.64002, -0.27819, 1.44844, -1.10775], [1.84125, 0.96542, -1.02834, 2.64085, -0.28047, 1.45106, -1.10822], [1.58254, 1.11043, -1.13844, 2.40584, -0.50006, 1.47286, -1.32266], [1.32382, 1.25545, -1.24855, 2.17082, -0.71965, 1.49465, -1.53711], [1.0651, 1.40047, -1.35865, 1.9358, -0.93923, 1.51645, -1.75155], [0.80638, 1.54548, -1.46876, 1.70078, -1.15882, 1.53825, -1.96599], [0.54766, 1.6905, -1.57886, 1.46577, -1.37841, 1.56004, -2.18043]]
end: [0.498, 1.7183299999999999, -1.6000000000000001, 1.42065, -1.42056, 1.56423, -2.22159]
obtacles: [[[0.6, -0.4, -0.2], [1.0, 0.6, -0.3]], [[0.8, -0.2, -0.2], [1.1, -0.1, 0.5]], [[0.8, 0.4, -0.2], [1.1, 0.5, 0.5]], [[0.8, -0.2, 0.5], [1.1, 0.5, 0.6]]]
start: [-0.54142999999999997, 1.60242, 1.6499999999999999, 0.60663, -1.65391, -1.55169, -0.063149999999999998]
tajectories: [[-0.54143, 1.60242, 1.65, 0.60663, -1.65391, -1.55169, -0.06315], [-0.57711, 1.37781, 1.75873, 0.53233, -1.93124, -1.23746, 0.00951], [-0.61279, 1.15321, 1.86747, 0.45803, -2.20858, -0.92324, 0.08218], [-0.63416, 1.01862, 1.93262, 0.41352, -2.37476, -0.73496, 0.12572], [-0.49055, 0.9222, 2.16048, 0.36308, -2.54551, -1.00039, -0.13119], [-0.39687, 0.8593, 2.30911, 0.33018, -2.6569, -1.17354, -0.29877], [-0.1183, 0.89988, 2.38279, 0.71981, -2.67116, -1.27765, -0.34847], [0.16028, 0.94045, 2.45646, 1.10943, -2.68542, -1.38177, -0.39817], [0.43885, 0.98103, 2.53013, 1.49906, -2.69968, -1.48588, -0.44788], [0.44247, 0.98156, 2.53109, 1.50413, -2.69986, -1.48724, -0.44852], [0.25088, 1.26763, 2.31879, 1.32717, -2.48115, -1.5074, -0.53114], [0.05928, 1.5537, 2.10648, 1.1502, -2.26244, -1.52755, -0.61375], [-0.13232, 1.83977, 1.89418, 0.97324, -2.04373, -1.54771, -0.69637]]
end: [-0.17219000000000001, 1.8993, 1.8500000000000001, 0.93642000000000003, -1.9982200000000001, -1.5519000000000001, -0.71355999999999997]
obtacles: [[[0.6, -0.4, -0.2], [1.0, 0.6, -0.3]], [[0.8, -0.2, -0.2], [1.1, -0.1, 0.5]], [[0.8, 0.4, -0.2], [1.1, 0.5, 0.5]], [[0.8, -0.2, 0.5], [1.1, 0.5, 0.6]]]
start: [-0.2447, 1.41395, 1.8500000000000001, -0.51529999999999998, -1.8900300000000001, -1.56901, 0.73819999999999997]
tajectories: [[-0.2447, 1.41395, 1.85, -0.5153, -1.89003, -1.56901, 0.7382], [-0.45088, 1.25745, 1.90492, -0.31694, -2.19248, -1.46541, 0.54217], [-0.65705, 1.10095, 1.95984, -0.11857, -2.49492, -1.3618, 0.34614], [-0.86323, 0.94446, 2.01475, 0.07979, -2.79737, -1.2582, 0.1501], [-1.06941, 0.78796, 2.06967, 0.27816, -3.09981, -1.15459, -0.04593], [-1.27558, 0.63147, 2.12459, 0.47652, -3.40226, -1.05098, -0.24196], [-1.44569, 0.50235, 2.1699, 0.64018, -3.65178, -0.9655, -0.40369], [-1.13064, 0.46123, 2.0851, 0.42296, -3.49817, -0.81515, -0.62388], [-0.8156, 0.42011, 2.0003, 0.20575, -3.34455, -0.6648, -0.84407], [-0.50056, 0.37899, 1.9155, -0.01146, -3.19094, -0.51445, -1.06426], [-0.18552, 0.33786, 1.83071, -0.22868, -3.03732, -0.3641, -1.28444], [0.12952, 0.29674, 1.74591, -0.44589, -2.88371, -0.21374, -1.50463], [0.44456, 0.25562, 1.66111, -0.6631, -2.73009, -0.06339, -1.72482], [0.60989, 0.23404, 1.61661, -0.77709, -2.64948, 0.01551, -1.84037], [0.82753, 0.18503, 1.63033, -0.38202, -2.71708, -0.14239, -1.72011], [1.04516, 0.13603, 1.64405, 0.01305, -2.78468, -0.30028, -1.59985], [1.2628, 0.08702, 1.65777, 0.40812, -2.85228, -0.45817, -1.47959], [1.48044, 0.03802, 1.67148, 0.80319, -2.91988, -0.61607, -1.35934], [1.69807, -0.01099, 1.6852, 1.19827, -2.98748, -0.77396, -1.23908], [1.91571, -0.05999, 1.69892, 1.59334, -3.05508, -0.93186, -1.11882], [2.08404, -0.0979, 1.70953, 1.89891, -3.10737, -1.05398, -1.02581], [1.72654, 0.19589, 1.72967, 1.81388, -2.95081, -1.10653, -0.99463], [1.36904, 0.48968, 1.74981, 1.72884, -2.79425, -1.15908, -0.96345], [1.01154, 0.78347, 1.76995, 1.64381, -2.63769, -1.21162, -0.93228], [0.65404, 1.07726, 1.79009, 1.55878, -2.48113, -1.26417, -0.9011], [0.29653, 1.37105, 1.81023, 1.47375, -2.32457, -1.31672, -0.86993], [-0.06097, 1.66484, 1.83037, 1.38871, -2.16801, -1.36927, -0.83875]]
end: [-0.40934999999999999, 1.9511400000000001, 1.8500000000000001, 1.30585, -2.01545, -1.42048, -0.80837000000000003]
obtacles: [[[0.6, -0.4, -0.2], [1.0, 0.6, -0.3]], [[0.8, -0.2, -0.2], [1.1, -0.1, 0.5]], [[0.8, 0.4, -0.2], [1.1, 0.5, 0.5]], [[0.8, -0.2, 0.5], [1.1, 0.5, 0.6]]]
start: [-0.65598999999999996, 1.6496999999999999, 1.8500000000000001, 0.83418999999999999, -1.81908, -1.4196599999999999, -0.14821999999999999]
tajectories: [[-0.65599, 1.6497, 1.85, 0.83419, -1.81908, -1.41966, -0.14822], [-0.75312, 1.66296, 1.83978, 1.02625, -1.88003, -1.16418, -0.51484], [-0.85026, 1.67622, 1.82957, 1.21831, -1.94098, -0.9087, -0.88146], [-0.9474, 1.68949, 1.81935, 1.41037, -2.00193, -0.65321, -1.24808], [-1.04454, 1.70275, 1.80914, 1.60243, -2.06288, -0.39773, -1.6147], [-1.14167, 1.71602, 1.79892, 1.79449, -2.12383, -0.14225, -1.98133], [-1.18407, 1.72181, 1.79447, 1.87831, -2.15044, -0.03074, -2.14133], [-0.94761, 1.7247, 1.96927, 2.10638, -2.06282, -0.34608, -2.20758], [-0.71114, 1.72759, 2.14407, 2.33446, -1.97521, -0.66142, -2.27382], [-0.47468, 1.73048, 2.31888, 2.56254, -1.88759, -0.97676, -2.34007], [-0.23822, 1.73337, 2.49368, 2.79061, -1.79998, -1.29209, -2.40631], [-0.19545, 1.7339, 2.52529, 2.83186, -1.78413, -1.34912, -2.41829], [-0.18761, 1.75318, 2.38856, 2.47348, -1.81442, -1.37206, -2.10049], [-0.17977, 1.77247, 2.25183, 2.11511, -1.84471, -1.39499, -1.7827], [-0.17193, 1.79176, 2.1151, 1.75673, -1.875, -1.41792, -1.4649], [-0.16409, 1.81105, 1.97837, 1.39835, -1.90529, -1.44086, -1.14711]]
end: [-0.15673000000000001, 1.8291500000000001, 1.8500000000000001, 1.06189, -1.9337299999999999, -1.4623900000000001, -0.84874000000000005]
obtacles: [[[0.6, -0.4, -0.2], [1.0, 0.6, -0.3]], [[0.8, -0.2, -0.2], [1.1, -0.1, 0.5]], [[0.8, 0.4, -0.2], [1.1, 0.5, 0.5]], [[0.8, -0.2, 0.5], [1.1, 0.5, 0.6]]]
start: [-0.29304000000000002, 1.40062, 1.8500000000000001, -0.30093999999999999, -1.8866499999999999, -1.4894700000000001, 0.58296999999999999]
tajectories: [[-0.29304, 1.40062, 1.85, -0.30094, -1.88665, -1.48947, 0.58297], [-0.46071, 1.40153, 1.90171, -0.36356, -2.05392, -1.32736, 0.18169], [-0.62838, 1.40244, 1.95342, -0.42618, -2.22119, -1.16525, -0.2196], [-0.79605, 1.40335, 2.00513, -0.4888, -2.38846, -1.00314, -0.62089], [-0.96372, 1.40426, 2.05684, -0.55142, -2.55573, -0.84102, -1.02218], [-1.13139, 1.40517, 2.10855, -0.61403, -2.72299, -0.67891, -1.42346], [-1.29906, 1.40609, 2.16026, -0.67665, -2.89026, -0.5168, -1.82475], [-1.46673, 1.407, 2.21197, -0.73927, -3.05753, -0.35469, -2.22604], [-1.48768, 1.40711, 2.21843, -0.74709, -3.07843, -0.33443, -2.27618], [-1.16506, 1.18926, 2.23386, -0.45807, -3.14065, -0.43412, -2.30564], [-0.84243, 0.9714, 2.24929, -0.16904, -3.20288, -0.5338, -2.33511], [-0.5198, 0.75355, 2.26472, 0.11999, -3.2651, -0.63349, -2.36457], [-0.19717, 0.5357, 2.28015, 0.40902, -3.32732, -0.73317, -2.39403], [0.12545, 0.31784, 2.29558, 0.69804, -3.38954, -0.83286, -2.4235], [0.44808, 0.09999, 2.311, 0.98707, -3.45176, -0.93254, -2.45296], [0.77071, -0.11786, 2.32643, 1.2761, -3.51398, -1.03223, -2.48242], [0.96927, -0.25194, 2.33593, 1.45398, -3.55228, -1.09358, -2.50056], [0.78388, 0.06092, 2.26643, 1.41576, -3.33237, -1.14678, -2.25507], [0.59848, 0.37378, 2.19693, 1.37754, -3.11246, -1.19998, -2.00958], [0.41308, 0.68665, 2.12742, 1.33931, -2.89255, -1.25317, -1.7641], [0.22769, 0.99951, 2.05792, 1.30109, -2.67264, -1.30637, -1.51861], [0.04229, 1.31237, 1.98842, 1.26287, -2.45273, -1.35957, -1.27313], [-0.1431, 1.62524, 1.91892, 1.22465, -2.23282, -1.41277, -1.02764]]
end: [-0.32694000000000001, 1.9354800000000001, 1.8500000000000001, 1.18675, -2.0147499999999998, -1.4655199999999999, -0.78420999999999996]
obtacles: [[[0.6, -0.4, -0.2], [1.0, 0.6, -0.3]], [[0.8, -0.2, -0.2], [1.1, -0.1, 0.5]], [[0.8, 0.4, -0.2], [1.1, 0.5, 0.5]], [[0.8, -0.2, 0.5], [1.1, 0.5, 0.6]]]
start: [-0.61580000000000001, 1.7043200000000001, 1.8500000000000001, 0.59372999999999998, -1.87669, -1.5283199999999999, 0.047410000000000001]
tajectories: [[-0.6158, 1.70432, 1.85, 0.59373, -1.87669, -1.52832, 0.04741], [-0.7148, 1.44207, 1.92847, 0.72959, -1.62645, -1.25265, 0.1379], [-0.8138, 1.17982, 2.00694, 0.86545, -1.3762, -0.97698, 0.2284], [-0.91281, 0.91757, 2.08541, 1.00131, -1.12596, -0.7013, 0.31889], [-1.01181, 0.65532, 2.16388, 1.13717, -0.87572, -0.42563, 0.40939], [-1.11081, 0.39307, 2.24235, 1.27303, -0.62547, -0.14996, 0.49988], [-1.14119, 0.31259, 2.26643, 1.31472, -0.54868, -0.06536, 0.52765], [-1.23103, 0.39469, 2.21174, 1.56907, -0.47098, 0.20757, 0.23273], [-1.32087, 0.4768, 2.15705, 1.82341, -0.39329, 0.4805, -0.06219], [-1.41071, 0.55891, 2.10236, 2.07775, -0.31559, 0.75343, -0.35711], [-1.50055, 0.64102, 2.04767, 2.33209, -0.23789, 1.02637, -0.65204], [-1.59039, 0.72313, 1.99298, 2.58643, -0.1602, 1.2993, -0.94696], [-1.63994, 0.76841, 1.96281, 2.72672, -0.11734, 1.44983, -1.10963], [-1.53101, 0.92746, 1.98283, 2.70903, -0.3994, 1.18174, -1.356], [-1.42209, 1.0865, 2.00286, 2.69134, -0.68145, 0.91366, -1.60238], [-1.31316, 1.24554, 2.02288, 2.67365, -0.96351, 0.64557, -1.84875], [-1.20424, 1.40459, 2.0429, 2.65596, -1.24556, 0.37748, -2.09512], [-1.09531, 1.56363, 2.06292, 2.63827, -1.52761, 0.10939, -2.3415], [-0.98639, 1.72268, 2.08294, 2.62058, -1.80967, -0.1587, -2.58787], [-0.98089, 1.7307, 2.08395, 2.61969, -1.82389, -0.17222, -2.6003], [-0.83505, 1.73479, 2.03819, 2.35381, -1.82572, -0.40577, -2.28189], [-0.68921, 1.73889, 1.99242, 2.08794, -1.82755, -0.63932, -1.96349], [-0.54337, 1.74299, 1.94666, 1.82206, -1.82939, -0.87287, -1.64508], [-0.39753, 1.74708, 1.90089, 1.55619, -1.83122, -1.10642, -1.32667], [-0.25169, 1.75118, 1.85513, 1.29032, -1.83305, -1.33996, -1.00827]]
end: [-0.23535, 1.7516400000000001, 1.8500000000000001, 1.2605200000000001, -1.83325, -1.3661300000000001, -0.97258999999999995]
obtacles: [[[0.6, -0.4, -0.2], [1.0, 0.6, -0.3]], [[0.8, -0.2, -0.2], [1.1, -0.1, 0.5]], [[0.8, 0.4, -0.2], [1.1, 0.5, 0.5]], [[0.8, -0.2, 0.5], [1.1, 0.5, 0.6]]]
start: [-0.75007000000000001, 1.81755, 1.95, 1.1951000000000001, -1.94997, -1.32399, -0.34984999999999999]
tajectories: [[-0.75007, 1.81755, 1.95, 1.1951, -1.94997, -1.32399, -0.34985], [-0.84284, 1.81257, 1.98111, 1.3406, -1.81134, -1.25759, 0.09242], [-0.93561, 1.80759, 2.01222, 1.48609, -1.67271, -1.1912, 0.5347], [-1.02838, 1.80262, 2.04333, 1.63158, -1.53408, -1.1248, 0.97697], [-1.12115, 1.79764, 2.07444, 1.77707, -1.39545, -1.05841, 1.41925], [-1.14545, 1.79633, 2.08259, 1.81518, -1.35914, -1.04102, 1.53511], [-0.99095, 1.71802, 2.1587, 2.24448, -1.393, -1.12858, 1.68032], [-0.83646, 1.6397, 2.2348, 2.67379, -1.42686, -1.21614, 1.82553], [-0.68196, 1.56138, 2.3109, 3.1031, -1.46073, -1.30371, 1.97075], [-0.68167, 1.56123, 2.31105, 3.10392, -1.46079, -1.30388, 1.97102], [-0.56793, 1.57887, 2.28399, 2.73822, -1.54451, -1.33799, 1.66426], [-0.45419, 1.59651, 2.25694, 2.37251, -1.62823, -1.3721, 1.35749], [-0.34045, 1.61415, 2.22988, 2.00681, -1.71195, -1.40621, 1.05072], [-0.22671, 1.63179, 2.20282, 1.6411, -1.79567, -1.44032, 0.74395], [-0.11297, 1.64943, 2.17577, 1.2754, -1.87939, -1.47443, 0.43718], [0.00076, 1.66706, 2.14871, 0.90969, -1.96311, -1.50854, 0.13041], [0.1145, 1.6847, 2.12165, 0.54398, -2.04683, -1.54265, -0.17636]]
end: [0.20552999999999999, 1.69882, 2.1000000000000001, 0.25130999999999998, -2.1138300000000001, -1.56995, -0.42187000000000002]
obtacles: [[[0.6, -0.4, -0.2], [1.0, 0.6, -0.3]], [[0.8, -0.2, -0.2], [1.1, -0.1, 0.5]], [[0.8, 0.4, -0.2], [1.1, 0.5, 0.5]], [[0.8, -0.2, 0.5], [1.1, 0.5, 0.6]]]
start: [-0.84003000000000005, 1.6324700000000001, 2.1000000000000001, 0.87336999999999998, -1.9772799999999999, -1.2168099999999999, 0.057070000000000003]
tajectories: [[-0.84003, 1.63247, 2.1, 0.87337, -1.97728, -1.21681, 0.05707], [-0.88648, 1.20151, 1.98132, 0.85959, -1.78986, -1.10524, 0.07336], [-0.93294, 0.77055, 1.86264, 0.84581, -1.60245, -0.99366, 0.08965], [-0.97939, 0.33958, 1.74396, 0.83202, -1.41504, -0.88209, 0.10594], [-1.02584, -0.09138, 1.62528, 0.81824, -1.22762, -0.77051, 0.12223], [-1.0723, -0.52234, 1.5066, 0.80446, -1.04021, -0.65894, 0.13852], [-1.11474, -0.91613, 1.39816, 0.79187, -0.86896, -0.55699, 0.15341], [-0.89923, -0.75113, 1.56942, 1.0453, -1.02325, -0.31554, 0.12741], [-0.68372, -0.58613, 1.74067, 1.29873, -1.17753, -0.0741, 0.10141], [-0.46821, -0.42113, 1.91193, 1.55217, -1.33181, 0.16734, 0.07542], [-0.2527, -0.25613, 2.08318, 1.8056, -1.48609, 0.40879, 0.04942], [-0.03719, -0.09112, 2.25444, 2.05903, -1.64037, 0.65023, 0.02343], [0.1383, 0.04324, 2.39389, 2.26541, -1.766, 0.84684, 0.00226], [0.23968, 0.32838, 2.33674, 2.20488, -2.00143, 0.58265, -0.15979], [0.34106, 0.61352, 2.2796, 2.14436, -2.23687, 0.31846, -0.32185], [0.44244, 0.89867, 2.22245, 2.08384, -2.4723, 0.05428, -0.4839], [0.54382, 1.18381, 2.1653, 2.02332, -2.70773, -0.20991, -0.64596], [0.6452, 1.46896, 2.10816, 1.9628, -2.94317, -0.4741, -0.80801], [0.74388, 1.7465, 2.05253, 1.90389, -3.17233, -0.73125, -0.96574], [0.43373, 1.80336, 2.00014, 1.74626, -2.87714, -0.9122, -0.91003], [0.12358, 1.86022, 1.94774, 1.58863, -2.58196, -1.09316, -0.85431], [-0.18656, 1.91707, 1.89535, 1.431, -2.28677, -1.27411, -0.79859]]
end: [-0.45501999999999998, 1.9662900000000001, 1.8500000000000001, 1.2945599999999999, -2.0312700000000001, -1.4307399999999999, -0.75036000000000003]
obtacles: [[[0.6, -0.4, -0.2], [1.0, 0.6, -0.3]], [[0.8, -0.2, -0.2], [1.1, -0.1, 0.5]], [[0.8, 0.4, -0.2], [1.1, 0.5, 0.5]], [[0.8, -0.2, 0.5], [1.1, 0.5, 0.6]]]
start: [-0.78700999999999999, 1.81636, 1.8500000000000001, 0.86970999999999998, -1.93757, -1.52332, -0.039210000000000002]
tajectories: [[-0.78701, 1.81636, 1.85, 0.86971, -1.93757, -1.52332, -0.03921], [-0.86529, 1.4732, 1.9877, 1.08755, -1.86307, -1.33141, -0.17078], [-0.94357, 1.13003, 2.1254, 1.3054, -1.78856, -1.13949, -0.30235], [-1.02184, 0.78687, 2.2631, 1.52324, -1.71405, -0.94758, -0.43392], [-1.07501, 0.55376, 2.35663, 1.67122, -1.66344, -0.81721, -0.52329], [-0.89636, 0.68544, 2.31996, 1.71249, -2.05739, -0.93344, -0.35302], [-0.7177, 0.81713, 2.28328, 1.75376, -2.45133, -1.04966, -0.18275], [-0.53904, 0.94881, 2.2466, 1.79503, -2.84528, -1.16589, -0.01248], [-0.44877, 1.01535, 2.22807, 1.81588, -3.04433, -1.22461, 0.07355], [-0.39933, 1.24175, 2.12562, 1.64868, -2.7441, -1.27863, -0.18099], [-0.3499, 1.46815, 2.02316, 1.48148, -2.44388, -1.33265, -0.43554], [-0.30046, 1.69456, 1.92071, 1.31428, -2.14366, -1.38667, -0.69008]]
end: [-0.26634000000000002, 1.8508100000000001, 1.8500000000000001, 1.19889, -1.9364600000000001, -1.42395, -0.86575000000000002]
obtacles: [[[0.6, -0.4, -0.2], [1.0, 0.6, -0.3]], [[0.8, -0.2, -0.2], [1.1, -0.1, 0.5]], [[0.8, 0.4, -0.2], [1.1, 0.5, 0.5]], [[0.8, -0.2, 0.5], [1.1, 0.5, 0.6]]]
start: [-0.80506999999999995, 1.8369200000000001, 1.8500000000000001, 1.15795, -1.92936, -1.43232, -0.29013]
tajectories: [[-0.80507, 1.83692, 1.85, 1.15795, -1.92936, -1.43232, -0.29013], [-1.08504, 1.73886, 1.65148, 1.13794, -1.97028, -1.24257, -0.58084], [-1.36501, 1.6408, 1.45297, 1.11792, -2.0112, -1.05282, -0.87155], [-1.64498, 1.54274, 1.25445, 1.09791, -2.05211, -0.86306, -1.16226], [-1.92495, 1.44468, 1.05594, 1.0779, -2.09303, -0.67331, -1.45297], [-2.13417, 1.37141, 0.90759, 1.06294, -2.1236, -0.53151, -1.67021], [-1.91152, 1.47224, 0.97993, 1.35746, -2.18477, -0.48451, -1.36634], [-1.68887, 1.57307, 1.05226, 1.65198, -2.24594, -0.4375, -1.06248], [-1.46623, 1.6739, 1.1246, 1.94651, -2.30711, -0.3905, -0.75861], [-1.27618, 1.75997, 1.18634, 2.1979, -2.35932, -0.35038, -0.49925], [-1.0023, 1.74584, 1.33647, 1.92861, -2.23958, -0.58926, -0.59052], [-0.72841, 1.73172, 1.48659, 1.65932, -2.11984, -0.82815, -0.68179], [-0.45453, 1.71759, 1.63672, 1.39003, -2.00011, -1.06703, -0.77306], [-0.18064, 1.70346, 1.78684, 1.12074, -1.88037, -1.30591, -0.86433]]
end: [-0.065409999999999996, 1.6975199999999999, 1.8500000000000001, 1.0074399999999999, -1.82999, -1.40642, -0.90273000000000003]
obtacles: [[[0.6, -0.4, -0.2], [1.0, 0.6, -0.3]], [[0.8, -0.2, -0.2], [1.1, -0.1, 0.5]], [[0.8, 0.4, -0.2], [1.1, 0.5, 0.5]], [[0.8, -0.2, 0.5], [1.1, 0.5, 0.6]]]
start: [-0.80040999999999995, 1.55962, 1.8500000000000001, 1.30619, -1.6344700000000001, -1.29854, -0.49862000000000001]
tajectories: [[-0.80041, 1.55962, 1.85, 1.30619, -1.63447, -1.29854, -0.49862], [-1.21106, 1.76543, 1.77634, 1.20423, -1.78659, -1.30571, -0.50002], [-1.45229, 1.88634, 1.73306, 1.14433, -1.87595, -1.30992, -0.50085], [-1.28628, 1.81163, 1.61762, 1.54561, -1.84759, -1.32922, -0.29755], [-1.12026, 1.73692, 1.50218, 1.94689, -1.81924, -1.34852, -0.09424], [-1.00111, 1.6833, 1.41932, 2.2349, -1.79888, -1.36237, 0.05168], [-0.78191, 1.73216, 1.55409, 1.95754, -1.83078, -1.36437, -0.26996], [-0.56271, 1.78102, 1.68886, 1.68018, -1.86267, -1.36637, -0.5916], [-0.34351, 1.82987, 1.82362, 1.40282, -1.89457, -1.36837, -0.91324]]
end: [-0.30060999999999999, 1.83944, 1.8500000000000001, 1.34853, -1.9008100000000001, -1.36876, -0.97619]
obtacles: [[[0.6, -0.4, -0.2], [1.0, 0.6, -0.3]], [[0.8, -0.2, -0.2], [1.1, -0.1, 0.5]], [[0.8, 0.4, -0.2], [1.1, 0.5, 0.5]], [[0.8, -0.2, 0.5], [1.1, 0.5, 0.6]]]
start: [-0.63217999999999996, 1.5543100000000001, 1.8500000000000001, 0.90781999999999996, -1.73231, -1.3414600000000001, -0.25930999999999998]
tajectories: [[-0.63218, 1.55431, 1.85, 0.90782, -1.73231, -1.34146, -0.25931], [-0.94114, 1.24205, 1.75232, 0.82648, -1.63515, -1.43621, -0.10942], [-1.2501, 0.92979, 1.65465, 0.74514, -1.538, -1.53096, 0.04047], [-1.33602, 0.84295, 1.62748, 0.72252, -1.51097, -1.55731, 0.08216], [-0.89737, 0.90094, 1.64806, 0.84091, -1.58573, -1.48707, -0.0889], [-0.45872, 0.95893, 1.66864, 0.95931, -1.66048, -1.41683, -0.25995], [-0.02007, 1.01692, 1.68922, 1.07771, -1.73524, -1.3466, -0.43101], [0.41858, 1.07491, 1.7098, 1.1961, -1.80999, -1.27636, -0.60206], [0.53669, 1.09052, 1.71534, 1.22798, -1.83012, -1.25745, -0.64812], [0.30701, 1.22693, 1.67743, 1.20042, -1.8811, -1.28995, -1.0638], [0.07734, 1.36334, 1.63952, 1.17285, -1.93208, -1.32245, -1.47948], [-0.15234, 1.49975, 1.60161, 1.14529, -1.98306, -1.35495, -1.89516], [-0.24593, 1.55533, 1.58616, 1.13406, -2.00384, -1.3682, -2.06454], [-0.27753, 1.67144, 1.70459, 1.28443, -1.93445, -1.34959, -1.62441], [-0.30913, 1.78756, 1.82302, 1.4348, -1.86507, -1.33098, -1.18427]]
end: [-0.31633, 1.8140099999999999, 1.8500000000000001, 1.46906, -1.84927, -1.32674, -1.0840099999999999]
obtacles: [[[0.6, -0.4, -0.2], [1.0, 0.6, -0.3]], [[0.8, -0.2, -0.2], [1.1, -0.1, 0.5]], [[0.8, 0.4, -0.2], [1.1, 0.5, 0.5]], [[0.8, -0.2, 0.5], [1.1, 0.5, 0.6]]]
start: [-0.78171000000000002, 1.58765, 1.8500000000000001, 0.80135000000000001, -1.77976, -1.3835, 0.0024299999999999999]
tajectories: [[-0.78171, 1.58765, 1.85, 0.80135, -1.77976, -1.3835, 0.00243], [-0.83633, 1.35307, 1.63265, 0.93528, -1.81087, -1.29937, -0.34219], [-0.89096, 1.11849, 1.4153, 1.0692, -1.84197, -1.21523, -0.68682], [-0.94558, 0.88391, 1.19795, 1.20313, -1.87308, -1.13109, -1.03144], [-0.98384, 0.71963, 1.04574, 1.29693, -1.89486, -1.07217, -1.27278], [-0.98247, 0.92551, 0.82908, 1.6481, -2.07934, -1.11709, -1.30877], [-0.9811, 1.13138, 0.61241, 1.99928, -2.26383, -1.16202, -1.34476], [-0.97973, 1.33725, 0.39575, 2.35045, -2.44831, -1.20694, -1.38075], [-0.97914, 1.42699, 0.30131, 2.50352, -2.52872, -1.22653, -1.39643], [-0.82542, 1.52327, 0.62958, 2.22143, -2.40973, -1.27326, -1.28058], [-0.6717, 1.61955, 0.95785, 1.93934, -2.29074, -1.31999, -1.16473], [-0.51798, 1.71583, 1.28612, 1.65724, -2.17175, -1.36673, -1.04888], [-0.36427, 1.81211, 1.61439, 1.37515, -2.05277, -1.41346, -0.93303]]
end: [-0.25394, 1.88121, 1.8500000000000001, 1.17269, -1.9673700000000001, -1.4470000000000001, -0.84987999999999997]
obtacles: [[[0.6, -0.4, -0.2], [1.0, 0.6, -0.3]], [[0.8, -0.2, -0.2], [1.1, -0.1, 0.5]], [[0.8, 0.4, -0.2], [1.1, 0.5, 0.5]], [[0.8, -0.2, 0.5], [1.1, 0.5, 0.6]]]
start: [-0.69616999999999996, 1.9000699999999999, 1.8500000000000001, 0.95240999999999998, -1.9984999999999999, -1.54576, -0.20411000000000001]
tajectories: [[-0.69617, 1.90007, 1.85, 0.95241, -1.9985, -1.54576, -0.20411], [-0.71347, 1.42488, 1.89486, 0.85085, -1.90893, -1.48947, -0.22355], [-0.73077, 0.94969, 1.93971, 0.74928, -1.81935, -1.43319, -0.24299], [-0.74807, 0.4745, 1.98457, 0.64772, -1.72977, -1.37691, -0.26243], [-0.76314, 0.06063, 2.02364, 0.55926, -1.65175, -1.32789, -0.27936], [-0.74009, 0.13389, 2.00563, 0.89186, -1.85296, -1.42837, 0.008], [-0.72557, 0.18006, 1.99427, 1.10148, -1.97977, -1.49169, 0.18911], [-0.38499, 0.39941, 2.05442, 1.34228, -1.99598, -1.37673, 0.08512], [-0.04442, 0.61876, 2.11457, 1.58308, -2.01219, -1.26177, -0.01886], [0.29615, 0.83812, 2.17472, 1.82388, -2.02841, -1.14681, -0.12285], [0.40797, 0.91013, 2.19447, 1.90294, -2.03373, -1.10907, -0.15698], [0.21873, 1.22005, 2.07858, 1.70009, -2.02967, -1.22657, -0.38002], [0.0295, 1.52996, 1.9627, 1.49725, -2.0256, -1.34407, -0.60305], [-0.15973, 1.83988, 1.84682, 1.29441, -2.02153, -1.46157, -0.82609]]
end: [-0.23618, 1.96509, 1.8, 1.2124600000000001, -2.0198900000000002, -1.5090399999999999, -0.91618999999999995]
obtacles: [[[0.6, -0.4, -0.2], [1.0, 0.6, -0.3]], [[0.8, -0.2, -0.2], [1.1, -0.1, 0.5]], [[0.8, 0.4, -0.2], [1.1, 0.5, 0.5]], [[0.8, -0.2, 0.5], [1.1, 0.5, 0.6]]]
start: [-0.66776999999999997, 1.89652, 2.25, 0.49568000000000001, -2.3127300000000002, -1.56921, 0.28867999999999999]
tajectories: [[-0.66777, 1.89652, 2.25, 0.49568, -2.31273, -1.56921, 0.28868], [-0.90954, 1.68084, 2.38956, 0.60741, -2.33655, -1.24072, 0.22092], [-1.15132, 1.46516, 2.52913, 0.71913, -2.36036, -0.91223, 0.15315], [-1.34271, 1.29442, 2.63961, 0.80758, -2.37921, -0.65219, 0.09951], [-1.25398, 1.03845, 2.36342, 0.89382, -2.35284, -0.47717, -0.1486], [-1.16524, 0.78247, 2.08723, 0.98007, -2.32647, -0.30215, -0.3967], [-1.0765, 0.5265, 1.81105, 1.06631, -2.30009, -0.12713, -0.64481], [-0.98776, 0.27052, 1.53486, 1.15256, -2.27372, 0.04788, -0.89292], [-0.93793, 0.12677, 1.37976, 1.20099, -2.25891, 0.14617, -1.03225], [-0.79721, 0.32179, 1.34942, 1.53572, -2.38906, -0.08403, -1.12855], [-0.6565, 0.5168, 1.31908, 1.87044, -2.51921, -0.31424, -1.22486], [-0.51578, 0.71181, 1.28874, 2.20517, -2.64935, -0.54444, -1.32116], [-0.51051, 0.71911, 1.2876, 2.21771, -2.65423, -0.55306, -1.32477], [-0.47978, 1.0422, 1.4851, 2.01714, -2.50037, -0.71766, -1.20363], [-0.44905, 1.36528, 1.68259, 1.81657, -2.3465, -0.88225, -1.0825], [-0.41832, 1.68836, 1.88009, 1.616, -2.19264, -1.04685, -0.96136]]
end: [-0.39188000000000001, 1.9663200000000001, 2.0499999999999998, 1.4434499999999999, -2.06026, -1.18845, -0.85714999999999997]
obtacles: [[[0.6, -0.4, -0.2], [1.0, 0.6, -0.3]], [[0.8, -0.2, -0.2], [1.1, -0.1, 0.5]], [[0.8, 0.4, -0.2], [1.1, 0.5, 0.5]], [[0.8, -0.2, 0.5], [1.1, 0.5, 0.6]]]
start: [-0.64142999999999994, 1.58711, 2.0499999999999998, 0.37120999999999998, -2.02712, -1.41818, 0.30972]
tajectories: [[-0.64143, 1.58711, 2.05, 0.37121, -2.02712, -1.41818, 0.30972], [-0.87165, 1.3814, 1.79744, 0.28163, -2.14069, -1.26032, 0.09745], [-1.10186, 1.17569, 1.54487, 0.19206, -2.25426, -1.10247, -0.11483], [-1.33207, 0.96999, 1.29231, 0.10249, -2.36783, -0.94461, -0.3271], [-1.56229, 0.76428, 1.03975, 0.01292, -2.4814, -0.78676, -0.53937], [-1.7925, 0.55857, 0.78718, -0.07665, -2.59497, -0.6289, -0.75164], [-1.84597, 0.51079, 0.72852, -0.09746, -2.62135, -0.59223, -0.80094], [-1.87153, 0.53083, 0.74693, 0.35676, -2.66943, -0.46892, -0.95834], [-1.89709, 0.55086, 0.76534, 0.81098, -2.71752, -0.34561, -1.11573], [-1.92265, 0.57089, 0.78375, 1.2652, -2.7656, -0.22229, -1.27312], [-1.9482, 0.59092, 0.80216, 1.71942, -2.81368, -0.09898, -1.43051], [-1.97376, 0.61095, 0.82057, 2.17364, -2.86176, 0.02434, -1.5879], [-1.99386, 0.6267, 0.83505, 2.53073, -2.89956, 0.12128, -1.71163], [-1.79856, 0.80414, 0.88031, 2.52706, -3.12469, -0.13326, -1.46096], [-1.60327, 0.98157, 0.92557, 2.52338, -3.34983, -0.38781, -1.21029], [-1.40797, 1.159, 0.97083, 2.51971, -3.57497, -0.64235, -0.95962], [-1.21268, 1.33644, 1.01609, 2.51604, -3.8001, -0.89689, -0.70895], [-1.01738, 1.51387, 1.06134, 2.51236, -4.02524, -1.15144, -0.45828], [-0.82208, 1.6913, 1.1066, 2.50869, -4.25038, -1.40598, -0.20761], [-0.71156, 1.79172, 1.13222, 2.50661, -4.37779, -1.55004, -0.06574], [-0.60783, 1.80794, 1.27911, 2.21839, -4.0196, -1.54654, -0.14332], [-0.5041, 1.82415, 1.42599, 1.93016, -3.66142, -1.54304, -0.22089], [-0.40038, 1.84037, 1.57288, 1.64194, -3.30323, -1.53954, -0.29847], [-0.29665, 1.85659, 1.71977, 1.35371, -2.94504, -1.53605, -0.37604], [-0.19292, 1.8728, 1.86666, 1.06549, -2.58685, -1.53255, -0.45362], [-0.0892, 1.88902, 2.01355, 0.77726, -2.22867, -1.52905, -0.53119]]
end: [-0.063460000000000003, 1.8930400000000001, 2.0499999999999998, 0.70574000000000003, -2.13978, -1.5281800000000001, -0.55044000000000004]
obtacles: [[[0.6, -0.4, -0.2], [1.0, 0.6, -0.3]], [[0.8, -0.2, -0.2], [1.1, -0.1, 0.5]], [[0.8, 0.4, -0.2], [1.1, 0.5, 0.5]], [[0.8, -0.2, 0.5], [1.1, 0.5, 0.6]]]
start: [-0.71433000000000002, 1.77278, 2.0499999999999998, 1.1370800000000001, -1.9750099999999999, -1.2391799999999999, -0.30469000000000002]
tajectories: [[-0.71433, 1.77278, 2.05, 1.13708, -1.97501, -1.23918, -0.30469], [-1.00521, 1.75623, 1.89447, 0.98781, -2.12834, -0.98464, -0.13051], [-1.29609, 1.73968, 1.73894, 0.83855, -2.28168, -0.7301, 0.04367], [-1.58697, 1.72313, 1.58341, 0.68928, -2.43502, -0.47555, 0.21786], [-1.87786, 1.70657, 1.42788, 0.54002, -2.58835, -0.22101, 0.39204], [-2.16874, 1.69002, 1.27235, 0.39075, -2.74169, 0.03353, 0.56623], [-2.3353, 1.68054, 1.18329, 0.30528, -2.82949, 0.17929, 0.66597], [-2.1462, 1.65089, 1.41239, 0.61883, -2.60527, 0.28845, 0.6466], [-1.9571, 1.62123, 1.64148, 0.93238, -2.38106, 0.39762, 0.62724], [-1.768, 1.59157, 1.87057, 1.24593, -2.15684, 0.50678, 0.60788], [-1.5789, 1.56192, 2.09966, 1.55948, -1.93262, 0.61595, 0.58851], [-1.3898, 1.53226, 2.32875, 1.87303, -1.70841, 0.72511, 0.56915], [-1.23451, 1.50791, 2.51687, 2.13051, -1.52429, 0.81475, 0.55325], [-1.08121, 1.5761, 2.43337, 2.02845, -1.59711, 0.46848, 0.27173], [-0.9279, 1.6443, 2.34988, 1.92639, -1.66992, 0.12221, -0.00979], [-0.77459, 1.7125, 2.26638, 1.82433, -1.74274, -0.22406, -0.29131], [-0.62129, 1.78069, 2.18288, 1.72227, -1.81556, -0.57033, -0.57283], [-0.46798, 1.84889, 2.09938, 1.62021, -1.88838, -0.9166, -0.85435]]
end: [-0.37730999999999998, 1.8892199999999999, 2.0499999999999998, 1.55985, -1.9314499999999999, -1.12138, -1.0208299999999999]
obtacles: [[[0.6, -0.4, -0.2], [1.0, 0.6, -0.3]], [[0.8, -0.2, -0.2], [1.1, -0.1, 0.5]], [[0.8, 0.4, -0.2], [1.1, 0.5, 0.5]], [[0.8, -0.2, 0.5], [1.1, 0.5, 0.6]]]
start: [-0.70342000000000005, 1.9649700000000001, 1.8500000000000001, 1.0096400000000001, -2.0494500000000002, -1.5597399999999999, -0.24742]
tajectories: [[-0.70342, 1.96497, 1.85, 1.00964, -2.04945, -1.55974, -0.24742], [-0.88969, 1.86324, 2.1133, 1.34493, -2.01611, -1.55498, -0.09883], [-1.07595, 1.76151, 2.3766, 1.68022, -1.98276, -1.55022, 0.04975], [-1.14316, 1.72481, 2.4716, 1.8012, -1.97073, -1.54851, 0.10336], [-0.89045, 1.69801, 2.12886, 1.75061, -1.79411, -1.55027, -0.08154], [-0.63774, 1.6712, 1.78611, 1.70002, -1.61749, -1.55202, -0.26644], [-0.45274, 1.65158, 1.5352, 1.66298, -1.48819, -1.55331, -0.4018], [-0.28548, 1.75747, 1.67905, 1.498, -1.69989, -1.4827, -0.7381], [-0.11822, 1.86335, 1.82291, 1.33302, -1.91158, -1.41209, -1.07441]]
end: [-0.086720000000000005, 1.8832899999999999, 1.8500000000000001, 1.3019499999999999, -1.9514499999999999, -1.39879, -1.13775]
obtacles: [[[0.6, -0.4, -0.2], [1.0, 0.6, -0.3]], [[0.8, -0.2, -0.2], [1.1, -0.1, 0.5]], [[0.8, 0.4, -0.2], [1.1, 0.5, 0.5]], [[0.8, -0.2, 0.5], [1.1, 0.5, 0.6]]]
start: [-0.77834000000000003, 1.92919, 1.8500000000000001, 1.2821899999999999, -1.9979100000000001, -1.4226799999999999, -0.42077999999999999]
tajectories: [[-0.77834, 1.92919, 1.85, 1.28219, -1.99791, -1.42268, -0.42078], [-0.75262, 1.86629, 2.30397, 1.4288, -1.90302, -1.33424, -0.38955], [-0.74421, 1.84572, 2.45244, 1.47675, -1.87199, -1.30532, -0.37933], [-0.51939, 1.83031, 2.37605, 1.7842, -1.83649, -1.55444, -0.56784], [-0.51566, 1.83006, 2.37478, 1.78931, -1.8359, -1.55858, -0.57097], [-0.50947, 1.63302, 2.08221, 1.59493, -1.86498, -1.26443, -0.59063], [-0.50891, 1.6151, 2.05559, 1.57724, -1.86762, -1.23766, -0.59242], [-0.30871, 1.82329, 1.90521, 1.37959, -1.93983, -1.35818, -0.88423]]
end: [-0.23521, 1.8997299999999999, 1.8500000000000001, 1.3070200000000001, -1.96634, -1.4024300000000001, -0.99136000000000002]
obtacles: [[[0.6, -0.4, -0.2], [1.0, 0.6, -0.3]], [[0.8, -0.2, -0.2], [1.1, -0.1, 0.5]], [[0.8, 0.4, -0.2], [1.1, 0.5, 0.5]], [[0.8, -0.2, 0.5], [1.1, 0.5, 0.6]]]
start: [-0.75105999999999995, 1.73559, 1.8500000000000001, 0.56991999999999998, -1.8937999999999999, -1.56223, 0.20574999999999999]
tajectories: [[-0.75106, 1.73559, 1.85, 0.56992, -1.8938, -1.56223, 0.20575], [-0.82575, 1.65253, 1.7888, 0.73754, -1.61798, -1.21528, 0.10969], [-0.90045, 1.56948, 1.7276, 0.90515, -1.34215, -0.86833, 0.01363], [-0.97514, 1.48643, 1.6664, 1.07277, -1.06633, -0.52137, -0.08244], [-1.04983, 1.40337, 1.6052, 1.24039, -0.79051, -0.17442, -0.1785], [-1.06849, 1.38262, 1.58992, 1.28226, -0.72161, -0.08775, -0.20249], [-1.11492, 1.46309, 1.38825, 1.72313, -0.65877, -0.13654, -0.20469], [-1.16136, 1.54355, 1.18658, 2.164, -0.59594, -0.18533, -0.20689], [-1.20779, 1.62402, 0.98491, 2.60487, -0.53311, -0.23412, -0.20909], [-1.20848, 1.62521, 0.98193, 2.6114, -0.53218, -0.23485, -0.20912], [-1.01207, 1.64268, 1.1315, 2.32624, -0.76117, -0.44205, -0.31893], [-0.81566, 1.66015, 1.28108, 2.04109, -0.99017, -0.64926, -0.42874], [-0.61925, 1.67763, 1.43066, 1.75593, -1.21916, -0.85647, -0.53855], [-0.42284, 1.6951, 1.58024, 1.47078, -1.44815, -1.06367, -0.64836], [-0.22643, 1.71257, 1.72982, 1.18562, -1.67714, -1.27088, -0.75817]]
end: [-0.06862, 1.72661, 1.8500000000000001, 0.95650000000000002, -1.86114, -1.43737, -0.84641]
obtacles: [[[0.6, -0.4, -0.2], [1.0, 0.6, -0.3]], [[0.8, -0.2, -0.2], [1.1, -0.1, 0.5]], [[0.8, 0.4, -0.2], [1.1, 0.5, 0.5]], [[0.8, -0.2, 0.5], [1.1, 0.5, 0.6]]]
start: [-0.78193999999999997, 1.5853999999999999, 1.8500000000000001, 0.96743000000000001, -1.7442200000000001, -1.3504, -0.16420000000000001]
tajectories: [[-0.78194, 1.5854, 1.85, 0.96743, -1.74422, -1.3504, -0.1642], [-1.04281, 1.52598, 1.60922, 1.13615, -1.85984, -1.07011, -0.17111], [-1.30367, 1.46656, 1.36843, 1.30486, -1.97545, -0.78982, -0.17802], [-1.36737, 1.45205, 1.30964, 1.34606, -2.00368, -0.72138, -0.17971], [-1.29079, 1.64652, 1.24611, 1.587, -2.19228, -0.85566, -0.48076], [-1.21421, 1.84099, 1.18258, 1.82794, -2.38087, -0.98994, -0.78181], [-1.19973, 1.87776, 1.17056, 1.87349, -2.41653, -1.01533, -0.83874], [-0.93796, 1.65085, 1.1503, 1.89873, -2.29282, -1.23802, -1.0918], [-0.67618, 1.42395, 1.13003, 1.92396, -2.16911, -1.46072, -1.34486], [-0.58776, 1.34731, 1.12319, 1.93248, -2.12732, -1.53594, -1.43033], [-0.42641, 1.54623, 1.39537, 1.65766, -2.06534, -1.49846, -1.25846], [-0.26506, 1.74516, 1.66755, 1.38284, -2.00335, -1.46098, -1.08659]]
end: [-0.15690000000000001, 1.8785099999999999, 1.8500000000000001, 1.19862, -1.9618, -1.4358599999999999, -0.97138000000000002]
obtacles: [[[0.6, -0.4, -0.2], [1.0, 0.6, -0.3]], [[0.8, -0.2, -0.2], [1.1, -0.1, 0.5]], [[0.8, 0.4, -0.2], [1.1, 0.5, 0.5]], [[0.8, -0.2, 0.5], [1.1, 0.5, 0.6]]]
start: [-0.32385999999999998, 1.5148600000000001, 1.8500000000000001, -0.14857999999999999, -1.85504, -1.5562400000000001, 0.46666000000000002]
tajectories: [[-0.32386, 1.51486, 1.85, -0.14858, -1.85504, -1.55624, 0.46666], [-0.55091, 1.32651, 1.81219, 0.00698, -2.15239, -1.46084, 0.2671], [-0.77797, 1.13816, 1.77438, 0.16254, -2.44974, -1.36544, 0.06754], [-1.00502, 0.9498, 1.73657, 0.31809, -2.74709, -1.27004, -0.13201], [-1.23207, 0.76145, 1.69875, 0.47365, -3.04444, -1.17464, -0.33157], [-1.45913, 0.5731, 1.66094, 0.62921, -3.34179, -1.07924, -0.53113], [-1.68618, 0.38475, 1.62313, 0.78477, -3.63914, -0.98384, -0.73069], [-1.91324, 0.1964, 1.58532, 0.94033, -3.93649, -0.88844, -0.93025], [-2.05375, 0.07984, 1.56192, 1.0366, -4.1205, -0.8294, -1.05375], [-1.786, 0.31416, 1.68059, 1.31522, -4.22915, -0.74863, -1.16936], [-1.51826, 0.54849, 1.79926, 1.59384, -4.33779, -0.66786, -1.28497], [-1.25052, 0.78281, 1.91793, 1.87246, -4.44644, -0.58709, -1.40058], [-0.98278, 1.01713, 2.0366, 2.15109, -4.55509, -0.50632, -1.51619], [-0.84283, 1.13962, 2.09863, 2.29672, -4.61188, -0.46411, -1.57662], [-0.71657, 1.26041, 2.06059, 2.12339, -4.21408, -0.61838, -1.49962], [-0.59031, 1.38121, 2.02256, 1.95005, -3.81628, -0.77265, -1.42262], [-0.46405, 1.50201, 1.98453, 1.77672, -3.41848, -0.92693, -1.34562], [-0.33779, 1.6228, 1.9465, 1.60338, -3.02067, -1.0812, -1.26862], [-0.21153, 1.7436, 1.90847, 1.43005, -2.62287, -1.23547, -1.19162], [-0.08527, 1.8644, 1.87043, 1.25672, -2.22507, -1.38975, -1.11462]]
end: [-0.017430000000000001, 1.9293, 1.8500000000000001, 1.1635899999999999, -2.0113500000000002, -1.4726300000000001, -1.07325]
obtacles: [[[0.6, -0.4, -0.2], [1.0, 0.6, -0.3]], [[0.8, -0.2, -0.2], [1.1, -0.1, 0.5]], [[0.8, 0.4, -0.2], [1.1, 0.5, 0.5]], [[0.8, -0.2, 0.5], [1.1, 0.5, 0.6]]]
start: [-0.80613999999999997, 1.66899, 1.8500000000000001, 1.07684, -1.79321, -1.3745400000000001, -0.2349]
tajectories: [[-0.80614, 1.66899, 1.85, 1.07684, -1.79321, -1.37454, -0.2349], [-0.80801, 1.36081, 1.53789, 0.99673, -1.61383, -1.3104, -0.11284], [-0.80988, 1.05263, 1.22577, 0.91662, -1.43446, -1.24625, 0.00923], [-0.81175, 0.74445, 0.91366, 0.83651, -1.25509, -1.18211, 0.13129], [-0.81361, 0.43627, 0.60155, 0.75641, -1.07571, -1.11797, 0.25336], [-0.81548, 0.12809, 0.28944, 0.6763, -0.89634, -1.05383, 0.37543], [-0.81735, -0.18009, -0.02268, 0.59619, -0.71696, -0.98968, 0.49749], [-0.81764, -0.22799, -0.07119, 0.58374, -0.68908, -0.97971, 0.51647], [-0.46749, -0.25379, 0.04076, 0.43852, -0.72577, -0.97627, 0.21357], [-0.11733, -0.27958, 0.15271, 0.2933, -0.76247, -0.97283, -0.08933], [0.23282, -0.30537, 0.26466, 0.14809, -0.79916, -0.96938, -0.39223], [0.58298, -0.33117, 0.37661, 0.00287, -0.83585, -0.96594, -0.69513], [0.93313, -0.35696, 0.48856, -0.14234, -0.87254, -0.9625, -0.99802], [1.28329, -0.38275, 0.60051, -0.28756, -0.90923, -0.95905, -1.30092], [1.36628, -0.38887, 0.62705, -0.32198, -0.91793, -0.95824, -1.37272], [1.26584, -0.11068, 0.97575, -0.43087, -0.9247, -1.07188, -1.49966], [1.1654, 0.1675, 1.32445, -0.53976, -0.93146, -1.18553, -1.6266], [1.06495, 0.44569, 1.67315, -0.64864, -0.93823, -1.29918, -1.75355], [0.96451, 0.72388, 2.02185, -0.75753, -0.945, -1.41282, -1.88049], [0.90458, 0.88985, 2.2299, -0.8225, -0.94904, -1.48063, -1.95623], [0.71535, 1.04017, 2.15726, -0.58934, -1.12485, -1.49613, -1.63872], [0.52611, 1.19049, 2.08463, -0.35619, -1.30066, -1.51164, -1.32122], [0.33688, 1.3408, 2.01199, -0.12303, -1.47647, -1.52714, -1.00372], [0.14764, 1.49112, 1.93935, 0.11012, -1.65228, -1.54265, -0.68621], [-0.04159, 1.64144, 1.86672, 0.34328, -1.82809, -1.55815, -0.36871]]
end: [-0.085150000000000003, 1.6760299999999999, 1.8500000000000001, 0.39694000000000002, -1.86856, -1.56172, -0.29563]
