obtacles: [[[0.6, -0.4, -0.2], [1.0, 0.6, -0.3]], [[0.8, -0.1, -0.2], [1.2, -0.0, 0.4]], [[0.8, 0.4, -0.2], [1.2, 0.5, 0.4]], [[0.8, -0.1, 0.4], [1.2, 0.5, 0.5]]]
start: [-0.42629, 1.64882, 2.2000000000000002, 0.43915999999999999, -2.1814800000000001, -1.3909100000000001, 0.069360000000000005]
tajectories: [[-0.42629, 1.64882, 2.2, 0.43916, -2.18148, -1.39091, 0.06936], [-0.45716, 1.39583, 2.31983, 0.70053, -1.90971, -1.38481, -0.09939], [-0.48802, 1.14285, 2.43966, 0.96189, -1.63793, -1.37871, -0.26815], [-0.51889, 0.88987, 2.55948, 1.22326, -1.36616, -1.3726, -0.4369], [-0.5383, 0.73084, 2.63481, 1.38755, -1.19532, -1.36876, -0.54298], [-0.33576, 0.97753, 2.54391, 1.63903, -1.24329, -1.29498, -0.80542], [-0.13322, 1.22422, 2.45302, 1.8905, -1.29125, -1.22119, -1.06786], [0.06931, 1.47091, 2.36212, 2.14198, -1.33922, -1.14741, -1.33031], [0.15749, 1.57831, 2.32255, 2.25147, -1.3601, -1.11529, -1.44457], [0.04014, 1.70025, 2.25281, 1.92178, -1.60989, -1.16462, -1.23726], [-0.0772, 1.82219, 2.18307, 1.5921, -1.85968, -1.21394, -1.02995], [-0.19455, 1.94412, 2.11333, 1.26242, -2.10946, -1.26327, -0.82264]]
end: [-0.21698000000000001, 1.9674400000000001, 2.1000000000000001, 1.19939, -2.1572200000000001, -1.2726999999999999, -0.78300999999999998]
obtacles: [[[0.6, -0.4, -0.2], [1.0, 0.6, -0.3]], [[0.8, -0.1, -0.2], [1.2, -0.0, 0.4]], [[0.8, 0.4, -0.2], [1.2, 0.5, 0.4]], [[0.8, -0.1, 0.4], [1.2, 0.5, 0.5]]]
start: [-0.57299999999999995, 1.6986699999999999, 2.1000000000000001, 0.63029000000000002, -2.08148, -1.3774999999999999, 0.028000000000000001]
tajectories: [[-0.573, 1.69867, 2.1, 0.63029, -2.08148, -1.3775, 0.028], [-0.90955, 1.73819, 2.02645, 0.87154, -2.19253, -1.18708, -0.12356], [-1.2461, 1.7777, 1.9529, 1.11278, -2.30358, -0.99666, -0.27513], [-1.58265, 1.81722, 1.87935, 1.35403, -2.41462, -0.80624, -0.4267], [-1.7904, 1.84161, 1.83395, 1.50294, -2.48317, -0.6887, -0.52026], [-1.5277, 1.78627, 1.81244, 1.71629, -2.58645, -0.42577, -0.74862], [-1.265, 1.73092, 1.79092, 1.92963, -2.68973, -0.16285, -0.97698], [-1.00229, 1.67557, 1.7694, 2.14297, -2.79301, 0.10008, -1.20534], [-0.77209, 1.62707, 1.75055, 2.32992, -2.88352, 0.33048, -1.40545], [-0.57757, 1.59546, 1.80979, 2.07199, -2.88212, 0.16403, -1.74222], [-0.52879, 1.58753, 1.82465, 2.0073, -2.88177, 0.12228, -1.82669], [-0.41723, 1.6284, 1.88483, 1.77387, -2.7032, -0.18581, -1.60092], [-0.30567, 1.66926, 1.94501, 1.54045, -2.52464, -0.4939, -1.37514], [-0.19411, 1.71012, 2.00518, 1.30703, -2.34607, -0.80199, -1.14937], [-0.08255, 1.75098, 2.06536, 1.0736, -2.1675, -1.11008, -0.9236]]
end: [-0.018329999999999999, 1.7745, 2.1000000000000001, 0.93925000000000003, -2.0647199999999999, -1.2874099999999999, -0.79364999999999997]
obtacles: [[[0.6, -0.4, -0.2], [1.0, 0.6, -0.3]], [[0.8, -0.1, -0.2], [1.2, -0.0, 0.4]], [[0.8, 0.4, -0.2], [1.2, 0.5, 0.4]], [[0.8, -0.1, 0.4], [1.2, 0.5, 0.5]]]
start: [-0.56669999999999998, 1.9702, 1.8500000000000001, 1.00292, -2.05375, -1.5659000000000001, -0.37813999999999998]
tajectories: [[-0.5667, 1.9702, 1.85, 1.00292, -2.05375, -1.5659, -0.37814], [-0.93988, 1.82006, 1.94866, 1.09764, -2.2475, -1.4756, -0.2239], [-1.31306, 1.66991, 2.04733, 1.19237, -2.44126, -1.38529, -0.06966], [-1.68624, 1.51976, 2.14599, 1.28709, -2.63501, -1.29499, 0.08459], [-2.05941, 1.36961, 2.24466, 1.38182, -2.82876, -1.20468, 0.23883], [-2.43259, 1.21946, 2.34332, 1.47655, -3.02251, -1.11437, 0.39307], [-2.50133, 1.19181, 2.3615, 1.49399, -3.0582, -1.09774, 0.42149], [-2.19956, 1.22923, 2.4155, 1.73724, -3.29, -0.99448, 0.24527], [-1.89779, 1.26665, 2.4695, 1.98048, -3.5218, -0.89121, 0.06905], [-1.59601, 1.30408, 2.52351, 2.22372, -3.75361, -0.78795, -0.10717], [-1.29424, 1.3415, 2.57751, 2.46696, -3.98541, -0.68469, -0.28339], [-0.99246, 1.37892, 2.63151, 2.7102, -4.21722, -0.58142, -0.45961], [-0.7339, 1.41099, 2.67778, 2.91861, -4.41583, -0.49295, -0.61059], [-0.62296, 1.47945, 2.58244, 2.60916, -4.0906, -0.64206, -0.62271], [-0.51202, 1.5479, 2.4871, 2.2997, -3.76537, -0.79117, -0.63483], [-0.40108, 1.61636, 2.39176, 1.99025, -3.44014, -0.94028, -0.64695], [-0.29014, 1.68482, 2.29641, 1.68079, -3.11491, -1.08938, -0.65907], [-0.1792, 1.75328, 2.20107, 1.37134, -2.78969, -1.23849, -0.67119], [-0.06826, 1.82174, 2.10573, 1.06189, -2.46446, -1.3876, -0.68331], [0.04267, 1.8902, 2.01039, 0.75243, -2.13923, -1.53671, -0.69543]]
end: [0.054760000000000003, 1.8976599999999999, 2.0, 0.71870999999999996, -2.10379, -1.5529599999999999, -0.69674999999999998]
obtacles: [[[0.6, -0.4, -0.2], [1.0, 0.6, -0.3]], [[0.8, -0.1, -0.2], [1.2, -0.0, 0.4]], [[0.8, 0.4, -0.2], [1.2, 0.5, 0.4]], [[0.8, -0.1, 0.4], [1.2, 0.5, 0.5]]]
start: [-0.70943000000000001, 1.67442, 2.0, 0.96767999999999998, -1.9108400000000001, -1.2846900000000001, -0.1862]
tajectories: [[-0.70943, 1.67442, 2.0, 0.96768, -1.91084, -1.28469, -0.1862], [-1.02593, 1.5671, 1.94163, 1.01136, -1.75928, -1.00564, -0.36553], [-1.31876, 1.4678, 1.88763, 1.05176, -1.61905, -0.74746, -0.53145], [-1.09609, 1.24358, 1.90373, 1.26748, -1.57567, -0.64443, -0.83288], [-0.87342, 1.01936, 1.91984, 1.48319, -1.53229, -0.5414, -1.1343], [-0.65076, 0.79515, 1.93595, 1.69891, -1.48892, -0.43837, -1.43572], [-0.42809, 0.57093, 1.95205, 1.91463, -1.44554, -0.33534, -1.73714], [-0.20542, 0.34671, 1.96816, 2.13034, -1.40216, -0.23231, -2.03857], [-0.01441, 0.15437, 1.98198, 2.31539, -1.36495, -0.14392, -2.29714], [-0.00742, 0.46111, 1.84524, 2.3999, -1.58155, -0.43171, -2.31398], [-0.00044, 0.76785, 1.70849, 2.48441, -1.79816, -0.71949, -2.33081], [0.00655, 1.07459, 1.57175, 2.56891, -2.01477, -1.00728, -2.34765], [0.01354, 1.38133, 1.43501, 2.65342, -2.23137, -1.29506, -2.36449], [0.01986, 1.65911, 1.31118, 2.72995, -2.42753, -1.55568, -2.37974], [-0.01912, 1.7135, 1.49173, 2.41758, -2.3936, -1.48765, -2.04873], [-0.05811, 1.76789, 1.67228, 2.10521, -2.35967, -1.41962, -1.71772], [-0.09709, 1.82228, 1.85283, 1.79284, -2.32573, -1.35158, -1.3867], [-0.13608, 1.87667, 2.03338, 1.48047, -2.2918, -1.28355, -1.05569], [-0.17506, 1.93107, 2.21393, 1.16811, -2.25787, -1.21552, -0.72468]]
end: [-0.18285000000000001, 1.9419299999999999, 2.25, 1.1056999999999999, -2.25109, -1.2019299999999999, -0.65854999999999997]
obtacles: [[[0.6, -0.4, -0.2], [1.0, 0.6, -0.3]], [[0.8, -0.1, -0.2], [1.2, -0.0, 0.4]], [[0.8, 0.4, -0.2], [1.2, 0.5, 0.4]], [[0.8, -0.1, 0.4], [1.2, 0.5, 0.5]]]
start: [-0.53596999999999995, 1.6971799999999999, 2.25, 0.84872999999999998, -2.1514799999999998, -1.1762999999999999, -0.14878]
tajectories: [[-0.53597, 1.69718, 2.25, 0.84873, -2.15148, -1.1763, -0.14878], [-0.69186, 1.48019, 2.08175, 0.86842, -2.17476, -1.22861, 0.23416], [-0.84776, 1.2632, 1.9135, 0.8881, -2.19803, -1.28093, 0.61709], [-1.00365, 1.04621, 1.74526, 0.90778, -2.22131, -1.33324, 1.00003], [-1.15954, 0.82922, 1.57701, 0.92746, -2.24459, -1.38555, 1.38296], [-1.31543, 0.61223, 1.40876, 0.94714, -2.26786, -1.43787, 1.7659], [-1.47132, 0.39524, 1.24051, 0.96682, -2.29114, -1.49018, 2.14884], [-1.58306, 0.23971, 1.11992, 0.98093, -2.30782, -1.52768, 2.42331], [-1.28931, 0.34484, 1.13952, 1.25248, -2.05247, -1.52253, 2.30797], [-0.99556, 0.44998, 1.15912, 1.52403, -1.79712, -1.51739, 2.19262], [-0.70182, 0.55511, 1.17873, 1.79558, -1.54177, -1.51225, 2.07727], [-0.40807, 0.66025, 1.19833, 2.06713, -1.28642, -1.5071, 1.96193], [-0.11432, 0.76538, 1.21793, 2.33868, -1.03107, -1.50196, 1.84658], [0.17943, 0.87052, 1.23754, 2.61023, -0.77572, -1.49682, 1.73124], [0.22726, 0.88764, 1.24073, 2.65444, -0.73414, -1.49598, 1.71246], [0.15768, 1.04153, 1.3561, 2.4468, -0.9334, -1.46982, 1.35939], [0.08809, 1.19542, 1.47147, 2.23915, -1.13267, -1.44366, 1.00632], [0.01851, 1.34932, 1.58684, 2.0315, -1.33194, -1.4175, 0.65325], [-0.05108, 1.50321, 1.7022, 1.82386, -1.5312, -1.39135, 0.30019], [-0.12066, 1.6571, 1.81757, 1.61621, -1.73047, -1.36519, -0.05288], [-0.19025, 1.811, 1.93294, 1.40857, -1.92973, -1.33903, -0.40595], [-0.25983, 1.96489, 2.04831, 1.20092, -2.129, -1.31287, -0.75902]]
end: [-0.26085000000000003, 1.9671400000000001, 2.0499999999999998, 1.1978800000000001, -2.13192, -1.3124899999999999, -0.76417999999999997]
obtacles: [[[0.6, -0.4, -0.2], [1.0, 0.6, -0.3]], [[0.8, -0.1, -0.2], [1.2, -0.0, 0.4]], [[0.8, 0.4, -0.2], [1.2, 0.5, 0.4]], [[0.8, -0.1, 0.4], [1.2, 0.5, 0.5]]]
start: [-0.50166999999999995, 1.8871800000000001, 2.0499999999999998, 0.96130000000000004, -2.1111800000000001, -1.38862, -0.33112999999999998]
tajectories: [[-0.50167, 1.88718, 2.05, 0.9613, -2.11118, -1.38862, -0.33113], [-0.5971, 1.60871, 2.05486, 0.91845, -2.29316, -1.11922, -0.56734], [-0.69252, 1.33023, 2.05971, 0.87559, -2.47514, -0.84983, -0.80355], [-0.78795, 1.05175, 2.06457, 0.83274, -2.65711, -0.58043, -1.03976], [-0.88338, 0.77327, 2.06942, 0.78989, -2.83909, -0.31104, -1.27597], [-0.9788, 0.49479, 2.07428, 0.74704, -3.02107, -0.04164, -1.51218], [-1.07159, 0.22403, 2.079, 0.70538, -3.198, 0.22028, -1.74185], [-0.66824, 0.245, 2.13094, 0.78691, -3.19643, 0.21579, -1.46345], [-0.26489, 0.26596, 2.18287, 0.86844, -3.19486, 0.21131, -1.18505], [0.13846, 0.28693, 2.2348, 0.94997, -3.19329, 0.20682, -0.90665], [0.5418, 0.30789, 2.28674, 1.03149, -3.19172, 0.20233, -0.62826], [0.94515, 0.32886, 2.33867, 1.11302, -3.19015, 0.19784, -0.34986], [1.3485, 0.34983, 2.3906, 1.19455, -3.18858, 0.19335, -0.07146], [1.75184, 0.37079, 2.44254, 1.27608, -3.18701, 0.18887, 0.20694], [1.84146, 0.37545, 2.45408, 1.29419, -3.18666, 0.18787, 0.26879], [1.63078, 0.58538, 2.3091, 1.55948, -3.24924, 0.2217, 0.52391], [1.42009, 0.79531, 2.16413, 1.82477, -3.31181, 0.25553, 0.77903], [1.20941, 1.00524, 2.01916, 2.09006, -3.37439, 0.28936, 1.03416], [0.99873, 1.21517, 1.87419, 2.35535, -3.43696, 0.3232, 1.28928], [0.78805, 1.4251, 1.72922, 2.62064, -3.49953, 0.35703, 1.5444], [0.57736, 1.63503, 1.58424, 2.88592, -3.56211, 0.39086, 1.79952], [0.555, 1.65731, 1.56886, 2.91408, -3.56875, 0.39445, 1.8266], [0.4521, 1.695, 1.62965, 2.7036, -3.38438, 0.18283, 1.49311], [0.3492, 1.7327, 1.69044, 2.49312, -3.20001, -0.02879, 1.15962], [0.2463, 1.77039, 1.75123, 2.28263, -3.01564, -0.24041, 0.82613], [0.1434, 1.80808, 1.81202, 2.07215, -2.83127, -0.45203, 0.49264], [0.0405, 1.84578, 1.87281, 1.86167, -2.6469, -0.66365, 0.15915], [-0.0624, 1.88347, 1.9336, 1.65118, -2.46253, -0.87527, -0.17435], [-0.1653, 1.92116, 1.99439, 1.4407, -2.27816, -1.08689, -0.50784]]
end: [-0.25944, 1.95564, 2.0499999999999998, 1.2481500000000001, -2.1094900000000001, -1.2804800000000001, -0.81291999999999998]
obtacles: [[[0.6, -0.4, -0.2], [1.0, 0.6, -0.3]], [[0.8, -0.1, -0.2], [1.2, -0.0, 0.4]], [[0.8, 0.4, -0.2], [1.2, 0.5, 0.4]], [[0.8, -0.1, 0.4], [1.2, 0.5, 0.5]]]
start: [-0.5444, 1.94919, 2.1499999999999999, 0.64217999999999997, -2.2505500000000001, -1.5619799999999999, 0.01933]
tajectories: [[-0.5444, 1.94919, 2.15, 0.64218, -2.25055, -1.56198, 0.01933], [-0.70146, 1.76972, 2.03273, 0.90679, -2.37407, -1.51073, -0.28311], [-0.85853, 1.59025, 1.91546, 1.17141, -2.49759, -1.45948, -0.58554], [-1.01559, 1.41078, 1.79819, 1.43602, -2.62111, -1.40823, -0.88798], [-1.17265, 1.23132, 1.68092, 1.70063, -2.74463, -1.35698, -1.19041], [-1.32971, 1.05185, 1.56365, 1.96524, -2.86815, -1.30572, -1.49285], [-1.48677, 0.87238, 1.44638, 2.22985, -2.99166, -1.25447, -1.79529], [-1.51407, 0.84119, 1.42599, 2.27584, -3.01313, -1.24557, -1.84785], [-1.09892, 0.89003, 1.4466, 2.28797, -3.2737, -1.27103, -1.76944], [-0.68377, 0.93887, 1.46721, 2.30009, -3.53426, -1.2965, -1.69102], [-0.26862, 0.98771, 1.48782, 2.31221, -3.79483, -1.32197, -1.6126], [0.14653, 1.03655, 1.50843, 2.32433, -4.0554, -1.34743, -1.53418], [0.56168, 1.08539, 1.52904, 2.33645, -4.31596, -1.3729, -1.45577], [0.61353, 1.09149, 1.53162, 2.33797, -4.34851, -1.37608, -1.44597], [0.47182, 1.22847, 1.64646, 2.14034, -3.97019, -1.3385, -1.3261], [0.3301, 1.36545, 1.76131, 1.94272, -3.59187, -1.30092, -1.20622], [0.18838, 1.50243, 1.87616, 1.7451, -3.21355, -1.26334, -1.08634], [0.04666, 1.63941, 1.99101, 1.54748, -2.83523, -1.22576, -0.96646], [-0.09506, 1.77639, 2.10586, 1.34985, -2.45691, -1.18818, -0.84659]]
end: [-0.21123, 1.8886700000000001, 2.2000000000000002, 1.1878599999999999, -2.1467999999999998, -1.15737, -0.74831999999999999]
obtacles: [[[0.6, -0.4, -0.2], [1.0, 0.6, -0.3]], [[0.8, -0.1, -0.2], [1.2, -0.0, 0.4]], [[0.8, 0.4, -0.2], [1.2, 0.5, 0.4]], [[0.8, -0.1, 0.4], [1.2, 0.5, 0.5]]]
start: [-0.67742999999999998, 1.8122, 2.2000000000000002, 0.74741999999999997, -2.2084299999999999, -1.35606, 0.080030000000000004]
tajectories: [[-0.67743, 1.8122, 2.2, 0.74742, -2.20843, -1.35606, 0.08003], [-0.82466, 1.72983, 2.27032, 0.61541, -2.43229, -1.18192, -0.26454], [-0.97188, 1.64746, 2.34063, 0.48339, -2.65615, -1.00777, -0.60911], [-1.11911, 1.56509, 2.41095, 0.35138, -2.88001, -0.83363, -0.95368], [-1.1926, 1.52397, 2.44605, 0.28549, -2.99176, -0.74669, -1.12569], [-1.17492, 1.51924, 2.34631, 0.69278, -3.019, -0.61417, -0.89005], [-1.15723, 1.51451, 2.24656, 1.10007, -3.04624, -0.48165, -0.65442], [-1.13954, 1.50978, 2.14682, 1.50737, -3.07348, -0.34913, -0.41878], [-1.12186, 1.50504, 2.04707, 1.91466, -3.10071, -0.21662, -0.18315], [-1.10417, 1.50031, 1.94733, 2.32196, -3.12795, -0.0841, 0.05249], [-1.08701, 1.49572, 1.85053, 2.7172, -3.15439, 0.0445, 0.28115], [-0.88797, 1.55801, 1.9086, 2.40933, -2.99961, -0.18431, 0.10216], [-0.68893, 1.6203, 1.96666, 2.10146, -2.84483, -0.41313, -0.07682], [-0.4899, 1.6826, 2.02472, 1.79359, -2.69005, -0.64195, -0.2558], [-0.29086, 1.74489, 2.08279, 1.48572, -2.53527, -0.87076, -0.43479], [-0.09182, 1.80718, 2.14085, 1.17785, -2.38049, -1.09958, -0.61377], [0.10721, 1.86947, 2.19892, 0.86998, -2.22571, -1.3284, -0.79275]]
end: [0.11093, 1.8706400000000001, 2.2000000000000002, 0.86424000000000001, -2.2228300000000001, -1.33267, -0.79608999999999996]
