obtacles: [[[0.6, -0.4, -0.2], [1.0, 0.6, -0.3]], [[0.8, -0.1, -0.2], [1.2, -0.0, 0.5]], [[0.8, 0.4, -0.2], [1.2, 0.5, 0.5]], [[0.8, -0.1, 0.5], [1.2, 0.5, 0.6]]]
start: [2.4756100000000001, -1.7509300000000001, -1.1499999999999999, 0.74238999999999999, -2.00576, -1.4306700000000001, -0.0068300000000000001]
tajectories: [[2.47561, -1.75093, -1.15, 0.74239, -2.00576, -1.43067, -0.00683], [2.39037, -1.58471, -1.10108, 0.9329, -1.68414, -1.24648, 0.19079], [2.30513, -1.41848, -1.05217, 1.1234, -1.36252, -1.0623, 0.38842], [2.21988, -1.25226, -1.00325, 1.3139, -1.0409, -0.87811, 0.58604], [2.13464, -1.08603, -0.95434, 1.50441, -0.71928, -0.69393, 0.78366], [2.04939, -0.91981, -0.90542, 1.69491, -0.39766, -0.50975, 0.98129], [2.04692, -0.915, -0.90401, 1.70043, -0.38835, -0.50442, 0.98701], [1.92737, -0.52596, -1.08789, 1.85023, -0.40093, -0.34744, 1.04449], [1.80781, -0.13693, -1.27177, 2.00004, -0.41351, -0.19046, 1.10197], [1.68826, 0.2521, -1.45566, 2.14985, -0.4261, -0.03348, 1.15944], [1.5687, 0.64114, -1.63954, 2.29965, -0.43868, 0.1235, 1.21692], [1.44915, 1.03017, -1.82342, 2.44946, -0.45126, 0.28048, 1.2744], [1.32959, 1.4192, -2.00731, 2.59926, -0.46384, 0.43746, 1.33188], [1.27907, 1.58362, -2.08502, 2.66258, -0.46916, 0.5038, 1.35618], [1.14076, 1.59531, -1.97159, 2.27419, -0.65367, 0.61927, 1.49633], [1.00245, 1.607, -1.85816, 1.88579, -0.83817, 0.73474, 1.63649], [0.86413, 1.61869, -1.74474, 1.4974, -1.02268, 0.85021, 1.77664], [0.72582, 1.63038, -1.63131, 1.10901, -1.20719, 0.96568, 1.9168], [0.58751, 1.64206, -1.51788, 0.72062, -1.39169, 1.08114, 2.05695], [0.4492, 1.65375, -1.40445, 0.33223, -1.5762, 1.19661, 2.19711], [0.31089, 1.66544, -1.29102, -0.05617, -1.7607, 1.31208, 2.33726], [0.17258, 1.67713, -1.17759, -0.44456, -1.94521, 1.42755, 2.47742]]
end: [0.13894999999999999, 1.67997, -1.1499999999999999, -0.53900999999999999, -1.9900800000000001, 1.45563, 2.5114999999999998]
obtacles: [[[0.6, -0.4, -0.2], [1.0, 0.6, -0.3]], [[0.8, -0.1, -0.2], [1.2, -0.0, 0.5]], [[0.8, 0.4, -0.2], [1.2, 0.5, 0.5]], [[0.8, -0.1, 0.5], [1.2, 0.5, 0.6]]]
start: [-0.47769, 1.62574, -1.1499999999999999, -0.47739999999999999, 1.1687799999999999, -1.4317200000000001, 0.040410000000000001]
tajectories: [[-0.47769, 1.62574, -1.15, -0.4774, 1.16878, -1.43172, 0.04041], [-0.52502, 1.55426, -1.03804, -0.21018, 1.01655, -1.06458, 0.06774], [-0.57234, 1.48278, -0.92609, 0.05705, 0.86432, -0.69745, 0.09507], [-0.61966, 1.4113, -0.81413, 0.32427, 0.71209, -0.33032, 0.12239], [-0.66699, 1.33982, -0.70217, 0.5915, 0.55986, 0.03682, 0.14972], [-0.71431, 1.26834, -0.59021, 0.85872, 0.40763, 0.40395, 0.17705], [-0.76164, 1.19686, -0.47826, 1.12595, 0.2554, 0.77109, 0.20438], [-0.79306, 1.1494, -0.40393, 1.30336, 0.15433, 1.01483, 0.22252], [-0.53246, 1.1756, -0.51939, 1.55737, -0.15849, 1.08553, 0.19618], [-0.27186, 1.20179, -0.63486, 1.81138, -0.47131, 1.15622, 0.16985], [-0.01126, 1.22798, -0.75032, 2.06539, -0.78413, 1.22692, 0.14351], [0.24934, 1.25418, -0.86578, 2.3194, -1.09695, 1.29762, 0.11718], [0.50994, 1.28037, -0.98125, 2.57341, -1.40977, 1.36832, 0.09084], [0.76513, 1.30602, -1.09431, 2.82215, -1.7161, 1.43755, 0.06506], [0.74949, 1.3961, -1.19863, 2.57236, -1.63068, 1.45371, -0.33595], [0.73385, 1.48619, -1.30295, 2.32257, -1.54527, 1.46988, -0.73695], [0.7182, 1.57628, -1.40727, 2.07278, -1.45985, 1.48605, -1.13795], [0.70256, 1.66637, -1.51159, 1.82299, -1.37444, 1.50222, -1.53896], [0.68691, 1.75646, -1.61591, 1.57319, -1.28902, 1.51838, -1.93996], [0.67127, 1.84654, -1.72023, 1.3234, -1.20361, 1.53455, -2.34096], [0.65563, 1.93663, -1.82455, 1.07361, -1.11819, 1.55072, -2.74197]]
end: [0.65181, 1.95861, -1.8500000000000001, 1.01267, -1.0973599999999999, 1.5546599999999999, -2.8397999999999999]
obtacles: [[[0.6, -0.4, -0.2], [1.0, 0.6, -0.3]], [[0.8, -0.1, -0.2], [1.2, -0.0, 0.5]], [[0.8, 0.4, -0.2], [1.2, 0.5, 0.5]], [[0.8, -0.1, 0.5], [1.2, 0.5, 0.6]]]
start: [2.6179600000000001, -1.62537, -1.25, 0.33534000000000003, 1.2496100000000001, 1.51867, -2.9360200000000001]
tajectories: [[2.61796, -1.62537, -1.25, 0.33534, 1.24961, 1.51867, -2.93602], [2.59998, -1.51785, -1.42115, 0.30255, 0.90401, 1.46123, -2.64445], [2.58201, -1.41032, -1.59229, 0.26977, 0.55841, 1.4038, -2.35289], [2.56403, -1.3028, -1.76344, 0.23698, 0.21281, 1.34636, -2.06132], [2.54606, -1.19527, -1.93458, 0.2042, -0.1328, 1.28892, -1.76975], [2.52808, -1.08775, -2.10573, 0.17141, -0.4784, 1.23149, -1.47819], [2.5101, -0.98022, -2.27688, 0.13863, -0.824, 1.17405, -1.18662], [2.49213, -0.8727, -2.44802, 0.10584, -1.1696, 1.11661, -0.89506], [2.47579, -0.77498, -2.60356, 0.07605, -1.48367, 1.06442, -0.63009], [2.35583, -0.49139, -2.51377, 0.35489, -1.57552, 0.91497, -0.43362], [2.23586, -0.2078, -2.42399, 0.63372, -1.66737, 0.76553, -0.23715], [2.11589, 0.07579, -2.3342, 0.91256, -1.75922, 0.61608, -0.04068], [1.99593, 0.35938, -2.24442, 1.1914, -1.85108, 0.46663, 0.15579], [1.87596, 0.64297, -2.15463, 1.47024, -1.94293, 0.31719, 0.35226], [1.75599, 0.92656, -2.06484, 1.74908, -2.03478, 0.16774, 0.54873], [1.63603, 1.21015, -1.97506, 2.02792, -2.12663, 0.0183, 0.74521], [1.51606, 1.49375, -1.88527, 2.30676, -2.21848, -0.13115, 0.94168], [1.49418, 1.54547, -1.8689, 2.35761, -2.23524, -0.1584, 0.97751], [1.33414, 1.57938, -1.9025, 2.07356, -2.51328, -0.36313, 0.8285], [1.1741, 1.6133, -1.9361, 1.78951, -2.79132, -0.56786, 0.6795], [1.01406, 1.64722, -1.96971, 1.50546, -3.06936, -0.77259, 0.53049], [0.85402, 1.68114, -2.00331, 1.2214, -3.3474, -0.97731, 0.38149], [0.69398, 1.71505, -2.03691, 0.93735, -3.62544, -1.18204, 0.23249], [0.53394, 1.74897, -2.07051, 0.6533, -3.90348, -1.38677, 0.08348]]
end: [0.39351000000000003, 1.7787299999999999, -2.1000000000000001, 0.40405000000000002, -4.1474500000000001, -1.5664100000000001, -0.04727]
obtacles: [[[0.6, -0.4, -0.2], [1.0, 0.6, -0.3]], [[0.8, -0.1, -0.2], [1.2, -0.0, 0.5]], [[0.8, 0.4, -0.2], [1.2, 0.5, 0.5]], [[0.8, -0.1, 0.5], [1.2, 0.5, 0.6]]]
start: [-0.52275000000000005, 1.51492, -1.6000000000000001, -0.78517000000000003, -4.6522399999999999, -1.5519099999999999, -0.26217000000000001]
tajectories: [[-0.52275, 1.51492, -1.6, -0.78517, -4.65224, -1.55191, -0.26217], [-0.60362, 1.19867, -1.52758, -0.53168, -4.53164, -1.40579, -0.06711], [-0.68449, 0.88241, -1.45516, -0.27819, -4.41104, -1.25968, 0.12795], [-0.76536, 0.56616, -1.38274, -0.0247, -4.29043, -1.11357, 0.32302], [-0.84623, 0.24991, -1.31031, 0.22879, -4.16983, -0.96746, 0.51808], [-0.9271, -0.06635, -1.23789, 0.48228, -4.04923, -0.82135, 0.71314], [-1.00797, -0.3826, -1.16547, 0.73577, -3.92863, -0.67524, 0.9082], [-1.08884, -0.69885, -1.09305, 0.98926, -3.80803, -0.52913, 1.10326], [-1.13135, -0.8651, -1.05498, 1.12252, -3.74463, -0.45232, 1.20581], [-0.87943, -0.9213, -0.98442, 1.09831, -3.94651, -0.68028, 1.49751], [-0.62752, -0.9775, -0.91386, 1.07409, -4.14838, -0.90824, 1.78922], [-0.3756, -1.0337, -0.84331, 1.04988, -4.35026, -1.1362, 2.08093], [-0.13978, -1.08631, -0.77726, 1.02721, -4.53924, -1.34959, 2.35399], [0.12479, -0.802, -0.6391, 1.24348, -4.36342, -1.33612, 2.30688], [0.38936, -0.5177, -0.50093, 1.45974, -4.18761, -1.32264, 2.25977], [0.65393, -0.23339, -0.36277, 1.67601, -4.0118, -1.30917, 2.21266], [0.9185, 0.05092, -0.22461, 1.89228, -3.83599, -1.29569, 2.16555], [1.18307, 0.33523, -0.08644, 2.10854, -3.66017, -1.28221, 2.11844], [1.44765, 0.61953, 0.05172, 2.32481, -3.48436, -1.26874, 2.07133], [1.59494, 0.77781, 0.12864, 2.44521, -3.38648, -1.26124, 2.0451], [1.42492, 0.8982, -0.12423, 2.19306, -3.52616, -1.30127, 1.80434], [1.25491, 1.01858, -0.3771, 1.9409, -3.66583, -1.34131, 1.56358], [1.08489, 1.13896, -0.62997, 1.68875, -3.80551, -1.38135, 1.32282], [0.91488, 1.25934, -0.88284, 1.43659, -3.94519, -1.42139, 1.08206], [0.74486, 1.37972, -1.13571, 1.18444, -4.08486, -1.46143, 0.8413], [0.57485, 1.5001, -1.38858, 0.93228, -4.22454, -1.50146, 0.60054], [0.40484, 1.62049, -1.64145, 0.68013, -4.36422, -1.5415, 0.35977]]
end: [0.29824000000000001, 1.69597, -1.8, 0.52202999999999999, -4.4518000000000004, -1.5666100000000001, 0.20882000000000001]
obtacles: [[[0.6, -0.4, -0.2], [1.0, 0.6, -0.3]], [[0.8, -0.1, -0.2], [1.2, -0.0, 0.5]], [[0.8, 0.4, -0.2], [1.2, 0.5, 0.5]], [[0.8, -0.1, 0.5], [1.2, 0.5, 0.6]]]
start: [0.13786999999999999, 1.7463599999999999, -1.8, 1.1971700000000001, -4.4629500000000002, -1.4257599999999999, 1.0208299999999999]
tajectories: [[0.13787, 1.74636, -1.8, 1.19717, -4.46295, -1.42576, 1.02083], [0.0357, 1.72248, -1.97935, 1.51892, -4.35167, -1.36741, 0.725], [-0.06648, 1.69859, -2.15869, 1.84067, -4.24038, -1.30905, 0.42917], [-0.16866, 1.6747, -2.33804, 2.16242, -4.1291, -1.25069, 0.13335], [-0.23602, 1.65896, -2.45627, 2.37452, -4.05574, -1.21222, -0.06166], [-0.01154, 1.60409, -2.4407, 2.12962, -3.84375, -1.13851, -0.35493], [0.21294, 1.54922, -2.42514, 1.88472, -3.63176, -1.06479, -0.64819], [0.43742, 1.49435, -2.40958, 1.63982, -3.41977, -0.99107, -0.94146], [0.6619, 1.43947, -2.39402, 1.39491, -3.20777, -0.91735, -1.23472], [0.80007, 1.4057, -2.38444, 1.24418, -3.07729, -0.87198, -1.41523], [0.76859, 1.47699, -2.25533, 1.12359, -3.37744, -1.02104, -1.09835], [0.73711, 1.54829, -2.12623, 1.00301, -3.67759, -1.1701, -0.78148], [0.70563, 1.61958, -1.99712, 0.88242, -3.97773, -1.31917, -0.4646], [0.67415, 1.69087, -1.86802, 0.76184, -4.27788, -1.46823, -0.14773]]
end: [0.65756999999999999, 1.7284299999999999, -1.8, 0.69830999999999999, -4.4360099999999996, -1.54677, 0.019220000000000001]
obtacles: [[[0.6, -0.4, -0.2], [1.0, 0.6, -0.3]], [[0.8, -0.1, -0.2], [1.2, -0.0, 0.5]], [[0.8, 0.4, -0.2], [1.2, 0.5, 0.5]], [[0.8, -0.1, 0.5], [1.2, 0.5, 0.6]]]
start: [0.12533, 1.5825899999999999, -1.8, 1.17597, -4.6118100000000002, -1.36416, 1.03884]
tajectories: [[0.12533, 1.58259, -1.8, 1.17597, -4.61181, -1.36416, 1.03884], [-0.11451, 1.54768, -1.94164, 1.51145, -4.64977, -1.14917, 1.14369], [-0.2251, 1.53159, -2.00695, 1.66613, -4.66728, -1.05004, 1.19203], [0.08959, 1.57553, -2.22368, 1.79286, -4.62403, -0.84755, 0.98435], [0.40429, 1.61948, -2.44041, 1.91959, -4.58079, -0.64507, 0.77667], [0.64897, 1.65365, -2.60892, 2.01812, -4.54717, -0.48763, 0.61519], [0.62861, 1.68523, -2.32049, 1.77341, -4.52617, -0.81035, 0.64546], [0.60824, 1.71681, -2.03206, 1.52869, -4.50517, -1.13308, 0.67573]]
end: [0.59184999999999999, 1.74221, -1.8, 1.3318000000000001, -4.4882799999999996, -1.39273, 0.70008000000000004]
obtacles: [[[0.6, -0.4, -0.2], [1.0, 0.6, -0.3]], [[0.8, -0.1, -0.2], [1.2, -0.0, 0.5]], [[0.8, 0.4, -0.2], [1.2, 0.5, 0.5]], [[0.8, -0.1, 0.5], [1.2, 0.5, 0.6]]]
start: [2.5036399999999999, -1.9573700000000001, -0.80000000000000004, 0.78042, -2.3989500000000001, -1.3835999999999999, 0.098470000000000002]
tajectories: [[2.50364, -1.95737, -0.8, 0.78042, -2.39895, -1.3836, 0.09847], [2.47155, -1.65578, -0.94429, 0.76656, -2.66436, -1.38725, -0.1595], [2.43946, -1.3542, -1.08859, 0.75269, -2.92977, -1.39089, -0.41747], [2.40738, -1.05262, -1.23288, 0.73882, -3.19518, -1.39454, -0.67544], [2.37529, -0.75103, -1.37718, 0.72496, -3.46059, -1.39818, -0.93341], [2.3432, -0.44945, -1.52147, 0.71109, -3.726, -1.40183, -1.19139], [2.31112, -0.14787, -1.66576, 0.69722, -3.99141, -1.40547, -1.44936], [2.28116, 0.13372, -1.80049, 0.68427, -4.23922, -1.40888, -1.69023], [2.19191, 0.13391, -1.52988, 1.08596, -4.28618, -1.41735, -1.76217], [2.10266, 0.1341, -1.25928, 1.48765, -4.33315, -1.42582, -1.83412], [2.01342, 0.13429, -0.98867, 1.88934, -4.38011, -1.4343, -1.90607], [1.92417, 0.13447, -0.71807, 2.29103, -4.42708, -1.44277, -1.97801], [1.83492, 0.13466, -0.44746, 2.69272, -4.47404, -1.45124, -2.04996], [1.79172, 0.13475, -0.31649, 2.88714, -4.49677, -1.45535, -2.08478], [1.64587, 0.35415, -0.52156, 2.63042, -4.45535, -1.46704, -1.81873], [1.50002, 0.57354, -0.72663, 2.37371, -4.41392, -1.47874, -1.55268], [1.35417, 0.79294, -0.9317, 2.11699, -4.3725, -1.49044, -1.28663], [1.20832, 1.01234, -1.13677, 1.86028, -4.33107, -1.50214, -1.02058], [1.06247, 1.23173, -1.34184, 1.60356, -4.28965, -1.51384, -0.75453], [0.91662, 1.45113, -1.54692, 1.34685, -4.24822, -1.52554, -0.48848], [0.77077, 1.67052, -1.75199, 1.09013, -4.2068, -1.53724, -0.22242], [0.62491, 1.88992, -1.95706, 0.83342, -4.16537, -1.54894, 0.04363]]
end: [0.59436999999999995, 1.9358599999999999, -2.0, 0.77966999999999997, -4.1566999999999998, -1.55139, 0.099339999999999998]
obtacles: [[[0.6, -0.4, -0.2], [1.0, 0.6, -0.3]], [[0.8, -0.1, -0.2], [1.2, -0.0, 0.5]], [[0.8, 0.4, -0.2], [1.2, 0.5, 0.5]], [[0.8, -0.1, 0.5], [1.2, 0.5, 0.6]]]
start: [-0.063479999999999995, 1.6876500000000001, -2.0, 0.92998999999999998, -4.3517799999999998, -1.3061, 0.91944999999999999]
tajectories: [[-0.06348, 1.68765, -2.0, 0.92999, -4.35178, -1.3061, 0.91945], [-0.0017, 1.51263, -2.03521, 1.07451, -3.93999, -1.16359, 0.97899], [0.06008, 1.3376, -2.07042, 1.21903, -3.52821, -1.02107, 1.03852], [0.12186, 1.16257, -2.10563, 1.36354, -3.11642, -0.87856, 1.09805], [0.18365, 0.98754, -2.14083, 1.50806, -2.70463, -0.73604, 1.15758], [0.21111, 0.90975, -2.15648, 1.57229, -2.52161, -0.6727, 1.18404], [0.56016, 0.99712, -1.93, 1.75995, -2.37905, -0.7121, 1.07383], [0.9092, 1.08449, -1.70351, 1.9476, -2.23649, -0.75151, 0.96363], [1.25825, 1.17185, -1.47703, 2.13526, -2.09393, -0.79092, 0.85342], [1.46317, 1.22314, -1.34407, 2.24542, -2.01024, -0.81405, 0.78872], [1.30257, 1.33482, -1.45612, 2.03937, -2.38838, -0.91079, 0.72255], [1.14197, 1.44649, -1.56817, 1.83332, -2.76651, -1.00752, 0.65638], [0.98137, 1.55817, -1.68022, 1.62727, -3.14465, -1.10426, 0.59021], [0.82077, 1.66985, -1.79227, 1.42122, -3.52279, -1.201, 0.52404], [0.66017, 1.78152, -1.90432, 1.21518, -3.90093, -1.29773, 0.45787]]
end: [0.52303999999999995, 1.8768800000000001, -2.0, 1.0392300000000001, -4.2238100000000003, -1.3803300000000001, 0.40137]
obtacles: [[[0.6, -0.4, -0.2], [1.0, 0.6, -0.3]], [[0.8, -0.1, -0.2], [1.2, -0.0, 0.5]], [[0.8, 0.4, -0.2], [1.2, 0.5, 0.5]], [[0.8, -0.1, 0.5], [1.2, 0.5, 0.6]]]
start: [-0.19763, 1.5785199999999999, -2.0, 0.57706999999999997, -4.3421099999999999, -1.3484100000000001, 0.73119999999999996]
tajectories: [[-0.19763, 1.57852, -2.0, 0.57707, -4.34211, -1.34841, 0.7312], [-0.40705, 1.35831, -1.93465, 0.88527, -4.43618, -1.34198, 0.9537], [-0.61646, 1.1381, -1.8693, 1.19347, -4.53024, -1.33555, 1.17619], [-0.82588, 0.91788, -1.80395, 1.50167, -4.6243, -1.32911, 1.39869], [-0.91801, 0.821, -1.7752, 1.63727, -4.66568, -1.32629, 1.49658], [-0.64852, 0.81898, -1.89949, 1.63821, -4.42464, -1.00693, 1.45381], [-0.37902, 0.81695, -2.02378, 1.63915, -4.18361, -0.68757, 1.41103], [-0.10952, 0.81492, -2.14808, 1.64009, -3.94257, -0.36821, 1.36826], [0.15998, 0.8129, -2.27237, 1.64103, -3.70153, -0.04886, 1.32549], [0.42947, 0.81087, -2.39666, 1.64197, -3.46049, 0.2705, 1.28272], [0.69897, 0.80885, -2.52095, 1.64291, -3.21946, 0.58986, 1.23995], [0.74883, 0.80847, -2.54395, 1.64308, -3.17486, 0.64894, 1.23203], [0.98429, 0.9228, -2.40724, 1.83996, -3.36429, 0.65459, 1.52888], [1.21975, 1.03713, -2.27052, 2.03685, -3.55372, 0.66024, 1.82573], [1.45522, 1.15146, -2.13381, 2.23373, -3.74315, 0.6659, 2.12257], [1.69068, 1.26579, -1.9971, 2.43061, -3.93257, 0.67155, 2.41942], [1.82596, 1.33148, -1.91855, 2.54373, -4.04141, 0.67479, 2.58997], [1.63449, 1.39403, -1.92945, 2.32483, -4.071, 0.39857, 2.29977], [1.44302, 1.45658, -1.94035, 2.10594, -4.10059, 0.12234, 2.00957], [1.25155, 1.51913, -1.95125, 1.88705, -4.13018, -0.15388, 1.71936], [1.06008, 1.58168, -1.96215, 1.66815, -4.15977, -0.43011, 1.42916], [0.86861, 1.64422, -1.97305, 1.44926, -4.18936, -0.70634, 1.13896], [0.67714, 1.70677, -1.98395, 1.23037, -4.21895, -0.98256, 0.84876], [0.48567, 1.76932, -1.99485, 1.01147, -4.24854, -1.25879, 0.55856]]
end: [0.39511000000000002, 1.7988999999999999, -2.0, 0.90793999999999997, -4.2625400000000004, -1.3894299999999999, 0.42130000000000001]
obtacles: [[[0.6, -0.4, -0.2], [1.0, 0.6, -0.3]], [[0.8, -0.1, -0.2], [1.2, -0.0, 0.5]], [[0.8, 0.4, -0.2], [1.2, 0.5, 0.5]], [[0.8, -0.1, 0.5], [1.2, 0.5, 0.6]]]
start: [-0.44203999999999999, 1.5684100000000001, -1.55, -0.59026000000000001, -4.7283400000000002, -1.55724, -0.14813999999999999]
tajectories: [[-0.44204, 1.56841, -1.55, -0.59026, -4.72834, -1.55724, -0.14814], [-0.41167, 1.41374, -1.64144, -0.32051, -4.36637, -1.4762, -0.22838], [-0.38131, 1.25907, -1.73288, -0.05076, -4.0044, -1.39516, -0.30862], [-0.35095, 1.10441, -1.82432, 0.21899, -3.64243, -1.31411, -0.38887], [-0.32058, 0.94974, -1.91575, 0.48874, -3.28046, -1.23307, -0.46911], [-0.29202, 0.80427, -2.00176, 0.74245, -2.94001, -1.15685, -0.54458], [-0.06535, 0.62459, -2.04037, 0.84144, -2.67396, -0.87688, -0.6213], [0.16132, 0.44491, -2.07899, 0.94044, -2.40792, -0.59692, -0.69802], [0.38799, 0.26524, -2.1176, 1.03943, -2.14187, -0.31696, -0.77474], [0.61466, 0.08556, -2.15622, 1.13842, -1.87582, -0.037, -0.85146], [0.84133, -0.09412, -2.19483, 1.23741, -1.60978, 0.24297, -0.92818], [0.93741, -0.17028, -2.2112, 1.27937, -1.497, 0.36164, -0.9607], [1.15126, 0.21059, -2.26005, 1.39281, -1.53416, 0.18555, -1.06823], [1.36511, 0.59147, -2.3089, 1.50625, -1.57132, 0.00947, -1.17577], [1.57895, 0.97234, -2.35775, 1.61969, -1.60848, -0.16662, -1.2833], [1.7928, 1.35321, -2.4066, 1.73313, -1.64563, -0.34271, -1.39084], [2.00664, 1.73408, -2.45545, 1.84657, -1.68279, -0.51879, -1.49837], [2.06865, 1.84452, -2.46962, 1.87947, -1.69356, -0.56985, -1.52955], [1.889, 1.83773, -2.36923, 1.80146, -2.03491, -0.69204, -1.26485], [1.70935, 1.83094, -2.26884, 1.72345, -2.37625, -0.81424, -1.00014], [1.52969, 1.82415, -2.16845, 1.64544, -2.71759, -0.93643, -0.73544], [1.35004, 1.81736, -2.06806, 1.56743, -3.05894, -1.05862, -0.47073], [1.17039, 1.81057, -1.96767, 1.48942, -3.40028, -1.18082, -0.20603], [0.99074, 1.80378, -1.86728, 1.41141, -3.74162, -1.30301, 0.05867], [0.81109, 1.79699, -1.76689, 1.3334, -4.08297, -1.42521, 0.32338], [0.63143, 1.7902, -1.6665, 1.25539, -4.42431, -1.5474, 0.58808]]
end: [0.60189999999999999, 1.78908, -1.6499999999999999, 1.24257, -4.4804199999999996, -1.56749, 0.63158999999999998]
obtacles: [[[0.6, -0.4, -0.2], [1.0, 0.6, -0.3]], [[0.8, -0.1, -0.2], [1.2, -0.0, 0.5]], [[0.8, 0.4, -0.2], [1.2, 0.5, 0.5]], [[0.8, -0.1, 0.5], [1.2, 0.5, 0.6]]]
start: [-0.48888999999999999, 1.4698, -1.1499999999999999, -0.31523000000000001, 1.1980299999999999, -1.3470800000000001, 0.19442999999999999]
tajectories: [[-0.48889, 1.4698, -1.15, -0.31523, 1.19803, -1.34708, 0.19443], [-0.57745, 1.43385, -1.0768, 0.1068, 1.19211, -1.20779, -0.00041], [-0.66602, 1.3979, -1.00361, 0.52882, 1.18619, -1.0685, -0.19526], [-0.75458, 1.36195, -0.93041, 0.95085, 1.18027, -0.92921, -0.3901], [-0.84314, 1.326, -0.85721, 1.37287, 1.17435, -0.78992, -0.58495], [-0.93171, 1.29005, -0.78401, 1.7949, 1.16844, -0.65063, -0.77979], [-0.982, 1.26964, -0.74245, 2.03454, 1.16508, -0.57154, -0.89043], [-0.56353, 1.23976, -0.88871, 2.11277, 1.14307, -0.50609, -1.09467], [-0.14506, 1.20988, -1.03496, 2.19101, 1.12107, -0.44065, -1.29891], [0.27341, 1.17999, -1.18122, 2.26924, 1.09907, -0.3752, -1.50314], [0.69188, 1.15011, -1.32747, 2.34747, 1.07707, -0.30976, -1.70738], [1.11035, 1.12023, -1.47373, 2.42571, 1.05506, -0.24431, -1.91161], [1.52882, 1.09035, -1.61998, 2.50394, 1.03306, -0.17887, -2.11585], [1.94729, 1.06046, -1.76624, 2.58217, 1.01106, -0.11342, -2.32009], [2.10653, 1.04909, -1.8219, 2.61194, 1.00269, -0.08852, -2.39781], [1.88779, 1.12079, -1.79347, 2.39804, 0.67916, 0.12388, -2.42358], [1.66906, 1.19248, -1.76505, 2.18413, 0.35562, 0.33627, -2.44936], [1.45032, 1.26417, -1.73662, 1.97022, 0.03209, 0.54867, -2.47514], [1.23158, 1.33587, -1.7082, 1.75631, -0.29144, 0.76106, -2.50092], [1.01284, 1.40756, -1.67977, 1.54241, -0.61497, 0.97346, -2.5267], [0.7941, 1.47925, -1.65135, 1.3285, -0.9385, 1.18585, -2.55248], [0.57536, 1.55095, -1.62292, 1.11459, -1.26204, 1.39825, -2.57826]]
end: [0.39898, 1.60876, -1.6000000000000001, 0.94211, -1.5229200000000001, 1.56952, -2.5990500000000001]
obtacles: [[[0.6, -0.4, -0.2], [1.0, 0.6, -0.3]], [[0.8, -0.1, -0.2], [1.2, -0.0, 0.5]], [[0.8, 0.4, -0.2], [1.2, 0.5, 0.5]], [[0.8, -0.1, 0.5], [1.2, 0.5, 0.6]]]
start: [-0.23749999999999999, 1.4823200000000001, -2.1000000000000001, -0.15401000000000001, -4.1766199999999998, -1.56063, 0.10468]
tajectories: [[-0.2375, 1.48232, -2.1, -0.15401, -4.17662, -1.56063, 0.10468], [-0.242, 1.47057, -1.9594, 0.06014, -4.19808, -1.31194, -0.24446], [-0.24651, 1.45882, -1.8188, 0.2743, -4.21955, -1.06325, -0.59361], [-0.25101, 1.44707, -1.6782, 0.48846, -4.24101, -0.81456, -0.94275], [-0.25552, 1.43532, -1.5376, 0.70261, -4.26247, -0.56587, -1.2919], [-0.26002, 1.42357, -1.397, 0.91677, -4.28393, -0.31718, -1.64105], [-0.26424, 1.41256, -1.26526, 1.11743, -4.30404, -0.08416, -1.96818], [-0.09425, 1.21708, -1.33557, 1.46998, -4.41881, 0.06804, -1.8366], [0.07574, 1.02159, -1.40587, 1.82253, -4.53357, 0.22025, -1.70501], [0.1776, 0.90445, -1.448, 2.03379, -4.60235, 0.31145, -1.62616], [0.49441, 1.0209, -1.67168, 2.23728, -4.59113, 0.1899, -1.45373], [0.81122, 1.13735, -1.89536, 2.44076, -4.57992, 0.06835, -1.2813], [1.12802, 1.2538, -2.11904, 2.64425, -4.56871, -0.0532, -1.10887], [1.25314, 1.29979, -2.20738, 2.72461, -4.56428, -0.1012, -1.04077], [1.12227, 1.41945, -2.18714, 2.42836, -4.48484, -0.32338, -0.76745], [0.9914, 1.53911, -2.16689, 2.1321, -4.4054, -0.54556, -0.49414], [0.86053, 1.65877, -2.14665, 1.83584, -4.32596, -0.76775, -0.22083], [0.72966, 1.77843, -2.1264, 1.53958, -4.24652, -0.98993, 0.05249], [0.59878, 1.89809, -2.10616, 1.24333, -4.16707, -1.21211, 0.3258]]
end: [0.55898000000000003, 1.93449, -2.1000000000000001, 1.15323, -4.1429099999999996, -1.2796799999999999, 0.40892000000000001]
obtacles: [[[0.6, -0.4, -0.2], [1.0, 0.6, -0.3]], [[0.8, -0.1, -0.2], [1.2, -0.0, 0.5]], [[0.8, 0.4, -0.2], [1.2, 0.5, 0.5]], [[0.8, -0.1, 0.5], [1.2, 0.5, 0.6]]]
start: [-0.20957000000000001, 1.7428900000000001, -2.4500000000000002, 0.91868000000000005, -3.9528799999999999, -1.0481, 0.83445999999999998]
tajectories: [[-0.20957, 1.74289, -2.45, 0.91868, -3.95288, -1.0481, 0.83446], [0.03434, 1.4356, -2.29711, 1.17617, -3.8859, -1.04144, 0.79113], [0.27825, 1.12831, -2.14421, 1.43365, -3.81893, -1.03478, 0.74781], [0.52216, 0.82103, -1.99132, 1.69114, -3.75196, -1.02813, 0.70448], [0.67364, 0.6302, -1.89637, 1.85104, -3.71037, -1.02399, 0.67757], [1.04031, 0.77039, -1.85818, 1.6629, -3.6601, -1.24428, 0.58819], [1.40698, 0.91058, -1.82, 1.47476, -3.60982, -1.46457, 0.49882], [1.55113, 0.96569, -1.80499, 1.40079, -3.59006, -1.55118, 0.46368], [1.21405, 1.2642, -1.89396, 1.34081, -3.75508, -1.46482, 0.49631], [0.87697, 1.56271, -1.98294, 1.28083, -3.9201, -1.37847, 0.52894], [0.53989, 1.86123, -2.07191, 1.22086, -4.08512, -1.29212, 0.56157]]
end: [0.43348999999999999, 1.9554499999999999, -2.1000000000000001, 1.2019299999999999, -4.1372099999999996, -1.2648600000000001, 0.57186000000000003]
obtacles: [[[0.6, -0.4, -0.2], [1.0, 0.6, -0.3]], [[0.8, -0.1, -0.2], [1.2, -0.0, 0.5]], [[0.8, 0.4, -0.2], [1.2, 0.5, 0.5]], [[0.8, -0.1, 0.5], [1.2, 0.5, 0.6]]]
start: [-0.019970000000000002, 1.92238, -2.1000000000000001, 0.72926000000000002, -4.0888499999999999, -1.5117499999999999, 0.63402000000000003]
tajectories: [[-0.01997, 1.92238, -2.1, 0.72926, -4.08885, -1.51175, 0.63402], [0.03391, 1.83566, -1.98671, 1.03998, -3.74099, -1.41799, 0.61412], [0.0878, 1.74893, -1.87342, 1.3507, -3.39313, -1.32423, 0.59422], [0.14169, 1.6622, -1.76014, 1.66141, -3.04527, -1.23047, 0.57433], [0.19558, 1.57548, -1.64685, 1.97213, -2.69741, -1.13671, 0.55443], [0.24947, 1.48875, -1.53356, 2.28285, -2.34954, -1.04295, 0.53453], [0.26473, 1.46419, -1.50148, 2.37084, -2.25104, -1.01639, 0.5289], [0.52716, 1.2971, -1.26134, 2.34066, -2.55333, -1.07027, 0.54764], [0.78958, 1.13001, -1.0212, 2.31048, -2.85562, -1.12415, 0.56638], [1.05201, 0.96292, -0.78106, 2.2803, -3.15791, -1.17803, 0.58513], [1.31444, 0.79583, -0.54092, 2.25013, -3.46021, -1.23191, 0.60387], [1.57687, 0.62874, -0.30078, 2.21995, -3.7625, -1.28579, 0.62261], [1.83929, 0.46165, -0.06064, 2.18977, -4.06479, -1.33967, 0.64136], [1.93417, 0.40124, 0.02617, 2.17886, -4.17408, -1.35915, 0.64813], [1.70319, 0.62544, -0.30922, 1.99886, -4.17921, -1.34538, 0.61238], [1.47221, 0.84965, -0.64461, 1.81886, -4.18434, -1.33161, 0.57663], [1.24123, 1.07385, -0.98, 1.63886, -4.18947, -1.31784, 0.54089], [1.01026, 1.29806, -1.31539, 1.45885, -4.1946, -1.30406, 0.50514], [0.77928, 1.52226, -1.65078, 1.27885, -4.19974, -1.29029, 0.46939], [0.5483, 1.74646, -1.98617, 1.09885, -4.20487, -1.27652, 0.43364]]
end: [0.46990999999999999, 1.82256, -2.1000000000000001, 1.03776, -4.2066100000000004, -1.2718499999999999, 0.42149999999999999]
obtacles: [[[0.6, -0.4, -0.2], [1.0, 0.6, -0.3]], [[0.8, -0.1, -0.2], [1.2, -0.0, 0.5]], [[0.8, 0.4, -0.2], [1.2, 0.5, 0.5]], [[0.8, -0.1, 0.5], [1.2, 0.5, 0.6]]]
start: [-0.15923000000000001, 1.7550300000000001, -2.1000000000000001, 0.65164999999999995, -4.1749599999999996, -1.4148099999999999, 0.71779999999999999]
tajectories: [[-0.15923, 1.75503, -2.1, 0.65165, -4.17496, -1.41481, 0.7178], [-0.24195, 1.78738, -1.82498, 1.03398, -4.30659, -1.40491, 0.66417], [-0.32467, 1.81973, -1.54996, 1.41631, -4.43821, -1.39501, 0.61054], [-0.40739, 1.85208, -1.27494, 1.79864, -4.56984, -1.38511, 0.55691], [-0.48612, 1.88287, -1.01319, 2.16251, -4.69511, -1.37568, 0.50587], [-0.25506, 1.67213, -1.19414, 1.97934, -4.49553, -1.39816, 0.2924], [-0.02399, 1.46139, -1.37509, 1.79617, -4.29596, -1.42064, 0.07894], [0.20708, 1.25065, -1.55604, 1.613, -4.09639, -1.44312, -0.13452], [0.43814, 1.03991, -1.737, 1.42982, -3.89682, -1.4656, -0.34798], [0.66921, 0.82917, -1.91795, 1.24665, -3.69725, -1.48808, -0.56144], [0.90028, 0.61843, -2.0989, 1.06348, -3.49767, -1.51056, -0.77491], [0.92882, 0.5924, -2.12125, 1.04085, -3.47302, -1.51333, -0.80127], [1.11878, 0.71606, -2.08777, 1.29796, -3.4012, -1.18308, -0.93233], [1.30874, 0.83972, -2.05428, 1.55506, -3.32937, -0.85283, -1.06339], [1.4987, 0.96338, -2.02079, 1.81216, -3.25754, -0.52258, -1.19445], [1.68865, 1.08703, -1.98731, 2.06927, -3.18571, -0.19233, -1.32551], [1.87861, 1.21069, -1.95382, 2.32637, -3.11388, 0.13792, -1.45657], [2.06857, 1.33435, -1.92034, 2.58347, -3.04206, 0.46817, -1.58762], [2.18484, 1.41004, -1.89984, 2.74084, -2.99809, 0.67031, -1.66784], [1.97032, 1.47984, -1.91857, 2.53142, -3.13846, 0.41359, -1.40461], [1.75579, 1.54963, -1.9373, 2.322, -3.27882, 0.15687, -1.14138], [1.54126, 1.61943, -1.95603, 2.11258, -3.41919, -0.09986, -0.87815], [1.32674, 1.68922, -1.97475, 1.90316, -3.55955, -0.35658, -0.61491], [1.11221, 1.75902, -1.99348, 1.69374, -3.69992, -0.6133, -0.35168], [0.89769, 1.82881, -2.01221, 1.48432, -3.84028, -0.87002, -0.08845], [0.68316, 1.89861, -2.03094, 1.2749, -3.98064, -1.12674, 0.17479], [0.46863, 1.9684, -2.04967, 1.06548, -4.12101, -1.38346, 0.43802]]
end: [0.46481, 1.9696400000000001, -2.0499999999999998, 1.06175, -4.1235099999999996, -1.3880300000000001, 0.44269999999999998]
obtacles: [[[0.6, -0.4, -0.2], [1.0, 0.6, -0.3]], [[0.8, -0.1, -0.2], [1.2, -0.0, 0.5]], [[0.8, 0.4, -0.2], [1.2, 0.5, 0.5]], [[0.8, -0.1, 0.5], [1.2, 0.5, 0.6]]]
start: [-0.1694, 1.91279, -2.3500000000000001, 0.48110999999999998, -3.8761999999999999, -1.5617399999999999, 0.50490999999999997]
tajectories: [[-0.1694, 1.91279, -2.35, 0.48111, -3.8762, -1.56174, 0.50491], [-0.24399, 1.91146, -2.16668, 0.7187, -3.49297, -1.53154, 0.42369], [-0.31859, 1.91013, -1.98336, 0.9563, -3.10974, -1.50135, 0.34246], [-0.39318, 1.90879, -1.80004, 1.19389, -2.7265, -1.47116, 0.26123], [-0.46778, 1.90746, -1.61671, 1.43148, -2.34327, -1.44097, 0.18001], [-0.54237, 1.90613, -1.43339, 1.66908, -1.96004, -1.41077, 0.09878], [-0.61697, 1.90479, -1.25007, 1.90667, -1.57681, -1.38058, 0.01756], [-0.65897, 1.90404, -1.14684, 2.04047, -1.361, -1.36358, -0.02819], [-0.30295, 1.75962, -1.29104, 2.10361, -1.36898, -1.27039, -0.29059], [0.05308, 1.6152, -1.43524, 2.16676, -1.37696, -1.1772, -0.553], [0.40911, 1.47078, -1.57944, 2.22991, -1.38494, -1.08401, -0.81541], [0.76514, 1.32636, -1.72365, 2.29306, -1.39292, -0.99082, -1.07781], [1.12116, 1.18194, -1.86785, 2.35621, -1.4009, -0.89763, -1.34022], [1.47719, 1.03752, -2.01205, 2.41936, -1.40888, -0.80444, -1.60262], [1.61755, 0.98058, -2.0689, 2.44426, -1.41203, -0.7677, -1.70608], [1.46399, 1.09831, -2.10527, 2.24504, -1.73893, -0.8281, -1.45903], [1.31042, 1.21605, -2.14163, 2.04582, -2.06583, -0.88849, -1.21199], [1.15686, 1.33378, -2.178, 1.84659, -2.39274, -0.94889, -0.96494], [1.00329, 1.45152, -2.21437, 1.64737, -2.71964, -1.00928, -0.7179], [0.84973, 1.56925, -2.25073, 1.44815, -3.04654, -1.06967, -0.47085], [0.69616, 1.68699, -2.2871, 1.24893, -3.37344, -1.13007, -0.2238], [0.54259, 1.80472, -2.32346, 1.04971, -3.70035, -1.19046, 0.02324]]
end: [0.43053999999999998, 1.89063, -2.3500000000000001, 0.90434000000000003, -3.9388800000000002, -1.2345299999999999, 0.20351]
obtacles: [[[0.6, -0.4, -0.2], [1.0, 0.6, -0.3]], [[0.8, -0.1, -0.2], [1.2, -0.0, 0.5]], [[0.8, 0.4, -0.2], [1.2, 0.5, 0.5]], [[0.8, -0.1, 0.5], [1.2, 0.5, 0.6]]]
start: [-0.47904000000000002, 1.3969499999999999, -1.75, -0.70743, -4.4639600000000002, -1.55342, -0.21490999999999999]
tajectories: [[-0.47904, 1.39695, -1.75, -0.70743, -4.46396, -1.55342, -0.21491], [-0.35564, 1.31708, -1.87289, -0.27111, -4.4932, -1.4049, -0.21627], [-0.23223, 1.23721, -1.99578, 0.16521, -4.52243, -1.25638, -0.21764], [-0.10883, 1.15735, -2.11867, 0.60154, -4.55167, -1.10786, -0.219], [0.01457, 1.07748, -2.24155, 1.03786, -4.58091, -0.95934, -0.22037], [0.13797, 0.99762, -2.36444, 1.47418, -4.61014, -0.81082, -0.22173], [0.26137, 0.91775, -2.48733, 1.9105, -4.63938, -0.6623, -0.2231], [0.30734, 0.888, -2.53311, 2.07303, -4.65027, -0.60698, -0.22361], [0.41925, 1.15944, -2.59238, 2.06805, -4.27584, -0.71939, -0.30976], [0.53116, 1.43088, -2.65165, 2.06307, -3.9014, -0.83181, -0.39592], [0.61216, 1.62736, -2.69455, 2.05946, -3.63037, -0.91318, -0.45828], [0.55818, 1.70434, -2.5479, 1.66472, -3.7433, -1.08756, -0.31452], [0.5042, 1.78132, -2.40125, 1.26997, -3.85624, -1.26193, -0.17076], [0.45021, 1.8583, -2.2546, 0.87523, -3.96917, -1.43631, -0.02699]]
end: [0.41171000000000002, 1.9132100000000001, -2.1499999999999999, 0.59367999999999999, -4.0497199999999998, -1.5606800000000001, 0.075539999999999996]
obtacles: [[[0.6, -0.4, -0.2], [1.0, 0.6, -0.3]], [[0.8, -0.1, -0.2], [1.2, -0.0, 0.5]], [[0.8, 0.4, -0.2], [1.2, 0.5, 0.5]], [[0.8, -0.1, 0.5], [1.2, 0.5, 0.6]]]
start: [-0.26527000000000001, 1.7654799999999999, -2.1499999999999999, 0.65710999999999997, -4.1277900000000001, -1.3950400000000001, 0.81118999999999997]
tajectories: [[-0.26527, 1.76548, -2.15, 0.65711, -4.12779, -1.39504, 0.81119], [-0.11848, 1.41052, -2.23541, 0.93072, -4.05061, -1.27638, 0.82718], [0.02832, 1.05556, -2.32082, 1.20433, -3.97342, -1.15771, 0.84318], [0.17511, 0.7006, -2.40623, 1.47795, -3.89624, -1.03905, 0.85918], [0.32191, 0.34563, -2.49164, 1.75156, -3.81905, -0.92039, 0.87517], [0.34638, 0.28647, -2.50588, 1.79716, -3.80619, -0.90061, 0.87784], [0.51554, 0.66391, -2.45897, 1.91544, -3.844, -1.14816, 0.87262], [0.68471, 1.04134, -2.41207, 2.03371, -3.88181, -1.3957, 0.8674], [0.70724, 1.09161, -2.40582, 2.04946, -3.88685, -1.42867, 0.86671], [0.66361, 1.38757, -2.26775, 1.72483, -3.9808, -1.41969, 0.70196], [0.61998, 1.68354, -2.12969, 1.40019, -4.07475, -1.41071, 0.53721]]
end: [0.57899999999999996, 1.96153, -2.0, 1.0952599999999999, -4.1630000000000003, -1.40228, 0.38246000000000002]
