obtacles: [[[0.6, -0.4, -0.2], [1.0, 0.6, -0.3]], [[0.7, -0.0, -0.2], [1.1, 0.1, 0.4]], [[0.7, 0.6, -0.2], [1.1, 0.7, 0.4]], [[0.7, 0.0, 0.4], [1.1, 0.7, 0.5]]]
start: [-0.28711999999999999, 1.7098800000000001, 0.0, -0.50761999999999996, -0.0, -1.2022699999999999, 0.28711999999999999]
tajectories: [[-0.28712, 1.70988, 0.0, -0.50762, -0.0, -1.20227, 0.28712], [-0.48634, 1.63951, 0.14311, -0.40449, -0.41491, -1.1742, 0.25104], [-0.68555, 1.56913, 0.28623, -0.30136, -0.82983, -1.14614, 0.21495], [-0.88477, 1.49876, 0.42934, -0.19823, -1.24474, -1.11807, 0.17887], [-1.08399, 1.42838, 0.57245, -0.0951, -1.65965, -1.09001, 0.14279], [-1.28321, 1.358, 0.71556, 0.00803, -2.07456, -1.06194, 0.10671], [-1.48243, 1.28763, 0.85868, 0.11116, -2.48948, -1.03388, 0.07062], [-1.68165, 1.21725, 1.00179, 0.21429, -2.90439, -1.00581, 0.03454], [-1.80803, 1.17261, 1.09258, 0.27971, -3.16761, -0.98801, 0.01165], [-1.74894, 0.83989, 1.32592, 0.52886, -3.2989, -0.96722, 0.05186], [-1.68984, 0.50717, 1.55925, 0.77802, -3.43018, -0.94642, 0.09208], [-1.63075, 0.17446, 1.79259, 1.02717, -3.56147, -0.92563, 0.13229], [-1.57165, -0.15826, 2.02592, 1.27632, -3.69276, -0.90484, 0.1725], [-1.51256, -0.49097, 2.25926, 1.52547, -3.82405, -0.88405, 0.21272], [-1.4896, -0.62024, 2.34992, 1.62228, -3.87506, -0.87597, 0.22834], [-1.67195, -0.93139, 2.09492, 1.47149, -3.95319, -1.03113, 0.1837], [-1.85431, -1.24254, 1.83992, 1.3207, -4.03133, -1.18628, 0.13905], [-2.03667, -1.55369, 1.58493, 1.16991, -4.10947, -1.34144, 0.09441], [-2.21902, -1.86484, 1.32993, 1.01913, -4.1876, -1.49659, 0.04976]]
end: [-2.2761800000000001, -1.9623699999999999, 1.25, 0.97185999999999995, -4.2121000000000004, -1.5452300000000001, 0.035770000000000003]
obtacles: [[[0.6, -0.4, -0.2], [1.0, 0.6, -0.3]], [[0.7, -0.0, -0.2], [1.1, 0.1, 0.4]], [[0.7, 0.6, -0.2], [1.1, 0.7, 0.4]], [[0.7, 0.0, 0.4], [1.1, 0.7, 0.5]]]
start: [-0.45904, 1.7151000000000001, 2.1000000000000001, 0.53229000000000004, -2.1033599999999999, -1.44079, 0.00142]
tajectories: [[-0.45904, 1.7151, 2.1, 0.53229, -2.10336, -1.44079, 0.00142], [-0.60836, 1.50151, 2.05067, 0.81122, -2.22621, -1.15089, -0.05068], [-0.75768, 1.28793, 2.00133, 1.09015, -2.34906, -0.86099, -0.10278], [-0.907, 1.07434, 1.952, 1.36907, -2.47192, -0.57108, -0.15488], [-1.05631, 0.86075, 1.90267, 1.648, -2.59477, -0.28118, -0.20698], [-1.20563, 0.64716, 1.85333, 1.92693, -2.71762, 0.00872, -0.25907], [-1.35495, 0.43357, 1.804, 2.20586, -2.84047, 0.29862, -0.31117], [-1.50427, 0.21999, 1.75467, 2.48479, -2.96332, 0.58852, -0.36327], [-1.55392, 0.14897, 1.73826, 2.57753, -3.00417, 0.68491, -0.38059], [-1.18542, 0.38139, 1.69812, 2.50679, -3.17915, 0.53739, -0.41512], [-0.81692, 0.61381, 1.65798, 2.43605, -3.35413, 0.38987, -0.44964], [-0.44842, 0.84623, 1.61783, 2.36531, -3.52912, 0.24234, -0.48417], [-0.07992, 1.07864, 1.57769, 2.29457, -3.7041, 0.09482, -0.51869], [0.28858, 1.31106, 1.53755, 2.22383, -3.87908, -0.05271, -0.55322], [0.65708, 1.54348, 1.4974, 2.15309, -4.05406, -0.20023, -0.58774], [1.02558, 1.7759, 1.45726, 2.08235, -4.22904, -0.34775, -0.62227], [1.15093, 1.85496, 1.44361, 2.05829, -4.28856, -0.39793, -0.63401], [0.95523, 1.87466, 1.5509, 1.91469, -3.90479, -0.55513, -0.7188], [0.75953, 1.89437, 1.6582, 1.77109, -3.52102, -0.71233, -0.80359], [0.56384, 1.91407, 1.76549, 1.62748, -3.13725, -0.86952, -0.88838], [0.36814, 1.93378, 1.87279, 1.48388, -2.75348, -1.02672, -0.97318], [0.17245, 1.95348, 1.98008, 1.34027, -2.36971, -1.18392, -1.05797]]
end: [0.044920000000000002, 1.9663200000000001, 2.0499999999999998, 1.2466999999999999, -2.1196299999999999, -1.2863500000000001, -1.1132200000000001]
obtacles: [[[0.6, -0.4, -0.2], [1.0, 0.6, -0.3]], [[0.7, -0.0, -0.2], [1.1, 0.1, 0.4]], [[0.7, 0.6, -0.2], [1.1, 0.7, 0.4]], [[0.7, 0.0, 0.4], [1.1, 0.7, 0.5]]]
start: [2.5484599999999999, -1.9463999999999999, 2.0499999999999998, -0.71182000000000001, 0.97109000000000001, -1.56837, -0.025159999999999998]
tajectories: [[2.54846, -1.9464, 2.05, -0.71182, 0.97109, -1.56837, -0.02516], [2.2492, -1.86965, 2.08806, -0.60574, 0.98708, -1.30167, -0.29062], [1.94994, -1.79291, 2.12612, -0.49967, 1.00306, -1.03497, -0.55607], [1.65068, -1.71617, 2.16417, -0.39359, 1.01905, -0.76827, -0.82153], [1.35142, -1.63942, 2.20223, -0.28751, 1.03503, -0.50157, -1.08699], [1.05216, -1.56268, 2.24029, -0.18143, 1.05101, -0.23487, -1.35245], [0.7529, -1.48593, 2.27835, -0.07536, 1.067, 0.03183, -1.61791], [0.70736, -1.47426, 2.28414, -0.05922, 1.06943, 0.07241, -1.6583], [0.39092, -1.47198, 2.20502, 0.24773, 1.10853, 0.18891, -1.84346], [0.07448, -1.4697, 2.12589, 0.55469, 1.14763, 0.30541, -2.02861], [-0.24195, -1.46742, 2.04677, 0.86164, 1.18672, 0.42191, -2.21377], [-0.55839, -1.46515, 1.96765, 1.16859, 1.22582, 0.5384, -2.39892], [-0.87483, -1.46287, 1.88852, 1.47554, 1.26492, 0.6549, -2.58408], [-1.19127, -1.46059, 1.8094, 1.78249, 1.30402, 0.7714, -2.76924], [-1.20837, -1.46047, 1.80513, 1.79907, 1.30613, 0.77769, -2.77924], [-1.39608, -1.5238, 1.74634, 1.70715, 0.87892, 0.90509, -2.76898], [-1.58379, -1.58712, 1.68755, 1.61522, 0.4517, 1.03248, -2.75871], [-1.7715, -1.65045, 1.62876, 1.52329, 0.02449, 1.15988, -2.74845], [-1.95921, -1.71378, 1.56997, 1.43136, -0.40272, 1.28728, -2.73818], [-2.14692, -1.7771, 1.51118, 1.33943, -0.82994, 1.41467, -2.72792], [-2.33464, -1.84043, 1.45239, 1.2475, -1.25715, 1.54207, -2.71765]]
end: [-2.34226, -1.843, 1.45, 1.24377, -1.27451, 1.5472399999999999, -2.7172299999999998]
obtacles: [[[0.6, -0.4, -0.2], [1.0, 0.6, -0.3]], [[0.7, -0.0, -0.2], [1.1, 0.1, 0.4]], [[0.7, 0.6, -0.2], [1.1, 0.7, 0.4]], [[0.7, 0.0, 0.4], [1.1, 0.7, 0.5]]]
start: [-0.54225999999999996, 1.5096499999999999, 1.7, 0.68996999999999997, -1.6316299999999999, -1.4414499999999999, -0.14771999999999999]
tajectories: [[-0.54226, 1.50965, 1.7, 0.68997, -1.63163, -1.44145, -0.14772], [-0.74132, 1.11653, 1.57929, 0.66275, -1.63659, -1.38549, -0.34102], [-0.94037, 0.72341, 1.45858, 0.63554, -1.64155, -1.32952, -0.53432], [-1.13942, 0.33029, 1.33786, 0.60832, -1.6465, -1.27356, -0.72762], [-1.33847, -0.06284, 1.21715, 0.58111, -1.65146, -1.2176, -0.92092], [-1.53753, -0.45596, 1.09644, 0.55389, -1.65642, -1.16163, -1.11422], [-1.58507, -0.54985, 1.06761, 0.54739, -1.6576, -1.14827, -1.16039], [-1.64494, -0.70055, 1.26578, 0.83499, -1.42549, -1.13184, -1.3785], [-1.70481, -0.85124, 1.46395, 1.12258, -1.19338, -1.11541, -1.59662], [-1.76469, -1.00194, 1.66212, 1.41018, -0.96127, -1.09897, -1.81474], [-1.82456, -1.15264, 1.8603, 1.69778, -0.72916, -1.08254, -2.03286], [-1.86742, -1.26053, 2.00217, 1.90367, -0.56299, -1.07078, -2.18901], [-1.94788, -1.36095, 1.90308, 1.77845, -0.67238, -0.64021, -2.29191], [-2.02834, -1.46138, 1.80399, 1.65324, -0.78176, -0.20964, -2.3948], [-2.10879, -1.56181, 1.70489, 1.52802, -0.89115, 0.22093, -2.4977], [-2.18925, -1.66223, 1.6058, 1.40281, -1.00054, 0.6515, -2.6006], [-2.2697, -1.76266, 1.50671, 1.27759, -1.10993, 1.08206, -2.7035], [-2.35016, -1.86309, 1.40762, 1.15238, -1.21932, 1.51263, -2.80639]]
end: [-2.3563499999999999, -1.8708100000000001, 1.3999999999999999, 1.1427499999999999, -1.22773, 1.5457399999999999, -2.8143099999999999]
obtacles: [[[0.6, -0.4, -0.2], [1.0, 0.6, -0.3]], [[0.7, -0.0, -0.2], [1.1, 0.1, 0.4]], [[0.7, 0.6, -0.2], [1.1, 0.7, 0.4]], [[0.7, 0.0, 0.4], [1.1, 0.7, 0.5]]]
start: [-0.089690000000000006, 1.5345899999999999, 1.3999999999999999, -0.77197000000000005, -1.47316, -1.42587, 0.85767000000000004]
tajectories: [[-0.08969, 1.53459, 1.4, -0.77197, -1.47316, -1.42587, 0.85767], [0.05101, 1.11491, 1.46832, -0.75021, -1.6713, -1.33096, 0.83193], [0.19172, 0.69523, 1.53664, -0.72845, -1.86944, -1.23605, 0.8062], [0.33242, 0.27555, 1.60495, -0.70668, -2.06759, -1.14114, 0.78046], [0.47313, -0.14413, 1.67327, -0.68492, -2.26573, -1.04623, 0.75473], [0.61383, -0.56381, 1.74159, -0.66316, -2.46387, -0.95131, 0.72899], [0.75453, -0.98349, 1.80991, -0.64139, -2.66201, -0.8564, 0.70325], [0.80508, -1.13427, 1.83445, -0.63357, -2.73319, -0.82231, 0.69401], [0.59098, -1.14605, 1.83613, -0.41338, -3.11228, -0.83286, 0.80222], [0.37688, -1.15783, 1.83781, -0.19319, -3.49138, -0.84341, 0.91043], [0.16278, -1.16961, 1.83948, 0.02701, -3.87047, -0.85396, 1.01864], [-0.05132, -1.1814, 1.84116, 0.2472, -4.24957, -0.86451, 1.12685], [-0.26542, -1.19318, 1.84284, 0.4674, -4.62866, -0.87506, 1.23506], [-0.28801, -1.19442, 1.84301, 0.49063, -4.66866, -0.87617, 1.24648], [-0.44039, -1.26978, 1.97172, 0.8164, -4.52678, -0.93467, 0.97288], [-0.59276, -1.34514, 2.10042, 1.14218, -4.38489, -0.99317, 0.69928], [-0.74513, -1.4205, 2.22912, 1.46795, -4.243, -1.05166, 0.42568], [-0.89751, -1.49586, 2.35782, 1.79372, -4.10111, -1.11016, 0.15208], [-1.04988, -1.57122, 2.48653, 2.11949, -3.95923, -1.16866, -0.12152], [-1.20225, -1.64657, 2.61523, 2.44527, -3.81734, -1.22716, -0.39512], [-1.20752, -1.64918, 2.61968, 2.45652, -3.81244, -1.22918, -0.40458], [-1.44707, -1.66692, 2.38085, 2.12217, -3.92915, -1.29311, -0.32867], [-1.68662, -1.68467, 2.14203, 1.78782, -4.04587, -1.35704, -0.25276], [-1.92616, -1.70241, 1.90321, 1.45346, -4.16258, -1.42097, -0.17685], [-2.16571, -1.72016, 1.66438, 1.11911, -4.2793, -1.4849, -0.10094], [-2.40526, -1.7379, 1.42556, 0.78475, -4.39601, -1.54883, -0.02503]]
end: [-2.4810500000000002, -1.74352, 1.3500000000000001, 0.67896999999999996, -4.4329400000000003, -1.5690599999999999, -0.00101]
obtacles: [[[0.6, -0.4, -0.2], [1.0, 0.6, -0.3]], [[0.7, -0.0, -0.2], [1.1, 0.1, 0.4]], [[0.7, 0.6, -0.2], [1.1, 0.7, 0.4]], [[0.7, 0.0, 0.4], [1.1, 0.7, 0.5]]]
start: [-0.48008000000000001, 1.72384, 1.8, 0.61062000000000005, -1.84562, -1.5669500000000001, -0.11235000000000001]
tajectories: [[-0.48008, 1.72384, 1.8, 0.61062, -1.84562, -1.56695, -0.11235], [-0.54273, 1.51434, 1.98831, 0.90272, -1.88637, -1.53168, -0.39252], [-0.60537, 1.30483, 2.17662, 1.19483, -1.92711, -1.49641, -0.67269], [-0.66801, 1.09532, 2.36493, 1.48693, -1.96786, -1.46115, -0.95286], [-0.68701, 1.03176, 2.42206, 1.57556, -1.98022, -1.45044, -1.03786], [-0.47678, 1.14387, 2.21709, 1.90506, -1.96755, -1.43746, -1.24358], [-0.26655, 1.25598, 2.01213, 2.23456, -1.95487, -1.42448, -1.4493], [-0.05631, 1.3681, 1.80716, 2.56406, -1.9422, -1.4115, -1.65502], [0.09984, 1.45137, 1.65492, 2.8088, -1.93279, -1.40186, -1.80782], [0.12086, 1.54454, 1.69063, 2.35227, -1.92807, -1.4358, -1.63459], [0.14189, 1.6377, 1.72635, 1.89574, -1.92335, -1.46974, -1.46137], [0.16291, 1.73087, 1.76206, 1.43921, -1.91863, -1.50368, -1.28814], [0.18394, 1.82404, 1.79777, 0.98268, -1.91392, -1.53761, -1.11491]]
end: [0.18525, 1.8298399999999999, 1.8, 0.95423000000000002, -1.9136200000000001, -1.53973, -1.10412]
obtacles: [[[0.6, -0.4, -0.2], [1.0, 0.6, -0.3]], [[0.7, -0.0, -0.2], [1.1, 0.1, 0.4]], [[0.7, 0.6, -0.2], [1.1, 0.7, 0.4]], [[0.7, 0.0, 0.4], [1.1, 0.7, 0.5]]]
start: [-0.43701000000000001, 1.6143000000000001, 1.8, 0.69557999999999998, -1.77563, -1.4584900000000001, -0.24199999999999999]
tajectories: [[-0.43701, 1.6143, 1.8, 0.69558, -1.77563, -1.45849, -0.242], [-0.5154, 1.45827, 1.93704, 0.94671, -1.884, -1.10991, -0.30843], [-0.59379, 1.30224, 2.07408, 1.19784, -1.99237, -0.76133, -0.37485], [-0.67218, 1.14621, 2.21113, 1.44898, -2.10074, -0.41276, -0.44127], [-0.75056, 0.99018, 2.34817, 1.70011, -2.20911, -0.06418, -0.50769], [-0.82895, 0.83415, 2.48521, 1.95125, -2.31747, 0.2844, -0.57411], [-0.90734, 0.67812, 2.62225, 2.20238, -2.42584, 0.63297, -0.64053], [-0.94042, 0.61229, 2.68007, 2.30834, -2.47157, 0.78004, -0.66856], [-0.88361, 0.28155, 2.50862, 2.08614, -2.51857, 0.98946, -0.78059], [-0.8268, -0.04918, 2.33716, 1.86394, -2.56557, 1.19888, -0.89263], [-0.7832, -0.303, 2.20558, 1.69343, -2.60164, 1.35959, -0.97861], [-1.0521, -0.5484, 2.08941, 1.67844, -2.39838, 1.39258, -1.22629], [-1.321, -0.7938, 1.97324, 1.66345, -2.19511, 1.42556, -1.47397], [-1.5899, -1.0392, 1.85707, 1.64846, -1.99185, 1.45854, -1.72165], [-1.8588, -1.2846, 1.7409, 1.63347, -1.78859, 1.49152, -1.96934], [-2.1277, -1.53, 1.62473, 1.61849, -1.58532, 1.5245, -2.21702]]
end: [-2.3006799999999998, -1.6878599999999999, 1.55, 1.6088499999999999, -1.4545699999999999, 1.5457099999999999, -2.3763399999999999]
obtacles: [[[0.6, -0.4, -0.2], [1.0, 0.6, -0.3]], [[0.7, -0.0, -0.2], [1.1, 0.1, 0.4]], [[0.7, 0.6, -0.2], [1.1, 0.7, 0.4]], [[0.7, 0.0, 0.4], [1.1, 0.7, 0.5]]]
start: [-0.63324000000000003, 1.6528400000000001, 1.8, 1.52484, -1.6655800000000001, -1.34649, -0.87148000000000003]
tajectories: [[-0.63324, 1.65284, 1.8, 1.52484, -1.66558, -1.34649, -0.87148], [-0.83803, 1.461, 1.94429, 1.43529, -1.57981, -0.99394, -0.76771], [-1.04283, 1.26915, 2.08858, 1.34573, -1.49405, -0.64138, -0.66395], [-1.24762, 1.07731, 2.23286, 1.25617, -1.40828, -0.28883, -0.56018], [-1.45241, 0.88546, 2.37715, 1.16662, -1.32251, 0.06372, -0.45642], [-1.65721, 0.69362, 2.52144, 1.07706, -1.23674, 0.41627, -0.35265], [-1.76871, 0.58917, 2.6, 1.0283, -1.19005, 0.60821, -0.29616], [-1.70111, 0.22547, 2.41605, 1.17603, -1.14508, 0.60307, -0.53163], [-1.63351, -0.13823, 2.2321, 1.32375, -1.10012, 0.59793, -0.7671], [-1.5659, -0.50193, 2.04816, 1.47147, -1.05516, 0.59278, -1.00257], [-1.4983, -0.86563, 1.86421, 1.61919, -1.0102, 0.58764, -1.23804], [-1.4307, -1.22933, 1.68027, 1.76691, -0.96524, 0.58249, -1.47351], [-1.4083, -1.34984, 1.61932, 1.81586, -0.95034, 0.58079, -1.55154], [-1.66466, -1.46003, 1.59893, 1.74532, -1.08759, 0.86563, -1.80996], [-1.92101, -1.57022, 1.57855, 1.67477, -1.22483, 1.15046, -2.06838], [-2.17736, -1.68042, 1.55817, 1.60423, -1.36208, 1.4353, -2.3268]]
end: [-2.2801100000000001, -1.72458, 1.55, 1.57596, -1.41709, 1.54945, -2.4303699999999999]
obtacles: [[[0.6, -0.4, -0.2], [1.0, 0.6, -0.3]], [[0.7, -0.0, -0.2], [1.1, 0.1, 0.4]], [[0.7, 0.6, -0.2], [1.1, 0.7, 0.4]], [[0.7, 0.0, 0.4], [1.1, 0.7, 0.5]]]
start: [-0.62838000000000005, 1.8080499999999999, 1.6000000000000001, 1.60226, -1.8071600000000001, -1.5350299999999999, -0.96614999999999995]
tajectories: [[-0.62838, 1.80805, 1.6, 1.60226, -1.80716, -1.53503, -0.96615], [-0.87407, 1.55611, 1.36306, 1.58123, -1.93599, -1.43177, -1.17188], [-1.11975, 1.30418, 1.12612, 1.56021, -2.06483, -1.32851, -1.37761], [-1.36544, 1.05224, 0.88918, 1.53918, -2.19366, -1.22525, -1.58334], [-1.61112, 0.80031, 0.65224, 1.51815, -2.32249, -1.12199, -1.78907], [-1.85681, 0.54838, 0.4153, 1.49712, -2.45132, -1.01874, -1.99481], [-2.10249, 0.29644, 0.17836, 1.4761, -2.58016, -0.91548, -2.20054], [-2.2846, 0.1097, 0.00273, 1.46051, -2.67565, -0.83894, -2.35303], [-2.14003, -0.09, -0.00557, 1.56783, -2.38514, -0.55221, -2.24804], [-1.99545, -0.2897, -0.01388, 1.67514, -2.09464, -0.26548, -2.14304], [-1.85088, -0.4894, -0.02218, 1.78246, -1.80413, 0.02125, -2.03805], [-1.7063, -0.6891, -0.03049, 1.88977, -1.51363, 0.30799, -1.93306], [-1.56172, -0.8888, -0.0388, 1.99709, -1.22312, 0.59472, -1.82806], [-1.48429, -0.99575, -0.04324, 2.05456, -1.06754, 0.74828, -1.77183], [-1.11713, -1.13672, 0.15687, 2.08044, -0.86226, 0.84661, -1.82474], [-0.74997, -1.27768, 0.35698, 2.10633, -0.65698, 0.94493, -1.87765], [-0.38281, -1.41865, 0.55709, 2.13221, -0.45171, 1.04326, -1.93055], [-0.01564, -1.55961, 0.7572, 2.1581, -0.24643, 1.14158, -1.98346], [0.35152, -1.70058, 0.95731, 2.18398, -0.04115, 1.23991, -2.03637], [0.61892, -1.80324, 1.10305, 2.20284, 0.10835, 1.31152, -2.0749], [0.21056, -1.77887, 1.16524, 2.06759, -0.11681, 1.34753, -2.16705], [-0.1978, -1.75451, 1.22743, 1.93234, -0.34198, 1.38355, -2.2592], [-0.60616, -1.73014, 1.28963, 1.79709, -0.56714, 1.41956, -2.35136], [-1.01452, -1.70578, 1.35182, 1.66185, -0.79231, 1.45557, -2.44351], [-1.42288, -1.68141, 1.41401, 1.5266, -1.01748, 1.49159, -2.53566], [-1.83124, -1.65705, 1.47621, 1.39135, -1.24264, 1.5276, -2.62781], [-2.2396, -1.63268, 1.5384, 1.2561, -1.46781, 1.56361, -2.71997]]
end: [-2.31576, -1.6281399999999999, 1.55, 1.23088, -1.5098100000000001, 1.57033, -2.7371500000000002]
obtacles: [[[0.6, -0.4, -0.2], [1.0, 0.6, -0.3]], [[0.7, -0.0, -0.2], [1.1, 0.1, 0.4]], [[0.7, 0.6, -0.2], [1.1, 0.7, 0.4]], [[0.7, 0.0, 0.4], [1.1, 0.7, 0.5]]]
start: [-0.89546999999999999, 1.71149, 1.75, 1.4207399999999999, -1.7385999999999999, -1.41665, -0.49962000000000001]
tajectories: [[-0.89547, 1.71149, 1.75, 1.42074, -1.7386, -1.41665, -0.49962], [-1.17575, 1.54231, 1.63877, 1.60768, -1.54501, -1.42543, -0.74035], [-1.45602, 1.37312, 1.52755, 1.79461, -1.35143, -1.4342, -0.98108], [-1.7363, 1.20394, 1.41632, 1.98155, -1.15784, -1.44298, -1.22181], [-2.01658, 1.03475, 1.3051, 2.16849, -0.96426, -1.45175, -1.46254], [-2.11378, 0.97608, 1.26652, 2.23332, -0.89712, -1.4548, -1.54602], [-1.96519, 0.69206, 1.44667, 2.22031, -0.73947, -1.18635, -1.67912], [-1.81659, 0.40804, 1.62682, 2.20729, -0.58183, -0.9179, -1.81222], [-1.668, 0.12402, 1.80698, 2.19428, -0.42418, -0.64946, -1.94531], [-1.51941, -0.15999, 1.98713, 2.18126, -0.26654, -0.38101, -2.07841], [-1.37081, -0.44401, 2.16728, 2.16825, -0.10889, -0.11257, -2.2115], [-1.22222, -0.72803, 2.34743, 2.15523, 0.04875, 0.15588, -2.3446], [-1.11665, -0.92982, 2.47542, 2.14598, 0.16076, 0.3466, -2.43916], [-1.36125, -1.08291, 2.28965, 1.95075, -0.06571, 0.54683, -2.49137], [-1.60586, -1.23601, 2.10387, 1.75553, -0.29217, 0.74706, -2.54357], [-1.85047, -1.3891, 1.9181, 1.5603, -0.51863, 0.94729, -2.59578], [-2.09507, -1.5422, 1.73232, 1.36507, -0.74509, 1.14753, -2.64799], [-2.33968, -1.69529, 1.54655, 1.16984, -0.97155, 1.34776, -2.7002], [-2.58429, -1.84839, 1.36077, 0.97461, -1.19801, 1.54799, -2.7524]]
end: [-2.5984699999999998, -1.85727, 1.3500000000000001, 0.96328999999999998, -1.2111400000000001, 1.5596000000000001, -2.75543]
obtacles: [[[0.6, -0.4, -0.2], [1.0, 0.6, -0.3]], [[0.7, -0.0, -0.2], [1.1, 0.1, 0.4]], [[0.7, 0.6, -0.2], [1.1, 0.7, 0.4]], [[0.7, 0.0, 0.4], [1.1, 0.7, 0.5]]]
start: [-0.49797999999999998, 1.77159, 1.95, 0.54090000000000005, -1.99732, -1.5549900000000001, -0.00084000000000000003]
tajectories: [[-0.49798, 1.77159, 1.95, 0.5409, -1.99732, -1.55499, -0.00084], [-0.4301, 1.45179, 2.07508, 0.71357, -2.20264, -1.39295, -0.17186], [-0.36222, 1.132, 2.20016, 0.88624, -2.40795, -1.2309, -0.34289], [-0.29434, 0.8122, 2.32524, 1.05892, -2.61327, -1.06886, -0.51391], [-0.22646, 0.49241, 2.45032, 1.23159, -2.81859, -0.90682, -0.68494], [-0.1658, 0.20663, 2.56209, 1.3859, -3.00206, -0.76201, -0.83777], [-0.31635, 0.01174, 2.49923, 1.60785, -3.25539, -0.7359, -1.10475], [-0.46691, -0.18316, 2.43638, 1.8298, -3.50872, -0.70979, -1.37174], [-0.61746, -0.37805, 2.37352, 2.05175, -3.76205, -0.68369, -1.63872], [-0.76801, -0.57295, 2.31067, 2.2737, -4.01538, -0.65758, -1.9057], [-0.91857, -0.76784, 2.24781, 2.49565, -4.26871, -0.63147, -2.17268], [-0.99756, -0.8701, 2.21483, 2.61211, -4.40163, -0.61777, -2.31276], [-1.17114, -0.95697, 2.13403, 2.42842, -4.07084, -0.37282, -2.36403], [-1.34471, -1.04384, 2.05323, 2.24474, -3.74004, -0.12787, -2.41531], [-1.51829, -1.13071, 1.97243, 2.06106, -3.40925, 0.11709, -2.46658], [-1.69187, -1.21758, 1.89162, 1.87738, -3.07845, 0.36204, -2.51785], [-1.86544, -1.30445, 1.81082, 1.6937, -2.74765, 0.60699, -2.56912], [-2.03902, -1.39132, 1.73002, 1.51002, -2.41686, 0.85195, -2.6204], [-2.2126, -1.47819, 1.64921, 1.32633, -2.08606, 1.0969, -2.67167], [-2.38617, -1.56506, 1.56841, 1.14265, -1.75527, 1.34185, -2.72294]]
end: [-2.5331299999999999, -1.6386000000000001, 1.5, 0.98714000000000002, -1.4752000000000001, 1.54924, -2.7663500000000001]
obtacles: [[[0.6, -0.4, -0.2], [1.0, 0.6, -0.3]], [[0.7, -0.0, -0.2], [1.1, 0.1, 0.4]], [[0.7, 0.6, -0.2], [1.1, 0.7, 0.4]], [[0.7, 0.0, 0.4], [1.1, 0.7, 0.5]]]
start: [-0.74497000000000002, 1.76597, 1.6000000000000001, 1.66618, -1.76251, -1.52379, -0.91383999999999999]
tajectories: [[-0.74497, 1.76597, 1.6, 1.66618, -1.76251, -1.52379, -0.91384], [-0.82872, 1.51049, 1.57195, 1.55833, -1.62879, -1.17664, -1.07784], [-0.91246, 1.255, 1.54389, 1.45048, -1.49506, -0.82949, -1.24185], [-0.99621, 0.99952, 1.51584, 1.34263, -1.36134, -0.48234, -1.40586], [-1.07995, 0.74403, 1.48779, 1.23478, -1.22762, -0.13518, -1.56987], [-1.1637, 0.48855, 1.45974, 1.12693, -1.0939, 0.21197, -1.73388], [-1.24744, 0.23306, 1.43168, 1.01907, -0.96018, 0.55912, -1.89789], [-1.30911, 0.04495, 1.41103, 0.93966, -0.86172, 0.81473, -2.01865], [-1.09736, -0.02813, 1.6047, 1.1226, -0.50599, 0.8458, -2.05524], [-0.8856, -0.1012, 1.79838, 1.30554, -0.15027, 0.87688, -2.09183], [-0.67385, -0.17427, 1.99206, 1.48848, 0.20545, 0.90796, -2.12843], [-0.4621, -0.24735, 2.18573, 1.67142, 0.56118, 0.93903, -2.16502], [-0.25035, -0.32042, 2.37941, 1.85435, 0.9169, 0.97011, -2.20161], [-0.20061, -0.33758, 2.4249, 1.89732, 1.00046, 0.97741, -2.21021], [-0.48766, -0.52822, 2.28703, 1.77289, 0.71346, 1.05104, -2.30497], [-0.7747, -0.71886, 2.14915, 1.64846, 0.42646, 1.12466, -2.39973], [-1.06174, -0.9095, 2.01128, 1.52402, 0.13945, 1.19829, -2.49449], [-1.34878, -1.10014, 1.8734, 1.39959, -0.14755, 1.27191, -2.58925], [-1.63582, -1.29078, 1.73553, 1.27516, -0.43455, 1.34554, -2.68401], [-1.92287, -1.48142, 1.59765, 1.15072, -0.72155, 1.41916, -2.77877], [-2.20991, -1.67206, 1.45978, 1.02629, -1.00855, 1.49279, -2.87353]]
end: [-2.4384600000000001, -1.82385, 1.3500000000000001, 0.92720999999999998, -1.2370699999999999, 1.55141, -2.9489800000000002]
obtacles: [[[0.6, -0.4, -0.2], [1.0, 0.6, -0.3]], [[0.7, -0.0, -0.2], [1.1, 0.1, 0.4]], [[0.7, 0.6, -0.2], [1.1, 0.7, 0.4]], [[0.7, 0.0, 0.4], [1.1, 0.7, 0.5]]]
start: [-0.00779, 1.5660099999999999, 1.05, -0.52576999999999996, -1.11246, -1.31413, 0.47465000000000002]
tajectories: [[-0.00779, 1.56601, 1.05, -0.52577, -1.11246, -1.31413, 0.47465], [-0.04747, 1.29728, 0.87051, -0.37294, -0.96808, -1.0358, 0.32525], [-0.08715, 1.02855, 0.69102, -0.2201, -0.82369, -0.75747, 0.17584], [-0.12684, 0.75983, 0.51154, -0.06726, -0.6793, -0.47914, 0.02644], [-0.16652, 0.4911, 0.33205, 0.08557, -0.53492, -0.20081, -0.12296], [-0.2062, 0.22237, 0.15256, 0.23841, -0.39053, 0.07751, -0.27237], [-0.24077, -0.01172, -0.00379, 0.37154, -0.26476, 0.31996, -0.40251], [-0.35202, -0.35095, 0.15413, 0.6454, -0.30384, 0.38658, -0.53152], [-0.46328, -0.69019, 0.31204, 0.91926, -0.34292, 0.45319, -0.66052], [-0.57454, -1.02942, 0.46996, 1.19312, -0.38201, 0.51981, -0.78952], [-0.67611, -1.33913, 0.61413, 1.44314, -0.41769, 0.58062, -0.9073], [-0.75878, -1.55382, 0.46231, 1.56606, -0.42942, 0.95364, -1.04742], [-0.84145, -1.76852, 0.31049, 1.68898, -0.44115, 1.32666, -1.18754], [-0.85424, -1.80173, 0.28701, 1.708, -0.44296, 1.38437, -1.20922], [-1.1553, -1.83534, 0.52095, 1.64036, -0.58659, 1.41538, -1.48731], [-1.45636, -1.86895, 0.75489, 1.57272, -0.73022, 1.44639, -1.76541], [-1.75742, -1.90255, 0.98883, 1.50508, -0.87385, 1.47741, -2.04351], [-2.05848, -1.93616, 1.22278, 1.43744, -1.01748, 1.50842, -2.32161]]
end: [-2.3508900000000001, -1.9688000000000001, 1.45, 1.37174, -1.15699, 1.53854, -2.59172]
obtacles: [[[0.6, -0.4, -0.2], [1.0, 0.6, -0.3]], [[0.7, -0.0, -0.2], [1.1, 0.1, 0.4]], [[0.7, 0.6, -0.2], [1.1, 0.7, 0.4]], [[0.7, 0.0, 0.4], [1.1, 0.7, 0.5]]]
start: [-0.59258, 1.6713199999999999, 2.0, 1.1276200000000001, -1.859, -1.23342, -0.46368999999999999]
tajectories: [[-0.59258, 1.67132, 2.0, 1.12762, -1.859, -1.23342, -0.46369], [-0.7289, 1.33853, 1.84934, 1.22859, -1.95175, -1.1324, -0.7263], [-0.86522, 1.00573, 1.69869, 1.32956, -2.0445, -1.03138, -0.9889], [-1.00154, 0.67293, 1.54803, 1.43054, -2.13725, -0.93036, -1.25151], [-1.13787, 0.34013, 1.39737, 1.53151, -2.23, -0.82934, -1.51411], [-1.27419, 0.00733, 1.24672, 1.63248, -2.32275, -0.72832, -1.77672], [-1.40018, -0.30024, 1.10748, 1.7258, -2.40847, -0.63496, -2.01942], [-1.25141, -0.69615, 1.02035, 1.70777, -2.3159, -0.40346, -2.05186], [-1.10265, -1.09205, 0.93322, 1.68973, -2.22332, -0.17197, -2.0843], [-0.95389, -1.48795, 0.84609, 1.67169, -2.13075, 0.05953, -2.11675], [-0.80513, -1.88385, 0.75895, 1.65365, -2.03817, 0.29103, -2.14919], [-0.80216, -1.89175, 0.75722, 1.65329, -2.03633, 0.29564, -2.14984], [-1.02114, -1.78217, 0.62944, 1.90178, -2.08778, 0.62284, -2.19739], [-1.24012, -1.6726, 0.50166, 2.15026, -2.13923, 0.95005, -2.24494], [-1.25166, -1.66683, 0.49493, 2.16335, -2.14194, 0.96728, -2.24744], [-1.51937, -1.70158, 0.75275, 1.96891, -1.93386, 1.11436, -2.33644], [-1.78708, -1.73632, 1.01056, 1.77448, -1.72578, 1.26144, -2.42543], [-2.0548, -1.77107, 1.26838, 1.58004, -1.5177, 1.40852, -2.51443]]
end: [-2.2953100000000002, -1.8022800000000001, 1.5, 1.4053599999999999, -1.3307599999999999, 1.5406599999999999, -2.5943800000000001]
obtacles: [[[0.6, -0.4, -0.2], [1.0, 0.6, -0.3]], [[0.7, -0.0, -0.2], [1.1, 0.1, 0.4]], [[0.7, 0.6, -0.2], [1.1, 0.7, 0.4]], [[0.7, 0.0, 0.4], [1.1, 0.7, 0.5]]]
start: [-0.62866999999999995, 1.6536500000000001, 1.6000000000000001, 1.3813200000000001, -1.65767, -1.5578000000000001, -0.75087999999999999]
tajectories: [[-0.62867, 1.65365, 1.6, 1.38132, -1.65767, -1.5578, -0.75088], [-0.68926, 1.5339, 1.81179, 1.16172, -1.75315, -1.32545, -0.47555], [-0.74985, 1.41416, 2.02359, 0.94212, -1.84862, -1.09309, -0.20023], [-0.81045, 1.29441, 2.23538, 0.72252, -1.9441, -0.86074, 0.0751], [-0.84282, 1.23043, 2.34854, 0.60519, -1.99512, -0.73659, 0.2222], [-0.79354, 1.07889, 2.37067, 0.92811, -2.25288, -0.50888, 0.26143], [-0.74425, 0.92734, 2.39279, 1.25104, -2.51064, -0.28117, 0.30066], [-0.69497, 0.7758, 2.41492, 1.57397, -2.76841, -0.05346, 0.33989], [-0.64569, 0.62425, 2.43704, 1.8969, -3.02617, 0.17425, 0.37912], [-0.61733, 0.53708, 2.44977, 2.08266, -3.17445, 0.30524, 0.40169], [-0.41349, 0.69221, 2.07235, 2.20703, -3.23586, 0.34742, 0.25705], [-0.20965, 0.84735, 1.69493, 2.3314, -3.29726, 0.3896, 0.11241], [-0.00581, 1.00248, 1.31751, 2.45577, -3.35866, 0.43178, -0.03223], [0.19803, 1.15761, 0.94009, 2.58013, -3.42007, 0.47396, -0.17687], [0.27696, 1.21768, 0.79395, 2.62829, -3.44385, 0.4903, -0.23288], [0.24398, 1.32238, 0.93844, 2.4031, -3.21853, 0.18076, -0.37355], [0.21101, 1.42707, 1.08292, 2.17791, -2.99322, -0.12877, -0.51422], [0.17803, 1.53176, 1.22741, 1.95272, -2.7679, -0.4383, -0.65489], [0.14505, 1.63645, 1.37189, 1.72753, -2.54259, -0.74784, -0.79556], [0.11208, 1.74114, 1.51638, 1.50234, -2.31728, -1.05737, -0.93622], [0.0791, 1.84583, 1.66086, 1.27715, -2.09196, -1.36691, -1.07689]]
end: [0.05876, 1.91042, 1.75, 1.1382300000000001, -1.95296, -1.55786, -1.16368]
obtacles: [[[0.6, -0.4, -0.2], [1.0, 0.6, -0.3]], [[0.7, -0.0, -0.2], [1.1, 0.1, 0.4]], [[0.7, 0.6, -0.2], [1.1, 0.7, 0.4]], [[0.7, 0.0, 0.4], [1.1, 0.7, 0.5]]]
start: [-0.69110000000000005, 1.7461199999999999, 1.75, 1.4099900000000001, -1.7746299999999999, -1.42496, -0.68815999999999999]
tajectories: [[-0.6911, 1.74612, 1.75, 1.40999, -1.77463, -1.42496, -0.68816], [-0.91732, 1.61431, 1.8931, 1.58385, -1.93697, -1.23151, -0.94694], [-1.14355, 1.48251, 2.0362, 1.7577, -2.09931, -1.03806, -1.20572], [-1.36978, 1.35071, 2.1793, 1.93156, -2.26164, -0.84461, -1.4645], [-1.59601, 1.21891, 2.3224, 2.10542, -2.42398, -0.65116, -1.72329], [-1.82223, 1.0871, 2.46551, 2.27928, -2.58632, -0.45771, -1.98207], [-1.92286, 1.02848, 2.52915, 2.3566, -2.65853, -0.37166, -2.09717], [-1.58625, 0.8982, 2.28697, 2.2341, -2.79335, -0.53851, -2.10402], [-1.24964, 0.76791, 2.04479, 2.1116, -2.92817, -0.70536, -2.11087], [-0.91302, 0.63763, 1.80261, 1.9891, -3.06299, -0.87221, -2.11771], [-0.57641, 0.50735, 1.56043, 1.8666, -3.1978, -1.03906, -2.12456], [-0.2398, 0.37707, 1.31825, 1.74409, -3.33262, -1.20591, -2.13141], [0.09681, 0.24678, 1.07607, 1.62159, -3.46744, -1.37276, -2.13826], [0.40771, 0.12645, 0.85239, 1.50844, -3.59197, -1.52686, -2.14458], [0.56463, 0.29475, 0.60373, 1.39967, -3.83209, -1.33916, -2.31922], [0.72155, 0.46304, 0.35507, 1.2909, -4.07222, -1.15145, -2.49385], [0.74609, 0.48937, 0.31618, 1.27389, -4.10977, -1.1221, -2.52117], [0.63741, 0.70261, 0.5451, 1.27437, -3.79314, -1.16667, -2.32606], [0.52873, 0.91585, 0.77402, 1.27486, -3.4765, -1.21124, -2.13095], [0.42005, 1.12909, 1.00294, 1.27534, -3.15986, -1.25581, -1.93585], [0.31137, 1.34234, 1.23186, 1.27582, -2.84323, -1.30038, -1.74074], [0.20269, 1.55558, 1.46077, 1.27631, -2.52659, -1.34495, -1.54563], [0.09401, 1.76882, 1.68969, 1.27679, -2.20995, -1.38952, -1.35053]]
end: [0.017899999999999999, 1.91815, 1.8500000000000001, 1.2771300000000001, -1.9882200000000001, -1.4207399999999999, -1.2139]
obtacles: [[[0.6, -0.4, -0.2], [1.0, 0.6, -0.3]], [[0.7, -0.0, -0.2], [1.1, 0.1, 0.4]], [[0.7, 0.6, -0.2], [1.1, 0.7, 0.4]], [[0.7, 0.0, 0.4], [1.1, 0.7, 0.5]]]
start: [-0.70443999999999996, 1.78237, 1.8500000000000001, 1.4996, -1.8094300000000001, -1.31416, -0.73438999999999999]
tajectories: [[-0.70444, 1.78237, 1.85, 1.4996, -1.80943, -1.31416, -0.73439], [-0.84679, 1.41042, 1.87653, 1.56166, -2.01267, -1.23795, -0.93368], [-0.98915, 1.03847, 1.90306, 1.62372, -2.21592, -1.16174, -1.13297], [-1.1315, 0.66652, 1.92959, 1.68578, -2.41916, -1.08552, -1.33226], [-1.27385, 0.29456, 1.95612, 1.74783, -2.62241, -1.00931, -1.53155], [-1.4162, -0.07739, 1.98265, 1.80989, -2.82566, -0.9331, -1.73083], [-1.55856, -0.44934, 2.00918, 1.87195, -3.0289, -0.85689, -1.93012], [-1.70091, -0.82129, 2.03571, 1.934, -3.23215, -0.78067, -2.12941], [-1.75665, -0.96694, 2.0461, 1.95831, -3.31174, -0.75083, -2.20745], [-1.84239, -1.09327, 1.95412, 1.83529, -3.017, -0.42269, -2.29996], [-1.92812, -1.2196, 1.86214, 1.71228, -2.72227, -0.09456, -2.39248], [-2.01386, -1.34593, 1.77016, 1.58926, -2.42754, 0.23357, -2.48499], [-2.09959, -1.47226, 1.67818, 1.46625, -2.1328, 0.56171, -2.5775], [-2.18532, -1.59858, 1.58621, 1.34323, -1.83807, 0.88984, -2.67002], [-2.27106, -1.72491, 1.49423, 1.22022, -1.54334, 1.21798, -2.76253], [-2.35679, -1.85124, 1.40225, 1.0972, -1.2486, 1.54611, -2.85504]]
end: [-2.3588900000000002, -1.85433, 1.3999999999999999, 1.09419, -1.24139, 1.5541400000000001, -2.85731]
obtacles: [[[0.6, -0.4, -0.2], [1.0, 0.6, -0.3]], [[0.7, -0.0, -0.2], [1.1, 0.1, 0.4]], [[0.7, 0.6, -0.2], [1.1, 0.7, 0.4]], [[0.7, 0.0, 0.4], [1.1, 0.7, 0.5]]]
start: [-0.54251000000000005, 1.66069, 1.8999999999999999, 0.73357000000000006, -1.87826, -1.42134, -0.15292]
tajectories: [[-0.54251, 1.66069, 1.9, 0.73357, -1.87826, -1.42134, -0.15292], [-0.75756, 1.52217, 1.73498, 0.99895, -1.93066, -1.13127, -0.15725], [-0.97261, 1.38364, 1.56997, 1.26434, -1.98307, -0.8412, -0.16159], [-1.18766, 1.24512, 1.40495, 1.52972, -2.03547, -0.55112, -0.16592], [-1.40271, 1.1066, 1.23994, 1.7951, -2.08788, -0.26105, -0.17026], [-1.61776, 0.96808, 1.07492, 2.06048, -2.14028, 0.02903, -0.17459], [-1.83281, 0.82956, 0.90991, 2.32586, -2.19269, 0.3191, -0.17893], [-2.00933, 0.71586, 0.77447, 2.54369, -2.2357, 0.55719, -0.18248], [-1.71483, 0.84531, 0.76826, 2.58331, -2.02301, 0.24743, -0.12149], [-1.42033, 0.97476, 0.76205, 2.62293, -1.81032, -0.06232, -0.0605], [-1.12583, 1.1042, 0.75584, 2.66255, -1.59763, -0.37208, 0.00049], [-0.83134, 1.23365, 0.74963, 2.70217, -1.38495, -0.68184, 0.06148], [-0.53684, 1.3631, 0.74342, 2.74179, -1.17226, -0.9916, 0.12247], [-0.33756, 1.4507, 0.73921, 2.7686, -1.02834, -1.2012, 0.16374], [-0.23697, 1.52089, 0.95223, 2.46558, -1.19847, -1.23822, -0.09596], [-0.13637, 1.59108, 1.16525, 2.16256, -1.3686, -1.27525, -0.35565], [-0.03578, 1.66127, 1.37827, 1.85954, -1.53873, -1.31227, -0.61535], [0.06482, 1.73146, 1.59129, 1.55653, -1.70886, -1.34929, -0.87505], [0.16541, 1.80165, 1.80431, 1.25351, -1.87899, -1.38632, -1.13474]]
end: [0.21060000000000001, 1.83318, 1.8999999999999999, 1.1173900000000001, -1.9554199999999999, -1.4029499999999999, -1.2514000000000001]
obtacles: [[[0.6, -0.4, -0.2], [1.0, 0.6, -0.3]], [[0.7, -0.0, -0.2], [1.1, 0.1, 0.4]], [[0.7, 0.6, -0.2], [1.1, 0.7, 0.4]], [[0.7, 0.0, 0.4], [1.1, 0.7, 0.5]]]
start: [-0.23402000000000001, 1.8367100000000001, 2.0499999999999998, 0.55364999999999998, -2.11368, -1.5604199999999999, -0.25141999999999998]
tajectories: [[-0.23402, 1.83671, 2.05, 0.55365, -2.11368, -1.56042, -0.25142], [-0.37882, 1.39337, 2.15624, 0.69023, -2.09171, -1.55929, -0.20597], [-0.52361, 0.95004, 2.26247, 0.8268, -2.06973, -1.55817, -0.16052], [-0.66841, 0.5067, 2.36871, 0.96338, -2.04776, -1.55704, -0.11507], [-0.8132, 0.06337, 2.47494, 1.09996, -2.02578, -1.55592, -0.06962], [-0.958, -0.37996, 2.58118, 1.23653, -2.00381, -1.55479, -0.02417], [-0.96098, -0.3891, 2.58337, 1.23935, -2.00335, -1.55477, -0.02323], [-1.07163, -0.48661, 2.43114, 1.44067, -1.96362, -1.20847, -0.2307], [-1.18229, -0.58411, 2.27891, 1.64199, -1.92389, -0.86217, -0.43817], [-1.29294, -0.68161, 2.12668, 1.84331, -1.88416, -0.51586, -0.64564], [-1.40359, -0.77911, 1.97444, 2.04462, -1.84442, -0.16956, -0.85311], [-1.44635, -0.81679, 1.91562, 2.12241, -1.82907, -0.03575, -0.93327], [-1.30136, -0.97716, 1.85826, 2.22429, -1.70023, 0.38017, -0.93491], [-1.15638, -1.13754, 1.8009, 2.32616, -1.57139, 0.79608, -0.93654], [-1.0114, -1.29792, 1.74354, 2.42803, -1.44255, 1.212, -0.93818], [-0.97194, -1.34157, 1.72793, 2.45576, -1.40749, 1.3252, -0.93862], [-1.23965, -1.42581, 1.68055, 2.24082, -1.40304, 1.36734, -1.28647], [-1.50736, -1.51005, 1.63316, 2.02588, -1.39859, 1.40948, -1.63431], [-1.77507, -1.5943, 1.58578, 1.81095, -1.39413, 1.45161, -1.98215], [-2.04278, -1.67854, 1.5384, 1.59601, -1.38968, 1.49375, -2.33]]
end: [-2.2597100000000001, -1.74681, 1.5, 1.42184, -1.38608, 1.5279, -2.6118600000000001]
obtacles: [[[0.6, -0.4, -0.2], [1.0, 0.6, -0.3]], [[0.7, -0.0, -0.2], [1.1, 0.1, 0.4]], [[0.7, 0.6, -0.2], [1.1, 0.7, 0.4]], [[0.7, 0.0, 0.4], [1.1, 0.7, 0.5]]]
start: [-0.3342, 1.88045, 2.5499999999999998, 0.37215999999999999, -2.58162, -1.5671900000000001, 0.12998999999999999]
tajectories: [[-0.3342, 1.88045, 2.55, 0.37216, -2.58162, -1.56719, 0.12999], [-0.51392, 1.72724, 2.33127, 0.65511, -2.80781, -1.53201, 0.24797], [-0.69364, 1.57403, 2.11253, 0.93807, -3.034, -1.49682, 0.36594], [-0.87336, 1.42082, 1.8938, 1.22102, -3.26019, -1.46163, 0.48392], [-1.05308, 1.26761, 1.67506, 1.50398, -3.48638, -1.42645, 0.6019], [-1.2328, 1.11439, 1.45633, 1.78693, -3.71257, -1.39126, 0.71987], [-1.41252, 0.96118, 1.23759, 2.06988, -3.93877, -1.35607, 0.83785], [-1.59224, 0.80797, 1.01886, 2.35284, -4.16496, -1.32089, 0.95583], [-1.77196, 0.65476, 0.80013, 2.63579, -4.39115, -1.2857, 1.07381], [-1.77773, 0.64984, 0.79311, 2.64487, -4.39841, -1.28457, 1.07759], [-1.65604, 0.22087, 0.70597, 2.53049, -4.36744, -1.11293, 1.08668], [-1.53434, -0.20809, 0.61884, 2.41611, -4.33648, -0.94129, 1.09576], [-1.41265, -0.63706, 0.5317, 2.30172, -4.30552, -0.76966, 1.10485], [-1.29096, -1.06603, 0.44456, 2.18734, -4.27455, -0.59802, 1.11394], [-1.16927, -1.495, 0.35743, 2.07296, -4.24359, -0.42638, 1.12302], [-1.04977, -1.91624, 0.27186, 1.96063, -4.21318, -0.25784, 1.13194], [-1.32703, -1.89269, 0.53032, 1.8359, -4.26711, -0.52977, 1.01636], [-1.60428, -1.86914, 0.78877, 1.71116, -4.32103, -0.8017, 0.90077], [-1.88154, -1.84559, 1.04723, 1.58642, -4.37495, -1.07364, 0.78519], [-2.15879, -1.82204, 1.30569, 1.46168, -4.42887, -1.34557, 0.66961]]
end: [-2.3672399999999998, -1.80433, 1.5, 1.3678999999999999, -4.4694099999999999, -1.55002, 0.58270999999999995]
obtacles: [[[0.6, -0.4, -0.2], [1.0, 0.6, -0.3]], [[0.7, -0.0, -0.2], [1.1, 0.1, 0.4]], [[0.7, 0.6, -0.2], [1.1, 0.7, 0.4]], [[0.7, 0.0, 0.4], [1.1, 0.7, 0.5]]]
start: [-0.77978000000000003, 1.84666, 1.6499999999999999, 1.3509, -1.8571500000000001, -1.5559099999999999, -0.55798000000000003]
tajectories: [[-0.77978, 1.84666, 1.65, 1.3509, -1.85715, -1.55591, -0.55798], [-0.7987, 1.54277, 1.73153, 1.56878, -1.55798, -1.45472, -0.61663], [-0.81761, 1.23889, 1.81306, 1.78665, -1.25882, -1.35352, -0.67529], [-0.83652, 0.935, 1.89458, 2.00453, -0.95965, -1.25233, -0.73395], [-0.85544, 0.63112, 1.97611, 2.2224, -0.66049, -1.15113, -0.7926], [-0.87435, 0.32723, 2.05764, 2.44027, -0.36132, -1.04994, -0.85126], [-0.89326, 0.02335, 2.13917, 2.65815, -0.06216, -0.94875, -0.90992], [-0.91218, -0.28054, 2.22069, 2.87602, 0.23701, -0.84755, -0.96857], [-0.91479, -0.32253, 2.23196, 2.90613, 0.27834, -0.83357, -0.97668], [-0.79981, -0.608, 2.00038, 2.80338, 0.21012, -0.83293, -1.2707], [-0.68484, -0.89346, 1.7688, 2.70063, 0.14191, -0.83229, -1.56472], [-0.56986, -1.17893, 1.53721, 2.59788, 0.07369, -0.83165, -1.85874], [-0.45488, -1.4644, 1.30563, 2.49513, 0.00547, -0.83101, -2.15276], [-0.38756, -1.63154, 1.17004, 2.43497, -0.03448, -0.83064, -2.32491], [-0.65624, -1.65914, 1.21807, 2.29271, -0.22072, -0.48692, -2.36587], [-0.92491, -1.68674, 1.2661, 2.15045, -0.40695, -0.14319, -2.40683], [-1.19359, -1.71434, 1.31413, 2.00819, -0.59319, 0.20053, -2.44778], [-1.46227, -1.74193, 1.36216, 1.86594, -0.77943, 0.54425, -2.48874], [-1.73095, -1.76953, 1.41019, 1.72368, -0.96567, 0.88797, -2.5297], [-1.99963, -1.79713, 1.45822, 1.58142, -1.15191, 1.23169, -2.57065]]
end: [-2.23332, -1.8211299999999999, 1.5, 1.4576899999999999, -1.31389, 1.5306500000000001, -2.6062799999999999]
