obtacles: [[[0.6, -0.4, -0.2], [1.0, 0.6, -0.3]], [[0.7, -0.2, -0.2], [1.1, -0.1, 0.4]], [[0.7, 0.2, -0.2], [1.1, 0.3, 0.4]], [[0.7, -0.2, 0.4], [1.1, 0.3, 0.5]]]
start: [-0.68591999999999997, 1.6936100000000001, -1.0, -0.59123999999999999, 1.01952, -1.3723099999999999, 0.18706]
tajectories: [[-0.68592, 1.69361, -1.0, -0.59124, 1.01952, -1.37231, 0.18706], [-0.75456, 1.70841, -1.18084, -0.2117, 0.78025, -1.3183, 0.27729], [-0.8232, 1.72322, -1.36168, 0.16785, 0.54097, -1.26429, 0.36752], [-0.89184, 1.73802, -1.54253, 0.54739, 0.3017, -1.21028, 0.45775], [-0.96048, 1.75283, -1.72337, 0.92694, 0.06242, -1.15628, 0.54798], [-1.02912, 1.76763, -1.90421, 1.30648, -0.17685, -1.10227, 0.63821], [-1.09777, 1.78244, -2.08505, 1.68603, -0.41613, -1.04826, 0.72844], [-1.16641, 1.79724, -2.26589, 2.06557, -0.6554, -0.99425, 0.81867], [-1.23505, 1.81205, -2.44673, 2.44512, -0.89467, -0.94024, 0.9089], [-1.24752, 1.81474, -2.47958, 2.51406, -0.93814, -0.93043, 0.92529], [-0.97299, 1.82679, -2.38545, 2.57165, -1.1591, -0.61113, 0.81791], [-0.69845, 1.83883, -2.29132, 2.62924, -1.38006, -0.29182, 0.71053], [-0.42392, 1.85088, -2.19719, 2.68683, -1.60102, 0.02748, 0.60315], [-0.14939, 1.86293, -2.10306, 2.74442, -1.82198, 0.34679, 0.49577], [0.12514, 1.87498, -2.00893, 2.80202, -2.04294, 0.66609, 0.38839], [0.39967, 1.88703, -1.9148, 2.85961, -2.2639, 0.9854, 0.28101], [0.6742, 1.89908, -1.82067, 2.9172, -2.48486, 1.3047, 0.17363], [0.86542, 1.90748, -1.7551, 2.95731, -2.63877, 1.5271, 0.09883], [0.79591, 1.88564, -1.7281, 2.71835, -2.41613, 1.52923, -0.27168], [0.72639, 1.86381, -1.7011, 2.47938, -2.19348, 1.53136, -0.6422], [0.65688, 1.84197, -1.6741, 2.24041, -1.97084, 1.5335, -1.01272], [0.58737, 1.82014, -1.6471, 2.00144, -1.7482, 1.53563, -1.38324], [0.51786, 1.7983, -1.6201, 1.76248, -1.52556, 1.53776, -1.75375]]
end: [0.46611999999999998, 1.7820499999999999, -1.6000000000000001, 1.5846199999999999, -1.3598600000000001, 1.5393399999999999, -2.0295200000000002]
obtacles: [[[0.6, -0.4, -0.2], [1.0, 0.6, -0.3]], [[0.7, -0.2, -0.2], [1.1, -0.1, 0.4]], [[0.7, 0.2, -0.2], [1.1, 0.3, 0.4]], [[0.7, -0.2, 0.4], [1.1, 0.3, 0.5]]]
start: [2.2216399999999998, -1.7822800000000001, -1.5, 1.31768, -1.7931900000000001, -1.5564, -0.3886]
tajectories: [[2.22164, -1.78228, -1.5, 1.31768, -1.79319, -1.5564, -0.3886], [2.25674, -1.44787, -1.58083, 1.23824, -1.465, -1.50157, -0.50427], [2.29184, -1.11346, -1.66167, 1.1588, -1.13681, -1.44673, -0.61993], [2.32695, -0.77906, -1.7425, 1.07937, -0.80862, -1.39189, -0.7356], [2.36205, -0.44465, -1.82333, 0.99993, -0.48043, -1.33705, -0.85127], [2.39716, -0.11024, -1.90417, 0.92049, -0.15224, -1.28221, -0.96694], [2.43226, 0.22417, -1.985, 0.84105, 0.17595, -1.22737, -1.08261], [2.46736, 0.55858, -2.06583, 0.76161, 0.50413, -1.17253, -1.19827], [2.49816, 0.85191, -2.13674, 0.69193, 0.79202, -1.12443, -1.29974], [2.35567, 0.99767, -2.0448, 1.05018, 0.75026, -1.04494, -1.04755], [2.21319, 1.14343, -1.95285, 1.40842, 0.7085, -0.96544, -0.79537], [2.07071, 1.28919, -1.86091, 1.76667, 0.66674, -0.88595, -0.54319], [1.92823, 1.43495, -1.76896, 2.12492, 0.62499, -0.80646, -0.291], [1.78575, 1.58071, -1.67702, 2.48316, 0.58323, -0.72697, -0.03882], [1.67599, 1.693, -1.60619, 2.75914, 0.55106, -0.66573, 0.15545], [1.55405, 1.70288, -1.5992, 2.62481, 0.31235, -0.38771, -0.13207], [1.43211, 1.71276, -1.59221, 2.49049, 0.07363, -0.1097, -0.41958], [1.31017, 1.72264, -1.58522, 2.35617, -0.16508, 0.16831, -0.7071], [1.18824, 1.73252, -1.57823, 2.22185, -0.4038, 0.44633, -0.99462], [1.0663, 1.74241, -1.57124, 2.08753, -0.64252, 0.72434, -1.28213], [0.94436, 1.75229, -1.56426, 1.95321, -0.88123, 1.00235, -1.56965], [0.82243, 1.76217, -1.55727, 1.81888, -1.11995, 1.28037, -1.85717], [0.70049, 1.77205, -1.55028, 1.68456, -1.35866, 1.55838, -2.14468]]
end: [0.69567000000000001, 1.77244, -1.55, 1.6792499999999999, -1.3681000000000001, 1.5693699999999999, -2.15605]
obtacles: [[[0.6, -0.4, -0.2], [1.0, 0.6, -0.3]], [[0.7, -0.2, -0.2], [1.1, -0.1, 0.4]], [[0.7, 0.2, -0.2], [1.1, 0.3, 0.4]], [[0.7, -0.2, 0.4], [1.1, 0.3, 0.5]]]
start: [2.2922699999999998, -1.78304, -1.3, 1.0992299999999999, -1.88534, -1.4331, -0.19902]
tajectories: [[2.29227, -1.78304, -1.3, 1.09923, -1.88534, -1.4331, -0.19902], [2.23461, -1.58297, -1.09614, 1.28583, -1.7065, -1.15733, -0.34816], [2.17694, -1.3829, -0.89229, 1.47242, -1.52766, -0.88156, -0.4973], [2.11928, -1.18283, -0.68843, 1.65902, -1.34883, -0.60579, -0.64644], [2.06162, -0.98277, -0.48458, 1.84561, -1.16999, -0.33003, -0.79558], [2.00395, -0.7827, -0.28072, 2.03221, -0.99115, -0.05426, -0.94471], [1.94629, -0.58263, -0.07687, 2.2188, -0.81232, 0.22151, -1.09385], [1.94378, -0.57393, -0.068, 2.22692, -0.80454, 0.23351, -1.10034], [1.7249, -0.27746, 0.00378, 2.23498, -0.55487, 0.44595, -1.13923], [1.50603, 0.01902, 0.07557, 2.24303, -0.3052, 0.6584, -1.17811], [1.28715, 0.31549, 0.14735, 2.25109, -0.05554, 0.87085, -1.217], [1.06828, 0.61196, 0.21913, 2.25914, 0.19413, 1.0833, -1.25588], [0.89247, 0.85009, 0.27679, 2.26561, 0.39467, 1.25395, -1.28712], [0.85253, 1.01604, -0.04053, 2.17306, 0.09406, 1.30594, -1.42327], [0.81259, 1.18199, -0.35785, 2.0805, -0.20654, 1.35793, -1.55943], [0.77265, 1.34794, -0.67518, 1.98794, -0.50715, 1.40992, -1.69559], [0.7327, 1.51389, -0.9925, 1.89539, -0.80775, 1.46191, -1.83175], [0.69276, 1.67984, -1.30982, 1.80283, -1.10836, 1.51391, -1.9679]]
end: [0.66252999999999995, 1.80545, -1.55, 1.73278, -1.33588, 1.5532600000000001, -2.0709599999999999]
obtacles: [[[0.6, -0.4, -0.2], [1.0, 0.6, -0.3]], [[0.7, -0.2, -0.2], [1.1, -0.1, 0.4]], [[0.7, 0.2, -0.2], [1.1, 0.3, 0.4]], [[0.7, -0.2, 0.4], [1.1, 0.3, 0.5]]]
start: [2.4649800000000002, -1.9327000000000001, -1.2, 0.81123000000000001, -2.0830000000000002, -1.5688599999999999, -0.065519999999999995]
tajectories: [[2.46498, -1.9327, -1.2, 0.81123, -2.083, -1.56886, -0.06552], [2.43933, -1.52423, -1.32735, 0.67391, -1.86779, -1.54088, -0.04799], [2.41369, -1.11575, -1.45471, 0.53658, -1.65257, -1.51289, -0.03046], [2.38804, -0.70727, -1.58206, 0.39925, -1.43735, -1.4849, -0.01294], [2.36239, -0.29879, -1.70941, 0.26192, -1.22214, -1.45691, 0.00459], [2.33674, 0.10969, -1.83677, 0.12459, -1.00692, -1.42892, 0.02212], [2.31109, 0.51817, -1.96412, -0.01274, -0.79171, -1.40093, 0.03965], [2.31071, 0.52426, -1.96602, -0.01479, -0.7885, -1.40051, 0.03991], [2.21027, 0.65048, -1.9003, 0.41472, -0.83537, -1.22559, -0.00901], [2.10984, 0.7767, -1.83458, 0.84422, -0.88224, -1.05068, -0.05793], [2.0094, 0.90293, -1.76885, 1.27373, -0.9291, -0.87576, -0.10685], [1.90896, 1.02915, -1.70313, 1.70324, -0.97597, -0.70084, -0.15577], [1.80852, 1.15537, -1.63741, 2.13274, -1.02284, -0.52592, -0.20469], [1.70808, 1.28159, -1.57169, 2.56225, -1.06971, -0.351, -0.25361], [1.65925, 1.34296, -1.53973, 2.77109, -1.0925, -0.26595, -0.2774], [1.47602, 1.41272, -1.54985, 2.5896, -1.14202, 0.03382, -0.57101], [1.2928, 1.48247, -1.55996, 2.4081, -1.19155, 0.33358, -0.86463], [1.10958, 1.55223, -1.57008, 2.22661, -1.24107, 0.63334, -1.15824], [0.92636, 1.62198, -1.58019, 2.04511, -1.29059, 0.93311, -1.45186], [0.74313, 1.69173, -1.59031, 1.86362, -1.34012, 1.23287, -1.74547]]
end: [0.56754000000000004, 1.75858, -1.6000000000000001, 1.6896800000000001, -1.38758, 1.5201499999999999, -2.0268600000000001]
obtacles: [[[0.6, -0.4, -0.2], [1.0, 0.6, -0.3]], [[0.7, -0.2, -0.2], [1.1, -0.1, 0.4]], [[0.7, 0.2, -0.2], [1.1, 0.3, 0.4]], [[0.7, -0.2, 0.4], [1.1, 0.3, 0.5]]]
start: [2.2435299999999998, -1.79708, -1.5, 1.40249, -1.8058000000000001, -1.5404100000000001, -0.49279000000000001]
tajectories: [[2.24353, -1.79708, -1.5, 1.40249, -1.8058, -1.54041, -0.49279], [2.05525, -1.45649, -1.23934, 1.45191, -1.75349, -1.53409, -0.65214], [1.86698, -1.1159, -0.97869, 1.50132, -1.70117, -1.52776, -0.81149], [1.67871, -0.77531, -0.71803, 1.55074, -1.64886, -1.52144, -0.97084], [1.49043, -0.43472, -0.45737, 1.60015, -1.59655, -1.51511, -1.13019], [1.30216, -0.09414, -0.19671, 1.64957, -1.54424, -1.50879, -1.28953], [1.11389, 0.24645, 0.06394, 1.69898, -1.49193, -1.50246, -1.44888], [0.92562, 0.58704, 0.3246, 1.7484, -1.43962, -1.49614, -1.60823], [0.83505, 0.75087, 0.44998, 1.77217, -1.41446, -1.4931, -1.68488], [0.91564, 0.89038, 0.30008, 1.93457, -1.38451, -1.08742, -1.78352], [0.99622, 1.02988, 0.15018, 2.09698, -1.35455, -0.68175, -1.88216], [1.0768, 1.16939, 0.00027, 2.25939, -1.32459, -0.27608, -1.98081], [1.15738, 1.3089, -0.14963, 2.4218, -1.29464, 0.12959, -2.07945], [1.23797, 1.4484, -0.29953, 2.58421, -1.26468, 0.53526, -2.17809], [1.31855, 1.58791, -0.44943, 2.74662, -1.23473, 0.94093, -2.27673], [1.37724, 1.68952, -0.55862, 2.86491, -1.21291, 1.23641, -2.34858], [1.19635, 1.76228, -0.84336, 2.51324, -1.20556, 1.31962, -2.33257], [1.01546, 1.83503, -1.1281, 2.16158, -1.19822, 1.40283, -2.31657], [0.83457, 1.90779, -1.41285, 1.80991, -1.19087, 1.48604, -2.30056]]
end: [0.71567000000000003, 1.9556100000000001, -1.6000000000000001, 1.57877, -1.18604, 1.54074, -2.2900499999999999]
obtacles: [[[0.6, -0.4, -0.2], [1.0, 0.6, -0.3]], [[0.7, -0.2, -0.2], [1.1, -0.1, 0.4]], [[0.7, 0.2, -0.2], [1.1, 0.3, 0.4]], [[0.7, -0.2, 0.4], [1.1, 0.3, 0.5]]]
start: [2.5640000000000001, -1.8221499999999999, -1.1000000000000001, 0.67035, -2.09476, -1.4926699999999999, -0.0112]
tajectories: [[2.564, -1.82215, -1.1, 0.67035, -2.09476, -1.49267, -0.0112], [2.37269, -1.5587, -0.96898, 0.72939, -1.91856, -1.33818, -0.27279], [2.18137, -1.29524, -0.83797, 0.78843, -1.74236, -1.1837, -0.53438], [1.99006, -1.03179, -0.70695, 0.84747, -1.56616, -1.02921, -0.79597], [1.79875, -0.76833, -0.57594, 0.90651, -1.38996, -0.87472, -1.05756], [1.60744, -0.50488, -0.44492, 0.96555, -1.21376, -0.72024, -1.31915], [1.43103, -0.26196, -0.32412, 1.01999, -1.0513, -0.57779, -1.56035], [1.01549, -0.30328, -0.14459, 1.19871, -1.09306, -0.49036, -1.60565], [0.59994, -0.34461, 0.03494, 1.37743, -1.13482, -0.40292, -1.65095], [0.18439, -0.38593, 0.21447, 1.55615, -1.17658, -0.31549, -1.69625], [-0.23115, -0.42726, 0.39399, 1.73487, -1.21834, -0.22805, -1.74155], [-0.6467, -0.46858, 0.57352, 1.91359, -1.2601, -0.14061, -1.78685], [-0.71818, -0.47569, 0.6044, 1.94434, -1.26728, -0.12557, -1.79464], [-0.78989, -0.15996, 0.83677, 2.09576, -1.41226, -0.0563, -1.58866], [-0.8616, 0.15578, 1.06913, 2.24719, -1.55725, 0.01297, -1.38268], [-0.9333, 0.47151, 1.30149, 2.39862, -1.70223, 0.08225, -1.17671], [-1.00501, 0.78725, 1.53386, 2.55005, -1.84722, 0.15152, -0.97073], [-1.04182, 0.94935, 1.65315, 2.62779, -1.92166, 0.18708, -0.86498], [-0.89387, 1.13166, 1.63102, 2.42232, -1.8955, -0.18967, -0.96265], [-0.74591, 1.31397, 1.60888, 2.21685, -1.86935, -0.56642, -1.06032], [-0.59795, 1.49627, 1.58674, 2.01138, -1.84319, -0.94317, -1.15799], [-0.44999, 1.67858, 1.5646, 1.80592, -1.81704, -1.31992, -1.25566]]
end: [-0.35237000000000002, 1.7988599999999999, 1.55, 1.6703600000000001, -1.7997799999999999, -1.5684800000000001, -1.3201000000000001]
