obtacles: [[[0.6, -0.4, -0.2], [1.0, 0.6, -0.3]], [[0.8, -0.2, -0.2], [1.1, -0.1, 0.4]], [[0.8, 0.3, -0.2], [1.1, 0.4, 0.4]], [[0.8, -0.2, 0.4], [1.1, 0.4, 0.5]]]
start: [2.4618099999999998, -1.85344, -0.84999999999999998, 0.82621, -2.2922199999999999, -1.2900499999999999, 0.067210000000000006]
tajectories: [[2.46181, -1.85344, -0.85, 0.82621, -2.29222, -1.29005, 0.06721], [2.39277, -1.5644, -0.74018, 1.01951, -2.33231, -1.32269, 0.39824], [2.32372, -1.27535, -0.63037, 1.21282, -2.37239, -1.35533, 0.72928], [2.25468, -0.9863, -0.52055, 1.40612, -2.41248, -1.38798, 1.06032], [2.18564, -0.69725, -0.41074, 1.59942, -2.45257, -1.42062, 1.39136], [2.1166, -0.4082, -0.30092, 1.79273, -2.49266, -1.45326, 1.7224], [2.04756, -0.11916, -0.19111, 1.98603, -2.53274, -1.4859, 2.05343], [1.97851, 0.16989, -0.08129, 2.17934, -2.57283, -1.51854, 2.38447], [1.97734, 0.17481, -0.07942, 2.18263, -2.57351, -1.5191, 2.3901], [1.78704, 0.40814, -0.2898, 2.07277, -2.81252, -1.52566, 2.17598], [1.59674, 0.64147, -0.50018, 1.96292, -3.05153, -1.53222, 1.96185], [1.40644, 0.8748, -0.71055, 1.85307, -3.29054, -1.53878, 1.74773], [1.21615, 1.10813, -0.92093, 1.74322, -3.52955, -1.54535, 1.5336], [1.02585, 1.34146, -1.1313, 1.63337, -3.76856, -1.55191, 1.31948], [0.83555, 1.57479, -1.34168, 1.52352, -4.00757, -1.55847, 1.10535], [0.64525, 1.80812, -1.55206, 1.41367, -4.24658, -1.56503, 0.89123]]
end: [0.55664999999999998, 1.9167400000000001, -1.6499999999999999, 1.36253, -4.3578599999999996, -1.5680799999999999, 0.79154000000000002]
obtacles: [[[0.6, -0.4, -0.2], [1.0, 0.6, -0.3]], [[0.8, -0.2, -0.2], [1.1, -0.1, 0.4]], [[0.8, 0.3, -0.2], [1.1, 0.4, 0.4]], [[0.8, -0.2, 0.4], [1.1, 0.4, 0.5]]]
start: [-0.63909000000000005, 1.6722600000000001, -0.90000000000000002, -0.65947, 0.95552999999999999, -1.2673000000000001, 0.11210000000000001]
tajectories: [[-0.63909, 1.67226, -0.9, -0.65947, 0.95553, -1.2673, 0.1121], [-0.50988, 1.33583, -0.73042, -0.54542, 0.70485, -1.17342, 0.03022], [-0.38067, 0.9994, -0.56085, -0.43138, 0.45417, -1.07954, -0.05165], [-0.25146, 0.66297, -0.39127, -0.31733, 0.20349, -0.98565, -0.13353], [-0.12226, 0.32654, -0.22169, -0.20328, -0.04719, -0.89177, -0.21541], [0.00695, -0.00988, -0.05212, -0.08923, -0.29788, -0.79788, -0.29728], [0.13616, -0.34631, 0.11746, 0.02481, -0.54856, -0.704, -0.37916], [0.17384, -0.44444, 0.16692, 0.05808, -0.62168, -0.67661, -0.40304], [0.36373, -0.41339, 0.03425, 0.34842, -0.90351, -0.50556, -0.45192], [0.55362, -0.38233, -0.09842, 0.63875, -1.18535, -0.3345, -0.5008], [0.7435, -0.35127, -0.23109, 0.92909, -1.46719, -0.16345, -0.54968], [0.93339, -0.32021, -0.36376, 1.21943, -1.74903, 0.00761, -0.59855], [1.12328, -0.28915, -0.49644, 1.50977, -2.03086, 0.17866, -0.64743], [1.31316, -0.25809, -0.62911, 1.8001, -2.3127, 0.34972, -0.69631], [1.34681, -0.25259, -0.65262, 1.85155, -2.36264, 0.38003, -0.70497], [1.18278, -0.23301, -0.59954, 1.96033, -2.70546, 0.49596, -0.98263], [1.01875, -0.21342, -0.54647, 2.06911, -3.04828, 0.6119, -1.26029], [0.85472, -0.19384, -0.4934, 2.17789, -3.3911, 0.72784, -1.53795], [0.69069, -0.17426, -0.44032, 2.28668, -3.73391, 0.84377, -1.81561], [0.62671, -0.16662, -0.41962, 2.32911, -3.86763, 0.88899, -1.92391], [0.64579, 0.09865, -0.59194, 2.2074, -3.5204, 0.98516, -1.99424], [0.66486, 0.36392, -0.76425, 2.08569, -3.17318, 1.08133, -2.06457], [0.68394, 0.62919, -0.93657, 1.96398, -2.82595, 1.1775, -2.1349], [0.70302, 0.89446, -1.10889, 1.84228, -2.47872, 1.27368, -2.20523], [0.72209, 1.15973, -1.2812, 1.72057, -2.13149, 1.36985, -2.27556], [0.74117, 1.425, -1.45352, 1.59886, -1.78427, 1.46602, -2.34589]]
end: [0.75738000000000005, 1.6505000000000001, -1.6000000000000001, 1.4954099999999999, -1.4891000000000001, 1.5477700000000001, -2.4056799999999998]
obtacles: [[[0.6, -0.4, -0.2], [1.0, 0.6, -0.3]], [[0.8, -0.2, -0.2], [1.1, -0.1, 0.4]], [[0.8, 0.3, -0.2], [1.1, 0.4, 0.4]], [[0.8, -0.2, 0.4], [1.1, 0.4, 0.5]]]
start: [-0.16864999999999999, 1.94299, -1.8999999999999999, 0.88348000000000004, -1.0790500000000001, 1.5687500000000001, -2.1524999999999999]
tajectories: [[-0.16865, 1.94299, -1.9, 0.88348, -1.07905, 1.56875, -2.1525], [-0.24587, 1.7446, -1.95994, 1.08206, -0.76456, 1.32131, -2.11351], [-0.32309, 1.5462, -2.01987, 1.28065, -0.45008, 1.07387, -2.07452], [-0.40032, 1.3478, -2.07981, 1.47923, -0.13559, 0.82643, -2.03553], [-0.47754, 1.14941, -2.13975, 1.67782, 0.1789, 0.57899, -1.99654], [-0.55476, 0.95101, -2.19969, 1.8764, 0.49338, 0.33155, -1.95755], [-0.63198, 0.75262, -2.25962, 2.07499, 0.80787, 0.08411, -1.91856], [-0.68661, 0.61226, -2.30203, 2.21548, 1.03036, -0.09094, -1.89098], [-0.31713, 0.68261, -2.22737, 2.26544, 0.76148, 0.05149, -1.97975], [0.05236, 0.75296, -2.15271, 2.3154, 0.4926, 0.19392, -2.06852], [0.42184, 0.8233, -2.07805, 2.36536, 0.22372, 0.33636, -2.1573], [0.79132, 0.89365, -2.00339, 2.41532, -0.04516, 0.47879, -2.24607], [1.1608, 0.964, -1.92873, 2.46529, -0.31404, 0.62122, -2.33485], [1.53028, 1.03435, -1.85407, 2.51525, -0.58292, 0.76365, -2.42362], [1.89976, 1.1047, -1.77941, 2.56521, -0.8518, 0.90609, -2.51239], [1.96738, 1.11757, -1.76575, 2.57435, -0.90101, 0.93215, -2.52864], [1.91424, 1.21162, -1.51126, 2.74929, -1.26749, 1.00702, -2.47341], [1.86109, 1.30567, -1.25677, 2.92423, -1.63397, 1.08189, -2.41818], [1.80795, 1.39972, -1.00228, 3.09917, -2.00044, 1.15676, -2.36296], [1.80595, 1.40324, -0.99274, 3.10573, -2.01418, 1.15957, -2.36089], [1.55575, 1.45414, -1.14377, 2.72957, -1.88633, 1.20324, -2.40834], [1.30556, 1.50504, -1.29479, 2.35341, -1.75848, 1.2469, -2.45579], [1.05536, 1.55595, -1.44581, 1.97724, -1.63063, 1.29057, -2.50324], [0.80516, 1.60685, -1.59684, 1.60108, -1.50279, 1.33423, -2.5507], [0.55496, 1.65775, -1.74786, 1.22492, -1.37494, 1.3779, -2.59815], [0.30476, 1.70865, -1.89888, 0.84876, -1.24709, 1.42157, -2.6456]]
end: [0.30291000000000001, 1.70903, -1.8999999999999999, 0.84597999999999995, -1.2461500000000001, 1.4218900000000001, -2.64595]
obtacles: [[[0.6, -0.4, -0.2], [1.0, 0.6, -0.3]], [[0.8, -0.2, -0.2], [1.1, -0.1, 0.4]], [[0.8, 0.3, -0.2], [1.1, 0.4, 0.4]], [[0.8, -0.2, 0.4], [1.1, 0.4, 0.5]]]
start: [2.5766300000000002, -1.61785, -1.0, 0.66842000000000001, -2.0648399999999998, -1.2686500000000001, -0.0129]
tajectories: [[2.57663, -1.61785, -1.0, 0.66842, -2.06484, -1.26865, -0.0129], [2.46649, -1.42272, -1.20826, 0.84196, -1.88212, -1.10112, -0.26757], [2.35636, -1.22759, -1.41653, 1.01549, -1.6994, -0.93359, -0.52223], [2.24623, -1.03247, -1.62479, 1.18903, -1.51668, -0.76605, -0.77689], [2.1361, -0.83734, -1.83306, 1.36257, -1.33396, -0.59852, -1.03155], [2.02597, -0.64221, -2.04132, 1.53611, -1.15124, -0.43099, -1.28622], [1.91931, -0.45324, -2.24302, 1.70418, -0.97428, -0.26874, -1.53285], [1.88689, -0.08001, -2.25496, 1.93836, -1.1732, -0.17266, -1.45626], [1.85448, 0.29321, -2.2669, 2.17254, -1.37213, -0.07657, -1.37966], [1.82206, 0.66644, -2.27884, 2.40672, -1.57105, 0.01951, -1.30307], [1.78964, 1.03966, -2.29078, 2.6409, -1.76997, 0.11559, -1.22648], [1.76536, 1.31925, -2.29973, 2.81632, -1.91899, 0.18757, -1.1691], [1.53442, 1.38097, -2.16197, 2.5736, -1.83831, 0.454, -1.36266], [1.30347, 1.44269, -2.0242, 2.33088, -1.75763, 0.72044, -1.55623], [1.07253, 1.50441, -1.88644, 2.08816, -1.67696, 0.98687, -1.7498], [0.84158, 1.56612, -1.74868, 1.84544, -1.59628, 1.25331, -1.94336], [0.61064, 1.62784, -1.61092, 1.60272, -1.5156, 1.51974, -2.13693]]
end: [0.59233000000000002, 1.6327400000000001, -1.6000000000000001, 1.58348, -1.5092099999999999, 1.54087, -2.1522700000000001]
obtacles: [[[0.6, -0.4, -0.2], [1.0, 0.6, -0.3]], [[0.8, -0.2, -0.2], [1.1, -0.1, 0.4]], [[0.8, 0.3, -0.2], [1.1, 0.4, 0.4]], [[0.8, -0.2, 0.4], [1.1, 0.4, 0.5]]]
start: [2.6081799999999999, -1.5566500000000001, -1.3500000000000001, 0.66737999999999997, -1.7365900000000001, -1.4236200000000001, -0.12329]
tajectories: [[2.60818, -1.55665, -1.35, 0.66738, -1.73659, -1.42362, -0.12329], [2.20093, -1.45119, -1.30089, 0.75534, -1.94353, -1.34645, -0.242], [1.79368, -1.34573, -1.25178, 0.8433, -2.15047, -1.26929, -0.36072], [1.38642, -1.24026, -1.20267, 0.93126, -2.35741, -1.19212, -0.47944], [0.97917, -1.1348, -1.15356, 1.01921, -2.56436, -1.11496, -0.59816], [0.57192, -1.02934, -1.10445, 1.10717, -2.7713, -1.03779, -0.71688], [0.16466, -0.92387, -1.05534, 1.19513, -2.97824, -0.96062, -0.83559], [-0.19475, -0.8308, -1.012, 1.27276, -3.16087, -0.89252, -0.94036], [-0.21145, -0.6343, -1.26922, 1.42675, -3.07578, -0.66733, -1.19193], [-0.22816, -0.43781, -1.52644, 1.58073, -2.99068, -0.44213, -1.44349], [-0.24486, -0.24131, -1.78366, 1.73472, -2.90559, -0.21694, -1.69505], [-0.26157, -0.04481, -2.04088, 1.88871, -2.8205, 0.00825, -1.94661], [-0.27827, 0.15168, -2.29809, 2.0427, -2.7354, 0.23345, -2.19817], [-0.29498, 0.34818, -2.55531, 2.19669, -2.65031, 0.45864, -2.44973], [-0.30029, 0.41069, -2.63714, 2.24568, -2.62324, 0.53028, -2.52976], [-0.02615, 0.62432, -2.63811, 2.28813, -2.40032, 0.26771, -2.43613], [0.248, 0.83795, -2.63908, 2.33059, -2.17739, 0.00514, -2.3425], [0.52214, 1.05158, -2.64006, 2.37305, -1.95447, -0.25743, -2.24887], [0.79628, 1.26521, -2.64103, 2.4155, -1.73155, -0.52, -2.15524], [1.07043, 1.47884, -2.64201, 2.45796, -1.50863, -0.78256, -2.06161], [1.2964, 1.65493, -2.64281, 2.49296, -1.32488, -0.99899, -1.98443], [1.18223, 1.65719, -2.47419, 2.31176, -1.34816, -0.58495, -2.0454], [1.06807, 1.65945, -2.30557, 2.13056, -1.37145, -0.1709, -2.10637], [0.9539, 1.6617, -2.13694, 1.94936, -1.39473, 0.24315, -2.16734], [0.83974, 1.66396, -1.96832, 1.76817, -1.41802, 0.6572, -2.22831], [0.72557, 1.66621, -1.7997, 1.58697, -1.4413, 1.07125, -2.28928], [0.61141, 1.66847, -1.63108, 1.40577, -1.46459, 1.4853, -2.35025]]
end: [0.59036999999999995, 1.6688799999999999, -1.6000000000000001, 1.3723700000000001, -1.46888, 1.5616099999999999, -2.3614899999999999]
obtacles: [[[0.6, -0.4, -0.2], [1.0, 0.6, -0.3]], [[0.8, -0.2, -0.2], [1.1, -0.1, 0.4]], [[0.8, 0.3, -0.2], [1.1, 0.4, 0.4]], [[0.8, -0.2, 0.4], [1.1, 0.4, 0.5]]]
start: [2.5235400000000001, -1.5871, -1.55, 0.70270999999999995, -1.5972, -1.5698000000000001, -0.084470000000000003]
tajectories: [[2.52354, -1.5871, -1.55, 0.70271, -1.5972, -1.5698, -0.08447], [2.35792, -1.56086, -1.41174, 0.73761, -1.68761, -1.34854, -0.46449], [2.19229, -1.53461, -1.27348, 0.77251, -1.77802, -1.12728, -0.84452], [2.02667, -1.50837, -1.13523, 0.80741, -1.86843, -0.90602, -1.22454], [1.86105, -1.48212, -0.99697, 0.84231, -1.95884, -0.68476, -1.60456], [1.69543, -1.45588, -0.85871, 0.87721, -2.04925, -0.4635, -1.98459], [1.65718, -1.44981, -0.82678, 0.88527, -2.07013, -0.4124, -2.07235], [1.463, -1.13576, -0.80696, 0.85456, -1.88267, -0.15036, -2.16469], [1.26882, -0.82171, -0.78715, 0.82384, -1.69521, 0.11167, -2.25702], [1.07463, -0.50766, -0.76733, 0.79313, -1.50775, 0.37371, -2.34936], [1.01541, -0.41188, -0.76129, 0.78376, -1.45057, 0.45363, -2.37752], [1.15758, -0.14156, -0.83544, 1.06547, -1.20452, 0.45802, -2.27124], [1.29976, 0.12875, -0.9096, 1.34718, -0.95846, 0.46242, -2.16495], [1.44194, 0.39906, -0.98375, 1.62889, -0.71241, 0.46681, -2.05867], [1.54399, 0.5931, -1.03698, 1.83112, -0.53578, 0.46997, -1.98238], [1.34511, 0.88609, -1.17416, 1.72676, -0.69119, 0.71482, -2.08622], [1.14622, 1.17908, -1.31134, 1.6224, -0.8466, 0.95968, -2.19007], [0.94733, 1.47208, -1.44852, 1.51805, -1.002, 1.20454, -2.29392], [0.74845, 1.76507, -1.5857, 1.41369, -1.15741, 1.44939, -2.39776]]
end: [0.65522000000000002, 1.9024099999999999, -1.6499999999999999, 1.36477, -1.2302599999999999, 1.5641700000000001, -2.4464399999999999]
obtacles: [[[0.6, -0.4, -0.2], [1.0, 0.6, -0.3]], [[0.8, -0.2, -0.2], [1.1, -0.1, 0.4]], [[0.8, 0.3, -0.2], [1.1, 0.4, 0.4]], [[0.8, -0.2, 0.4], [1.1, 0.4, 0.5]]]
start: [2.4761099999999998, -1.7474799999999999, -1.3999999999999999, 0.87189000000000005, -1.8154699999999999, -1.55579, -0.18939]
tajectories: [[2.47611, -1.74748, -1.4, 0.87189, -1.81547, -1.55579, -0.18939], [2.44697, -1.4502, -1.15201, 0.90859, -1.51573, -1.52229, -0.27286], [2.41784, -1.15292, -0.90403, 0.9453, -1.216, -1.4888, -0.35632], [2.3887, -0.85563, -0.65604, 0.982, -0.91627, -1.4553, -0.43979], [2.35957, -0.55835, -0.40805, 1.01871, -0.61653, -1.4218, -0.52326], [2.33044, -0.26107, -0.16007, 1.05542, -0.3168, -1.38831, -0.60673], [2.3013, 0.03621, 0.08792, 1.09212, -0.01707, -1.35481, -0.6902], [2.27423, 0.31246, 0.31835, 1.12623, 0.26145, -1.32368, -0.76775], [2.11699, 0.52722, 0.03453, 1.31609, 0.33983, -1.19983, -0.97041], [1.95975, 0.74198, -0.24929, 1.50595, 0.4182, -1.07597, -1.17307], [1.80251, 0.95674, -0.53311, 1.69581, 0.49658, -0.95211, -1.37572], [1.64527, 1.1715, -0.81693, 1.88567, 0.57495, -0.82825, -1.57838], [1.48803, 1.38626, -1.10075, 2.07553, 0.65333, -0.7044, -1.78103], [1.33079, 1.60102, -1.38457, 2.26539, 0.7317, -0.58054, -1.98369], [1.17355, 1.81578, -1.66839, 2.45525, 0.81008, -0.45668, -2.18635], [1.07808, 1.94617, -1.84071, 2.57052, 0.85766, -0.38148, -2.30939], [0.9844, 1.94283, -1.84211, 2.32349, 0.55821, -0.08693, -2.37065], [0.89071, 1.9395, -1.84351, 2.07645, 0.25876, 0.20762, -2.43192], [0.79703, 1.93616, -1.84492, 1.82942, -0.04069, 0.50218, -2.49318], [0.70334, 1.93283, -1.84632, 1.58239, -0.34014, 0.79673, -2.55444], [0.60966, 1.92949, -1.84773, 1.33536, -0.63959, 1.09129, -2.61571], [0.51598, 1.92615, -1.84913, 1.08833, -0.93904, 1.38584, -2.67697]]
end: [0.45806000000000002, 1.9240900000000001, -1.8500000000000001, 0.93559999999999999, -1.1241699999999999, 1.56795, -2.7148500000000002]
obtacles: [[[0.6, -0.4, -0.2], [1.0, 0.6, -0.3]], [[0.8, -0.2, -0.2], [1.1, -0.1, 0.4]], [[0.8, 0.3, -0.2], [1.1, 0.4, 0.4]], [[0.8, -0.2, 0.4], [1.1, 0.4, 0.5]]]
start: [-0.81606999999999996, 1.6661699999999999, 1.95, 0.99358000000000002, -1.8656900000000001, -1.31105, -0.12041]
tajectories: [[-0.81607, 1.66617, 1.95, 0.99358, -1.86569, -1.31105, -0.12041], [-0.81782, 1.64097, 2.08239, 1.03806, -2.28075, -1.07164, -0.1364], [-0.81958, 1.61577, 2.21478, 1.08253, -2.69582, -0.83223, -0.1524], [-0.82133, 1.59057, 2.34718, 1.127, -3.11089, -0.59281, -0.1684], [-0.82309, 1.56537, 2.47957, 1.17148, -3.52596, -0.3534, -0.1844], [-0.82484, 1.54017, 2.61196, 1.21595, -3.94103, -0.11398, -0.2004], [-0.82529, 1.53369, 2.64604, 1.2274, -4.04788, -0.05235, -0.20451], [-0.77447, 1.49508, 2.56111, 1.50575, -3.90653, -0.39513, -0.35863], [-0.72364, 1.45647, 2.47617, 1.78411, -3.76518, -0.7379, -0.51275], [-0.67864, 1.42229, 2.40097, 2.03053, -3.64005, -1.04135, -0.64919], [-0.52914, 1.54837, 2.29192, 1.83262, -3.25832, -1.12194, -0.74129], [-0.37963, 1.67444, 2.18288, 1.6347, -2.8766, -1.20254, -0.83339], [-0.23012, 1.80052, 2.07383, 1.43679, -2.49488, -1.28313, -0.92549], [-0.08061, 1.92659, 1.96478, 1.23887, -2.11315, -1.36373, -1.01759]]
end: [-0.060350000000000001, 1.9436800000000001, 1.95, 1.2120500000000001, -2.0614300000000001, -1.3746499999999999, -1.03007]
obtacles: [[[0.6, -0.4, -0.2], [1.0, 0.6, -0.3]], [[0.8, -0.2, -0.2], [1.1, -0.1, 0.4]], [[0.8, 0.3, -0.2], [1.1, 0.4, 0.4]], [[0.8, -0.2, 0.4], [1.1, 0.4, 0.5]]]
start: [-0.60609000000000002, 1.74234, 2.1499999999999999, 0.30807000000000001, -2.1720700000000002, -1.5699399999999999, 0.34952]
tajectories: [[-0.60609, 1.74234, 2.15, 0.30807, -2.17207, -1.56994, 0.34952], [-0.8291, 1.72835, 2.24239, 0.49677, -1.82045, -1.40631, 0.42379], [-1.0521, 1.71435, 2.33478, 0.68547, -1.46883, -1.24267, 0.49806], [-1.27511, 1.70035, 2.42717, 0.87418, -1.11721, -1.07904, 0.57233], [-1.314, 1.69791, 2.44328, 0.90709, -1.05588, -1.0505, 0.58528], [-1.13542, 1.75799, 2.50899, 1.26387, -1.33187, -0.97463, 0.55426], [-0.95685, 1.81806, 2.57469, 1.62066, -1.60786, -0.89877, 0.52325], [-0.77827, 1.87813, 2.6404, 1.97745, -1.88384, -0.8229, 0.49223], [-0.70717, 1.90205, 2.66656, 2.11949, -1.99372, -0.79269, 0.47988], [-0.55863, 1.91525, 2.48565, 1.88907, -2.00962, -0.94893, 0.13742], [-0.41008, 1.92844, 2.30475, 1.65865, -2.02552, -1.10517, -0.20503], [-0.26154, 1.94164, 2.12384, 1.42823, -2.04142, -1.26141, -0.54749], [-0.11299, 1.95483, 1.94293, 1.19781, -2.05732, -1.41765, -0.88994]]
end: [-0.077740000000000004, 1.95797, 1.8999999999999999, 1.14313, -2.0611000000000002, -1.4547300000000001, -0.97121999999999997]
obtacles: [[[0.6, -0.4, -0.2], [1.0, 0.6, -0.3]], [[0.8, -0.2, -0.2], [1.1, -0.1, 0.4]], [[0.8, 0.3, -0.2], [1.1, 0.4, 0.4]], [[0.8, -0.2, 0.4], [1.1, 0.4, 0.5]]]
start: [-0.81791999999999998, 1.8443499999999999, 1.8999999999999999, 1.17652, -1.9556, -1.3861399999999999, -0.27682000000000001]
tajectories: [[-0.81792, 1.84435, 1.9, 1.17652, -1.9556, -1.38614, -0.27682], [-0.80409, 1.72447, 2.25389, 1.39389, -1.92286, -1.32787, -0.51864], [-0.79626, 1.65656, 2.45437, 1.51703, -1.90431, -1.29486, -0.65564], [-0.75959, 1.66827, 2.29545, 1.94637, -2.09565, -1.32604, -0.69246], [-0.73585, 1.67586, 2.19255, 2.22437, -2.21955, -1.34622, -0.71631], [-0.60329, 1.76302, 2.03338, 1.84312, -2.02658, -1.30305, -0.83897]]
end: [-0.49220999999999998, 1.83605, 1.8999999999999999, 1.52363, -1.8648800000000001, -1.2668600000000001, -0.94174999999999998]
obtacles: [[[0.6, -0.4, -0.2], [1.0, 0.6, -0.3]], [[0.8, -0.2, -0.2], [1.1, -0.1, 0.4]], [[0.8, 0.3, -0.2], [1.1, 0.4, 0.4]], [[0.8, -0.2, 0.4], [1.1, 0.4, 0.5]]]
start: [-0.65536000000000005, 1.7457100000000001, 1.8999999999999999, 1.0162800000000001, -1.8973199999999999, -1.3908, -0.30206]
tajectories: [[-0.65536, 1.74571, 1.9, 1.01628, -1.89732, -1.3908, -0.30206], [-0.88969, 1.80544, 2.01703, 1.37699, -1.97243, -1.4232, -0.09951], [-1.12401, 1.86518, 2.13406, 1.7377, -2.04753, -1.4556, 0.10304], [-1.35833, 1.92491, 2.25109, 2.09841, -2.12264, -1.488, 0.30558], [-1.46904, 1.95313, 2.30638, 2.26884, -2.15813, -1.50331, 0.40128], [-1.38852, 1.82593, 1.91054, 2.35451, -2.20362, -1.31154, 0.24487], [-1.308, 1.69872, 1.51471, 2.44018, -2.24912, -1.11978, 0.08847], [-1.22748, 1.57152, 1.11887, 2.52586, -2.29461, -0.92801, -0.06794], [-1.15417, 1.45572, 0.75852, 2.60385, -2.33602, -0.75344, -0.21033], [-0.93571, 1.56056, 1.00119, 2.32454, -2.27157, -0.88734, -0.39004], [-0.71725, 1.6654, 1.24385, 2.04523, -2.20711, -1.02125, -0.56975], [-0.49878, 1.77024, 1.48651, 1.76591, -2.14266, -1.15515, -0.74947], [-0.28032, 1.87508, 1.72917, 1.4866, -2.0782, -1.28906, -0.92918]]
end: [-0.12653, 1.9488799999999999, 1.8999999999999999, 1.2899799999999999, -2.0328200000000001, -1.3833200000000001, -1.05569]
obtacles: [[[0.6, -0.4, -0.2], [1.0, 0.6, -0.3]], [[0.8, -0.2, -0.2], [1.1, -0.1, 0.4]], [[0.8, 0.3, -0.2], [1.1, 0.4, 0.4]], [[0.8, -0.2, 0.4], [1.1, 0.4, 0.5]]]
start: [-0.83584999999999998, 1.6251, 1.8999999999999999, 1.1451199999999999, -1.76183, -1.29575, -0.27372999999999997]
tajectories: [[-0.83585, 1.6251, 1.9, 1.14512, -1.76183, -1.29575, -0.27373], [-0.88363, 1.60568, 1.61714, 0.97546, -1.80381, -1.26637, -0.64241], [-0.93141, 1.58625, 1.33428, 0.8058, -1.84578, -1.23699, -1.01108], [-0.97919, 1.56683, 1.05143, 0.63614, -1.88776, -1.20761, -1.37976], [-1.02697, 1.5474, 0.76857, 0.46648, -1.92973, -1.17823, -1.74844], [-1.07475, 1.52798, 0.48571, 0.29682, -1.97171, -1.14885, -2.11711], [-1.10191, 1.51694, 0.32489, 0.20036, -1.99558, -1.13214, -2.32672], [-0.96715, 1.34403, 0.31817, 0.57483, -2.21373, -1.16184, -2.21185], [-0.83239, 1.17112, 0.31145, 0.9493, -2.43189, -1.19154, -2.09697], [-0.69763, 0.99822, 0.30472, 1.32377, -2.65005, -1.22124, -1.9821], [-0.56287, 0.82531, 0.298, 1.69824, -2.86821, -1.25093, -1.86722], [-0.42811, 0.6524, 0.29127, 2.07271, -3.08636, -1.28063, -1.75235], [-0.29959, 0.4875, 0.28486, 2.42984, -3.29442, -1.30896, -1.64279], [-0.318, 0.72389, 0.57473, 2.26028, -3.03411, -1.30249, -1.5279], [-0.3364, 0.96029, 0.86459, 2.09072, -2.77379, -1.29603, -1.41302], [-0.35481, 1.19668, 1.15445, 1.92116, -2.51347, -1.28956, -1.29813], [-0.37322, 1.43308, 1.44432, 1.7516, -2.25315, -1.2831, -1.18324], [-0.39163, 1.66947, 1.73418, 1.58204, -1.99284, -1.27663, -1.06835]]
end: [-0.40216000000000002, 1.8047, 1.8999999999999999, 1.4850399999999999, -1.84392, -1.2729299999999999, -1.0026299999999999]
obtacles: [[[0.6, -0.4, -0.2], [1.0, 0.6, -0.3]], [[0.8, -0.2, -0.2], [1.1, -0.1, 0.4]], [[0.8, 0.3, -0.2], [1.1, 0.4, 0.4]], [[0.8, -0.2, 0.4], [1.1, 0.4, 0.5]]]
start: [-0.63029999999999997, 1.57178, 1.8999999999999999, 0.34532000000000002, -1.88215, -1.46207, 0.30221999999999999]
tajectories: [[-0.6303, 1.57178, 1.9, 0.34532, -1.88215, -1.46207, 0.30222], [-0.80739, 1.51878, 1.84799, 0.75926, -2.04905, -1.38056, 0.2169], [-0.98448, 1.46578, 1.79599, 1.17319, -2.21595, -1.29904, 0.13157], [-1.16157, 1.41279, 1.74398, 1.58713, -2.38286, -1.21752, 0.04625], [-1.33867, 1.35979, 1.69197, 2.00107, -2.54976, -1.136, -0.03907], [-1.3579, 1.35404, 1.68633, 2.04602, -2.56788, -1.12715, -0.04834], [-1.06439, 1.50627, 1.74511, 1.89574, -2.39661, -1.17086, -0.33711], [-0.77088, 1.65851, 1.80389, 1.74546, -2.22534, -1.21457, -0.62589], [-0.47737, 1.81075, 1.86268, 1.59518, -2.05407, -1.25827, -0.91466]]
end: [-0.29103000000000001, 1.9074, 1.8999999999999999, 1.49977, -1.94533, -1.2860199999999999, -1.09799]
obtacles: [[[0.6, -0.4, -0.2], [1.0, 0.6, -0.3]], [[0.8, -0.2, -0.2], [1.1, -0.1, 0.4]], [[0.8, 0.3, -0.2], [1.1, 0.4, 0.4]], [[0.8, -0.2, 0.4], [1.1, 0.4, 0.5]]]
start: [-0.70764000000000005, 1.7188699999999999, 1.8999999999999999, 1.1681600000000001, -1.8427800000000001, -1.33216, -0.40307999999999999]
tajectories: [[-0.70764, 1.71887, 1.9, 1.16816, -1.84278, -1.33216, -0.40308], [-0.96963, 1.51093, 1.83318, 1.34616, -1.66556, -1.24494, -0.654], [-1.23163, 1.30299, 1.76636, 1.52415, -1.48834, -1.15771, -0.90492], [-1.49362, 1.09505, 1.69955, 1.70215, -1.31113, -1.07048, -1.15584], [-1.75561, 0.88711, 1.63273, 1.88014, -1.13391, -0.98325, -1.40676], [-2.0176, 0.67918, 1.56591, 2.05814, -0.9567, -0.89602, -1.65768], [-2.13322, 0.58742, 1.53643, 2.13668, -0.8785, -0.85753, -1.7684], [-1.85804, 0.53861, 1.24452, 2.13023, -1.14094, -0.75319, -1.85134], [-1.58286, 0.48981, 0.95261, 2.12378, -1.40339, -0.64886, -1.93428], [-1.30768, 0.44101, 0.6607, 2.11733, -1.66583, -0.54452, -2.01722], [-1.03251, 0.3922, 0.36879, 2.11088, -1.92828, -0.44018, -2.10017], [-0.75733, 0.3434, 0.07688, 2.10443, -2.19072, -0.33585, -2.18311], [-0.55183, 0.30695, -0.14111, 2.09961, -2.38672, -0.25793, -2.24505], [-0.5243, 0.54344, 0.17656, 1.98102, -2.3118, -0.42359, -2.03226], [-0.49677, 0.77992, 0.49423, 1.86242, -2.23689, -0.58926, -1.81947], [-0.46924, 1.01641, 0.8119, 1.74383, -2.16197, -0.75492, -1.60668], [-0.44171, 1.25289, 1.12958, 1.62523, -2.08706, -0.92059, -1.39389], [-0.41418, 1.48938, 1.44725, 1.50664, -2.01214, -1.08625, -1.1811], [-0.38665, 1.72587, 1.76492, 1.38804, -1.93723, -1.25191, -0.96831]]
end: [-0.37494, 1.8264199999999999, 1.8999999999999999, 1.33761, -1.90537, -1.32236, -0.87782000000000004]
obtacles: [[[0.6, -0.4, -0.2], [1.0, 0.6, -0.3]], [[0.8, -0.2, -0.2], [1.1, -0.1, 0.4]], [[0.8, 0.3, -0.2], [1.1, 0.4, 0.4]], [[0.8, -0.2, 0.4], [1.1, 0.4, 0.5]]]
start: [-0.81806999999999996, 1.7219599999999999, 1.8999999999999999, 1.1430800000000001, -1.85137, -1.3404199999999999, -0.26717000000000002]
tajectories: [[-0.81807, 1.72196, 1.9, 1.14308, -1.85137, -1.34042, -0.26717], [-0.97693, 1.68992, 1.71544, 1.3884, -1.67975, -1.32685, -0.58316], [-1.13578, 1.65788, 1.53087, 1.63373, -1.50813, -1.31329, -0.89915], [-1.29464, 1.62584, 1.34631, 1.87906, -1.33651, -1.29973, -1.21515], [-1.45349, 1.5938, 1.16174, 2.12439, -1.16488, -1.28616, -1.53114], [-1.58189, 1.5679, 1.01257, 2.32268, -1.02617, -1.2752, -1.78655], [-1.21496, 1.50222, 1.05951, 2.46773, -1.18918, -1.1086, -1.60358], [-0.84802, 1.43653, 1.10646, 2.61278, -1.35219, -0.94201, -1.42062], [-0.48109, 1.37085, 1.15341, 2.75783, -1.51521, -0.77541, -1.23765], [-0.45179, 1.3656, 1.15716, 2.76941, -1.52823, -0.76211, -1.22304], [-0.43908, 1.50992, 1.32496, 2.39197, -1.65121, -0.93263, -1.10392], [-0.42638, 1.65424, 1.49276, 2.01452, -1.77419, -1.10316, -0.98481], [-0.41367, 1.79855, 1.66055, 1.63708, -1.89717, -1.27368, -0.8657], [-0.40097, 1.94287, 1.82835, 1.25964, -2.02015, -1.44421, -0.74659]]
end: [-0.39933000000000002, 1.96149, 1.8500000000000001, 1.2109399999999999, -2.0360200000000002, -1.46621, -0.73121999999999998]
obtacles: [[[0.6, -0.4, -0.2], [1.0, 0.6, -0.3]], [[0.8, -0.2, -0.2], [1.1, -0.1, 0.4]], [[0.8, 0.3, -0.2], [1.1, 0.4, 0.4]], [[0.8, -0.2, 0.4], [1.1, 0.4, 0.5]]]
start: [-0.61355999999999999, 1.5850500000000001, 1.8500000000000001, 0.62778, -1.80704, -1.41991, 0.0057200000000000003]
tajectories: [[-0.61356, 1.58505, 1.85, 0.62778, -1.80704, -1.41991, 0.00572], [-0.76055, 1.6105, 2.05816, 0.72397, -1.5851, -1.35433, -0.343], [-0.90753, 1.63594, 2.26633, 0.82016, -1.36316, -1.28874, -0.69172], [-1.05452, 1.66139, 2.47449, 0.91634, -1.14122, -1.22316, -1.04043], [-1.19393, 1.68552, 2.67194, 1.00757, -0.93071, -1.16096, -1.37119], [-1.09714, 1.69791, 2.60853, 1.25457, -1.29931, -0.96426, -1.40095], [-1.00036, 1.7103, 2.54512, 1.50158, -1.66792, -0.76755, -1.43071], [-0.90357, 1.72269, 2.48171, 1.74858, -2.03653, -0.57085, -1.46047], [-0.80678, 1.73507, 2.4183, 1.99558, -2.40514, -0.37415, -1.49023], [-0.72777, 1.74519, 2.36653, 2.19723, -2.70608, -0.21356, -1.51453], [-0.68203, 1.78726, 2.21994, 1.99993, -2.48362, -0.53027, -1.32498], [-0.6363, 1.82934, 2.07334, 1.80263, -2.26117, -0.84698, -1.13543], [-0.59056, 1.87142, 1.92675, 1.60533, -2.03871, -1.16369, -0.94588]]
end: [-0.56662000000000001, 1.8934500000000001, 1.8500000000000001, 1.50203, -1.92225, -1.3294999999999999, -0.84663999999999995]
obtacles: [[[0.6, -0.4, -0.2], [1.0, 0.6, -0.3]], [[0.8, -0.2, -0.2], [1.1, -0.1, 0.4]], [[0.8, 0.3, -0.2], [1.1, 0.4, 0.4]], [[0.8, -0.2, 0.4], [1.1, 0.4, 0.5]]]
start: [-0.81601999999999997, 1.63686, 2.0499999999999998, 0.82904999999999995, -1.9564600000000001, -1.2717499999999999, 0.061920000000000003]
tajectories: [[-0.81602, 1.63686, 2.05, 0.82905, -1.95646, -1.27175, 0.06192], [-0.9954, 1.60716, 2.1208, 1.04488, -2.12438, -0.96146, -0.14024], [-1.17478, 1.57747, 2.1916, 1.26071, -2.2923, -0.65116, -0.34239], [-1.35416, 1.54777, 2.2624, 1.47654, -2.46021, -0.34087, -0.54455], [-1.53354, 1.51808, 2.3332, 1.69237, -2.62813, -0.03057, -0.7467], [-1.71292, 1.48838, 2.404, 1.9082, -2.79605, 0.27972, -0.94886], [-1.8923, 1.45869, 2.4748, 2.12403, -2.96397, 0.59002, -1.15101], [-1.90029, 1.45737, 2.47795, 2.13364, -2.97144, 0.60383, -1.16001], [-1.44164, 1.58283, 2.43427, 2.22581, -2.98494, 0.52073, -1.24005], [-0.98299, 1.70829, 2.3906, 2.31798, -2.99843, 0.43763, -1.32009], [-0.52434, 1.83375, 2.34692, 2.41015, -3.01193, 0.35452, -1.40014], [-0.06569, 1.95922, 2.30324, 2.50232, -3.02542, 0.27142, -1.48018], [-0.03781, 1.96684, 2.30059, 2.50793, -3.02624, 0.26637, -1.48504], [-0.09199, 1.96517, 2.21016, 2.25448, -2.82627, -0.07804, -1.35836], [-0.14616, 1.9635, 2.11973, 2.00104, -2.6263, -0.42245, -1.23169], [-0.20034, 1.96182, 2.0293, 1.7476, -2.42633, -0.76686, -1.10501], [-0.25452, 1.96015, 1.93888, 1.49416, -2.22636, -1.11126, -0.97834]]
end: [-0.30776999999999999, 1.95851, 1.8500000000000001, 1.2450699999999999, -2.02982, -1.4497599999999999, -0.85382999999999998]
obtacles: [[[0.6, -0.4, -0.2], [1.0, 0.6, -0.3]], [[0.8, -0.2, -0.2], [1.1, -0.1, 0.4]], [[0.8, 0.3, -0.2], [1.1, 0.4, 0.4]], [[0.8, -0.2, 0.4], [1.1, 0.4, 0.5]]]
start: [-0.80430999999999997, 1.79436, 1.8500000000000001, 1.1233599999999999, -1.8960999999999999, -1.4239200000000001, -0.26335999999999998]
tajectories: [[-0.80431, 1.79436, 1.85, 1.12336, -1.8961, -1.42392, -0.26336], [-0.97388, 1.39735, 1.88615, 1.2173, -2.00187, -1.41785, -0.46896], [-1.14346, 1.00034, 1.92229, 1.31123, -2.10764, -1.41177, -0.67456], [-1.31303, 0.60333, 1.95844, 1.40517, -2.21342, -1.4057, -0.88016], [-1.48261, 0.20632, 1.99458, 1.49911, -2.31919, -1.39963, -1.08576], [-1.65218, -0.19069, 2.03073, 1.59305, -2.42496, -1.39356, -1.29136], [-1.78164, -0.49378, 2.05832, 1.66477, -2.50571, -1.38893, -1.44833], [-1.68582, -0.30996, 1.98008, 1.84174, -2.83742, -1.17999, -1.57443], [-1.59, -0.12613, 1.90184, 2.01871, -3.16912, -0.97105, -1.70054], [-1.49417, 0.0577, 1.82359, 2.19567, -3.50082, -0.76211, -1.82665], [-1.39835, 0.24152, 1.74535, 2.37264, -3.83253, -0.55318, -1.95276], [-1.30253, 0.42535, 1.66711, 2.54961, -4.16423, -0.34424, -2.07886], [-1.20898, 0.60481, 1.59072, 2.72238, -4.48805, -0.14027, -2.20197], [-1.07003, 0.77778, 1.62526, 2.53384, -4.15253, -0.30857, -2.04986], [-0.93108, 0.95076, 1.65981, 2.34531, -3.81702, -0.47686, -1.89774], [-0.79214, 1.12374, 1.69435, 2.15677, -3.4815, -0.64516, -1.74563], [-0.65319, 1.29672, 1.72889, 1.96823, -3.14599, -0.81346, -1.59351], [-0.51424, 1.46969, 1.76343, 1.7797, -2.81047, -0.98176, -1.4414], [-0.37529, 1.64267, 1.79797, 1.59116, -2.47496, -1.15005, -1.28929], [-0.23634, 1.81565, 1.83252, 1.40263, -2.13944, -1.31835, -1.13717]]
end: [-0.16600999999999999, 1.9032, 1.8500000000000001, 1.3071999999999999, -1.96963, -1.4035299999999999, -1.0601799999999999]
obtacles: [[[0.6, -0.4, -0.2], [1.0, 0.6, -0.3]], [[0.8, -0.2, -0.2], [1.1, -0.1, 0.4]], [[0.8, 0.3, -0.2], [1.1, 0.4, 0.4]], [[0.8, -0.2, 0.4], [1.1, 0.4, 0.5]]]
start: [-0.70860000000000001, 1.73855, 1.8999999999999999, 0.50892000000000004, -1.9387700000000001, -1.5612900000000001, 0.22938]
tajectories: [[-0.7086, 1.73855, 1.9, 0.50892, -1.93877, -1.56129, 0.22938], [-0.83451, 1.71944, 2.02615, 0.63503, -2.08546, -1.42264, -0.17215], [-0.96042, 1.70033, 2.15229, 0.76113, -2.23214, -1.28399, -0.57368], [-1.08633, 1.68122, 2.27844, 0.88724, -2.37883, -1.14533, -0.97521], [-1.21224, 1.66211, 2.40459, 1.01334, -2.52552, -1.00668, -1.37673], [-1.33815, 1.643, 2.53074, 1.13945, -2.67221, -0.86802, -1.77826], [-1.35514, 1.64042, 2.54775, 1.15646, -2.69199, -0.84932, -1.83242], [-1.24055, 1.54471, 2.14125, 1.31585, -2.68478, -1.0138, -1.93219], [-1.12597, 1.44899, 1.73475, 1.47525, -2.67757, -1.17829, -2.03196], [-1.01139, 1.35328, 1.32825, 1.63465, -2.67036, -1.34277, -2.13174], [-0.90985, 1.26845, 0.968, 1.77591, -2.66397, -1.48854, -2.22016], [-0.74289, 1.4261, 1.20606, 1.67148, -2.48329, -1.44807, -1.91127], [-0.57594, 1.58375, 1.44412, 1.56705, -2.30261, -1.4076, -1.60238], [-0.40899, 1.74139, 1.68218, 1.46261, -2.12193, -1.36713, -1.29349]]
end: [-0.25623000000000001, 1.88564, 1.8999999999999999, 1.3670500000000001, -1.9565999999999999, -1.33009, -1.0108600000000001]
obtacles: [[[0.6, -0.4, -0.2], [1.0, 0.6, -0.3]], [[0.8, -0.2, -0.2], [1.1, -0.1, 0.4]], [[0.8, 0.3, -0.2], [1.1, 0.4, 0.4]], [[0.8, -0.2, 0.4], [1.1, 0.4, 0.5]]]
start: [-0.77863000000000004, 1.7257, 1.8999999999999999, 1.0591900000000001, -1.8724499999999999, -1.36639, -0.22361]
tajectories: [[-0.77863, 1.7257, 1.9, 1.05919, -1.87245, -1.36639, -0.22361], [-0.92129, 1.43144, 1.8123, 1.29641, -1.97881, -1.36997, -0.48392], [-1.06396, 1.13717, 1.72459, 1.53364, -2.08518, -1.37355, -0.74423], [-1.20662, 0.84291, 1.63689, 1.77087, -2.19154, -1.37714, -1.00454], [-1.34929, 0.54865, 1.54919, 2.00809, -2.29791, -1.38072, -1.26485], [-1.49195, 0.25438, 1.46149, 2.24532, -2.40427, -1.3843, -1.52516], [-1.63462, -0.03988, 1.37378, 2.48255, -2.51064, -1.38788, -1.78547], [-1.75336, -0.28481, 1.30079, 2.68, -2.59917, -1.39086, -2.00213], [-1.54303, 0.06756, 1.35579, 2.47789, -2.49846, -1.41795, -1.83829], [-1.3327, 0.41994, 1.4108, 2.27578, -2.39776, -1.44504, -1.67444], [-1.12236, 0.77231, 1.46581, 2.07367, -2.29705, -1.47214, -1.5106], [-0.91203, 1.12468, 1.52082, 1.87157, -2.19635, -1.49923, -1.34676], [-0.7017, 1.47705, 1.57583, 1.66946, -2.09565, -1.52632, -1.18292], [-0.49136, 1.82943, 1.63084, 1.46735, -1.99494, -1.55342, -1.01907]]
end: [-0.41808000000000001, 1.9521900000000001, 1.6499999999999999, 1.3969400000000001, -1.9598599999999999, -1.5628500000000001, -0.96199000000000001]
obtacles: [[[0.6, -0.4, -0.2], [1.0, 0.6, -0.3]], [[0.8, -0.2, -0.2], [1.1, -0.1, 0.4]], [[0.8, 0.3, -0.2], [1.1, 0.4, 0.4]], [[0.8, -0.2, 0.4], [1.1, 0.4, 0.5]]]
start: [-0.60399000000000003, 1.7116899999999999, 2.2999999999999998, 0.63205999999999996, -2.2654800000000002, -1.29071, 0.12775]
tajectories: [[-0.60399, 1.71169, 2.3, 0.63206, -2.26548, -1.29071, 0.12775], [-0.78264, 1.66471, 2.31377, 0.60014, -2.30596, -1.09842, 0.54734], [-0.9613, 1.61774, 2.32754, 0.56821, -2.34644, -0.90613, 0.96693], [-1.13996, 1.57076, 2.3413, 0.53629, -2.38691, -0.71385, 1.38651], [-1.31862, 1.52378, 2.35507, 0.50437, -2.42739, -0.52156, 1.8061], [-1.49728, 1.47681, 2.36884, 0.47245, -2.46787, -0.32927, 2.22569], [-1.67594, 1.42983, 2.38261, 0.44052, -2.50834, -0.13699, 2.64528], [-1.68069, 1.42858, 2.38297, 0.43967, -2.50942, -0.13187, 2.65643], [-1.69814, 1.4877, 2.41138, 0.80137, -2.18067, -0.11994, 2.57672], [-1.71559, 1.54682, 2.43979, 1.16307, -1.85193, -0.10801, 2.49701], [-1.73304, 1.60594, 2.46819, 1.52476, -1.52318, -0.09608, 2.4173], [-1.75048, 1.66506, 2.4966, 1.88646, -1.19444, -0.08415, 2.33759], [-1.76793, 1.72418, 2.52501, 2.24816, -0.86569, -0.07222, 2.25789], [-1.78538, 1.7833, 2.55341, 2.60985, -0.53695, -0.06028, 2.17818], [-1.79597, 1.81918, 2.57066, 2.82942, -0.33738, -0.05304, 2.12979], [-1.60071, 1.83534, 2.53951, 2.66515, -0.54896, -0.1615, 1.77323], [-1.40545, 1.8515, 2.50836, 2.50088, -0.76053, -0.26996, 1.41668], [-1.21019, 1.86766, 2.47722, 2.33661, -0.97211, -0.37841, 1.06013], [-1.01493, 1.88382, 2.44607, 2.17234, -1.18368, -0.48687, 0.70358], [-0.81967, 1.89997, 2.41492, 2.00807, -1.39526, -0.59533, 0.34702], [-0.62441, 1.91613, 2.38378, 1.84379, -1.60684, -0.70378, -0.00953], [-0.42915, 1.93229, 2.35263, 1.67952, -1.81841, -0.81224, -0.36608], [-0.23389, 1.94845, 2.32148, 1.51525, -2.02999, -0.9207, -0.72263]]
end: [-0.099220000000000003, 1.9595899999999999, 2.2999999999999998, 1.40195, -2.1759200000000001, -0.99550000000000005, -0.96855000000000002]
