obtacles: [[[0.6, -0.4, -0.2], [1.0, 0.6, -0.3]], [[0.8, -0.2, -0.2], [1.0, -0.1, 0.3]], [[0.8, 0.3, -0.2], [1.0, 0.4, 0.3]], [[0.8, -0.2, 0.3], [1.0, 0.4, 0.4]]]
start: [2.3382700000000001, -1.6456999999999999, -1.25, 0.97323000000000004, -1.81796, -1.3511899999999999, -0.13039999999999999]
tajectories: [[2.33827, -1.6457, -1.25, 0.97323, -1.81796, -1.35119, -0.1304], [2.3506, -1.44058, -1.14636, 1.24411, -1.92593, -1.07032, -0.31236], [2.36293, -1.23545, -1.04272, 1.51499, -2.0339, -0.78945, -0.49431], [2.37526, -1.03032, -0.93908, 1.78586, -2.14188, -0.50858, -0.67627], [2.38759, -0.8252, -0.83544, 2.05674, -2.24985, -0.22771, -0.85823], [2.39992, -0.62007, -0.7318, 2.32762, -2.35782, 0.05316, -1.04019], [2.41169, -0.42438, -0.63293, 2.58603, -2.46082, 0.3211, -1.21378], [2.34011, -0.0244, -0.6673, 2.68163, -2.31476, 0.55175, -1.20777], [2.26854, 0.37559, -0.70167, 2.77722, -2.1687, 0.7824, -1.20176], [2.19697, 0.77558, -0.73604, 2.87281, -2.02265, 1.01305, -1.19575], [2.1254, 1.17556, -0.77041, 2.96841, -1.87659, 1.2437, -1.18974], [2.09593, 1.34022, -0.78456, 3.00776, -1.81647, 1.33865, -1.18727], [1.79078, 1.44087, -0.94562, 2.73648, -1.71257, 1.3841, -1.37263], [1.48562, 1.54152, -1.10668, 2.4652, -1.60867, 1.42955, -1.55799], [1.18047, 1.64217, -1.26775, 2.19393, -1.50478, 1.47499, -1.74335], [0.87531, 1.74282, -1.42881, 1.92265, -1.40088, 1.52044, -1.92871]]
end: [0.64570000000000005, 1.8185500000000001, -1.55, 1.7185299999999999, -1.3227100000000001, 1.55464, -2.0681799999999999]
obtacles: [[[0.6, -0.4, -0.2], [1.0, 0.6, -0.3]], [[0.8, -0.2, -0.2], [1.0, -0.1, 0.3]], [[0.8, 0.3, -0.2], [1.0, 0.4, 0.3]], [[0.8, -0.2, 0.3], [1.0, 0.4, 0.4]]]
start: [-0.40872000000000003, 1.9317299999999999, 2.5, 0.44396000000000002, -2.54731, -1.5677700000000001, 0.14874999999999999]
tajectories: [[-0.40872, 1.93173, 2.5, 0.44396, -2.54731, -1.56777, 0.14875], [-0.78496, 1.85485, 2.44089, 0.55049, -2.41698, -1.53082, 0.41207], [-1.1612, 1.77797, 2.38178, 0.65703, -2.28666, -1.49386, 0.67539], [-1.53744, 1.70109, 2.32267, 0.76356, -2.15633, -1.4569, 0.93872], [-1.91368, 1.62421, 2.26356, 0.87009, -2.026, -1.41995, 1.20204], [-2.28992, 1.54733, 2.20445, 0.97662, -1.89568, -1.38299, 1.46537], [-2.37363, 1.53023, 2.1913, 1.00033, -1.86668, -1.37477, 1.52396], [-1.98759, 1.56653, 2.17354, 1.22976, -2.05881, -1.2854, 1.56635], [-1.60155, 1.60283, 2.15579, 1.4592, -2.25094, -1.19604, 1.60875], [-1.21551, 1.63913, 2.13803, 1.68863, -2.44307, -1.10667, 1.65115], [-0.82946, 1.67543, 2.12027, 1.91807, -2.6352, -1.01731, 1.69355], [-0.44342, 1.71173, 2.10251, 2.1475, -2.82733, -0.92794, 1.73594], [-0.05738, 1.74803, 2.08476, 2.37694, -3.01946, -0.83858, 1.77834], [0.32866, 1.78433, 2.067, 2.60637, -3.21159, -0.74921, 1.82074], [0.7147, 1.82063, 2.04924, 2.83581, -3.40372, -0.65984, 1.86313], [0.81891, 1.83043, 2.04445, 2.89774, -3.45559, -0.63572, 1.87458], [0.68492, 1.84903, 2.06491, 2.73948, -3.26112, -0.67638, 1.4662], [0.55094, 1.86763, 2.08537, 2.58122, -3.06666, -0.71704, 1.05783], [0.41696, 1.88624, 2.10583, 2.42297, -2.8722, -0.7577, 0.64946], [0.28297, 1.90484, 2.1263, 2.26471, -2.67773, -0.79836, 0.24108], [0.14899, 1.92345, 2.14676, 2.10645, -2.48327, -0.83902, -0.16729], [0.01501, 1.94205, 2.16722, 1.94819, -2.28881, -0.87968, -0.57566], [-0.11898, 1.96065, 2.18769, 1.78993, -2.09434, -0.92034, -0.98404]]
end: [-0.19961000000000001, 1.9718500000000001, 2.2000000000000002, 1.69469, -1.97732, -0.94481000000000004, -1.2297899999999999]
obtacles: [[[0.6, -0.4, -0.2], [1.0, 0.6, -0.3]], [[0.8, -0.2, -0.2], [1.0, -0.1, 0.3]], [[0.8, 0.3, -0.2], [1.0, 0.4, 0.3]], [[0.8, -0.2, 0.3], [1.0, 0.4, 0.4]]]
start: [-0.71889999999999998, 1.9689000000000001, 1.95, 0.88229000000000002, -2.1132599999999999, -1.5536099999999999, -0.081229999999999997]
tajectories: [[-0.7189, 1.9689, 1.95, 0.88229, -2.11326, -1.55361, -0.08123], [-0.95084, 1.89738, 1.99528, 0.73412, -2.44694, -1.32621, -0.14469], [-1.18277, 1.82585, 2.04057, 0.58595, -2.78063, -1.09881, -0.20815], [-1.41471, 1.75433, 2.08585, 0.43777, -3.11431, -0.8714, -0.27162], [-1.64664, 1.68281, 2.13114, 0.2896, -3.44799, -0.644, -0.33508], [-1.87858, 1.61129, 2.17642, 0.14143, -3.78168, -0.41659, -0.39854], [-2.11051, 1.53977, 2.2217, -0.00675, -4.11536, -0.18919, -0.462], [-2.26472, 1.49221, 2.25181, -0.10527, -4.33723, -0.03799, -0.5042], [-1.94948, 1.43552, 2.18158, 0.2179, -4.37814, -0.00156, -0.69139], [-1.63424, 1.37883, 2.11135, 0.54106, -4.41904, 0.03486, -0.87858], [-1.319, 1.32214, 2.04112, 0.86422, -4.45995, 0.07129, -1.06578], [-1.00376, 1.26545, 1.97089, 1.18739, -4.50086, 0.10772, -1.25297], [-0.68851, 1.20875, 1.90065, 1.51055, -4.54177, 0.14414, -1.44016], [-0.37327, 1.15206, 1.83042, 1.83371, -4.58268, 0.18057, -1.62736], [-0.05803, 1.09537, 1.76019, 2.15687, -4.62359, 0.217, -1.81455], [0.1978, 1.04936, 1.70319, 2.41913, -4.65678, 0.24656, -1.96646], [0.10769, 1.1778, 1.72366, 2.28744, -4.28721, 0.02343, -1.82069], [0.01757, 1.30624, 1.74413, 2.15574, -3.91764, -0.1997, -1.67492], [-0.07254, 1.43468, 1.7646, 2.02405, -3.54807, -0.42284, -1.52915], [-0.16266, 1.56312, 1.78507, 1.89235, -3.1785, -0.64597, -1.38338], [-0.25277, 1.69156, 1.80554, 1.76065, -2.80893, -0.8691, -1.23761], [-0.34289, 1.82, 1.826, 1.62896, -2.43936, -1.09223, -1.09184], [-0.433, 1.94845, 1.84647, 1.49726, -2.06978, -1.31536, -0.94607]]
end: [-0.44852999999999998, 1.97058, 1.8500000000000001, 1.4745699999999999, -2.0061100000000001, -1.35381, -0.92095000000000005]
obtacles: [[[0.6, -0.4, -0.2], [1.0, 0.6, -0.3]], [[0.8, -0.2, -0.2], [1.0, -0.1, 0.3]], [[0.8, 0.3, -0.2], [1.0, 0.4, 0.3]], [[0.8, -0.2, 0.3], [1.0, 0.4, 0.4]]]
start: [-0.74821000000000004, 1.9563600000000001, 1.8500000000000001, 1.0013700000000001, -2.0425499999999999, -1.5585, -0.19535]
tajectories: [[-0.74821, 1.95636, 1.85, 1.00137, -2.04255, -1.5585, -0.19535], [-0.71265, 1.649, 2.12041, 1.11312, -2.06228, -1.50339, -0.45075], [-0.67708, 1.34165, 2.39082, 1.22488, -2.082, -1.44829, -0.70615], [-0.66579, 1.24404, 2.47669, 1.26037, -2.08827, -1.43079, -0.78725], [-0.30752, 1.0774, 2.37588, 1.53862, -2.04712, -1.3632, -0.79204], [0.05074, 0.91075, 2.27506, 1.81688, -2.00597, -1.29562, -0.79682], [0.27638, 0.8058, 2.21157, 1.99212, -1.98005, -1.25305, -0.79983], [0.24637, 1.16634, 2.05492, 2.06568, -2.0792, -1.2113, -1.07837], [0.22813, 1.38546, 1.95972, 2.11039, -2.13946, -1.18592, -1.24765], [-0.0454, 1.63463, 1.86753, 1.83297, -2.06523, -1.29748, -1.14926], [-0.31893, 1.8838, 1.77535, 1.55554, -1.99101, -1.40904, -1.05087]]
end: [-0.39415, 1.9523200000000001, 1.75, 1.47925, -1.9705999999999999, -1.4397200000000001, -1.0238100000000001]
obtacles: [[[0.6, -0.4, -0.2], [1.0, 0.6, -0.3]], [[0.8, -0.2, -0.2], [1.0, -0.1, 0.3]], [[0.8, 0.3, -0.2], [1.0, 0.4, 0.3]], [[0.8, -0.2, 0.3], [1.0, 0.4, 0.4]]]
start: [-0.90600999999999998, 1.80616, 2.1499999999999999, 1.3560300000000001, -1.96787, -1.0811200000000001, -0.27914]
tajectories: [[-0.90601, 1.80616, 2.15, 1.35603, -1.96787, -1.08112, -0.27914], [-1.00748, 1.62808, 2.01725, 1.53322, -2.26498, -1.01151, -0.53576], [-1.10896, 1.44999, 1.88451, 1.71041, -2.56209, -0.94189, -0.79238], [-1.21043, 1.2719, 1.75176, 1.88759, -2.85919, -0.87228, -1.04899], [-1.31191, 1.09382, 1.61902, 2.06478, -3.1563, -0.80266, -1.30561], [-1.41338, 0.91573, 1.48627, 2.24197, -3.4534, -0.73305, -1.56223], [-1.51485, 0.73764, 1.35353, 2.41916, -3.75051, -0.66343, -1.81885], [-1.57591, 0.6305, 1.27366, 2.52577, -3.92926, -0.62155, -1.97324], [-1.33804, 0.81006, 1.20583, 2.44539, -3.92117, -0.23458, -1.99075], [-1.10017, 0.98962, 1.138, 2.36501, -3.91307, 0.15238, -2.00826], [-0.86231, 1.16918, 1.07016, 2.28464, -3.90498, 0.53935, -2.02578], [-0.75633, 1.24918, 1.03994, 2.24883, -3.90138, 0.71175, -2.03358], [-0.65251, 1.33948, 1.18836, 2.04991, -3.67816, 0.4204, -1.84715], [-0.5487, 1.42978, 1.33679, 1.85099, -3.45494, 0.12905, -1.66072], [-0.44488, 1.52008, 1.48521, 1.65207, -3.23171, -0.1623, -1.47428], [-0.34107, 1.61037, 1.63363, 1.45315, -3.00849, -0.45365, -1.28785], [-0.23725, 1.70067, 1.78206, 1.25423, -2.78527, -0.74501, -1.10142], [-0.13344, 1.79097, 1.93048, 1.05531, -2.56205, -1.03636, -0.91499], [-0.02962, 1.88127, 2.0789, 0.85639, -2.33883, -1.32771, -0.72855]]
end: [0.020109999999999999, 1.92452, 2.1499999999999999, 0.76110999999999995, -2.2319, -1.4672700000000001, -0.63924999999999998]
obtacles: [[[0.6, -0.4, -0.2], [1.0, 0.6, -0.3]], [[0.8, -0.2, -0.2], [1.0, -0.1, 0.3]], [[0.8, 0.3, -0.2], [1.0, 0.4, 0.3]], [[0.8, -0.2, 0.3], [1.0, 0.4, 0.4]]]
start: [-0.89532999999999996, 1.9418299999999999, 2.1499999999999999, 1.1216999999999999, -2.1833499999999999, -1.26389, -0.016899999999999998]
tajectories: [[-0.89533, 1.94183, 2.15, 1.1217, -2.18335, -1.26389, -0.0169], [-1.0987, 1.94281, 2.22268, 1.40018, -2.5233, -1.29016, 0.08084], [-1.30207, 1.94378, 2.29536, 1.67866, -2.86325, -1.31644, 0.17857], [-1.50543, 1.94476, 2.36804, 1.95714, -3.20319, -1.34272, 0.27631], [-1.7088, 1.94573, 2.44072, 2.23562, -3.54314, -1.369, 0.37404], [-1.91217, 1.94671, 2.5134, 2.51411, -3.88309, -1.39527, 0.47178], [-2.01689, 1.94721, 2.55082, 2.6575, -4.05814, -1.40881, 0.52211], [-1.77154, 1.95031, 2.4275, 2.46329, -3.75803, -1.42968, 0.30677], [-1.5262, 1.95342, 2.30417, 2.26908, -3.45792, -1.45056, 0.09144], [-1.28086, 1.95652, 2.18085, 2.07487, -3.15781, -1.47144, -0.12389], [-1.03552, 1.95963, 2.05753, 1.88065, -2.8577, -1.49232, -0.33922], [-0.79018, 1.96273, 1.9342, 1.68644, -2.55758, -1.51319, -0.55455], [-0.54484, 1.96584, 1.81088, 1.49223, -2.25747, -1.53407, -0.76989]]
end: [-0.32425999999999999, 1.9686300000000001, 1.7, 1.31762, -1.9876499999999999, -1.55284, -0.96348]
obtacles: [[[0.6, -0.4, -0.2], [1.0, 0.6, -0.3]], [[0.8, -0.2, -0.2], [1.0, -0.1, 0.3]], [[0.8, 0.3, -0.2], [1.0, 0.4, 0.3]], [[0.8, -0.2, 0.3], [1.0, 0.4, 0.4]]]
start: [-0.77127999999999997, 1.83226, 2.0, 1.40116, -1.9228099999999999, -1.21045, -0.50782000000000005]
tajectories: [[-0.77128, 1.83226, 2.0, 1.40116, -1.92281, -1.21045, -0.50782], [-0.87827, 1.5609, 1.88352, 1.47826, -1.66624, -1.26528, -0.78452], [-0.98527, 1.28953, 1.76703, 1.55536, -1.40966, -1.32011, -1.06122], [-1.09226, 1.01817, 1.65055, 1.63246, -1.15308, -1.37493, -1.33792], [-1.19926, 0.74681, 1.53406, 1.70956, -0.8965, -1.42976, -1.61462], [-1.30625, 0.47545, 1.41758, 1.78666, -0.63992, -1.48458, -1.89132], [-1.41324, 0.20409, 1.3011, 1.86376, -0.38334, -1.53941, -2.16803], [-1.44023, 0.13563, 1.27171, 1.88321, -0.31862, -1.55324, -2.23783], [-1.1833, 0.43683, 1.29492, 2.03039, -0.08745, -1.46926, -2.34066], [-0.92636, 0.73802, 1.31813, 2.17757, 0.14372, -1.38529, -2.4435], [-0.66942, 1.03922, 1.34134, 2.32475, 0.37488, -1.30131, -2.54633], [-0.41249, 1.34041, 1.36455, 2.47193, 0.60605, -1.21733, -2.64917], [-0.28724, 1.48723, 1.37586, 2.54367, 0.71873, -1.1764, -2.6993], [-0.30533, 1.54366, 1.46574, 2.3878, 0.33448, -1.18001, -2.44151], [-0.32341, 1.60009, 1.55561, 2.23194, -0.04978, -1.18362, -2.18373], [-0.3415, 1.65651, 1.64549, 2.07607, -0.43403, -1.18723, -1.92594], [-0.35958, 1.71294, 1.73537, 1.92021, -0.81828, -1.19084, -1.66816], [-0.37767, 1.76937, 1.82524, 1.76434, -1.20254, -1.19445, -1.41037], [-0.39576, 1.82579, 1.91512, 1.60847, -1.58679, -1.19806, -1.15259]]
end: [-0.41283999999999998, 1.8790800000000001, 2.0, 1.4612700000000001, -1.9496899999999999, -1.20147, -0.90912999999999999]
obtacles: [[[0.6, -0.4, -0.2], [1.0, 0.6, -0.3]], [[0.8, -0.2, -0.2], [1.0, -0.1, 0.3]], [[0.8, 0.3, -0.2], [1.0, 0.4, 0.3]], [[0.8, -0.2, 0.3], [1.0, 0.4, 0.4]]]
start: [-0.69811999999999996, 1.83823, 2.0, 0.76744999999999997, -2.0648300000000002, -1.4822, 0.011650000000000001]
tajectories: [[-0.69812, 1.83823, 2.0, 0.76745, -2.06483, -1.4822, 0.01165], [-0.94069, 1.5895, 1.78322, 0.92788, -1.95781, -1.31752, -0.12246], [-1.18326, 1.34076, 1.56643, 1.08831, -1.85079, -1.15283, -0.25656], [-1.41197, 1.10624, 1.36204, 1.23957, -1.74988, -0.99756, -0.383], [-1.26992, 1.16503, 1.26668, 1.61309, -1.96676, -0.93973, -0.21758], [-1.12787, 1.22382, 1.17132, 1.98662, -2.18365, -0.8819, -0.05216], [-0.98581, 1.28261, 1.07595, 2.36015, -2.40053, -0.82408, 0.11327], [-0.90482, 1.31613, 1.02158, 2.57313, -2.52419, -0.7911, 0.20758], [-0.84437, 1.5186, 1.29541, 2.29788, -2.62309, -0.59257, 0.13405], [-0.78392, 1.72107, 1.56924, 2.02263, -2.722, -0.39403, 0.06051], [-0.74927, 1.8371, 1.72617, 1.86489, -2.77868, -0.28026, 0.01837], [-0.62245, 1.87334, 1.80398, 1.63409, -2.59391, -0.60597, -0.16342], [-0.49563, 1.90959, 1.88179, 1.40328, -2.40915, -0.93169, -0.34521], [-0.36882, 1.94583, 1.9596, 1.17248, -2.22438, -1.2574, -0.52701]]
end: [-0.30297000000000002, 1.9646399999999999, 2.0, 1.0526500000000001, -2.12845, -1.4265099999999999, -0.62139]
obtacles: [[[0.6, -0.4, -0.2], [1.0, 0.6, -0.3]], [[0.8, -0.2, -0.2], [1.0, -0.1, 0.3]], [[0.8, 0.3, -0.2], [1.0, 0.4, 0.3]], [[0.8, -0.2, 0.3], [1.0, 0.4, 0.4]]]
start: [-0.78959999999999997, 1.84677, 2.2000000000000002, 1.38314, -2.0182600000000002, -1.0408900000000001, -0.37990000000000002]
tajectories: [[-0.7896, 1.84677, 2.2, 1.38314, -2.01826, -1.04089, -0.3799], [-1.07311, 1.80677, 2.23316, 1.58477, -1.69838, -1.15125, -0.48837], [-1.35661, 1.76677, 2.26632, 1.7864, -1.3785, -1.26162, -0.59683], [-1.64012, 1.72676, 2.29949, 1.98803, -1.05862, -1.37199, -0.7053], [-1.73192, 1.71381, 2.31023, 2.05331, -0.95504, -1.40773, -0.74042], [-1.36052, 1.64361, 2.36993, 2.26602, -1.1657, -1.44381, -0.62797], [-0.98912, 1.57341, 2.42964, 2.47872, -1.37636, -1.47988, -0.51552], [-0.61771, 1.5032, 2.48934, 2.69143, -1.58701, -1.51596, -0.40308], [-0.54078, 1.48866, 2.50171, 2.73549, -1.63065, -1.52344, -0.37978], [-0.47759, 1.62233, 2.26514, 2.39891, -1.72596, -1.52144, -0.60295], [-0.41441, 1.756, 2.02857, 2.06233, -1.82127, -1.51944, -0.82612], [-0.35122, 1.88967, 1.79201, 1.72576, -1.91659, -1.51744, -1.04928]]
end: [-0.31330000000000002, 1.96991, 1.6499999999999999, 1.5237099999999999, -1.9738, -1.51624, -1.1832499999999999]
obtacles: [[[0.6, -0.4, -0.2], [1.0, 0.6, -0.3]], [[0.8, -0.2, -0.2], [1.0, -0.1, 0.3]], [[0.8, 0.3, -0.2], [1.0, 0.4, 0.3]], [[0.8, -0.2, 0.3], [1.0, 0.4, 0.4]]]
start: [-0.96126999999999996, 1.7279899999999999, 1.75, 1.21624, -1.7815700000000001, -1.4598199999999999, -0.22907]
tajectories: [[-0.96127, 1.72799, 1.75, 1.21624, -1.78157, -1.45982, -0.22907], [-0.94183, 1.59075, 1.59547, 1.05257, -2.13714, -1.33449, -0.42397], [-0.9224, 1.45352, 1.44094, 0.88891, -2.49271, -1.20916, -0.61886], [-0.90296, 1.31628, 1.28641, 0.72524, -2.84828, -1.08382, -0.81375], [-0.88353, 1.17904, 1.13187, 0.56157, -3.20385, -0.95849, -1.00865], [-0.86409, 1.04181, 0.97734, 0.3979, -3.55941, -0.83316, -1.20354], [-0.85844, 1.0019, 0.9324, 0.3503, -3.66282, -0.79671, -1.26022], [-0.74225, 0.70031, 0.69687, 0.51789, -3.45455, -0.92084, -1.20363], [-0.62988, 0.40864, 0.46908, 0.67997, -3.25313, -1.04088, -1.1489], [-0.3854, 0.49542, 0.70034, 0.90393, -3.51097, -0.99079, -1.04851], [-0.14093, 0.58219, 0.93159, 1.12788, -3.76881, -0.9407, -0.94812], [0.10355, 0.66896, 1.16284, 1.35184, -4.02665, -0.89061, -0.84773], [0.34803, 0.75574, 1.39409, 1.5758, -4.28448, -0.84052, -0.74734], [0.5925, 0.84251, 1.62534, 1.79976, -4.54232, -0.79043, -0.64695], [0.83551, 0.92877, 1.85521, 2.02237, -4.79862, -0.74063, -0.54716], [0.63968, 1.07112, 1.83998, 1.94911, -4.38286, -0.83908, -0.60409], [0.44384, 1.21347, 1.82476, 1.87584, -3.9671, -0.93752, -0.66101], [0.24801, 1.35582, 1.80953, 1.80257, -3.55135, -1.03596, -0.71793], [0.05217, 1.49818, 1.79431, 1.72931, -3.13559, -1.1344, -0.77485], [-0.14366, 1.64053, 1.77908, 1.65604, -2.71983, -1.23284, -0.83178], [-0.3395, 1.78288, 1.76385, 1.58278, -2.30407, -1.33128, -0.8887]]
end: [-0.51768999999999998, 1.9124000000000001, 1.75, 1.5161100000000001, -1.9257899999999999, -1.4208499999999999, -0.94049000000000005]
obtacles: [[[0.6, -0.4, -0.2], [1.0, 0.6, -0.3]], [[0.8, -0.2, -0.2], [1.0, -0.1, 0.3]], [[0.8, 0.3, -0.2], [1.0, 0.4, 0.3]], [[0.8, -0.2, 0.3], [1.0, 0.4, 0.4]]]
start: [-0.71806999999999999, 1.62629, 1.75, 0.75941000000000003, -1.73943, -1.4883999999999999, -0.02938]
tajectories: [[-0.71807, 1.62629, 1.75, 0.75941, -1.73943, -1.4884, -0.02938], [-0.73544, 1.39041, 1.57792, 0.5909, -1.73646, -1.12529, -0.09413], [-0.75282, 1.15452, 1.40585, 0.4224, -1.73349, -0.76218, -0.15889], [-0.7702, 0.91863, 1.23377, 0.2539, -1.73052, -0.39907, -0.22364], [-0.78757, 0.68274, 1.0617, 0.08539, -1.72756, -0.03595, -0.28839], [-0.80334, 0.46866, 0.90554, -0.06753, -1.72486, 0.29358, -0.34716], [-0.73974, 0.39866, 0.88573, 0.38521, -1.71978, 0.22039, -0.52125], [-0.67614, 0.32867, 0.86592, 0.83794, -1.7147, 0.14719, -0.69535], [-0.61253, 0.25867, 0.84611, 1.29068, -1.70962, 0.074, -0.86945], [-0.54893, 0.18867, 0.8263, 1.74341, -1.70454, 0.0008, -1.04354], [-0.48533, 0.11867, 0.80649, 2.19615, -1.69946, -0.0724, -1.21764], [-0.44164, 0.07059, 0.79289, 2.50711, -1.69597, -0.12267, -1.33722], [-0.44282, 0.29388, 0.81215, 2.34613, -2.10994, -0.07954, -1.31227], [-0.444, 0.51718, 0.83141, 2.18514, -2.5239, -0.03642, -1.28731], [-0.44518, 0.74047, 0.85067, 2.02415, -2.93787, 0.00671, -1.26236], [-0.44636, 0.96377, 0.86993, 1.86316, -3.35183, 0.04984, -1.23741], [-0.44746, 1.17195, 0.88789, 1.71307, -3.73778, 0.09005, -1.21415], [-0.44439, 1.31069, 1.07433, 1.61689, -3.42249, -0.18761, -1.113], [-0.44132, 1.44944, 1.26077, 1.52071, -3.10721, -0.46527, -1.01184], [-0.43825, 1.58819, 1.44721, 1.42453, -2.79193, -0.74293, -0.91069], [-0.43518, 1.72693, 1.63365, 1.32835, -2.47664, -1.02059, -0.80954], [-0.43211, 1.86568, 1.82009, 1.23217, -2.16136, -1.29825, -0.70839]]
end: [-0.43080000000000002, 1.9251499999999999, 1.8999999999999999, 1.19095, -2.0262199999999999, -1.4172499999999999, -0.66503999999999996]
obtacles: [[[0.6, -0.4, -0.2], [1.0, 0.6, -0.3]], [[0.8, -0.2, -0.2], [1.0, -0.1, 0.3]], [[0.8, 0.3, -0.2], [1.0, 0.4, 0.3]], [[0.8, -0.2, 0.3], [1.0, 0.4, 0.4]]]
start: [-0.88163999999999998, 1.96851, 1.8999999999999999, 1.2984599999999999, -2.0499000000000001, -1.38687, -0.30485000000000001]
tajectories: [[-0.88164, 1.96851, 1.9, 1.29846, -2.0499, -1.38687, -0.30485], [-1.06014, 1.88503, 1.58428, 1.30562, -1.71658, -1.36971, -0.29837], [-1.23863, 1.80156, 1.26855, 1.31279, -1.38326, -1.35255, -0.29189], [-1.31831, 1.76429, 1.1276, 1.31599, -1.23445, -1.34489, -0.289], [-1.21895, 1.72299, 1.06627, 1.66693, -1.52717, -1.2478, -0.41704], [-1.1196, 1.68169, 1.00494, 2.01787, -1.81988, -1.15071, -0.54507], [-1.02024, 1.64039, 0.94361, 2.36881, -2.11259, -1.05362, -0.67311], [-0.92463, 1.60065, 0.88459, 2.70649, -2.39424, -0.9602, -0.79632], [-0.72835, 1.65067, 1.13039, 2.35793, -2.2754, -1.05191, -0.86361], [-0.53206, 1.7007, 1.37619, 2.00938, -2.15656, -1.14362, -0.9309], [-0.33578, 1.75073, 1.62199, 1.66082, -2.03772, -1.23533, -0.99819], [-0.1395, 1.80076, 1.86779, 1.31227, -1.91888, -1.32704, -1.06548]]
end: [-0.11378000000000001, 1.80731, 1.8999999999999999, 1.2665999999999999, -1.9033100000000001, -1.3390500000000001, -1.07429]
obtacles: [[[0.6, -0.4, -0.2], [1.0, 0.6, -0.3]], [[0.8, -0.2, -0.2], [1.0, -0.1, 0.3]], [[0.8, 0.3, -0.2], [1.0, 0.4, 0.3]], [[0.8, -0.2, 0.3], [1.0, 0.4, 0.4]]]
start: [-0.80003000000000002, 1.7517, 1.8999999999999999, 0.96850999999999998, -1.90998, -1.40998, -0.11076]
tajectories: [[-0.80003, 1.7517, 1.9, 0.96851, -1.90998, -1.40998, -0.11076], [-0.97595, 1.69974, 2.04073, 1.36435, -2.1025, -1.39445, -0.06028], [-1.15188, 1.64778, 2.18146, 1.7602, -2.29503, -1.37892, -0.00979], [-1.3278, 1.59581, 2.3222, 2.15604, -2.48755, -1.36339, 0.04069], [-1.50373, 1.54385, 2.46293, 2.55188, -2.68007, -1.34786, 0.09118], [-1.51971, 1.53913, 2.47571, 2.58784, -2.69756, -1.34645, 0.09576], [-1.1901, 1.56558, 2.23028, 2.6647, -2.44822, -1.35323, -0.01512], [-0.86048, 1.59203, 1.98485, 2.74155, -2.19889, -1.36001, -0.126], [-0.53087, 1.61848, 1.73941, 2.8184, -1.94955, -1.36679, -0.23688], [-0.20125, 1.64493, 1.49398, 2.89526, -1.70021, -1.37356, -0.34776], [-0.16342, 1.64797, 1.46581, 2.90408, -1.67159, -1.37434, -0.36048], [-0.19839, 1.74046, 1.59129, 2.48614, -1.77155, -1.3573, -0.55929], [-0.23335, 1.83295, 1.71677, 2.06821, -1.87151, -1.34025, -0.75811], [-0.26832, 1.92544, 1.84226, 1.65028, -1.97147, -1.3232, -0.95692]]
end: [-0.28441, 1.968, 1.8999999999999999, 1.45797, -2.0174699999999999, -1.3153600000000001, -1.0484100000000001]
obtacles: [[[0.6, -0.4, -0.2], [1.0, 0.6, -0.3]], [[0.8, -0.2, -0.2], [1.0, -0.1, 0.3]], [[0.8, 0.3, -0.2], [1.0, 0.4, 0.3]], [[0.8, -0.2, 0.3], [1.0, 0.4, 0.4]]]
start: [-0.74312999999999996, 1.7351300000000001, 2.0, 1.0123500000000001, -1.94885, -1.30623, -0.18242]
tajectories: [[-0.74313, 1.73513, 2.0, 1.01235, -1.94885, -1.30623, -0.18242], [-0.88651, 1.63482, 1.96351, 1.14829, -1.66242, -1.04563, 0.04032], [-1.02988, 1.53451, 1.92701, 1.28423, -1.376, -0.78503, 0.26306], [-1.17326, 1.43421, 1.89052, 1.42018, -1.08957, -0.52442, 0.4858], [-1.31598, 1.33436, 1.85419, 1.5555, -0.80445, -0.26501, 0.70753], [-1.23214, 1.48532, 1.95862, 1.85881, -0.84857, -0.50122, 0.46354], [-1.1483, 1.63629, 2.06305, 2.16213, -0.89269, -0.73743, 0.21954], [-1.06446, 1.78726, 2.16748, 2.46545, -0.93681, -0.97364, -0.02445], [-0.98063, 1.93822, 2.27191, 2.76876, -0.98094, -1.20985, -0.26844], [-0.96212, 1.97155, 2.29497, 2.83573, -0.99068, -1.26199, -0.32231], [-0.83645, 1.96639, 2.11741, 2.53038, -1.23549, -1.32736, -0.53494], [-0.71079, 1.96123, 1.93985, 2.22504, -1.48031, -1.39272, -0.74758], [-0.58513, 1.95607, 1.76229, 1.91969, -1.72513, -1.45808, -0.96021]]
end: [-0.47027000000000002, 1.9513499999999999, 1.6000000000000001, 1.6406000000000001, -1.9489000000000001, -1.5178199999999999, -1.15456]
