obtacles: [[[0.6, -0.4, -0.2], [1.0, 0.6, -0.3]], [[0.8, -0.0, -0.2], [1.1, 0.1, 0.3]], [[0.8, 0.5, -0.2], [1.1, 0.6, 0.3]], [[0.8, 0.0, 0.3], [1.1, 0.6, 0.4]]]
start: [-0.33864, 1.52539, -1.6000000000000001, -0.62722, -1.52051, 1.5511699999999999, 2.8531900000000001]
tajectories: [[-0.33864, 1.52539, -1.6, -0.62722, -1.52051, 1.55117, 2.85319], [-0.45911, 1.52686, -1.62186, -0.24579, -1.48548, 1.4732, 2.56646], [-0.57958, 1.52833, -1.64373, 0.13564, -1.45044, 1.39523, 2.27973], [-0.70006, 1.52981, -1.66559, 0.51707, -1.41541, 1.31727, 1.993], [-0.82053, 1.53128, -1.68745, 0.89849, -1.38037, 1.2393, 1.70627], [-0.941, 1.53275, -1.70932, 1.27992, -1.34534, 1.16133, 1.41954], [-1.06147, 1.53422, -1.73118, 1.66135, -1.3103, 1.08337, 1.13282], [-1.18194, 1.53569, -1.75304, 2.04278, -1.27527, 1.0054, 0.84609], [-1.30241, 1.53716, -1.7749, 2.4242, -1.24023, 0.92743, 0.55936], [-1.41029, 1.53848, -1.79448, 2.76576, -1.20886, 0.85762, 0.3026], [-1.17865, 1.27519, -1.57913, 2.73995, -1.04923, 0.91454, 0.0762], [-0.94701, 1.01191, -1.36378, 2.71414, -0.88959, 0.97147, -0.15021], [-0.71537, 0.74862, -1.14843, 2.68833, -0.72996, 1.0284, -0.37661], [-0.48374, 0.48533, -0.93308, 2.66251, -0.57033, 1.08532, -0.60302], [-0.2521, 0.22205, -0.71773, 2.6367, -0.41069, 1.14225, -0.82942], [-0.02046, -0.04124, -0.50239, 2.61089, -0.25106, 1.19918, -1.05583], [0.11317, -0.19312, -0.37815, 2.596, -0.15897, 1.23202, -1.18644], [0.46903, 0.01743, -0.35265, 2.37891, -0.32708, 1.22692, -1.24086], [0.8249, 0.22798, -0.32715, 2.16182, -0.4952, 1.22183, -1.29529], [1.18076, 0.43854, -0.30164, 1.94474, -0.66331, 1.21674, -1.34972], [1.52445, 0.64189, -0.27701, 1.73508, -0.82567, 1.21181, -1.40228], [1.34763, 0.89557, -0.56249, 1.65091, -0.91794, 1.28537, -1.63006], [1.17082, 1.14924, -0.84796, 1.56674, -1.0102, 1.35892, -1.85784], [0.994, 1.40292, -1.13343, 1.48258, -1.10246, 1.43247, -2.08562], [0.81719, 1.6566, -1.41891, 1.39841, -1.19472, 1.50602, -2.3134]]
end: [0.67405999999999999, 1.86195, -1.6499999999999999, 1.3302799999999999, -1.2694000000000001, 1.5655699999999999, -2.4977900000000002]
obtacles: [[[0.6, -0.4, -0.2], [1.0, 0.6, -0.3]], [[0.8, -0.0, -0.2], [1.1, 0.1, 0.3]], [[0.8, 0.5, -0.2], [1.1, 0.6, 0.3]], [[0.8, 0.0, 0.3], [1.1, 0.6, 0.4]]]
start: [-0.34164, 1.5593999999999999, -1.55, -0.73226999999999998, -1.57864, 1.5484199999999999, 2.7509299999999999]
tajectories: [[-0.34164, 1.5594, -1.55, -0.73227, -1.57864, 1.54842, 2.75093], [-0.46299, 1.20787, -1.37383, -0.47528, -1.59804, 1.43644, 2.70972], [-0.58434, 0.85633, -1.19765, -0.21828, -1.61744, 1.32446, 2.6685], [-0.70569, 0.5048, -1.02148, 0.03871, -1.63683, 1.21248, 2.62728], [-0.82704, 0.15326, -0.84531, 0.29571, -1.65623, 1.1005, 2.58606], [-0.84944, 0.08838, -0.81279, 0.34314, -1.65981, 1.07983, 2.57845], [-0.59241, 0.15393, -0.96861, 0.48699, -1.84326, 0.97956, 2.27686], [-0.33537, 0.21947, -1.12443, 0.63083, -2.02671, 0.87929, 1.97527], [-0.07834, 0.28502, -1.28025, 0.77468, -2.21016, 0.77903, 1.67368], [0.1787, 0.35057, -1.43607, 0.91852, -2.39361, 0.67876, 1.37209], [0.43573, 0.41612, -1.59189, 1.06237, -2.57706, 0.57849, 1.0705], [0.69277, 0.48167, -1.74771, 1.20621, -2.76051, 0.47822, 0.76891], [0.8066, 0.5107, -1.81672, 1.26992, -2.84176, 0.43381, 0.63534], [1.09254, 0.64167, -1.78476, 1.45126, -2.74593, 0.11792, 0.54472], [1.37847, 0.77263, -1.75279, 1.6326, -2.65009, -0.19797, 0.45409], [1.66441, 0.9036, -1.72083, 1.81394, -2.55426, -0.51386, 0.36347], [1.95034, 1.03456, -1.68886, 1.99529, -2.45843, -0.82975, 0.27285], [2.23628, 1.16553, -1.6569, 2.17663, -2.3626, -1.14564, 0.18223], [2.52221, 1.29649, -1.62493, 2.35797, -2.26676, -1.46153, 0.09161], [2.60889, 1.33619, -1.61524, 2.41294, -2.23771, -1.55728, 0.06414], [2.33166, 1.41137, -1.63638, 2.18749, -2.57854, -1.55823, 0.07147], [2.05443, 1.48655, -1.65752, 1.96204, -2.91937, -1.55918, 0.07881], [1.7772, 1.56173, -1.67866, 1.73659, -3.26019, -1.56012, 0.08615], [1.49997, 1.63691, -1.6998, 1.51114, -3.60102, -1.56107, 0.09348], [1.22274, 1.71209, -1.72094, 1.28569, -3.94185, -1.56202, 0.10082], [0.94551, 1.78727, -1.74208, 1.06025, -4.28267, -1.56297, 0.10816]]
end: [0.8417, 1.81542, -1.75, 0.97582000000000002, -4.4103000000000003, -1.56332, 0.1109]
obtacles: [[[0.6, -0.4, -0.2], [1.0, 0.6, -0.3]], [[0.8, -0.0, -0.2], [1.1, 0.1, 0.3]], [[0.8, 0.5, -0.2], [1.1, 0.6, 0.3]], [[0.8, 0.0, 0.3], [1.1, 0.6, 0.4]]]
start: [-0.00079000000000000001, 1.74115, -1.75, 0.87388999999999994, -4.4671099999999999, -1.5448999999999999, 0.85614000000000001]
tajectories: [[-0.00079, 1.74115, -1.75, 0.87389, -4.46711, -1.5449, 0.85614], [0.1353, 1.44792, -1.74923, 0.91609, -4.37563, -1.4541, 0.49962], [0.27139, 1.15469, -1.74846, 0.95829, -4.28415, -1.36331, 0.1431], [0.40747, 0.86147, -1.74769, 1.00048, -4.19268, -1.27251, -0.21342], [0.54356, 0.56824, -1.74692, 1.04268, -4.1012, -1.18171, -0.56994], [0.57692, 0.49637, -1.74673, 1.05303, -4.07878, -1.15946, -0.65732], [0.70149, 0.75174, -1.69883, 1.2193, -3.84965, -1.14269, -0.9515], [0.82607, 1.00712, -1.65094, 1.38558, -3.62053, -1.12593, -1.24568], [0.95065, 1.26249, -1.60304, 1.55185, -3.3914, -1.10916, -1.53987], [1.07523, 1.51787, -1.55514, 1.71813, -3.16228, -1.09239, -1.83405], [1.11121, 1.59162, -1.54131, 1.76615, -3.0961, -1.08755, -1.91901], [1.06769, 1.62376, -1.58116, 1.62427, -3.35605, -1.16997, -1.53043], [1.02416, 1.65591, -1.621, 1.4824, -3.616, -1.2524, -1.14186], [0.98063, 1.68805, -1.66084, 1.34052, -3.87594, -1.33482, -0.75329], [0.9371, 1.7202, -1.70069, 1.19864, -4.13589, -1.41725, -0.36472], [0.89358, 1.75234, -1.74053, 1.05676, -4.39584, -1.49967, 0.02386]]
end: [0.88324000000000003, 1.7599800000000001, -1.75, 1.0230600000000001, -4.4575899999999997, -1.51925, 0.11617]
obtacles: [[[0.6, -0.4, -0.2], [1.0, 0.6, -0.3]], [[0.8, -0.0, -0.2], [1.1, 0.1, 0.3]], [[0.8, 0.5, -0.2], [1.1, 0.6, 0.3]], [[0.8, 0.0, 0.3], [1.1, 0.6, 0.4]]]
start: [-0.26396999999999998, 1.69425, 1.8, 0.56013000000000002, -1.8301700000000001, -1.55532, -0.27992]
tajectories: [[-0.26397, 1.69425, 1.8, 0.56013, -1.83017, -1.55532, -0.27992], [-0.50315, 1.62814, 1.44674, 0.74075, -1.88944, -1.42421, -0.38142], [-0.74232, 1.56204, 1.09348, 0.92137, -1.94872, -1.2931, -0.48292], [-0.9815, 1.49594, 0.74022, 1.10199, -2.008, -1.16198, -0.58443], [-1.22068, 1.42983, 0.38696, 1.28261, -2.06727, -1.03087, -0.68593], [-1.45985, 1.36373, 0.0337, 1.46324, -2.12655, -0.89976, -0.78744], [-1.69903, 1.29763, -0.31956, 1.64386, -2.18583, -0.76864, -0.88894], [-1.75847, 1.2812, -0.40736, 1.68874, -2.20056, -0.73606, -0.91417], [-1.61255, 1.309, -0.27406, 1.81327, -2.50886, -0.88416, -1.19286], [-1.46663, 1.33681, -0.14075, 1.93781, -2.81717, -1.03225, -1.47156], [-1.32071, 1.36461, -0.00745, 2.06234, -3.12548, -1.18035, -1.75026], [-1.17479, 1.39241, 0.12585, 2.18687, -3.43378, -1.32845, -2.02895], [-1.02887, 1.42022, 0.25915, 2.3114, -3.74209, -1.47654, -2.30765], [-0.98127, 1.42929, 0.30263, 2.35202, -3.84266, -1.52486, -2.39856], [-0.85202, 1.50678, 0.55036, 2.19882, -3.52662, -1.50476, -2.19322], [-0.72277, 1.58428, 0.79809, 2.04563, -3.21058, -1.48467, -1.98788], [-0.59351, 1.66178, 1.04581, 1.89244, -2.89453, -1.46458, -1.78254], [-0.46426, 1.73928, 1.29354, 1.73924, -2.57849, -1.44449, -1.5772], [-0.33501, 1.81677, 1.54127, 1.58605, -2.26245, -1.4244, -1.37186], [-0.20576, 1.89427, 1.789, 1.43285, -1.94641, -1.40431, -1.16652]]
end: [-0.20002, 1.89771, 1.8, 1.42605, -1.9323699999999999, -1.4034199999999999, -1.1574]
obtacles: [[[0.6, -0.4, -0.2], [1.0, 0.6, -0.3]], [[0.8, -0.0, -0.2], [1.1, 0.1, 0.3]], [[0.8, 0.5, -0.2], [1.1, 0.6, 0.3]], [[0.8, 0.0, 0.3], [1.1, 0.6, 0.4]]]
start: [-0.68008999999999997, 1.9380500000000001, 1.8500000000000001, 0.96772000000000002, -2.0281899999999999, -1.5626, -0.23354]
tajectories: [[-0.68009, 1.93805, 1.85, 0.96772, -2.02819, -1.5626, -0.23354], [-0.94699, 1.84064, 1.76458, 1.08634, -1.99484, -1.40085, -0.58087], [-1.21388, 1.74324, 1.67915, 1.20496, -1.9615, -1.2391, -0.9282], [-1.48078, 1.64584, 1.59373, 1.32358, -1.92815, -1.07735, -1.27553], [-1.74768, 1.54843, 1.5083, 1.4422, -1.8948, -0.91561, -1.62286], [-2.01457, 1.45103, 1.42288, 1.56082, -1.86145, -0.75386, -1.97018], [-2.19052, 1.38682, 1.36656, 1.63901, -1.83947, -0.64723, -2.19915], [-1.77252, 1.43007, 1.39224, 1.68039, -2.05639, -0.78561, -2.2687], [-1.35453, 1.47331, 1.41792, 1.72177, -2.2733, -0.92399, -2.33826], [-0.93653, 1.51656, 1.4436, 1.76314, -2.49022, -1.06237, -2.40781], [-0.51854, 1.55981, 1.46927, 1.80452, -2.70713, -1.20075, -2.47736], [-0.10054, 1.60305, 1.49495, 1.8459, -2.92405, -1.33913, -2.54691], [-0.04719, 1.60857, 1.49823, 1.85118, -2.95174, -1.35679, -2.55579], [-0.03121, 1.67399, 1.58755, 1.66845, -2.69956, -1.38192, -2.18179], [-0.01524, 1.7394, 1.67686, 1.48573, -2.44739, -1.40704, -1.80779], [0.00073, 1.80482, 1.76618, 1.303, -2.19521, -1.43216, -1.43379]]
end: [0.015720000000000001, 1.8662000000000001, 1.8500000000000001, 1.1315200000000001, -1.9585600000000001, -1.45573, -1.0828199999999999]
obtacles: [[[0.6, -0.4, -0.2], [1.0, 0.6, -0.3]], [[0.8, -0.0, -0.2], [1.1, 0.1, 0.3]], [[0.8, 0.5, -0.2], [1.1, 0.6, 0.3]], [[0.8, 0.0, 0.3], [1.1, 0.6, 0.4]]]
start: [-0.51080000000000003, 1.86063, 1.8500000000000001, 0.94923000000000002, -1.9677100000000001, -1.5225, -0.38769999999999999]
tajectories: [[-0.5108, 1.86063, 1.85, 0.94923, -1.96771, -1.5225, -0.3877], [-0.68409, 1.60679, 1.98468, 0.95756, -1.95625, -1.36992, -0.72521], [-0.85738, 1.35294, 2.11937, 0.96589, -1.94479, -1.21734, -1.06272], [-1.03068, 1.0991, 2.25405, 0.97422, -1.93332, -1.06476, -1.40023], [-1.20397, 0.84526, 2.38873, 0.98256, -1.92186, -0.91218, -1.73774], [-1.20566, 0.84278, 2.39005, 0.98264, -1.92175, -0.91069, -1.74104], [-0.87313, 0.9788, 2.25591, 1.25127, -1.79269, -1.00812, -1.80896], [-0.5406, 1.11482, 2.12178, 1.5199, -1.66362, -1.10556, -1.87688], [-0.20806, 1.25085, 1.98765, 1.78854, -1.53456, -1.20299, -1.9448], [0.12447, 1.38687, 1.85351, 2.05717, -1.4055, -1.30043, -2.01272], [0.457, 1.52289, 1.71938, 2.3258, -1.27643, -1.39786, -2.08064], [0.78954, 1.65891, 1.58524, 2.59444, -1.14737, -1.4953, -2.14856], [0.81987, 1.67132, 1.57301, 2.61894, -1.1356, -1.50419, -2.15475], [0.57884, 1.7059, 1.64142, 2.31499, -1.31574, -1.46586, -1.91038], [0.33781, 1.74049, 1.70984, 2.01103, -1.49589, -1.42753, -1.66602], [0.09678, 1.77507, 1.77825, 1.70707, -1.67604, -1.3892, -1.42165], [-0.14425, 1.80965, 1.84667, 1.40312, -1.85619, -1.35087, -1.17728]]
end: [-0.15598999999999999, 1.8113300000000001, 1.8500000000000001, 1.38832, -1.86496, -1.349, -1.1653800000000001]
obtacles: [[[0.6, -0.4, -0.2], [1.0, 0.6, -0.3]], [[0.8, -0.0, -0.2], [1.1, 0.1, 0.3]], [[0.8, 0.5, -0.2], [1.1, 0.6, 0.3]], [[0.8, 0.0, 0.3], [1.1, 0.6, 0.4]]]
start: [-0.52127000000000001, 1.8682799999999999, 1.8500000000000001, 0.91098000000000001, -1.9749699999999999, -1.5422800000000001, -0.34176000000000001]
tajectories: [[-0.52127, 1.86828, 1.85, 0.91098, -1.97497, -1.54228, -0.34176], [-0.71454, 1.73181, 1.75936, 0.88411, -2.00972, -1.5197, 0.08646], [-0.9078, 1.59533, 1.66872, 0.85723, -2.04447, -1.49712, 0.51468], [-1.10106, 1.45886, 1.57808, 0.83036, -2.07922, -1.47454, 0.94289], [-1.27594, 1.33537, 1.49607, 0.80605, -2.11066, -1.45411, 1.33038], [-1.11845, 1.18649, 1.63446, 1.07629, -2.42168, -1.42701, 1.21471], [-0.96095, 1.03762, 1.77285, 1.34653, -2.7327, -1.3999, 1.09904], [-0.80345, 0.88874, 1.91124, 1.61677, -3.04373, -1.3728, 0.98338], [-0.64596, 0.73986, 2.04963, 1.88701, -3.35475, -1.3457, 0.86771], [-0.48846, 0.59098, 2.18802, 2.15725, -3.66577, -1.3186, 0.75204], [-0.38143, 0.48982, 2.28206, 2.34089, -3.87712, -1.30018, 0.67344], [-0.06274, 0.74827, 2.0366, 2.42483, -3.8797, -1.18046, 0.67223], [0.25594, 1.00672, 1.79114, 2.50877, -3.88228, -1.06073, 0.67101], [0.57463, 1.26517, 1.54567, 2.59271, -3.88486, -0.94101, 0.6698], [0.89332, 1.52362, 1.30021, 2.67665, -3.88744, -0.82128, 0.66859], [1.05548, 1.65514, 1.1753, 2.71937, -3.88875, -0.76036, 0.66797], [0.87694, 1.67523, 1.27421, 2.52752, -3.58853, -0.84508, 0.39627], [0.6984, 1.69532, 1.37313, 2.33567, -3.28831, -0.92981, 0.12457], [0.51985, 1.71541, 1.47204, 2.14383, -2.98809, -1.01453, -0.14713], [0.34131, 1.73551, 1.57095, 1.95198, -2.68787, -1.09925, -0.41883], [0.16276, 1.7556, 1.66986, 1.76013, -2.38766, -1.18398, -0.69053], [-0.01578, 1.77569, 1.76877, 1.56829, -2.08744, -1.2687, -0.96223]]
end: [-0.16241, 1.7921899999999999, 1.8500000000000001, 1.41073, -1.8408899999999999, -1.3382799999999999, -1.18536]
obtacles: [[[0.6, -0.4, -0.2], [1.0, 0.6, -0.3]], [[0.8, -0.0, -0.2], [1.1, 0.1, 0.3]], [[0.8, 0.5, -0.2], [1.1, 0.6, 0.3]], [[0.8, 0.0, 0.3], [1.1, 0.6, 0.4]]]
start: [-0.67496999999999996, 1.8350299999999999, 1.8500000000000001, 0.89049, -1.9505600000000001, -1.52826, -0.17000000000000001]
tajectories: [[-0.67497, 1.83503, 1.85, 0.89049, -1.95056, -1.52826, -0.17], [-0.79932, 1.71152, 1.95547, 1.0777, -2.03191, -1.27607, -0.49077], [-0.92367, 1.58801, 2.06093, 1.2649, -2.11326, -1.02387, -0.81154], [-1.00194, 1.51026, 2.12733, 1.38274, -2.16446, -0.86511, -1.01346], [-1.28983, 1.40906, 2.10602, 1.37646, -1.90505, -0.73702, -1.28306], [-1.57772, 1.30786, 2.08471, 1.37018, -1.64565, -0.60894, -1.55267], [-1.8656, 1.20666, 2.0634, 1.36389, -1.38624, -0.48085, -1.82228], [-2.15349, 1.10547, 2.0421, 1.35761, -1.12683, -0.35276, -2.09189], [-2.44137, 1.00427, 2.02079, 1.35133, -0.86742, -0.22468, -2.36149], [-2.61338, 0.9438, 2.00806, 1.34758, -0.71243, -0.14815, -2.52258], [-2.3463, 0.60157, 1.91191, 1.49198, -0.53509, -0.15013, -2.52216], [-2.07923, 0.25935, 1.81576, 1.63638, -0.35775, -0.15212, -2.52175], [-1.81215, -0.08288, 1.7196, 1.78078, -0.18041, -0.1541, -2.52133], [-1.54507, -0.42511, 1.62345, 1.92518, -0.00308, -0.15608, -2.52092], [-1.27799, -0.76734, 1.5273, 2.06958, 0.17426, -0.15807, -2.52051], [-1.01092, -1.10957, 1.43115, 2.21398, 0.3516, -0.16005, -2.52009], [-0.83198, -1.33885, 1.36673, 2.31073, 0.47041, -0.16138, -2.51981], [-1.08936, -1.40901, 1.38755, 2.15089, 0.18726, 0.10821, -2.52053], [-1.34673, -1.47916, 1.40836, 1.99105, -0.09589, 0.3778, -2.52124], [-1.6041, -1.54932, 1.42917, 1.83121, -0.37904, 0.6474, -2.52196], [-1.86148, -1.61948, 1.44999, 1.67137, -0.66219, 0.91699, -2.52267], [-2.11885, -1.68963, 1.4708, 1.51153, -0.94534, 1.18658, -2.52339], [-2.37623, -1.75979, 1.49162, 1.35169, -1.22849, 1.45617, -2.5241]]
end: [-2.4799000000000002, -1.7880499999999999, 1.5, 1.2873000000000001, -1.3425499999999999, 1.56477, -2.5243899999999999]
