obtacles: [[[0.6, -0.4, -0.2], [1.0, 0.6, -0.3]], [[0.7, -0.1, -0.2], [1.1, -0.0, 0.4]], [[0.7, 0.5, -0.2], [1.1, 0.6, 0.4]], [[0.7, -0.1, 0.4], [1.1, 0.6, 0.5]]]
start: [2.1850900000000002, -1.9665600000000001, -1.3999999999999999, 1.2086600000000001, -1.9999400000000001, -1.5607200000000001, -0.21562999999999999]
tajectories: [[2.18509, -1.96656, -1.4, 1.20866, -1.99994, -1.56072, -0.21563], [1.92978, -1.89568, -1.57074, 1.3146, -1.63805, -1.49795, -0.14843], [1.67448, -1.8248, -1.74148, 1.42055, -1.27616, -1.43517, -0.08123], [1.41918, -1.75392, -1.91221, 1.52649, -0.91427, -1.3724, -0.01403], [1.16387, -1.68304, -2.08295, 1.63244, -0.55238, -1.30963, 0.05317], [0.97662, -1.63105, -2.20818, 1.71014, -0.28695, -1.26359, 0.10246], [1.19827, -1.24909, -2.20949, 1.91615, -0.20419, -1.19825, 0.06482], [1.41992, -0.86712, -2.21081, 2.12215, -0.12142, -1.13292, 0.02718], [1.64157, -0.48516, -2.21212, 2.32816, -0.03865, -1.06758, -0.01046], [1.86322, -0.1032, -2.21343, 2.53416, 0.04412, -1.00225, -0.0481], [2.08487, 0.27877, -2.21475, 2.74017, 0.12689, -0.93691, -0.08574], [2.30652, 0.66073, -2.21606, 2.94618, 0.20965, -0.87157, -0.12338], [2.43825, 0.88774, -2.21684, 3.06861, 0.25885, -0.83274, -0.14575], [2.26182, 0.99741, -2.14725, 2.89596, 0.08513, -0.56369, -0.40962], [2.08539, 1.10708, -2.07766, 2.72332, -0.08859, -0.29464, -0.67349], [1.90896, 1.21674, -2.00807, 2.55067, -0.2623, -0.02559, -0.93737], [1.73253, 1.32641, -1.93848, 2.37802, -0.43602, 0.24346, -1.20124], [1.5561, 1.43607, -1.86889, 2.20538, -0.60974, 0.51252, -1.46512], [1.37967, 1.54574, -1.79929, 2.03273, -0.78345, 0.78157, -1.72899], [1.20324, 1.65541, -1.7297, 1.86008, -0.95717, 1.05062, -1.99287], [1.02681, 1.76507, -1.66011, 1.68743, -1.13089, 1.31967, -2.25674]]
end: [0.87441000000000002, 1.8597999999999999, -1.6000000000000001, 1.5383, -1.28094, 1.5520799999999999, -2.48468]
obtacles: [[[0.6, -0.4, -0.2], [1.0, 0.6, -0.3]], [[0.7, -0.1, -0.2], [1.1, -0.0, 0.4]], [[0.7, 0.5, -0.2], [1.1, 0.6, 0.4]], [[0.7, -0.1, 0.4], [1.1, 0.6, 0.5]]]
start: [2.2765599999999999, -1.7444500000000001, -1.45, 1.03939, -1.78148, -1.55603, -0.16227]
tajectories: [[2.27656, -1.74445, -1.45, 1.03939, -1.78148, -1.55603, -0.16227], [2.11087, -1.42212, -1.42204, 1.21819, -1.92385, -1.54105, -0.418], [1.94518, -1.09978, -1.39407, 1.39699, -2.06622, -1.52607, -0.67374], [1.77948, -0.77745, -1.36611, 1.57579, -2.20859, -1.51109, -0.92947], [1.61379, -0.45511, -1.33815, 1.75459, -2.35097, -1.49611, -1.1852], [1.4481, -0.13277, -1.31018, 1.93339, -2.49334, -1.48114, -1.44094], [1.28241, 0.18956, -1.28222, 2.11219, -2.63571, -1.46616, -1.69667], [1.17645, 0.39569, -1.26434, 2.22653, -2.72676, -1.45658, -1.86021], [1.11881, 0.60735, -1.34692, 1.99814, -2.9864, -1.47316, -1.58597], [1.06117, 0.819, -1.4295, 1.76974, -3.24603, -1.48975, -1.31172], [1.00354, 1.03066, -1.51209, 1.54135, -3.50567, -1.50634, -1.03748], [0.9459, 1.24231, -1.59467, 1.31296, -3.76531, -1.52293, -0.76323], [0.88827, 1.45397, -1.67725, 1.08457, -4.02495, -1.53951, -0.48899], [0.83063, 1.66562, -1.75983, 0.85617, -4.28459, -1.5561, -0.21474]]
end: [0.80259999999999998, 1.76857, -1.8, 0.74509000000000003, -4.4108700000000001, -1.5641700000000001, -0.081350000000000006]
obtacles: [[[0.6, -0.4, -0.2], [1.0, 0.6, -0.3]], [[0.7, -0.1, -0.2], [1.1, -0.0, 0.4]], [[0.7, 0.5, -0.2], [1.1, 0.6, 0.4]], [[0.7, -0.1, 0.4], [1.1, 0.6, 0.5]]]
start: [-0.50751000000000002, 1.4369000000000001, -1.7, -0.80232000000000003, -4.5265899999999997, -1.56982, -0.28622999999999998]
tajectories: [[-0.50751, 1.4369, -1.7, -0.80232, -4.52659, -1.56982, -0.28623], [-0.46257, 1.42086, -1.61695, -0.48674, -4.28867, -1.48941, -0.5658], [-0.41764, 1.40482, -1.53391, -0.17115, -4.05074, -1.409, -0.84537], [-0.3727, 1.38878, -1.45086, 0.14443, -3.81282, -1.3286, -1.12494], [-0.32776, 1.37274, -1.36781, 0.46002, -3.57489, -1.24819, -1.40451], [-0.28283, 1.3567, -1.28477, 0.7756, -3.33697, -1.16778, -1.68408], [-0.23789, 1.34066, -1.20172, 1.09119, -3.09904, -1.08738, -1.96366], [-0.19296, 1.32462, -1.11867, 1.40677, -2.86112, -1.00697, -2.24323], [-0.14802, 1.30858, -1.03563, 1.72235, -2.62319, -0.92656, -2.5228], [-0.10309, 1.29254, -0.95258, 2.03794, -2.38527, -0.84615, -2.80237], [-0.09151, 1.28841, -0.93119, 2.11924, -2.32398, -0.82544, -2.87439], [0.30731, 1.39054, -1.03141, 2.19925, -2.2914, -0.84846, -2.62444], [0.70613, 1.49267, -1.13164, 2.27927, -2.25882, -0.87149, -2.37449], [1.10495, 1.59479, -1.23186, 2.35928, -2.22624, -0.89451, -2.12454], [1.50377, 1.69692, -1.33209, 2.43929, -2.19366, -0.91753, -1.87459], [1.90259, 1.79905, -1.43231, 2.51931, -2.16108, -0.94055, -1.62465], [2.15607, 1.86396, -1.49601, 2.57016, -2.14037, -0.95519, -1.46578], [1.94149, 1.87573, -1.54503, 2.35354, -2.43202, -1.03785, -1.21558], [1.72691, 1.8875, -1.59404, 2.13692, -2.72367, -1.12052, -0.96539], [1.51233, 1.89927, -1.64306, 1.9203, -3.01532, -1.20318, -0.71519], [1.29776, 1.91104, -1.69207, 1.70369, -3.30696, -1.28585, -0.46499], [1.08318, 1.92281, -1.74108, 1.48707, -3.59861, -1.36851, -0.21479], [0.8686, 1.93458, -1.7901, 1.27045, -3.89026, -1.45118, 0.03541], [0.65402, 1.94635, -1.83911, 1.05383, -4.18191, -1.53384, 0.2856]]
end: [0.60636000000000001, 1.9489700000000001, -1.8500000000000001, 1.0057100000000001, -4.2466900000000001, -1.5522100000000001, 0.34117999999999998]
obtacles: [[[0.6, -0.4, -0.2], [1.0, 0.6, -0.3]], [[0.7, -0.1, -0.2], [1.1, -0.0, 0.4]], [[0.7, 0.5, -0.2], [1.1, 0.6, 0.4]], [[0.7, -0.1, 0.4], [1.1, 0.6, 0.5]]]
start: [-0.10854, 1.80291, -1.8500000000000001, 1.31494, -4.4113699999999998, -1.36816, 1.35988]
tajectories: [[-0.10854, 1.80291, -1.85, 1.31494, -4.41137, -1.36816, 1.35988], [-0.05521, 1.46434, -1.79793, 1.363, -4.28245, -1.12076, 1.137], [-0.00188, 1.12577, -1.74586, 1.41107, -4.15353, -0.87336, 0.91412], [0.05144, 0.78719, -1.6938, 1.45913, -4.02461, -0.62596, 0.69124], [0.10477, 0.44862, -1.64173, 1.50719, -3.89568, -0.37856, 0.46836], [0.15809, 0.11005, -1.58966, 1.55526, -3.76676, -0.13117, 0.24547], [0.21142, -0.22852, -1.53759, 1.60332, -3.63784, 0.11623, 0.02259], [0.26475, -0.5671, -1.48552, 1.65138, -3.50891, 0.36363, -0.20029], [0.28931, -0.72305, -1.46154, 1.67352, -3.44953, 0.47759, -0.30296], [0.61128, -0.49954, -1.2182, 1.82159, -3.53199, 0.54766, -0.36234], [0.93326, -0.27602, -0.97486, 1.96965, -3.61445, 0.61774, -0.42172], [1.25523, -0.05251, -0.73152, 2.11772, -3.69691, 0.68781, -0.4811], [1.5772, 0.17101, -0.48817, 2.26578, -3.77937, 0.75789, -0.54048], [1.89918, 0.39452, -0.24483, 2.41384, -3.86184, 0.82796, -0.59987], [2.05805, 0.50481, -0.12475, 2.48691, -3.90253, 0.86254, -0.62917], [1.89242, 0.69163, -0.34814, 2.31703, -3.94835, 0.55974, -0.5062], [1.72679, 0.87844, -0.57152, 2.14716, -3.99417, 0.25693, -0.38324], [1.56117, 1.06526, -0.7949, 1.97729, -4.04, -0.04588, -0.26027], [1.39554, 1.25207, -1.01828, 1.80742, -4.08582, -0.34868, -0.13731], [1.22991, 1.43889, -1.24166, 1.63755, -4.13164, -0.65149, -0.01435], [1.06428, 1.6257, -1.46504, 1.46767, -4.17747, -0.95429, 0.10862], [0.89865, 1.81252, -1.68842, 1.2978, -4.22329, -1.2571, 0.23158]]
end: [0.77885000000000004, 1.9476500000000001, -1.8500000000000001, 1.17493, -4.2564399999999996, -1.4761200000000001, 0.32052999999999998]
obtacles: [[[0.6, -0.4, -0.2], [1.0, 0.6, -0.3]], [[0.7, -0.1, -0.2], [1.1, -0.0, 0.4]], [[0.7, 0.5, -0.2], [1.1, 0.6, 0.4]], [[0.7, -0.1, 0.4], [1.1, 0.6, 0.5]]]
start: [2.3749400000000001, -1.5495399999999999, -1.45, 1.5522100000000001, -1.5516399999999999, -1.4496500000000001, -0.78800000000000003]
tajectories: [[2.37494, -1.54954, -1.45, 1.55221, -1.55164, -1.44965, -0.788], [2.28484, -1.30554, -1.35507, 1.55668, -1.25232, -1.23758, -0.98484], [2.19474, -1.06154, -1.26014, 1.56116, -0.953, -1.02551, -1.18168], [2.10464, -0.81754, -1.1652, 1.56563, -0.65367, -0.81344, -1.37852], [2.01453, -0.57354, -1.07027, 1.57011, -0.35435, -0.60137, -1.57536], [1.92443, -0.32953, -0.97534, 1.57459, -0.05503, -0.38931, -1.7722], [1.83433, -0.08553, -0.88041, 1.57906, 0.24429, -0.17724, -1.96904], [1.74423, 0.15847, -0.78548, 1.58354, 0.54362, 0.03483, -2.16588], [1.69762, 0.28469, -0.73637, 1.58585, 0.69845, 0.14453, -2.2677], [1.57438, 0.46307, -0.83259, 1.60201, 0.39917, 0.42803, -2.11429], [1.45114, 0.64144, -0.9288, 1.61816, 0.09988, 0.71152, -1.96088], [1.3279, 0.81982, -1.02502, 1.63432, -0.1994, 0.99502, -1.80747], [1.20466, 0.9982, -1.12124, 1.65047, -0.49868, 1.27851, -1.65406], [1.17103, 1.04687, -1.14749, 1.65488, -0.58035, 1.35587, -1.61219], [1.08291, 1.28961, -1.30284, 1.57752, -0.80283, 1.41221, -1.92925], [0.99478, 1.53235, -1.45819, 1.50017, -1.0253, 1.46856, -2.24631], [0.90666, 1.77509, -1.61354, 1.42281, -1.24777, 1.5249, -2.56337]]
end: [0.88597999999999999, 1.83205, -1.6499999999999999, 1.40466, -1.2999799999999999, 1.5381199999999999, -2.6377700000000002]
obtacles: [[[0.6, -0.4, -0.2], [1.0, 0.6, -0.3]], [[0.7, -0.1, -0.2], [1.1, -0.0, 0.4]], [[0.7, 0.5, -0.2], [1.1, 0.6, 0.4]], [[0.7, -0.1, 0.4], [1.1, 0.6, 0.5]]]
start: [2.3242099999999999, -1.6826300000000001, -1.5, 1.33561, -1.69615, -1.52843, -0.51160000000000005]
tajectories: [[2.32421, -1.68263, -1.5, 1.33561, -1.69615, -1.52843, -0.5116], [2.14121, -1.37003, -1.65667, 1.55265, -1.52133, -1.4829, -0.63203], [1.95821, -1.05743, -1.81333, 1.7697, -1.3465, -1.43737, -0.75245], [1.77522, -0.74483, -1.97, 1.98674, -1.17168, -1.39184, -0.87288], [1.59222, -0.43222, -2.12666, 2.20379, -0.99686, -1.34631, -0.99331], [1.40922, -0.11962, -2.28333, 2.42083, -0.82203, -1.30079, -1.11374], [1.22623, 0.19298, -2.43999, 2.63788, -0.64721, -1.25526, -1.23417], [1.04323, 0.50558, -2.59666, 2.85492, -0.47239, -1.20973, -1.3546], [0.91434, 0.72575, -2.707, 3.00779, -0.34926, -1.17766, -1.43942], [0.96371, 0.9337, -2.53017, 2.76874, -0.62302, -1.22092, -1.63713], [1.01308, 1.14166, -2.35333, 2.5297, -0.89679, -1.26418, -1.83484], [1.06245, 1.34961, -2.1765, 2.29065, -1.17055, -1.30744, -2.03254], [1.11182, 1.55756, -1.99967, 2.05161, -1.44431, -1.3507, -2.23025], [1.15537, 1.74103, -1.84366, 1.8407, -1.68585, -1.38886, -2.40469], [1.07776, 1.7584, -1.86457, 1.68383, -2.02143, -1.4113, -2.07987], [1.00014, 1.77578, -1.88549, 1.52695, -2.35702, -1.43373, -1.75505], [0.92252, 1.79315, -1.90641, 1.37008, -2.6926, -1.45617, -1.43024], [0.8449, 1.81052, -1.92732, 1.2132, -3.02818, -1.47861, -1.10542], [0.76728, 1.82789, -1.94824, 1.05632, -3.36377, -1.50104, -0.7806], [0.68966, 1.84526, -1.96915, 0.89945, -3.69935, -1.52348, -0.45579], [0.61205, 1.86264, -1.99007, 0.74257, -4.03494, -1.54592, -0.13097]]
end: [0.57520000000000004, 1.8708800000000001, -2.0, 0.66808999999999996, -4.1942599999999999, -1.55657, 0.02325]
obtacles: [[[0.6, -0.4, -0.2], [1.0, 0.6, -0.3]], [[0.7, -0.1, -0.2], [1.1, -0.0, 0.4]], [[0.7, 0.5, -0.2], [1.1, 0.6, 0.4]], [[0.7, -0.1, 0.4], [1.1, 0.6, 0.5]]]
start: [2.2736800000000001, -1.7072700000000001, -1.3500000000000001, 1.5591699999999999, -1.7131700000000001, -1.35372, -0.66056999999999999]
tajectories: [[2.27368, -1.70727, -1.35, 1.55917, -1.71317, -1.35372, -0.66057], [2.09983, -1.49201, -1.06258, 1.42829, -1.5414, -1.28591, -0.85954], [1.92598, -1.27674, -0.77515, 1.2974, -1.36964, -1.2181, -1.05852], [1.75213, -1.06148, -0.48773, 1.16652, -1.19787, -1.15029, -1.2575], [1.61244, -0.88853, -0.25679, 1.06135, -1.05986, -1.0958, -1.41737], [1.7145, -0.84401, -0.32589, 1.39699, -1.14533, -0.86722, -1.66358], [1.81656, -0.7995, -0.39499, 1.73263, -1.23079, -0.63863, -1.90979], [1.91862, -0.75499, -0.46409, 2.06827, -1.31625, -0.41005, -2.156], [2.02067, -0.71048, -0.53319, 2.40391, -1.40172, -0.18146, -2.40221], [2.12273, -0.66596, -0.60229, 2.73955, -1.48718, 0.04712, -2.64842], [2.19823, -0.63303, -0.65341, 2.98785, -1.55041, 0.21623, -2.83056], [1.99712, -0.29113, -0.7781, 2.80442, -1.51773, 0.40397, -2.74603], [1.796, 0.05076, -0.9028, 2.62098, -1.48506, 0.59171, -2.66149], [1.59488, 0.39266, -1.02749, 2.43755, -1.45239, 0.77946, -2.57696], [1.39376, 0.73456, -1.15219, 2.25412, -1.41972, 0.9672, -2.49243], [1.19264, 1.07646, -1.27688, 2.07069, -1.38705, 1.15494, -2.40789], [0.99153, 1.41836, -1.40158, 1.88726, -1.35438, 1.34269, -2.32336], [0.79041, 1.76026, -1.52627, 1.70383, -1.3217, 1.53043, -2.23883]]
end: [0.75214000000000003, 1.8253200000000001, -1.55, 1.66892, -1.31549, 1.56616, -2.2227399999999999]
obtacles: [[[0.6, -0.4, -0.2], [1.0, 0.6, -0.3]], [[0.7, -0.1, -0.2], [1.1, -0.0, 0.4]], [[0.7, 0.5, -0.2], [1.1, 0.6, 0.4]], [[0.7, -0.1, 0.4], [1.1, 0.6, 0.5]]]
start: [-0.29186000000000001, 1.73448, 2.0499999999999998, 0.35410999999999998, -2.0750999999999999, -1.5659000000000001, -0.020910000000000002]
tajectories: [[-0.29186, 1.73448, 2.05, 0.35411, -2.0751, -1.5659, -0.02091], [-0.44575, 1.67275, 2.02001, 0.18503, -1.89914, -1.19522, -0.17794], [-0.59965, 1.61103, 1.99002, 0.01596, -1.72319, -0.82455, -0.33497], [-0.75354, 1.5493, 1.96003, -0.15312, -1.54724, -0.45387, -0.49201], [-0.90743, 1.48757, 1.93004, -0.32219, -1.37128, -0.08319, -0.64904], [-1.06132, 1.42584, 1.90005, -0.49127, -1.19533, 0.28749, -0.80607], [-1.19841, 1.37085, 1.87333, -0.64188, -1.03859, 0.61768, -0.94595], [-0.94128, 1.22761, 2.01297, -0.5923, -0.98198, 0.72154, -1.30291], [-0.68415, 1.08436, 2.15261, -0.54272, -0.92537, 0.82539, -1.65986], [-0.42701, 0.94112, 2.29225, -0.49314, -0.86877, 0.92925, -2.01682], [-0.16988, 0.79788, 2.43189, -0.44355, -0.81216, 1.0331, -2.37377], [0.08725, 0.65463, 2.57153, -0.39397, -0.75555, 1.13696, -2.73073], [0.14735, 0.62115, 2.60417, -0.38238, -0.74232, 1.16123, -2.81416], [0.29173, 0.51311, 2.4321, -0.0245, -0.80683, 1.06462, -2.599], [0.43612, 0.40507, 2.26003, 0.33338, -0.87134, 0.968, -2.38383], [0.5805, 0.29703, 2.08796, 0.69127, -0.93585, 0.87139, -2.16867], [0.72488, 0.18898, 1.91588, 1.04915, -1.00036, 0.77477, -1.9535], [0.86926, 0.08094, 1.74381, 1.40703, -1.06487, 0.67816, -1.73834], [1.01365, -0.0271, 1.57174, 1.76492, -1.12938, 0.58154, -1.52317], [1.06516, -0.06564, 1.51035, 1.8926, -1.15239, 0.54707, -1.44641], [0.81597, 0.2605, 1.55621, 2.01374, -1.27687, 0.49153, -1.66129], [0.56679, 0.58665, 1.60206, 2.13488, -1.40136, 0.436, -1.87618], [0.3176, 0.91279, 1.64792, 2.25603, -1.52584, 0.38046, -2.09107], [0.06842, 1.23894, 1.69377, 2.37717, -1.65032, 0.32492, -2.30596], [-0.18077, 1.56508, 1.73963, 2.49831, -1.7748, 0.26938, -2.52085], [-0.42996, 1.89123, 1.78548, 2.61945, -1.89929, 0.21385, -2.73574], [-0.48279, 1.96038, 1.79521, 2.64514, -1.92568, 0.20207, -2.7813], [-0.41147, 1.95635, 1.84415, 2.39962, -1.95134, -0.07016, -2.4535], [-0.34016, 1.95232, 1.8931, 2.1541, -1.977, -0.3424, -2.1257], [-0.26884, 1.94829, 1.94205, 1.90858, -2.00266, -0.61463, -1.7979], [-0.19752, 1.94426, 1.991, 1.66306, -2.02831, -0.88687, -1.4701], [-0.12621, 1.94023, 2.03995, 1.41754, -2.05397, -1.1591, -1.14231]]
end: [-0.11156000000000001, 1.9394, 2.0499999999999998, 1.3671199999999999, -2.05924, -1.2150099999999999, -1.0749899999999999]
obtacles: [[[0.6, -0.4, -0.2], [1.0, 0.6, -0.3]], [[0.7, -0.1, -0.2], [1.1, -0.0, 0.4]], [[0.7, 0.5, -0.2], [1.1, 0.6, 0.4]], [[0.7, -0.1, 0.4], [1.1, 0.6, 0.5]]]
start: [-0.76348000000000005, 1.95875, 2.0, 1.3642799999999999, 1.0805400000000001, 1.2666599999999999, 2.7030099999999999]
tajectories: [[-0.76348, 1.95875, 2.0, 1.36428, 1.08054, 1.26666, 2.70301], [-0.77507, 1.81645, 2.01857, 1.14785, 0.80752, 0.95279, 2.6062], [-0.78665, 1.67415, 2.03713, 0.93142, 0.53449, 0.63891, 2.5094], [-0.79824, 1.53185, 2.0557, 0.71499, 0.26147, 0.32504, 2.4126], [-0.80982, 1.38955, 2.07426, 0.49856, -0.01155, 0.01117, 2.31579], [-0.82141, 1.24725, 2.09283, 0.28213, -0.28458, -0.30271, 2.21899], [-0.83299, 1.10495, 2.11139, 0.0657, -0.5576, -0.61658, 2.12218], [-0.83411, 1.09118, 2.11319, 0.04474, -0.58404, -0.64697, 2.11281], [-0.54622, 1.00928, 1.97887, 0.30321, -0.80643, -0.69315, 2.26762], [-0.25832, 0.92739, 1.84456, 0.56168, -1.02883, -0.73933, 2.42243], [0.02958, 0.84549, 1.71024, 0.82015, -1.25123, -0.78551, 2.57725], [0.31748, 0.76359, 1.57593, 1.07862, -1.47363, -0.83169, 2.73206], [0.60538, 0.6817, 1.44161, 1.33708, -1.69603, -0.87787, 2.88687], [0.66087, 0.66591, 1.41572, 1.3869, -1.73889, -0.88677, 2.91671], [0.55498, 0.8458, 1.4869, 1.43474, -1.61198, -0.49122, 2.75391], [0.44909, 1.02569, 1.55809, 1.48258, -1.48508, -0.09567, 2.59112], [0.34319, 1.20557, 1.62927, 1.53042, -1.35817, 0.29989, 2.42832], [0.2373, 1.38546, 1.70045, 1.57826, -1.23126, 0.69544, 2.26552], [0.15398, 1.52699, 1.75646, 1.6159, -1.1314, 1.00667, 2.13743], [0.14891, 1.61763, 1.78691, 1.51814, -0.66131, 1.10014, 2.09802], [0.14384, 1.70827, 1.81735, 1.42038, -0.19122, 1.19361, 2.05861], [0.13877, 1.7989, 1.8478, 1.32262, 0.27887, 1.28709, 2.0192], [0.13369, 1.88954, 1.87824, 1.22487, 0.74896, 1.38056, 1.9798]]
end: [0.13006999999999999, 1.9543200000000001, 1.8999999999999999, 1.15499, 1.0849500000000001, 1.44737, 1.95163]
obtacles: [[[0.6, -0.4, -0.2], [1.0, 0.6, -0.3]], [[0.7, -0.1, -0.2], [1.1, -0.0, 0.4]], [[0.7, 0.5, -0.2], [1.1, 0.6, 0.4]], [[0.7, -0.1, 0.4], [1.1, 0.6, 0.5]]]
start: [-0.88966999999999996, 1.9352499999999999, 1.8999999999999999, 1.5115799999999999, 1.1709099999999999, 1.2865500000000001, 2.6388600000000002]
tajectories: [[-0.88967, 1.93525, 1.9, 1.51158, 1.17091, 1.28655, 2.63886], [-1.00792, 1.63364, 1.98091, 1.61107, 1.04873, 1.06235, 2.38705], [-1.12617, 1.33203, 2.06181, 1.71056, 0.92654, 0.83814, 2.13524], [-1.24442, 1.03042, 2.14272, 1.81005, 0.80435, 0.61394, 1.88343], [-1.36267, 0.72881, 2.22363, 1.90954, 0.68216, 0.38973, 1.63163], [-1.48092, 0.4272, 2.30454, 2.00902, 0.55998, 0.16552, 1.37982], [-1.59918, 0.1256, 2.38544, 2.10851, 0.43779, -0.05868, 1.12801], [-1.71743, -0.17601, 2.46635, 2.208, 0.3156, -0.28289, 0.87621], [-1.83568, -0.47762, 2.54726, 2.30749, 0.19342, -0.50709, 0.6244], [-1.95393, -0.77923, 2.62817, 2.40698, 0.07123, -0.7313, 0.37259], [-2.03462, -0.98504, 2.68338, 2.47487, -0.01215, -0.88429, 0.20076], [-1.88387, -0.99731, 2.54808, 2.40741, -0.26219, -1.08734, -0.11628], [-1.73312, -1.00958, 2.41278, 2.33994, -0.51224, -1.29039, -0.43332], [-1.58238, -1.02185, 2.27748, 2.27248, -0.76229, -1.49344, -0.75036], [-1.56107, -1.02359, 2.25836, 2.26295, -0.79763, -1.52214, -0.79518], [-1.68037, -1.10487, 2.1623, 2.1899, -0.89592, -1.10658, -0.97474], [-1.79968, -1.18614, 2.06624, 2.11685, -0.99421, -0.69101, -1.1543], [-1.91899, -1.26742, 1.97018, 2.0438, -1.09249, -0.27545, -1.33386], [-2.03829, -1.3487, 1.87412, 1.97075, -1.19078, 0.14011, -1.51342], [-2.1576, -1.42998, 1.77806, 1.8977, -1.28907, 0.55568, -1.69299], [-2.2769, -1.51126, 1.682, 1.82465, -1.38735, 0.97124, -1.87255], [-2.39621, -1.59254, 1.58594, 1.7516, -1.48564, 1.38681, -2.05211]]
end: [-2.4408500000000002, -1.6229499999999999, 1.55, 1.72427, -1.5224200000000001, 1.5423, -2.1193]
obtacles: [[[0.6, -0.4, -0.2], [1.0, 0.6, -0.3]], [[0.7, -0.1, -0.2], [1.1, -0.0, 0.4]], [[0.7, 0.5, -0.2], [1.1, 0.6, 0.4]], [[0.7, -0.1, 0.4], [1.1, 0.6, 0.5]]]
start: [-0.82126999999999994, 1.67296, 1.75, 1.18764, -1.7337, -1.4441299999999999, -0.34683000000000003]
tajectories: [[-0.82127, 1.67296, 1.75, 1.18764, -1.7337, -1.44413, -0.34683], [-0.8999, 1.3979, 1.87865, 1.4423, -1.49578, -1.2725, -0.32045], [-0.97852, 1.12284, 2.00729, 1.69695, -1.25785, -1.10087, -0.29407], [-1.05715, 0.84777, 2.13594, 1.9516, -1.01993, -0.92924, -0.26769], [-1.13577, 0.57271, 2.26459, 2.20626, -0.78201, -0.75761, -0.24131], [-1.20131, 0.34342, 2.37183, 2.41854, -0.58367, -0.61453, -0.21931], [-0.89333, 0.20724, 2.38624, 2.29535, -0.87901, -0.7462, -0.34838], [-0.58535, 0.07107, 2.40064, 2.17216, -1.17435, -0.87787, -0.47744], [-0.27736, -0.0651, 2.41504, 2.04897, -1.46969, -1.00953, -0.60651], [-0.06078, -0.16086, 2.42517, 1.96234, -1.67738, -1.10212, -0.69727], [-0.29684, -0.34789, 2.32116, 2.00793, -1.87061, -1.11605, -1.02722], [-0.53291, -0.53491, 2.21715, 2.05351, -2.06384, -1.12997, -1.35718], [-0.76897, -0.72193, 2.11314, 2.09909, -2.25706, -1.14389, -1.68713], [-1.00503, -0.90895, 2.00914, 2.14467, -2.45029, -1.15782, -2.01709], [-1.2411, -1.09597, 1.90513, 2.19026, -2.64352, -1.17174, -2.34704], [-1.39629, -1.21893, 1.83675, 2.22022, -2.77055, -1.18089, -2.56396], [-1.55426, -1.3183, 1.7706, 2.06876, -2.54826, -0.80908, -2.57767], [-1.71223, -1.41768, 1.70445, 1.9173, -2.32596, -0.43726, -2.59138], [-1.8702, -1.51706, 1.6383, 1.76583, -2.10366, -0.06544, -2.60509], [-2.02816, -1.61644, 1.57215, 1.61437, -1.88136, 0.30638, -2.6188], [-2.18613, -1.71582, 1.506, 1.46291, -1.65906, 0.6782, -2.63251], [-2.3441, -1.8152, 1.43986, 1.31144, -1.43676, 1.05001, -2.64622], [-2.50207, -1.91458, 1.37371, 1.15998, -1.21447, 1.42183, -2.65993]]
end: [-2.5586799999999998, -1.9501999999999999, 1.3500000000000001, 1.1056999999999999, -1.1348, 1.55508, -2.6648499999999999]
obtacles: [[[0.6, -0.4, -0.2], [1.0, 0.6, -0.3]], [[0.7, -0.1, -0.2], [1.1, -0.0, 0.4]], [[0.7, 0.5, -0.2], [1.1, 0.6, 0.4]], [[0.7, -0.1, 0.4], [1.1, 0.6, 0.5]]]
start: [-0.86307, 1.92631, 1.8500000000000001, 0.97565000000000002, -2.01878, -1.552, -0.05781]
tajectories: [[-0.86307, 1.92631, 1.85, 0.97565, -2.01878, -1.552, -0.05781], [-0.9196, 1.49507, 1.94561, 1.00503, -1.87881, -1.44569, 0.08339], [-0.97612, 1.06382, 2.04122, 1.03442, -1.73885, -1.33939, 0.22459], [-1.03264, 0.63258, 2.13683, 1.0638, -1.59888, -1.23308, 0.3658], [-1.08916, 0.20134, 2.23243, 1.09319, -1.45892, -1.12678, 0.507], [-1.14568, -0.22991, 2.32804, 1.12257, -1.31895, -1.02047, 0.64821], [-1.20221, -0.66115, 2.42365, 1.15196, -1.17899, -0.91417, 0.78941], [-1.2088, -0.71144, 2.4348, 1.15538, -1.16267, -0.90177, 0.80587], [-1.26512, -0.88057, 2.04251, 1.02469, -1.32023, -0.849, 0.66572], [-1.32144, -1.0497, 1.65022, 0.89399, -1.47778, -0.79623, 0.52557], [-1.37776, -1.21883, 1.25794, 0.76329, -1.63534, -0.74346, 0.38542], [-1.43408, -1.38797, 0.86565, 0.63259, -1.79289, -0.69069, 0.24527], [-1.46743, -1.48812, 0.63336, 0.5552, -1.88619, -0.65945, 0.16228], [-1.56816, -1.47434, 0.58314, 0.43767, -1.71127, -0.26849, -0.03744], [-1.66889, -1.46057, 0.53291, 0.32015, -1.53636, 0.12247, -0.23715], [-1.76963, -1.4468, 0.48269, 0.20262, -1.36145, 0.51342, -0.43687], [-1.87036, -1.43303, 0.43247, 0.08509, -1.18654, 0.90438, -0.63659], [-1.97109, -1.41926, 0.38225, -0.03243, -1.01163, 1.29534, -0.8363], [-2.00741, -1.41429, 0.36414, -0.07481, -0.94857, 1.43629, -0.90831], [-1.94901, -1.48359, 0.01147, 0.09693, -0.86166, 1.40667, -1.19024], [-1.89061, -1.55288, -0.3412, 0.26868, -0.77476, 1.37705, -1.47218], [-1.83221, -1.62218, -0.69387, 0.44042, -0.68786, 1.34743, -1.75412], [-1.77381, -1.69148, -1.04654, 0.61216, -0.60096, 1.31781, -2.03606], [-1.71542, -1.76077, -1.3992, 0.7839, -0.51406, 1.28819, -2.31799], [-1.65702, -1.83007, -1.75187, 0.95564, -0.42716, 1.25857, -2.59993], [-1.60803, -1.88819, -2.04768, 1.09969, -0.35427, 1.23372, -2.83641], [-1.7147, -1.8939, -1.58542, 1.16989, -0.46438, 1.27112, -2.75607], [-1.82137, -1.89961, -1.12316, 1.24008, -0.57448, 1.30852, -2.67572], [-1.92804, -1.90532, -0.6609, 1.31028, -0.68459, 1.34592, -2.59538], [-2.03471, -1.91103, -0.19864, 1.38048, -0.79469, 1.38332, -2.51504], [-2.14138, -1.91674, 0.26362, 1.45067, -0.9048, 1.42071, -2.43469], [-2.24805, -1.92245, 0.72588, 1.52087, -1.0149, 1.45811, -2.35435], [-2.35472, -1.92815, 1.18814, 1.59107, -1.12501, 1.49551, -2.274]]
end: [-2.4382299999999999, -1.93262, 1.55, 1.64602, -1.2112000000000001, 1.5247900000000001, -2.2111100000000001]
obtacles: [[[0.6, -0.4, -0.2], [1.0, 0.6, -0.3]], [[0.7, -0.1, -0.2], [1.1, -0.0, 0.4]], [[0.7, 0.5, -0.2], [1.1, 0.6, 0.4]], [[0.7, -0.1, 0.4], [1.1, 0.6, 0.5]]]
start: [-0.86301000000000005, 1.6451199999999999, 1.75, 1.22235, -1.7030000000000001, -1.4286000000000001, -0.34322999999999998]
tajectories: [[-0.86301, 1.64512, 1.75, 1.22235, -1.703, -1.4286, -0.34323], [-0.84163, 1.31484, 1.79187, 1.28632, -1.52801, -1.16226, -0.52502], [-0.82024, 0.98456, 1.83375, 1.35029, -1.35302, -0.89591, -0.70682], [-0.79886, 0.65428, 1.87562, 1.41426, -1.17802, -0.62957, -0.88861], [-0.77747, 0.324, 1.91749, 1.47823, -1.00303, -0.36323, -1.07041], [-0.75609, -0.00628, 1.95937, 1.5422, -0.82804, -0.09688, -1.2522], [-0.74046, -0.24773, 1.98998, 1.58896, -0.70011, 0.09782, -1.3851], [-0.87028, -0.34642, 1.96715, 1.56467, -0.2813, 0.31416, -1.3757], [-1.0001, -0.44512, 1.94431, 1.54037, 0.13751, 0.5305, -1.3663], [-1.12992, -0.54381, 1.92148, 1.51607, 0.55632, 0.74684, -1.3569], [-1.25974, -0.64251, 1.89865, 1.49177, 0.97513, 0.96318, -1.3475], [-1.32347, -0.69095, 1.88745, 1.47984, 1.18071, 1.06937, -1.34289], [-1.50126, -0.86822, 1.82038, 1.44637, 0.80484, 1.14205, -1.52941], [-1.67904, -1.04548, 1.75332, 1.4129, 0.42896, 1.21473, -1.71593], [-1.85683, -1.22274, 1.68625, 1.37943, 0.05309, 1.2874, -1.90245], [-2.03462, -1.40001, 1.61919, 1.34596, -0.32278, 1.36008, -2.08897], [-2.21241, -1.57727, 1.55212, 1.31248, -0.69865, 1.43276, -2.27549], [-2.39019, -1.75453, 1.48505, 1.27901, -1.07453, 1.50543, -2.46201]]
end: [-2.48312, -1.8471900000000001, 1.45, 1.26152, -1.2709900000000001, 1.54342, -2.5594999999999999]
obtacles: [[[0.6, -0.4, -0.2], [1.0, 0.6, -0.3]], [[0.7, -0.1, -0.2], [1.1, -0.0, 0.4]], [[0.7, 0.5, -0.2], [1.1, 0.6, 0.4]], [[0.7, -0.1, 0.4], [1.1, 0.6, 0.5]]]
start: [-0.90139999999999998, 1.77145, 1.8, 1.5653900000000001, -1.77789, -1.34738, -0.61750000000000005]
tajectories: [[-0.9014, 1.77145, 1.8, 1.56539, -1.77789, -1.34738, -0.6175], [-1.06437, 1.47097, 1.62313, 1.59069, -1.67695, -1.23057, -0.8957], [-1.22734, 1.17048, 1.44627, 1.616, -1.576, -1.11376, -1.1739], [-1.3903, 0.87, 1.2694, 1.64131, -1.47506, -0.99695, -1.4521], [-1.55327, 0.56952, 1.09254, 1.66661, -1.37411, -0.88014, -1.73031], [-1.71624, 0.26904, 0.91567, 1.69192, -1.27317, -0.76333, -2.00851], [-1.87921, -0.03144, 0.73881, 1.71723, -1.17223, -0.64652, -2.28671], [-2.04218, -0.33192, 0.56194, 1.74253, -1.07128, -0.52971, -2.56491], [-2.12777, -0.48975, 0.46905, 1.75583, -1.01826, -0.46836, -2.71103], [-1.88616, -0.65423, 0.746, 1.89483, -0.90097, -0.25742, -2.60961], [-1.64455, -0.81872, 1.02296, 2.03384, -0.78368, -0.04648, -2.50819], [-1.40294, -0.9832, 1.29992, 2.17285, -0.66639, 0.16446, -2.40677], [-1.16133, -1.14768, 1.57688, 2.31186, -0.5491, 0.3754, -2.30535], [-0.91972, -1.31217, 1.85384, 2.45087, -0.43181, 0.58634, -2.20393], [-0.87852, -1.34022, 1.90107, 2.47458, -0.41181, 0.62232, -2.18663], [-1.20376, -1.46623, 1.81597, 2.25089, -0.5793, 0.821, -2.24607], [-1.529, -1.59225, 1.73087, 2.0272, -0.74678, 1.01968, -2.30551], [-1.85424, -1.71826, 1.64577, 1.80351, -0.91427, 1.21837, -2.36496], [-2.17948, -1.84427, 1.56066, 1.57982, -1.08176, 1.41705, -2.4244]]
end: [-2.4113199999999999, -1.9340999999999999, 1.5, 1.4203699999999999, -1.2011499999999999, 1.5586800000000001, -2.4667699999999999]
obtacles: [[[0.6, -0.4, -0.2], [1.0, 0.6, -0.3]], [[0.7, -0.1, -0.2], [1.1, -0.0, 0.4]], [[0.7, 0.5, -0.2], [1.1, 0.6, 0.4]], [[0.7, -0.1, 0.4], [1.1, 0.6, 0.5]]]
start: [-0.43534, 1.75345, 1.8500000000000001, 0.60633999999999999, -1.9030899999999999, -1.56562, -0.1444]
tajectories: [[-0.43534, 1.75345, 1.85, 0.60634, -1.90309, -1.56562, -0.1444], [-0.51646, 1.4496, 1.46265, 0.60152, -1.88366, -1.54069, -0.13883], [-0.59759, 1.14574, 1.0753, 0.59671, -1.86424, -1.51575, -0.13326], [-0.67871, 0.84189, 0.68795, 0.59189, -1.84481, -1.49082, -0.12769], [-0.75983, 0.53804, 0.3006, 0.58707, -1.82539, -1.46589, -0.12212], [-0.83881, 0.24222, -0.07651, 0.58238, -1.80648, -1.44162, -0.1167], [-0.67475, 0.1402, 0.0557, 0.85188, -1.89868, -1.19464, -0.34707], [-0.5107, 0.03818, 0.18791, 1.12138, -1.99088, -0.94767, -0.57743], [-0.34664, -0.06384, 0.32013, 1.39088, -2.08309, -0.70069, -0.80779], [-0.18258, -0.16586, 0.45234, 1.66039, -2.17529, -0.45372, -1.03816], [-0.01852, -0.26789, 0.58455, 1.92989, -2.26749, -0.20675, -1.26852], [0.14553, -0.36991, 0.71677, 2.19939, -2.3597, 0.04023, -1.49889], [0.2393, -0.42822, 0.79233, 2.35343, -2.4124, 0.18139, -1.63055], [0.2987, -0.063, 0.92076, 2.39908, -2.7056, 0.27323, -1.64108], [0.3581, 0.30221, 1.04919, 2.44472, -2.9988, 0.36508, -1.6516], [0.41749, 0.66743, 1.17761, 2.49037, -3.292, 0.45692, -1.66213], [0.47689, 1.03264, 1.30604, 2.53602, -3.5852, 0.54876, -1.67265], [0.53629, 1.39786, 1.43447, 2.58167, -3.8784, 0.64061, -1.68318], [0.59568, 1.76307, 1.56289, 2.62731, -4.1716, 0.73245, -1.6937], [0.62838, 1.96414, 1.6336, 2.65244, -4.33302, 0.78301, -1.6995], [0.525, 1.9489, 1.67119, 2.47914, -3.99154, 0.48881, -1.63263], [0.42162, 1.93367, 1.70879, 2.30584, -3.65006, 0.1946, -1.56577], [0.31823, 1.91843, 1.74638, 2.13254, -3.30859, -0.0996, -1.4989], [0.21485, 1.9032, 1.78398, 1.95924, -2.96711, -0.3938, -1.43204], [0.11146, 1.88796, 1.82157, 1.78594, -2.62564, -0.68801, -1.36517], [0.00808, 1.87273, 1.85917, 1.61264, -2.28416, -0.98221, -1.29831], [-0.09531, 1.85749, 1.89677, 1.43933, -1.94268, -1.27641, -1.23145]]
end: [-0.1042, 1.8561799999999999, 1.8999999999999999, 1.42442, -1.9133, -1.3017300000000001, -1.2256899999999999]
obtacles: [[[0.6, -0.4, -0.2], [1.0, 0.6, -0.3]], [[0.7, -0.1, -0.2], [1.1, -0.0, 0.4]], [[0.7, 0.5, -0.2], [1.1, 0.6, 0.4]], [[0.7, -0.1, 0.4], [1.1, 0.6, 0.5]]]
start: [-0.64766000000000001, 1.9428799999999999, 2.0, 1.4215, -2.0284200000000001, -1.23525, -0.61299999999999999]
tajectories: [[-0.64766, 1.94288, 2.0, 1.4215, -2.02842, -1.23525, -0.613], [-0.80616, 1.77238, 1.84446, 1.25758, -1.92123, -1.20087, -0.24959], [-0.96466, 1.60187, 1.68892, 1.09365, -1.81404, -1.1665, 0.11383], [-1.12317, 1.43137, 1.53338, 0.92973, -1.70685, -1.13212, 0.47724], [-1.28167, 1.26087, 1.37784, 0.7658, -1.59966, -1.09774, 0.84066], [-1.44018, 1.09036, 1.2223, 0.60188, -1.49247, -1.06336, 1.20407], [-1.59868, 0.91986, 1.06677, 0.43796, -1.38528, -1.02898, 1.56749], [-1.75719, 0.74936, 0.91123, 0.27403, -1.27809, -0.9946, 1.9309], [-1.78415, 0.72036, 0.88477, 0.24615, -1.25986, -0.98876, 1.99271], [-1.78109, 0.46387, 0.83741, 0.54258, -0.95551, -1.02486, 1.98011], [-1.77803, 0.20738, 0.79005, 0.839, -0.65116, -1.06097, 1.96751], [-1.77498, -0.04911, 0.74269, 1.13543, -0.34681, -1.09707, 1.95492], [-1.77192, -0.30561, 0.69533, 1.43185, -0.04246, -1.13318, 1.94232], [-1.76972, -0.49055, 0.66118, 1.64559, 0.17699, -1.15922, 1.93324], [-1.83412, -0.68653, 0.6129, 1.8094, -0.00496, -0.78409, 1.86648], [-1.89852, -0.8825, 0.56461, 1.97321, -0.18692, -0.40897, 1.79972], [-1.96292, -1.07848, 0.51633, 2.13703, -0.36887, -0.03385, 1.73296], [-2.02732, -1.27446, 0.46805, 2.30084, -0.55083, 0.34127, 1.66621], [-2.09172, -1.47044, 0.41976, 2.46465, -0.73278, 0.71639, 1.59945], [-2.15612, -1.66641, 0.37148, 2.62846, -0.91474, 1.09151, 1.53269], [-2.21017, -1.8309, 0.33095, 2.76595, -1.06746, 1.40635, 1.47666], [-2.23939, -1.81636, 0.4767, 2.61847, -1.11098, 1.42419, 1.0253], [-2.26862, -1.80183, 0.62244, 2.471, -1.15451, 1.44202, 0.57393], [-2.29785, -1.7873, 0.76819, 2.32352, -1.19804, 1.45985, 0.12257], [-2.32707, -1.77276, 0.91393, 2.17604, -1.24157, 1.47769, -0.3288], [-2.3563, -1.75823, 1.05968, 2.02857, -1.2851, 1.49552, -0.78016], [-2.38552, -1.7437, 1.20542, 1.88109, -1.32863, 1.51335, -1.23153], [-2.41475, -1.72916, 1.35117, 1.73361, -1.37216, 1.53119, -1.68289], [-2.44397, -1.71463, 1.49691, 1.58613, -1.41569, 1.54902, -2.13426]]
end: [-2.4546199999999998, -1.7093400000000001, 1.55, 1.5324199999999999, -1.43154, 1.5555099999999999, -2.2986599999999999]
obtacles: [[[0.6, -0.4, -0.2], [1.0, 0.6, -0.3]], [[0.7, -0.1, -0.2], [1.1, -0.0, 0.4]], [[0.7, 0.5, -0.2], [1.1, 0.6, 0.4]], [[0.7, -0.1, 0.4], [1.1, 0.6, 0.5]]]
start: [-0.73562000000000005, 1.88889, 1.7, 1.1988000000000001, -1.9133, -1.57046, -0.44238]
tajectories: [[-0.73562, 1.88889, 1.7, 1.1988, -1.9133, -1.57046, -0.44238], [-0.93603, 1.85531, 1.5951, 1.46247, -2.22172, -1.39079, -0.41446], [-1.13645, 1.82173, 1.49019, 1.72613, -2.53013, -1.21112, -0.38655], [-1.33687, 1.78815, 1.38529, 1.9898, -2.83855, -1.03146, -0.35864], [-1.48101, 1.764, 1.30985, 2.17942, -3.06036, -0.90224, -0.33856], [-1.14655, 1.79748, 1.36489, 2.22726, -2.90672, -0.61215, -0.49329], [-0.81209, 1.83096, 1.41994, 2.2751, -2.75308, -0.32206, -0.64802], [-0.47763, 1.86444, 1.47498, 2.32294, -2.59944, -0.03198, -0.80275], [-0.22572, 1.88965, 1.51644, 2.35897, -2.48372, 0.18651, -0.91929], [-0.20331, 1.89215, 1.56116, 2.12862, -2.3456, -0.2246, -0.9989], [-0.1809, 1.89465, 1.60588, 1.89827, -2.20748, -0.63572, -1.07851], [-0.15849, 1.89714, 1.6506, 1.66792, -2.06936, -1.04684, -1.15812], [-0.13608, 1.89964, 1.69532, 1.43758, -1.93124, -1.45795, -1.23773]]
end: [-0.13374, 1.8998999999999999, 1.7, 1.4134899999999999, -1.91679, -1.50095, -1.2460500000000001]
obtacles: [[[0.6, -0.4, -0.2], [1.0, 0.6, -0.3]], [[0.7, -0.1, -0.2], [1.1, -0.0, 0.4]], [[0.7, 0.5, -0.2], [1.1, 0.6, 0.4]], [[0.7, -0.1, 0.4], [1.1, 0.6, 0.5]]]
start: [-0.63861000000000001, 1.8086199999999999, 1.7, 1.2740100000000001, -1.8361499999999999, -1.51993, -0.61314999999999997]
tajectories: [[-0.63861, 1.80862, 1.7, 1.27401, -1.83615, -1.51993, -0.61315], [-0.58441, 1.59163, 1.8109, 1.06796, -1.50977, -1.33382, -0.67691], [-0.53021, 1.37464, 1.9218, 0.86191, -1.18339, -1.14772, -0.74066], [-0.47601, 1.15765, 2.0327, 0.65587, -0.85701, -0.96161, -0.80442], [-0.42182, 0.94065, 2.14361, 0.44982, -0.53063, -0.7755, -0.86817], [-0.36762, 0.72366, 2.25451, 0.24378, -0.20425, -0.58939, -0.93193], [-0.31342, 0.50667, 2.36541, 0.03773, 0.12212, -0.40329, -0.99568], [-0.29507, 0.4332, 2.40296, -0.03203, 0.23264, -0.34027, -1.01727], [-0.29322, 0.56197, 2.39414, 0.23324, -0.00743, -0.59478, -0.81587], [-0.29137, 0.69075, 2.38533, 0.49851, -0.2475, -0.84928, -0.61448], [-0.28952, 0.81952, 2.37651, 0.76379, -0.48757, -1.10379, -0.41308], [-0.28767, 0.9483, 2.36769, 1.02906, -0.72764, -1.35829, -0.21169], [-0.28615, 1.05378, 2.36047, 1.24635, -0.92428, -1.56676, -0.04673], [-0.21683, 1.04448, 2.25364, 1.58885, -1.00832, -1.54591, 0.28326], [-0.1475, 1.03517, 2.14681, 1.93136, -1.09235, -1.52507, 0.61324], [-0.07818, 1.02587, 2.03998, 2.27386, -1.17639, -1.50423, 0.94322], [-0.00885, 1.01657, 1.93315, 2.61637, -1.26043, -1.48338, 1.2732], [0.06047, 1.00727, 1.82632, 2.95887, -1.34446, -1.46254, 1.60319], [0.0912, 1.00314, 1.77896, 3.1107, -1.38172, -1.4533, 1.74946], [0.06895, 1.13252, 1.7682, 2.87744, -1.46178, -1.46191, 1.33503], [0.0467, 1.2619, 1.75744, 2.64418, -1.54185, -1.47053, 0.92059], [0.02444, 1.39127, 1.74668, 2.41092, -1.62191, -1.47914, 0.50616], [0.00219, 1.52065, 1.73591, 2.17766, -1.70198, -1.48776, 0.09172], [-0.02006, 1.65003, 1.72515, 1.9444, -1.78204, -1.49637, -0.32271], [-0.04232, 1.7794, 1.71439, 1.71114, -1.86211, -1.50499, -0.73715], [-0.06457, 1.90878, 1.70363, 1.47789, -1.94217, -1.5136, -1.15158]]
end: [-0.072069999999999995, 1.95238, 1.7, 1.39927, -1.96916, -1.51651, -1.29125]
obtacles: [[[0.6, -0.4, -0.2], [1.0, 0.6, -0.3]], [[0.7, -0.1, -0.2], [1.1, -0.0, 0.4]], [[0.7, 0.5, -0.2], [1.1, 0.6, 0.4]], [[0.7, -0.1, 0.4], [1.1, 0.6, 0.5]]]
start: [-0.74134999999999995, 1.67906, 1.7, 1.24759, -1.7149799999999999, -1.4835499999999999, -0.49292999999999998]
tajectories: [[-0.74135, 1.67906, 1.7, 1.24759, -1.71498, -1.48355, -0.49293], [-0.91529, 1.60894, 1.78953, 1.42183, -1.74072, -1.47609, -0.91213], [-1.08923, 1.53883, 1.87906, 1.59607, -1.76646, -1.46864, -1.33134], [-1.24405, 1.47642, 1.95875, 1.75116, -1.78938, -1.462, -1.70447], [-1.2641, 1.07605, 1.81022, 1.91976, -1.63432, -1.41051, -1.81456], [-1.28415, 0.67568, 1.66169, 2.08836, -1.47927, -1.35901, -1.92466], [-1.30419, 0.27531, 1.51316, 2.25697, -1.32421, -1.30751, -2.03476], [-1.32424, -0.12505, 1.36463, 2.42557, -1.16916, -1.25601, -2.14485], [-1.34429, -0.52542, 1.2161, 2.59417, -1.01411, -1.20451, -2.25495], [-1.36434, -0.92579, 1.06756, 2.76277, -0.85905, -1.15301, -2.36504], [-1.37535, -1.14583, 0.98593, 2.85544, -0.77384, -1.12471, -2.42555], [-1.53766, -1.22791, 1.06083, 2.62837, -0.86774, -0.73638, -2.43699], [-1.69997, -1.30998, 1.13573, 2.4013, -0.96165, -0.34805, -2.44844], [-1.86228, -1.39206, 1.21062, 2.17422, -1.05556, 0.04027, -2.45989], [-2.02459, -1.47414, 1.28552, 1.94715, -1.14946, 0.4286, -2.47133], [-2.1869, -1.55622, 1.36042, 1.72008, -1.24337, 0.81693, -2.48278], [-2.34921, -1.63829, 1.43531, 1.49301, -1.33728, 1.20526, -2.49422]]
end: [-2.4893999999999998, -1.7091799999999999, 1.5, 1.2968900000000001, -1.41838, 1.5406599999999999, -2.5041099999999998]
