obtacles: [[[0.6, -0.4, -0.2], [1.0, 0.6, -0.3]], [[0.8, -0.3, -0.2], [1.0, -0.2, 0.5]], [[0.8, 0.3, -0.2], [1.0, 0.4, 0.5]], [[0.8, -0.3, 0.5], [1.0, 0.4, 0.6]]]
start: [2.3521299999999998, -1.8524799999999999, -0.40000000000000002, 0.85355000000000003, 0.44172, 1.06551, -2.69415]
tajectories: [[2.35213, -1.85248, -0.4, 0.85355, 0.44172, 1.06551, -2.69415], [2.09327, -1.86226, -0.46301, 1.03201, 0.11041, 0.99649, -2.51373], [1.83442, -1.87204, -0.52601, 1.21048, -0.22089, 0.92748, -2.33332], [1.57556, -1.88182, -0.58902, 1.38895, -0.5522, 0.85846, -2.1529], [1.3167, -1.8916, -0.65202, 1.56741, -0.88351, 0.78944, -1.97248], [1.05784, -1.90138, -0.71503, 1.74588, -1.21481, 0.72042, -1.79207], [0.79898, -1.91116, -0.77803, 1.92434, -1.54612, 0.65141, -1.61165], [0.54012, -1.92095, -0.84104, 2.10281, -1.87742, 0.58239, -1.43124], [0.52865, -1.92138, -0.84383, 2.11072, -1.89211, 0.57933, -1.42324], [0.57115, -1.52173, -0.89252, 2.07631, -2.0748, 0.35239, -1.42949], [0.61365, -1.12207, -0.9412, 2.04189, -2.25749, 0.12545, -1.43573], [0.65616, -0.72242, -0.98988, 2.00748, -2.44018, -0.10149, -1.44197], [0.69866, -0.32277, -1.03857, 1.97306, -2.62287, -0.32843, -1.44822], [0.74116, 0.07688, -1.08725, 1.93865, -2.80556, -0.55537, -1.45446], [0.78366, 0.47653, -1.13594, 1.90423, -2.98826, -0.78231, -1.4607], [0.79344, 0.56848, -1.14714, 1.89632, -3.03029, -0.83452, -1.46214], [0.73929, 0.79767, -1.30302, 1.68186, -3.22199, -0.95951, -1.19405], [0.68514, 1.02687, -1.4589, 1.46739, -3.41369, -1.0845, -0.92595], [0.631, 1.25606, -1.61479, 1.25293, -3.60539, -1.20948, -0.65786], [0.57685, 1.48526, -1.77067, 1.03847, -3.79709, -1.33447, -0.38977], [0.5227, 1.71445, -1.92656, 0.82401, -3.98879, -1.45946, -0.12167]]
end: [0.47982000000000002, 1.89595, -2.0499999999999998, 0.65417999999999998, -4.1405900000000004, -1.55843, 0.090630000000000002]
obtacles: [[[0.6, -0.4, -0.2], [1.0, 0.6, -0.3]], [[0.8, -0.3, -0.2], [1.0, -0.2, 0.5]], [[0.8, 0.3, -0.2], [1.0, 0.4, 0.5]], [[0.8, -0.3, 0.5], [1.0, 0.4, 0.6]]]
start: [-0.2049, 1.87012, -2.0499999999999998, 1.10944, -4.2151500000000004, -1.3044199999999999, 1.1727000000000001]
tajectories: [[-0.2049, 1.87012, -2.05, 1.10944, -4.21515, -1.30442, 1.1727], [-0.11386, 1.90248, -1.96563, 1.32456, -4.03247, -1.56237, 1.17586], [0.07689, 1.71755, -2.08979, 1.62253, -4.10868, -1.4194, 1.19442], [0.3412, 1.89983, -2.05628, 1.70482, -4.33644, -1.12615, 1.16044]]
end: [0.39074999999999999, 1.9339999999999999, -2.0499999999999998, 1.72024, -4.3791399999999996, -1.07118, 1.1540699999999999]
obtacles: [[[0.6, -0.4, -0.2], [1.0, 0.6, -0.3]], [[0.8, -0.3, -0.2], [1.0, -0.2, 0.5]], [[0.8, 0.3, -0.2], [1.0, 0.4, 0.5]], [[0.8, -0.3, 0.5], [1.0, 0.4, 0.6]]]
start: [-0.25081999999999999, 1.5436799999999999, -2.0499999999999998, 0.72909000000000002, -4.3605200000000002, -1.2373799999999999, 0.92673000000000005]
tajectories: [[-0.25082, 1.54368, -2.05, 0.72909, -4.36052, -1.23738, 0.92673], [-0.35797, 1.33796, -2.21922, 1.08894, -4.41285, -1.04946, 0.93118], [-0.46511, 1.13224, -2.38843, 1.44879, -4.46519, -0.86153, 0.93563], [-0.57226, 0.92652, -2.55765, 1.80863, -4.51752, -0.6736, 0.94008], [-0.64662, 0.78375, -2.67508, 2.05836, -4.55384, -0.54318, 0.94316], [-0.34586, 0.93662, -2.44643, 2.25396, -4.61649, -0.7288, 0.85799], [-0.0451, 1.0895, -2.21778, 2.44956, -4.67914, -0.91441, 0.77282], [0.05768, 1.14174, -2.13965, 2.51639, -4.70055, -0.97784, 0.74371], [0.19574, 1.42929, -2.03904, 2.20609, -4.56572, -1.08744, 0.85165], [0.33381, 1.71684, -1.93844, 1.89578, -4.4309, -1.19703, 0.95959]]
end: [0.45517000000000002, 1.9696, -1.8500000000000001, 1.6230100000000001, -4.3123800000000001, -1.2933699999999999, 1.0544800000000001]
obtacles: [[[0.6, -0.4, -0.2], [1.0, 0.6, -0.3]], [[0.8, -0.3, -0.2], [1.0, -0.2, 0.5]], [[0.8, 0.3, -0.2], [1.0, 0.4, 0.5]], [[0.8, -0.3, 0.5], [1.0, 0.4, 0.6]]]
start: [-0.22592999999999999, 1.5542, -1.8500000000000001, 1.05423, -4.5864700000000003, -1.32039, 1.2666299999999999]
tajectories: [[-0.22593, 1.5542, -1.85, 1.05423, -4.58647, -1.32039, 1.26663], [-0.02779, 1.27675, -1.72718, 1.23034, -4.55779, -1.08921, 1.08389], [0.17036, 0.9993, -1.60437, 1.40645, -4.5291, -0.85802, 0.90116], [0.3685, 0.72185, -1.48155, 1.58255, -4.50042, -0.62683, 0.71843], [0.55171, 0.46531, -1.36799, 1.74539, -4.4739, -0.41307, 0.54947], [0.71218, 0.59756, -1.45365, 1.99923, -4.4568, -0.06834, 0.42356], [0.87265, 0.72981, -1.53932, 2.25308, -4.43971, 0.27639, 0.29766], [1.03312, 0.86206, -1.62498, 2.50693, -4.42261, 0.62112, 0.17175], [1.19359, 0.99431, -1.71065, 2.76077, -4.40552, 0.96585, 0.04585], [1.35406, 1.12656, -1.79632, 3.01462, -4.38842, 1.31058, -0.08005], [1.39799, 1.16277, -1.81977, 3.08411, -4.38374, 1.40495, -0.11452], [1.25092, 1.23628, -1.8237, 2.80743, -4.3885, 1.03538, -0.01554], [1.10385, 1.30979, -1.82763, 2.53075, -4.39327, 0.66582, 0.08344], [0.95678, 1.3833, -1.83155, 2.25407, -4.39803, 0.29625, 0.18242], [0.80971, 1.45681, -1.83548, 1.97739, -4.4028, -0.07331, 0.28141], [0.66263, 1.53032, -1.83941, 1.70071, -4.40756, -0.44288, 0.38039], [0.51556, 1.60383, -1.84334, 1.42403, -4.41233, -0.81245, 0.47937], [0.36849, 1.67734, -1.84727, 1.14735, -4.41709, -1.18201, 0.57835]]
end: [0.26626, 1.7284299999999999, -1.8500000000000001, 0.95503000000000005, -4.4203999999999999, -1.4389000000000001, 0.64715]
obtacles: [[[0.6, -0.4, -0.2], [1.0, 0.6, -0.3]], [[0.8, -0.3, -0.2], [1.0, -0.2, 0.5]], [[0.8, 0.3, -0.2], [1.0, 0.4, 0.5]], [[0.8, -0.3, 0.5], [1.0, 0.4, 0.6]]]
start: [-0.46544999999999997, 1.47068, -1.8500000000000001, 0.56455, -4.5282099999999996, -1.3375300000000001, 1.0224299999999999]
tajectories: [[-0.46545, 1.47068, -1.85, 0.56455, -4.52821, -1.33753, 1.02243], [-0.3922, 1.31976, -1.87918, 0.94814, -4.42881, -1.38949, 0.77488], [-0.31896, 1.16884, -1.90836, 1.33174, -4.32941, -1.44144, 0.52733], [-0.24572, 1.01792, -1.93755, 1.71533, -4.23002, -1.4934, 0.27977], [-0.24385, 1.01405, -1.93829, 1.72515, -4.22747, -1.49473, 0.27344], [0.08544, 1.34238, -1.90674, 1.61707, -4.25506, -1.44899, 0.40849], [0.41473, 1.67071, -1.87519, 1.50898, -4.28264, -1.40325, 0.54355]]
end: [0.67759000000000003, 1.9328000000000001, -1.8500000000000001, 1.4227000000000001, -4.3046499999999996, -1.36673, 0.65136000000000005]
obtacles: [[[0.6, -0.4, -0.2], [1.0, 0.6, -0.3]], [[0.8, -0.3, -0.2], [1.0, -0.2, 0.5]], [[0.8, 0.3, -0.2], [1.0, 0.4, 0.5]], [[0.8, -0.3, 0.5], [1.0, 0.4, 0.6]]]
start: [-0.49295, 1.5679700000000001, -1.8500000000000001, 0.29176999999999997, -4.4451999999999998, -1.48872, 0.77407999999999999]
tajectories: [[-0.49295, 1.56797, -1.85, 0.29177, -4.4452, -1.48872, 0.77408], [-0.52791, 1.46503, -1.84851, 0.6773, -4.45543, -1.38405, 1.05423], [-0.56288, 1.36208, -1.84702, 1.06284, -4.46565, -1.27939, 1.33437], [-0.57208, 1.33499, -1.84663, 1.16432, -4.46834, -1.25184, 1.40811], [-0.52312, 1.20944, -2.25207, 1.38897, -4.50093, -1.35676, 1.33796], [-0.47416, 1.08389, -2.65751, 1.61363, -4.53352, -1.46168, 1.26781], [-0.47089, 1.07552, -2.68456, 1.62862, -4.53569, -1.46868, 1.26313], [-0.16163, 1.29931, -2.49323, 1.69141, -4.38632, -1.48807, 1.06056], [0.14763, 1.52311, -2.3019, 1.75421, -4.23694, -1.50746, 0.85799], [0.44699, 1.73974, -2.1167, 1.81499, -4.09234, -1.52622, 0.66191], [0.65947, 1.86301, -1.92797, 1.48284, -4.24595, -1.43125, 0.55657]]
end: [0.74726000000000004, 1.91394, -1.8500000000000001, 1.3455999999999999, -4.3094099999999997, -1.3919999999999999, 0.51304000000000005]
obtacles: [[[0.6, -0.4, -0.2], [1.0, 0.6, -0.3]], [[0.8, -0.3, -0.2], [1.0, -0.2, 0.5]], [[0.8, 0.3, -0.2], [1.0, 0.4, 0.5]], [[0.8, -0.3, 0.5], [1.0, 0.4, 0.6]]]
start: [-0.083960000000000007, 1.95902, -1.8, 1.1253299999999999, -4.2652700000000001, -1.54413, 1.15798]
tajectories: [[-0.08396, 1.95902, -1.8, 1.12533, -4.26527, -1.54413, 1.15798], [-0.2161, 1.58684, -1.85845, 1.29089, -4.253, -1.48076, 1.40093], [-0.34824, 1.21466, -1.91689, 1.45646, -4.24072, -1.41739, 1.64388], [-0.48038, 0.84248, -1.97534, 1.62203, -4.22845, -1.35402, 1.88682], [-0.51362, 0.74886, -1.99004, 1.66367, -4.22537, -1.33808, 1.94793], [-0.21689, 0.66464, -1.99231, 1.6677, -3.83737, -1.27525, 1.9668], [0.07983, 0.58042, -1.99459, 1.67173, -3.44938, -1.21243, 1.98566], [0.37655, 0.4962, -1.99686, 1.67576, -3.06139, -1.14961, 2.00453], [0.67328, 0.41198, -1.99913, 1.67979, -2.6734, -1.08678, 2.0234], [0.97, 0.32776, -2.00141, 1.68382, -2.2854, -1.02396, 2.04226], [1.26141, 0.24505, -2.00364, 1.68777, -1.90436, -0.96226, 2.06079], [1.15235, 0.4704, -1.97315, 1.65716, -2.29436, -1.02214, 1.88824], [1.04329, 0.69576, -1.94266, 1.62654, -2.68435, -1.08202, 1.71569], [0.93423, 0.92111, -1.91218, 1.59592, -3.07434, -1.14189, 1.54313], [0.82516, 1.14647, -1.88169, 1.5653, -3.46433, -1.20177, 1.37058], [0.7161, 1.37183, -1.8512, 1.53468, -3.85433, -1.26164, 1.19803], [0.60704, 1.59718, -1.82071, 1.50407, -4.24432, -1.32152, 1.02548]]
end: [0.53295999999999999, 1.75027, -1.8, 1.4832700000000001, -4.5092499999999998, -1.36219, 0.90825999999999996]
obtacles: [[[0.6, -0.4, -0.2], [1.0, 0.6, -0.3]], [[0.8, -0.3, -0.2], [1.0, -0.2, 0.5]], [[0.8, 0.3, -0.2], [1.0, 0.4, 0.5]], [[0.8, -0.3, 0.5], [1.0, 0.4, 0.6]]]
start: [-0.23613999999999999, 1.70648, -1.8, 0.95613000000000004, -4.46828, -1.4646999999999999, 1.1636]
tajectories: [[-0.23614, 1.70648, -1.8, 0.95613, -4.46828, -1.4647, 1.1636], [-0.59328, 1.66808, -1.97159, 0.86522, -4.18216, -1.45251, 1.19903], [-0.95042, 1.62968, -2.14318, 0.77432, -3.89604, -1.44032, 1.23447], [-1.30756, 1.59127, -2.31477, 0.68341, -3.60991, -1.42813, 1.26991], [-1.36339, 1.58527, -2.34159, 0.6692, -3.56519, -1.42622, 1.27545], [-0.94674, 1.5883, -2.32067, 0.88371, -3.62916, -1.28422, 1.3509], [-0.5301, 1.59133, -2.29975, 1.09821, -3.69313, -1.14222, 1.42634], [-0.11345, 1.59435, -2.27883, 1.31271, -3.7571, -1.00022, 1.50179], [0.30319, 1.59738, -2.25791, 1.52721, -3.82108, -0.85822, 1.57724], [0.71984, 1.60041, -2.23699, 1.74172, -3.88505, -0.71622, 1.65269], [0.97355, 1.60225, -2.22426, 1.87234, -3.924, -0.62975, 1.69863], [0.75043, 1.67779, -2.09876, 1.66442, -4.0524, -0.88144, 1.46261], [0.52732, 1.75334, -1.97326, 1.45651, -4.18079, -1.13312, 1.2266], [0.30421, 1.82888, -1.84776, 1.24859, -4.30918, -1.38481, 0.99058]]
end: [0.21929999999999999, 1.8576299999999999, -1.8, 1.16947, -4.3580399999999999, -1.4805900000000001, 0.90076000000000001]
obtacles: [[[0.6, -0.4, -0.2], [1.0, 0.6, -0.3]], [[0.8, -0.3, -0.2], [1.0, -0.2, 0.5]], [[0.8, 0.3, -0.2], [1.0, 0.4, 0.5]], [[0.8, -0.3, 0.5], [1.0, 0.4, 0.6]]]
start: [-0.31812000000000001, 1.88479, -1.8500000000000001, 0.93217000000000005, -4.2961, -1.54444, 1.20025]
tajectories: [[-0.31812, 1.88479, -1.85, 0.93217, -4.2961, -1.54444, 1.20025], [-0.31434, 1.7838, -1.75235, 1.40159, -4.33477, -1.47518, 1.26034], [-0.31057, 1.68282, -1.65471, 1.871, -4.37344, -1.40591, 1.32043], [-0.30864, 1.63137, -1.60496, 2.11013, -4.39314, -1.37062, 1.35104], [0.10655, 1.59569, -1.73754, 2.02227, -4.27613, -1.44945, 1.5275], [0.48452, 1.56321, -1.85822, 1.94228, -4.16962, -1.52121, 1.68814], [0.51268, 1.75998, -1.77902, 1.72118, -4.24341, -1.49956, 1.3016]]
end: [0.54078000000000004, 1.9562999999999999, -1.7, 1.50057, -4.3170299999999999, -1.4779500000000001, 0.91593000000000002]
obtacles: [[[0.6, -0.4, -0.2], [1.0, 0.6, -0.3]], [[0.8, -0.3, -0.2], [1.0, -0.2, 0.5]], [[0.8, 0.3, -0.2], [1.0, 0.4, 0.5]], [[0.8, -0.3, 0.5], [1.0, 0.4, 0.6]]]
start: [-0.34525, 1.57535, -1.7, 0.62234999999999996, -4.6045600000000002, -1.4993300000000001, 0.96345000000000003]
tajectories: [[-0.34525, 1.57535, -1.7, 0.62235, -4.60456, -1.49933, 0.96345], [-0.25256, 1.43216, -1.80952, 0.72529, -4.62368, -1.16277, 0.67246], [-0.15987, 1.28896, -1.91905, 0.82822, -4.6428, -0.82621, 0.38147], [-0.06719, 1.14577, -2.02857, 0.93115, -4.66192, -0.48966, 0.09048], [0.0255, 1.00257, -2.1381, 1.03408, -4.68104, -0.1531, -0.20051], [0.11819, 0.85938, -2.24762, 1.13702, -4.70016, 0.18346, -0.4915], [0.21088, 0.71618, -2.35715, 1.23995, -4.71928, 0.52002, -0.7825], [0.29368, 0.58826, -2.45499, 1.3319, -4.73636, 0.82067, -1.04245], [0.50632, 0.77275, -2.4514, 1.58635, -4.42413, 0.84402, -0.95326], [0.71896, 0.95724, -2.44781, 1.8408, -4.11189, 0.86736, -0.86408], [0.93161, 1.14173, -2.44422, 2.09525, -3.79965, 0.8907, -0.7749], [1.14425, 1.32621, -2.44063, 2.3497, -3.48742, 0.91405, -0.68572], [1.35689, 1.5107, -2.43703, 2.60415, -3.17518, 0.93739, -0.59654], [1.56953, 1.69519, -2.43344, 2.8586, -2.86294, 0.96074, -0.50736], [1.64893, 1.76408, -2.4321, 2.95361, -2.74636, 0.96945, -0.47406], [1.47969, 1.7854, -2.3468, 2.73322, -2.94181, 0.65464, -0.30747], [1.31045, 1.80673, -2.2615, 2.51284, -3.13725, 0.33983, -0.14089], [1.1412, 1.82806, -2.1762, 2.29245, -3.3327, 0.02502, 0.02569], [0.97196, 1.84938, -2.09089, 2.07207, -3.52815, -0.28979, 0.19227], [0.80272, 1.87071, -2.00559, 1.85168, -3.7236, -0.6046, 0.35885], [0.63348, 1.89203, -1.92029, 1.6313, -3.91905, -0.91942, 0.52544], [0.46424, 1.91336, -1.83499, 1.41091, -4.1145, -1.23423, 0.69202]]
end: [0.29561999999999999, 1.9346000000000001, -1.75, 1.1913400000000001, -4.3092300000000003, -1.5478700000000001, 0.85797999999999996]
obtacles: [[[0.6, -0.4, -0.2], [1.0, 0.6, -0.3]], [[0.8, -0.3, -0.2], [1.0, -0.2, 0.5]], [[0.8, 0.3, -0.2], [1.0, 0.4, 0.5]], [[0.8, -0.3, 0.5], [1.0, 0.4, 0.6]]]
start: [-0.096280000000000004, 1.6126799999999999, -1.75, 1.16235, -4.6018100000000004, -1.4234500000000001, 1.2466999999999999]
tajectories: [[-0.09628, 1.61268, -1.75, 1.16235, -4.60181, -1.42345, 1.2467], [-0.13846, 1.40383, -1.67202, 0.95799, -4.36869, -1.19559, 1.47141], [-0.18064, 1.19498, -1.59404, 0.75362, -4.13557, -0.96773, 1.69611], [-0.22282, 0.98614, -1.51606, 0.54925, -3.90245, -0.73987, 1.92082], [-0.265, 0.77729, -1.43808, 0.34489, -3.66933, -0.51201, 2.14552], [-0.30719, 0.56845, -1.3601, 0.14052, -3.43621, -0.28415, 2.37023], [-0.34937, 0.3596, -1.28212, -0.06385, -3.20309, -0.05629, 2.59493], [-0.36052, 0.30439, -1.26151, -0.11788, -3.14145, 0.00395, 2.65434], [-0.01737, 0.48875, -1.31391, -0.0195, -3.09692, -0.25693, 2.52868], [0.32578, 0.67312, -1.36631, 0.07887, -3.05239, -0.51781, 2.40302], [0.66894, 0.85748, -1.4187, 0.17725, -3.00785, -0.7787, 2.27736], [1.01209, 1.04185, -1.4711, 0.27562, -2.96332, -1.03958, 2.15169], [1.35462, 1.22588, -1.52341, 0.37382, -2.91886, -1.29999, 2.02626], [1.42484, 1.21532, -1.67707, 0.63195, -2.92874, -1.16971, 1.65526], [1.49506, 1.20476, -1.83074, 0.89009, -2.93862, -1.03943, 1.28426], [1.56528, 1.19421, -1.9844, 1.14823, -2.94849, -0.90915, 0.91326], [1.6355, 1.18365, -2.13807, 1.40636, -2.95837, -0.77888, 0.54226], [1.70572, 1.17309, -2.29173, 1.6645, -2.96825, -0.6486, 0.17127], [1.77594, 1.16253, -2.44539, 1.92264, -2.97812, -0.51832, -0.19973], [1.84617, 1.15198, -2.59906, 2.18077, -2.988, -0.38805, -0.57073], [1.89814, 1.14416, -2.71279, 2.37183, -2.99531, -0.29163, -0.84532], [1.68783, 1.24175, -2.57002, 2.27363, -3.21893, -0.45091, -0.54392], [1.47752, 1.33933, -2.42725, 2.17543, -3.44256, -0.6102, -0.24251], [1.26721, 1.43691, -2.28448, 2.07723, -3.66618, -0.76948, 0.05889], [1.05691, 1.5345, -2.14171, 1.97903, -3.8898, -0.92877, 0.36029], [0.8466, 1.63208, -1.99895, 1.88083, -4.11342, -1.08806, 0.66169], [0.63629, 1.72966, -1.85618, 1.78263, -4.33705, -1.24734, 0.96309]]
end: [0.47988999999999998, 1.80223, -1.75, 1.7095899999999999, -4.5033599999999998, -1.3657999999999999, 1.1872400000000001]
obtacles: [[[0.6, -0.4, -0.2], [1.0, 0.6, -0.3]], [[0.8, -0.3, -0.2], [1.0, -0.2, 0.5]], [[0.8, 0.3, -0.2], [1.0, 0.4, 0.5]], [[0.8, -0.3, 0.5], [1.0, 0.4, 0.6]]]
start: [-0.025229999999999999, 1.50186, -1.75, 1.3643000000000001, -4.7439200000000001, -1.3815, 1.39872]
tajectories: [[-0.02523, 1.50186, -1.75, 1.3643, -4.74392, -1.3815, 1.39872], [-0.06975, 1.74602, -1.64467, 1.66165, -4.62454, -1.42906, 1.30643], [0.04324, 1.76611, -1.55881, 1.69902, -4.5397, -1.41194, 1.14483], [0.39585, 1.68356, -1.76995, 1.86072, -4.38625, -1.42538, 1.0967]]
end: [0.70855999999999997, 1.7262999999999999, -1.75, 1.7087699999999999, -4.5802699999999996, -1.3737999999999999, 0.97314000000000001]
obtacles: [[[0.6, -0.4, -0.2], [1.0, 0.6, -0.3]], [[0.8, -0.3, -0.2], [1.0, -0.2, 0.5]], [[0.8, 0.3, -0.2], [1.0, 0.4, 0.5]], [[0.8, -0.3, 0.5], [1.0, 0.4, 0.6]]]
start: [-0.074160000000000004, 1.5507, -1.75, 1.2402500000000001, -4.67293, -1.3948100000000001, 1.31274]
tajectories: [[-0.07416, 1.5507, -1.75, 1.24025, -4.67293, -1.39481, 1.31274], [-0.0235, 1.45695, -1.89549, 1.67523, -4.51808, -1.4549, 1.28662], [0.02715, 1.3632, -2.04098, 2.1102, -4.36322, -1.51499, 1.26049], [0.06381, 1.29537, -2.14626, 2.42496, -4.25116, -1.55847, 1.24159], [0.20748, 1.52438, -1.97222, 2.06307, -4.3463, -1.48433, 1.20818], [0.35114, 1.75339, -1.79819, 1.70119, -4.44144, -1.41019, 1.17476]]
end: [0.39093, 1.8168, -1.75, 1.6009800000000001, -4.4677899999999999, -1.3896599999999999, 1.16551]
obtacles: [[[0.6, -0.4, -0.2], [1.0, 0.6, -0.3]], [[0.8, -0.3, -0.2], [1.0, -0.2, 0.5]], [[0.8, 0.3, -0.2], [1.0, 0.4, 0.5]], [[0.8, -0.3, 0.5], [1.0, 0.4, 0.6]]]
start: [2.3789500000000001, -1.8059099999999999, -1.3500000000000001, 0.89819000000000004, -1.89123, -1.5493399999999999, -0.10589999999999999]
tajectories: [[2.37895, -1.80591, -1.35, 0.89819, -1.89123, -1.54934, -0.1059], [2.20163, -1.79499, -1.32673, 0.92764, -1.91602, -1.43588, -0.55705], [2.02431, -1.78408, -1.30346, 0.95708, -1.94081, -1.32242, -1.00821], [1.92313, -1.77785, -1.29018, 0.97389, -1.95496, -1.25768, -1.26563], [2.04817, -1.7258, -1.24724, 1.43606, -2.07082, -1.30938, -1.25513], [2.17321, -1.67376, -1.20431, 1.89824, -2.18668, -1.36108, -1.24464], [2.20234, -1.66163, -1.19431, 2.00594, -2.21367, -1.37313, -1.24219], [2.4316, -1.73238, -1.3002, 1.76736, -1.8993, -1.34944, -1.08438]]
end: [2.5394199999999998, -1.7656499999999999, -1.3500000000000001, 1.6551499999999999, -1.75145, -1.33829, -1.0101599999999999]
obtacles: [[[0.6, -0.4, -0.2], [1.0, 0.6, -0.3]], [[0.8, -0.3, -0.2], [1.0, -0.2, 0.5]], [[0.8, 0.3, -0.2], [1.0, 0.4, 0.5]], [[0.8, -0.3, 0.5], [1.0, 0.4, 0.6]]]
start: [2.34205, -1.77433, -1.3500000000000001, 0.92432000000000003, -1.8659600000000001, -1.5213300000000001, -0.094780000000000003]
tajectories: [[2.34205, -1.77433, -1.35, 0.92432, -1.86596, -1.52133, -0.09478], [2.28753, -1.64474, -1.39022, 0.91528, -1.56131, -1.18652, -0.24849], [2.23301, -1.51516, -1.43044, 0.90624, -1.25666, -0.8517, -0.4022], [2.17849, -1.38558, -1.47067, 0.89721, -0.95201, -0.51689, -0.55591], [2.12396, -1.256, -1.51089, 0.88817, -0.64736, -0.18208, -0.70961], [2.06944, -1.12642, -1.55111, 0.87913, -0.34271, 0.15273, -0.86332], [2.01492, -0.99683, -1.59133, 0.8701, -0.03806, 0.48754, -1.01703], [1.9604, -0.86725, -1.63156, 0.86106, 0.26659, 0.82235, -1.17074], [1.95097, -0.84483, -1.63852, 0.8595, 0.3193, 0.88028, -1.19733], [1.7743, -0.47365, -1.64006, 0.93927, 0.11211, 0.96858, -1.352], [1.59764, -0.10247, -1.64161, 1.01905, -0.09509, 1.05688, -1.50668], [1.42098, 0.26871, -1.64315, 1.09883, -0.30228, 1.14517, -1.66135], [1.24432, 0.63989, -1.6447, 1.17861, -0.50947, 1.23347, -1.81602], [1.06766, 1.01107, -1.64624, 1.25838, -0.71666, 1.32176, -1.9707], [0.89099, 1.38225, -1.64779, 1.33816, -0.92386, 1.41006, -2.12537], [0.71433, 1.75343, -1.64933, 1.41794, -1.13105, 1.49836, -2.28004]]
end: [0.63795999999999997, 1.9138999999999999, -1.6499999999999999, 1.4524300000000001, -1.22062, 1.53653, -2.3469099999999998]
obtacles: [[[0.6, -0.4, -0.2], [1.0, 0.6, -0.3]], [[0.8, -0.3, -0.2], [1.0, -0.2, 0.5]], [[0.8, 0.3, -0.2], [1.0, 0.4, 0.5]], [[0.8, -0.3, 0.5], [1.0, 0.4, 0.6]]]
start: [-0.13125999999999999, 1.83731, -1.7, 1.2308600000000001, -1.27671, 1.54142, -1.8011600000000001]
tajectories: [[-0.13126, 1.83731, -1.7, 1.23086, -1.27671, 1.54142, -1.80116], [-0.00929, 1.88948, -1.76066, 1.6103, -1.2577, 1.40842, -1.93919], [0.13789, 1.72007, -1.77455, 2.00998, -1.36445, 1.52953, -2.05598], [0.14106, 1.71643, -1.77485, 2.01859, -1.36674, 1.53214, -2.05849], [0.48064, 1.83543, -1.89815, 1.95458, -1.402, 1.55664, -2.18442]]
end: [0.68096999999999996, 1.78935, -1.7, 1.6178900000000001, -1.3565400000000001, 1.4345300000000001, -2.2335500000000001]
obtacles: [[[0.6, -0.4, -0.2], [1.0, 0.6, -0.3]], [[0.8, -0.3, -0.2], [1.0, -0.2, 0.5]], [[0.8, 0.3, -0.2], [1.0, 0.4, 0.5]], [[0.8, -0.3, 0.5], [1.0, 0.4, 0.6]]]
start: [-0.27838000000000002, 1.49566, -1.7, 0.62136999999999998, -1.50942, 1.43455, -2.2411599999999998]
tajectories: [[-0.27838, 1.49566, -1.7, 0.62137, -1.50942, 1.43455, -2.24116], [-0.21435, 1.4888, -1.65476, 0.89839, -1.39455, 1.21309, -1.91739], [-0.16441, 1.48345, -1.61948, 1.11441, -1.30498, 1.0404, -1.6649], [0.01472, 1.60997, -1.50522, 1.46814, -1.1577, 1.22683, -1.75019], [0.08652, 1.66068, -1.45943, 1.60993, -1.09867, 1.30155, -1.78438], [0.37325, 1.65737, -1.51678, 1.81679, -0.911, 1.23197, -1.87565], [0.52137, 1.86105, -1.60808, 1.61061, -1.0972, 1.42802, -2.1259]]
end: [0.58938999999999997, 1.95459, -1.6499999999999999, 1.5159199999999999, -1.1827000000000001, 1.5180499999999999, -2.2408199999999998]
obtacles: [[[0.6, -0.4, -0.2], [1.0, 0.6, -0.3]], [[0.8, -0.3, -0.2], [1.0, -0.2, 0.5]], [[0.8, 0.3, -0.2], [1.0, 0.4, 0.5]], [[0.8, -0.3, 0.5], [1.0, 0.4, 0.6]]]
start: [-0.34795999999999999, 1.57178, -1.6499999999999999, 0.56459999999999999, -1.50332, 1.52928, -2.23048]
tajectories: [[-0.34796, 1.57178, -1.65, 0.5646, -1.50332, 1.52928, -2.23048], [-0.16535, 1.30679, -1.75726, 0.85837, -1.28835, 1.53982, -2.18248], [0.01726, 1.04181, -1.86452, 1.15215, -1.07338, 1.55036, -2.13449], [0.09216, 0.93312, -1.90851, 1.27265, -0.98521, 1.55468, -2.1148], [0.18213, 1.28635, -2.05241, 1.51397, -1.13892, 1.45138, -2.17718], [0.25275, 1.56357, -2.16534, 1.70335, -1.25955, 1.37031, -2.22614], [0.52121, 1.61216, -1.86192, 1.51007, -1.39015, 1.45137, -2.37622]]
end: [0.70872999999999997, 1.6460900000000001, -1.6499999999999999, 1.37507, -1.4813700000000001, 1.5079899999999999, -2.4810400000000001]
obtacles: [[[0.6, -0.4, -0.2], [1.0, 0.6, -0.3]], [[0.8, -0.3, -0.2], [1.0, -0.2, 0.5]], [[0.8, 0.3, -0.2], [1.0, 0.4, 0.5]], [[0.8, -0.3, 0.5], [1.0, 0.4, 0.6]]]
start: [-0.22402, 1.6794800000000001, -1.7, 1.04715, -1.4118900000000001, 1.5140800000000001, -1.88198]
tajectories: [[-0.22402, 1.67948, -1.7, 1.04715, -1.41189, 1.51408, -1.88198], [-0.12059, 1.66871, -1.69769, 1.24622, -1.7423, 1.2135, -1.87617], [-0.01716, 1.65795, -1.69539, 1.44528, -2.07272, 0.91293, -1.87037], [0.08626, 1.64718, -1.69308, 1.64434, -2.40313, 0.61235, -1.86457], [0.18969, 1.63641, -1.69077, 1.84341, -2.73355, 0.31177, -1.85876], [0.29311, 1.62564, -1.68847, 2.04247, -3.06396, 0.01119, -1.85296], [0.32159, 1.62267, -1.68783, 2.09728, -3.15495, -0.07159, -1.85136], [0.60195, 1.44171, -1.60022, 2.20886, -2.87678, 0.12691, -1.8095], [0.8823, 1.26075, -1.51261, 2.32043, -2.59861, 0.3254, -1.76764], [1.16265, 1.07978, -1.425, 2.432, -2.32045, 0.5239, -1.72578], [1.44301, 0.89882, -1.33739, 2.54357, -2.04228, 0.72239, -1.68391], [1.72336, 0.71786, -1.24978, 2.65514, -1.76411, 0.92089, -1.64205], [2.00372, 0.53689, -1.16217, 2.76671, -1.48594, 1.11938, -1.60019], [2.05057, 0.50665, -1.14753, 2.78536, -1.43945, 1.15256, -1.59319], [1.75163, 0.69993, -1.23612, 2.48154, -1.42992, 1.2179, -1.73017], [1.45269, 0.8932, -1.32471, 2.17772, -1.42039, 1.28325, -1.86715], [1.15375, 1.08648, -1.41331, 1.87391, -1.41087, 1.3486, -2.00413], [0.85481, 1.27976, -1.5019, 1.57009, -1.40134, 1.41395, -2.14111], [0.55587, 1.47304, -1.5905, 1.26627, -1.39181, 1.4793, -2.27809], [0.25693, 1.66632, -1.67909, 0.96245, -1.38229, 1.54464, -2.41507]]
end: [0.18637999999999999, 1.71193, -1.7, 0.89073999999999998, -1.3800399999999999, 1.5600700000000001, -2.4474]
obtacles: [[[0.6, -0.4, -0.2], [1.0, 0.6, -0.3]], [[0.8, -0.3, -0.2], [1.0, -0.2, 0.5]], [[0.8, 0.3, -0.2], [1.0, 0.4, 0.5]], [[0.8, -0.3, 0.5], [1.0, 0.4, 0.6]]]
start: [-0.1701, 1.5906899999999999, -1.7, 0.90205999999999997, -1.4748000000000001, 1.48194, -2.0749900000000001]
tajectories: [[-0.1701, 1.59069, -1.7, 0.90206, -1.4748, 1.48194, -2.07499], [-0.08071, 1.45518, -1.68973, 1.13163, -1.13392, 1.27874, -2.19056], [-0.03479, 1.38557, -1.68446, 1.24955, -0.95882, 1.17436, -2.24993], [0.26208, 1.36295, -1.60807, 1.4614, -1.01693, 1.45167, -2.4242], [0.36625, 1.35501, -1.58126, 1.53573, -1.03732, 1.54898, -2.48535], [0.50105, 1.68056, -1.66392, 1.59861, -1.23687, 1.46755, -2.22341]]
end: [0.55989999999999995, 1.8226899999999999, -1.7, 1.6260699999999999, -1.32399, 1.4319900000000001, -2.1090499999999999]
obtacles: [[[0.6, -0.4, -0.2], [1.0, 0.6, -0.3]], [[0.8, -0.3, -0.2], [1.0, -0.2, 0.5]], [[0.8, 0.3, -0.2], [1.0, 0.4, 0.5]], [[0.8, -0.3, 0.5], [1.0, 0.4, 0.6]]]
start: [-0.19642999999999999, 1.77305, -1.7, 1.10138, -1.3322400000000001, 1.5490999999999999, -1.85951]
tajectories: [[-0.19643, 1.77305, -1.7, 1.10138, -1.33224, 1.5491, -1.85951], [-0.16638, 1.57024, -1.8804, 1.49766, -1.44466, 1.51297, -1.79287], [-0.13633, 1.36743, -2.0608, 1.89394, -1.55708, 1.47684, -1.72623], [-0.10627, 1.16462, -2.2412, 2.29022, -1.6695, 1.44071, -1.65959], [-0.08125, 0.99572, -2.39144, 2.62024, -1.76313, 1.41062, -1.60409], [0.06597, 1.18973, -2.22713, 2.29062, -1.65316, 1.43944, -1.8093], [0.21319, 1.38374, -2.06281, 1.961, -1.54319, 1.46826, -2.01452], [0.36041, 1.57774, -1.89849, 1.63137, -1.43323, 1.49708, -2.21973], [0.50763, 1.77175, -1.73418, 1.30175, -1.32326, 1.5259, -2.42495]]
end: [0.53825000000000001, 1.8121100000000001, -1.7, 1.23319, -1.3003899999999999, 1.53189, -2.4676300000000002]
obtacles: [[[0.6, -0.4, -0.2], [1.0, 0.6, -0.3]], [[0.8, -0.3, -0.2], [1.0, -0.2, 0.5]], [[0.8, 0.3, -0.2], [1.0, 0.4, 0.5]], [[0.8, -0.3, 0.5], [1.0, 0.4, 0.6]]]
start: [2.36876, -1.92076, -0.84999999999999998, 1.1247199999999999, -2.2559800000000001, -1.1468100000000001, -0.065610000000000002]
tajectories: [[2.36876, -1.92076, -0.85, 1.12472, -2.25598, -1.14681, -0.06561], [2.17937, -1.93011, -0.65828, 1.41979, -2.36288, -1.1685, 0.21426], [1.98999, -1.93947, -0.46656, 1.71485, -2.46977, -1.19018, 0.49413], [1.8006, -1.94883, -0.27484, 2.00992, -2.57667, -1.21186, 0.77401], [1.61122, -1.95818, -0.08312, 2.30498, -2.68356, -1.23354, 1.05388], [1.51172, -1.9631, 0.0176, 2.46, -2.73972, -1.24493, 1.20092], [1.25899, -1.61357, 0.1696, 2.47968, -2.92735, -1.17531, 1.18052], [1.00627, -1.26405, 0.32159, 2.49937, -3.11499, -1.10568, 1.16013], [0.75354, -0.91452, 0.47359, 2.51905, -3.30262, -1.03605, 1.13973], [0.50082, -0.56499, 0.62558, 2.53874, -3.49026, -0.96642, 1.11933], [0.24809, -0.21547, 0.77757, 2.55843, -3.67789, -0.89679, 1.09894], [0.1024, -0.01397, 0.8652, 2.56977, -3.78606, -0.85665, 1.08718], [0.20658, 0.24949, 0.51263, 2.41423, -3.87358, -0.95071, 1.01836], [0.31076, 0.51295, 0.16007, 2.25869, -3.9611, -1.04476, 0.94953], [0.41493, 0.77641, -0.19249, 2.10314, -4.04862, -1.13881, 0.8807], [0.51911, 1.03987, -0.54505, 1.9476, -4.13614, -1.23286, 0.81188], [0.62329, 1.30333, -0.89761, 1.79206, -4.22366, -1.32691, 0.74305], [0.72746, 1.56679, -1.25017, 1.63651, -4.31118, -1.42097, 0.67423], [0.83164, 1.83025, -1.60273, 1.48097, -4.3987, -1.51502, 0.6054]]
end: [0.84560999999999997, 1.86557, -1.6499999999999999, 1.46011, -4.4104400000000004, -1.52763, 0.59618000000000004]
obtacles: [[[0.6, -0.4, -0.2], [1.0, 0.6, -0.3]], [[0.8, -0.3, -0.2], [1.0, -0.2, 0.5]], [[0.8, 0.3, -0.2], [1.0, 0.4, 0.5]], [[0.8, -0.3, 0.5], [1.0, 0.4, 0.6]]]
start: [-0.24732999999999999, 1.6140399999999999, -1.6499999999999999, 1.0394399999999999, -4.6349099999999996, -1.52454, 1.2832699999999999]
tajectories: [[-0.24733, 1.61404, -1.65, 1.03944, -4.63491, -1.52454, 1.28327], [-0.26761, 1.57671, -1.52926, 1.39903, -4.41763, -1.48295, 1.13727], [-0.1056, 1.64643, -1.56167, 1.78627, -4.2274, -1.31627, 1.07471], [-0.06404, 1.66432, -1.56999, 1.8856, -4.1786, -1.27352, 1.05866], [0.27031, 1.83888, -1.7398, 2.05258, -4.25712, -1.30042, 1.21525], [0.58393, 1.79715, -1.66279, 1.7914, -4.47314, -1.43397, 1.10917]]
end: [0.63602000000000003, 1.7902199999999999, -1.6499999999999999, 1.7480100000000001, -4.5090300000000001, -1.4561599999999999, 1.09155]
obtacles: [[[0.6, -0.4, -0.2], [1.0, 0.6, -0.3]], [[0.8, -0.3, -0.2], [1.0, -0.2, 0.5]], [[0.8, 0.3, -0.2], [1.0, 0.4, 0.5]], [[0.8, -0.3, 0.5], [1.0, 0.4, 0.6]]]
start: [-0.42516999999999999, 1.4398299999999999, -1.6499999999999999, 0.60284000000000004, -4.7219300000000004, -1.4181600000000001, 1.03393]
tajectories: [[-0.42517, 1.43983, -1.65, 0.60284, -4.72193, -1.41816, 1.03393], [-0.32899, 1.43131, -1.65969, 1.00251, -4.72553, -1.52855, 0.77193], [-0.30202, 1.42892, -1.66241, 1.11461, -4.72655, -1.55952, 0.69844], [0.02251, 1.39172, -1.62109, 1.302, -4.43716, -1.52339, 0.84481], [0.27432, 1.36285, -1.58903, 1.44741, -4.21262, -1.49535, 0.95839], [0.53282, 1.61458, -1.74494, 1.7163, -4.32454, -1.41819, 0.88967], [0.62815, 1.70742, -1.80243, 1.81546, -4.36582, -1.38973, 0.86432]]
end: [0.63353999999999999, 1.7253499999999999, -1.6499999999999999, 1.4969600000000001, -4.55206, -1.50414, 0.85192999999999997]
obtacles: [[[0.6, -0.4, -0.2], [1.0, 0.6, -0.3]], [[0.8, -0.3, -0.2], [1.0, -0.2, 0.5]], [[0.8, 0.3, -0.2], [1.0, 0.4, 0.5]], [[0.8, -0.3, 0.5], [1.0, 0.4, 0.6]]]
start: [-0.32622000000000001, 1.4811300000000001, -1.6499999999999999, 0.71177999999999997, -4.7111999999999998, -1.45123, 1.04149]
tajectories: [[-0.32622, 1.48113, -1.65, 0.71178, -4.7112, -1.45123, 1.04149], [-0.38998, 1.45422, -1.76577, 0.98232, -4.54229, -1.31426, 0.70784], [-0.45374, 1.42731, -1.88155, 1.25286, -4.37338, -1.17729, 0.37419], [-0.51624, 1.40093, -1.99504, 1.51806, -4.20779, -1.04302, 0.04712], [-0.23459, 1.39775, -2.07508, 1.65499, -3.86698, -1.04155, -0.12421], [0.04705, 1.39457, -2.15511, 1.79191, -3.52616, -1.04009, -0.29554], [0.3287, 1.39138, -2.23515, 1.92884, -3.18535, -1.03863, -0.46687], [0.4025, 1.39055, -2.25612, 1.96472, -3.09604, -1.03825, -0.51177], [0.42288, 1.4492, -2.11974, 1.73222, -3.4346, -1.15462, -0.29887], [0.44326, 1.50785, -1.98335, 1.49973, -3.77316, -1.271, -0.08598], [0.46364, 1.5665, -1.84696, 1.26723, -4.11172, -1.38737, 0.12691], [0.48402, 1.62515, -1.71057, 1.03474, -4.45027, -1.50374, 0.33981]]
end: [0.49308000000000002, 1.6512, -1.6499999999999999, 0.93147999999999997, -4.6006299999999998, -1.5554300000000001, 0.43436000000000002]
obtacles: [[[0.6, -0.4, -0.2], [1.0, 0.6, -0.3]], [[0.8, -0.3, -0.2], [1.0, -0.2, 0.5]], [[0.8, 0.3, -0.2], [1.0, 0.4, 0.5]], [[0.8, -0.3, 0.5], [1.0, 0.4, 0.6]]]
start: [-0.089770000000000003, 1.73146, -1.6499999999999999, 1.1761999999999999, -4.5337199999999998, -1.5602, 1.25864]
tajectories: [[-0.08977, 1.73146, -1.65, 1.1762, -4.53372, -1.5602, 1.25864], [-0.03277, 1.84745, -1.85865, 1.55376, -4.32823, -1.49715, 1.22689], [0.02196, 1.95883, -2.05901, 1.91631, -4.13091, -1.43661, 1.19641], [0.38343, 1.93388, -1.85354, 1.75475, -4.25344, -1.4625, 1.0101]]
end: [0.74151999999999996, 1.9091499999999999, -1.6499999999999999, 1.5946899999999999, -4.3748199999999997, -1.4881599999999999, 0.82555000000000001]
obtacles: [[[0.6, -0.4, -0.2], [1.0, 0.6, -0.3]], [[0.8, -0.3, -0.2], [1.0, -0.2, 0.5]], [[0.8, 0.3, -0.2], [1.0, 0.4, 0.5]], [[0.8, -0.3, 0.5], [1.0, 0.4, 0.6]]]
start: [-0.59064000000000005, 1.50309, -1.6499999999999999, -0.36404999999999998, -4.6143200000000002, -1.5356799999999999, 0.22755]
tajectories: [[-0.59064, 1.50309, -1.65, -0.36405, -4.61432, -1.53568, 0.22755], [-0.57416, 1.36601, -1.71535, 0.02356, -4.37468, -1.50711, 0.0927], [-0.55768, 1.22893, -1.78069, 0.41116, -4.13504, -1.47854, -0.04215], [-0.5412, 1.09185, -1.84604, 0.79877, -3.8954, -1.44998, -0.177], [-0.52472, 0.95477, -1.91139, 1.18638, -3.65576, -1.42141, -0.31186], [-0.50825, 0.81769, -1.97674, 1.57399, -3.41612, -1.39284, -0.44671], [-0.49177, 0.68061, -2.04208, 1.96159, -3.17648, -1.36427, -0.58156], [-0.47723, 0.5597, -2.09973, 2.30349, -2.9651, -1.33908, -0.70051], [-0.26898, 0.64223, -1.86728, 2.37433, -3.32978, -1.25277, -0.68246], [-0.06073, 0.72476, -1.63484, 2.44518, -3.69447, -1.16647, -0.66442], [0.14753, 0.80729, -1.40239, 2.51602, -4.05916, -1.08017, -0.64637], [0.35578, 0.88982, -1.16995, 2.58686, -4.42384, -0.99387, -0.62832], [0.52248, 0.95589, -0.98388, 2.64356, -4.71576, -0.92479, -0.61388], [0.70584, 1.06382, -1.19057, 2.59231, -4.68327, -0.7736, -0.98194], [0.88921, 1.17175, -1.39725, 2.54107, -4.65078, -0.62241, -1.35], [1.07257, 1.27968, -1.60394, 2.48982, -4.61829, -0.47123, -1.71807], [1.25594, 1.38761, -1.81062, 2.43858, -4.5858, -0.32004, -2.08613], [1.28498, 1.4047, -1.84336, 2.43046, -4.58066, -0.29609, -2.14442], [1.15445, 1.45882, -1.8179, 2.29995, -4.56463, -0.45808, -1.71331], [1.02392, 1.51294, -1.79244, 2.16944, -4.5486, -0.62007, -1.28221], [0.89339, 1.56706, -1.76699, 2.03893, -4.53258, -0.78206, -0.8511], [0.76286, 1.62117, -1.74153, 1.90842, -4.51655, -0.94405, -0.41999], [0.63233, 1.67529, -1.71608, 1.77791, -4.50052, -1.10603, 0.01112], [0.50181, 1.72941, -1.69062, 1.6474, -4.4845, -1.26802, 0.44223], [0.37128, 1.78353, -1.66517, 1.51688, -4.46847, -1.43001, 0.87334]]
end: [0.29349999999999998, 1.8157799999999999, -1.6499999999999999, 1.43912, -4.45892, -1.5265299999999999, 1.13022]
obtacles: [[[0.6, -0.4, -0.2], [1.0, 0.6, -0.3]], [[0.8, -0.3, -0.2], [1.0, -0.2, 0.5]], [[0.8, 0.3, -0.2], [1.0, 0.4, 0.5]], [[0.8, -0.3, 0.5], [1.0, 0.4, 0.6]]]
start: [-0.27331, 1.4354800000000001, -1.6499999999999999, 1.0137, -4.7862099999999996, -1.43249, 1.2975000000000001]
tajectories: [[-0.27331, 1.43548, -1.65, 1.0137, -4.78621, -1.43249, 1.2975], [-0.14508, 1.38044, -1.44149, 1.31143, -4.75045, -1.1325, 1.21302], [-0.01686, 1.32539, -1.23297, 1.60916, -4.71469, -0.83251, 1.12855], [0.11137, 1.27034, -1.02446, 1.90688, -4.67893, -0.53252, 1.04407], [0.23959, 1.2153, -0.81594, 2.20461, -4.64317, -0.23253, 0.95959], [0.26198, 1.20569, -0.77954, 2.25658, -4.63692, -0.18016, 0.94485], [0.35381, 0.78298, -0.55988, 2.15302, -4.57979, -0.16877, 0.92213], [0.44565, 0.36027, -0.34023, 2.04947, -4.52265, -0.15738, 0.89942], [0.48893, 0.16105, -0.23671, 2.00067, -4.49572, -0.15202, 0.88872], [0.47887, 0.44869, -0.49893, 1.8338, -4.50604, -0.41405, 0.84637], [0.46882, 0.73632, -0.76115, 1.66693, -4.51636, -0.67608, 0.80402], [0.45876, 1.02395, -1.02337, 1.50007, -4.52669, -0.93812, 0.76168], [0.4487, 1.31159, -1.28559, 1.3332, -4.53701, -1.20015, 0.71933], [0.43865, 1.59922, -1.54782, 1.16634, -4.54733, -1.46218, 0.67698]]
end: [0.43473000000000001, 1.7113100000000001, -1.6499999999999999, 1.10131, -4.5513500000000002, -1.56429, 0.66047999999999996]
obtacles: [[[0.6, -0.4, -0.2], [1.0, 0.6, -0.3]], [[0.8, -0.3, -0.2], [1.0, -0.2, 0.5]], [[0.8, 0.3, -0.2], [1.0, 0.4, 0.5]], [[0.8, -0.3, 0.5], [1.0, 0.4, 0.6]]]
start: [2.2467100000000002, -1.8849499999999999, -1.3500000000000001, 1.0056099999999999, -1.9525300000000001, -1.5604, -0.073599999999999999]
tajectories: [[2.24671, -1.88495, -1.35, 1.00561, -1.95253, -1.5604, -0.0736], [2.07452, -1.46173, -1.29447, 1.07195, -2.12127, -1.54972, -0.14548], [1.90234, -1.03851, -1.23893, 1.1383, -2.29001, -1.53904, -0.21735], [1.73016, -0.6153, -1.1834, 1.20464, -2.45875, -1.52835, -0.28922], [1.55798, -0.19208, -1.12786, 1.27098, -2.62749, -1.51767, -0.3611], [1.3858, 0.23114, -1.07233, 1.33733, -2.79623, -1.50699, -0.43297], [1.21361, 0.65436, -1.01679, 1.40367, -2.96497, -1.49631, -0.50484], [1.04143, 1.07758, -0.96126, 1.47001, -3.13371, -1.48563, -0.57671], [0.9268, 1.35934, -0.92428, 1.51418, -3.24605, -1.47851, -0.62456], [0.73293, 1.46989, -1.21833, 1.28594, -3.39281, -1.49765, -0.42524], [0.53907, 1.58044, -1.51239, 1.0577, -3.53958, -1.51678, -0.22592], [0.3452, 1.69098, -1.80644, 0.82946, -3.68634, -1.53591, -0.0266], [0.15133, 1.80153, -2.10049, 0.60122, -3.83311, -1.55505, 0.17272]]
end: [0.019789999999999999, 1.8765400000000001, -2.2999999999999998, 0.44635999999999998, -3.93269, -1.56803, 0.30796000000000001]
obtacles: [[[0.6, -0.4, -0.2], [1.0, 0.6, -0.3]], [[0.8, -0.3, -0.2], [1.0, -0.2, 0.5]], [[0.8, 0.3, -0.2], [1.0, 0.4, 0.5]], [[0.8, -0.3, 0.5], [1.0, 0.4, 0.6]]]
start: [-0.30993999999999999, 1.8019499999999999, -2.2999999999999998, 0.80362, -4.0094200000000004, -1.2578499999999999, 0.90942000000000001]
tajectories: [[-0.30994, 1.80195, -2.3, 0.80362, -4.00942, -1.25785, 0.90942], [-0.26288, 1.73066, -2.31907, 1.26474, -4.04815, -1.1294, 0.80123], [-0.2261, 1.67494, -2.33397, 1.62514, -4.07843, -1.029, 0.71666], [0.09578, 1.77506, -2.35018, 1.76787, -4.04211, -0.92459, 0.79007], [0.40438, 1.75769, -2.44636, 1.52984, -4.18491, -1.17899, 0.84877], [0.40934, 1.75741, -2.44791, 1.52601, -4.18721, -1.18308, 0.84972]]
end: [0.60485999999999995, 1.95827, -2.2000000000000002, 1.6231, -4.2762900000000004, -0.97172000000000003, 0.75407999999999997]
obtacles: [[[0.6, -0.4, -0.2], [1.0, 0.6, -0.3]], [[0.8, -0.3, -0.2], [1.0, -0.2, 0.5]], [[0.8, 0.3, -0.2], [1.0, 0.4, 0.5]], [[0.8, -0.3, 0.5], [1.0, 0.4, 0.6]]]
start: [-0.33444000000000002, 1.7141299999999999, -2.2000000000000002, 0.67918000000000001, -4.1162400000000003, -1.3132299999999999, 0.88736999999999999]
tajectories: [[-0.33444, 1.71413, -2.2, 0.67918, -4.11624, -1.31323, 0.88737], [-0.43485, 1.62494, -2.12431, 0.91478, -3.71647, -1.25551, 0.97443], [-0.53526, 1.53575, -2.04862, 1.15038, -3.3167, -1.1978, 1.06148], [-0.63566, 1.44656, -1.97292, 1.38598, -2.91693, -1.14009, 1.14854], [-0.73607, 1.35737, -1.89723, 1.62159, -2.51716, -1.08237, 1.23559], [-0.794, 1.30591, -1.85356, 1.75753, -2.28649, -1.04907, 1.28582], [-0.32694, 1.29415, -1.78778, 1.76404, -2.36325, -1.03412, 1.43152], [0.14013, 1.28239, -1.722, 1.77055, -2.44001, -1.01917, 1.57722], [0.60719, 1.27063, -1.65622, 1.77706, -2.51677, -1.00421, 1.72292], [1.07425, 1.25887, -1.59044, 1.78357, -2.59353, -0.98926, 1.86861], [1.08111, 1.25869, -1.58947, 1.78367, -2.59466, -0.98904, 1.87075], [0.94977, 1.39287, -1.70933, 1.622, -2.87649, -1.05543, 1.57008], [0.81842, 1.52705, -1.82918, 1.46032, -3.15833, -1.12183, 1.26942], [0.68708, 1.66124, -1.94903, 1.29865, -3.44017, -1.18822, 0.96875], [0.55573, 1.79542, -2.06888, 1.13698, -3.722, -1.25462, 0.66808], [0.42439, 1.9296, -2.18873, 0.97531, -4.00384, -1.32101, 0.36741]]
end: [0.41204000000000002, 1.94221, -2.2000000000000002, 0.96011000000000002, -4.0303300000000002, -1.3272600000000001, 0.33914]
