obtacles: [[[0.6, -0.4, -0.2], [1.0, 0.6, -0.3]], [[0.7, -0.3, -0.2], [0.9, -0.2, 0.3]], [[0.7, 0.2, -0.2], [0.9, 0.3, 0.3]], [[0.7, -0.3, 0.3], [0.9, 0.3, 0.4]]]
start: [1.97942, -1.95357, -1.55, 1.52919, -1.9540900000000001, -1.5670599999999999, -0.36226000000000003]
tajectories: [[1.97942, -1.95357, -1.55, 1.52919, -1.95409, -1.56706, -0.36226], [1.82459, -1.5548, -1.4699, 1.68714, -1.88783, -1.41834, -0.45786], [1.66977, -1.15603, -1.3898, 1.84509, -1.82157, -1.26963, -0.55345], [1.51494, -0.75726, -1.3097, 2.00305, -1.75531, -1.12091, -0.64905], [1.36011, -0.35849, -1.2296, 2.161, -1.68905, -0.9722, -0.74465], [1.20529, 0.04028, -1.14949, 2.31896, -1.62279, -0.82348, -0.84025], [1.05046, 0.43905, -1.06939, 2.47691, -1.55653, -0.67477, -0.93584], [0.89564, 0.83782, -0.98929, 2.63487, -1.49027, -0.52605, -1.03144], [0.89392, 0.84223, -0.98841, 2.63661, -1.48954, -0.52441, -1.0325], [0.79656, 0.98799, -1.10042, 2.39529, -1.46546, -0.19845, -1.23661], [0.6992, 1.13375, -1.21243, 2.15396, -1.44137, 0.12751, -1.44072], [0.60184, 1.27952, -1.32444, 1.91263, -1.41729, 0.45346, -1.64483], [0.50447, 1.42528, -1.43645, 1.6713, -1.3932, 0.77942, -1.84894], [0.40711, 1.57104, -1.54846, 1.42997, -1.36912, 1.10538, -2.05305], [0.30975, 1.7168, -1.66047, 1.18865, -1.34504, 1.43133, -2.25716]]
end: [0.27539000000000002, 1.7682500000000001, -1.7, 1.10347, -1.3365400000000001, 1.54637, -2.3291900000000001]
obtacles: [[[0.6, -0.4, -0.2], [1.0, 0.6, -0.3]], [[0.7, -0.3, -0.2], [0.9, -0.2, 0.3]], [[0.7, 0.2, -0.2], [0.9, 0.3, 0.3]], [[0.7, -0.3, 0.3], [0.9, 0.3, 0.4]]]
start: [2.0566800000000001, -1.65469, -1.55, 1.4150100000000001, -4.7984900000000001, 1.5633300000000001, 2.8126899999999999]
tajectories: [[2.05668, -1.65469, -1.55, 1.41501, -4.79849, 1.56333, 2.81269], [1.91003, -1.55389, -1.51136, 1.49355, -4.70715, 1.366, 2.40847], [1.76337, -1.4531, -1.47273, 1.57209, -4.61581, 1.16866, 2.00426], [1.61672, -1.3523, -1.43409, 1.65063, -4.52448, 0.97133, 1.60004], [1.47006, -1.25151, -1.39546, 1.72918, -4.43314, 0.774, 1.19583], [1.32341, -1.15071, -1.35682, 1.80772, -4.3418, 0.57667, 0.79161], [1.17675, -1.04992, -1.31819, 1.88626, -4.25046, 0.37934, 0.3874], [1.0301, -0.94913, -1.27955, 1.9648, -4.15912, 0.18201, -0.01682], [0.90669, -0.86431, -1.24704, 2.03089, -4.08226, 0.01596, -0.35697], [1.12994, -0.99554, -1.29055, 2.04322, -3.74562, -0.19403, -0.51017], [1.3532, -1.12677, -1.33406, 2.05554, -3.40898, -0.40402, -0.66337], [1.57645, -1.25799, -1.37757, 2.06786, -3.07234, -0.61401, -0.81657], [1.7997, -1.38922, -1.42108, 2.08018, -2.7357, -0.824, -0.96977], [2.02296, -1.52045, -1.46459, 2.09251, -2.39906, -1.03399, -1.12297], [2.24621, -1.65168, -1.50809, 2.10483, -2.06243, -1.24398, -1.27617]]
end: [2.4612400000000001, -1.7780800000000001, -1.55, 2.1166999999999998, -1.7381899999999999, -1.4462299999999999, -1.4237200000000001]
obtacles: [[[0.6, -0.4, -0.2], [1.0, 0.6, -0.3]], [[0.7, -0.3, -0.2], [0.9, -0.2, 0.3]], [[0.7, 0.2, -0.2], [0.9, 0.3, 0.3]], [[0.7, -0.3, 0.3], [0.9, 0.3, 0.4]]]
start: [2.0823200000000002, -1.6684699999999999, -1.3, 1.4079200000000001, -1.71515, -1.3213299999999999, -0.31719999999999998]
tajectories: [[2.08232, -1.66847, -1.3, 1.40792, -1.71515, -1.32133, -0.3172], [1.84766, -1.53374, -1.2813, 1.50773, -1.87769, -0.95003, -0.36402], [1.61301, -1.399, -1.26261, 1.60753, -2.04023, -0.57874, -0.41084], [1.37835, -1.26426, -1.24391, 1.70734, -2.20276, -0.20744, -0.45767], [1.14369, -1.12952, -1.22522, 1.80714, -2.3653, 0.16386, -0.50449], [0.90904, -0.99479, -1.20652, 1.90694, -2.52784, 0.53515, -0.55131], [0.67438, -0.86005, -1.18783, 2.00675, -2.69038, 0.90645, -0.59813], [0.43972, -0.72531, -1.16913, 2.10655, -2.85292, 1.27774, -0.64495], [0.42781, -0.71847, -1.16818, 2.11162, -2.86117, 1.29659, -0.64733], [0.47947, -0.49028, -0.99213, 2.24967, -2.62725, 1.19215, -0.92943], [0.53113, -0.26208, -0.81609, 2.38772, -2.39333, 1.08772, -1.21154], [0.58279, -0.03389, -0.64004, 2.52577, -2.15941, 0.98328, -1.49364], [0.63445, 0.1943, -0.464, 2.66382, -1.92549, 0.87885, -1.77575], [0.68611, 0.4225, -0.28795, 2.80187, -1.69157, 0.77441, -2.05785], [0.72536, 0.59585, -0.15421, 2.90674, -1.51387, 0.69507, -2.27216], [0.70311, 0.87631, -0.43224, 2.69367, -1.45041, 0.88246, -2.17723], [0.68086, 1.15676, -0.71026, 2.48059, -1.38696, 1.06986, -2.0823], [0.65861, 1.43721, -0.98828, 2.26752, -1.3235, 1.25725, -1.98737], [0.63636, 1.71766, -1.26631, 2.05445, -1.26005, 1.44464, -1.89244]]
end: [0.62165999999999999, 1.90296, -1.45, 1.91367, -1.2181200000000001, 1.5684499999999999, -1.82972]
obtacles: [[[0.6, -0.4, -0.2], [1.0, 0.6, -0.3]], [[0.7, -0.3, -0.2], [0.9, -0.2, 0.3]], [[0.7, 0.2, -0.2], [0.9, 0.3, 0.3]], [[0.7, -0.3, 0.3], [0.9, 0.3, 0.4]]]
start: [2.1465100000000001, -1.69407, -1.45, 1.06124, -1.7374099999999999, -1.52637, -0.054980000000000001]
tajectories: [[2.14651, -1.69407, -1.45, 1.06124, -1.73741, -1.52637, -0.05498], [2.01226, -1.2913, -1.31261, 1.02893, -1.8533, -1.39905, -0.19709], [1.87802, -0.88854, -1.17523, 0.99662, -1.9692, -1.27173, -0.3392], [1.74377, -0.48577, -1.03784, 0.96432, -2.0851, -1.1444, -0.4813], [1.60952, -0.083, -0.90046, 0.93201, -2.201, -1.01708, -0.62341], [1.47528, 0.31977, -0.76307, 0.8997, -2.3169, -0.88976, -0.76552], [1.47341, 0.32538, -0.76116, 0.89925, -2.31852, -0.88799, -0.7675], [1.65334, 0.39551, -1.14417, 1.09397, -2.30579, -1.0473, -0.81793], [1.83328, 0.46564, -1.52719, 1.2887, -2.29305, -1.20662, -0.86836], [2.01322, 0.53578, -1.9102, 1.48342, -2.28032, -1.36593, -0.9188], [2.17308, 0.59808, -2.25047, 1.65641, -2.26901, -1.50747, -0.9636], [1.9216, 0.78333, -2.21097, 1.83977, -2.19548, -1.1892, -1.06636], [1.67012, 0.96857, -2.17148, 2.02313, -2.12194, -0.87094, -1.16912], [1.41864, 1.15381, -2.13198, 2.20649, -2.0484, -0.55267, -1.27188], [1.16715, 1.33905, -2.09249, 2.38985, -1.97487, -0.2344, -1.37464], [0.91567, 1.52429, -2.05299, 2.57321, -1.90133, 0.08387, -1.4774], [0.66419, 1.70954, -2.01349, 2.75657, -1.8278, 0.40213, -1.58016], [0.48486, 1.84163, -1.98533, 2.88733, -1.77536, 0.62909, -1.65344], [0.5904, 1.81459, -1.8505, 2.56407, -1.65553, 0.91161, -1.7993], [0.69593, 1.78755, -1.71568, 2.24081, -1.5357, 1.19414, -1.94516], [0.80147, 1.76051, -1.58085, 1.91755, -1.41587, 1.47667, -2.09103]]
end: [0.82562000000000002, 1.7543200000000001, -1.55, 1.8435900000000001, -1.38845, 1.54131, -2.1244000000000001]
obtacles: [[[0.6, -0.4, -0.2], [1.0, 0.6, -0.3]], [[0.7, -0.3, -0.2], [0.9, -0.2, 0.3]], [[0.7, 0.2, -0.2], [0.9, 0.3, 0.3]], [[0.7, -0.3, 0.3], [0.9, 0.3, 0.4]]]
start: [2.1113, -1.84812, -1.2, 0.68518999999999997, -2.0298799999999999, -1.5622400000000001, 0.39944000000000002]
tajectories: [[2.1113, -1.84812, -1.2, 0.68519, -2.02988, -1.56224, 0.39944], [1.98192, -1.78109, -1.31897, 0.92697, -1.77252, -1.36747, 0.17144], [1.85254, -1.71405, -1.43794, 1.16875, -1.51516, -1.1727, -0.05656], [1.72316, -1.64701, -1.55691, 1.41053, -1.25779, -0.97792, -0.28456], [1.59378, -1.57997, -1.67588, 1.65231, -1.00043, -0.78315, -0.51257], [1.46441, -1.51294, -1.79484, 1.89409, -0.74307, -0.58837, -0.74057], [1.39283, -1.47585, -1.86066, 2.02784, -0.60069, -0.48062, -0.8667], [1.5512, -1.43116, -1.83385, 2.108, -0.76326, -0.16729, -1.16865], [1.70957, -1.38647, -1.80704, 2.18816, -0.92583, 0.14604, -1.47059], [1.86794, -1.34179, -1.78022, 2.26833, -1.0884, 0.45937, -1.77254], [1.88904, -1.33583, -1.77665, 2.279, -1.11006, 0.50111, -1.81277], [2.03768, -1.45542, -1.65298, 2.15724, -1.27153, 0.14144, -1.6453], [2.18633, -1.57502, -1.52931, 2.03547, -1.43301, -0.21822, -1.47783], [2.33497, -1.69461, -1.40564, 1.9137, -1.59448, -0.57789, -1.31036], [2.48362, -1.8142, -1.28197, 1.79193, -1.75595, -0.93756, -1.14289]]
end: [2.5821399999999999, -1.89347, -1.2, 1.71122, -1.8629800000000001, -1.1759599999999999, -1.03189]
obtacles: [[[0.6, -0.4, -0.2], [1.0, 0.6, -0.3]], [[0.7, -0.3, -0.2], [0.9, -0.2, 0.3]], [[0.7, 0.2, -0.2], [0.9, 0.3, 0.3]], [[0.7, -0.3, 0.3], [0.9, 0.3, 0.4]]]
start: [2.3473099999999998, -1.8456999999999999, -1.2, 0.74165000000000003, -2.0272899999999998, -1.5353600000000001, 0.11274000000000001]
tajectories: [[2.34731, -1.8457, -1.2, 0.74165, -2.02729, -1.53536, 0.11274], [2.18248, -1.60154, -1.32001, 0.79718, -1.66572, -1.43007, 0.05021], [2.01765, -1.35738, -1.44003, 0.85271, -1.30415, -1.32477, -0.01232], [1.85281, -1.11322, -1.56004, 0.90824, -0.94258, -1.21947, -0.07485], [1.68798, -0.86905, -1.68006, 0.96376, -0.58101, -1.11417, -0.13737], [1.52315, -0.62489, -1.80007, 1.01929, -0.21944, -1.00888, -0.1999], [1.42397, -0.47798, -1.87228, 1.0527, -0.00189, -0.94552, -0.23752], [1.31653, -0.23825, -2.02831, 1.32992, 0.20324, -0.77586, -0.14306], [1.20909, 0.00148, -2.18434, 1.60715, 0.40837, -0.6062, -0.04859], [1.10165, 0.24121, -2.34037, 1.88437, 0.6135, -0.43654, 0.04588], [0.99421, 0.48094, -2.4964, 2.16159, 0.81863, -0.26688, 0.14035], [0.88677, 0.72067, -2.65244, 2.43881, 1.02377, -0.09722, 0.23482], [0.8441, 0.8159, -2.71441, 2.54893, 1.10525, -0.02983, 0.27234], [0.83793, 0.94606, -2.5573, 2.47488, 0.81198, 0.169, -0.00572], [0.83177, 1.07623, -2.40019, 2.40083, 0.51872, 0.36782, -0.28377], [0.82561, 1.20639, -2.24307, 2.32677, 0.22545, 0.56665, -0.56183], [0.81945, 1.33655, -2.08596, 2.25272, -0.06781, 0.76547, -0.83989], [0.81329, 1.46672, -1.92885, 2.17867, -0.36108, 0.9643, -1.11794], [0.80713, 1.59688, -1.77173, 2.10462, -0.65434, 1.16312, -1.396], [0.80097, 1.72704, -1.61462, 2.03056, -0.94761, 1.36195, -1.67406], [0.79481, 1.85721, -1.4575, 1.95651, -1.24087, 1.56077, -1.95211]]
end: [0.79451000000000005, 1.8634200000000001, -1.45, 1.9529700000000001, -1.25488, 1.5702700000000001, -1.96539]
obtacles: [[[0.6, -0.4, -0.2], [1.0, 0.6, -0.3]], [[0.7, -0.3, -0.2], [0.9, -0.2, 0.3]], [[0.7, 0.2, -0.2], [0.9, 0.3, 0.3]], [[0.7, -0.3, 0.3], [0.9, 0.3, 0.4]]]
start: [1.9678199999999999, -1.7213799999999999, -1.45, 1.24637, -1.75234, -1.5056400000000001, -0.057540000000000001]
tajectories: [[1.96782, -1.72138, -1.45, 1.24637, -1.75234, -1.50564, -0.05754], [1.67258, -1.47629, -1.38707, 1.32372, -1.97399, -1.32532, 0.04817], [1.37735, -1.2312, -1.32413, 1.40107, -2.19565, -1.14499, 0.15388], [1.08211, -0.98611, -1.2612, 1.47842, -2.4173, -0.96466, 0.2596], [0.78687, -0.74102, -1.19827, 1.55577, -2.63895, -0.78433, 0.36531], [0.49164, -0.49593, -1.13534, 1.63312, -2.86061, -0.60401, 0.47102], [0.1964, -0.25084, -1.0724, 1.71047, -3.08226, -0.42368, 0.57674], [0.03186, -0.11425, -1.03733, 1.75358, -3.2058, -0.32318, 0.63565], [0.28586, -0.35777, -1.17219, 1.89352, -3.04438, -0.39258, 0.87553], [0.53986, -0.60128, -1.30705, 2.03346, -2.88297, -0.46198, 1.1154], [0.79386, -0.8448, -1.44191, 2.17341, -2.72155, -0.53138, 1.35528], [1.04786, -1.08832, -1.57677, 2.31335, -2.56014, -0.60078, 1.59515], [1.30186, -1.33184, -1.71163, 2.45329, -2.39873, -0.67018, 1.83503], [1.55586, -1.57536, -1.84649, 2.59324, -2.23731, -0.73958, 2.0749], [1.56725, -1.58628, -1.85254, 2.59951, -2.23007, -0.7427, 2.08565], [1.69068, -1.60988, -1.79844, 2.52243, -2.15776, -0.82832, 1.62438], [1.81411, -1.63349, -1.74435, 2.44534, -2.08544, -0.91395, 1.1631], [1.93754, -1.6571, -1.69025, 2.36826, -2.01312, -0.99957, 0.70182], [2.06098, -1.68071, -1.63616, 2.29118, -1.9408, -1.0852, 0.24054], [2.18441, -1.70431, -1.58206, 2.21409, -1.86848, -1.17082, -0.22073], [2.30784, -1.72792, -1.52797, 2.13701, -1.79617, -1.25645, -0.68201], [2.43127, -1.75153, -1.47387, 2.05992, -1.72385, -1.34208, -1.14329]]
end: [2.4857399999999998, -1.7619499999999999, -1.45, 2.0259100000000001, -1.69194, -1.3798600000000001, -1.3468500000000001]
obtacles: [[[0.6, -0.4, -0.2], [1.0, 0.6, -0.3]], [[0.7, -0.3, -0.2], [0.9, -0.2, 0.3]], [[0.7, 0.2, -0.2], [0.9, 0.3, 0.3]], [[0.7, -0.3, 0.3], [0.9, 0.3, 0.4]]]
start: [2.2650000000000001, -1.66248, -1.45, 1.0683800000000001, -1.7095199999999999, -1.5096799999999999, -0.18199000000000001]
tajectories: [[2.265, -1.66248, -1.45, 1.06838, -1.70952, -1.50968, -0.18199], [1.87713, -1.68046, -1.42727, 1.21845, -1.66199, -1.34276, 0.03266], [1.48927, -1.69845, -1.40454, 1.36853, -1.61446, -1.17584, 0.24732], [1.1014, -1.71643, -1.38181, 1.5186, -1.56692, -1.00892, 0.46197], [0.98528, -1.72182, -1.37501, 1.56353, -1.55269, -0.95895, 0.52623], [1.27408, -1.70817, -1.33526, 1.78488, -1.63643, -0.75987, 0.26319], [1.56288, -1.69452, -1.29551, 2.00623, -1.72016, -0.56079, 0.00015], [1.85168, -1.68086, -1.25576, 2.22758, -1.8039, -0.36172, -0.26289], [2.14048, -1.66721, -1.21601, 2.44892, -1.88763, -0.16264, -0.52593], [2.14852, -1.66683, -1.2149, 2.45509, -1.88997, -0.15709, -0.53326], [2.22279, -1.75535, -1.28951, 2.2115, -1.90382, -0.55665, -0.64237], [2.29705, -1.84386, -1.36412, 1.96791, -1.91768, -0.95621, -0.75149], [2.37132, -1.93238, -1.43872, 1.72432, -1.93153, -1.35578, -0.8606]]
end: [2.3825400000000001, -1.9457599999999999, -1.45, 1.6875, -1.93363, -1.4161699999999999, -0.87709000000000004]
obtacles: [[[0.6, -0.4, -0.2], [1.0, 0.6, -0.3]], [[0.7, -0.3, -0.2], [0.9, -0.2, 0.3]], [[0.7, 0.2, -0.2], [0.9, 0.3, 0.3]], [[0.7, -0.3, 0.3], [0.9, 0.3, 0.4]]]
start: [1.92411, -1.7281299999999999, -1.45, 1.3665099999999999, -1.74996, -1.48594, -0.13186999999999999]
tajectories: [[1.92411, -1.72813, -1.45, 1.36651, -1.74996, -1.48594, -0.13187], [1.74567, -1.49447, -1.54244, 1.45186, -1.39335, -1.40226, -0.24831], [1.56723, -1.26081, -1.63488, 1.5372, -1.03674, -1.31857, -0.36476], [1.38879, -1.02715, -1.72732, 1.62254, -0.68013, -1.23489, -0.4812], [1.21036, -0.79349, -1.81976, 1.70789, -0.32352, -1.15121, -0.59765], [1.03192, -0.55983, -1.91219, 1.79323, 0.03309, -1.06752, -0.71409], [1.00047, -0.51865, -1.92849, 1.80827, 0.09594, -1.05277, -0.73461], [1.25104, -0.55789, -1.78077, 1.96548, 0.15115, -0.97515, -1.09526], [1.5016, -0.59714, -1.63306, 2.12269, 0.20635, -0.89752, -1.45592], [1.75217, -0.63638, -1.48534, 2.2799, 0.26155, -0.81989, -1.81657], [2.00274, -0.67563, -1.33763, 2.4371, 0.31675, -0.74227, -2.17722], [2.2533, -0.71487, -1.18992, 2.59431, 0.37195, -0.66464, -2.53787], [2.32244, -0.7257, -1.14915, 2.63769, 0.38718, -0.64322, -2.63739], [2.13634, -0.40934, -1.18457, 2.55062, 0.20473, -0.3846, -2.55819], [1.95024, -0.09298, -1.21998, 2.46356, 0.02227, -0.12598, -2.47899], [1.76413, 0.22338, -1.2554, 2.37649, -0.16018, 0.13264, -2.3998], [1.57803, 0.53974, -1.29081, 2.28942, -0.34264, 0.39126, -2.3206], [1.39192, 0.8561, -1.32622, 2.20235, -0.5251, 0.64988, -2.2414], [1.20582, 1.17246, -1.36164, 2.11528, -0.70755, 0.9085, -2.1622], [1.01972, 1.48882, -1.39705, 2.02821, -0.89001, 1.16712, -2.08301], [0.83361, 1.80518, -1.43247, 1.94114, -1.07246, 1.42574, -2.00381]]
end: [0.74146999999999996, 1.9618100000000001, -1.45, 1.8980399999999999, -1.1628000000000001, 1.5537799999999999, -1.9645999999999999]
obtacles: [[[0.6, -0.4, -0.2], [1.0, 0.6, -0.3]], [[0.7, -0.3, -0.2], [0.9, -0.2, 0.3]], [[0.7, 0.2, -0.2], [0.9, 0.3, 0.3]], [[0.7, -0.3, 0.3], [0.9, 0.3, 0.4]]]
start: [2.1227100000000001, -1.7783599999999999, -1.45, 1.27597, -1.8047, -1.5178199999999999, -0.23827000000000001]
tajectories: [[2.12271, -1.77836, -1.45, 1.27597, -1.8047, -1.51782, -0.23827], [1.85437, -1.64116, -1.65064, 1.32577, -1.48564, -1.52452, -0.35903], [1.58602, -1.50395, -1.85129, 1.37556, -1.16658, -1.53122, -0.47979], [1.31767, -1.36674, -2.05193, 1.42535, -0.84752, -1.53792, -0.60055], [1.04933, -1.22954, -2.25257, 1.47515, -0.52845, -1.54462, -0.72131], [0.78098, -1.09233, -2.45321, 1.52494, -0.20939, -1.55132, -0.84207], [0.53576, -0.96695, -2.63656, 1.57044, 0.08217, -1.55744, -0.95242], [0.61834, -0.65323, -2.52417, 1.75858, 0.1174, -1.43759, -1.23725], [0.70092, -0.33951, -2.41179, 1.94672, 0.15264, -1.31773, -1.52207], [0.7835, -0.02579, -2.2994, 2.13486, 0.18787, -1.19788, -1.8069], [0.86608, 0.28793, -2.18701, 2.323, 0.22311, -1.07803, -2.09173], [0.94866, 0.60165, -2.07462, 2.51114, 0.25834, -0.95817, -2.37655], [1.03125, 0.91537, -1.96223, 2.69928, 0.29358, -0.83832, -2.66138], [1.03267, 0.92079, -1.96029, 2.70254, 0.29419, -0.83625, -2.66631], [0.95076, 1.07929, -1.88317, 2.58671, 0.07498, -0.47779, -2.51712], [0.86885, 1.23779, -1.80606, 2.47087, -0.14423, -0.11932, -2.36793], [0.78693, 1.3963, -1.72894, 2.35504, -0.36344, 0.23914, -2.21874], [0.70502, 1.5548, -1.65183, 2.23921, -0.58265, 0.5976, -2.06956], [0.62311, 1.7133, -1.57472, 2.12338, -0.80186, 0.95606, -1.92037], [0.54119, 1.8718, -1.4976, 2.00755, -1.02107, 1.31452, -1.77118]]
end: [0.49063000000000001, 1.9696400000000001, -1.45, 1.93605, -1.15639, 1.53579, -1.67909]
obtacles: [[[0.6, -0.4, -0.2], [1.0, 0.6, -0.3]], [[0.7, -0.3, -0.2], [0.9, -0.2, 0.3]], [[0.7, 0.2, -0.2], [0.9, 0.3, 0.3]], [[0.7, -0.3, 0.3], [0.9, 0.3, 0.4]]]
start: [2.0346600000000001, -1.5907, -1.45, 1.5267200000000001, -1.5961700000000001, -1.45103, -0.41705999999999999]
tajectories: [[2.03466, -1.5907, -1.45, 1.52672, -1.59617, -1.45103, -0.41706], [1.85075, -1.47715, -1.26668, 1.74596, -1.3948, -1.19053, -0.30215], [1.66685, -1.3636, -1.08337, 1.96519, -1.19342, -0.93003, -0.18723], [1.48295, -1.25005, -0.90005, 2.18443, -0.99204, -0.66953, -0.07231], [1.29905, -1.1365, -0.71674, 2.40366, -0.79067, -0.40903, 0.0426], [1.1858, -1.06657, -0.60385, 2.53868, -0.66665, -0.2486, 0.11337], [1.13638, -0.65488, -0.74573, 2.45494, -0.74742, -0.04457, 0.06073], [1.08697, -0.24319, -0.88762, 2.37121, -0.82818, 0.15947, 0.00809], [1.03756, 0.16851, -1.0295, 2.28747, -0.90895, 0.36351, -0.04455], [0.98815, 0.5802, -1.17139, 2.20373, -0.98971, 0.56755, -0.0972], [0.93874, 0.99189, -1.31327, 2.12, -1.07048, 0.77159, -0.14984], [0.88933, 1.40358, -1.45516, 2.03626, -1.15125, 0.97563, -0.20248], [0.86249, 1.62723, -1.53224, 1.99077, -1.19512, 1.08647, -0.23108], [0.72776, 1.65813, -1.54967, 1.86951, -1.246, 1.20599, -0.67718], [0.59302, 1.68903, -1.5671, 1.74825, -1.29689, 1.32552, -1.12328], [0.45829, 1.71994, -1.58453, 1.62698, -1.34777, 1.44504, -1.56939]]
end: [0.33872000000000002, 1.74736, -1.6000000000000001, 1.51936, -1.39293, 1.5511200000000001, -1.9652799999999999]
obtacles: [[[0.6, -0.4, -0.2], [1.0, 0.6, -0.3]], [[0.7, -0.3, -0.2], [0.9, -0.2, 0.3]], [[0.7, 0.2, -0.2], [0.9, 0.3, 0.3]], [[0.7, -0.3, 0.3], [0.9, 0.3, 0.4]]]
start: [-0.46139000000000002, 1.77688, -1.75, 0.86907999999999996, -1.29853, 1.5696399999999999, -1.82986]
tajectories: [[-0.46139, 1.77688, -1.75, 0.86908, -1.29853, 1.56964, -1.82986], [-0.52157, 1.49149, -1.53836, 1.04057, -1.09646, 1.35529, -1.76701], [-0.58175, 1.2061, -1.32672, 1.21207, -0.89438, 1.14095, -1.70415], [-0.64193, 0.92071, -1.11507, 1.38356, -0.69231, 0.92661, -1.6413], [-0.70211, 0.63532, -0.90343, 1.55505, -0.49023, 0.71226, -1.57845], [-0.71178, 0.58948, -0.86944, 1.5826, -0.45777, 0.67783, -1.56835], [-0.43681, 0.78998, -0.80379, 1.79808, -0.71845, 0.73115, -1.45586], [-0.16184, 0.99047, -0.73814, 2.01357, -0.97913, 0.78446, -1.34337], [0.11313, 1.19097, -0.6725, 2.22905, -1.23981, 0.83777, -1.23088], [0.3881, 1.39146, -0.60685, 2.44453, -1.50049, 0.89109, -1.11839], [0.56804, 1.52267, -0.56389, 2.58555, -1.67108, 0.92598, -1.04477], [0.6102, 1.62488, -0.84364, 2.36692, -1.55878, 1.03117, -1.34148], [0.65236, 1.7271, -1.12339, 2.14828, -1.44647, 1.13637, -1.63819], [0.69452, 1.82931, -1.40315, 1.92965, -1.33417, 1.24157, -1.93489], [0.73667, 1.93152, -1.6829, 1.71102, -1.22186, 1.34677, -2.2316]]
end: [0.74678999999999995, 1.95604, -1.75, 1.6585799999999999, -1.19492, 1.3720000000000001, -2.3027700000000002]
obtacles: [[[0.6, -0.4, -0.2], [1.0, 0.6, -0.3]], [[0.7, -0.3, -0.2], [0.9, -0.2, 0.3]], [[0.7, 0.2, -0.2], [0.9, 0.3, 0.3]], [[0.7, -0.3, 0.3], [0.9, 0.3, 0.4]]]
start: [2.1522199999999998, -1.6682300000000001, -1.3999999999999999, 0.60399000000000003, -1.7665500000000001, -1.5547899999999999, 0.39529999999999998]
tajectories: [[2.15222, -1.66823, -1.4, 0.60399, -1.76655, -1.55479, 0.3953], [1.88968, -1.55067, -1.26437, 0.7289, -1.82312, -1.30088, 0.13921], [1.62713, -1.4331, -1.12875, 0.8538, -1.8797, -1.04696, -0.11688], [1.36458, -1.31554, -0.99312, 0.9787, -1.93627, -0.79305, -0.37297], [1.10204, -1.19798, -0.85749, 1.1036, -1.99284, -0.53913, -0.62905], [0.83949, -1.08042, -0.72187, 1.2285, -2.04942, -0.28522, -0.88514], [0.57694, -0.96286, -0.58624, 1.35341, -2.10599, -0.03131, -1.14123], [0.38293, -0.87598, -0.48601, 1.44571, -2.1478, 0.15633, -1.33047], [0.53383, -0.52955, -0.44831, 1.64634, -2.08114, 0.24558, -1.56097], [0.68474, -0.18313, -0.41061, 1.84698, -2.01447, 0.33482, -1.79147], [0.83565, 0.1633, -0.37292, 2.04761, -1.94781, 0.42407, -2.02197], [0.98656, 0.50973, -0.33522, 2.24825, -1.88114, 0.51331, -2.25247], [1.13747, 0.85616, -0.29752, 2.44888, -1.81448, 0.60255, -2.48297], [1.23302, 1.0755, -0.27365, 2.57592, -1.77227, 0.65906, -2.62891], [1.11716, 1.27974, -0.55468, 2.4197, -1.63378, 0.87326, -2.46637], [1.0013, 1.48398, -0.83572, 2.26348, -1.49529, 1.08745, -2.30383], [0.88544, 1.68821, -1.11675, 2.10726, -1.3568, 1.30165, -2.14129], [0.76958, 1.89245, -1.39779, 1.95104, -1.21831, 1.51584, -1.97875]]
end: [0.74805999999999995, 1.9303999999999999, -1.45, 1.9220200000000001, -1.19258, 1.5556399999999999, -1.94855]
obtacles: [[[0.6, -0.4, -0.2], [1.0, 0.6, -0.3]], [[0.7, -0.3, -0.2], [0.9, -0.2, 0.3]], [[0.7, 0.2, -0.2], [0.9, 0.3, 0.3]], [[0.7, -0.3, 0.3], [0.9, 0.3, 0.4]]]
start: [2.1857500000000001, -1.6057900000000001, -1.45, 1.3109299999999999, -1.63598, -1.46319, -0.34945999999999999]
tajectories: [[2.18575, -1.60579, -1.45, 1.31093, -1.63598, -1.46319, -0.34946], [1.96255, -1.47001, -1.26462, 1.34832, -1.88123, -1.17317, -0.39093], [1.73935, -1.33423, -1.07923, 1.38571, -2.12647, -0.88314, -0.4324], [1.51615, -1.19845, -0.89385, 1.4231, -2.37172, -0.59312, -0.47387], [1.4178, -1.13863, -0.81216, 1.43958, -2.47979, -0.46532, -0.49215], [1.51812, -1.28125, -1.06949, 1.75604, -2.31083, -0.4984, -0.33856], [1.61845, -1.42387, -1.32682, 2.0725, -2.14187, -0.53148, -0.18498], [1.71877, -1.5665, -1.58415, 2.38895, -1.97291, -0.56456, -0.03139], [1.81305, -1.70054, -1.826, 2.68637, -1.81412, -0.59565, 0.11295], [1.99056, -1.7578, -1.72899, 2.52792, -1.81836, -0.77811, -0.27096], [2.16807, -1.81506, -1.63197, 2.36947, -1.8226, -0.96056, -0.65487], [2.34557, -1.87232, -1.53496, 2.21103, -1.82683, -1.14302, -1.03878]]
end: [2.5010400000000002, -1.9224600000000001, -1.45, 2.07226, -1.8305499999999999, -1.30281, -1.3750100000000001]
obtacles: [[[0.6, -0.4, -0.2], [1.0, 0.6, -0.3]], [[0.7, -0.3, -0.2], [0.9, -0.2, 0.3]], [[0.7, 0.2, -0.2], [0.9, 0.3, 0.3]], [[0.7, -0.3, 0.3], [0.9, 0.3, 0.4]]]
start: [1.98481, -1.6572899999999999, -1.3500000000000001, 1.18377, -1.73628, -1.4005300000000001, -0.0032399999999999998]
tajectories: [[1.98481, -1.65729, -1.35, 1.18377, -1.73628, -1.40053, -0.00324], [1.77638, -1.61667, -1.43823, 1.26959, -1.76683, -0.98771, 0.13242], [1.56796, -1.57604, -1.52646, 1.35542, -1.79737, -0.57489, 0.26808], [1.35953, -1.53542, -1.61469, 1.44124, -1.82792, -0.16207, 0.40373], [1.1511, -1.4948, -1.70292, 1.52707, -1.85847, 0.25076, 0.53939], [0.94268, -1.45417, -1.79115, 1.61289, -1.88901, 0.66358, 0.67505], [0.81881, -1.43003, -1.84358, 1.6639, -1.90716, 0.90892, 0.75567], [1.08712, -1.49354, -1.85463, 1.8386, -1.82383, 0.77374, 0.41199], [1.35544, -1.55705, -1.86567, 2.01329, -1.74049, 0.63856, 0.06831], [1.62375, -1.62056, -1.87672, 2.18799, -1.65715, 0.50339, -0.27537], [1.89206, -1.68407, -1.88777, 2.36268, -1.57381, 0.36821, -0.61905], [2.16037, -1.74759, -1.89882, 2.53738, -1.49048, 0.23303, -0.96273], [2.25757, -1.77059, -1.90282, 2.60066, -1.46029, 0.18406, -1.08723], [2.32407, -1.78085, -1.73925, 2.44981, -1.52274, -0.24493, -1.1768], [2.39057, -1.79111, -1.57568, 2.29895, -1.5852, -0.67392, -1.26637], [2.45707, -1.80137, -1.4121, 2.14809, -1.64765, -1.10291, -1.35595]]
end: [2.4823200000000001, -1.8052600000000001, -1.3500000000000001, 2.0908099999999998, -1.67136, -1.26579, -1.3899600000000001]
obtacles: [[[0.6, -0.4, -0.2], [1.0, 0.6, -0.3]], [[0.7, -0.3, -0.2], [0.9, -0.2, 0.3]], [[0.7, 0.2, -0.2], [0.9, 0.3, 0.3]], [[0.7, -0.3, 0.3], [0.9, 0.3, 0.4]]]
start: [2.30694, -1.78345, -1.2, 1.0624499999999999, -1.94404, -1.3626199999999999, -0.14832000000000001]
tajectories: [[2.30694, -1.78345, -1.2, 1.06245, -1.94404, -1.36262, -0.14832], [2.003, -1.676, -1.36118, 1.03414, -2.27144, -1.34197, -0.04026], [1.69906, -1.56855, -1.52236, 1.00584, -2.59884, -1.32132, 0.06781], [1.39512, -1.46111, -1.68354, 0.97753, -2.92624, -1.30067, 0.17587], [1.09117, -1.35366, -1.84472, 0.94923, -3.25363, -1.28002, 0.28394], [0.78723, -1.24621, -2.00589, 0.92092, -3.58103, -1.25937, 0.392], [0.48329, -1.13876, -2.16707, 0.89261, -3.90843, -1.23872, 0.50007], [0.43012, -1.11996, -2.19527, 0.88766, -3.9657, -1.2351, 0.51897], [0.76563, -0.97314, -2.27905, 1.17704, -3.98941, -1.18511, 0.37048], [1.10115, -0.82631, -2.36283, 1.46642, -4.01313, -1.13512, 0.22198], [1.43666, -0.67949, -2.44661, 1.7558, -4.03684, -1.08513, 0.07349], [1.77218, -0.53266, -2.5304, 2.04518, -4.06055, -1.03514, -0.07501], [2.09024, -0.39347, -2.60982, 2.31951, -4.08302, -0.98775, -0.21578], [2.14116, -0.64624, -2.42176, 2.21496, -3.73589, -1.0579, -0.32441], [2.19208, -0.899, -2.2337, 2.11041, -3.38876, -1.12804, -0.43304], [2.243, -1.15177, -2.04565, 2.00586, -3.04163, -1.19819, -0.54166], [2.29392, -1.40453, -1.85759, 1.90131, -2.6945, -1.26834, -0.65029], [2.34484, -1.6573, -1.66953, 1.79675, -2.34737, -1.33849, -0.75892], [2.39576, -1.91006, -1.48147, 1.6922, -2.00024, -1.40863, -0.86755]]
end: [2.40428, -1.9523699999999999, -1.45, 1.6747000000000001, -1.94214, -1.4203699999999999, -0.88573000000000002]
obtacles: [[[0.6, -0.4, -0.2], [1.0, 0.6, -0.3]], [[0.7, -0.3, -0.2], [0.9, -0.2, 0.3]], [[0.7, 0.2, -0.2], [0.9, 0.3, 0.3]], [[0.7, -0.3, 0.3], [0.9, 0.3, 0.4]]]
start: [2.0990600000000001, -1.68407, -1.3, 1.5434300000000001, -1.6957599999999999, -1.3050900000000001, -0.46872999999999998]
tajectories: [[2.09906, -1.68407, -1.3, 1.54343, -1.69576, -1.30509, -0.46873], [1.84433, -1.45045, -1.11161, 1.6864, -1.80859, -1.31992, -0.71702], [1.5896, -1.21683, -0.92322, 1.82937, -1.92143, -1.33474, -0.96532], [1.33486, -0.9832, -0.73484, 1.97233, -2.03427, -1.34957, -1.21361], [1.08013, -0.74958, -0.54645, 2.1153, -2.14711, -1.3644, -1.4619], [0.8254, -0.51596, -0.35806, 2.25827, -2.25995, -1.37923, -1.7102], [0.65079, -0.35582, -0.22893, 2.35627, -2.33729, -1.38939, -1.8804], [0.80262, -0.17868, -0.16761, 2.45174, -2.25277, -1.01143, -2.06121], [0.95444, -0.00154, -0.1063, 2.54722, -2.16824, -0.63347, -2.24203], [1.10627, 0.17559, -0.04499, 2.64269, -2.08372, -0.2555, -2.42285], [1.2581, 0.35273, 0.01632, 2.73816, -1.99919, 0.12246, -2.60366], [1.38875, 0.50516, 0.06908, 2.82031, -1.92646, 0.4477, -2.75926], [1.25735, 0.71336, -0.23374, 2.63025, -1.84842, 0.64331, -2.62809], [1.12595, 0.92157, -0.53656, 2.44018, -1.77038, 0.83892, -2.49691], [0.99455, 1.12977, -0.83938, 2.25011, -1.69233, 1.03453, -2.36574], [0.86315, 1.33797, -1.1422, 2.06004, -1.61429, 1.23014, -2.23457], [0.73175, 1.54617, -1.44502, 1.86998, -1.53625, 1.42575, -2.1034]]
end: [0.66451000000000005, 1.65273, -1.6000000000000001, 1.7726999999999999, -1.49631, 1.52586, -2.03627]
obtacles: [[[0.6, -0.4, -0.2], [1.0, 0.6, -0.3]], [[0.7, -0.3, -0.2], [0.9, -0.2, 0.3]], [[0.7, 0.2, -0.2], [0.9, 0.3, 0.3]], [[0.7, -0.3, 0.3], [0.9, 0.3, 0.4]]]
start: [1.9675, -1.83274, -1.5, 1.3905799999999999, -1.84114, -1.54999, -0.20432]
tajectories: [[1.9675, -1.83274, -1.5, 1.39058, -1.84114, -1.54999, -0.20432], [1.76563, -1.51824, -1.61617, 1.39607, -2.1017, -1.38748, -0.15419], [1.56376, -1.20375, -1.73234, 1.40156, -2.36227, -1.22497, -0.10405], [1.36189, -0.88925, -1.84851, 1.40705, -2.62283, -1.06246, -0.05392], [1.16002, -0.57476, -1.96468, 1.41254, -2.88339, -0.89995, -0.00378], [0.95815, -0.26026, -2.08085, 1.41803, -3.14396, -0.73744, 0.04635], [0.8638, -0.11326, -2.13515, 1.4206, -3.26575, -0.66148, 0.06978], [0.97995, 0.20059, -2.11368, 1.68217, -3.40321, -0.48604, -0.06969], [1.0961, 0.51444, -2.09222, 1.94373, -3.54067, -0.3106, -0.20917], [1.21225, 0.82829, -2.07075, 2.2053, -3.67813, -0.13516, -0.34864], [1.3284, 1.14214, -2.04929, 2.46687, -3.8156, 0.04028, -0.48812], [1.44455, 1.45599, -2.02783, 2.72843, -3.95306, 0.21573, -0.6276], [1.48667, 1.56981, -2.02004, 2.82329, -4.00291, 0.27935, -0.67818], [1.32815, 1.59415, -1.96036, 2.66144, -3.63374, 0.45605, -0.84253], [1.16963, 1.61849, -1.90068, 2.49959, -3.26457, 0.63276, -1.00688], [1.01111, 1.64283, -1.841, 2.33774, -2.8954, 0.80946, -1.17123], [0.85259, 1.66718, -1.78132, 2.17589, -2.52623, 0.98617, -1.33558], [0.69408, 1.69152, -1.72163, 2.01404, -2.15706, 1.16288, -1.49993], [0.53556, 1.71586, -1.66195, 1.8522, -1.78789, 1.33958, -1.66428], [0.37704, 1.7402, -1.60227, 1.69035, -1.41872, 1.51629, -1.82863]]
end: [0.37101000000000001, 1.7411300000000001, -1.6000000000000001, 1.6841900000000001, -1.4046799999999999, 1.52301, -1.8348800000000001]
