obtacles: [[[0.6, -0.4, -0.2], [1.0, 0.6, -0.3]], [[0.7, -0.1, -0.2], [1.1, -0.0, 0.5]], [[0.7, 0.3, -0.2], [1.1, 0.4, 0.5]], [[0.7, -0.1, 0.5], [1.1, 0.4, 0.6]]]
start: [2.46591, -1.50993, -1.3, 1.3443000000000001, -1.57151, -1.2934099999999999, -0.67681999999999998]
tajectories: [[2.46591, -1.50993, -1.3, 1.3443, -1.57151, -1.29341, -0.67682], [2.08731, -1.34084, -1.19132, 1.34303, -1.54301, -1.03772, -0.68484], [1.7087, -1.17175, -1.08264, 1.34175, -1.5145, -0.78203, -0.69287], [1.3301, -1.00266, -0.97396, 1.34047, -1.486, -0.52635, -0.70089], [0.95149, -0.83357, -0.86528, 1.3392, -1.45749, -0.27066, -0.70891], [0.57289, -0.66448, -0.7566, 1.33792, -1.42899, -0.01497, -0.71693], [0.19428, -0.49539, -0.64792, 1.33665, -1.40049, 0.24072, -0.72496], [0.116, -0.46042, -0.62545, 1.33638, -1.39459, 0.29359, -0.72662], [0.33324, -0.32652, -0.65749, 1.63797, -1.65573, 0.26701, -0.88153], [0.55048, -0.19262, -0.68953, 1.93955, -1.91686, 0.24042, -1.03645], [0.76772, -0.05872, -0.72157, 2.24114, -2.17799, 0.21384, -1.19136], [0.98496, 0.07519, -0.75361, 2.54272, -2.43913, 0.18726, -1.34627], [1.2022, 0.20909, -0.78565, 2.84431, -2.70026, 0.16068, -1.50119], [1.20272, 0.20941, -0.78573, 2.84503, -2.70089, 0.16061, -1.50156], [1.12639, 0.47278, -0.91569, 2.64138, -2.47441, 0.38129, -1.62983], [1.05005, 0.73614, -1.04565, 2.43772, -2.24793, 0.60197, -1.7581], [0.97371, 0.99951, -1.1756, 2.23406, -2.02146, 0.82265, -1.88638], [0.89737, 1.26287, -1.30556, 2.0304, -1.79498, 1.04333, -2.01465], [0.82103, 1.52624, -1.43552, 1.82674, -1.5685, 1.26401, -2.14292], [0.74469, 1.7896, -1.56547, 1.62308, -1.34202, 1.48469, -2.27119]]
end: [0.72441, 1.85958, -1.6000000000000001, 1.56897, -1.2818499999999999, 1.54332, -2.3052700000000002]
obtacles: [[[0.6, -0.4, -0.2], [1.0, 0.6, -0.3]], [[0.7, -0.1, -0.2], [1.1, -0.0, 0.5]], [[0.7, 0.3, -0.2], [1.1, 0.4, 0.5]], [[0.7, -0.1, 0.5], [1.1, 0.4, 0.6]]]
start: [2.22925, -1.8560000000000001, -1.3999999999999999, 1.12659, -1.9010199999999999, -1.54443, -0.18526999999999999]
tajectories: [[2.22925, -1.856, -1.4, 1.12659, -1.90102, -1.54443, -0.18527], [2.11207, -1.73298, -1.16232, 1.33658, -1.69196, -1.37401, -0.40389], [1.99489, -1.60996, -0.92464, 1.54657, -1.48291, -1.20359, -0.62252], [1.8777, -1.48694, -0.68696, 1.75657, -1.27385, -1.03317, -0.84115], [1.76052, -1.36392, -0.44928, 1.96656, -1.06479, -0.86276, -1.05977], [1.64334, -1.2409, -0.21159, 2.17656, -0.85574, -0.69234, -1.2784], [1.57118, -1.16514, -0.06522, 2.30588, -0.72699, -0.58739, -1.41304], [1.5424, -0.81439, -0.25741, 2.25837, -0.56148, -0.39443, -1.56245], [1.51363, -0.46364, -0.44959, 2.21087, -0.39596, -0.20148, -1.71187], [1.48485, -0.11288, -0.64178, 2.16336, -0.23044, -0.00853, -1.86129], [1.45608, 0.23787, -0.83396, 2.11586, -0.06492, 0.18442, -2.01071], [1.43351, 0.51291, -0.98467, 2.07861, 0.06487, 0.33573, -2.12787], [1.28585, 0.79883, -1.11551, 1.96312, -0.17787, 0.57032, -2.173], [1.13819, 1.08474, -1.24635, 1.84763, -0.42061, 0.80491, -2.21814], [0.99052, 1.37065, -1.37719, 1.73214, -0.66336, 1.0395, -2.26327], [0.84286, 1.65656, -1.50804, 1.61665, -0.9061, 1.27409, -2.3084], [0.6952, 1.94247, -1.63888, 1.50116, -1.14884, 1.50869, -2.35353]]
end: [0.68264999999999998, 1.96678, -1.6499999999999999, 1.49135, -1.16947, 1.5286299999999999, -2.35737]
obtacles: [[[0.6, -0.4, -0.2], [1.0, 0.6, -0.3]], [[0.7, -0.1, -0.2], [1.1, -0.0, 0.5]], [[0.7, 0.3, -0.2], [1.1, 0.4, 0.5]], [[0.7, -0.1, 0.5], [1.1, 0.4, 0.6]]]
start: [2.3565999999999998, -1.86554, -1.3999999999999999, 1.1197299999999999, -1.9096500000000001, -1.5510600000000001, -0.30593999999999999]
tajectories: [[2.3566, -1.86554, -1.4, 1.11973, -1.90965, -1.55106, -0.30594], [2.17219, -1.56255, -1.4479, 1.21241, -2.21522, -1.41329, -0.33679], [1.98778, -1.25955, -1.4958, 1.30509, -2.52078, -1.27553, -0.36764], [1.80337, -0.95656, -1.5437, 1.39776, -2.82635, -1.13776, -0.39849], [1.61896, -0.65356, -1.59161, 1.49044, -3.13192, -0.99999, -0.42934], [1.43455, -0.35056, -1.63951, 1.58312, -3.43748, -0.86222, -0.46018], [1.25014, -0.04757, -1.68741, 1.6758, -3.74305, -0.72446, -0.49103], [1.06573, 0.25543, -1.73531, 1.76848, -4.04862, -0.58669, -0.52188], [0.88636, 0.55014, -1.7819, 1.85863, -4.34583, -0.45269, -0.55188], [1.03655, 0.72542, -1.69147, 1.9996, -4.14702, -0.66209, -0.84393], [1.18674, 0.90071, -1.60104, 2.14058, -3.94821, -0.87149, -1.13598], [1.33693, 1.076, -1.51062, 2.28156, -3.7494, -1.08088, -1.42803], [1.48712, 1.25128, -1.42019, 2.42253, -3.55059, -1.29028, -1.72008], [1.57383, 1.35248, -1.36798, 2.50392, -3.4358, -1.41118, -1.8887], [1.45288, 1.4214, -1.40275, 2.36868, -3.16284, -1.04586, -1.94489], [1.33194, 1.49032, -1.43752, 2.23344, -2.88987, -0.68055, -2.00109], [1.21099, 1.55925, -1.4723, 2.09819, -2.6169, -0.31524, -2.05728], [1.09005, 1.62817, -1.50707, 1.96295, -2.34393, 0.05007, -2.11348], [0.9691, 1.69709, -1.54184, 1.8277, -2.07096, 0.41538, -2.16967], [0.84816, 1.76601, -1.57661, 1.69246, -1.798, 0.7807, -2.22587], [0.72722, 1.83493, -1.61138, 1.55722, -1.52503, 1.14601, -2.28206], [0.60627, 1.90385, -1.64616, 1.42197, -1.25206, 1.51132, -2.33826]]
end: [0.59289999999999998, 1.91147, -1.6499999999999999, 1.40703, -1.2218899999999999, 1.55169, -2.3444699999999998]
obtacles: [[[0.6, -0.4, -0.2], [1.0, 0.6, -0.3]], [[0.7, -0.1, -0.2], [1.1, -0.0, 0.5]], [[0.7, 0.3, -0.2], [1.1, 0.4, 0.5]], [[0.7, -0.1, 0.5], [1.1, 0.4, 0.6]]]
start: [-0.43418000000000001, 1.50444, -1.6499999999999999, -0.47069, -4.6117600000000003, -1.5475000000000001, -0.035049999999999998]
tajectories: [[-0.43418, 1.50444, -1.65, -0.47069, -4.61176, -1.5475, -0.03505], [-0.58496, 1.52586, -1.70087, -0.07063, -4.38447, -1.46002, -0.10474], [-0.73573, 1.54727, -1.75175, 0.32943, -4.15718, -1.37254, -0.17442], [-0.8865, 1.56869, -1.80262, 0.7295, -3.92989, -1.28506, -0.2441], [-1.03727, 1.59011, -1.85349, 1.12956, -3.70259, -1.19758, -0.31379], [-1.18804, 1.61152, -1.90437, 1.52963, -3.4753, -1.1101, -0.38347], [-1.33881, 1.63294, -1.95524, 1.92969, -3.24801, -1.02262, -0.45316], [-1.34957, 1.63447, -1.95887, 1.95824, -3.23179, -1.01638, -0.45813], [-0.95316, 1.63384, -1.86294, 2.06711, -3.27592, -0.80537, -0.6173], [-0.55676, 1.63322, -1.76701, 2.17598, -3.32006, -0.59437, -0.77648], [-0.16035, 1.6326, -1.67109, 2.28485, -3.36419, -0.38337, -0.93565], [0.23606, 1.63197, -1.57516, 2.39373, -3.40832, -0.17236, -1.09482], [0.63246, 1.63135, -1.47923, 2.5026, -3.45245, 0.03864, -1.254], [1.02887, 1.63073, -1.3833, 2.61147, -3.49658, 0.24964, -1.41317], [1.42527, 1.6301, -1.28738, 2.72034, -3.54072, 0.46065, -1.57235], [1.77752, 1.62955, -1.20213, 2.81709, -3.57993, 0.64814, -1.71379], [1.63631, 1.65461, -1.26056, 2.62161, -3.69342, 0.36027, -1.41037], [1.49511, 1.67968, -1.31899, 2.42614, -3.8069, 0.0724, -1.10696], [1.3539, 1.70474, -1.37742, 2.23067, -3.92039, -0.21547, -0.80355], [1.21269, 1.7298, -1.43584, 2.03519, -4.03388, -0.50335, -0.50013], [1.07149, 1.75487, -1.49427, 1.83972, -4.14736, -0.79122, -0.19672], [0.93028, 1.77993, -1.5527, 1.64425, -4.26085, -1.07909, 0.10669], [0.78907, 1.805, -1.61113, 1.44877, -4.37433, -1.36696, 0.41011]]
end: [0.69511999999999996, 1.8216699999999999, -1.6499999999999999, 1.3187199999999999, -4.44984, -1.5584899999999999, 0.61197999999999997]
obtacles: [[[0.6, -0.4, -0.2], [1.0, 0.6, -0.3]], [[0.7, -0.1, -0.2], [1.1, -0.0, 0.5]], [[0.7, 0.3, -0.2], [1.1, 0.4, 0.5]], [[0.7, -0.1, 0.5], [1.1, 0.4, 0.6]]]
start: [-0.86173999999999995, 1.9208099999999999, 2.0, 1.42597, -2.0046599999999999, -1.22671, -0.41064000000000001]
tajectories: [[-0.86174, 1.92081, 2.0, 1.42597, -2.00466, -1.22671, -0.41064], [-1.02583, 1.55964, 2.03555, 1.65316, -2.15619, -1.13974, -0.50668], [-1.18991, 1.19846, 2.0711, 1.88035, -2.30772, -1.05277, -0.60272], [-1.35399, 0.83728, 2.10665, 2.10753, -2.45924, -0.9658, -0.69877], [-1.51808, 0.4761, 2.14219, 2.33472, -2.61077, -0.87882, -0.79481], [-1.68216, 0.11493, 2.17774, 2.56191, -2.7623, -0.79185, -0.89086], [-1.71442, 0.04391, 2.18473, 2.60658, -2.79209, -0.77475, -0.90974], [-1.80767, -0.19345, 2.09901, 2.48087, -2.60825, -0.46276, -1.08487], [-1.90091, -0.43082, 2.01328, 2.35517, -2.4244, -0.15076, -1.26001], [-1.99415, -0.66819, 1.92756, 2.22947, -2.24055, 0.16123, -1.43514], [-2.0874, -0.90556, 1.84184, 2.10376, -2.05671, 0.47323, -1.61028], [-2.18064, -1.14293, 1.75612, 1.97806, -1.87286, 0.78523, -1.78541], [-2.27388, -1.38029, 1.67039, 1.85236, -1.68902, 1.09722, -1.96054], [-2.36713, -1.61766, 1.58467, 1.72665, -1.50517, 1.40922, -2.13568]]
end: [-2.4048400000000001, -1.71366, 1.55, 1.67581, -1.43082, 1.53539, -2.2065000000000001]
obtacles: [[[0.6, -0.4, -0.2], [1.0, 0.6, -0.3]], [[0.7, -0.1, -0.2], [1.1, -0.0, 0.5]], [[0.7, 0.3, -0.2], [1.1, 0.4, 0.5]], [[0.7, -0.1, 0.5], [1.1, 0.4, 0.6]]]
start: [-0.69982, 1.5818399999999999, 1.8500000000000001, 0.72421000000000002, -1.78959, -1.3955900000000001, -0.0035500000000000002]
tajectories: [[-0.69982, 1.58184, 1.85, 0.72421, -1.78959, -1.39559, -0.00355], [-0.79949, 1.4239, 1.62655, 0.90756, -1.62559, -1.11428, -0.16335], [-0.89915, 1.26595, 1.4031, 1.09091, -1.46159, -0.83296, -0.32316], [-0.99882, 1.10801, 1.17966, 1.27426, -1.2976, -0.55164, -0.48297], [-1.09848, 0.95007, 0.95621, 1.45762, -1.1336, -0.27032, -0.64278], [-1.19815, 0.79212, 0.73276, 1.64097, -0.96961, 0.011, -0.80259], [-1.26407, 0.68766, 0.58497, 1.76224, -0.86114, 0.19706, -0.90829], [-1.23489, 0.49193, 0.48458, 1.85193, -0.88558, -0.05802, -1.26473], [-1.20571, 0.29619, 0.38418, 1.94161, -0.91003, -0.3131, -1.62118], [-1.17653, 0.10046, 0.28379, 2.0313, -0.93447, -0.56818, -1.97762], [-1.14735, -0.09528, 0.18339, 2.12099, -0.95892, -0.82326, -2.33406], [-1.13539, -0.17552, 0.14224, 2.15775, -0.96894, -0.92782, -2.48018], [-1.05735, 0.11409, 0.2315, 2.1635, -1.35801, -0.90272, -2.48598], [-0.97932, 0.40369, 0.32077, 2.16925, -1.74708, -0.87762, -2.49178], [-0.90129, 0.6933, 0.41003, 2.175, -2.13615, -0.85252, -2.49758], [-0.82325, 0.9829, 0.49929, 2.18075, -2.52522, -0.82741, -2.50339], [-0.74522, 1.27251, 0.58856, 2.1865, -2.91429, -0.80231, -2.50919], [-0.66718, 1.56211, 0.67782, 2.19225, -3.30336, -0.77721, -2.51499], [-0.60508, 1.79261, 0.74886, 2.19682, -3.61302, -0.75723, -2.51961], [-0.52971, 1.81727, 0.96758, 2.08409, -3.2756, -0.86274, -2.27841], [-0.45434, 1.84194, 1.18629, 1.97135, -2.93818, -0.96825, -2.0372], [-0.37897, 1.8666, 1.40501, 1.85862, -2.60075, -1.07376, -1.796], [-0.3036, 1.89126, 1.62372, 1.74588, -2.26333, -1.17927, -1.55479], [-0.22823, 1.91592, 1.84243, 1.63315, -1.92591, -1.28478, -1.31359]]
end: [-0.22561999999999999, 1.9167799999999999, 1.8500000000000001, 1.6292500000000001, -1.9142399999999999, -1.28843, -1.30525]
obtacles: [[[0.6, -0.4, -0.2], [1.0, 0.6, -0.3]], [[0.7, -0.1, -0.2], [1.1, -0.0, 0.5]], [[0.7, 0.3, -0.2], [1.1, 0.4, 0.5]], [[0.7, -0.1, 0.5], [1.1, 0.4, 0.6]]]
start: [-0.77710000000000001, 1.5074099999999999, 1.8500000000000001, 1.66116, -1.47942, -1.2992699999999999, -0.90546000000000004]
tajectories: [[-0.7771, 1.50741, 1.85, 1.66116, -1.47942, -1.29927, -0.90546], [-0.97609, 1.24219, 1.5646, 1.84847, -1.38551, -1.20099, -0.97645], [-1.17509, 0.97697, 1.2792, 2.03579, -1.2916, -1.1027, -1.04743], [-1.37408, 0.71175, 0.9938, 2.2231, -1.19768, -1.00441, -1.11842], [-1.57308, 0.44653, 0.7084, 2.41041, -1.10377, -0.90613, -1.18941], [-1.77207, 0.18131, 0.42299, 2.59773, -1.00986, -0.80784, -1.26039], [-1.86283, 0.06035, 0.29283, 2.68316, -0.96703, -0.76301, -1.29277], [-1.78066, -0.11645, 0.58448, 2.64972, -0.76846, -0.56637, -1.07433], [-1.69848, -0.29324, 0.87613, 2.61627, -0.5699, -0.36973, -0.85588], [-1.61631, -0.47004, 1.16778, 2.58283, -0.37133, -0.17309, -0.63744], [-1.53413, -0.64683, 1.45943, 2.54939, -0.17277, 0.02355, -0.419], [-1.45195, -0.82363, 1.75108, 2.51594, 0.02579, 0.22019, -0.20055], [-1.36978, -1.00042, 2.04273, 2.4825, 0.22436, 0.41683, 0.01789], [-1.2876, -1.17721, 2.33438, 2.44906, 0.42292, 0.61347, 0.23633], [-1.28753, -1.17738, 2.33465, 2.44903, 0.42311, 0.61366, 0.23654], [-1.45181, -1.25415, 2.22992, 2.31834, 0.18137, 0.74114, -0.10165], [-1.6161, -1.33092, 2.12518, 2.18764, -0.06038, 0.86861, -0.43984], [-1.78039, -1.40769, 2.02044, 2.05695, -0.30212, 0.99609, -0.77804], [-1.94468, -1.48447, 1.9157, 1.92626, -0.54387, 1.12356, -1.11623], [-2.10897, -1.56124, 1.81096, 1.79557, -0.78561, 1.25104, -1.45442], [-2.27326, -1.63801, 1.70622, 1.66488, -1.02736, 1.37851, -1.79262], [-2.43754, -1.71478, 1.60148, 1.53418, -1.2691, 1.50599, -2.13081]]
end: [-2.5182899999999999, -1.75251, 1.55, 1.4699500000000001, -1.38792, 1.56864, -2.29704]
obtacles: [[[0.6, -0.4, -0.2], [1.0, 0.6, -0.3]], [[0.7, -0.1, -0.2], [1.1, -0.0, 0.5]], [[0.7, 0.3, -0.2], [1.1, 0.4, 0.5]], [[0.7, -0.1, 0.5], [1.1, 0.4, 0.6]]]
start: [-0.69238999999999995, 1.5825, 1.75, 0.77673999999999999, -1.70747, -1.45394, -0.075300000000000006]
tajectories: [[-0.69239, 1.5825, 1.75, 0.77674, -1.70747, -1.45394, -0.0753], [-0.8754, 1.43002, 1.83407, 0.85662, -1.39712, -1.27948, -0.30564], [-1.05841, 1.27755, 1.91815, 0.9365, -1.08677, -1.10502, -0.53598], [-1.24143, 1.12508, 2.00222, 1.01637, -0.77642, -0.93056, -0.76632], [-1.42444, 0.9726, 2.08629, 1.09625, -0.46608, -0.7561, -0.99666], [-1.60746, 0.82013, 2.17037, 1.17613, -0.15573, -0.58164, -1.227], [-1.61515, 0.81372, 2.1739, 1.17948, -0.14268, -0.57431, -1.23668], [-1.59166, 0.50682, 2.0682, 1.40063, -0.15188, -0.31171, -1.39836], [-1.56817, 0.19993, 1.96251, 1.62178, -0.16109, -0.04911, -1.56004], [-1.54468, -0.10697, 1.85681, 1.84292, -0.17029, 0.21349, -1.72172], [-1.52119, -0.41387, 1.75112, 2.06407, -0.17949, 0.47609, -1.88341], [-1.49771, -0.72077, 1.64542, 2.28521, -0.18869, 0.73869, -2.04509], [-1.47422, -1.02767, 1.53972, 2.50636, -0.19789, 1.0013, -2.20677], [-1.47246, -1.05065, 1.53181, 2.52292, -0.19858, 1.02096, -2.21887], [-1.72398, -1.22485, 1.52451, 2.25196, -0.45616, 1.14408, -2.25645], [-1.97551, -1.39905, 1.51722, 1.981, -0.71374, 1.26719, -2.29402], [-2.22704, -1.57325, 1.50992, 1.71004, -0.97132, 1.39031, -2.33159], [-2.47856, -1.74744, 1.50263, 1.43908, -1.2289, 1.51343, -2.36916]]
end: [-2.5691700000000002, -1.81019, 1.5, 1.3414699999999999, -1.32168, 1.5577799999999999, -2.3826900000000002]
obtacles: [[[0.6, -0.4, -0.2], [1.0, 0.6, -0.3]], [[0.7, -0.1, -0.2], [1.1, -0.0, 0.5]], [[0.7, 0.3, -0.2], [1.1, 0.4, 0.5]], [[0.7, -0.1, 0.5], [1.1, 0.4, 0.6]]]
start: [-0.71631, 1.87897, 1.95, 0.71270999999999995, -2.0546799999999998, -1.5696399999999999, 0.063479999999999995]
tajectories: [[-0.71631, 1.87897, 1.95, 0.71271, -2.05468, -1.56964, 0.06348], [-0.78585, 1.64613, 1.64242, 0.79754, -1.8466, -1.4317, -0.1003], [-0.8554, 1.41328, 1.33484, 0.88237, -1.63852, -1.29377, -0.26408], [-0.92494, 1.18044, 1.02726, 0.9672, -1.43045, -1.15584, -0.42787], [-0.99448, 0.9476, 0.71968, 1.05202, -1.22237, -1.01791, -0.59165], [-1.06403, 0.71475, 0.4121, 1.13685, -1.01429, -0.87998, -0.75543], [-1.13357, 0.48191, 0.10452, 1.22168, -0.80622, -0.74205, -0.91921], [-1.18018, 0.32584, -0.10164, 1.27854, -0.66675, -0.64959, -1.02899], [-1.27872, 0.09064, -0.02618, 1.51859, -0.5714, -0.3142, -1.03777], [-1.37726, -0.14455, 0.04929, 1.75864, -0.47606, 0.02119, -1.04655], [-1.4758, -0.37974, 0.12475, 1.9987, -0.38071, 0.35658, -1.05532], [-1.57435, -0.61493, 0.20021, 2.23875, -0.28536, 0.69197, -1.0641], [-1.67289, -0.85012, 0.27567, 2.4788, -0.19002, 1.02736, -1.07288], [-1.69445, -0.90159, 0.29219, 2.53133, -0.16915, 1.10075, -1.0748], [-1.85176, -1.06993, 0.54518, 2.37502, -0.41862, 1.18511, -1.27261], [-2.00906, -1.23827, 0.79817, 2.21871, -0.66809, 1.26947, -1.47042], [-2.16637, -1.40662, 1.05115, 2.0624, -0.91756, 1.35383, -1.66824], [-2.32367, -1.57496, 1.30414, 1.9061, -1.16702, 1.43818, -1.86605]]
end: [-2.47655, -1.7385600000000001, 1.55, 1.7541899999999999, -1.4094599999999999, 1.52016, -2.05829]
