obtacles: [[[0.6, -0.4, -0.2], [1.0, 0.6, -0.3]], [[0.8, -0.1, -0.2], [1.0, -0.0, 0.3]], [[0.8, 0.3, -0.2], [1.0, 0.4, 0.3]], [[0.8, -0.1, 0.3], [1.0, 0.4, 0.4]]]
start: [2.4236200000000001, -1.6956599999999999, -1.25, 1.3042800000000001, -1.78267, -1.2984199999999999, -0.53693999999999997]
tajectories: [[2.42362, -1.69566, -1.25, 1.30428, -1.78267, -1.29842, -0.53694], [2.44234, -1.62531, -1.05777, 1.28556, -1.91345, -0.92597, -0.76406], [2.46105, -1.55497, -0.86555, 1.26685, -2.04423, -0.55353, -0.99117], [2.47977, -1.48462, -0.67332, 1.24813, -2.17501, -0.18108, -1.21829], [2.49848, -1.41428, -0.48109, 1.22941, -2.30579, 0.19136, -1.4454], [2.5172, -1.34393, -0.28887, 1.21069, -2.43657, 0.56381, -1.67252], [2.53591, -1.27359, -0.09664, 1.19198, -2.56735, 0.93625, -1.89963], [2.54521, -1.23862, -0.00109, 1.18267, -2.63235, 1.12139, -2.01253], [2.32555, -0.90995, -0.00076, 1.4195, -2.49382, 1.05765, -2.13244], [2.10589, -0.58127, -0.00044, 1.65633, -2.35529, 0.9939, -2.25236], [1.88623, -0.2526, -0.00012, 1.89317, -2.21676, 0.93016, -2.37228], [1.66657, 0.07607, 0.0002, 2.13, -2.07823, 0.86642, -2.4922], [1.44691, 0.40475, 0.00052, 2.36683, -1.9397, 0.80267, -2.61211], [1.22725, 0.73342, 0.00085, 2.60366, -1.80117, 0.73893, -2.73203], [1.1756, 0.8107, 0.00092, 2.65935, -1.7686, 0.72394, -2.76023], [1.11493, 1.0267, -0.32696, 2.43563, -1.66772, 0.89189, -2.69921], [1.05427, 1.2427, -0.65484, 2.2119, -1.56684, 1.05983, -2.6382], [0.99361, 1.4587, -0.98273, 1.98818, -1.46596, 1.22778, -2.57718], [0.93294, 1.6747, -1.31061, 1.76446, -1.36507, 1.39572, -2.51616]]
end: [0.87939999999999996, 1.86534, -1.6000000000000001, 1.5669999999999999, -1.2760400000000001, 1.5439499999999999, -2.46231]
obtacles: [[[0.6, -0.4, -0.2], [1.0, 0.6, -0.3]], [[0.8, -0.1, -0.2], [1.0, -0.0, 0.3]], [[0.8, 0.3, -0.2], [1.0, 0.4, 0.3]], [[0.8, -0.1, 0.3], [1.0, 0.4, 0.4]]]
start: [-0.0516, 1.6949399999999999, -1.6499999999999999, 1.1538600000000001, -1.42523, 1.54915, -1.9426300000000001]
tajectories: [[-0.0516, 1.69494, -1.65, 1.15386, -1.42523, 1.54915, -1.94263], [-0.09826, 1.56944, -1.86009, 1.3357, -1.80204, 1.44408, -1.98553], [-0.14492, 1.44394, -2.07018, 1.51755, -2.17885, 1.339, -2.02843], [-0.19157, 1.31844, -2.28027, 1.69939, -2.55566, 1.23392, -2.07133], [-0.23823, 1.19293, -2.49037, 1.88124, -2.93247, 1.12885, -2.11423], [-0.24269, 1.18095, -2.51042, 1.8986, -2.96845, 1.11881, -2.11832], [0.14655, 1.24748, -2.41237, 2.02758, -2.98564, 0.8765, -2.21216], [0.53579, 1.314, -2.31431, 2.15656, -3.00283, 0.63419, -2.306], [0.92503, 1.38053, -2.21625, 2.28554, -3.02002, 0.39189, -2.39984], [1.2649, 1.43862, -2.13063, 2.39817, -3.03503, 0.18031, -2.48178], [1.13435, 1.52401, -2.06196, 2.17678, -2.70177, 0.42675, -2.49364], [1.0038, 1.60941, -1.99329, 1.95538, -2.36851, 0.67319, -2.5055], [0.87325, 1.6948, -1.92462, 1.73399, -2.03525, 0.91963, -2.51737], [0.74269, 1.7802, -1.85595, 1.5126, -1.702, 1.16606, -2.52923], [0.61214, 1.86559, -1.78728, 1.29121, -1.36874, 1.4125, -2.5411]]
end: [0.54127000000000003, 1.91195, -1.75, 1.17103, -1.1878200000000001, 1.5462800000000001, -2.5475400000000001]
obtacles: [[[0.6, -0.4, -0.2], [1.0, 0.6, -0.3]], [[0.8, -0.1, -0.2], [1.0, -0.0, 0.3]], [[0.8, 0.3, -0.2], [1.0, 0.4, 0.3]], [[0.8, -0.1, 0.3], [1.0, 0.4, 0.4]]]
start: [0.25163999999999997, 1.95252, -1.6499999999999999, 1.54969, -1.18662, 1.5052000000000001, -1.8716200000000001]
tajectories: [[0.25164, 1.95252, -1.65, 1.54969, -1.18662, 1.5052, -1.87162], [0.07948, 1.88951, -1.48085, 1.64216, -0.99765, 1.43631, -1.49909], [-0.09267, 1.82651, -1.3117, 1.73462, -0.80868, 1.36743, -1.12657], [-0.26483, 1.7635, -1.14255, 1.82709, -0.6197, 1.29854, -0.75405], [-0.43699, 1.7005, -0.9734, 1.91956, -0.43073, 1.22965, -0.38152], [-0.52468, 1.6684, -0.88724, 1.96665, -0.33448, 1.19456, -0.19178], [-0.42709, 1.44866, -0.62933, 2.02395, -0.57254, 1.01956, -0.00445], [-0.32951, 1.22891, -0.37143, 2.08125, -0.8106, 0.84456, 0.18287], [-0.23192, 1.00917, -0.11352, 2.13855, -1.04866, 0.66957, 0.3702], [-0.1393, 0.80061, 0.13127, 2.19294, -1.27461, 0.50347, 0.54799], [0.13912, 0.82419, 0.24866, 2.31207, -1.36207, 0.65252, 0.21023], [0.41755, 0.84778, 0.36605, 2.43121, -1.44953, 0.80156, -0.12753], [0.69598, 0.87136, 0.48344, 2.55035, -1.53699, 0.9506, -0.46529], [0.97441, 0.89495, 0.60084, 2.66948, -1.62444, 1.09965, -0.80305], [1.25284, 0.91853, 0.71823, 2.78862, -1.7119, 1.24869, -1.14082], [1.47228, 0.93712, 0.81075, 2.88252, -1.78083, 1.36616, -1.40702], [1.38101, 1.05795, 0.42434, 2.67136, -1.72606, 1.38668, -1.57949], [1.28973, 1.17879, 0.03793, 2.4602, -1.67129, 1.4072, -1.75195], [1.19845, 1.29963, -0.34848, 2.24905, -1.61652, 1.42772, -1.92441], [1.10717, 1.42047, -0.7349, 2.03789, -1.56175, 1.44824, -2.09688], [1.0159, 1.5413, -1.12131, 1.82673, -1.50698, 1.46877, -2.26934], [0.92462, 1.66214, -1.50772, 1.61557, -1.45221, 1.48929, -2.44181]]
end: [0.89100999999999997, 1.7066300000000001, -1.6499999999999999, 1.53783, -1.43204, 1.4968399999999999, -2.5053100000000001]
obtacles: [[[0.6, -0.4, -0.2], [1.0, 0.6, -0.3]], [[0.8, -0.1, -0.2], [1.0, -0.0, 0.3]], [[0.8, 0.3, -0.2], [1.0, 0.4, 0.3]], [[0.8, -0.1, 0.3], [1.0, 0.4, 0.4]]]
start: [2.4576500000000001, -1.9704600000000001, -1.45, 1.3216399999999999, -1.98722, -1.5591699999999999, -0.61075000000000002]
tajectories: [[2.45765, -1.97046, -1.45, 1.32164, -1.98722, -1.55917, -0.61075], [2.12299, -1.78784, -1.33741, 1.4126, -2.09385, -1.41263, -0.83628], [1.78833, -1.60523, -1.22483, 1.50355, -2.20047, -1.26609, -1.0618], [1.45367, -1.42261, -1.11224, 1.59451, -2.30709, -1.11955, -1.28733], [1.11901, -1.23999, -0.99965, 1.68546, -2.41372, -0.97302, -1.51286], [0.78435, -1.05737, -0.88707, 1.77641, -2.52034, -0.82648, -1.73838], [0.44969, -0.87475, -0.77448, 1.86737, -2.62697, -0.67994, -1.96391], [0.34845, -0.81951, -0.74042, 1.89488, -2.65922, -0.63561, -2.03214], [0.61813, -0.57375, -0.67907, 2.09252, -2.56899, -0.41288, -2.15981], [0.88781, -0.32799, -0.61773, 2.29016, -2.47876, -0.19016, -2.28748], [1.1575, -0.08222, -0.55638, 2.48779, -2.38854, 0.03257, -2.41515], [1.42718, 0.16354, -0.49503, 2.68543, -2.29831, 0.2553, -2.54282], [1.68376, 0.39736, -0.43666, 2.87346, -2.21246, 0.46721, -2.6643], [1.51014, 0.62915, -0.64468, 2.62069, -2.07531, 0.66182, -2.61655], [1.33652, 0.86095, -0.85269, 2.36792, -1.93815, 0.85643, -2.56881], [1.1629, 1.09274, -1.06071, 2.11515, -1.801, 1.05104, -2.52107], [0.98928, 1.32454, -1.26873, 1.86238, -1.66385, 1.24565, -2.47333], [0.81566, 1.55633, -1.47674, 1.6096, -1.52669, 1.44025, -2.42559]]
end: [0.71277999999999997, 1.6936800000000001, -1.6000000000000001, 1.45983, -1.4454199999999999, 1.5555699999999999, -2.3973]
obtacles: [[[0.6, -0.4, -0.2], [1.0, 0.6, -0.3]], [[0.8, -0.1, -0.2], [1.0, -0.0, 0.3]], [[0.8, 0.3, -0.2], [1.0, 0.4, 0.3]], [[0.8, -0.1, 0.3], [1.0, 0.4, 0.4]]]
start: [0.33638000000000001, 1.84274, -1.6000000000000001, 1.5995900000000001, -1.2996300000000001, 1.53494, -1.88727]
tajectories: [[0.33638, 1.84274, -1.6, 1.59959, -1.29963, 1.53494, -1.88727], [0.47478, 1.7668, -1.51825, 1.98892, -1.47674, 1.54647, -2.0752], [0.61318, 1.69086, -1.43649, 2.37824, -1.65386, 1.55799, -2.26313], [0.72543, 1.62927, -1.37019, 2.69401, -1.79751, 1.56734, -2.41556], [0.94912, 1.70263, -1.4902, 2.40486, -1.4872, 1.5506, -2.41437], [1.17281, 1.776, -1.61022, 2.11572, -1.1769, 1.53386, -2.41319], [1.2945, 1.81591, -1.67551, 1.95842, -1.00809, 1.52475, -2.41255], [0.92858, 1.82753, -1.66163, 1.65683, -1.16406, 1.53263, -2.3918]]
end: [0.62180999999999997, 1.83728, -1.6499999999999999, 1.4039999999999999, -1.2948200000000001, 1.5392399999999999, -2.3744100000000001]
obtacles: [[[0.6, -0.4, -0.2], [1.0, 0.6, -0.3]], [[0.8, -0.1, -0.2], [1.0, -0.0, 0.3]], [[0.8, 0.3, -0.2], [1.0, 0.4, 0.3]], [[0.8, -0.1, 0.3], [1.0, 0.4, 0.4]]]
start: [0.11801, 1.96523, -1.95, 1.49058, -1.1244400000000001, 1.2557499999999999, -1.9177500000000001]
tajectories: [[0.11801, 1.96523, -1.95, 1.49058, -1.12444, 1.25575, -1.91775], [0.03293, 1.86789, -1.62114, 1.73488, -0.88588, 1.18171, -1.97308], [-0.05216, 1.77056, -1.29229, 1.97919, -0.64732, 1.10767, -2.02841], [-0.05392, 1.76855, -1.28549, 1.98424, -0.64238, 1.10614, -2.02956], [0.39985, 1.78422, -1.20857, 2.00699, -0.73768, 1.2288, -1.91428], [0.81049, 1.79841, -1.13896, 2.02756, -0.82392, 1.3398, -1.80995], [0.80148, 1.87292, -1.46464, 1.84377, -0.98725, 1.31773, -2.08808], [0.79246, 1.94742, -1.79032, 1.65998, -1.15058, 1.29565, -2.3662]]
end: [0.79081000000000001, 1.9610799999999999, -1.8500000000000001, 1.6263000000000001, -1.1805099999999999, 1.2916000000000001, -2.41717]
obtacles: [[[0.6, -0.4, -0.2], [1.0, 0.6, -0.3]], [[0.8, -0.1, -0.2], [1.0, -0.0, 0.3]], [[0.8, 0.3, -0.2], [1.0, 0.4, 0.3]], [[0.8, -0.1, 0.3], [1.0, 0.4, 0.4]]]
start: [-0.25067, 1.90144, -2.2999999999999998, 0.48043000000000002, -0.78286999999999995, 1.56745, -2.5390600000000001]
tajectories: [[-0.25067, 1.90144, -2.3, 0.48043, -0.78287, 1.56745, -2.53906], [-0.2831, 1.69881, -2.02675, 0.61163, -0.71756, 1.41836, -2.23987], [-0.31553, 1.49617, -1.75349, 0.74283, -0.65225, 1.26928, -1.94068], [-0.34796, 1.29353, -1.48024, 0.87403, -0.58694, 1.12019, -1.6415], [-0.38039, 1.0909, -1.20699, 1.00523, -0.52163, 0.9711, -1.34231], [-0.41282, 0.88826, -0.93374, 1.13643, -0.45632, 0.82202, -1.04312], [-0.42135, 0.83497, -0.86188, 1.17093, -0.43915, 0.78281, -0.96443], [0.00575, 0.6608, -0.79246, 1.33501, -0.45615, 0.8385, -1.01043], [0.43285, 0.48662, -0.72305, 1.4991, -0.47315, 0.89419, -1.05643], [0.85995, 0.31245, -0.65363, 1.66318, -0.49015, 0.94989, -1.10243], [1.28705, 0.13828, -0.58422, 1.82726, -0.50714, 1.00558, -1.14843], [1.66094, -0.01419, -0.52346, 1.9709, -0.52203, 1.05433, -1.1887], [1.49875, 0.33406, -0.71454, 1.90312, -0.64131, 1.13999, -1.38804], [1.33656, 0.68232, -0.90562, 1.83533, -0.7606, 1.22565, -1.58738], [1.17437, 1.03058, -1.0967, 1.76755, -0.87988, 1.31131, -1.78672], [1.01218, 1.37884, -1.28778, 1.69977, -0.99917, 1.39697, -1.98606], [0.84999, 1.7271, -1.47886, 1.63198, -1.11846, 1.48263, -2.1854]]
end: [0.74716000000000005, 1.9478800000000001, -1.6000000000000001, 1.58901, -1.19408, 1.53694, -2.3117700000000001]
obtacles: [[[0.6, -0.4, -0.2], [1.0, 0.6, -0.3]], [[0.8, -0.1, -0.2], [1.0, -0.0, 0.3]], [[0.8, 0.3, -0.2], [1.0, 0.4, 0.3]], [[0.8, -0.1, 0.3], [1.0, 0.4, 0.4]]]
start: [2.2974800000000002, -1.68567, -1.3999999999999999, 1.62914, -1.6772199999999999, -1.3946400000000001, -0.76576999999999995]
tajectories: [[2.29748, -1.68567, -1.4, 1.62914, -1.67722, -1.39464, -0.76577], [2.1755, -1.33604, -1.56878, 1.86669, -1.51655, -1.40626, -0.81069], [2.05353, -0.98642, -1.73756, 2.10425, -1.35588, -1.41787, -0.85561], [1.93156, -0.6368, -1.90634, 2.3418, -1.19521, -1.42948, -0.90053], [1.80959, -0.28717, -2.07512, 2.57936, -1.03454, -1.44109, -0.94544], [1.79244, -0.23801, -2.09885, 2.61276, -1.01195, -1.44272, -0.95176], [1.96362, -0.08002, -2.07821, 2.46078, -1.05693, -1.1969, -1.28306], [2.13481, 0.07796, -2.05757, 2.30879, -1.10191, -0.95108, -1.61436], [2.30599, 0.23594, -2.03693, 2.15681, -1.14689, -0.70526, -1.94566], [2.33697, 0.26453, -2.0332, 2.12931, -1.15503, -0.66078, -2.00561], [2.33338, 0.59557, -2.06134, 2.1537, -1.0659, -0.35595, -2.20092], [2.32979, 0.92662, -2.08948, 2.1781, -0.97677, -0.05112, -2.39623], [2.3262, 1.25766, -2.11762, 2.20249, -0.88764, 0.2537, -2.59154], [2.32261, 1.5887, -2.14575, 2.22689, -0.79851, 0.55853, -2.78684], [2.32261, 1.58926, -2.1458, 2.22693, -0.79836, 0.55905, -2.78717], [1.96534, 1.63743, -2.00939, 2.09818, -0.9226, 0.79044, -2.66119], [1.60807, 1.68561, -1.87298, 1.96942, -1.04684, 1.02184, -2.53521], [1.2508, 1.73379, -1.73656, 1.84067, -1.17108, 1.25324, -2.40923], [0.89353, 1.78196, -1.60015, 1.71192, -1.29532, 1.48464, -2.28325]]
end: [0.76219000000000003, 1.7996700000000001, -1.55, 1.6645799999999999, -1.341, 1.5697099999999999, -2.2369300000000001]
obtacles: [[[0.6, -0.4, -0.2], [1.0, 0.6, -0.3]], [[0.8, -0.1, -0.2], [1.0, -0.0, 0.3]], [[0.8, 0.3, -0.2], [1.0, 0.4, 0.3]], [[0.8, -0.1, 0.3], [1.0, 0.4, 0.4]]]
start: [2.2441900000000001, -1.6040099999999999, -1.55, 1.41279, -4.7484700000000002, 1.5555000000000001, 2.6268199999999999]
tajectories: [[2.24419, -1.60401, -1.55, 1.41279, -4.74847, 1.5555, 2.62682], [2.18145, -1.28933, -1.49567, 1.48782, -4.51602, 1.33478, 2.43786], [2.11872, -0.97464, -1.44134, 1.56285, -4.28357, 1.11406, 2.2489], [2.05598, -0.65995, -1.38701, 1.63788, -4.05111, 0.89334, 2.05994], [1.99325, -0.34527, -1.33268, 1.71291, -3.81866, 0.67262, 1.87098], [1.93052, -0.03058, -1.27835, 1.78793, -3.58621, 0.4519, 1.68202], [1.86778, 0.28411, -1.22402, 1.86296, -3.35376, 0.23119, 1.49306], [1.80505, 0.59879, -1.16969, 1.93799, -3.12131, 0.01047, 1.3041], [1.74231, 0.91348, -1.11536, 2.01302, -2.88886, -0.21025, 1.11514], [1.69366, 1.15753, -1.07323, 2.0712, -2.70859, -0.38143, 0.9686], [1.53043, 1.26329, -1.17502, 1.95024, -3.06937, -0.60894, 0.89611], [1.36721, 1.36906, -1.2768, 1.82927, -3.43014, -0.83645, 0.82362], [1.20398, 1.47483, -1.37859, 1.7083, -3.79092, -1.06396, 0.75113], [1.04076, 1.58059, -1.48038, 1.58733, -4.1517, -1.29147, 0.67864], [0.87753, 1.68636, -1.58217, 1.46636, -4.51248, -1.51898, 0.60615]]
end: [0.84892999999999996, 1.70489, -1.6000000000000001, 1.4451700000000001, -4.5756899999999998, -1.55884, 0.59345000000000003]
obtacles: [[[0.6, -0.4, -0.2], [1.0, 0.6, -0.3]], [[0.8, -0.1, -0.2], [1.0, -0.0, 0.3]], [[0.8, 0.3, -0.2], [1.0, 0.4, 0.3]], [[0.8, -0.1, 0.3], [1.0, 0.4, 0.4]]]
start: [0.1328, 1.90741, -1.8500000000000001, 1.30965, -4.30992, -1.4039999999999999, 1.09501]
tajectories: [[0.1328, 1.90741, -1.85, 1.30965, -4.30992, -1.404, 1.09501], [0.19572, 1.84137, -2.01425, 1.59516, -3.94887, -1.43813, 1.05427], [0.25864, 1.77533, -2.17851, 1.88066, -3.58781, -1.47225, 1.01353], [0.27171, 1.76162, -2.21261, 1.93994, -3.51286, -1.47934, 1.00508], [0.49036, 1.8383, -2.03322, 1.74419, -3.81833, -1.4712, 0.825], [0.70902, 1.91499, -1.85383, 1.54843, -4.12381, -1.46307, 0.64492]]
end: [0.83557999999999999, 1.9593799999999999, -1.75, 1.43513, -4.3006200000000003, -1.4583600000000001, 0.54069]
obtacles: [[[0.6, -0.4, -0.2], [1.0, 0.6, -0.3]], [[0.8, -0.1, -0.2], [1.0, -0.0, 0.3]], [[0.8, 0.3, -0.2], [1.0, 0.4, 0.3]], [[0.8, -0.1, 0.3], [1.0, 0.4, 0.4]]]
start: [0.094280000000000003, 1.92174, -1.75, 1.41658, -4.3357999999999999, -1.45797, 1.26892]
tajectories: [[0.09428, 1.92174, -1.75, 1.41658, -4.3358, -1.45797, 1.26892], [0.22518, 1.67518, -1.50208, 1.73917, -4.27557, -1.42977, 1.22291], [0.35609, 1.42862, -1.25416, 2.06176, -4.21534, -1.40156, 1.1769], [0.487, 1.18205, -1.00624, 2.38435, -4.1551, -1.37335, 1.13089], [0.6179, 0.93549, -0.75831, 2.70694, -4.09487, -1.34515, 1.08487], [0.66558, 0.84568, -0.66801, 2.82444, -4.07294, -1.33488, 1.06811], [0.94834, 0.99611, -0.29276, 2.8459, -4.09728, -1.33253, 0.99368], [1.2311, 1.14654, 0.0825, 2.86736, -4.12163, -1.33019, 0.91925], [1.51387, 1.29697, 0.45776, 2.88882, -4.14597, -1.32784, 0.84482], [1.58846, 1.33665, 0.55676, 2.89448, -4.1524, -1.32723, 0.82518], [1.41984, 1.39713, 0.17639, 2.63257, -4.21565, -1.3449, 0.80722], [1.25122, 1.45761, -0.20397, 2.37066, -4.2789, -1.36258, 0.78925], [1.08261, 1.51809, -0.58434, 2.10875, -4.34215, -1.38026, 0.77129], [0.91399, 1.57857, -0.9647, 1.84684, -4.4054, -1.39794, 0.75332], [0.74537, 1.63905, -1.34507, 1.58493, -4.46865, -1.41562, 0.73536], [0.57676, 1.69952, -1.72544, 1.32302, -4.5319, -1.4333, 0.71739]]
end: [0.56586999999999998, 1.70343, -1.75, 1.3061100000000001, -4.53599, -1.4344399999999999, 0.71623000000000003]
obtacles: [[[0.6, -0.4, -0.2], [1.0, 0.6, -0.3]], [[0.8, -0.1, -0.2], [1.0, -0.0, 0.3]], [[0.8, 0.3, -0.2], [1.0, 0.4, 0.3]], [[0.8, -0.1, 0.3], [1.0, 0.4, 0.4]]]
start: [0.12196, 1.9685299999999999, -1.75, 1.4475899999999999, -4.2928800000000003, -1.45505, 1.26475]
tajectories: [[0.12196, 1.96853, -1.75, 1.44759, -4.29288, -1.45505, 1.26475], [0.16255, 1.92707, -1.77343, 1.52304, -4.37076, -1.45184, 0.78069], [0.20315, 1.88561, -1.79686, 1.59849, -4.44864, -1.44862, 0.29663], [0.24374, 1.84415, -1.82029, 1.67394, -4.52652, -1.4454, -0.18744], [0.28433, 1.80269, -1.84372, 1.7494, -4.6044, -1.44218, -0.6715], [0.29254, 1.79431, -1.84846, 1.76466, -4.62015, -1.44153, -0.76939], [0.6118, 1.61461, -1.70265, 1.93714, -4.64577, -1.18973, -0.74274], [0.93106, 1.43492, -1.55684, 2.10963, -4.6714, -0.93793, -0.71609], [1.25032, 1.25522, -1.41103, 2.28211, -4.69702, -0.68612, -0.68944], [1.56958, 1.07553, -1.26523, 2.4546, -4.72264, -0.43432, -0.66279], [1.87678, 0.90262, -1.12493, 2.62057, -4.7473, -0.19203, -0.63715], [1.66508, 1.06215, -1.24109, 2.36763, -4.69673, -0.42802, -0.42736], [1.45339, 1.22167, -1.35726, 2.11469, -4.64616, -0.66401, -0.21756], [1.2417, 1.3812, -1.47343, 1.86174, -4.5956, -0.90001, -0.00777], [1.03, 1.54072, -1.58959, 1.6088, -4.54503, -1.136, 0.20202], [0.81831, 1.70025, -1.70576, 1.35585, -4.49446, -1.37199, 0.41181]]
end: [0.73768999999999996, 1.7609900000000001, -1.75, 1.25953, -4.4752000000000001, -1.4618599999999999, 0.49170000000000003]
obtacles: [[[0.6, -0.4, -0.2], [1.0, 0.6, -0.3]], [[0.8, -0.1, -0.2], [1.0, -0.0, 0.3]], [[0.8, 0.3, -0.2], [1.0, 0.4, 0.3]], [[0.8, -0.1, 0.3], [1.0, 0.4, 0.4]]]
start: [0.02512, 1.6760200000000001, -1.75, 1.00814, -4.52712, -1.47675, 0.96480999999999995]
tajectories: [[0.02512, 1.67602, -1.75, 1.00814, -4.52712, -1.47675, 0.96481], [0.08474, 1.55663, -1.93295, 1.38735, -4.29509, -1.5062, 0.95006], [0.14435, 1.43724, -2.11589, 1.76656, -4.06306, -1.53565, 0.93532], [0.20396, 1.31784, -2.29884, 2.14577, -3.83103, -1.5651, 0.92057], [0.21444, 1.29686, -2.33099, 2.21242, -3.79025, -1.57028, 0.91798], [0.59268, 1.23879, -2.2346, 2.0632, -3.66064, -1.54417, 0.68447], [0.97091, 1.18072, -2.1382, 1.91399, -3.53103, -1.51806, 0.45095], [1.34915, 1.12265, -2.0418, 1.76477, -3.40142, -1.49195, 0.21744], [1.5977, 1.08449, -1.97846, 1.66672, -3.31625, -1.47479, 0.064], [1.35096, 1.3318, -1.91314, 1.63491, -3.60491, -1.45631, 0.26151], [1.10422, 1.57912, -1.84781, 1.6031, -3.89356, -1.43784, 0.45903], [0.85748, 1.82643, -1.78249, 1.57129, -4.18222, -1.41936, 0.65655]]
end: [0.73473999999999995, 1.94946, -1.75, 1.5554699999999999, -4.3258099999999997, -1.4101699999999999, 0.75480000000000003]
obtacles: [[[0.6, -0.4, -0.2], [1.0, 0.6, -0.3]], [[0.8, -0.1, -0.2], [1.0, -0.0, 0.3]], [[0.8, 0.3, -0.2], [1.0, 0.4, 0.3]], [[0.8, -0.1, 0.3], [1.0, 0.4, 0.4]]]
start: [-0.25402999999999998, 1.7856000000000001, -2.0499999999999998, 0.46351999999999999, -4.1907800000000002, -1.56006, 0.66202000000000005]
tajectories: [[-0.25403, 1.7856, -2.05, 0.46352, -4.19078, -1.56006, 0.66202], [-0.14636, 1.38755, -2.08438, 0.46535, -4.26875, -1.29653, 0.60499], [-0.03868, 0.98951, -2.11876, 0.46718, -4.34672, -1.033, 0.54796], [0.069, 0.59146, -2.15314, 0.46901, -4.42469, -0.76947, 0.49093], [0.17668, 0.19341, -2.18752, 0.47084, -4.50266, -0.50594, 0.4339], [0.28436, -0.20463, -2.2219, 0.47267, -4.58063, -0.24242, 0.37687], [0.37396, -0.53588, -2.25052, 0.47419, -4.64551, -0.02311, 0.32941], [0.64468, -0.5558, -2.02265, 0.70402, -4.47372, -0.1495, 0.16789], [0.91539, -0.57571, -1.79479, 0.93384, -4.30192, -0.27588, 0.00637], [1.18611, -0.59562, -1.56693, 1.16367, -4.13013, -0.40227, -0.15515], [1.45682, -0.61553, -1.33907, 1.39349, -3.95833, -0.52866, -0.31667], [1.72754, -0.63544, -1.1112, 1.62332, -3.78654, -0.65505, -0.47819], [1.99825, -0.65535, -0.88334, 1.85314, -3.61474, -0.78143, -0.63971], [2.26897, -0.67526, -0.65548, 2.08297, -3.44295, -0.90782, -0.80123], [2.53968, -0.69517, -0.42762, 2.3128, -3.27115, -1.03421, -0.96275], [2.55139, -0.69604, -0.41776, 2.32273, -3.26372, -1.03967, -0.96973], [2.33905, -0.36428, -0.57169, 2.21957, -3.39545, -1.1004, -0.77106], [2.12672, -0.03252, -0.72562, 2.11641, -3.52719, -1.16112, -0.57238], [1.91438, 0.29924, -0.87955, 2.01324, -3.65892, -1.22184, -0.37371], [1.70204, 0.63099, -1.03348, 1.91008, -3.79065, -1.28257, -0.17503], [1.4897, 0.96275, -1.18741, 1.80691, -3.92239, -1.34329, 0.02364], [1.27736, 1.29451, -1.34134, 1.70375, -4.05412, -1.40401, 0.22231], [1.06502, 1.62627, -1.49526, 1.60058, -4.18585, -1.46474, 0.42099], [0.85269, 1.95802, -1.64919, 1.49742, -4.31759, -1.52546, 0.61966]]
end: [0.85157000000000005, 1.9597599999999999, -1.6499999999999999, 1.49688, -4.3182799999999997, -1.5257799999999999, 0.62070000000000003]
obtacles: [[[0.6, -0.4, -0.2], [1.0, 0.6, -0.3]], [[0.8, -0.1, -0.2], [1.0, -0.0, 0.3]], [[0.8, 0.3, -0.2], [1.0, 0.4, 0.3]], [[0.8, -0.1, 0.3], [1.0, 0.4, 0.4]]]
start: [-0.12486999999999999, 1.7037, -1.6499999999999999, 1.16506, -4.55905, -1.55104, 1.28315]
tajectories: [[-0.12487, 1.7037, -1.65, 1.16506, -4.55905, -1.55104, 1.28315], [0.03948, 1.8181, -1.73112, 1.43508, -4.19926, -1.52038, 1.27856], [0.20383, 1.93251, -1.81224, 1.70509, -3.83947, -1.48973, 1.27396], [0.25739, 1.96979, -1.83867, 1.79308, -3.72223, -1.47974, 1.27247], [0.60099, 1.85564, -1.68958, 1.8789, -3.63301, -1.27451, 1.0744], [0.94459, 1.74149, -1.54048, 1.96472, -3.54378, -1.06927, 0.87633], [0.99055, 1.72623, -1.52054, 1.9762, -3.53185, -1.04182, 0.84984], [0.88754, 1.73256, -1.56508, 1.70466, -3.87238, -1.22123, 0.72541], [0.78453, 1.73889, -1.60962, 1.43312, -4.21291, -1.40064, 0.60099]]
end: [0.69113000000000002, 1.7446299999999999, -1.6499999999999999, 1.1869099999999999, -4.5216700000000003, -1.56332, 0.48816999999999999]
obtacles: [[[0.6, -0.4, -0.2], [1.0, 0.6, -0.3]], [[0.8, -0.1, -0.2], [1.0, -0.0, 0.3]], [[0.8, 0.3, -0.2], [1.0, 0.4, 0.3]], [[0.8, -0.1, 0.3], [1.0, 0.4, 0.4]]]
start: [2.4973999999999998, -1.79772, -1.45, 1.1125799999999999, -1.82731, -1.56501, -0.45385999999999999]
tajectories: [[2.4974, -1.79772, -1.45, 1.11258, -1.82731, -1.56501, -0.45386], [2.40311, -1.51642, -1.27093, 1.34028, -1.64868, -1.44409, -0.63143], [2.30882, -1.23512, -1.09185, 1.56799, -1.47005, -1.32317, -0.809], [2.21454, -0.95382, -0.91278, 1.7957, -1.29142, -1.20225, -0.98658], [2.12025, -0.67252, -0.7337, 2.0234, -1.11278, -1.08133, -1.16415], [2.02596, -0.39123, -0.55463, 2.25111, -0.93415, -0.96041, -1.34173], [1.93167, -0.10993, -0.37556, 2.47881, -0.75552, -0.83949, -1.5193], [1.83738, 0.17137, -0.19648, 2.70652, -0.57689, -0.71857, -1.69687], [1.82117, 0.21975, -0.16568, 2.74568, -0.54617, -0.69778, -1.72741], [1.66517, 0.44879, -0.36356, 2.57233, -0.63289, -0.39912, -1.81273], [1.50917, 0.67784, -0.56145, 2.39897, -0.71962, -0.10047, -1.89804], [1.35317, 0.90689, -0.75933, 2.22561, -0.80635, 0.19818, -1.98335], [1.19717, 1.13593, -0.95721, 2.05226, -0.89308, 0.49683, -2.06867], [1.04118, 1.36498, -1.15509, 1.8789, -0.9798, 0.79548, -2.15398], [0.88518, 1.59402, -1.35297, 1.70555, -1.06653, 1.09414, -2.2393], [0.72918, 1.82307, -1.55085, 1.53219, -1.15326, 1.39279, -2.32461]]
end: [0.65102000000000004, 1.9378299999999999, -1.6499999999999999, 1.44533, -1.1967099999999999, 1.54243, -2.3673600000000001]
obtacles: [[[0.6, -0.4, -0.2], [1.0, 0.6, -0.3]], [[0.8, -0.1, -0.2], [1.0, -0.0, 0.3]], [[0.8, 0.3, -0.2], [1.0, 0.4, 0.3]], [[0.8, -0.1, 0.3], [1.0, 0.4, 0.4]]]
start: [-0.20799000000000001, 1.8987000000000001, -1.8999999999999999, 0.88602999999999998, -1.11154, 1.53742, -2.1103200000000002]
tajectories: [[-0.20799, 1.8987, -1.9, 0.88603, -1.11154, 1.53742, -2.11032], [0.05503, 1.8607, -1.70858, 1.20998, -1.10262, 1.35784, -2.18422], [0.31805, 1.82271, -1.51715, 1.53393, -1.0937, 1.17827, -2.25812], [0.58107, 1.78472, -1.32573, 1.85788, -1.08479, 0.99869, -2.33201], [0.84409, 1.74673, -1.1343, 2.18183, -1.07587, 0.81911, -2.40591], [1.10711, 1.70874, -0.94288, 2.50579, -1.06695, 0.63954, -2.47981], [1.23681, 1.69, -0.84848, 2.66553, -1.06256, 0.55098, -2.51624], [1.10249, 1.7222, -1.10656, 2.31545, -1.10101, 0.74798, -2.55459], [0.96816, 1.7544, -1.36463, 1.96536, -1.13946, 0.94498, -2.59294], [0.83383, 1.7866, -1.62271, 1.61528, -1.17792, 1.14198, -2.63129], [0.69951, 1.8188, -1.88078, 1.26519, -1.21637, 1.33898, -2.66964]]
end: [0.6895, 1.8211999999999999, -1.8999999999999999, 1.23912, -1.21923, 1.35364, -2.6724999999999999]
