obtacles: [[[0.6, -0.4, -0.2], [1.0, 0.6, -0.3]], [[0.8, -0.2, -0.2], [1.0, -0.1, 0.5]], [[0.8, 0.3, -0.2], [1.0, 0.4, 0.5]], [[0.8, -0.2, 0.5], [1.0, 0.4, 0.6]]]
start: [-0.49834000000000001, 1.40615, 1.8500000000000001, -0.22072, -1.8783000000000001, -1.4702200000000001, 0.71147000000000005]
tajectories: [[-0.49834, 1.40615, 1.85, -0.22072, -1.8783, -1.47022, 0.71147], [-0.56814, 1.17753, 1.91479, 0.04193, -1.8131, -1.27194, 0.43559], [-0.63794, 0.9489, 1.97959, 0.30457, -1.7479, -1.07365, 0.1597], [-0.70774, 0.72028, 2.04438, 0.56721, -1.6827, -0.87537, -0.11618], [-0.74018, 0.61402, 2.0745, 0.68928, -1.65239, -0.78321, -0.2444], [-0.71575, 0.65197, 2.20053, 0.81099, -1.50441, -0.86785, -0.67823], [-0.69132, 0.68992, 2.32656, 0.93269, -1.35643, -0.95248, -1.11206], [-0.66689, 0.72787, 2.45259, 1.0544, -1.20845, -1.03712, -1.54588], [-0.66618, 0.72896, 2.45623, 1.05791, -1.20418, -1.03956, -1.55841], [-0.59912, 0.96653, 2.22623, 1.3438, -1.43221, -1.00437, -1.52384], [-0.53206, 1.2041, 1.99622, 1.62968, -1.66025, -0.96918, -1.48928], [-0.47553, 1.40433, 1.80237, 1.87063, -1.85244, -0.93951, -1.46015], [-0.37002, 1.68528, 1.698, 1.69239, -1.90278, -1.25982, -1.34998]]
end: [-0.27094000000000001, 1.9491099999999999, 1.6000000000000001, 1.52501, -1.9500500000000001, -1.5605899999999999, -1.2465200000000001]
obtacles: [[[0.6, -0.4, -0.2], [1.0, 0.6, -0.3]], [[0.8, -0.2, -0.2], [1.0, -0.1, 0.5]], [[0.8, 0.3, -0.2], [1.0, 0.4, 0.5]], [[0.8, -0.2, 0.5], [1.0, 0.4, 0.6]]]
start: [-0.91791999999999996, 1.7143600000000001, 1.7, 1.00945, -1.7610300000000001, -1.5389999999999999, -0.079200000000000007]
tajectories: [[-0.91792, 1.71436, 1.7, 1.00945, -1.76103, -1.539, -0.0792], [-0.86564, 1.53253, 1.97638, 1.03764, -2.08655, -1.50963, -0.25299], [-0.81335, 1.35071, 2.25275, 1.06582, -2.41206, -1.48026, -0.42679], [-0.79267, 1.27879, 2.36208, 1.07697, -2.54083, -1.46864, -0.49554], [-0.44631, 1.34042, 2.35395, 1.32952, -2.39457, -1.49883, -0.69576], [-0.09996, 1.40204, 2.34583, 1.58207, -2.24831, -1.52901, -0.89599], [0.00754, 1.42117, 2.34331, 1.66045, -2.20291, -1.53838, -0.95813], [-0.16214, 1.69486, 2.0123, 1.51398, -2.08353, -1.5319, -0.98966]]
end: [-0.32223000000000002, 1.9530700000000001, 1.7, 1.3757900000000001, -1.9709000000000001, -1.52579, -1.0194000000000001]
obtacles: [[[0.6, -0.4, -0.2], [1.0, 0.6, -0.3]], [[0.8, -0.2, -0.2], [1.0, -0.1, 0.5]], [[0.8, 0.3, -0.2], [1.0, 0.4, 0.5]], [[0.8, -0.2, 0.5], [1.0, 0.4, 0.6]]]
start: [-0.88109999999999999, 1.9706999999999999, 1.75, 1.23725, -2.0062099999999998, -1.54312, -0.31362000000000001]
tajectories: [[-0.8811, 1.9707, 1.75, 1.23725, -2.00621, -1.54312, -0.31362], [-1.15975, 1.65467, 1.57626, 1.30857, -2.05761, -1.50906, -0.13085], [-1.4384, 1.33863, 1.40252, 1.37988, -2.10902, -1.475, 0.05192], [-1.71705, 1.0226, 1.22877, 1.45119, -2.16042, -1.44094, 0.2347], [-1.94092, 0.76869, 1.08918, 1.50849, -2.20172, -1.41358, 0.38154], [-1.66591, 0.77101, 1.02851, 1.68394, -2.04555, -1.36394, 0.04532], [-1.3909, 0.77333, 0.96784, 1.8594, -1.88937, -1.3143, -0.2909], [-1.11589, 0.77564, 0.90717, 2.03485, -1.7332, -1.26466, -0.62712], [-0.84088, 0.77796, 0.8465, 2.21031, -1.57702, -1.21502, -0.96334], [-0.68132, 0.77931, 0.8113, 2.3121, -1.48641, -1.18622, -1.15841], [-0.66334, 1.10205, 1.11334, 2.11028, -1.5759, -1.24615, -1.11421], [-0.64535, 1.42479, 1.41539, 1.90845, -1.6654, -1.30607, -1.07], [-0.62736, 1.74752, 1.71743, 1.70663, -1.75489, -1.366, -1.0258]]
end: [-0.62541999999999998, 1.78233, 1.75, 1.6848700000000001, -1.76454, -1.37246, -1.0210300000000001]
obtacles: [[[0.6, -0.4, -0.2], [1.0, 0.6, -0.3]], [[0.8, -0.2, -0.2], [1.0, -0.1, 0.5]], [[0.8, 0.3, -0.2], [1.0, 0.4, 0.5]], [[0.8, -0.2, 0.5], [1.0, 0.4, 0.6]]]
start: [-0.88234000000000001, 1.8057300000000001, 1.75, 1.15774, -1.8581300000000001, -1.50542, -0.24474000000000001]
tajectories: [[-0.88234, 1.80573, 1.75, 1.15774, -1.85813, -1.50542, -0.24474], [-0.90323, 1.74525, 1.94157, 1.24902, -2.11362, -1.56699, -0.29429], [-0.85295, 1.55789, 1.86612, 1.45906, -2.23892, -1.53275, -0.67598], [-0.80444, 1.37714, 1.79334, 1.6617, -2.3598, -1.49972, -1.04422], [-0.52729, 1.63053, 2.02647, 1.65602, -2.25767, -1.35248, -1.19418], [-0.51071, 1.64569, 2.04042, 1.65568, -2.25155, -1.34367, -1.20316], [-0.28306, 1.79229, 1.82424, 1.45179, -1.97013, -1.42456, -1.15185]]
end: [-0.20488000000000001, 1.8426400000000001, 1.75, 1.3817600000000001, -1.87347, -1.4523299999999999, -1.1342300000000001]
obtacles: [[[0.6, -0.4, -0.2], [1.0, 0.6, -0.3]], [[0.8, -0.2, -0.2], [1.0, -0.1, 0.5]], [[0.8, 0.3, -0.2], [1.0, 0.4, 0.5]], [[0.8, -0.2, 0.5], [1.0, 0.4, 0.6]]]
start: [-0.87163000000000002, 1.70106, 1.75, 0.69552999999999998, -1.79152, -1.5572600000000001, 0.18931999999999999]
tajectories: [[-0.87163, 1.70106, 1.75, 0.69553, -1.79152, -1.55726, 0.18932], [-0.8075, 1.38393, 1.84141, 0.64269, -2.01001, -1.46726, -0.09057], [-0.74336, 1.06681, 1.93281, 0.58985, -2.22849, -1.37725, -0.37045], [-0.70231, 0.86382, 1.99132, 0.55602, -2.36834, -1.31963, -0.5496], [-0.65049, 1.02042, 2.06608, 0.87271, -2.49931, -1.37736, -0.86012], [-0.59868, 1.17701, 2.14083, 1.1894, -2.63028, -1.43508, -1.17065], [-0.55272, 1.31589, 2.20713, 1.47026, -2.74643, -1.48627, -1.44603], [-0.56578, 1.56003, 2.02167, 1.56947, -2.40155, -1.43279, -1.29053], [-0.57884, 1.80417, 1.83621, 1.66868, -2.05667, -1.3793, -1.13503]]
end: [-0.58492, 1.9176599999999999, 1.75, 1.7148000000000001, -1.89635, -1.35443, -1.06274]
obtacles: [[[0.6, -0.4, -0.2], [1.0, 0.6, -0.3]], [[0.8, -0.2, -0.2], [1.0, -0.1, 0.5]], [[0.8, 0.3, -0.2], [1.0, 0.4, 0.5]], [[0.8, -0.2, 0.5], [1.0, 0.4, 0.6]]]
start: [-0.91869999999999996, 1.4713000000000001, 1.75, 1.1849700000000001, -1.54498, -1.3676999999999999, -0.27784999999999999]
tajectories: [[-0.9187, 1.4713, 1.75, 1.18497, -1.54498, -1.3677, -0.27785], [-0.95317, 1.16552, 1.70508, 1.22554, -1.51634, -1.32211, -0.66352], [-0.98764, 0.85973, 1.66016, 1.26611, -1.4877, -1.27653, -1.0492], [-1.02211, 0.55394, 1.61524, 1.30668, -1.45906, -1.23094, -1.43487], [-1.05658, 0.24815, 1.57032, 1.34725, -1.43042, -1.18536, -1.82054], [-1.09105, -0.05763, 1.5254, 1.38781, -1.40178, -1.13977, -2.20621], [-1.12552, -0.36342, 1.48048, 1.42838, -1.37314, -1.09419, -2.59189], [-1.15646, -0.63785, 1.44016, 1.46479, -1.34743, -1.05328, -2.938], [-1.0948, -0.45166, 1.49851, 1.56489, -1.79015, -1.08691, -2.90668], [-1.03315, -0.26547, 1.55686, 1.66498, -2.23286, -1.12055, -2.87537], [-0.9715, -0.07929, 1.61521, 1.76508, -2.67558, -1.15419, -2.84405], [-0.90985, 0.1069, 1.67356, 1.86518, -3.1183, -1.18782, -2.81273], [-0.84819, 0.29309, 1.73191, 1.96527, -3.56101, -1.22146, -2.78141], [-0.78654, 0.47928, 1.79026, 2.06537, -4.00373, -1.25509, -2.75009], [-0.72489, 0.66546, 1.84861, 2.16547, -4.44644, -1.28873, -2.71878], [-0.71591, 0.69258, 1.8571, 2.18005, -4.51092, -1.29363, -2.71421], [-0.63483, 0.85049, 1.84218, 2.03119, -4.14419, -1.32629, -2.46814], [-0.55375, 1.00841, 1.82726, 1.88233, -3.77747, -1.35896, -2.22206], [-0.47266, 1.16632, 1.81234, 1.73347, -3.41074, -1.39162, -1.97599], [-0.39158, 1.32423, 1.79742, 1.58461, -3.04402, -1.42429, -1.72991], [-0.3105, 1.48215, 1.78249, 1.43575, -2.67729, -1.45695, -1.48384], [-0.22942, 1.64006, 1.76757, 1.28689, -2.31057, -1.48962, -1.23776], [-0.14834, 1.79798, 1.75265, 1.13803, -1.94384, -1.52229, -0.99169]]
end: [-0.13392999999999999, 1.8260400000000001, 1.75, 1.11158, -1.8786799999999999, -1.5280899999999999, -0.94796000000000002]
obtacles: [[[0.6, -0.4, -0.2], [1.0, 0.6, -0.3]], [[0.8, -0.2, -0.2], [1.0, -0.1, 0.5]], [[0.8, 0.3, -0.2], [1.0, 0.4, 0.5]], [[0.8, -0.2, 0.5], [1.0, 0.4, 0.6]]]
start: [-0.72863, 1.6277999999999999, 1.8, 1.0491699999999999, -1.7363200000000001, -1.40171, -0.29991000000000001]
tajectories: [[-0.72863, 1.6278, 1.8, 1.04917, -1.73632, -1.40171, -0.29991], [-0.98239, 1.59049, 1.91027, 1.06236, -1.6077, -1.04432, -0.13376], [-1.23615, 1.55318, 2.02054, 1.07555, -1.47908, -0.68692, 0.0324], [-1.48991, 1.51587, 2.1308, 1.08875, -1.35046, -0.32953, 0.19855], [-1.74366, 1.47856, 2.24107, 1.10194, -1.22184, 0.02786, 0.36471], [-1.97068, 1.44518, 2.33972, 1.11374, -1.10677, 0.34759, 0.51335], [-1.67297, 1.42113, 2.17093, 1.41728, -1.29475, 0.27895, 0.52442], [-1.37526, 1.39707, 2.00214, 1.72081, -1.48272, 0.21031, 0.53549], [-1.07756, 1.37302, 1.83335, 2.02435, -1.6707, 0.14167, 0.54656], [-0.77985, 1.34897, 1.66456, 2.32789, -1.85867, 0.07303, 0.55763], [-0.61551, 1.33569, 1.57139, 2.49544, -1.96243, 0.03514, 0.56374], [-0.60626, 1.44306, 1.62092, 2.28278, -1.93803, -0.26817, 0.25051], [-0.597, 1.55043, 1.67045, 2.07012, -1.91363, -0.57149, -0.06271], [-0.58774, 1.6578, 1.71998, 1.85745, -1.88923, -0.87481, -0.37594], [-0.57849, 1.76518, 1.76952, 1.64479, -1.86484, -1.17812, -0.68916]]
end: [-0.57279000000000002, 1.8312600000000001, 1.8, 1.5139, -1.84982, -1.3648, -0.88193999999999995]
obtacles: [[[0.6, -0.4, -0.2], [1.0, 0.6, -0.3]], [[0.8, -0.2, -0.2], [1.0, -0.1, 0.5]], [[0.8, 0.3, -0.2], [1.0, 0.4, 0.5]], [[0.8, -0.2, 0.5], [1.0, 0.4, 0.6]]]
start: [-0.70115000000000005, 1.66727, 1.8, 0.47885, -1.81846, -1.55209, 0.23574000000000001]
tajectories: [[-0.70115, 1.66727, 1.8, 0.47885, -1.81846, -1.55209, 0.23574], [-0.7814, 1.51511, 1.90824, 0.55689, -1.83977, -1.20254, -0.04703], [-0.86165, 1.36294, 2.01647, 0.63493, -1.86108, -0.853, -0.32981], [-0.94189, 1.21078, 2.12471, 0.71297, -1.8824, -0.50345, -0.61259], [-1.02214, 1.05861, 2.23295, 0.79101, -1.90371, -0.15391, -0.89537], [-1.0948, 0.92084, 2.33095, 0.86168, -1.92301, 0.16258, -1.1514], [-1.0526, 0.8384, 2.27291, 1.23486, -1.78521, -0.11309, -1.21314], [-1.01041, 0.75597, 2.21487, 1.60804, -1.64741, -0.38875, -1.27487], [-0.96821, 0.67354, 2.15683, 1.98122, -1.50961, -0.66442, -1.33661], [-0.92601, 0.5911, 2.09879, 2.3544, -1.3718, -0.94008, -1.39835], [-0.9, 0.5403, 2.06301, 2.58441, -1.28687, -1.10998, -1.4364], [-0.5679, 0.73676, 2.09409, 2.66185, -1.08321, -1.27826, -1.28035], [-0.2358, 0.93323, 2.12516, 2.73929, -0.87955, -1.44653, -1.1243], [-0.06793, 1.03253, 2.14087, 2.77844, -0.77661, -1.53159, -1.04542], [-0.12144, 1.19392, 2.06246, 2.3887, -1.01752, -1.51245, -0.97727], [-0.17496, 1.3553, 1.98405, 1.99897, -1.25843, -1.49331, -0.90911], [-0.22847, 1.51668, 1.90564, 1.60923, -1.49934, -1.47417, -0.84096], [-0.28198, 1.67807, 1.82723, 1.2195, -1.74025, -1.45503, -0.7728]]
end: [-0.30057, 1.7341200000000001, 1.8, 1.0841400000000001, -1.82392, -1.44838, -0.74912999999999996]
obtacles: [[[0.6, -0.4, -0.2], [1.0, 0.6, -0.3]], [[0.8, -0.2, -0.2], [1.0, -0.1, 0.5]], [[0.8, 0.3, -0.2], [1.0, 0.4, 0.5]], [[0.8, -0.2, 0.5], [1.0, 0.4, 0.6]]]
start: [-0.59577999999999998, 1.5906100000000001, 1.8, 0.54564000000000001, -1.7777799999999999, -1.46967, 0.06293]
tajectories: [[-0.59578, 1.59061, 1.8, 0.54564, -1.77778, -1.46967, 0.06293], [-0.68374, 1.6725, 1.99695, 0.7685, -1.87413, -1.24198, -0.23028], [-0.77169, 1.75438, 2.19389, 0.99136, -1.97048, -1.01428, -0.5235], [-0.81893, 1.79837, 2.29969, 1.11107, -2.02223, -0.89197, -0.681], [-0.7638, 1.79368, 2.39391, 1.57261, -2.14701, -0.85268, -0.77006], [-0.70867, 1.789, 2.48813, 2.03414, -2.27178, -0.81339, -0.85912], [-0.684, 1.7869, 2.53028, 2.24066, -2.32761, -0.7958, -0.89896], [-0.56334, 1.8527, 2.22853, 2.00598, -2.18243, -1.02217, -1.01151], [-0.44268, 1.91849, 1.92677, 1.77131, -2.03726, -1.24853, -1.12406]]
end: [-0.37198999999999999, 1.9570399999999999, 1.75, 1.6338299999999999, -1.95221, -1.38114, -1.1899900000000001]
obtacles: [[[0.6, -0.4, -0.2], [1.0, 0.6, -0.3]], [[0.8, -0.2, -0.2], [1.0, -0.1, 0.5]], [[0.8, 0.3, -0.2], [1.0, 0.4, 0.5]], [[0.8, -0.2, 0.5], [1.0, 0.4, 0.6]]]
start: [-0.56247000000000003, 1.5357499999999999, 1.75, 0.63648000000000005, -1.6946600000000001, -1.4363300000000001, -0.0688]
tajectories: [[-0.56247, 1.53575, 1.75, 0.63648, -1.69466, -1.43633, -0.0688], [-0.64131, 1.67067, 2.06054, 0.98544, -1.61836, -1.46498, -0.04176], [-0.72015, 1.80559, 2.37107, 1.3344, -1.54207, -1.49363, -0.01471], [-0.75202, 1.86013, 2.49659, 1.47546, -1.51123, -1.50521, -0.00377], [-0.69861, 1.59425, 2.22285, 1.63868, -1.24099, -1.47663, -0.03599], [-0.64521, 1.32838, 1.94911, 1.8019, -0.97075, -1.44805, -0.06821], [-0.63379, 1.27157, 1.89062, 1.83677, -0.91301, -1.44195, -0.0751], [-0.52931, 1.56034, 1.92279, 1.7226, -1.23802, -1.38777, -0.25692], [-0.47096, 1.7216, 1.94076, 1.65885, -1.41952, -1.35751, -0.35845], [-0.47385, 1.73883, 1.82347, 1.60904, -1.62348, -1.37946, -0.79592]]
end: [-0.47566999999999998, 1.74963, 1.75, 1.5778300000000001, -1.7512399999999999, -1.3932100000000001, -1.06995]
obtacles: [[[0.6, -0.4, -0.2], [1.0, 0.6, -0.3]], [[0.8, -0.2, -0.2], [1.0, -0.1, 0.5]], [[0.8, 0.3, -0.2], [1.0, 0.4, 0.5]], [[0.8, -0.2, 0.5], [1.0, 0.4, 0.6]]]
start: [-0.74829999999999997, 1.49498, 1.75, 1.0905, -1.5860300000000001, -1.37696, -0.34753000000000001]
tajectories: [[-0.7483, 1.49498, 1.75, 1.0905, -1.58603, -1.37696, -0.34753], [-0.75683, 1.29592, 1.43531, 0.90882, -1.78003, -1.43787, -0.15539], [-0.76536, 1.09685, 1.12061, 0.72713, -1.97402, -1.49878, 0.03674], [-0.77388, 0.89778, 0.80592, 0.54545, -2.16802, -1.55969, 0.22887], [-0.7745, 0.88348, 0.78331, 0.5324, -2.18196, -1.56406, 0.24268], [-0.98258, 0.98612, 0.53429, 0.87571, -2.14612, -1.4521, 0.29243], [-1.19066, 1.08876, 0.28528, 1.21903, -2.11029, -1.34013, 0.34218], [-1.39874, 1.19139, 0.03626, 1.56234, -2.07446, -1.22817, 0.39194], [-1.45958, 1.2214, -0.03654, 1.66272, -2.06399, -1.19544, 0.40648], [-1.2694, 1.27695, 0.09096, 1.96526, -2.15835, -1.23581, 0.10247], [-1.07922, 1.33249, 0.21846, 2.2678, -2.25272, -1.27619, -0.20154], [-0.88904, 1.38803, 0.34596, 2.57034, -2.34709, -1.31656, -0.50556], [-0.80575, 1.41236, 0.4018, 2.70284, -2.38841, -1.33424, -0.63869], [-0.73415, 1.52216, 0.74799, 2.41145, -2.24877, -1.35083, -0.7297], [-0.66255, 1.63197, 1.09419, 2.12006, -2.10914, -1.36742, -0.8207], [-0.59094, 1.74178, 1.44039, 1.82867, -1.9695, -1.38401, -0.9117]]
end: [-0.52690999999999999, 1.83999, 1.75, 1.56806, -1.8446199999999999, -1.3988499999999999, -0.99307999999999996]
obtacles: [[[0.6, -0.4, -0.2], [1.0, 0.6, -0.3]], [[0.8, -0.2, -0.2], [1.0, -0.1, 0.5]], [[0.8, 0.3, -0.2], [1.0, 0.4, 0.5]], [[0.8, -0.2, 0.5], [1.0, 0.4, 0.6]]]
start: [-0.79169, 1.6270899999999999, 1.75, 1.11242, -1.70156, -1.4356899999999999, -0.30681999999999998]
tajectories: [[-0.79169, 1.62709, 1.75, 1.11242, -1.70156, -1.43569, -0.30682], [-0.82622, 1.70949, 1.55269, 0.81898, -1.74519, -1.44421, 0.03231], [-0.86076, 1.79189, 1.35539, 0.52555, -1.78883, -1.45272, 0.37143], [-0.89529, 1.87429, 1.15808, 0.23211, -1.83246, -1.46124, 0.71055], [-0.91422, 1.91944, 1.04998, 0.07133, -1.85637, -1.46591, 0.89636], [-0.9851, 1.69156, 1.20366, 0.44968, -1.84945, -1.42237, 1.05235], [-1.05599, 1.46368, 1.35734, 0.82804, -1.84252, -1.37882, 1.20833], [-1.12687, 1.23579, 1.51103, 1.20639, -1.8356, -1.33528, 1.36432], [-1.19776, 1.00791, 1.66471, 1.58474, -1.82867, -1.29174, 1.52031], [-1.26864, 0.78003, 1.81839, 1.96309, -1.82175, -1.24819, 1.6763], [-1.33953, 0.55215, 1.97208, 2.34144, -1.81482, -1.20465, 1.83229], [-1.36099, 0.48314, 2.01862, 2.45602, -1.81272, -1.19147, 1.87952], [-1.19929, 0.65838, 1.98193, 2.30017, -1.81191, -1.22684, 1.47177], [-1.03759, 0.83361, 1.94524, 2.14433, -1.81109, -1.26221, 1.06402], [-0.8759, 1.00884, 1.90856, 1.98849, -1.81028, -1.29759, 0.65626], [-0.7142, 1.18408, 1.87187, 1.83265, -1.80946, -1.33296, 0.24851], [-0.5525, 1.35931, 1.83518, 1.67681, -1.80865, -1.36834, -0.15924], [-0.3908, 1.53454, 1.7985, 1.52097, -1.80783, -1.40371, -0.56699], [-0.2291, 1.70978, 1.76181, 1.36512, -1.80702, -1.43909, -0.97475]]
end: [-0.17705000000000001, 1.7661899999999999, 1.75, 1.3149500000000001, -1.8067599999999999, -1.45048, -1.10602]
obtacles: [[[0.6, -0.4, -0.2], [1.0, 0.6, -0.3]], [[0.8, -0.2, -0.2], [1.0, -0.1, 0.5]], [[0.8, 0.3, -0.2], [1.0, 0.4, 0.5]], [[0.8, -0.2, 0.5], [1.0, 0.4, 0.6]]]
start: [-0.64424999999999999, 1.58067, 1.75, 0.8952, -1.6913199999999999, -1.4374899999999999, -0.24201]
tajectories: [[-0.64425, 1.58067, 1.75, 0.8952, -1.69132, -1.43749, -0.24201], [-0.88563, 1.46587, 1.47119, 0.6656, -1.65957, -1.37243, -0.03498], [-1.12702, 1.35106, 1.19238, 0.43599, -1.62783, -1.30738, 0.17204], [-1.36841, 1.23626, 0.91357, 0.20639, -1.59608, -1.24232, 0.37907], [-1.60979, 1.12146, 0.63477, -0.02322, -1.56433, -1.17726, 0.5861], [-1.63737, 1.10834, 0.60291, -0.04945, -1.56071, -1.16983, 0.60975], [-1.63335, 0.82577, 0.44623, 0.15734, -1.43934, -0.98584, 0.37684], [-1.62934, 0.54321, 0.28955, 0.36413, -1.31798, -0.80185, 0.14393], [-1.62532, 0.26064, 0.13286, 0.57091, -1.19661, -0.61786, -0.08898], [-1.62131, -0.02193, -0.02382, 0.7777, -1.07525, -0.43387, -0.32189], [-1.61729, -0.3045, -0.1805, 0.98449, -0.95388, -0.24988, -0.5548], [-1.61327, -0.58707, -0.33719, 1.19128, -0.83252, -0.06589, -0.78771], [-1.61087, -0.7564, -0.43108, 1.3152, -0.75979, 0.04436, -0.92729], [-1.45231, -0.52959, -0.2157, 1.56307, -0.7272, -0.12727, -1.11455], [-1.29375, -0.30279, -0.00031, 1.81094, -0.69461, -0.29891, -1.30181], [-1.13519, -0.07598, 0.21507, 2.05881, -0.66202, -0.47054, -1.48906], [-0.97663, 0.15083, 0.43046, 2.30668, -0.62943, -0.64218, -1.67632], [-0.81807, 0.37763, 0.64584, 2.55455, -0.59684, -0.81381, -1.86358], [-0.76133, 0.45878, 0.7229, 2.64324, -0.58518, -0.87522, -1.93058], [-0.66446, 0.6848, 0.8998, 2.38649, -0.80937, -0.97774, -1.75296], [-0.56759, 0.91082, 1.07669, 2.12974, -1.03356, -1.08025, -1.57534], [-0.47071, 1.13684, 1.25358, 1.87299, -1.25774, -1.18277, -1.39772], [-0.37384, 1.36287, 1.43048, 1.61624, -1.48193, -1.28528, -1.2201], [-0.27696, 1.58889, 1.60737, 1.35949, -1.70612, -1.38779, -1.04248], [-0.18009, 1.81491, 1.78426, 1.10274, -1.9303, -1.49031, -0.86486]]
end: [-0.11670999999999999, 1.96279, 1.8999999999999999, 0.93476000000000004, -2.0769799999999998, -1.55738, -0.74865000000000004]
obtacles: [[[0.6, -0.4, -0.2], [1.0, 0.6, -0.3]], [[0.8, -0.2, -0.2], [1.0, -0.1, 0.5]], [[0.8, 0.3, -0.2], [1.0, 0.4, 0.5]], [[0.8, -0.2, 0.5], [1.0, 0.4, 0.6]]]
start: [-0.55572999999999995, 1.6497999999999999, 1.8999999999999999, 0.49349999999999999, -1.89899, -1.4875400000000001, 0.089149999999999993]
tajectories: [[-0.55573, 1.6498, 1.9, 0.4935, -1.89899, -1.48754, 0.08915], [-0.83781, 1.53183, 2.01418, 0.65232, -1.93398, -1.50632, -0.25242], [-1.11989, 1.41386, 2.12836, 0.81113, -1.96897, -1.5251, -0.594], [-1.23168, 1.3671, 2.17362, 0.87408, -1.98284, -1.53254, -0.72938], [-1.02761, 1.50066, 2.27225, 1.04458, -1.62188, -1.42188, -0.82519], [-0.82355, 1.63423, 2.37089, 1.21509, -1.26092, -1.31121, -0.921], [-0.77223, 1.66782, 2.39569, 1.25796, -1.17015, -1.28338, -0.9451], [-0.56011, 1.61915, 2.46016, 1.58357, -1.45436, -1.37199, -1.00702], [-0.34799, 1.57048, 2.52462, 1.90917, -1.73858, -1.4606, -1.06894], [-0.13587, 1.5218, 2.58909, 2.23477, -2.0228, -1.54921, -1.13086], [-0.10471, 1.51466, 2.59856, 2.2826, -2.06455, -1.56222, -1.13996], [-0.17069, 1.69619, 2.29822, 1.95661, -2.02342, -1.44168, -1.14258], [-0.23668, 1.87773, 1.99789, 1.63063, -1.9823, -1.32115, -1.14519]]
end: [-0.25818000000000002, 1.9369000000000001, 1.8999999999999999, 1.5243800000000001, -1.96889, -1.28186, -1.14605]
obtacles: [[[0.6, -0.4, -0.2], [1.0, 0.6, -0.3]], [[0.8, -0.2, -0.2], [1.0, -0.1, 0.5]], [[0.8, 0.3, -0.2], [1.0, 0.4, 0.5]], [[0.8, -0.2, 0.5], [1.0, 0.4, 0.6]]]
start: [-0.51173999999999997, 1.4913799999999999, 1.8999999999999999, 0.42360999999999999, -1.8409, -1.3645400000000001, 0.10306]
tajectories: [[-0.51174, 1.49138, 1.9, 0.42361, -1.8409, -1.36454, 0.10306], [-0.6087, 1.26163, 2.01476, 0.33808, -2.21527, -1.30715, -0.05148], [-0.70565, 1.03188, 2.12952, 0.25256, -2.58965, -1.24976, -0.20602], [-0.8026, 0.80213, 2.24428, 0.16704, -2.96402, -1.19238, -0.36056], [-0.89955, 0.57238, 2.35904, 0.08152, -3.33839, -1.13499, -0.5151], [-0.9425, 0.47059, 2.40989, 0.04363, -3.50426, -1.10956, -0.58357], [-0.66452, 0.37644, 2.37955, 0.41672, -3.46371, -1.18114, -0.45328], [-0.38654, 0.2823, 2.3492, 0.78981, -3.42316, -1.25273, -0.32299], [-0.10855, 0.18815, 2.31886, 1.1629, -3.38261, -1.32431, -0.19269], [0.16943, 0.094, 2.28852, 1.536, -3.34207, -1.3959, -0.0624], [0.35206, 0.03215, 2.26859, 1.78111, -3.31543, -1.44293, 0.02319], [0.23638, 0.39095, 2.19777, 1.65468, -3.06514, -1.4413, -0.13249], [0.1207, 0.74975, 2.12696, 1.52824, -2.81486, -1.43967, -0.28817], [0.00502, 1.10855, 2.05615, 1.40181, -2.56458, -1.43804, -0.44386], [-0.11066, 1.46735, 1.98534, 1.27538, -2.3143, -1.43642, -0.59954], [-0.22634, 1.82615, 1.91452, 1.14895, -2.06401, -1.43479, -0.75522]]
end: [-0.25007000000000001, 1.89975, 1.8999999999999999, 1.1230100000000001, -2.01268, -1.43445, -0.78715999999999997]
obtacles: [[[0.6, -0.4, -0.2], [1.0, 0.6, -0.3]], [[0.8, -0.2, -0.2], [1.0, -0.1, 0.5]], [[0.8, 0.3, -0.2], [1.0, 0.4, 0.5]], [[0.8, -0.2, 0.5], [1.0, 0.4, 0.6]]]
start: [-0.84516000000000002, 1.73671, 1.8999999999999999, 1.2203200000000001, -1.84704, -1.32558, -0.31329000000000001]
tajectories: [[-0.84516, 1.73671, 1.9, 1.22032, -1.84704, -1.32558, -0.31329], [-1.09336, 1.65857, 2.01373, 1.51973, -1.73693, -1.37832, -0.56786], [-1.34156, 1.58044, 2.12745, 1.81914, -1.62682, -1.43106, -0.82242], [-1.44474, 1.54795, 2.17473, 1.94361, -1.58105, -1.45298, -0.92825], [-1.24527, 1.70824, 2.26611, 2.04035, -1.89789, -1.20555, -1.00032], [-1.0458, 1.86853, 2.3575, 2.13709, -2.21474, -0.95811, -1.07239], [-0.93706, 1.95591, 2.40732, 2.18983, -2.38747, -0.82322, -1.11168], [-0.65148, 1.89483, 2.22382, 1.94823, -2.1802, -0.98155, -1.17982], [-0.3659, 1.83375, 2.04033, 1.70663, -1.97293, -1.13989, -1.24796]]
end: [-0.14751, 1.78704, 1.8999999999999999, 1.5218700000000001, -1.81443, -1.2609699999999999, -1.3000700000000001]
obtacles: [[[0.6, -0.4, -0.2], [1.0, 0.6, -0.3]], [[0.8, -0.2, -0.2], [1.0, -0.1, 0.5]], [[0.8, 0.3, -0.2], [1.0, 0.4, 0.5]], [[0.8, -0.2, 0.5], [1.0, 0.4, 0.6]]]
start: [-0.83099999999999996, 1.74363, 1.8999999999999999, 1.2838799999999999, -1.83788, -1.3110999999999999, -0.38901999999999998]
tajectories: [[-0.831, 1.74363, 1.9, 1.28388, -1.83788, -1.3111, -0.38902], [-0.92548, 1.70332, 1.98981, 1.38299, -1.61499, -0.96314, -0.16362], [-1.01996, 1.663, 2.07963, 1.4821, -1.3921, -0.61519, 0.06177], [-1.11444, 1.62269, 2.16944, 1.58121, -1.16921, -0.26723, 0.28717], [-1.20892, 1.58238, 2.25926, 1.68032, -0.94631, 0.08073, 0.51256], [-1.30341, 1.54206, 2.34907, 1.77943, -0.72342, 0.42868, 0.73796], [-1.39789, 1.50175, 2.43889, 1.87854, -0.50053, 0.77664, 0.96335], [-1.43014, 1.48798, 2.46955, 1.91238, -0.42443, 0.89544, 1.04031], [-1.2147, 1.48309, 2.4758, 2.04863, -0.66311, 0.82283, 0.69], [-0.99926, 1.47819, 2.48204, 2.18487, -0.90179, 0.75022, 0.33968], [-0.78382, 1.47329, 2.48829, 2.32111, -1.14047, 0.6776, -0.01063], [-0.56838, 1.4684, 2.49453, 2.45736, -1.37916, 0.60499, -0.36094], [-0.3781, 1.46407, 2.50005, 2.57769, -1.58997, 0.54086, -0.67035], [-0.3592, 1.55424, 2.35187, 2.33473, -1.66058, 0.15026, -0.7248], [-0.34031, 1.64441, 2.20368, 2.09176, -1.7312, -0.24035, -0.77926], [-0.32142, 1.73458, 2.0555, 1.8488, -1.80182, -0.63095, -0.83372], [-0.30252, 1.82475, 1.90732, 1.60583, -1.87244, -1.02155, -0.88817], [-0.28363, 1.91492, 1.75914, 1.36287, -1.94306, -1.41215, -0.94263]]
end: [-0.27609, 1.9509099999999999, 1.7, 1.2659, -1.9712400000000001, -1.5680499999999999, -0.96435999999999999]
obtacles: [[[0.6, -0.4, -0.2], [1.0, 0.6, -0.3]], [[0.8, -0.2, -0.2], [1.0, -0.1, 0.5]], [[0.8, 0.3, -0.2], [1.0, 0.4, 0.5]], [[0.8, -0.2, 0.5], [1.0, 0.4, 0.6]]]
start: [-0.70765999999999996, 1.56637, 1.8, 1.0811500000000001, -1.6761200000000001, -1.3668, -0.36320999999999998]
tajectories: [[-0.70766, 1.56637, 1.8, 1.08115, -1.67612, -1.3668, -0.36321], [-1.02279, 1.49099, 1.67808, 1.27288, -1.78965, -1.21, -0.59967], [-1.33792, 1.41561, 1.55616, 1.4646, -1.90318, -1.05321, -0.83614], [-1.57076, 1.35992, 1.46607, 1.60626, -1.98707, -0.93736, -1.01086], [-1.16289, 1.24641, 1.44207, 1.85391, -2.01853, -1.0248, -1.02544], [-0.75718, 1.13352, 1.4182, 2.10025, -2.04983, -1.11178, -1.03994], [-0.62712, 1.42939, 1.6055, 1.82707, -1.90134, -1.22841, -1.0265], [-0.49706, 1.72527, 1.7928, 1.55389, -1.75285, -1.34504, -1.01307]]
end: [-0.49206, 1.73664, 1.8, 1.54339, -1.74715, -1.3495200000000001, -1.0125500000000001]
obtacles: [[[0.6, -0.4, -0.2], [1.0, 0.6, -0.3]], [[0.8, -0.2, -0.2], [1.0, -0.1, 0.5]], [[0.8, 0.3, -0.2], [1.0, 0.4, 0.5]], [[0.8, -0.2, 0.5], [1.0, 0.4, 0.6]]]
start: [-0.94235000000000002, 1.6281099999999999, 1.8, 1.0952500000000001, -1.7286600000000001, -1.39445, -0.13231999999999999]
tajectories: [[-0.94235, 1.62811, 1.8, 1.09525, -1.72866, -1.39445, -0.13232], [-1.07067, 1.28179, 1.73067, 0.96634, -1.51748, -1.30363, -0.33063], [-1.19899, 0.93548, 1.66134, 0.83743, -1.30629, -1.2128, -0.52894], [-1.24996, 0.79792, 1.6338, 0.78622, -1.22241, -1.17673, -0.60771], [-1.18728, 0.82092, 1.67759, 1.19324, -1.10641, -1.0171, -0.80525], [-1.12461, 0.84391, 1.72138, 1.60026, -0.99041, -0.85748, -1.0028], [-1.06436, 0.86602, 1.76348, 1.99156, -0.8789, -0.70402, -1.19271], [-0.96891, 1.14325, 1.72384, 2.29635, -0.96855, -0.93632, -1.10572], [-0.87938, 1.40331, 1.68665, 2.58228, -1.05265, -1.15423, -1.02411], [-0.72647, 1.58846, 1.72807, 2.27752, -1.35364, -1.20669, -1.09042], [-0.57356, 1.7736, 1.76948, 1.97275, -1.65462, -1.25915, -1.15673]]
end: [-0.46089000000000002, 1.9100299999999999, 1.8, 1.7481899999999999, -1.8764000000000001, -1.2978099999999999, -1.2055800000000001]
obtacles: [[[0.6, -0.4, -0.2], [1.0, 0.6, -0.3]], [[0.8, -0.2, -0.2], [1.0, -0.1, 0.5]], [[0.8, 0.3, -0.2], [1.0, 0.4, 0.5]], [[0.8, -0.2, 0.5], [1.0, 0.4, 0.6]]]
start: [-0.80698999999999999, 1.69876, 1.8, 1.1968000000000001, -1.7760800000000001, -1.4069199999999999, -0.35814000000000001]
tajectories: [[-0.80699, 1.69876, 1.8, 1.1968, -1.77608, -1.40692, -0.35814], [-0.77325, 1.4119, 2.03006, 1.16873, -1.86197, -1.10005, -0.46451], [-0.73952, 1.12504, 2.26012, 1.14067, -1.94786, -0.79318, -0.57087], [-0.70702, 0.84874, 2.48172, 1.11364, -2.03059, -0.4976, -0.67332], [-0.57429, 0.98253, 2.25435, 1.50091, -2.08936, -0.5917, -0.6509], [-0.44157, 1.11631, 2.02699, 1.88818, -2.14813, -0.68581, -0.62847], [-0.41492, 1.14318, 1.98133, 1.96595, -2.15993, -0.70471, -0.62396], [-0.37611, 1.40303, 1.90697, 1.76175, -2.0139, -0.97722, -0.81931], [-0.33729, 1.66288, 1.8326, 1.55755, -1.86787, -1.24973, -1.01465]]
end: [-0.32028000000000001, 1.7767900000000001, 1.8, 1.46804, -1.80385, -1.3691899999999999, -1.1002799999999999]
obtacles: [[[0.6, -0.4, -0.2], [1.0, 0.6, -0.3]], [[0.8, -0.2, -0.2], [1.0, -0.1, 0.5]], [[0.8, 0.3, -0.2], [1.0, 0.4, 0.5]], [[0.8, -0.2, 0.5], [1.0, 0.4, 0.6]]]
start: [-0.87070000000000003, 1.7520199999999999, 1.8, 1.49603, -1.77305, -1.3598399999999999, -0.58292999999999995]
tajectories: [[-0.8707, 1.75202, 1.8, 1.49603, -1.77305, -1.35984, -0.58293], [-0.95366, 1.89162, 1.98825, 1.6189, -1.87021, -1.51909, -0.90019], [-0.7128, 1.80633, 1.88662, 2.00506, -1.7141, -1.53189, -0.87326], [-0.65565, 1.78609, 1.86251, 2.09668, -1.67706, -1.53492, -0.86686], [-0.27453, 1.85191, 1.82233, 1.97826, -1.72425, -1.40247, -1.12183], [-0.27052, 1.8526, 1.8219, 1.97702, -1.72474, -1.40108, -1.12452]]
end: [-0.23044000000000001, 1.8112600000000001, 1.8, 1.6283000000000001, -1.8044199999999999, -1.3346199999999999, -1.3422000000000001]
obtacles: [[[0.6, -0.4, -0.2], [1.0, 0.6, -0.3]], [[0.8, -0.2, -0.2], [1.0, -0.1, 0.5]], [[0.8, 0.3, -0.2], [1.0, 0.4, 0.5]], [[0.8, -0.2, 0.5], [1.0, 0.4, 0.6]]]
start: [-0.50373000000000001, 1.4667300000000001, 1.8, -0.04292, -1.80416, -1.4765699999999999, 0.54571999999999998]
tajectories: [[-0.50373, 1.46673, 1.8, -0.04292, -1.80416, -1.47657, 0.54572], [-0.64987, 1.14519, 1.87543, 0.20304, -1.62308, -1.32011, 0.50337], [-0.796, 0.82365, 1.95087, 0.44901, -1.442, -1.16365, 0.46102], [-0.94214, 0.5021, 2.0263, 0.69498, -1.26092, -1.00719, 0.41867], [-1.03178, 0.30487, 2.07257, 0.84586, -1.14985, -0.91121, 0.3927], [-0.94183, 0.54625, 2.10546, 1.17187, -1.21157, -0.97861, 0.13207], [-0.85189, 0.78764, 2.13836, 1.49788, -1.27329, -1.04601, -0.12855], [-0.76194, 1.02903, 2.17126, 1.82389, -1.33501, -1.11341, -0.38918], [-0.75757, 1.04076, 2.17286, 1.83973, -1.33801, -1.11669, -0.40185], [-0.82563, 1.30593, 1.97949, 2.01515, -1.33347, -0.86211, -0.60694], [-0.87155, 1.48484, 1.84903, 2.13351, -1.33041, -0.69035, -0.74532], [-0.76971, 1.68595, 1.82602, 1.94642, -1.58993, -0.97717, -0.86378], [-0.66787, 1.88706, 1.80302, 1.75932, -1.84944, -1.26399, -0.98225]]
end: [-0.65451999999999999, 1.9134199999999999, 1.8, 1.7347999999999999, -1.8834599999999999, -1.30158, -0.99778]
obtacles: [[[0.6, -0.4, -0.2], [1.0, 0.6, -0.3]], [[0.8, -0.2, -0.2], [1.0, -0.1, 0.5]], [[0.8, 0.3, -0.2], [1.0, 0.4, 0.5]], [[0.8, -0.2, 0.5], [1.0, 0.4, 0.6]]]
start: [-0.91344999999999998, 1.9175800000000001, 1.8, 1.2928500000000001, -1.96916, -1.45834, -0.31635999999999997]
tajectories: [[-0.91345, 1.91758, 1.8, 1.29285, -1.96916, -1.45834, -0.31636], [-1.18283, 1.87642, 1.57777, 1.62942, -1.8776, -1.40839, -0.3632], [-1.45221, 1.83526, 1.35554, 1.96599, -1.78603, -1.35844, -0.41003], [-1.72159, 1.7941, 1.13331, 2.30256, -1.69447, -1.30849, -0.45687], [-1.98464, 1.7539, 0.9163, 2.63122, -1.60505, -1.25972, -0.50261], [-1.55803, 1.61558, 0.87128, 2.42304, -1.65711, -1.23265, -0.5103], [-1.13142, 1.47725, 0.82626, 2.21486, -1.70916, -1.20557, -0.51799], [-0.70481, 1.33893, 0.78124, 2.00667, -1.76122, -1.1785, -0.52568], [-0.51586, 1.27766, 0.7613, 1.91447, -1.78427, -1.16651, -0.52908], [-0.4562, 1.43781, 1.09947, 1.60869, -1.81028, -1.27414, -0.55503], [-0.39654, 1.59795, 1.43763, 1.30291, -1.8363, -1.38177, -0.58098], [-0.33688, 1.75809, 1.7758, 0.99713, -1.86231, -1.48941, -0.60693]]
end: [-0.33261000000000002, 1.76955, 1.8, 0.97524999999999995, -1.8641700000000001, -1.4971099999999999, -0.60879000000000005]
obtacles: [[[0.6, -0.4, -0.2], [1.0, 0.6, -0.3]], [[0.8, -0.2, -0.2], [1.0, -0.1, 0.5]], [[0.8, 0.3, -0.2], [1.0, 0.4, 0.5]], [[0.8, -0.2, 0.5], [1.0, 0.4, 0.6]]]
start: [-0.52612000000000003, 1.84073, 2.0499999999999998, 0.56137000000000004, -2.1154999999999999, -1.5599700000000001, 0.034099999999999998]
tajectories: [[-0.52612, 1.84073, 2.05, 0.56137, -2.1155, -1.55997, 0.0341], [-0.72685, 1.50936, 2.15202, 0.73657, -2.23335, -1.4811, -0.16261], [-0.92758, 1.178, 2.25404, 0.91177, -2.35121, -1.40223, -0.35931], [-1.1283, 0.84663, 2.35606, 1.08697, -2.46906, -1.32336, -0.55602], [-1.32903, 0.51527, 2.45808, 1.26217, -2.58691, -1.24448, -0.75272], [-1.52975, 0.1839, 2.5601, 1.43738, -2.70477, -1.16561, -0.94943], [-1.73048, -0.14746, 2.66212, 1.61258, -2.82262, -1.08674, -1.14613], [-1.78024, -0.22961, 2.68742, 1.65601, -2.85184, -1.06719, -1.1949], [-1.62894, 0.0556, 2.60929, 1.75741, -2.86088, -1.07431, -0.8354], [-1.47763, 0.34082, 2.53116, 1.85881, -2.86992, -1.08144, -0.4759], [-1.32632, 0.62604, 2.45304, 1.96021, -2.87897, -1.08857, -0.11641], [-1.17502, 0.91126, 2.37491, 2.06161, -2.88801, -1.0957, 0.24309], [-1.02371, 1.19648, 2.29678, 2.16301, -2.89705, -1.10282, 0.60259], [-0.8724, 1.4817, 2.21866, 2.26441, -2.9061, -1.10995, 0.96209], [-0.7211, 1.76692, 2.14053, 2.36581, -2.91514, -1.11708, 1.32158], [-0.71583, 1.77684, 2.13781, 2.36934, -2.91546, -1.11733, 1.3341], [-0.61098, 1.80987, 2.09482, 2.11422, -2.76338, -1.19447, 0.9574], [-0.50613, 1.8429, 2.05184, 1.8591, -2.6113, -1.27161, 0.5807], [-0.40128, 1.87593, 2.00885, 1.60398, -2.45922, -1.34876, 0.20399], [-0.29643, 1.90896, 1.96587, 1.34887, -2.30714, -1.4259, -0.17271], [-0.19159, 1.94199, 1.92288, 1.09375, -2.15506, -1.50304, -0.54941]]
end: [-0.13577, 1.95957, 1.8999999999999999, 0.95794999999999997, -2.0741000000000001, -1.5441100000000001, -0.74992999999999999]
obtacles: [[[0.6, -0.4, -0.2], [1.0, 0.6, -0.3]], [[0.8, -0.2, -0.2], [1.0, -0.1, 0.5]], [[0.8, 0.3, -0.2], [1.0, 0.4, 0.5]], [[0.8, -0.2, 0.5], [1.0, 0.4, 0.6]]]
start: [-0.79654999999999998, 1.90666, 1.8999999999999999, 1.4040900000000001, -1.9688300000000001, -1.32193, -0.50078999999999996]
tajectories: [[-0.79655, 1.90666, 1.9, 1.40409, -1.96883, -1.32193, -0.50079], [-1.00537, 1.90045, 1.78941, 1.59289, -1.68896, -1.04087, -0.46674], [-1.21419, 1.89423, 1.67881, 1.78169, -1.40909, -0.75982, -0.43269], [-1.39521, 1.88884, 1.58294, 1.94535, -1.16648, -0.51618, -0.40317], [-1.05667, 1.72637, 1.59801, 2.17344, -1.14868, -0.72962, -0.50741], [-0.71812, 1.5639, 1.61308, 2.40154, -1.13089, -0.94305, -0.61164], [-0.47821, 1.44876, 1.62375, 2.56318, -1.11827, -1.0943, -0.6855], [-0.44725, 1.56444, 1.71083, 2.16208, -1.36215, -1.17918, -0.66286], [-0.4163, 1.68011, 1.79791, 1.76097, -1.60603, -1.26406, -0.64022], [-0.38534, 1.79578, 1.88499, 1.35987, -1.84991, -1.34894, -0.61758]]
end: [-0.36221999999999999, 1.88215, 1.95, 1.0604100000000001, -2.032, -1.41231, -0.60067999999999999]
obtacles: [[[0.6, -0.4, -0.2], [1.0, 0.6, -0.3]], [[0.8, -0.2, -0.2], [1.0, -0.1, 0.5]], [[0.8, 0.3, -0.2], [1.0, 0.4, 0.5]], [[0.8, -0.2, 0.5], [1.0, 0.4, 0.6]]]
start: [-0.63158999999999998, 1.85042, 1.95, 0.87014000000000002, -2.0289899999999998, -1.47661, -0.16256999999999999]
tajectories: [[-0.63159, 1.85042, 1.95, 0.87014, -2.02899, -1.47661, -0.16257], [-0.81146, 1.64209, 1.6506, 0.74468, -1.80098, -1.387, -0.2566], [-0.99134, 1.43376, 1.3512, 0.61923, -1.57296, -1.29738, -0.35063], [-1.17121, 1.22543, 1.0518, 0.49377, -1.34495, -1.20776, -0.44465], [-1.35109, 1.01709, 0.7524, 0.36832, -1.11693, -1.11815, -0.53868], [-1.53097, 0.80876, 0.453, 0.24286, -0.88892, -1.02853, -0.63271], [-1.71084, 0.60043, 0.1536, 0.11741, -0.6609, -0.93891, -0.72673], [-1.89072, 0.3921, -0.14581, -0.00805, -0.43289, -0.8493, -0.82076], [-1.97089, 0.29924, -0.27926, -0.06397, -0.33126, -0.80935, -0.86267], [-1.66799, 0.21666, -0.55896, -0.17287, -0.27069, -0.77339, -1.10012], [-1.3651, 0.13408, -0.83866, -0.28176, -0.21013, -0.73742, -1.33756], [-1.0622, 0.0515, -1.11836, -0.39066, -0.14957, -0.70146, -1.57501], [-0.7593, -0.03107, -1.39805, -0.49956, -0.08901, -0.66549, -1.81246], [-0.4564, -0.11365, -1.67775, -0.60846, -0.02844, -0.62952, -2.04991], [-0.1535, -0.19623, -1.95745, -0.71736, 0.03212, -0.59356, -2.28735], [0.13126, -0.27386, -2.2204, -0.81974, 0.08905, -0.55975, -2.51058], [0.36641, 0.00412, -2.08486, -0.61108, -0.02257, -0.63678, -2.31789], [0.60155, 0.2821, -1.94932, -0.40243, -0.13419, -0.71382, -2.1252], [0.8367, 0.56008, -1.81378, -0.19377, -0.24581, -0.79085, -1.93251], [1.07185, 0.83807, -1.67824, 0.01489, -0.35744, -0.86788, -1.73982], [1.30699, 1.11605, -1.5427, 0.22354, -0.46906, -0.94492, -1.54713], [1.54214, 1.39403, -1.40716, 0.4322, -0.58068, -1.02195, -1.35443], [1.77729, 1.67201, -1.27162, 0.64085, -0.6923, -1.09899, -1.16174], [1.83305, 1.73793, -1.23948, 0.69033, -0.71877, -1.11725, -1.11605], [1.83465, 1.74111, -1.31524, 1.05026, -0.39379, -1.08848, -1.0252], [1.83626, 1.7443, -1.39101, 1.4102, -0.06881, -1.05971, -0.93434], [1.83787, 1.74748, -1.46677, 1.77013, 0.25618, -1.03094, -0.84349], [1.83948, 1.75067, -1.54254, 2.13006, 0.58116, -1.00218, -0.75263], [1.84019, 1.75208, -1.57612, 2.28957, 0.72518, -0.98943, -0.71237], [1.66186, 1.74288, -1.57908, 2.17885, 0.45377, -0.67272, -0.89092], [1.48354, 1.73367, -1.58205, 2.06812, 0.18235, -0.35602, -1.06947], [1.30521, 1.72447, -1.58502, 1.9574, -0.08906, -0.03932, -1.24802], [1.12688, 1.71527, -1.58798, 1.84668, -0.36048, 0.27738, -1.42657], [0.94856, 1.70607, -1.59095, 1.73596, -0.63189, 0.59409, -1.60512], [0.77023, 1.69686, -1.59391, 1.62524, -0.90331, 0.91079, -1.78367], [0.59191, 1.68766, -1.59688, 1.51452, -1.17473, 1.22749, -1.96222], [0.41358, 1.67846, -1.59985, 1.4038, -1.44614, 1.54419, -2.14077]]
end: [0.40434999999999999, 1.67798, -1.6000000000000001, 1.3980699999999999, -1.4601900000000001, 1.5605800000000001, -2.15001]
obtacles: [[[0.6, -0.4, -0.2], [1.0, 0.6, -0.3]], [[0.8, -0.2, -0.2], [1.0, -0.1, 0.5]], [[0.8, 0.3, -0.2], [1.0, 0.4, 0.5]], [[0.8, -0.2, 0.5], [1.0, 0.4, 0.6]]]
start: [-0.48074, 1.47271, -1.6000000000000001, -0.32518999999999998, -1.51173, 1.4871799999999999, -2.9870800000000002]
tajectories: [[-0.48074, 1.47271, -1.6, -0.32519, -1.51173, 1.48718, -2.98708], [-0.5255, 1.45648, -1.58011, -0.17723, -1.2107, 1.2452, -2.7109], [-0.57026, 1.44025, -1.56022, -0.02927, -0.90967, 1.00322, -2.43473], [-0.61502, 1.42403, -1.54032, 0.11869, -0.60864, 0.76123, -2.15856], [-0.65978, 1.4078, -1.52043, 0.26664, -0.30761, 0.51925, -1.88239], [-0.70454, 1.39157, -1.50054, 0.4146, -0.00658, 0.27727, -1.60622], [-0.7252, 1.38408, -1.49136, 0.48291, 0.1324, 0.16555, -1.47872], [-0.51158, 1.44417, -1.47675, 0.85446, 0.27346, 0.35936, -1.40779], [-0.29796, 1.50425, -1.46215, 1.22601, 0.41452, 0.55317, -1.33685], [-0.08434, 1.56434, -1.44754, 1.59756, 0.55559, 0.74699, -1.26592], [0.12928, 1.62442, -1.43294, 1.96911, 0.69665, 0.9408, -1.19499], [0.1947, 1.64282, -1.42846, 2.08289, 0.73985, 1.00015, -1.17327], [0.31431, 1.45928, -1.26343, 1.83492, 0.44869, 1.14027, -1.26747], [0.43393, 1.27574, -1.0984, 1.58695, 0.15753, 1.28039, -1.36167], [0.55354, 1.0922, -0.93336, 1.33898, -0.13363, 1.42051, -1.45588], [0.62893, 0.97651, -0.82934, 1.18268, -0.31715, 1.50883, -1.51525], [0.59245, 1.18581, -1.05676, 1.32595, -0.65414, 1.5153, -1.65317], [0.55597, 1.3951, -1.28417, 1.46923, -0.99112, 1.52177, -1.79108], [0.51949, 1.6044, -1.51158, 1.6125, -1.3281, 1.52824, -1.92899]]
end: [0.50531000000000004, 1.68577, -1.6000000000000001, 1.6681999999999999, -1.45912, 1.5307599999999999, -1.98261]
obtacles: [[[0.6, -0.4, -0.2], [1.0, 0.6, -0.3]], [[0.8, -0.2, -0.2], [1.0, -0.1, 0.5]], [[0.8, 0.3, -0.2], [1.0, 0.4, 0.5]], [[0.8, -0.2, 0.5], [1.0, 0.4, 0.6]]]
start: [2.1389200000000002, -1.7428999999999999, -1.3500000000000001, 1.0727199999999999, -1.82866, -1.46285, -0.036920000000000001]
tajectories: [[2.13892, -1.7429, -1.35, 1.07272, -1.82866, -1.46285, -0.03692], [2.13905, -1.45207, -1.59073, 1.17188, -1.65607, -1.21318, -0.11117], [2.13917, -1.16125, -1.83146, 1.27105, -1.48348, -0.96351, -0.18542], [2.1393, -0.87042, -2.07219, 1.37021, -1.3109, -0.71384, -0.25966], [2.13943, -0.57959, -2.31292, 1.46938, -1.13831, -0.46417, -0.33391], [2.13955, -0.28876, -2.55365, 1.56854, -0.96572, -0.2145, -0.40816], [2.13962, -0.12659, -2.68788, 1.62384, -0.86948, -0.07528, -0.44957], [1.84415, 0.08194, -2.5584, 1.75368, -1.00311, 0.18413, -0.47056], [1.54869, 0.29046, -2.42893, 1.88352, -1.13674, 0.44354, -0.49156], [1.25322, 0.49899, -2.29945, 2.01337, -1.27037, 0.70295, -0.51256], [0.95775, 0.70752, -2.16997, 2.14321, -1.404, 0.96236, -0.53356], [0.66741, 0.91243, -2.04274, 2.2708, -1.53531, 1.21726, -0.55419], [0.66939, 1.1353, -1.94517, 2.10185, -1.4651, 1.29422, -0.9433], [0.67137, 1.35818, -1.84759, 1.93291, -1.39489, 1.37118, -1.33241], [0.67336, 1.58106, -1.75002, 1.76396, -1.32468, 1.44813, -1.72152], [0.67534, 1.80393, -1.65244, 1.59502, -1.25448, 1.52509, -2.11063]]
end: [0.6764, 1.9237200000000001, -1.6000000000000001, 1.50421, -1.2167399999999999, 1.5664499999999999, -2.3197700000000001]
obtacles: [[[0.6, -0.4, -0.2], [1.0, 0.6, -0.3]], [[0.8, -0.2, -0.2], [1.0, -0.1, 0.5]], [[0.8, 0.3, -0.2], [1.0, 0.4, 0.5]], [[0.8, -0.2, 0.5], [1.0, 0.4, 0.6]]]
start: [-0.21809000000000001, 1.4169799999999999, -1.6000000000000001, 1.05348, -1.69059, 1.46977, -1.8616999999999999]
tajectories: [[-0.21809, 1.41698, -1.6, 1.05348, -1.69059, 1.46977, -1.8617], [-0.18329, 1.4537, -1.37253, 1.19048, -1.32241, 1.41682, -1.66531], [-0.16391, 1.47414, -1.24591, 1.26674, -1.11748, 1.38735, -1.556], [0.17438, 1.28503, -1.44499, 1.50429, -1.13296, 1.33364, -1.58075], [0.49783, 1.10423, -1.63533, 1.7314, -1.14776, 1.28228, -1.60442], [0.76104, 1.48094, -1.75203, 1.8525, -1.07279, 1.23094, -1.65205], [0.90257, 1.68351, -1.81478, 1.91762, -1.03248, 1.20333, -1.67766], [0.84556, 1.72164, -1.70925, 1.71611, -1.20274, 1.37571, -2.04488], [0.78855, 1.75977, -1.60371, 1.5146, -1.373, 1.54808, -2.4121]]
end: [0.78654000000000002, 1.76111, -1.6000000000000001, 1.5075099999999999, -1.3789899999999999, 1.5541400000000001, -2.4250099999999999]
obtacles: [[[0.6, -0.4, -0.2], [1.0, 0.6, -0.3]], [[0.8, -0.2, -0.2], [1.0, -0.1, 0.5]], [[0.8, 0.3, -0.2], [1.0, 0.4, 0.5]], [[0.8, -0.2, 0.5], [1.0, 0.4, 0.6]]]
start: [2.1975799999999999, -1.9716199999999999, -1.3500000000000001, 1.09792, -2.0255000000000001, -1.56898, -0.10846]
tajectories: [[2.19758, -1.97162, -1.35, 1.09792, -2.0255, -1.56898, -0.10846], [2.19926, -1.78653, -1.11368, 1.33497, -2.03365, -1.28757, -0.26479], [2.20093, -1.60144, -0.87737, 1.57203, -2.0418, -1.00616, -0.42112], [2.20261, -1.41635, -0.64105, 1.80908, -2.04994, -0.72474, -0.57745], [2.20429, -1.23126, -0.40473, 2.04614, -2.05809, -0.44333, -0.73378], [2.20596, -1.04617, -0.16842, 2.28319, -2.06624, -0.16192, -0.89011], [2.20764, -0.86108, 0.0679, 2.52025, -2.07439, 0.11949, -1.04644], [2.20931, -0.67599, 0.30422, 2.7573, -2.08253, 0.40091, -1.20277], [2.21099, -0.4909, 0.54054, 2.99436, -2.09068, 0.68232, -1.3591], [2.21124, -0.46332, 0.57575, 3.02968, -2.09189, 0.72425, -1.38239], [2.01957, -0.18148, 0.31629, 2.84357, -1.98559, 0.82045, -1.48879], [1.8279, 0.10036, 0.05684, 2.65746, -1.87929, 0.91665, -1.59518], [1.63624, 0.38221, -0.20262, 2.47135, -1.77298, 1.01285, -1.70157], [1.44457, 0.66405, -0.46207, 2.28524, -1.66668, 1.10905, -1.80797], [1.2529, 0.94589, -0.72153, 2.09912, -1.56038, 1.20524, -1.91436], [1.06124, 1.22774, -0.98098, 1.91301, -1.45408, 1.30144, -2.02076], [0.86957, 1.50958, -1.24044, 1.7269, -1.34777, 1.39764, -2.12715], [0.67791, 1.79142, -1.49989, 1.54079, -1.24147, 1.49384, -2.23355]]
end: [0.56701999999999997, 1.95448, -1.6499999999999999, 1.4331199999999999, -1.17997, 1.5495000000000001, -2.2951000000000001]
obtacles: [[[0.6, -0.4, -0.2], [1.0, 0.6, -0.3]], [[0.8, -0.2, -0.2], [1.0, -0.1, 0.5]], [[0.8, 0.3, -0.2], [1.0, 0.4, 0.5]], [[0.8, -0.2, 0.5], [1.0, 0.4, 0.6]]]
start: [-0.11802, 1.6651100000000001, -1.6499999999999999, 0.88238000000000005, -1.4477100000000001, 1.5698000000000001, -2.145]
tajectories: [[-0.11802, 1.66511, -1.65, 0.88238, -1.44771, 1.5698, -2.145], [-0.07297, 1.66743, -1.65747, 1.25435, -1.55525, 1.35324, -2.37101], [-0.02792, 1.66975, -1.66493, 1.62633, -1.6628, 1.13668, -2.59702], [0.01712, 1.67206, -1.6724, 1.9983, -1.77034, 0.92011, -2.82303], [0.03559, 1.67301, -1.67546, 2.15082, -1.81443, 0.83132, -2.9157], [0.10396, 1.64442, -1.77143, 2.24348, -2.21264, 0.64561, -2.73227], [0.17233, 1.61583, -1.8674, 2.33614, -2.61086, 0.45989, -2.54883], [0.2407, 1.58724, -1.96338, 2.42879, -3.00907, 0.27418, -2.36539], [0.30907, 1.55864, -2.05935, 2.52145, -3.40729, 0.08847, -2.18195], [0.37743, 1.53005, -2.15532, 2.61411, -3.8055, -0.09724, -1.99851], [0.4243, 1.51045, -2.2211, 2.67762, -4.07845, -0.22453, -1.87278], [0.49964, 1.35517, -2.09522, 2.55319, -4.22951, -0.24897, -1.46601], [0.57499, 1.19988, -1.96934, 2.42876, -4.38058, -0.27341, -1.05924], [0.65033, 1.04459, -1.84346, 2.30434, -4.53165, -0.29785, -0.65247], [0.72568, 0.88931, -1.71758, 2.17991, -4.68272, -0.32229, -0.2457], [0.7496, 0.84, -1.67761, 2.1404, -4.73069, -0.33005, -0.11654], [0.68379, 0.94285, -1.81246, 2.39131, -4.67262, -0.55819, 0.19735], [0.61797, 1.04569, -1.94732, 2.64221, -4.61455, -0.78633, 0.51125], [0.55215, 1.14854, -2.08217, 2.89312, -4.55648, -1.01448, 0.82514], [0.51516, 1.20633, -2.15796, 3.03412, -4.52385, -1.14268, 1.00154], [0.48073, 1.33473, -2.18276, 2.5994, -4.41668, -1.21538, 0.8404], [0.44629, 1.46312, -2.20756, 2.16469, -4.3095, -1.28808, 0.67926], [0.41186, 1.59152, -2.23237, 1.72997, -4.20233, -1.36078, 0.51812], [0.37742, 1.71992, -2.25717, 1.29526, -4.09516, -1.43347, 0.35698], [0.34299, 1.84831, -2.28198, 0.86054, -3.98799, -1.50617, 0.19584]]
end: [0.31796999999999997, 1.9416100000000001, -2.2999999999999998, 0.54464000000000001, -3.91011, -1.5589999999999999, 0.078740000000000004]
