obtacles: [[[0.6, -0.4, -0.2], [1.0, 0.6, -0.3]], [[0.8, -0.1, -0.2], [1.0, -0.0, 0.5]], [[0.8, 0.3, -0.2], [1.0, 0.4, 0.5]], [[0.8, -0.1, 0.5], [1.0, 0.4, 0.6]]]
start: [2.5021599999999999, -1.9085099999999999, -0.94999999999999996, 0.91639999999999999, -2.2318500000000001, -1.33483, -0.086419999999999997]
tajectories: [[2.50216, -1.90851, -0.95, 0.9164, -2.23185, -1.33483, -0.08642], [2.25751, -1.60205, -1.14488, 1.06115, -2.26844, -1.23217, 0.07303], [2.01286, -1.2956, -1.33976, 1.20591, -2.30503, -1.12951, 0.23248], [1.76821, -0.98915, -1.53464, 1.35066, -2.34162, -1.02684, 0.39192], [1.52356, -0.6827, -1.72952, 1.49541, -2.37821, -0.92418, 0.55137], [1.27891, -0.37625, -1.9244, 1.64016, -2.4148, -0.82152, 0.71082], [1.03426, -0.0698, -2.11928, 1.78491, -2.45139, -0.71885, 0.87027], [0.8311, 0.18468, -2.28111, 1.90511, -2.48177, -0.6336, 1.00267], [0.8138, 0.49011, -2.18922, 1.7837, -2.7955, -0.79202, 0.90415], [0.7965, 0.79554, -2.09734, 1.66229, -3.10922, -0.95044, 0.80563], [0.7792, 1.10098, -2.00546, 1.54088, -3.42295, -1.10887, 0.70711], [0.76189, 1.40641, -1.91358, 1.41947, -3.73668, -1.26729, 0.60859], [0.74459, 1.71184, -1.8217, 1.29806, -4.0504, -1.42571, 0.51007]]
end: [0.73109000000000002, 1.95017, -1.75, 1.2033199999999999, -4.2952000000000004, -1.54932, 0.43319000000000002]
obtacles: [[[0.6, -0.4, -0.2], [1.0, 0.6, -0.3]], [[0.8, -0.1, -0.2], [1.0, -0.0, 0.5]], [[0.8, 0.3, -0.2], [1.0, 0.4, 0.5]], [[0.8, -0.1, 0.5], [1.0, 0.4, 0.6]]]
start: [-0.13342999999999999, 1.69573, -2.1499999999999999, 1.18648, -4.3454600000000001, -1.0964499999999999, 1.1930000000000001]
tajectories: [[-0.13343, 1.69573, -2.15, 1.18648, -4.34546, -1.09645, 1.193], [-0.14559, 1.82971, -2.36326, 1.45108, -4.42917, -1.17964, 0.87288], [-0.14959, 1.87376, -2.43339, 1.53808, -4.4567, -1.20699, 0.76762], [-0.08238, 1.63605, -2.54831, 1.85105, -4.4639, -1.44442, 0.62133], [-0.06714, 1.58216, -2.57436, 1.92199, -4.46553, -1.49824, 0.58817], [0.33083, 1.63859, -2.52885, 1.8177, -4.23331, -1.48986, 0.44158], [0.56997, 1.67249, -2.5015, 1.75503, -4.09378, -1.48482, 0.3535], [0.70648, 1.83101, -2.15881, 1.7033, -4.23521, -1.34007, 0.56601]]
end: [0.80957000000000001, 1.9507300000000001, -1.8999999999999999, 1.6642300000000001, -4.3420199999999998, -1.2307600000000001, 0.72650000000000003]
obtacles: [[[0.6, -0.4, -0.2], [1.0, 0.6, -0.3]], [[0.8, -0.1, -0.2], [1.0, -0.0, 0.5]], [[0.8, 0.3, -0.2], [1.0, 0.4, 0.5]], [[0.8, -0.1, 0.5], [1.0, 0.4, 0.6]]]
start: [0.084570000000000006, 1.9604600000000001, -1.75, 1.44381, -4.3004600000000002, -1.45509, 1.29958]
tajectories: [[0.08457, 1.96046, -1.75, 1.44381, -4.30046, -1.45509, 1.29958], [0.17178, 1.81194, -1.5639, 1.50215, -3.8754, -1.4834, 1.32825], [0.22473, 1.72175, -1.4509, 1.53758, -3.6173, -1.50058, 1.34565], [0.61415, 1.52741, -1.61766, 1.65469, -3.69745, -1.48417, 1.23444], [1.00357, 1.33307, -1.78442, 1.77179, -3.77759, -1.46776, 1.12322], [1.04837, 1.31071, -1.8036, 1.78526, -3.78681, -1.46587, 1.11043], [0.89018, 1.60417, -1.77649, 1.66607, -4.08889, -1.43639, 0.93212]]
end: [0.73562000000000005, 1.8909100000000001, -1.75, 1.5496099999999999, -4.3840500000000002, -1.4075800000000001, 0.75788999999999995]
obtacles: [[[0.6, -0.4, -0.2], [1.0, 0.6, -0.3]], [[0.8, -0.1, -0.2], [1.0, -0.0, 0.5]], [[0.8, 0.3, -0.2], [1.0, 0.4, 0.5]], [[0.8, -0.1, 0.5], [1.0, 0.4, 0.6]]]
start: [0.017080000000000001, 1.7020500000000001, -1.75, 1.46913, -4.5616899999999996, -1.4075500000000001, 1.4278900000000001]
tajectories: [[0.01708, 1.70205, -1.75, 1.46913, -4.56169, -1.40755, 1.42789], [-0.04486, 1.60221, -1.76257, 1.48066, -4.1746, -1.13662, 1.5404], [-0.10681, 1.50237, -1.77514, 1.49218, -3.7875, -0.86569, 1.65291], [-0.16875, 1.40253, -1.78772, 1.50371, -3.40041, -0.59475, 1.76543], [-0.23069, 1.30269, -1.80029, 1.51523, -3.01332, -0.32382, 1.87794], [-0.29264, 1.20285, -1.81286, 1.52676, -2.62623, -0.05289, 1.99045], [-0.35458, 1.10301, -1.82543, 1.53828, -2.23914, 0.21805, 2.10296], [-0.41653, 1.00317, -1.838, 1.54981, -1.85204, 0.48898, 2.21547], [-0.47847, 0.90333, -1.85057, 1.56133, -1.46495, 0.75992, 2.32798], [-0.50264, 0.86438, -1.85548, 1.56583, -1.31392, 0.86563, 2.37188], [-0.18727, 0.93831, -1.83102, 1.75114, -1.34532, 0.86803, 2.0415], [0.12809, 1.01225, -1.80656, 1.93645, -1.37673, 0.87043, 1.71113], [0.44346, 1.08619, -1.78209, 2.12176, -1.40814, 0.87283, 1.38075], [0.75882, 1.16012, -1.75763, 2.30706, -1.43955, 0.87523, 1.05038], [1.07419, 1.23406, -1.73317, 2.49237, -1.47096, 0.87764, 0.72], [1.38955, 1.30799, -1.70871, 2.67768, -1.50237, 0.88004, 0.38962], [1.41511, 1.31398, -1.70673, 2.69269, -1.50492, 0.88023, 0.36285], [1.76186, 1.46254, -1.59225, 2.79855, -1.76255, 0.74982, 0.36363], [2.10861, 1.6111, -1.47777, 2.9044, -2.02018, 0.6194, 0.3644], [2.23248, 1.66416, -1.43688, 2.94221, -2.11221, 0.57282, 0.36467], [2.03958, 1.67862, -1.47783, 2.72927, -2.42032, 0.30786, 0.38547], [1.84668, 1.69308, -1.51878, 2.51633, -2.72842, 0.04291, 0.40626], [1.65377, 1.70754, -1.55973, 2.3034, -3.03652, -0.22205, 0.42706], [1.46087, 1.722, -1.60068, 2.09046, -3.34463, -0.487, 0.44785], [1.26797, 1.73646, -1.64163, 1.87752, -3.65273, -0.75196, 0.46865], [1.07507, 1.75092, -1.68258, 1.66458, -3.96083, -1.01691, 0.48944], [0.88217, 1.76537, -1.72353, 1.45164, -4.26893, -1.28187, 0.51024]]
end: [0.75748000000000004, 1.7747200000000001, -1.75, 1.3140099999999999, -4.4680900000000001, -1.45313, 0.52368000000000003]
obtacles: [[[0.6, -0.4, -0.2], [1.0, 0.6, -0.3]], [[0.8, -0.1, -0.2], [1.0, -0.0, 0.5]], [[0.8, 0.3, -0.2], [1.0, 0.4, 0.5]], [[0.8, -0.1, 0.5], [1.0, 0.4, 0.6]]]
start: [-0.096390000000000003, 1.4740200000000001, -1.75, 0.71482000000000001, -4.6403800000000004, -1.38039, 0.81303000000000003]
tajectories: [[-0.09639, 1.47402, -1.75, 0.71482, -4.64038, -1.38039, 0.81303], [-0.12463, 1.32436, -1.74339, 0.80561, -4.23544, -1.14827, 0.83881], [-0.15287, 1.1747, -1.73678, 0.89639, -3.8305, -0.91616, 0.8646], [-0.18111, 1.02504, -1.73017, 0.98718, -3.42556, -0.68405, 0.89038], [-0.20935, 0.87538, -1.72355, 1.07796, -3.02062, -0.45193, 0.91617], [-0.23759, 0.72572, -1.71694, 1.16875, -2.61568, -0.21982, 0.94195], [-0.24165, 0.70421, -1.71599, 1.18179, -2.55749, -0.18647, 0.94566], [0.04021, 0.54016, -1.58574, 1.25775, -2.73909, -0.25041, 0.6561], [0.32207, 0.3761, -1.45549, 1.33371, -2.92068, -0.31436, 0.36655], [0.60393, 0.21204, -1.32524, 1.40966, -3.10228, -0.3783, 0.077], [0.88579, 0.04799, -1.19499, 1.48562, -3.28387, -0.44224, -0.21255], [1.16764, -0.11607, -1.06474, 1.56157, -3.46547, -0.50619, -0.5021], [1.4495, -0.28013, -0.93449, 1.63753, -3.64706, -0.57013, -0.79166], [1.47256, -0.29355, -0.92383, 1.64374, -3.66192, -0.57536, -0.81534], [1.3586, 0.02644, -1.0551, 1.65878, -3.80973, -0.70175, -0.53365], [1.24465, 0.34642, -1.18637, 1.67382, -3.95754, -0.82814, -0.25197], [1.13069, 0.66641, -1.31764, 1.68886, -4.10535, -0.95453, 0.02971], [1.01674, 0.98639, -1.4489, 1.70389, -4.25316, -1.08092, 0.31139], [0.90278, 1.30637, -1.58017, 1.71893, -4.40097, -1.20731, 0.59307], [0.78883, 1.62636, -1.71144, 1.73397, -4.54878, -1.3337, 0.87476]]
end: [0.75534999999999997, 1.72035, -1.75, 1.7383900000000001, -4.5922000000000001, -1.3708199999999999, 0.95750000000000002]
obtacles: [[[0.6, -0.4, -0.2], [1.0, 0.6, -0.3]], [[0.8, -0.1, -0.2], [1.0, -0.0, 0.5]], [[0.8, 0.3, -0.2], [1.0, 0.4, 0.5]], [[0.8, -0.1, 0.5], [1.0, 0.4, 0.6]]]
start: [-0.11345, 1.7238199999999999, -1.75, 1.29251, -4.5145400000000002, -1.4429399999999999, 1.37947]
tajectories: [[-0.11345, 1.72382, -1.75, 1.29251, -4.51454, -1.44294, 1.37947], [-0.04756, 1.76552, -1.78183, 1.76336, -4.59182, -1.42577, 1.25724], [0.01832, 1.80722, -1.81366, 2.23421, -4.6691, -1.4086, 1.13501], [0.0842, 1.84893, -1.84549, 2.70506, -4.74637, -1.39143, 1.01279], [0.12781, 1.87653, -1.86656, 3.01677, -4.79753, -1.38007, 0.93187], [0.27353, 1.65552, -1.89714, 2.94655, -4.62557, -1.20571, 0.59411], [0.41925, 1.43451, -1.92772, 2.87633, -4.45361, -1.03135, 0.25635], [0.56497, 1.21349, -1.95829, 2.80611, -4.28165, -0.85699, -0.08141], [0.71069, 0.99248, -1.98887, 2.73589, -4.10969, -0.68263, -0.41917], [0.85641, 0.77147, -2.01945, 2.66567, -3.93773, -0.50827, -0.75693], [1.00213, 0.55045, -2.05003, 2.59545, -3.76577, -0.33392, -1.09469], [1.14786, 0.32944, -2.0806, 2.52523, -3.59381, -0.15956, -1.43245], [1.16617, 0.30166, -2.08445, 2.51641, -3.5722, -0.13764, -1.4749], [1.11406, 0.55016, -2.03292, 2.36386, -3.69306, -0.33483, -1.14914], [1.06195, 0.79865, -1.98139, 2.21132, -3.81392, -0.53202, -0.82338], [1.00984, 1.04714, -1.92987, 2.05877, -3.93478, -0.72921, -0.49762], [0.95774, 1.29564, -1.87834, 1.90623, -4.05564, -0.9264, -0.17186], [0.90563, 1.54413, -1.82681, 1.75368, -4.1765, -1.12359, 0.15391], [0.85352, 1.79263, -1.77529, 1.60114, -4.29735, -1.32077, 0.47967]]
end: [0.82794999999999996, 1.9145799999999999, -1.75, 1.5262800000000001, -4.3566700000000003, -1.4175500000000001, 0.63954]
obtacles: [[[0.6, -0.4, -0.2], [1.0, 0.6, -0.3]], [[0.8, -0.1, -0.2], [1.0, -0.0, 0.5]], [[0.8, 0.3, -0.2], [1.0, 0.4, 0.5]], [[0.8, -0.1, 0.5], [1.0, 0.4, 0.6]]]
start: [-0.12695000000000001, 1.53779, -1.75, 1.2773399999999999, -4.6921099999999996, -1.3897299999999999, 1.4054199999999999]
tajectories: [[-0.12695, 1.53779, -1.75, 1.27734, -4.69211, -1.38973, 1.40542], [0.01574, 1.46576, -1.84848, 1.62503, -4.58882, -1.54715, 1.16372], [0.01866, 1.46429, -1.85049, 1.63215, -4.58671, -1.55037, 1.15877], [0.354, 1.45711, -1.68757, 1.7526, -4.31484, -1.43299, 1.25231], [0.42706, 1.45555, -1.65207, 1.77885, -4.25561, -1.40741, 1.27269], [0.77421, 1.64915, -1.72674, 1.82671, -4.24444, -1.31846, 1.05431]]
end: [0.72353999999999996, 1.9307099999999999, -1.75, 1.63591, -4.3581500000000002, -1.38026, 0.84547000000000005]
obtacles: [[[0.6, -0.4, -0.2], [1.0, 0.6, -0.3]], [[0.8, -0.1, -0.2], [1.0, -0.0, 0.5]], [[0.8, 0.3, -0.2], [1.0, 0.4, 0.5]], [[0.8, -0.1, 0.5], [1.0, 0.4, 0.6]]]
start: [0.17643, 1.80823, -1.75, 1.6059600000000001, -4.4773899999999998, -1.3883799999999999, 1.3865000000000001]
tajectories: [[0.17643, 1.80823, -1.75, 1.60596, -4.47739, -1.38838, 1.3865], [0.14435, 1.52085, -1.69211, 1.89001, -4.49857, -1.24286, 1.14009], [0.13222, 1.41217, -1.67022, 1.99743, -4.50657, -1.18783, 1.04691], [0.49377, 1.42065, -1.82718, 1.79804, -4.34789, -1.32446, 0.94218], [0.57953, 1.42267, -1.86441, 1.75074, -4.31025, -1.35686, 0.91734], [0.81322, 1.69201, -1.76093, 1.59307, -4.53736, -1.38934, 0.73121]]
end: [0.83789000000000002, 1.72045, -1.75, 1.57643, -4.5613400000000004, -1.3927700000000001, 0.71155999999999997]
obtacles: [[[0.6, -0.4, -0.2], [1.0, 0.6, -0.3]], [[0.8, -0.1, -0.2], [1.0, -0.0, 0.5]], [[0.8, 0.3, -0.2], [1.0, 0.4, 0.5]], [[0.8, -0.1, 0.5], [1.0, 0.4, 0.6]]]
start: [-0.33982000000000001, 1.61347, -1.05, -0.24765999999999999, 1.0541, -1.49021, 0.12485]
tajectories: [[-0.33982, 1.61347, -1.05, -0.24766, 1.0541, -1.49021, 0.12485], [-0.50492, 1.44932, -0.76995, -0.01959, 1.02682, -1.24518, 0.19247], [-0.67002, 1.28517, -0.4899, 0.20848, 0.99955, -1.00016, 0.26009], [-0.83511, 1.12101, -0.20985, 0.43655, 0.97227, -0.75514, 0.32772], [-1.00021, 0.95686, 0.0702, 0.66462, 0.94499, -0.51011, 0.39534], [-1.11858, 0.83918, 0.27098, 0.82814, 0.92544, -0.33445, 0.44382], [-1.30108, 0.63832, 0.53738, 1.03481, 0.81284, -0.18943, 0.27366], [-1.48359, 0.43747, 0.80378, 1.24148, 0.70024, -0.04441, 0.10349], [-1.66609, 0.23661, 1.07018, 1.44816, 0.58764, 0.10061, -0.06668], [-1.8486, 0.03576, 1.33658, 1.65483, 0.47504, 0.24563, -0.23685], [-1.90556, -0.02693, 1.41972, 1.71933, 0.43989, 0.29089, -0.28996], [-2.01701, -0.28335, 1.35722, 1.6533, 0.34504, 0.57711, -0.55948], [-2.12847, -0.53977, 1.29473, 1.58726, 0.2502, 0.86332, -0.82901], [-2.23993, -0.79619, 1.23223, 1.52123, 0.15535, 1.14954, -1.09853], [-2.35139, -1.05262, 1.16973, 1.45519, 0.0605, 1.43575, -1.36805], [-2.36137, -1.07558, 1.16414, 1.44928, 0.05201, 1.46139, -1.39219], [-2.42437, -1.31627, 1.24093, 1.40945, -0.27176, 1.48998, -1.66601], [-2.48737, -1.55697, 1.31772, 1.36962, -0.59552, 1.51857, -1.93983], [-2.55037, -1.79766, 1.39452, 1.3298, -0.91928, 1.54717, -2.21364]]
end: [-2.5958899999999998, -1.9715499999999999, 1.45, 1.3010200000000001, -1.1531899999999999, 1.56782, -2.41147]
obtacles: [[[0.6, -0.4, -0.2], [1.0, 0.6, -0.3]], [[0.8, -0.1, -0.2], [1.0, -0.0, 0.5]], [[0.8, 0.3, -0.2], [1.0, 0.4, 0.5]], [[0.8, -0.1, 0.5], [1.0, 0.4, 0.6]]]
start: [-0.95474000000000003, 1.67422, 1.6000000000000001, 1.51294, -1.6757599999999999, -1.5477700000000001, -0.55547999999999997]
tajectories: [[-0.95474, 1.67422, 1.6, 1.51294, -1.67576, -1.54777, -0.55548], [-1.20968, 1.69001, 1.48761, 1.38765, -1.78983, -1.17619, -0.4824], [-1.46462, 1.7058, 1.37522, 1.26236, -1.90391, -0.8046, -0.40933], [-1.71957, 1.7216, 1.26282, 1.13707, -2.01798, -0.43302, -0.33626], [-1.91954, 1.73399, 1.17466, 1.03879, -2.10746, -0.14155, -0.27895], [-1.66889, 1.61125, 1.33584, 1.28498, -2.30617, 0.02975, -0.40814], [-1.41823, 1.48852, 1.49702, 1.53117, -2.50487, 0.20106, -0.53733], [-1.16758, 1.36579, 1.6582, 1.77736, -2.70358, 0.37237, -0.66652], [-0.91692, 1.24305, 1.81938, 2.02355, -2.90229, 0.54367, -0.79571], [-0.82568, 1.19838, 1.87805, 2.11316, -2.97462, 0.60603, -0.84273], [-0.68411, 1.30372, 1.8558, 1.91476, -2.7816, 0.22989, -0.85921], [-0.54254, 1.40906, 1.83354, 1.71636, -2.58858, -0.14624, -0.8757], [-0.40096, 1.5144, 1.81129, 1.51796, -2.39557, -0.52238, -0.89218], [-0.25939, 1.61973, 1.78903, 1.31957, -2.20255, -0.89851, -0.90866], [-0.11782, 1.72507, 1.76678, 1.12117, -2.00954, -1.27465, -0.92514]]
end: [-0.011089999999999999, 1.8044899999999999, 1.75, 0.97160000000000002, -1.8640300000000001, -1.5582, -0.93755999999999995]
obtacles: [[[0.6, -0.4, -0.2], [1.0, 0.6, -0.3]], [[0.8, -0.1, -0.2], [1.0, -0.0, 0.5]], [[0.8, 0.3, -0.2], [1.0, 0.4, 0.5]], [[0.8, -0.1, 0.5], [1.0, 0.4, 0.6]]]
start: [-0.70970999999999995, 1.95668, 1.8, 1.4672700000000001, -1.9844999999999999, -1.3994899999999999, -0.67654999999999998]
tajectories: [[-0.70971, 1.95668, 1.8, 1.46727, -1.9845, -1.39949, -0.67655], [-0.91031, 1.57046, 1.72098, 1.56584, -2.11199, -1.24308, -0.73916], [-1.10866, 1.18856, 1.64285, 1.6633, -2.23805, -1.08842, -0.80107], [-0.7001, 1.18637, 1.847, 1.7771, -2.23653, -0.98071, -0.67131], [-0.57467, 1.1857, 1.90967, 1.81204, -2.23606, -0.94765, -0.63147], [-0.38236, 1.42594, 1.86465, 1.60288, -2.0684, -1.13666, -0.84523], [-0.19005, 1.66619, 1.81963, 1.39372, -1.90074, -1.32567, -1.05898]]
end: [-0.10621999999999999, 1.77091, 1.8, 1.3025500000000001, -1.8276600000000001, -1.4080600000000001, -1.1521600000000001]
obtacles: [[[0.6, -0.4, -0.2], [1.0, 0.6, -0.3]], [[0.8, -0.1, -0.2], [1.0, -0.0, 0.5]], [[0.8, 0.3, -0.2], [1.0, 0.4, 0.5]], [[0.8, -0.1, 0.5], [1.0, 0.4, 0.6]]]
start: [-0.58718999999999999, 1.7374799999999999, 1.8, 0.99070000000000003, -1.8367199999999999, -1.47418, -0.37135000000000001]
tajectories: [[-0.58719, 1.73748, 1.8, 0.9907, -1.83672, -1.47418, -0.37135], [-0.8289, 1.64163, 1.82167, 1.05577, -1.89634, -1.33931, -0.76624], [-1.07061, 1.54578, 1.84334, 1.12083, -1.95597, -1.20443, -1.16114], [-1.31232, 1.44994, 1.86501, 1.1859, -2.0156, -1.06956, -1.55603], [-1.55402, 1.35409, 1.88668, 1.25096, -2.07522, -0.93469, -1.95093], [-1.79573, 1.25824, 1.90836, 1.31603, -2.13485, -0.79981, -2.34582], [-2.03744, 1.1624, 1.93003, 1.38109, -2.19448, -0.66494, -2.74072], [-2.12793, 1.12651, 1.93814, 1.40545, -2.2168, -0.61444, -2.88856], [-1.84302, 1.11343, 1.74393, 1.57643, -2.51744, -0.71287, -2.84817], [-1.55811, 1.10035, 1.54972, 1.7474, -2.81808, -0.8113, -2.80778], [-1.27321, 1.08727, 1.35551, 1.91838, -3.11873, -0.90973, -2.76739], [-0.9883, 1.07419, 1.16129, 2.08936, -3.41937, -1.00816, -2.727], [-0.70339, 1.06111, 0.96708, 2.26033, -3.72001, -1.10658, -2.68661], [-0.41848, 1.04803, 0.77287, 2.43131, -4.02065, -1.20501, -2.64622], [-0.31958, 1.04349, 0.70546, 2.49066, -4.125, -1.23918, -2.6322], [-0.30535, 1.14497, 0.86447, 2.29632, -3.79049, -1.26761, -2.37974], [-0.29112, 1.24646, 1.02348, 2.10199, -3.45597, -1.29605, -2.12728], [-0.27689, 1.34794, 1.18249, 1.90766, -3.12145, -1.32449, -1.87482], [-0.26265, 1.44943, 1.3415, 1.71332, -2.78693, -1.35292, -1.62235], [-0.24842, 1.55091, 1.50051, 1.51899, -2.45241, -1.38136, -1.36989], [-0.23419, 1.65239, 1.65951, 1.32465, -2.11789, -1.40979, -1.11743]]
end: [-0.22162000000000001, 1.7420599999999999, 1.8, 1.15296, -1.8223400000000001, -1.43492, -0.89437999999999995]
obtacles: [[[0.6, -0.4, -0.2], [1.0, 0.6, -0.3]], [[0.8, -0.1, -0.2], [1.0, -0.0, 0.5]], [[0.8, 0.3, -0.2], [1.0, 0.4, 0.5]], [[0.8, -0.1, 0.5], [1.0, 0.4, 0.6]]]
start: [-0.62173999999999996, 1.51173, 1.8, 0.81852999999999998, -1.68537, -1.36338, -0.19164999999999999]
tajectories: [[-0.62174, 1.51173, 1.8, 0.81853, -1.68537, -1.36338, -0.19165], [-0.69589, 1.31351, 1.95926, 1.05973, -1.47288, -1.28825, -0.45789], [-0.77005, 1.1153, 2.11851, 1.30092, -1.2604, -1.21313, -0.72412], [-0.78483, 1.07577, 2.15027, 1.34902, -1.21802, -1.19815, -0.77721], [-0.62009, 1.17789, 2.02798, 1.72144, -1.22374, -1.19784, -1.01958], [-0.45535, 1.28002, 1.90568, 2.09387, -1.22946, -1.19752, -1.26195], [-0.42273, 1.30024, 1.88147, 2.16762, -1.2306, -1.19746, -1.30995], [-0.35706, 1.49355, 1.85462, 1.82462, -1.46907, -1.30024, -1.1599], [-0.29139, 1.68686, 1.82778, 1.48161, -1.70754, -1.40301, -1.00985], [-0.22572, 1.88017, 1.80094, 1.13861, -1.94601, -1.50579, -0.8598]]
end: [-0.22342000000000001, 1.88696, 1.8, 1.12656, -1.9543900000000001, -1.5094000000000001, -0.85453000000000001]
obtacles: [[[0.6, -0.4, -0.2], [1.0, 0.6, -0.3]], [[0.8, -0.1, -0.2], [1.0, -0.0, 0.5]], [[0.8, 0.3, -0.2], [1.0, 0.4, 0.5]], [[0.8, -0.1, 0.5], [1.0, 0.4, 0.6]]]
start: [-0.69074000000000002, 1.53982, 1.8, 1.2551000000000001, -1.6129599999999999, -1.34335, -0.56311]
tajectories: [[-0.69074, 1.53982, 1.8, 1.2551, -1.61296, -1.34335, -0.56311], [-1.04327, 1.31444, 1.68226, 1.25732, -1.69817, -1.12369, -0.48868], [-1.37767, 1.10064, 1.57057, 1.25943, -1.779, -0.91532, -0.41807], [-1.1671, 0.87391, 1.36734, 1.56313, -1.7695, -0.99064, -0.2958], [-0.95652, 0.64718, 1.1641, 1.86684, -1.76001, -1.06596, -0.17354], [-0.90671, 0.59355, 1.11603, 1.93868, -1.75776, -1.08378, -0.14461], [-0.76576, 0.93337, 1.29679, 1.8371, -1.79285, -1.15619, -0.39992], [-0.62482, 1.2732, 1.47756, 1.73551, -1.82794, -1.2286, -0.65522], [-0.48387, 1.61303, 1.65833, 1.63392, -1.86303, -1.30101, -0.91053]]
end: [-0.37341000000000002, 1.8793500000000001, 1.8, 1.5543, -1.8905400000000001, -1.35775, -1.1106199999999999]
obtacles: [[[0.6, -0.4, -0.2], [1.0, 0.6, -0.3]], [[0.8, -0.1, -0.2], [1.0, -0.0, 0.5]], [[0.8, 0.3, -0.2], [1.0, 0.4, 0.5]], [[0.8, -0.1, 0.5], [1.0, 0.4, 0.6]]]
start: [-0.79793000000000003, 1.8103899999999999, 1.8, 0.91035999999999995, -1.8996299999999999, -1.5420700000000001, -0.079960000000000003]
tajectories: [[-0.79793, 1.81039, 1.8, 0.91036, -1.89963, -1.54207, -0.07996], [-0.87239, 1.59548, 1.94827, 0.96021, -2.11069, -1.44834, -0.42705], [-0.94686, 1.38057, 2.09653, 1.01005, -2.32174, -1.35461, -0.77414], [-0.99745, 1.23457, 2.19726, 1.04392, -2.46512, -1.29094, -1.00993], [-0.55314, 1.21462, 2.19078, 1.14327, -2.6663, -1.32513, -1.03523], [-0.10884, 1.19467, 2.1843, 1.24263, -2.86748, -1.35932, -1.06052], [-0.06912, 1.19289, 2.18372, 1.25151, -2.88546, -1.36237, -1.06278], [-0.12537, 1.49116, 2.0135, 1.25044, -2.53371, -1.4289, -1.03554], [-0.18161, 1.78942, 1.84327, 1.24938, -2.18196, -1.49543, -1.00829]]
end: [-0.21242, 1.95286, 1.75, 1.2487900000000001, -1.98922, -1.5318799999999999, -0.99336000000000002]
obtacles: [[[0.6, -0.4, -0.2], [1.0, 0.6, -0.3]], [[0.8, -0.1, -0.2], [1.0, -0.0, 0.5]], [[0.8, 0.3, -0.2], [1.0, 0.4, 0.5]], [[0.8, -0.1, 0.5], [1.0, 0.4, 0.6]]]
start: [-0.82086000000000003, 1.5255700000000001, 1.75, 1.1797800000000001, -1.59731, -1.38792, -0.36055999999999999]
tajectories: [[-0.82086, 1.52557, 1.75, 1.17978, -1.59731, -1.38792, -0.36056], [-0.78081, 1.62768, 1.91556, 1.39643, -1.24595, -1.40655, -0.16101], [-0.74077, 1.72979, 2.08112, 1.61308, -0.89458, -1.42518, 0.03854], [-0.70073, 1.8319, 2.24668, 1.82973, -0.54322, -1.44381, 0.23809], [-0.66878, 1.91338, 2.3788, 2.00262, -0.26283, -1.45868, 0.39733], [-0.49881, 1.91462, 2.33903, 1.97513, -0.72197, -1.37017, 0.38581], [-0.32884, 1.91587, 2.29925, 1.94763, -1.1811, -1.28167, 0.37428], [-0.25, 1.91644, 2.28081, 1.93487, -1.39406, -1.24061, 0.36894], [-0.22974, 1.86773, 2.13795, 1.81985, -1.48955, -1.28484, -0.08106], [-0.20948, 1.81901, 1.99509, 1.70483, -1.58504, -1.32906, -0.53107], [-0.18923, 1.7703, 1.85223, 1.5898, -1.68053, -1.37328, -0.98107]]
end: [-0.17473, 1.7354400000000001, 1.75, 1.50749, -1.7488699999999999, -1.4049199999999999, -1.3030900000000001]
obtacles: [[[0.6, -0.4, -0.2], [1.0, 0.6, -0.3]], [[0.8, -0.1, -0.2], [1.0, -0.0, 0.5]], [[0.8, 0.3, -0.2], [1.0, 0.4, 0.5]], [[0.8, -0.1, 0.5], [1.0, 0.4, 0.6]]]
start: [-0.76815, 1.9337899999999999, 1.75, 1.6241099999999999, -1.9302699999999999, -1.3844000000000001, -0.78903000000000001]
tajectories: [[-0.76815, 1.93379, 1.75, 1.62411, -1.93027, -1.3844, -0.78903], [-1.05426, 1.71112, 1.55981, 1.82494, -1.82148, -1.21462, -0.82633], [-1.34038, 1.48845, 1.36962, 2.02576, -1.7127, -1.04484, -0.86364], [-1.57018, 1.3096, 1.21686, 2.18707, -1.62532, -0.90848, -0.8936], [-1.31003, 1.53025, 1.12989, 2.3289, -1.93506, -0.99795, -0.93843], [-1.04988, 1.7509, 1.04292, 2.47074, -2.2448, -1.08743, -0.98326], [-0.9037, 1.87487, 0.99406, 2.55043, -2.41883, -1.1377, -1.00845], [-0.72624, 1.82592, 1.22371, 2.21472, -2.21169, -1.22131, -1.0362], [-0.54877, 1.77696, 1.45337, 1.879, -2.00456, -1.30492, -1.06395], [-0.37131, 1.72801, 1.68302, 1.54329, -1.79743, -1.38853, -1.0917]]
end: [-0.31955, 1.71373, 1.75, 1.4453800000000001, -1.73702, -1.41292, -1.09979]
obtacles: [[[0.6, -0.4, -0.2], [1.0, 0.6, -0.3]], [[0.8, -0.1, -0.2], [1.0, -0.0, 0.5]], [[0.8, 0.3, -0.2], [1.0, 0.4, 0.5]], [[0.8, -0.1, 0.5], [1.0, 0.4, 0.6]]]
start: [-0.86165000000000003, 1.7841100000000001, 1.75, 1.35517, -1.81934, -1.4455899999999999, -0.45862000000000003]
tajectories: [[-0.86165, 1.78411, 1.75, 1.35517, -1.81934, -1.44559, -0.45862], [-1.01742, 1.68641, 2.00906, 1.55669, -1.97869, -1.43308, -0.74659], [-1.17318, 1.58871, 2.26813, 1.7582, -2.13803, -1.42057, -1.03455], [-1.30717, 1.50466, 2.49099, 1.93156, -2.27511, -1.40981, -1.28228], [-1.20687, 1.59213, 2.42471, 1.98592, -2.67982, -1.26038, -1.4793], [-1.10656, 1.67961, 2.35843, 2.04029, -3.08453, -1.11095, -1.67632], [-1.00626, 1.76708, 2.29214, 2.09466, -3.48924, -0.96152, -1.87334], [-0.90595, 1.85456, 2.22586, 2.14902, -3.89396, -0.81209, -2.07036], [-0.80565, 1.94203, 2.15958, 2.20339, -4.29867, -0.66266, -2.26738], [-0.79222, 1.95375, 2.1507, 2.21067, -4.35288, -0.64264, -2.29377], [-0.71035, 1.9429, 2.08228, 2.10357, -3.93286, -0.7714, -2.10929], [-0.62849, 1.93205, 2.01387, 1.99646, -3.51284, -0.90016, -1.9248], [-0.54663, 1.9212, 1.94545, 1.88936, -3.09282, -1.02892, -1.74032], [-0.46477, 1.91036, 1.87703, 1.78226, -2.6728, -1.15768, -1.55584], [-0.38291, 1.89951, 1.80861, 1.67515, -2.25278, -1.28644, -1.37136]]
end: [-0.31278, 1.8902099999999999, 1.75, 1.5833999999999999, -1.8929800000000001, -1.3967400000000001, -1.21332]
obtacles: [[[0.6, -0.4, -0.2], [1.0, 0.6, -0.3]], [[0.8, -0.1, -0.2], [1.0, -0.0, 0.5]], [[0.8, 0.3, -0.2], [1.0, 0.4, 0.5]], [[0.8, -0.1, 0.5], [1.0, 0.4, 0.6]]]
start: [-0.91452, 1.9679199999999999, 1.75, 1.2792699999999999, -2.0022000000000002, -1.5245, -0.31846000000000002]
tajectories: [[-0.91452, 1.96792, 1.75, 1.27927, -2.0022, -1.5245, -0.31846], [-0.93164, 1.76366, 1.99219, 1.33817, -1.82653, -1.27112, -0.54384], [-0.94877, 1.5594, 2.23439, 1.39706, -1.65087, -1.01774, -0.76923], [-0.9659, 1.35514, 2.47658, 1.45595, -1.47521, -0.76435, -0.99461], [-0.98206, 1.16242, 2.70509, 1.51152, -1.30948, -0.52529, -1.20726], [-0.76188, 1.28313, 2.66677, 1.89476, -1.37249, -0.68179, -1.308], [-0.54171, 1.40383, 2.62845, 2.278, -1.4355, -0.83829, -1.40874], [-0.32154, 1.52453, 2.59012, 2.66124, -1.49852, -0.99479, -1.50948], [-0.10136, 1.64523, 2.5518, 3.04448, -1.56153, -1.1513, -1.61023], [-0.04637, 1.67538, 2.54223, 3.1402, -1.57727, -1.19038, -1.63539], [-0.10733, 1.69069, 2.35515, 2.7129, -1.62506, -1.2493, -1.48468], [-0.16829, 1.706, 2.16806, 2.2856, -1.67284, -1.30821, -1.33398], [-0.22925, 1.72131, 1.98098, 1.8583, -1.72063, -1.36712, -1.18328], [-0.29021, 1.73662, 1.7939, 1.431, -1.76842, -1.42603, -1.03258]]
end: [-0.30452000000000001, 1.74021, 1.75, 1.33073, -1.77963, -1.4398599999999999, -0.99722]
obtacles: [[[0.6, -0.4, -0.2], [1.0, 0.6, -0.3]], [[0.8, -0.1, -0.2], [1.0, -0.0, 0.5]], [[0.8, 0.3, -0.2], [1.0, 0.4, 0.5]], [[0.8, -0.1, 0.5], [1.0, 0.4, 0.6]]]
start: [-0.90674999999999994, 1.72383, 1.75, 1.42089, -1.7508699999999999, -1.41879, -0.48660999999999999]
tajectories: [[-0.90675, 1.72383, 1.75, 1.42089, -1.75087, -1.41879, -0.48661], [-0.90568, 1.53065, 1.7197, 1.7739, -1.63473, -1.36977, -0.21968], [-0.90517, 1.43978, 1.70544, 1.93995, -1.58011, -1.34671, -0.09411], [-0.66495, 1.59721, 1.4945, 2.16929, -1.71037, -1.37716, -0.32327], [-0.59846, 1.64078, 1.43611, 2.23276, -1.74643, -1.38559, -0.3867], [-0.51115, 1.78449, 1.53183, 1.93333, -1.84356, -1.43693, -0.71961], [-0.42384, 1.92819, 1.62756, 1.63389, -1.94069, -1.48827, -1.05253]]
end: [-0.40337000000000001, 1.9618899999999999, 1.6499999999999999, 1.56368, -1.96347, -1.50031, -1.13059]
obtacles: [[[0.6, -0.4, -0.2], [1.0, 0.6, -0.3]], [[0.8, -0.1, -0.2], [1.0, -0.0, 0.5]], [[0.8, 0.3, -0.2], [1.0, 0.4, 0.5]], [[0.8, -0.1, 0.5], [1.0, 0.4, 0.6]]]
start: [-0.63641000000000003, 1.5795999999999999, 1.6499999999999999, 0.92037999999999998, -1.6258300000000001, -1.5131300000000001, -0.28204000000000001]
tajectories: [[-0.63641, 1.5796, 1.65, 0.92038, -1.62583, -1.51313, -0.28204], [-0.88793, 1.33543, 1.67281, 0.70762, -1.42536, -1.33308, -0.37541], [-1.13945, 1.09125, 1.69562, 0.49486, -1.22489, -1.15302, -0.46877], [-1.39097, 0.84708, 1.71843, 0.2821, -1.02442, -0.97297, -0.56214], [-1.6425, 0.6029, 1.74123, 0.06933, -0.82394, -0.79291, -0.65551], [-1.89402, 0.35872, 1.76404, -0.14343, -0.62347, -0.61286, -0.74888], [-2.14554, 0.11455, 1.78685, -0.35619, -0.423, -0.4328, -0.84225], [-2.39706, -0.12963, 1.80966, -0.56896, -0.22253, -0.25274, -0.93562], [-2.40532, -0.13765, 1.81041, -0.57594, -0.21594, -0.24683, -0.93868], [-2.20156, 0.04164, 1.91702, -0.20542, -0.37131, -0.19669, -0.90651], [-1.99779, 0.22092, 2.02363, 0.1651, -0.52668, -0.14655, -0.87434], [-1.79403, 0.4002, 2.13023, 0.53562, -0.68205, -0.09642, -0.84217], [-1.59027, 0.57949, 2.23684, 0.90614, -0.83741, -0.04628, -0.81], [-1.3865, 0.75877, 2.34345, 1.27666, -0.99278, 0.00386, -0.77783], [-1.18274, 0.93805, 2.45006, 1.64718, -1.14815, 0.054, -0.74566], [-0.97898, 1.11733, 2.55666, 2.0177, -1.30351, 0.10414, -0.71349], [-0.77521, 1.29662, 2.66327, 2.38822, -1.45888, 0.15428, -0.68132], [-0.73816, 1.32922, 2.68266, 2.4556, -1.48714, 0.1634, -0.67547], [-0.66301, 1.4315, 2.46197, 2.24544, -1.55716, -0.1958, -0.75972], [-0.58787, 1.53378, 2.24128, 2.03528, -1.62719, -0.55499, -0.84396], [-0.51273, 1.63607, 2.02059, 1.82512, -1.69721, -0.91418, -0.92821], [-0.43759, 1.73835, 1.7999, 1.61496, -1.76724, -1.27338, -1.01245]]
end: [-0.38655, 1.80782, 1.6499999999999999, 1.47221, -1.8148, -1.51735, -1.0696699999999999]
obtacles: [[[0.6, -0.4, -0.2], [1.0, 0.6, -0.3]], [[0.8, -0.1, -0.2], [1.0, -0.0, 0.5]], [[0.8, 0.3, -0.2], [1.0, 0.4, 0.5]], [[0.8, -0.1, 0.5], [1.0, 0.4, 0.6]]]
start: [-0.54523999999999995, 1.82867, 2.1499999999999999, 0.45091999999999999, -2.19876, -1.56968, 0.17191999999999999]
tajectories: [[-0.54524, 1.82867, 2.15, 0.45092, -2.19876, -1.56968, 0.17192], [-0.84995, 1.63804, 1.92751, 0.35, -2.09094, -1.3475, 0.18371], [-1.15465, 1.4474, 1.70501, 0.24909, -1.98312, -1.12533, 0.19551], [-1.45936, 1.25677, 1.48252, 0.14818, -1.87531, -0.90315, 0.20731], [-1.76406, 1.06614, 1.26002, 0.04726, -1.76749, -0.68097, 0.2191], [-2.06877, 0.8755, 1.03753, -0.05365, -1.65967, -0.45879, 0.2309], [-2.08199, 0.86723, 1.02787, -0.05803, -1.65499, -0.44915, 0.23141], [-1.88322, 0.84552, 1.16552, 0.22126, -1.79295, -0.53969, 0.5244], [-1.68446, 0.82381, 1.30316, 0.50055, -1.93091, -0.63022, 0.81739], [-1.48569, 0.8021, 1.44081, 0.77984, -2.06886, -0.72076, 1.11038], [-1.28693, 0.78039, 1.57845, 1.05913, -2.20682, -0.8113, 1.40337], [-1.08816, 0.75868, 1.71609, 1.33842, -2.34478, -0.90183, 1.69636], [-0.88939, 0.73697, 1.85374, 1.6177, -2.48273, -0.99237, 1.98935], [-0.72411, 0.71891, 1.9682, 1.84995, -2.59745, -1.06766, 2.23299], [-0.65935, 0.87983, 1.93317, 1.80755, -2.514, -1.11994, 1.7778], [-0.59458, 1.04074, 1.89814, 1.76516, -2.43055, -1.17222, 1.32262], [-0.52982, 1.20166, 1.86311, 1.72277, -2.3471, -1.2245, 0.86744], [-0.46505, 1.36257, 1.82808, 1.68038, -2.26365, -1.27678, 0.41226], [-0.40029, 1.52349, 1.79305, 1.63799, -2.1802, -1.32906, -0.04292], [-0.33553, 1.6844, 1.75802, 1.5956, -2.09675, -1.38134, -0.49811], [-0.27076, 1.84532, 1.72299, 1.55321, -2.0133, -1.43362, -0.95329]]
end: [-0.22825999999999999, 1.9509300000000001, 1.7, 1.52539, -1.9585300000000001, -1.46793, -1.25203]
obtacles: [[[0.6, -0.4, -0.2], [1.0, 0.6, -0.3]], [[0.8, -0.1, -0.2], [1.0, -0.0, 0.5]], [[0.8, 0.3, -0.2], [1.0, 0.4, 0.5]], [[0.8, -0.1, 0.5], [1.0, 0.4, 0.6]]]
start: [-0.71823999999999999, 1.5964, 1.7, 0.86755000000000004, -1.67415, -1.48902, -0.14341999999999999]
tajectories: [[-0.71824, 1.5964, 1.7, 0.86755, -1.67415, -1.48902, -0.14342], [-0.72419, 1.48003, 1.96896, 1.11145, -1.97011, -1.38931, -0.22742], [-0.72997, 1.36693, 2.23036, 1.3485, -2.25774, -1.2924, -0.30906], [-0.35736, 1.30548, 2.19392, 1.31202, -2.22467, -1.07764, -0.54886], [-0.30027, 1.29607, 2.18834, 1.30643, -2.2196, -1.04473, -0.5856], [-0.23275, 1.47935, 2.1716, 1.53178, -2.18828, -1.2316, -0.93899], [-0.16523, 1.66263, 2.15486, 1.75713, -2.15696, -1.41847, -1.29238], [-0.13204, 1.75272, 2.14664, 1.8679, -2.14156, -1.51033, -1.46608], [-0.29046, 1.88508, 1.82873, 1.66326, -1.99837, -1.46512, -1.26139]]
end: [-0.35460999999999998, 1.9386699999999999, 1.7, 1.5804, -1.9403900000000001, -1.4468099999999999, -1.1785099999999999]
obtacles: [[[0.6, -0.4, -0.2], [1.0, 0.6, -0.3]], [[0.8, -0.1, -0.2], [1.0, -0.0, 0.5]], [[0.8, 0.3, -0.2], [1.0, 0.4, 0.5]], [[0.8, -0.1, 0.5], [1.0, 0.4, 0.6]]]
start: [-0.89954999999999996, 1.7955099999999999, 1.7, 1.33229, -1.82016, -1.5013300000000001, -0.40943000000000002]
tajectories: [[-0.89955, 1.79551, 1.7, 1.33229, -1.82016, -1.50133, -0.40943], [-0.88574, 1.69862, 1.85115, 1.41274, -2.07039, -1.48369, -0.79437], [-0.87193, 1.60174, 2.00229, 1.49319, -2.32063, -1.46605, -1.17931], [-0.86679, 1.56568, 2.05855, 1.52314, -2.41378, -1.45949, -1.32259], [-0.67602, 1.30522, 1.98631, 1.74334, -2.12269, -1.38723, -1.36848], [-0.48524, 1.04476, 1.91408, 1.96353, -1.8316, -1.31497, -1.41436], [-0.45108, 0.99811, 1.90114, 2.00297, -1.77947, -1.30203, -1.42258], [-0.40588, 1.3684, 1.82294, 1.752, -1.85323, -1.39157, -1.2544], [-0.36068, 1.73869, 1.74475, 1.50103, -1.92699, -1.48111, -1.08622]]
end: [-0.33481, 1.95058, 1.7, 1.3574200000000001, -1.96919, -1.53234, -0.98997999999999997]
obtacles: [[[0.6, -0.4, -0.2], [1.0, 0.6, -0.3]], [[0.8, -0.1, -0.2], [1.0, -0.0, 0.5]], [[0.8, 0.3, -0.2], [1.0, 0.4, 0.5]], [[0.8, -0.1, 0.5], [1.0, 0.4, 0.6]]]
start: [-0.80784, 1.7029399999999999, 1.7, 0.91049000000000002, -1.7542599999999999, -1.55074, -0.092240000000000003]
tajectories: [[-0.80784, 1.70294, 1.7, 0.91049, -1.75426, -1.55074, -0.09224], [-1.09086, 1.6521, 1.82349, 1.15102, -1.93306, -1.4804, -0.33161], [-1.37388, 1.60125, 1.94698, 1.39155, -2.11185, -1.41006, -0.57098], [-1.6569, 1.55041, 2.07047, 1.63209, -2.29064, -1.33973, -0.81034], [-1.93992, 1.49957, 2.19396, 1.87262, -2.46944, -1.26939, -1.04971], [-2.01495, 1.48609, 2.2267, 1.93639, -2.51684, -1.25075, -1.11317], [-1.72492, 1.37149, 1.94971, 2.02733, -2.28645, -1.32361, -1.01639], [-1.43489, 1.25689, 1.67272, 2.11828, -2.05606, -1.39648, -0.91961], [-1.14486, 1.14229, 1.39573, 2.20923, -1.82568, -1.46934, -0.82284], [-0.85483, 1.02768, 1.11874, 2.30017, -1.59529, -1.54221, -0.72606], [-0.76317, 0.99147, 1.0312, 2.32891, -1.52248, -1.56524, -0.69547], [-0.60679, 1.24492, 1.24134, 2.02106, -1.61645, -1.54405, -0.80991], [-0.45042, 1.49838, 1.45148, 1.71321, -1.71041, -1.52287, -0.92434], [-0.29404, 1.75184, 1.66162, 1.40535, -1.80438, -1.50169, -1.03878]]
end: [-0.26547999999999999, 1.79813, 1.7, 1.3491299999999999, -1.8215399999999999, -1.4978199999999999, -1.05968]
obtacles: [[[0.6, -0.4, -0.2], [1.0, 0.6, -0.3]], [[0.8, -0.1, -0.2], [1.0, -0.0, 0.5]], [[0.8, 0.3, -0.2], [1.0, 0.4, 0.5]], [[0.8, -0.1, 0.5], [1.0, 0.4, 0.6]]]
start: [-0.68766000000000005, 1.4976799999999999, 1.7, 1.1889000000000001, -1.5506800000000001, -1.4238, -0.50746000000000002]
tajectories: [[-0.68766, 1.49768, 1.7, 1.1889, -1.55068, -1.4238, -0.50746], [-0.93385, 1.38128, 1.35379, 1.29907, -1.45786, -1.28525, -0.63407], [-1.18004, 1.26487, 1.00759, 1.40923, -1.36504, -1.1467, -0.76069], [-1.42623, 1.14846, 0.66138, 1.5194, -1.27222, -1.00815, -0.88731], [-1.63885, 1.04793, 0.36238, 1.61454, -1.19206, -0.88849, -0.99667], [-1.48223, 1.11733, 0.39851, 1.73047, -1.51144, -0.99538, -1.30078], [-1.32562, 1.18674, 0.43464, 1.84639, -1.83081, -1.10226, -1.6049], [-1.169, 1.25614, 0.47076, 1.96231, -2.15018, -1.20915, -1.90901], [-1.03747, 1.31443, 0.5011, 2.05967, -2.4184, -1.29892, -2.16441], [-0.84514, 1.47153, 0.80003, 1.91318, -2.3033, -1.34589, -1.91529], [-0.65281, 1.62864, 1.09895, 1.76669, -2.1882, -1.39285, -1.66617], [-0.46049, 1.78574, 1.39787, 1.6202, -2.0731, -1.43982, -1.41705], [-0.26816, 1.94285, 1.69679, 1.47371, -1.95799, -1.48679, -1.16793]]
end: [-0.2661, 1.9445399999999999, 1.7, 1.47214, -1.9567600000000001, -1.48729, -1.1652499999999999]
