obtacles: [[[0.6, -0.4, -0.2], [1.0, 0.6, -0.3]], [[0.8, -0.3, -0.2], [1.0, -0.2, 0.4]], [[0.8, 0.3, -0.2], [1.0, 0.4, 0.4]], [[0.8, -0.3, 0.4], [1.0, 0.4, 0.5]]]
start: [2.2980299999999998, -1.66482, -1.3500000000000001, 0.47638000000000003, -1.80992, -1.5542499999999999, 0.37959999999999999]
tajectories: [[2.29803, -1.66482, -1.35, 0.47638, -1.80992, -1.55425, 0.3796], [2.14557, -1.69082, -1.2453, 0.91143, -1.76731, -1.55663, 0.22459], [1.9931, -1.71681, -1.1406, 1.34647, -1.7247, -1.55901, 0.06957], [1.84064, -1.7428, -1.0359, 1.78152, -1.6821, -1.5614, -0.08545], [1.76958, -1.75492, -0.9871, 1.9843, -1.66224, -1.56251, -0.1577], [1.88127, -1.78075, -1.32914, 2.15643, -1.87788, -1.37424, -0.06663], [1.99296, -1.80657, -1.67117, 2.32856, -2.09352, -1.18597, 0.02443], [2.10465, -1.8324, -2.01321, 2.50069, -2.30916, -0.9977, 0.1155], [2.13062, -1.83841, -2.09274, 2.54072, -2.3593, -0.95392, 0.13668], [2.24432, -1.83805, -1.88817, 2.32255, -2.20583, -1.05295, -0.20136], [2.35802, -1.83769, -1.68361, 2.10437, -2.05235, -1.15197, -0.5394], [2.47172, -1.83734, -1.47904, 1.8862, -1.89888, -1.251, -0.87743]]
end: [2.5434399999999999, -1.83711, -1.3500000000000001, 1.74857, -1.8020700000000001, -1.3134699999999999, -1.09067]
obtacles: [[[0.6, -0.4, -0.2], [1.0, 0.6, -0.3]], [[0.8, -0.3, -0.2], [1.0, -0.2, 0.4]], [[0.8, 0.3, -0.2], [1.0, 0.4, 0.4]], [[0.8, -0.3, 0.4], [1.0, 0.4, 0.5]]]
start: [2.4727000000000001, -1.7562800000000001, -1.3, 0.65556000000000003, -1.89744, -1.55671, 0.041000000000000002]
tajectories: [[2.4727, -1.75628, -1.3, 0.65556, -1.89744, -1.55671, 0.041], [2.29581, -1.73308, -1.17675, 1.01133, -1.87798, -1.41852, -0.19762], [2.11893, -1.70988, -1.0535, 1.3671, -1.85851, -1.28033, -0.43623], [1.94204, -1.68668, -0.93025, 1.72287, -1.83905, -1.14214, -0.67484], [1.76516, -1.66348, -0.80701, 2.07864, -1.81959, -1.00395, -0.91346], [1.75332, -1.66193, -0.79876, 2.10244, -1.81829, -0.99471, -0.92942], [1.97712, -1.62612, -0.98486, 2.0781, -2.05948, -0.9231, -1.24582], [2.11281, -1.60441, -1.09769, 2.06334, -2.20571, -0.87968, -1.43764], [2.32157, -1.73226, -1.2022, 1.81192, -2.09617, -1.0966, -1.19913], [2.53032, -1.86011, -1.30671, 1.5605, -1.98664, -1.31353, -0.96061]]
end: [2.6167899999999999, -1.91307, -1.3500000000000001, 1.45635, -1.94126, -1.4033899999999999, -0.86180000000000001]
obtacles: [[[0.6, -0.4, -0.2], [1.0, 0.6, -0.3]], [[0.8, -0.3, -0.2], [1.0, -0.2, 0.4]], [[0.8, 0.3, -0.2], [1.0, 0.4, 0.4]], [[0.8, -0.3, 0.4], [1.0, 0.4, 0.5]]]
start: [2.4450699999999999, -1.5098800000000001, -1.3500000000000001, 0.46290999999999999, -1.7420199999999999, -1.41812, 0.23999000000000001]
tajectories: [[2.44507, -1.50988, -1.35, 0.46291, -1.74202, -1.41812, 0.23999], [2.39689, -1.64606, -1.19724, 0.58949, -1.62741, -1.39179, 0.65945], [2.3487, -1.78223, -1.04448, 0.71606, -1.5128, -1.36547, 1.07892], [2.30052, -1.91841, -0.89173, 0.84264, -1.39819, -1.33915, 1.49838], [2.29186, -1.9429, -0.86425, 0.86541, -1.37757, -1.33442, 1.57383], [2.03617, -1.85046, -0.90424, 1.08651, -1.06485, -1.33106, 1.40713], [1.78049, -1.75802, -0.94423, 1.30761, -0.75212, -1.3277, 1.24042], [1.52481, -1.66558, -0.98422, 1.5287, -0.4394, -1.32434, 1.07371], [1.26913, -1.57314, -1.02421, 1.7498, -0.12668, -1.32098, 0.90701], [1.01344, -1.48069, -1.0642, 1.9709, 0.18605, -1.31763, 0.7403], [0.75776, -1.38825, -1.10419, 2.192, 0.49877, -1.31427, 0.5736], [0.50208, -1.29581, -1.14418, 2.4131, 0.81149, -1.31091, 0.40689], [0.30295, -1.22382, -1.17532, 2.58529, 1.05504, -1.30829, 0.27706], [0.64579, -1.25651, -1.27286, 2.57167, 0.76608, -1.31863, 0.47221], [0.98863, -1.28921, -1.3704, 2.55804, 0.47712, -1.32896, 0.66737], [1.33147, -1.32191, -1.46795, 2.54442, 0.18816, -1.33929, 0.86252], [1.67431, -1.35461, -1.56549, 2.53079, -0.1008, -1.34962, 1.05767], [2.01716, -1.38731, -1.66303, 2.51717, -0.38977, -1.35995, 1.25283], [2.25657, -1.41015, -1.73114, 2.50766, -0.59155, -1.36717, 1.3891], [2.31684, -1.47541, -1.66488, 2.33838, -0.80136, -1.3665, 0.98285], [2.37712, -1.54068, -1.59863, 2.1691, -1.01118, -1.36584, 0.5766], [2.4374, -1.60595, -1.53237, 1.99982, -1.22099, -1.36518, 0.17035], [2.49767, -1.67122, -1.46612, 1.83055, -1.4308, -1.36451, -0.2359], [2.55795, -1.73648, -1.39986, 1.66127, -1.64061, -1.36385, -0.64216]]
end: [2.60331, -1.7856000000000001, -1.3500000000000001, 1.5338799999999999, -1.7985100000000001, -1.3633500000000001, -0.94787999999999994]
obtacles: [[[0.6, -0.4, -0.2], [1.0, 0.6, -0.3]], [[0.8, -0.3, -0.2], [1.0, -0.2, 0.4]], [[0.8, 0.3, -0.2], [1.0, 0.4, 0.4]], [[0.8, -0.3, 0.4], [1.0, 0.4, 0.5]]]
start: [2.2438799999999999, -1.8626100000000001, -1.1499999999999999, 1.1996199999999999, -2.00935, -1.3075399999999999, -0.18015999999999999]
tajectories: [[2.24388, -1.86261, -1.15, 1.19962, -2.00935, -1.30754, -0.18016], [1.9704, -1.65117, -1.02067, 1.38286, -1.89462, -1.09492, -0.32789], [1.69692, -1.43972, -0.89135, 1.56611, -1.77988, -0.88229, -0.47561], [1.42344, -1.22828, -0.76202, 1.74936, -1.66515, -0.66967, -0.62334], [1.14997, -1.01684, -0.63269, 1.93261, -1.55042, -0.45704, -0.77107], [0.92486, -0.84279, -0.52624, 2.08344, -1.45598, -0.28203, -0.89266], [0.69902, -0.59228, -0.40293, 2.13324, -1.56614, 0.02167, -1.01173], [0.47317, -0.34177, -0.27961, 2.18304, -1.67631, 0.32538, -1.1308], [0.24732, -0.09126, -0.1563, 2.23284, -1.78647, 0.62908, -1.24987], [0.02147, 0.15925, -0.03298, 2.28264, -1.89663, 0.93278, -1.36894], [0.00613, 0.17626, -0.02461, 2.28602, -1.90411, 0.95341, -1.37703], [0.2625, 0.5245, -0.175, 2.20804, -1.78892, 1.05928, -1.2779], [0.51887, 0.87273, -0.32539, 2.13006, -1.67372, 1.16516, -1.17877], [0.74042, 1.17368, -0.45536, 2.06267, -1.57416, 1.25665, -1.0931], [0.76361, 1.34605, -0.73877, 1.93325, -1.49908, 1.32978, -1.42731], [0.78679, 1.51842, -1.02217, 1.80384, -1.424, 1.4029, -1.76152], [0.80998, 1.6908, -1.30558, 1.67442, -1.34892, 1.47602, -2.09573], [0.83317, 1.86317, -1.58899, 1.545, -1.27383, 1.54914, -2.42994]]
end: [0.83406999999999998, 1.8698699999999999, -1.6000000000000001, 1.5399700000000001, -1.27092, 1.55199, -2.44293]
obtacles: [[[0.6, -0.4, -0.2], [1.0, 0.6, -0.3]], [[0.8, -0.3, -0.2], [1.0, -0.2, 0.4]], [[0.8, 0.3, -0.2], [1.0, 0.4, 0.4]], [[0.8, -0.3, 0.4], [1.0, 0.4, 0.5]]]
start: [-0.34382000000000001, 1.5504899999999999, -1.6000000000000001, 0.89753000000000005, -1.56847, 1.5353000000000001, -1.89998]
tajectories: [[-0.34382, 1.55049, -1.6, 0.89753, -1.56847, 1.5353, -1.89998], [-0.35762, 1.23946, -1.36963, 1.14571, -1.57116, 1.49344, -2.09143], [-0.37142, 0.92844, -1.13926, 1.39389, -1.57386, 1.45158, -2.28287], [-0.38523, 0.61741, -0.90889, 1.64207, -1.57656, 1.40971, -2.47431], [-0.39622, 0.36969, -0.72541, 1.83974, -1.57871, 1.37637, -2.62679], [-0.5944, 0.33409, -0.61435, 1.7871, -1.14567, 1.30042, -2.65943], [-0.79257, 0.29848, -0.50329, 1.73446, -0.71264, 1.22447, -2.69208], [-0.99075, 0.26288, -0.39223, 1.68182, -0.2796, 1.14853, -2.72472], [-1.18893, 0.22728, -0.28118, 1.62917, 0.15343, 1.07258, -2.75736], [-1.24121, 0.21788, -0.25188, 1.61529, 0.26766, 1.05254, -2.76597], [-1.43347, -0.09818, 0.01615, 1.74074, 0.29112, 0.89635, -2.79075], [-1.62573, -0.41425, 0.28418, 1.86619, 0.31459, 0.74016, -2.81553], [-1.81798, -0.73031, 0.55222, 1.99164, 0.33805, 0.58397, -2.84031], [-2.01024, -1.04638, 0.82025, 2.11708, 0.36151, 0.42778, -2.86509], [-2.04169, -1.09807, 0.86408, 2.1376, 0.36535, 0.40223, -2.86914], [-2.10642, -1.28209, 0.98768, 1.96031, 0.0448, 0.64837, -2.82551], [-2.17114, -1.46611, 1.11127, 1.78303, -0.27575, 0.89451, -2.78189], [-2.23587, -1.65013, 1.23487, 1.60574, -0.5963, 1.14064, -2.73827], [-2.3006, -1.83416, 1.35847, 1.42846, -0.91686, 1.38678, -2.69464]]
end: [-2.3485399999999998, -1.97044, 1.45, 1.2971699999999999, -1.15425, 1.5690599999999999, -2.6623399999999999]
obtacles: [[[0.6, -0.4, -0.2], [1.0, 0.6, -0.3]], [[0.8, -0.3, -0.2], [1.0, -0.2, 0.4]], [[0.8, 0.3, -0.2], [1.0, 0.4, 0.4]], [[0.8, -0.3, 0.4], [1.0, 0.4, 0.5]]]
start: [-0.82621999999999995, 1.9158599999999999, 1.8500000000000001, 0.96870000000000001, -2.0106000000000002, -1.54863, -0.088569999999999996]
tajectories: [[-0.82622, 1.91586, 1.85, 0.9687, -2.0106, -1.54863, -0.08857], [-1.09606, 1.7272, 2.04604, 1.16622, -1.96928, -1.44297, -0.315], [-1.36591, 1.53854, 2.24208, 1.36375, -1.92795, -1.33731, -0.54144], [-1.63576, 1.34988, 2.43812, 1.56127, -1.88662, -1.23165, -0.76787], [-1.7883, 1.24324, 2.54893, 1.67292, -1.86326, -1.17192, -0.89586], [-1.4019, 1.14106, 2.39624, 1.86459, -2.01463, -1.24097, -0.84564], [-1.01551, 1.03888, 2.24354, 2.05627, -2.166, -1.31003, -0.79542], [-0.62911, 0.9367, 2.09085, 2.24794, -2.31736, -1.37908, -0.7452], [-0.59046, 0.92648, 2.07557, 2.26711, -2.3325, -1.38599, -0.74018], [-0.61642, 1.29559, 1.99163, 1.97432, -2.19105, -1.36945, -0.73501], [-0.64237, 1.6647, 1.90769, 1.68152, -2.0496, -1.3529, -0.72984]]
end: [-0.66020999999999996, 1.91838, 1.8500000000000001, 1.4802900000000001, -1.95238, -1.3415299999999999, -0.72628999999999999]
obtacles: [[[0.6, -0.4, -0.2], [1.0, 0.6, -0.3]], [[0.8, -0.3, -0.2], [1.0, -0.2, 0.4]], [[0.8, 0.3, -0.2], [1.0, 0.4, 0.4]], [[0.8, -0.3, 0.4], [1.0, 0.4, 0.5]]]
start: [-0.87694000000000005, 1.5895999999999999, 1.8500000000000001, 1.10551, -1.7158899999999999, -1.3306800000000001, -0.2084]
tajectories: [[-0.87694, 1.5896, 1.85, 1.10551, -1.71589, -1.33068, -0.2084], [-1.03815, 1.38458, 2.25555, 1.21062, -1.71565, -1.26236, -0.16612], [-1.19935, 1.17955, 2.66111, 1.31573, -1.71541, -1.19403, -0.12384], [-1.20055, 1.17802, 2.66413, 1.31651, -1.71541, -1.19352, -0.12353], [-0.98327, 1.23896, 2.46762, 1.50336, -2.02849, -1.0278, -0.13132], [-0.76598, 1.29989, 2.27111, 1.69021, -2.34157, -0.86207, -0.13911], [-0.54869, 1.36083, 2.07461, 1.87705, -2.65465, -0.69634, -0.1469], [-0.33141, 1.42176, 1.8781, 2.0639, -2.96774, -0.53062, -0.15469], [-0.28776, 1.434, 1.83863, 2.10143, -3.03063, -0.49733, -0.15626], [-0.40877, 1.58699, 1.84197, 1.96635, -2.71334, -0.72887, -0.35478], [-0.52978, 1.73998, 1.84531, 1.83128, -2.39605, -0.96041, -0.5533], [-0.65079, 1.89297, 1.84865, 1.6962, -2.07876, -1.19195, -0.75182]]
end: [-0.69972000000000001, 1.95482, 1.8500000000000001, 1.6415900000000001, -1.9504699999999999, -1.2855700000000001, -0.83208000000000004]
obtacles: [[[0.6, -0.4, -0.2], [1.0, 0.6, -0.3]], [[0.8, -0.3, -0.2], [1.0, -0.2, 0.4]], [[0.8, 0.3, -0.2], [1.0, 0.4, 0.4]], [[0.8, -0.3, 0.4], [1.0, 0.4, 0.5]]]
start: [-0.86516000000000004, 1.5648299999999999, 1.8500000000000001, 1.0346, -1.71099, -1.32847, -0.15318000000000001]
tajectories: [[-0.86516, 1.56483, 1.85, 1.0346, -1.71099, -1.32847, -0.15318], [-0.95718, 1.61794, 1.87417, 1.0391, -1.71632, -1.24505, -0.63393], [-1.04919, 1.67105, 1.89834, 1.0436, -1.72164, -1.16163, -1.11468], [-1.06363, 1.67938, 1.90213, 1.0443, -1.72248, -1.14854, -1.1901], [-1.05474, 1.67216, 1.95105, 1.37717, -2.09205, -1.15738, -1.19268], [-1.04588, 1.66497, 1.99982, 1.70895, -2.46042, -1.16619, -1.19526], [-0.72954, 1.77958, 1.71912, 1.59513, -2.35892, -1.07894, -1.03054], [-0.44194, 1.88377, 1.46393, 1.49165, -2.26664, -0.99961, -0.88077], [-0.48808, 1.80459, 1.74041, 1.41981, -1.95132, -1.24264, -0.84191]]
end: [-0.50636999999999999, 1.77321, 1.8500000000000001, 1.39133, -1.8263199999999999, -1.3389800000000001, -0.82650999999999997]
obtacles: [[[0.6, -0.4, -0.2], [1.0, 0.6, -0.3]], [[0.8, -0.3, -0.2], [1.0, -0.2, 0.4]], [[0.8, 0.3, -0.2], [1.0, 0.4, 0.4]], [[0.8, -0.3, 0.4], [1.0, 0.4, 0.5]]]
start: [-0.99517, 1.62782, 1.8500000000000001, 1.15459, -1.7394099999999999, -1.34015, -0.13183]
tajectories: [[-0.99517, 1.62782, 1.85, 1.15459, -1.73941, -1.34015, -0.13183], [-1.18723, 1.62067, 1.69262, 1.53614, -1.59144, -1.2054, -0.18347], [-1.34294, 1.61488, 1.56504, 1.84546, -1.47148, -1.09616, -0.22533], [-1.1072, 1.86152, 1.57736, 1.98015, -1.6723, -0.8571, -0.35884], [-1.06339, 1.90736, 1.57965, 2.00519, -1.70963, -0.81266, -0.38365], [-0.83197, 1.90309, 1.71521, 1.84511, -1.79475, -1.04203, -0.68792]]
end: [-0.60185999999999995, 1.8988400000000001, 1.8500000000000001, 1.68594, -1.8793899999999999, -1.2701, -0.99046000000000001]
obtacles: [[[0.6, -0.4, -0.2], [1.0, 0.6, -0.3]], [[0.8, -0.3, -0.2], [1.0, -0.2, 0.4]], [[0.8, 0.3, -0.2], [1.0, 0.4, 0.4]], [[0.8, -0.3, 0.4], [1.0, 0.4, 0.5]]]
start: [-0.86038000000000003, 1.66642, 1.8500000000000001, 0.93532999999999999, -1.8162199999999999, -1.40594, -0.04113]
tajectories: [[-0.86038, 1.66642, 1.85, 0.93533, -1.81622, -1.40594, -0.04113], [-1.13145, 1.8243, 1.84609, 1.28188, -1.96219, -1.47152, -0.11777], [-1.34257, 1.94727, 1.84304, 1.55179, -2.07588, -1.5226, -0.17745], [-1.1974, 1.95757, 1.92486, 1.77778, -2.29336, -1.20845, -0.01914], [-1.07802, 1.96604, 1.99214, 1.9636, -2.47219, -0.95013, 0.11103], [-0.87147, 1.94778, 1.94148, 1.76542, -2.2909, -1.09915, -0.22076], [-0.66491, 1.92952, 1.89081, 1.56725, -2.10962, -1.24817, -0.55256]]
end: [-0.49852999999999997, 1.91482, 1.8500000000000001, 1.40761, -1.9635899999999999, -1.3682099999999999, -0.81982999999999995]
obtacles: [[[0.6, -0.4, -0.2], [1.0, 0.6, -0.3]], [[0.8, -0.3, -0.2], [1.0, -0.2, 0.4]], [[0.8, 0.3, -0.2], [1.0, 0.4, 0.4]], [[0.8, -0.3, 0.4], [1.0, 0.4, 0.5]]]
start: [-0.80901999999999996, 1.8795599999999999, 1.8500000000000001, 0.89263000000000003, -1.98384, -1.55698, -0.036990000000000002]
tajectories: [[-0.80902, 1.87956, 1.85, 0.89263, -1.98384, -1.55698, -0.03699], [-0.93389, 1.75247, 1.89796, 1.02824, -2.21492, -1.23181, -0.23302], [-1.05877, 1.62539, 1.94592, 1.16385, -2.44601, -0.90664, -0.42905], [-1.18364, 1.4983, 1.99389, 1.29946, -2.6771, -0.58147, -0.62509], [-1.29404, 1.38595, 2.03629, 1.41934, -2.8814, -0.294, -0.79839], [-1.41715, 1.4195, 1.82939, 1.73448, -2.71112, -0.07316, -0.91602], [-1.54025, 1.45305, 1.6225, 2.04961, -2.54083, 0.14768, -1.03366], [-1.66336, 1.4866, 1.4156, 2.36474, -2.37055, 0.36852, -1.15129], [-1.67895, 1.49085, 1.3894, 2.40466, -2.34898, 0.3965, -1.16619], [-1.43071, 1.58398, 1.4503, 2.22248, -2.27616, 0.02679, -1.13749], [-1.18247, 1.67711, 1.51121, 2.04031, -2.20333, -0.34291, -1.10879], [-0.93423, 1.77024, 1.57211, 1.85813, -2.13051, -0.71261, -1.08009], [-0.68599, 1.86336, 1.63302, 1.67596, -2.05769, -1.08232, -1.05139], [-0.43775, 1.95649, 1.69393, 1.49379, -1.98486, -1.45202, -1.02269]]
end: [-0.41299999999999998, 1.9657800000000001, 1.7, 1.4756199999999999, -1.9776, -1.48889, -1.01983]
obtacles: [[[0.6, -0.4, -0.2], [1.0, 0.6, -0.3]], [[0.8, -0.3, -0.2], [1.0, -0.2, 0.4]], [[0.8, 0.3, -0.2], [1.0, 0.4, 0.4]], [[0.8, -0.3, 0.4], [1.0, 0.4, 0.5]]]
start: [-0.98980000000000001, 1.56125, 1.7, 1.09005, -1.6223000000000001, -1.45187, -0.097799999999999998]
tajectories: [[-0.9898, 1.56125, 1.7, 1.09005, -1.6223, -1.45187, -0.0978], [-1.06158, 1.65307, 1.99094, 1.33774, -1.81616, -1.23369, -0.17018], [-1.1213, 1.72946, 2.23296, 1.54378, -1.97742, -1.0522, -0.23039], [-0.75051, 1.72135, 2.131, 1.73529, -1.79499, -1.23089, -0.24331], [-0.49875, 1.71585, 2.06176, 1.86533, -1.67112, -1.35223, -0.25208], [-0.5677, 1.83406, 1.85703, 1.70153, -1.81586, -1.40635, -0.62443]]
end: [-0.62058999999999997, 1.9247300000000001, 1.7, 1.5759000000000001, -1.9268700000000001, -1.4478599999999999, -0.91003000000000001]
obtacles: [[[0.6, -0.4, -0.2], [1.0, 0.6, -0.3]], [[0.8, -0.3, -0.2], [1.0, -0.2, 0.4]], [[0.8, 0.3, -0.2], [1.0, 0.4, 0.4]], [[0.8, -0.3, 0.4], [1.0, 0.4, 0.5]]]
start: [-0.83735999999999999, 1.92839, 2.25, 0.54522999999999999, -2.3249300000000002, -1.5648899999999999, 0.42198999999999998]
tajectories: [[-0.83736, 1.92839, 2.25, 0.54523, -2.32493, -1.56489, 0.42199], [-0.88177, 1.81679, 2.15415, 0.84443, -2.28552, -1.34861, 0.12444], [-0.92618, 1.70519, 2.0583, 1.14363, -2.2461, -1.13232, -0.17311], [-0.93838, 1.67453, 2.03197, 1.22582, -2.23528, -1.07291, -0.25486], [-1.07229, 1.812, 2.15799, 1.59033, -2.2163, -1.30374, -0.35868], [-1.10415, 1.84471, 2.18798, 1.67705, -2.21178, -1.35865, -0.38338], [-0.73167, 1.75629, 2.06992, 1.89019, -2.04135, -1.24354, -0.42557], [-0.71093, 1.75136, 2.06335, 1.90205, -2.03186, -1.23713, -0.42792], [-0.72165, 1.93602, 1.87115, 1.66288, -1.96118, -1.2825, -0.76643]]
end: [-0.72282999999999997, 1.95634, 1.8500000000000001, 1.6365700000000001, -1.9534100000000001, -1.2875000000000001, -0.80367999999999995]
obtacles: [[[0.6, -0.4, -0.2], [1.0, 0.6, -0.3]], [[0.8, -0.3, -0.2], [1.0, -0.2, 0.4]], [[0.8, 0.3, -0.2], [1.0, 0.4, 0.4]], [[0.8, -0.3, 0.4], [1.0, 0.4, 0.5]]]
start: [-0.95069000000000004, 1.8906700000000001, 1.8500000000000001, 1.10473, -1.98251, -1.4782599999999999, -0.089380000000000001]
tajectories: [[-0.95069, 1.89067, 1.85, 1.10473, -1.98251, -1.47826, -0.08938], [-1.12149, 1.79904, 1.55877, 0.82062, -1.98106, -1.31186, -0.22797], [-1.29228, 1.70741, 1.26755, 0.53651, -1.97961, -1.14545, -0.36657], [-1.46307, 1.61578, 0.97632, 0.25239, -1.97816, -0.97905, -0.50517], [-1.63386, 1.52416, 0.68509, -0.03172, -1.97671, -0.81265, -0.64376], [-1.80466, 1.43253, 0.39387, -0.31584, -1.97526, -0.64625, -0.78236], [-1.97545, 1.3409, 0.10264, -0.59995, -1.97381, -0.47985, -0.92096], [-2.02306, 1.31535, 0.02144, -0.67916, -1.97341, -0.43345, -0.9596], [-1.78887, 1.24635, -0.13828, -0.3263, -2.1101, -0.58019, -0.94744], [-1.55467, 1.17734, -0.298, 0.02657, -2.24679, -0.72693, -0.93529], [-1.32047, 1.10834, -0.45772, 0.37943, -2.38348, -0.87367, -0.92313], [-1.08627, 1.03933, -0.61745, 0.7323, -2.52017, -1.02041, -0.91098], [-0.85208, 0.97033, -0.77717, 1.08516, -2.65686, -1.16715, -0.89882], [-0.61788, 0.90133, -0.93689, 1.43803, -2.79356, -1.31389, -0.88667], [-0.38368, 0.83232, -1.09662, 1.79089, -2.93025, -1.46063, -0.87451], [-0.37662, 0.83024, -1.10143, 1.80154, -2.93437, -1.46506, -0.87414], [-0.38159, 0.9688, -0.66552, 1.68141, -2.78027, -1.46326, -0.82345], [-0.38657, 1.10737, -0.2296, 1.56128, -2.62618, -1.46147, -0.77277], [-0.39155, 1.24593, 0.20632, 1.44115, -2.47208, -1.45967, -0.72208], [-0.39653, 1.3845, 0.64224, 1.32102, -2.31798, -1.45787, -0.67139], [-0.40151, 1.52306, 1.07816, 1.2009, -2.16389, -1.45607, -0.6207], [-0.40649, 1.66163, 1.51408, 1.08077, -2.00979, -1.45428, -0.57001]]
end: [-0.41032000000000002, 1.76841, 1.8500000000000001, 0.98819999999999997, -1.8910400000000001, -1.45289, -0.53095000000000003]
obtacles: [[[0.6, -0.4, -0.2], [1.0, 0.6, -0.3]], [[0.8, -0.3, -0.2], [1.0, -0.2, 0.4]], [[0.8, 0.3, -0.2], [1.0, 0.4, 0.4]], [[0.8, -0.3, 0.4], [1.0, 0.4, 0.5]]]
start: [-0.94169999999999998, 1.86053, 1.8999999999999999, 1.1327700000000001, -1.9770700000000001, -1.41073, -0.10957]
tajectories: [[-0.9417, 1.86053, 1.9, 1.13277, -1.97707, -1.41073, -0.10957], [-1.06808, 1.57204, 2.06981, 1.39329, -1.795, -1.3481, -0.24007], [-1.11574, 1.46323, 2.13386, 1.49154, -1.72633, -1.32447, -0.28929], [-0.96511, 1.55084, 1.9603, 1.89785, -1.71902, -1.18821, -0.36552], [-0.89456, 1.59188, 1.879, 2.08816, -1.71559, -1.12439, -0.40123], [-0.76791, 1.78801, 1.89251, 1.73879, -1.8481, -1.21696, -0.6183]]
end: [-0.69764999999999999, 1.8968100000000001, 1.8999999999999999, 1.5449900000000001, -1.92161, -1.26831, -0.73870999999999998]
obtacles: [[[0.6, -0.4, -0.2], [1.0, 0.6, -0.3]], [[0.8, -0.3, -0.2], [1.0, -0.2, 0.4]], [[0.8, 0.3, -0.2], [1.0, 0.4, 0.4]], [[0.8, -0.3, 0.4], [1.0, 0.4, 0.5]]]
start: [-0.78388000000000002, 1.67289, 1.8999999999999999, 0.73560999999999999, -1.88588, -1.43008, 0.08763]
tajectories: [[-0.78388, 1.67289, 1.9, 0.73561, -1.88588, -1.43008, 0.08763], [-1.06991, 1.66214, 1.93935, 0.77128, -1.97506, -1.37319, -0.30487], [-1.35595, 1.6514, 1.9787, 0.80694, -2.06423, -1.31629, -0.69737], [-1.64198, 1.64065, 2.01804, 0.84261, -2.15341, -1.25939, -1.08988], [-1.89012, 1.63133, 2.05218, 0.87355, -2.23076, -1.21003, -1.43037], [-1.55599, 1.67118, 2.01705, 1.14522, -2.39916, -1.09544, -1.57266], [-1.22186, 1.71103, 1.98193, 1.41689, -2.56755, -0.98086, -1.71495], [-0.88773, 1.75087, 1.94681, 1.68856, -2.73594, -0.86627, -1.85724], [-0.5536, 1.79072, 1.91169, 1.96023, -2.90433, -0.75169, -1.99953], [-0.21948, 1.83057, 1.87657, 2.2319, -3.07273, -0.6371, -2.14183], [0.03668, 1.86112, 1.84964, 2.44017, -3.20182, -0.54925, -2.25091], [-0.05851, 1.87821, 1.85921, 2.19136, -2.9841, -0.72177, -1.93234], [-0.1537, 1.89531, 1.86878, 1.94255, -2.76638, -0.89428, -1.61378], [-0.24889, 1.91241, 1.87836, 1.69374, -2.54866, -1.06679, -1.29521], [-0.34408, 1.9295, 1.88793, 1.44494, -2.33094, -1.23931, -0.97664], [-0.43926, 1.9466, 1.8975, 1.19613, -2.11322, -1.41182, -0.65807]]
end: [-0.46414, 1.9510700000000001, 1.8999999999999999, 1.1311, -2.0563199999999999, -1.4569000000000001, -0.57481000000000004]
obtacles: [[[0.6, -0.4, -0.2], [1.0, 0.6, -0.3]], [[0.8, -0.3, -0.2], [1.0, -0.2, 0.4]], [[0.8, 0.3, -0.2], [1.0, 0.4, 0.4]], [[0.8, -0.3, 0.4], [1.0, 0.4, 0.5]]]
start: [-0.78608999999999996, 1.7246999999999999, 1.8999999999999999, 0.81189, -1.91107, -1.44415, 0.021610000000000001]
tajectories: [[-0.78609, 1.7247, 1.9, 0.81189, -1.91107, -1.44415, 0.02161], [-1.03127, 1.79646, 2.00811, 0.948, -1.91831, -1.30031, -0.34416], [-1.27645, 1.86822, 2.11622, 1.08411, -1.92556, -1.15648, -0.70993], [-1.32593, 1.8827, 2.13804, 1.11159, -1.92702, -1.12745, -0.78376], [-1.11137, 1.7222, 2.1139, 1.29017, -1.69692, -1.19255, -1.08132], [-0.89681, 1.56169, 2.08976, 1.46875, -1.46683, -1.25765, -1.37889], [-0.87959, 1.54881, 2.08783, 1.48308, -1.44837, -1.26287, -1.40277], [-0.89876, 1.646, 2.14609, 1.8724, -1.46414, -1.32405, -1.68776], [-0.91275, 1.7169, 2.18859, 2.15641, -1.47564, -1.36868, -1.89566], [-0.62091, 1.76703, 2.04736, 1.95167, -1.62237, -1.29263, -1.62521], [-0.32908, 1.81716, 1.90612, 1.74694, -1.76909, -1.21659, -1.35476]]
end: [-0.31642999999999999, 1.8193299999999999, 1.8999999999999999, 1.7380599999999999, -1.77545, -1.21329, -1.34304]
obtacles: [[[0.6, -0.4, -0.2], [1.0, 0.6, -0.3]], [[0.8, -0.3, -0.2], [1.0, -0.2, 0.4]], [[0.8, 0.3, -0.2], [1.0, 0.4, 0.4]], [[0.8, -0.3, 0.4], [1.0, 0.4, 0.5]]]
start: [-0.97084000000000004, 1.77576, 1.8999999999999999, 1.1454200000000001, -1.89951, -1.3650199999999999, -0.10618]
tajectories: [[-0.97084, 1.77576, 1.9, 1.14542, -1.89951, -1.36502, -0.10618], [-1.26875, 1.56262, 1.71718, 1.09807, -2.15463, -1.27197, -0.18621], [-1.56666, 1.34948, 1.53436, 1.05071, -2.40975, -1.17891, -0.26625], [-1.84417, 1.15094, 1.36406, 1.0066, -2.6474, -1.09223, -0.3408], [-1.45581, 1.01675, 1.51584, 1.13912, -2.59595, -1.25334, -0.45018], [-1.06745, 0.88255, 1.66762, 1.27164, -2.54449, -1.41445, -0.55957], [-0.72057, 0.7627, 1.80318, 1.39001, -2.49853, -1.55836, -0.65727], [-0.41314, 0.81961, 1.87156, 1.70996, -2.39604, -1.50726, -0.47813], [-0.23331, 0.8529, 1.91156, 1.8971, -2.33609, -1.47737, -0.37335], [-0.2645, 1.234, 1.83836, 1.69479, -2.21082, -1.50282, -0.57623], [-0.2957, 1.6151, 1.76516, 1.49247, -2.08555, -1.52826, -0.77912]]
end: [-0.32346000000000003, 1.95434, 1.7, 1.31237, -1.97403, -1.55091, -0.95972000000000002]
obtacles: [[[0.6, -0.4, -0.2], [1.0, 0.6, -0.3]], [[0.8, -0.3, -0.2], [1.0, -0.2, 0.4]], [[0.8, 0.3, -0.2], [1.0, 0.4, 0.4]], [[0.8, -0.3, 0.4], [1.0, 0.4, 0.5]]]
start: [-0.94611000000000001, 1.6279399999999999, 1.75, 0.84118000000000004, -1.73343, -1.47607, 0.11779000000000001]
tajectories: [[-0.94611, 1.62794, 1.75, 0.84118, -1.73343, -1.47607, 0.11779], [-1.01311, 1.54482, 2.09876, 1.04464, -1.58633, -1.33425, -0.06612], [-1.08011, 1.4617, 2.44752, 1.2481, -1.43923, -1.19244, -0.25002], [-1.11665, 1.41636, 2.63778, 1.35909, -1.35898, -1.11507, -0.35035], [-0.88603, 1.41522, 2.53935, 1.60186, -1.64538, -1.27133, -0.49781], [-0.65541, 1.41408, 2.44092, 1.84463, -1.93179, -1.42759, -0.64527], [-0.45156, 1.41308, 2.35392, 2.05922, -2.18495, -1.56571, -0.77561], [-0.41993, 1.65488, 2.0375, 1.83503, -2.08058, -1.53667, -0.94416], [-0.3883, 1.89669, 1.72107, 1.61084, -1.97621, -1.50762, -1.11271]]
end: [-0.38118999999999997, 1.9510000000000001, 1.6499999999999999, 1.5604899999999999, -1.9527699999999999, -1.5011000000000001, -1.15056]
obtacles: [[[0.6, -0.4, -0.2], [1.0, 0.6, -0.3]], [[0.8, -0.3, -0.2], [1.0, -0.2, 0.4]], [[0.8, 0.3, -0.2], [1.0, 0.4, 0.4]], [[0.8, -0.3, 0.4], [1.0, 0.4, 0.5]]]
start: [-0.95926999999999996, 1.6660200000000001, 1.7, 1.3426400000000001, -1.69339, -1.4671799999999999, -0.37084]
tajectories: [[-0.95927, 1.66602, 1.7, 1.34264, -1.69339, -1.46718, -0.37084], [-1.23776, 1.37512, 1.71465, 1.46834, -1.5838, -1.22783, -0.32082], [-1.51625, 1.08421, 1.7293, 1.59404, -1.47421, -0.98847, -0.2708], [-1.79474, 0.7933, 1.74395, 1.71973, -1.36463, -0.74912, -0.22078], [-2.07323, 0.5024, 1.75861, 1.84543, -1.25504, -0.50977, -0.17076], [-2.14751, 0.42482, 1.76251, 1.87895, -1.22581, -0.44593, -0.15742], [-1.8824, 0.58021, 1.71364, 2.16911, -1.16176, -0.64948, -0.31057], [-1.6173, 0.73561, 1.66476, 2.45927, -1.09771, -0.85302, -0.46373], [-1.35219, 0.891, 1.61588, 2.74944, -1.03365, -1.05657, -0.61688], [-1.12761, 1.02265, 1.57447, 2.99525, -0.97939, -1.22901, -0.74662], [-0.98344, 1.21747, 1.60857, 2.62092, -1.18469, -1.28515, -0.81501], [-0.83927, 1.41228, 1.64268, 2.24659, -1.38999, -1.3413, -0.88339], [-0.6951, 1.6071, 1.67678, 1.87226, -1.5953, -1.39745, -0.95177]]
end: [-0.59692999999999996, 1.73976, 1.7, 1.61737, -1.73509, -1.4356899999999999, -0.99834000000000001]
obtacles: [[[0.6, -0.4, -0.2], [1.0, 0.6, -0.3]], [[0.8, -0.3, -0.2], [1.0, -0.2, 0.4]], [[0.8, 0.3, -0.2], [1.0, 0.4, 0.4]], [[0.8, -0.3, 0.4], [1.0, 0.4, 0.5]]]
start: [-0.88943000000000005, 1.9117599999999999, 2.0, 0.94806000000000001, -2.0992999999999999, -1.44695, 0.049930000000000002]
tajectories: [[-0.88943, 1.91176, 2.0, 0.94806, -2.0993, -1.44695, 0.04993], [-1.00769, 1.87886, 2.11928, 1.10082, -2.13555, -1.45794, -0.39271], [-1.12594, 1.84596, 2.23856, 1.25359, -2.1718, -1.46892, -0.83536], [-1.2442, 1.81305, 2.35784, 1.40636, -2.20804, -1.4799, -1.278], [-1.36246, 1.78015, 2.47712, 1.55912, -2.24429, -1.49088, -1.72064], [-1.48072, 1.74724, 2.59639, 1.71189, -2.28054, -1.50187, -2.16328], [-1.50686, 1.73997, 2.62277, 1.74566, -2.28856, -1.50429, -2.26115], [-1.25446, 1.77994, 2.30623, 1.77424, -2.24708, -1.23688, -2.15891], [-1.00206, 1.81991, 1.9897, 1.80282, -2.2056, -0.96947, -2.05666], [-0.75173, 1.85956, 1.67577, 1.83116, -2.16447, -0.70426, -1.95526], [-0.55676, 1.89116, 1.73213, 1.6254, -2.12214, -0.95245, -1.63576], [-0.36179, 1.92276, 1.7885, 1.41963, -2.07981, -1.20065, -1.31626], [-0.16683, 1.95436, 1.84486, 1.21387, -2.03747, -1.44884, -0.99676]]
end: [-0.14906, 1.9572400000000001, 1.8500000000000001, 1.19512, -2.03362, -1.4714499999999999, -0.96765999999999996]
obtacles: [[[0.6, -0.4, -0.2], [1.0, 0.6, -0.3]], [[0.8, -0.3, -0.2], [1.0, -0.2, 0.4]], [[0.8, 0.3, -0.2], [1.0, 0.4, 0.4]], [[0.8, -0.3, 0.4], [1.0, 0.4, 0.5]]]
start: [-0.66373000000000004, 1.7321200000000001, 1.8999999999999999, 0.50112999999999996, -1.93591, -1.5583800000000001, 0.19175]
tajectories: [[-0.66373, 1.73212, 1.9, 0.50113, -1.93591, -1.55838, 0.19175], [-0.84986, 1.67896, 1.86323, 0.86925, -1.80195, -1.48138, 0.41933], [-1.03599, 1.6258, 1.82646, 1.23737, -1.66799, -1.40439, 0.64691], [-1.22212, 1.57263, 1.78969, 1.60549, -1.53404, -1.32739, 0.87449], [-1.40824, 1.51947, 1.75292, 1.97361, -1.40008, -1.2504, 1.10207], [-1.59437, 1.46631, 1.71614, 2.34173, -1.26612, -1.1734, 1.32965], [-1.7805, 1.41314, 1.67937, 2.70984, -1.13217, -1.09641, 1.55724], [-1.90161, 1.37855, 1.65545, 2.94937, -1.045, -1.04631, 1.70532], [-1.68948, 1.45504, 1.68978, 2.7159, -1.18039, -1.09249, 1.3546], [-1.47735, 1.53152, 1.72411, 2.48244, -1.31578, -1.13867, 1.00389], [-1.26522, 1.608, 1.75844, 2.24897, -1.45116, -1.18484, 0.65317], [-1.05308, 1.68448, 1.79277, 2.0155, -1.58655, -1.23102, 0.30245], [-0.84095, 1.76097, 1.82711, 1.78203, -1.72194, -1.2772, -0.04826], [-0.62882, 1.83745, 1.86144, 1.54856, -1.85732, -1.32338, -0.39898], [-0.41669, 1.91393, 1.89577, 1.31509, -1.99271, -1.36956, -0.74969]]
end: [-0.39055000000000001, 1.92336, 1.8999999999999999, 1.28633, -2.0093899999999998, -1.3752500000000001, -0.79290000000000005]
obtacles: [[[0.6, -0.4, -0.2], [1.0, 0.6, -0.3]], [[0.8, -0.3, -0.2], [1.0, -0.2, 0.4]], [[0.8, 0.3, -0.2], [1.0, 0.4, 0.4]], [[0.8, -0.3, 0.4], [1.0, 0.4, 0.5]]]
start: [-0.92581000000000002, 1.89916, 1.8999999999999999, 1.3189299999999999, -1.98011, -1.3530899999999999, -0.29274]
tajectories: [[-0.92581, 1.89916, 1.9, 1.31893, -1.98011, -1.35309, -0.29274], [-1.08111, 1.74658, 1.95322, 1.4852, -2.12744, -1.52968, -0.39056], [-0.87077, 1.63058, 1.8903, 1.39279, -2.31463, -1.54114, -0.72782], [-0.53666, 1.8256, 1.88435, 1.56126, -2.24317, -1.38726, -0.9355], [-0.50534, 1.84389, 1.88379, 1.57705, -2.23647, -1.37283, -0.95497]]
end: [-0.28860999999999998, 1.83301, 1.8999999999999999, 1.53067, -1.8595900000000001, -1.26444, -1.1533599999999999]
obtacles: [[[0.6, -0.4, -0.2], [1.0, 0.6, -0.3]], [[0.8, -0.3, -0.2], [1.0, -0.2, 0.4]], [[0.8, 0.3, -0.2], [1.0, 0.4, 0.4]], [[0.8, -0.3, 0.4], [1.0, 0.4, 0.5]]]
start: [-0.73812, 1.6517200000000001, 1.8999999999999999, 0.83245999999999998, -1.85612, -1.3858299999999999, -0.05425]
tajectories: [[-0.73812, 1.65172, 1.9, 0.83246, -1.85612, -1.38583, -0.05425], [-1.10503, 1.51839, 1.91837, 1.04514, -1.92097, -1.31165, 0.15146], [-1.47194, 1.38505, 1.93674, 1.25782, -1.98581, -1.23747, 0.35718], [-1.80475, 1.26411, 1.95341, 1.45074, -2.04463, -1.17018, 0.54378], [-1.46815, 1.35893, 1.86033, 1.71857, -2.04052, -1.00121, 0.40688], [-1.13155, 1.45376, 1.76726, 1.98641, -2.0364, -0.83224, 0.26997], [-0.79495, 1.54859, 1.67418, 2.25424, -2.03229, -0.66328, 0.13307], [-0.45835, 1.64341, 1.58111, 2.52208, -2.02817, -0.49431, -0.00383], [-0.44639, 1.64678, 1.5778, 2.53159, -2.02803, -0.48831, -0.0087], [-0.57346, 1.57126, 1.4785, 2.52274, -2.32053, -0.5511, -0.36746], [-0.70053, 1.49575, 1.37919, 2.51388, -2.61303, -0.61389, -0.72623], [-0.8276, 1.42023, 1.27989, 2.50502, -2.90552, -0.67668, -1.08499], [-0.88307, 1.38726, 1.23654, 2.50115, -3.03322, -0.7041, -1.24162], [-0.71982, 1.51617, 1.37181, 2.18391, -2.81733, -0.88824, -1.15633], [-0.55657, 1.64509, 1.50708, 1.86667, -2.60145, -1.07238, -1.07104], [-0.39331, 1.774, 1.64236, 1.54942, -2.38556, -1.25652, -0.98575], [-0.23006, 1.90291, 1.77763, 1.23218, -2.16967, -1.44066, -0.90046]]
end: [-0.14272000000000001, 1.9718800000000001, 1.8500000000000001, 1.06246, -2.0541800000000001, -1.53918, -0.85482999999999998]
obtacles: [[[0.6, -0.4, -0.2], [1.0, 0.6, -0.3]], [[0.8, -0.3, -0.2], [1.0, -0.2, 0.4]], [[0.8, 0.3, -0.2], [1.0, 0.4, 0.4]], [[0.8, -0.3, 0.4], [1.0, 0.4, 0.5]]]
start: [-0.97858000000000001, 1.57924, 1.8500000000000001, 1.0430600000000001, -1.7216, -1.33477, -0.04539]
tajectories: [[-0.97858, 1.57924, 1.85, 1.04306, -1.7216, -1.33477, -0.04539], [-0.88524, 1.63953, 2.02717, 1.05913, -1.28955, -1.19618, -0.05666], [-0.79191, 1.69983, 2.20435, 1.07519, -0.85749, -1.05759, -0.06792], [-0.7173, 1.74804, 2.34599, 1.08804, -0.5121, -0.94679, -0.07693], [-0.95975, 1.68661, 2.48062, 1.40075, -0.51678, -0.79594, -0.29772], [-1.17538, 1.63197, 2.60036, 1.67885, -0.52094, -0.66178, -0.49408], [-1.02801, 1.66263, 2.38802, 1.83691, -0.7858, -0.92844, -0.62062], [-0.88065, 1.69329, 2.17568, 1.99498, -1.05067, -1.19509, -0.74716], [-0.75856, 1.71869, 1.99976, 2.12594, -1.27011, -1.41602, -0.852], [-0.5103, 1.78502, 1.93556, 1.84121, -1.54489, -1.38329, -1.001], [-0.26204, 1.85135, 1.87136, 1.55648, -1.81966, -1.35056, -1.15001]]
end: [-0.17945, 1.8734200000000001, 1.8500000000000001, 1.4617599999999999, -1.9110799999999999, -1.3396699999999999, -1.1995899999999999]
obtacles: [[[0.6, -0.4, -0.2], [1.0, 0.6, -0.3]], [[0.8, -0.3, -0.2], [1.0, -0.2, 0.4]], [[0.8, 0.3, -0.2], [1.0, 0.4, 0.4]], [[0.8, -0.3, 0.4], [1.0, 0.4, 0.5]]]
start: [-0.79384999999999994, 1.5707100000000001, 1.8500000000000001, 0.88646999999999998, -1.7500100000000001, -1.35554, -0.073209999999999997]
tajectories: [[-0.79385, 1.57071, 1.85, 0.88647, -1.75001, -1.35554, -0.07321], [-1.06165, 1.57278, 1.75798, 1.18992, -1.76953, -1.14786, 0.11178], [-1.32944, 1.57485, 1.66595, 1.49337, -1.78905, -0.94017, 0.29677], [-1.59723, 1.57692, 1.57393, 1.79681, -1.80857, -0.73249, 0.48176], [-1.86502, 1.57899, 1.48191, 2.10026, -1.82809, -0.52481, 0.66675], [-2.13281, 1.58106, 1.38989, 2.40371, -1.84761, -0.31712, 0.85174], [-2.21489, 1.5817, 1.36168, 2.49672, -1.85359, -0.25347, 0.90844], [-1.95255, 1.59986, 1.63404, 2.50526, -1.97009, -0.10301, 0.64313], [-1.69022, 1.61802, 1.90639, 2.5138, -2.0866, 0.04745, 0.37782], [-1.42789, 1.63618, 2.17875, 2.52235, -2.20311, 0.19792, 0.11251], [-1.16556, 1.65434, 2.4511, 2.53089, -2.31961, 0.34838, -0.1528], [-1.05784, 1.66179, 2.56293, 2.5344, -2.36745, 0.41016, -0.26174], [-0.94776, 1.70345, 2.41957, 2.27499, -2.28286, 0.04318, -0.34223], [-0.83768, 1.74511, 2.27622, 2.01559, -2.19827, -0.32379, -0.42272], [-0.7276, 1.78677, 2.13286, 1.75618, -2.11368, -0.69077, -0.50321], [-0.61752, 1.82843, 1.9895, 1.49678, -2.02909, -1.05774, -0.58369]]
end: [-0.51039999999999996, 1.86896, 1.8500000000000001, 1.24434, -1.94678, -1.4148499999999999, -0.66202000000000005]
obtacles: [[[0.6, -0.4, -0.2], [1.0, 0.6, -0.3]], [[0.8, -0.3, -0.2], [1.0, -0.2, 0.4]], [[0.8, 0.3, -0.2], [1.0, 0.4, 0.4]], [[0.8, -0.3, 0.4], [1.0, 0.4, 0.5]]]
start: [-0.94267999999999996, 1.7085900000000001, 1.8500000000000001, 1.0536099999999999, -1.8318399999999999, -1.4006099999999999, -0.069139999999999993]
tajectories: [[-0.94268, 1.70859, 1.85, 1.05361, -1.83184, -1.40061, -0.06914], [-1.15477, 1.79612, 1.78906, 1.24484, -2.07049, -1.34561, -0.38074], [-1.36686, 1.88365, 1.72812, 1.43607, -2.30914, -1.2906, -0.69233], [-1.51283, 1.94389, 1.68618, 1.56768, -2.47338, -1.25274, -0.90678], [-1.42985, 1.88487, 1.42701, 1.9291, -2.40944, -1.32707, -1.0863], [-1.34688, 1.82585, 1.16784, 2.29051, -2.34551, -1.40139, -1.26582], [-1.26762, 1.76946, 0.92025, 2.63579, -2.28443, -1.4724, -1.43732], [-1.00073, 1.82416, 1.14315, 2.30559, -2.19519, -1.47635, -1.34202], [-0.73384, 1.87885, 1.36605, 1.97539, -2.10596, -1.4803, -1.24671], [-0.46695, 1.93355, 1.58895, 1.64519, -2.01672, -1.48426, -1.15141]]
end: [-0.33398, 1.9608000000000001, 1.7, 1.4806699999999999, -1.9722599999999999, -1.4862299999999999, -1.10392]
obtacles: [[[0.6, -0.4, -0.2], [1.0, 0.6, -0.3]], [[0.8, -0.3, -0.2], [1.0, -0.2, 0.4]], [[0.8, 0.3, -0.2], [1.0, 0.4, 0.4]], [[0.8, -0.3, 0.4], [1.0, 0.4, 0.5]]]
start: [-0.86860999999999999, 1.5198400000000001, 1.7, 1.1579600000000001, -1.57582, -1.43205, -0.29228999999999999]
tajectories: [[-0.86861, 1.51984, 1.7, 1.15796, -1.57582, -1.43205, -0.29229], [-1.05412, 1.1571, 1.56838, 1.09123, -1.60071, -1.40358, -0.53886], [-1.23963, 0.79435, 1.43676, 1.0245, -1.6256, -1.37512, -0.78543], [-1.42514, 0.4316, 1.30514, 0.95777, -1.65048, -1.34665, -1.03199], [-1.61065, 0.06886, 1.17351, 0.89103, -1.67537, -1.31819, -1.27856], [-1.79616, -0.29389, 1.04189, 0.8243, -1.70026, -1.28972, -1.52512], [-1.98167, -0.65664, 0.91027, 0.75757, -1.72515, -1.26125, -1.77169], [-2.09431, -0.8769, 0.83035, 0.71705, -1.74026, -1.24397, -1.9214], [-1.88811, -0.7681, 0.61761, 1.10133, -1.78872, -1.2587, -1.90919], [-1.68192, -0.65929, 0.40487, 1.48561, -1.83717, -1.27344, -1.89697], [-1.47572, -0.55049, 0.19213, 1.8699, -1.88562, -1.28817, -1.88476], [-1.26952, -0.44169, -0.02061, 2.25418, -1.93408, -1.3029, -1.87254], [-1.06332, -0.33289, -0.23335, 2.63846, -1.98253, -1.31763, -1.86033], [-0.9191, -0.25679, -0.38214, 2.90724, -2.01642, -1.32794, -1.85178], [-0.88345, 0.02993, -0.07667, 2.69428, -1.97181, -1.34704, -1.6921], [-0.84779, 0.31664, 0.2288, 2.48131, -1.92721, -1.36613, -1.53241], [-0.81214, 0.60336, 0.53428, 2.26834, -1.8826, -1.38523, -1.37273], [-0.77649, 0.89008, 0.83975, 2.05538, -1.83799, -1.40433, -1.21304], [-0.74083, 1.17679, 1.14523, 1.84241, -1.79339, -1.42343, -1.05336], [-0.70518, 1.46351, 1.4507, 1.62944, -1.74878, -1.44253, -0.89367]]
end: [-0.67608000000000001, 1.6975, 1.7, 1.45564, -1.71238, -1.45811, -0.76334999999999997]
obtacles: [[[0.6, -0.4, -0.2], [1.0, 0.6, -0.3]], [[0.8, -0.3, -0.2], [1.0, -0.2, 0.4]], [[0.8, 0.3, -0.2], [1.0, 0.4, 0.4]], [[0.8, -0.3, 0.4], [1.0, 0.4, 0.5]]]
start: [-0.99831999999999999, 1.60562, 1.7, 1.35361, -1.6330199999999999, -1.45228, -0.34933999999999998]
tajectories: [[-0.99832, 1.60562, 1.7, 1.35361, -1.63302, -1.45228, -0.34934], [-1.09536, 1.55523, 1.43708, 1.37192, -1.30779, -1.23254, -0.46987], [-1.1924, 1.50483, 1.17417, 1.39024, -0.98256, -1.01281, -0.5904], [-1.28943, 1.45444, 0.91125, 1.40855, -0.65734, -0.79307, -0.71094], [-1.38647, 1.40405, 0.64834, 1.42687, -0.33211, -0.57334, -0.83147], [-1.48351, 1.35366, 0.38542, 1.44519, -0.00688, -0.3536, -0.952], [-1.58055, 1.30326, 0.12251, 1.4635, 0.31834, -0.13387, -1.07254], [-1.64717, 1.26867, -0.058, 1.47608, 0.54164, 0.017, -1.15529], [-1.56097, 1.24978, -0.05198, 1.76198, 0.29233, -0.20428, -0.93321], [-1.47477, 1.23089, -0.04596, 2.04788, 0.04303, -0.42556, -0.71113], [-1.38857, 1.212, -0.03994, 2.33378, -0.20628, -0.64684, -0.48905], [-1.30237, 1.19312, -0.03392, 2.61968, -0.45558, -0.86812, -0.26697], [-1.21617, 1.17423, -0.0279, 2.90558, -0.70489, -1.0894, -0.04489], [-1.16107, 1.16216, -0.02405, 3.08831, -0.86423, -1.23083, 0.09705], [-1.05344, 1.28482, 0.27499, 2.84003, -1.03702, -1.26403, -0.10628], [-0.94581, 1.40748, 0.57403, 2.59175, -1.20981, -1.29724, -0.30961], [-0.83818, 1.53014, 0.87306, 2.34348, -1.3826, -1.33044, -0.51294], [-0.73054, 1.65281, 1.1721, 2.0952, -1.5554, -1.36365, -0.71627], [-0.62291, 1.77547, 1.47114, 1.84692, -1.72819, -1.39685, -0.9196]]
end: [-0.54054000000000002, 1.8693500000000001, 1.7, 1.6569100000000001, -1.86043, -1.4222600000000001, -1.07521]
obtacles: [[[0.6, -0.4, -0.2], [1.0, 0.6, -0.3]], [[0.8, -0.3, -0.2], [1.0, -0.2, 0.4]], [[0.8, 0.3, -0.2], [1.0, 0.4, 0.4]], [[0.8, -0.3, 0.4], [1.0, 0.4, 0.5]]]
start: [-0.74936000000000003, 1.5412300000000001, 1.7, 0.84062999999999999, -1.6351500000000001, -1.45486, -0.089440000000000006]
tajectories: [[-0.74936, 1.54123, 1.7, 0.84063, -1.63515, -1.45486, -0.08944], [-0.97385, 1.19025, 1.88004, 0.8986, -1.82367, -1.387, -0.06711], [-1.19835, 0.83928, 2.06009, 0.95656, -2.01218, -1.31913, -0.04477], [-1.42284, 0.4883, 2.24013, 1.01452, -2.2007, -1.25127, -0.02244], [-1.51911, 0.33778, 2.31734, 1.03938, -2.28155, -1.22217, -0.01286], [-1.74878, 0.5916, 2.18793, 1.24731, -2.35814, -1.25689, -0.26933], [-1.97845, 0.84541, 2.05852, 1.45523, -2.43474, -1.29162, -0.5258], [-2.20811, 1.09923, 1.92911, 1.66316, -2.51133, -1.32635, -0.78227], [-2.29886, 1.19952, 1.87798, 1.74531, -2.54159, -1.34007, -0.88361], [-2.09538, 1.45031, 1.90542, 1.80943, -2.43812, -1.34587, -1.2443], [-1.8919, 1.7011, 1.93285, 1.87354, -2.33464, -1.35168, -1.60499], [-1.81104, 1.80076, 1.94376, 1.89902, -2.29352, -1.35399, -1.74832], [-1.36592, 1.80885, 1.86714, 1.84764, -2.14001, -1.37021, -1.60882], [-0.92079, 1.81695, 1.79052, 1.79627, -1.98651, -1.38643, -1.46932], [-0.47566, 1.82505, 1.7139, 1.74489, -1.83301, -1.40265, -1.32983]]
end: [-0.39491999999999999, 1.8265100000000001, 1.7, 1.7355700000000001, -1.8051699999999999, -1.4055899999999999, -1.3045199999999999]
obtacles: [[[0.6, -0.4, -0.2], [1.0, 0.6, -0.3]], [[0.8, -0.3, -0.2], [1.0, -0.2, 0.4]], [[0.8, 0.3, -0.2], [1.0, 0.4, 0.4]], [[0.8, -0.3, 0.4], [1.0, 0.4, 0.5]]]
start: [-0.98465999999999998, 1.8710199999999999, 1.8500000000000001, 1.2458, -1.9484900000000001, -1.4151199999999999, -0.18883]
tajectories: [[-0.98466, 1.87102, 1.85, 1.2458, -1.94849, -1.41512, -0.18883], [-0.96724, 1.81826, 2.10896, 1.23855, -2.05636, -1.56513, -0.42188], [-0.95355, 1.9264, 2.12362, 1.59667, -2.2158, -1.47413, -0.69747], [-0.95351, 1.92671, 2.12366, 1.5977, -2.21626, -1.47387, -0.69827], [-0.64427, 1.83601, 1.88832, 1.7239, -2.03858, -1.47932, -0.7859], [-0.54328, 1.73069, 1.63208, 1.66115, -2.06154, -1.33612, -0.9177]]
end: [-0.53415000000000001, 1.9652000000000001, 1.6000000000000001, 1.6178900000000001, -1.9637800000000001, -1.52576, -1.06894]
