obtacles: [[[0.6, -0.4, -0.2], [1.0, 0.6, -0.3]], [[0.8, -0.3, -0.2], [1.1, -0.2, 0.4]], [[0.8, 0.2, -0.2], [1.1, 0.3, 0.4]], [[0.8, -0.3, 0.4], [1.1, 0.3, 0.5]]]
start: [-0.58443000000000001, 1.77051, -0.5, -0.36519000000000001, 0.49318000000000001, -1.44862, 0.41105999999999998]
tajectories: [[-0.58443, 1.77051, -0.5, -0.36519, 0.49318, -1.44862, 0.41106], [-0.67141, 1.66877, -0.29776, 0.02024, 0.53343, -1.40163, 0.21408], [-0.75839, 1.56703, -0.09551, 0.40567, 0.57368, -1.35464, 0.01711], [-0.84537, 1.46529, 0.10673, 0.7911, 0.61394, -1.30765, -0.17986], [-0.93235, 1.36356, 0.30897, 1.17652, 0.65419, -1.26066, -0.37684], [-1.01933, 1.26182, 0.51122, 1.56195, 0.69445, -1.21367, -0.57381], [-1.10631, 1.16008, 0.71346, 1.94738, 0.7347, -1.16668, -0.77079], [-1.19329, 1.05835, 0.9157, 2.33281, 0.77495, -1.11968, -0.96776], [-1.24573, 0.99701, 1.03763, 2.56517, 0.79922, -1.09135, -1.08651], [-0.86667, 0.97343, 0.84259, 2.4965, 0.81117, -0.85477, -1.00352], [-0.48762, 0.94985, 0.64755, 2.42783, 0.82312, -0.61819, -0.92053], [-0.10856, 0.92627, 0.4525, 2.35916, 0.83508, -0.38161, -0.83754], [0.2705, 0.90268, 0.25746, 2.29049, 0.84703, -0.14502, -0.75454], [0.64955, 0.8791, 0.06242, 2.22182, 0.85898, 0.09156, -0.67155], [1.02861, 0.85552, -0.13263, 2.15315, 0.87093, 0.32814, -0.58856], [1.15903, 0.84741, -0.19973, 2.12953, 0.87504, 0.40954, -0.56], [1.07664, 0.99864, -0.37559, 2.11573, 0.44254, 0.44875, -0.58513], [0.99424, 1.14987, -0.55145, 2.10193, 0.01004, 0.48797, -0.61025], [0.91184, 1.3011, -0.72731, 2.08812, -0.42246, 0.52718, -0.63537], [0.82944, 1.45233, -0.90316, 2.07432, -0.85496, 0.56639, -0.66049], [0.74705, 1.60357, -1.07902, 2.06052, -1.28745, 0.6056, -0.68561], [0.66465, 1.7548, -1.25488, 2.04672, -1.71995, 0.64482, -0.71073], [0.58225, 1.90603, -1.43073, 2.03292, -2.15245, 0.68403, -0.73585], [0.56376, 1.93997, -1.4702, 2.02982, -2.24953, 0.69283, -0.74149], [0.50884, 1.9377, -1.56293, 1.807, -2.03439, 0.844, -1.08731], [0.45392, 1.93542, -1.65566, 1.58417, -1.81926, 0.99518, -1.43313], [0.39901, 1.93314, -1.74839, 1.36134, -1.60413, 1.14635, -1.77895], [0.34409, 1.93087, -1.84112, 1.13851, -1.389, 1.29753, -2.12477], [0.28917, 1.92859, -1.93385, 0.91569, -1.17387, 1.4487, -2.4706]]
end: [0.24998999999999999, 1.9269700000000001, -2.0, 0.75671999999999995, -1.0204, 1.5565500000000001, -2.7173099999999999]
obtacles: [[[0.6, -0.4, -0.2], [1.0, 0.6, -0.3]], [[0.8, -0.3, -0.2], [1.1, -0.2, 0.4]], [[0.8, 0.2, -0.2], [1.1, 0.3, 0.4]], [[0.8, -0.3, 0.4], [1.1, 0.3, 0.5]]]
start: [-0.16514000000000001, 1.8653200000000001, -2.0, 0.94540000000000002, -1.07691, 1.4172800000000001, -2.1344599999999998]
tajectories: [[-0.16514, 1.86532, -2.0, 0.9454, -1.07691, 1.41728, -2.13446], [-0.1579, 1.71511, -1.75896, 1.28452, -1.08492, 1.19316, -2.0713], [-0.15066, 1.5649, -1.51792, 1.62364, -1.09293, 0.96905, -2.00813], [-0.14342, 1.41469, -1.27688, 1.96277, -1.10094, 0.74493, -1.94497], [-0.13619, 1.26448, -1.03584, 2.30189, -1.10895, 0.52082, -1.8818], [-0.13279, 1.19408, -0.92288, 2.46081, -1.1127, 0.41579, -1.8522], [0.2427, 1.24057, -1.11731, 2.56307, -1.32009, 0.52507, -1.91246], [0.6182, 1.28706, -1.31174, 2.66533, -1.52747, 0.63435, -1.97273], [0.99369, 1.33354, -1.50617, 2.7676, -1.73486, 0.74364, -2.03299], [1.34477, 1.377, -1.68795, 2.86321, -1.92876, 0.84581, -2.08934], [1.13282, 1.48858, -1.75672, 2.49292, -1.74734, 0.94982, -2.17334], [0.92087, 1.60016, -1.82549, 2.12263, -1.56592, 1.05383, -2.25734], [0.70893, 1.71174, -1.89427, 1.75235, -1.3845, 1.15783, -2.34135], [0.49698, 1.82332, -1.96304, 1.38206, -1.20308, 1.26184, -2.42535]]
end: [0.38307999999999998, 1.8832800000000001, -2.0, 1.1830700000000001, -1.1055900000000001, 1.3177399999999999, -2.4704999999999999]
obtacles: [[[0.6, -0.4, -0.2], [1.0, 0.6, -0.3]], [[0.8, -0.3, -0.2], [1.1, -0.2, 0.4]], [[0.8, 0.2, -0.2], [1.1, 0.3, 0.4]], [[0.8, -0.3, 0.4], [1.1, 0.3, 0.5]]]
start: [-0.36562, 1.90398, -2.0499999999999998, 0.67398999999999998, -0.99485000000000001, 1.5544, -2.1889500000000002]
tajectories: [[-0.36562, 1.90398, -2.05, 0.67399, -0.99485, 1.5544, -2.18895], [-0.40322, 1.9151, -2.12199, 1.00243, -1.26121, 1.30277, -2.15519], [-0.44082, 1.92622, -2.19399, 1.33088, -1.52758, 1.05115, -2.12143], [-0.47842, 1.93734, -2.26598, 1.65932, -1.79394, 0.79953, -2.08767], [-0.51603, 1.94846, -2.33798, 1.98777, -2.06031, 0.54791, -2.05391], [-0.55363, 1.95958, -2.40997, 2.31621, -2.32667, 0.29629, -2.02015], [-0.57082, 1.96466, -2.44288, 2.46634, -2.44843, 0.18127, -2.00472], [-0.18822, 1.86438, -2.47912, 2.68533, -2.49078, 0.37218, -1.92694], [0.19438, 1.76409, -2.51535, 2.90432, -2.53314, 0.5631, -1.84915], [0.50489, 1.68271, -2.54476, 3.08204, -2.56751, 0.71804, -1.78602], [0.47877, 1.74223, -2.44008, 2.73904, -2.25489, 0.8157, -1.88556], [0.45266, 1.80176, -2.3354, 2.39605, -1.94228, 0.91336, -1.9851], [0.42655, 1.86128, -2.23073, 2.05306, -1.62966, 1.01102, -2.08464], [0.40044, 1.92081, -2.12605, 1.71007, -1.31705, 1.10867, -2.18418]]
end: [0.38146999999999998, 1.9640500000000001, -2.0499999999999998, 1.46088, -1.0899399999999999, 1.1796199999999999, -2.2565]
obtacles: [[[0.6, -0.4, -0.2], [1.0, 0.6, -0.3]], [[0.8, -0.3, -0.2], [1.1, -0.2, 0.4]], [[0.8, 0.2, -0.2], [1.1, 0.3, 0.4]], [[0.8, -0.3, 0.4], [1.1, 0.3, 0.5]]]
start: [-0.37241999999999997, 1.6045700000000001, -2.0499999999999998, 0.66559999999999997, -1.1628400000000001, 1.3098399999999999, -2.1661000000000001]
tajectories: [[-0.37242, 1.60457, -2.05, 0.6656, -1.16284, 1.30984, -2.1661], [-0.21642, 1.26056, -2.02929, 0.69517, -0.84177, 1.27467, -2.20726], [-0.06043, 0.91655, -2.00857, 0.72475, -0.5207, 1.23951, -2.24842], [0.09557, 0.57254, -1.98786, 0.75432, -0.19963, 1.20434, -2.28958], [0.25157, 0.22852, -1.96715, 0.7839, 0.12144, 1.16917, -2.33074], [0.40756, -0.11549, -1.94643, 0.81347, 0.44251, 1.134, -2.3719], [0.56356, -0.4595, -1.92572, 0.84305, 0.76358, 1.09883, -2.41306], [0.63235, -0.61121, -1.91659, 0.85609, 0.90517, 1.08332, -2.43121], [0.72076, -0.22878, -1.81406, 1.08014, 0.76269, 1.13908, -2.32254], [0.80917, 0.15366, -1.71154, 1.30419, 0.62021, 1.19484, -2.21387], [0.89758, 0.5361, -1.60902, 1.52824, 0.47774, 1.2506, -2.1052], [0.98599, 0.91853, -1.50649, 1.75229, 0.33526, 1.30636, -1.99653], [1.07439, 1.30097, -1.40397, 1.97634, 0.19279, 1.36212, -1.88786], [1.1628, 1.6834, -1.30145, 2.20039, 0.05031, 1.41788, -1.77919], [1.21449, 1.907, -1.2415, 2.33139, -0.03299, 1.45048, -1.71565], [1.0276, 1.89281, -1.41541, 2.02758, -0.25342, 1.43495, -1.92421], [0.8407, 1.87862, -1.58933, 1.72378, -0.47385, 1.41942, -2.13277], [0.6538, 1.86443, -1.76324, 1.41998, -0.69428, 1.40389, -2.34133], [0.46691, 1.85024, -1.93715, 1.11618, -0.91471, 1.38836, -2.54989]]
end: [0.34562999999999999, 1.8410299999999999, -2.0499999999999998, 0.91903999999999997, -1.05775, 1.3782799999999999, -2.6852299999999998]
obtacles: [[[0.6, -0.4, -0.2], [1.0, 0.6, -0.3]], [[0.8, -0.3, -0.2], [1.1, -0.2, 0.4]], [[0.8, 0.2, -0.2], [1.1, 0.3, 0.4]], [[0.8, -0.3, 0.4], [1.1, 0.3, 0.5]]]
start: [2.3828800000000001, -1.9619599999999999, -1.1499999999999999, 0.81189999999999996, -2.1371199999999999, -1.55914, 0.034770000000000002]
tajectories: [[2.38288, -1.96196, -1.15, 0.8119, -2.13712, -1.55914, 0.03477], [2.19389, -1.5494, -1.18294, 0.9585, -2.24401, -1.46104, 0.01339], [2.00491, -1.13684, -1.21589, 1.10509, -2.3509, -1.36294, -0.008], [1.81593, -0.72429, -1.24883, 1.25169, -2.45779, -1.26483, -0.02938], [1.62695, -0.31173, -1.28178, 1.39828, -2.56468, -1.16673, -0.05076], [1.43796, 0.10083, -1.31472, 1.54488, -2.67157, -1.06863, -0.07215], [1.24898, 0.51339, -1.34767, 1.69148, -2.77846, -0.97053, -0.09353], [1.11972, 0.79558, -1.3702, 1.79175, -2.85157, -0.90342, -0.10816], [0.99093, 1.03611, -1.42964, 1.71937, -3.16954, -1.03843, 0.1097], [0.86214, 1.27663, -1.48908, 1.64698, -3.4875, -1.17344, 0.32756], [0.73335, 1.51716, -1.54851, 1.5746, -3.80546, -1.30844, 0.54542], [0.60456, 1.75769, -1.60795, 1.50222, -4.12342, -1.44345, 0.76328]]
end: [0.51344999999999996, 1.9278500000000001, -1.6499999999999999, 1.4510099999999999, -4.3483599999999996, -1.5389600000000001, 0.91739999999999999]
obtacles: [[[0.6, -0.4, -0.2], [1.0, 0.6, -0.3]], [[0.8, -0.3, -0.2], [1.1, -0.2, 0.4]], [[0.8, 0.2, -0.2], [1.1, 0.3, 0.4]], [[0.8, -0.3, 0.4], [1.1, 0.3, 0.5]]]
start: [-0.21027000000000001, 1.5819799999999999, -1.6499999999999999, 0.80898000000000003, -4.6495699999999998, -1.52125, 1.01725]
tajectories: [[-0.21027, 1.58198, -1.65, 0.80898, -4.64957, -1.52125, 1.01725], [-0.18008, 1.4206, -1.5617, 1.02821, -4.40812, -1.20623, 1.1155], [-0.14988, 1.25921, -1.4734, 1.24743, -4.16668, -0.8912, 1.21375], [-0.11968, 1.09783, -1.3851, 1.46665, -3.92523, -0.57618, 1.312], [-0.08949, 0.93645, -1.2968, 1.68588, -3.68378, -0.26116, 1.41024], [-0.07197, 0.84282, -1.24558, 1.81306, -3.54371, -0.0784, 1.46724], [0.19108, 1.0033, -1.13115, 2.02274, -3.72005, -0.33689, 1.47591], [0.45414, 1.16377, -1.01673, 2.23242, -3.89639, -0.59539, 1.48458], [0.71719, 1.32425, -0.90231, 2.44211, -4.07274, -0.85388, 1.49325], [0.77165, 1.35748, -0.87862, 2.48552, -4.10925, -0.9074, 1.49505], [0.70936, 1.50294, -1.09171, 2.16197, -4.15413, -1.06866, 1.27861], [0.64706, 1.6484, -1.3048, 1.83841, -4.19902, -1.22992, 1.06217], [0.58476, 1.79386, -1.5179, 1.51485, -4.2439, -1.39117, 0.84573], [0.52246, 1.93932, -1.73099, 1.1913, -4.28879, -1.55243, 0.6293]]
end: [0.51690999999999998, 1.9522900000000001, -1.75, 1.1624300000000001, -4.2927900000000001, -1.5668200000000001, 0.60999000000000003]
obtacles: [[[0.6, -0.4, -0.2], [1.0, 0.6, -0.3]], [[0.8, -0.3, -0.2], [1.1, -0.2, 0.4]], [[0.8, 0.2, -0.2], [1.1, 0.3, 0.4]], [[0.8, -0.3, 0.4], [1.1, 0.3, 0.5]]]
start: [-0.27193000000000001, 1.7335, -2.2999999999999998, 0.91807000000000005, -4.0899900000000002, -1.1330100000000001, 0.98490999999999995]
tajectories: [[-0.27193, 1.7335, -2.3, 0.91807, -4.08999, -1.13301, 0.98491], [-0.15709, 1.49826, -1.99982, 1.13175, -3.96023, -0.98023, 1.05928], [-0.04226, 1.26303, -1.69964, 1.34544, -3.83047, -0.82745, 1.13365], [0.07257, 1.02779, -1.39946, 1.55912, -3.70072, -0.67468, 1.20801], [0.18741, 0.79256, -1.09928, 1.77281, -3.57096, -0.5219, 1.28238], [0.30224, 0.55733, -0.7991, 1.9865, -3.44121, -0.36912, 1.35675], [0.41707, 0.32209, -0.49891, 2.20018, -3.31145, -0.21634, 1.43111], [0.5319, 0.08686, -0.19873, 2.41387, -3.1817, -0.06357, 1.50548], [0.64674, -0.14838, 0.10145, 2.62755, -3.05194, 0.08921, 1.57985], [0.64958, -0.15419, 0.10886, 2.63283, -3.04873, 0.09299, 1.58169], [0.77336, 0.11808, -0.22512, 2.68716, -3.10671, 0.23477, 1.43141], [0.89715, 0.39036, -0.5591, 2.7415, -3.16469, 0.37655, 1.28113], [1.02094, 0.66263, -0.89309, 2.79583, -3.22267, 0.51833, 1.13086], [1.14473, 0.9349, -1.22707, 2.85016, -3.28065, 0.66011, 0.98058], [1.26852, 1.20717, -1.56106, 2.90449, -3.33863, 0.8019, 0.8303], [1.39231, 1.47944, -1.89504, 2.95882, -3.39661, 0.94368, 0.68003], [1.5161, 1.75172, -2.22903, 3.01315, -3.45459, 1.08546, 0.52975], [1.52807, 1.77804, -2.26131, 3.0184, -3.46019, 1.09916, 0.51522], [1.35142, 1.80427, -2.20247, 2.76212, -3.573, 0.73321, 0.56336], [1.17477, 1.8305, -2.14363, 2.50585, -3.68581, 0.36725, 0.61149], [0.99812, 1.85674, -2.08479, 2.24957, -3.79862, 0.0013, 0.65962], [0.82147, 1.88297, -2.02596, 1.99329, -3.91143, -0.36466, 0.70776], [0.64483, 1.9092, -1.96712, 1.73701, -4.02424, -0.73062, 0.75589], [0.46818, 1.93544, -1.90828, 1.48073, -4.13705, -1.09657, 0.80402]]
end: [0.29321999999999998, 1.9614199999999999, -1.8500000000000001, 1.2269000000000001, -4.24878, -1.45903, 0.85168999999999995]
obtacles: [[[0.6, -0.4, -0.2], [1.0, 0.6, -0.3]], [[0.8, -0.3, -0.2], [1.1, -0.2, 0.4]], [[0.8, 0.2, -0.2], [1.1, 0.3, 0.4]], [[0.8, -0.3, 0.4], [1.1, 0.3, 0.5]]]
start: [2.3651800000000001, -1.70452, -0.94999999999999996, 0.66884999999999994, -2.15666, -1.31514, 0.22800000000000001]
tajectories: [[2.36518, -1.70452, -0.95, 0.66885, -2.15666, -1.31514, 0.228], [2.26612, -1.53286, -1.08935, 0.89791, -1.89866, -1.31834, -0.04082], [2.16705, -1.36121, -1.2287, 1.12696, -1.64067, -1.32154, -0.30965], [2.06799, -1.18956, -1.36804, 1.35601, -1.38267, -1.32474, -0.57847], [1.96892, -1.01791, -1.50739, 1.58506, -1.12467, -1.32794, -0.8473], [1.86986, -0.84625, -1.64674, 1.81412, -0.86668, -1.33113, -1.11612], [1.7708, -0.6746, -1.78609, 2.04317, -0.60868, -1.33433, -1.38494], [1.77016, -0.67351, -1.78697, 2.04463, -0.60703, -1.33435, -1.38666], [1.82644, -0.69706, -1.62902, 2.2394, -1.00317, -1.20112, -1.29327], [1.88272, -0.72061, -1.47107, 2.43417, -1.3993, -1.06788, -1.19989], [1.93899, -0.74416, -1.31312, 2.62894, -1.79544, -0.93465, -1.10651], [1.99527, -0.76771, -1.15517, 2.82371, -2.19157, -0.80141, -1.01312], [1.99862, -0.76912, -1.14575, 2.83532, -2.21519, -0.79347, -1.00756], [2.14192, -1.05171, -1.21731, 2.50219, -2.16094, -0.96433, -0.97052], [2.28522, -1.3343, -1.28887, 2.16906, -2.10669, -1.13519, -0.93348], [2.42852, -1.61689, -1.36044, 1.83593, -2.05244, -1.30606, -0.89644], [2.57182, -1.89949, -1.432, 1.5028, -1.99819, -1.47692, -0.8594]]
end: [2.6078700000000001, -1.97058, -1.45, 1.41899, -1.98455, -1.5199100000000001, -0.85007999999999995]
obtacles: [[[0.6, -0.4, -0.2], [1.0, 0.6, -0.3]], [[0.8, -0.3, -0.2], [1.1, -0.2, 0.4]], [[0.8, 0.2, -0.2], [1.1, 0.3, 0.4]], [[0.8, -0.3, 0.4], [1.1, 0.3, 0.5]]]
start: [2.3507500000000001, -1.52708, -1.45, 0.66415999999999997, -1.6391199999999999, -1.46197, 0.12776000000000001]
tajectories: [[2.35075, -1.52708, -1.45, 0.66416, -1.63912, -1.46197, 0.12776], [2.13197, -1.27949, -1.50371, 0.82901, -1.79791, -1.3425, -0.13923], [1.91318, -1.0319, -1.55742, 0.99386, -1.9567, -1.22304, -0.40622], [1.69439, -0.78431, -1.61113, 1.15871, -2.11549, -1.10357, -0.67322], [1.47561, -0.53672, -1.66484, 1.32355, -2.27428, -0.98411, -0.94021], [1.25682, -0.28912, -1.71855, 1.4884, -2.43307, -0.86465, -1.2072], [1.03803, -0.04153, -1.77225, 1.65325, -2.59186, -0.74518, -1.47419], [0.81925, 0.20606, -1.82596, 1.8181, -2.75065, -0.62572, -1.74118], [0.7911, 0.23792, -1.83287, 1.83931, -2.77108, -0.61035, -1.77553], [0.81371, 0.35284, -1.71985, 2.02123, -2.50338, -0.2789, -1.86984], [0.83632, 0.46776, -1.60683, 2.20315, -2.23568, 0.05254, -1.96415], [0.85893, 0.58268, -1.4938, 2.38507, -1.96798, 0.38399, -2.05845], [0.88154, 0.69761, -1.38078, 2.56699, -1.70028, 0.71543, -2.15276], [0.90415, 0.81253, -1.26776, 2.74891, -1.43258, 1.04687, -2.24706], [0.91993, 0.89274, -1.18887, 2.87588, -1.24573, 1.27821, -2.31288], [0.84833, 1.15791, -1.31531, 2.48413, -1.25348, 1.34744, -2.32877], [0.77673, 1.42308, -1.44174, 2.09238, -1.26123, 1.41667, -2.34465], [0.70513, 1.68824, -1.56817, 1.70063, -1.26898, 1.48589, -2.36054]]
end: [0.65878999999999999, 1.8598600000000001, -1.6499999999999999, 1.4471000000000001, -1.27399, 1.5306999999999999, -2.3708200000000001]
obtacles: [[[0.6, -0.4, -0.2], [1.0, 0.6, -0.3]], [[0.8, -0.3, -0.2], [1.1, -0.2, 0.4]], [[0.8, 0.2, -0.2], [1.1, 0.3, 0.4]], [[0.8, -0.3, 0.4], [1.1, 0.3, 0.5]]]
start: [2.3454799999999998, -1.7951600000000001, -1.3999999999999999, 0.95308000000000004, -1.8518300000000001, -1.56457, -0.13678999999999999]
tajectories: [[2.34548, -1.79516, -1.4, 0.95308, -1.85183, -1.56457, -0.13679], [2.08002, -1.78194, -1.493, 1.12461, -1.8316, -1.23944, 0.05072], [1.81456, -1.76871, -1.586, 1.29615, -1.81136, -0.9143, 0.23824], [1.69065, -1.76254, -1.62941, 1.37622, -1.80191, -0.76253, 0.32577], [1.78733, -1.63054, -1.24074, 1.51435, -2.00878, -0.86392, 0.3225], [1.884, -1.49855, -0.85207, 1.65248, -2.21565, -0.96531, 0.31924], [1.9656, -1.38714, -0.52404, 1.76906, -2.39024, -1.05088, 0.31648], [2.11534, -1.54597, -0.63659, 1.80993, -2.38318, -0.95168, -0.10556], [2.26509, -1.70479, -0.74914, 1.8508, -2.37612, -0.85247, -0.52761], [2.40626, -1.85452, -0.85524, 1.88933, -2.36947, -0.75895, -0.92547], [2.48889, -1.81714, -1.09891, 1.72357, -2.10676, -1.05202, -0.92943], [2.57153, -1.77977, -1.34259, 1.55781, -1.84406, -1.3451, -0.93338]]
end: [2.5910000000000002, -1.7709600000000001, -1.3999999999999999, 1.51875, -1.78216, -1.41415, -0.93430999999999997]
obtacles: [[[0.6, -0.4, -0.2], [1.0, 0.6, -0.3]], [[0.8, -0.3, -0.2], [1.1, -0.2, 0.4]], [[0.8, 0.2, -0.2], [1.1, 0.3, 0.4]], [[0.8, -0.3, 0.4], [1.1, 0.3, 0.5]]]
start: [2.4175300000000002, -1.6740299999999999, -1.3500000000000001, 0.49192000000000002, -1.81389, -1.55874, 0.24507000000000001]
tajectories: [[2.41753, -1.67403, -1.35, 0.49192, -1.81389, -1.55874, 0.24507], [2.36487, -1.61536, -1.1462, 0.41186, -2.16386, -1.552, -0.02569], [2.31222, -1.55668, -0.9424, 0.33181, -2.51384, -1.54526, -0.29644], [2.25956, -1.498, -0.7386, 0.25175, -2.86382, -1.53852, -0.5672], [2.20691, -1.43932, -0.53479, 0.17169, -3.2138, -1.53178, -0.83796], [2.15425, -1.38065, -0.33099, 0.09163, -3.56378, -1.52504, -1.10872], [2.11063, -1.33204, -0.16218, 0.02532, -3.85368, -1.51946, -1.333], [2.05008, -1.14379, -0.45683, 0.32071, -4.00057, -1.49642, -1.45429], [1.98952, -0.95554, -0.75149, 0.6161, -4.14745, -1.47339, -1.57558], [1.92896, -0.76728, -1.04614, 0.91149, -4.29433, -1.45035, -1.69687], [1.86841, -0.57903, -1.3408, 1.20687, -4.44121, -1.42731, -1.81816], [1.80785, -0.39078, -1.63546, 1.50226, -4.5881, -1.40428, -1.93946], [1.76411, -0.2548, -1.84829, 1.71562, -4.69419, -1.38764, -2.02706], [1.87278, -0.49464, -1.78521, 1.6816, -4.31191, -1.39651, -1.85585], [1.98145, -0.73448, -1.72214, 1.64757, -3.92962, -1.40537, -1.68465], [2.09012, -0.97432, -1.65907, 1.61355, -3.54734, -1.41424, -1.51344], [2.19879, -1.21416, -1.59599, 1.57952, -3.16506, -1.42311, -1.34223], [2.30746, -1.454, -1.53292, 1.5455, -2.78277, -1.43197, -1.17102], [2.41613, -1.69384, -1.46985, 1.51147, -2.40049, -1.44084, -0.99981], [2.5248, -1.93368, -1.40678, 1.47744, -2.0182, -1.44971, -0.8286]]
end: [2.5364800000000001, -1.9594499999999999, -1.3999999999999999, 1.4737899999999999, -1.9771300000000001, -1.4506600000000001, -0.81020000000000003]
obtacles: [[[0.6, -0.4, -0.2], [1.0, 0.6, -0.3]], [[0.8, -0.3, -0.2], [1.1, -0.2, 0.4]], [[0.8, 0.2, -0.2], [1.1, 0.3, 0.4]], [[0.8, -0.3, 0.4], [1.1, 0.3, 0.5]]]
start: [2.4727299999999999, -1.9705600000000001, -0.94999999999999996, 0.62834999999999996, -2.2946200000000001, -1.5707, 0.17033999999999999]
tajectories: [[2.47273, -1.97056, -0.95, 0.62835, -2.29462, -1.5707, 0.17034], [2.17255, -1.93229, -0.96417, 0.89636, -2.44825, -1.49889, 0.41042], [1.87237, -1.89403, -0.97834, 1.16436, -2.60187, -1.42708, 0.6505], [1.57218, -1.85576, -0.99251, 1.43237, -2.7555, -1.35526, 0.89057], [1.272, -1.81749, -1.00668, 1.70038, -2.90913, -1.28345, 1.13065], [0.97182, -1.77922, -1.02085, 1.96839, -3.06275, -1.21163, 1.37073], [0.8891, -1.76867, -1.02475, 2.04225, -3.10509, -1.19184, 1.43689], [1.0713, -1.79778, -1.35248, 2.22859, -2.84096, -1.24112, 1.47739], [1.25349, -1.82689, -1.6802, 2.41492, -2.57683, -1.29039, 1.51789], [1.43568, -1.856, -2.00793, 2.60126, -2.3127, -1.33967, 1.55839], [1.61788, -1.88511, -2.33565, 2.7876, -2.04857, -1.38895, 1.5989], [1.69186, -1.89693, -2.46874, 2.86327, -1.94131, -1.40896, 1.61534], [1.83501, -1.89387, -2.28656, 2.64745, -1.93639, -1.39862, 1.22856], [1.97815, -1.8908, -2.10438, 2.43162, -1.93147, -1.38828, 0.84178], [2.1213, -1.88774, -1.9222, 2.21579, -1.92656, -1.37794, 0.455], [2.26444, -1.88468, -1.74002, 1.99997, -1.92164, -1.3676, 0.06822], [2.40759, -1.88162, -1.55784, 1.78414, -1.91673, -1.35726, -0.31856], [2.55073, -1.87856, -1.37566, 1.56831, -1.91181, -1.34692, -0.70534]]
end: [2.6101899999999998, -1.8772899999999999, -1.3, 1.4786699999999999, -1.90977, -1.34263, -0.86597999999999997]
