obtacles: [[[0.6, -0.4, -0.2], [1.0, 0.6, -0.3]], [[0.8, -0.2, -0.2], [1.1, -0.1, 0.5]], [[0.8, 0.3, -0.2], [1.1, 0.4, 0.5]], [[0.8, -0.2, 0.5], [1.1, 0.4, 0.6]]]
start: [-0.80056000000000005, 1.95122, 1.95, 0.84177000000000002, -2.1012400000000002, -1.5618000000000001, 0.035110000000000002]
tajectories: [[-0.80056, 1.95122, 1.95, 0.84177, -2.10124, -1.5618, 0.03511], [-1.03595, 1.83001, 2.03244, 1.05709, -2.26871, -1.24832, 0.05574], [-1.27133, 1.70879, 2.11487, 1.27242, -2.43618, -0.93483, 0.07636], [-1.50671, 1.58758, 2.19731, 1.48774, -2.60366, -0.62135, 0.09699], [-1.74209, 1.46637, 2.27974, 1.70307, -2.77113, -0.30787, 0.11762], [-1.97748, 1.34515, 2.36218, 1.91839, -2.9386, 0.00561, 0.13825], [-2.08108, 1.2918, 2.39846, 2.01317, -3.01231, 0.14359, 0.14733], [-1.69164, 1.39051, 2.38381, 2.0709, -3.0147, 0.21075, -0.13645], [-1.30219, 1.48922, 2.36916, 2.12863, -3.01709, 0.27791, -0.42022], [-0.91275, 1.58794, 2.3545, 2.18636, -3.01948, 0.34507, -0.70399], [-0.66474, 1.6508, 2.34517, 2.22313, -3.021, 0.38783, -0.8847], [-0.58122, 1.68184, 2.25723, 2.03548, -2.76546, 0.02292, -0.9102], [-0.4977, 1.71289, 2.16929, 1.84784, -2.50992, -0.342, -0.9357], [-0.41419, 1.74393, 2.08135, 1.66019, -2.25438, -0.70692, -0.9612], [-0.33067, 1.77497, 1.99342, 1.47254, -1.99884, -1.07184, -0.98669]]
end: [-0.28943999999999998, 1.7903, 1.95, 1.3798999999999999, -1.8726799999999999, -1.252, -0.99927999999999995]
obtacles: [[[0.6, -0.4, -0.2], [1.0, 0.6, -0.3]], [[0.8, -0.2, -0.2], [1.1, -0.1, 0.5]], [[0.8, 0.3, -0.2], [1.1, 0.4, 0.5]], [[0.8, -0.2, 0.5], [1.1, 0.4, 0.6]]]
start: [-0.75183999999999995, 1.754, 1.95, 0.97794999999999999, -1.9409700000000001, -1.3693500000000001, -0.15301999999999999]
tajectories: [[-0.75184, 1.754, 1.95, 0.97795, -1.94097, -1.36935, -0.15302], [-0.80916, 1.42611, 2.14847, 1.27361, -1.9307, -1.27399, -0.20953], [-0.86649, 1.09821, 2.34694, 1.56927, -1.92043, -1.17862, -0.26604], [-0.89109, 0.95748, 2.43213, 1.69616, -1.91602, -1.13769, -0.29029], [-0.44422, 1.03415, 2.35024, 1.76769, -1.74089, -1.18126, -0.29595], [-0.02221, 1.10655, 2.27292, 1.83524, -1.57551, -1.22242, -0.3013], [-0.19241, 1.43513, 2.1477, 1.70834, -1.74023, -1.23153, -0.53382], [-0.36261, 1.76371, 2.02249, 1.58144, -1.90495, -1.24064, -0.76635]]
end: [-0.46113999999999999, 1.9539299999999999, 1.95, 1.5079800000000001, -2.0003199999999999, -1.2459199999999999, -0.90095999999999998]
obtacles: [[[0.6, -0.4, -0.2], [1.0, 0.6, -0.3]], [[0.8, -0.2, -0.2], [1.1, -0.1, 0.5]], [[0.8, 0.3, -0.2], [1.1, 0.4, 0.5]], [[0.8, -0.2, 0.5], [1.1, 0.4, 0.6]]]
start: [-0.80622000000000005, 1.7117199999999999, 1.95, 1.0803799999999999, -1.8826700000000001, -1.3107200000000001, -0.20596]
tajectories: [[-0.80622, 1.71172, 1.95, 1.08038, -1.88267, -1.31072, -0.20596], [-0.97089, 1.60545, 2.02043, 1.51929, -1.9308, -1.3165, -0.31385], [-1.13556, 1.49919, 2.09086, 1.9582, -1.97893, -1.32229, -0.42174], [-1.30022, 1.39292, 2.16129, 2.3971, -2.02706, -1.32808, -0.52963], [-1.32762, 1.37525, 2.17301, 2.47011, -2.03507, -1.32904, -0.54757], [-1.02589, 1.55538, 2.07545, 2.15733, -2.02896, -1.34175, -0.68529], [-0.72417, 1.73551, 1.9779, 1.84454, -2.02286, -1.35445, -0.82302], [-0.42245, 1.91564, 1.88034, 1.53176, -2.01675, -1.36716, -0.96074]]
end: [-0.32862000000000002, 1.9716499999999999, 1.8500000000000001, 1.43449, -2.01485, -1.3711100000000001, -1.00356]
obtacles: [[[0.6, -0.4, -0.2], [1.0, 0.6, -0.3]], [[0.8, -0.2, -0.2], [1.1, -0.1, 0.5]], [[0.8, 0.3, -0.2], [1.1, 0.4, 0.5]], [[0.8, -0.2, 0.5], [1.1, 0.4, 0.6]]]
start: [-0.83975, 1.7152499999999999, 1.8999999999999999, 0.72723000000000004, -1.91405, -1.4654499999999999, 0.15483]
tajectories: [[-0.83975, 1.71525, 1.9, 0.72723, -1.91405, -1.46545, 0.15483], [-1.12649, 1.58633, 2.00694, 0.77544, -2.20345, -1.24651, 0.23043], [-1.41323, 1.45741, 2.11388, 0.82365, -2.49284, -1.02757, 0.30603], [-1.69997, 1.32849, 2.22082, 0.87187, -2.78224, -0.80863, 0.38162], [-1.98671, 1.19957, 2.32776, 0.92008, -3.07163, -0.58969, 0.45722], [-2.27345, 1.07065, 2.43469, 0.9683, -3.36103, -0.37075, 0.53281], [-2.54071, 0.95049, 2.53437, 1.01323, -3.63076, -0.16669, 0.60327], [-2.26887, 0.99773, 2.41958, 1.14837, -3.77683, 0.00291, 0.2994], [-1.99704, 1.04497, 2.3048, 1.2835, -3.92289, 0.17251, -0.00448], [-1.72521, 1.09221, 2.19002, 1.41864, -4.06896, 0.34211, -0.30835], [-1.45338, 1.13945, 2.07524, 1.55378, -4.21503, 0.51171, -0.61222], [-1.18154, 1.18669, 1.96046, 1.68891, -4.36109, 0.68131, -0.9161], [-0.90971, 1.23393, 1.84568, 1.82405, -4.50716, 0.85091, -1.21997], [-0.69932, 1.27049, 1.75684, 1.92864, -4.62021, 0.98217, -1.45517], [-0.62058, 1.35494, 1.77628, 1.85365, -4.25897, 0.66831, -1.41439], [-0.54185, 1.4394, 1.79573, 1.77867, -3.89773, 0.35444, -1.37361], [-0.46311, 1.52385, 1.81518, 1.70368, -3.5365, 0.04058, -1.33283], [-0.38438, 1.6083, 1.83463, 1.62869, -3.17526, -0.27329, -1.29205], [-0.30564, 1.69275, 1.85407, 1.55371, -2.81402, -0.58716, -1.25128], [-0.22691, 1.7772, 1.87352, 1.47872, -2.45278, -0.90102, -1.2105], [-0.14817, 1.86165, 1.89297, 1.40373, -2.09155, -1.21489, -1.16972]]
end: [-0.11969, 1.8922000000000001, 1.8999999999999999, 1.3766099999999999, -1.96088, -1.3284199999999999, -1.1549700000000001]
obtacles: [[[0.6, -0.4, -0.2], [1.0, 0.6, -0.3]], [[0.8, -0.2, -0.2], [1.1, -0.1, 0.5]], [[0.8, 0.3, -0.2], [1.1, 0.4, 0.5]], [[0.8, -0.2, 0.5], [1.1, 0.4, 0.6]]]
start: [-0.75868999999999998, 1.94116, 1.8999999999999999, 1.1528, -2.0453199999999998, -1.4419500000000001, -0.30070000000000002]
tajectories: [[-0.75869, 1.94116, 1.9, 1.1528, -2.04532, -1.44195, -0.3007], [-1.04002, 1.83757, 1.60148, 1.21932, -2.06187, -1.192, -0.2388], [-1.32136, 1.73398, 1.30296, 1.28584, -2.07843, -0.94205, -0.17691], [-1.60269, 1.63039, 1.00444, 1.35236, -2.09499, -0.6921, -0.11502], [-1.88402, 1.52679, 0.70591, 1.41889, -2.11154, -0.44215, -0.05312], [-2.11737, 1.44087, 0.45831, 1.47406, -2.12527, -0.23483, -0.00179], [-1.99909, 1.11162, 0.63675, 1.68528, -1.96239, -0.14526, -0.1306], [-1.88081, 0.78236, 0.81518, 1.8965, -1.7995, -0.05569, -0.25942], [-1.76253, 0.45311, 0.99362, 2.10772, -1.63661, 0.03388, -0.38823], [-1.64425, 0.12385, 1.17205, 2.31894, -1.47372, 0.12345, -0.51705], [-1.62276, 0.06405, 1.20447, 2.35731, -1.44414, 0.13972, -0.54044], [-1.39705, 0.35551, 1.29556, 2.1856, -1.53263, -0.11126, -0.61457], [-1.17133, 0.64698, 1.38665, 2.01388, -1.62113, -0.36224, -0.6887], [-0.94561, 0.93844, 1.47774, 1.84217, -1.70963, -0.61322, -0.76283], [-0.7199, 1.2299, 1.56883, 1.67046, -1.79813, -0.86421, -0.83696], [-0.49418, 1.52137, 1.65992, 1.49875, -1.88662, -1.11519, -0.91109], [-0.26846, 1.81283, 1.75101, 1.32704, -1.97512, -1.36617, -0.98522]]
end: [-0.14706, 1.96959, 1.8, 1.2346900000000001, -2.0227200000000001, -1.50115, -1.0250900000000001]
obtacles: [[[0.6, -0.4, -0.2], [1.0, 0.6, -0.3]], [[0.8, -0.2, -0.2], [1.1, -0.1, 0.5]], [[0.8, 0.3, -0.2], [1.1, 0.4, 0.5]], [[0.8, -0.2, 0.5], [1.1, 0.4, 0.6]]]
start: [-0.85741000000000001, 1.8353299999999999, 1.8, 0.93979999999999997, -1.9183300000000001, -1.5479700000000001, -0.047750000000000001]
tajectories: [[-0.85741, 1.83533, 1.8, 0.9398, -1.91833, -1.54797, -0.04775], [-0.97645, 1.78062, 1.90285, 1.33787, -1.91426, -1.31025, -0.13301], [-1.09548, 1.72591, 2.0057, 1.73595, -1.9102, -1.07254, -0.21827], [-1.21451, 1.67119, 2.10855, 2.13402, -1.90613, -0.83482, -0.30352], [-1.33355, 1.61648, 2.2114, 2.5321, -1.90207, -0.5971, -0.38878], [-1.35158, 1.60819, 2.22698, 2.5924, -1.90145, -0.56109, -0.4017], [-1.09579, 1.32876, 2.16391, 2.74164, -1.73768, -0.34343, -0.47941], [-0.84, 1.04932, 2.10084, 2.89087, -1.57392, -0.12576, -0.55713], [-0.5842, 0.76989, 2.03777, 3.04011, -1.41015, 0.0919, -0.63485], [-0.53307, 0.71403, 2.02516, 3.06994, -1.37741, 0.13541, -0.65038], [-0.50206, 0.90588, 1.98525, 2.72152, -1.46583, -0.14978, -0.66012], [-0.47105, 1.09773, 1.94533, 2.37311, -1.55425, -0.43497, -0.66987], [-0.44003, 1.28958, 1.90542, 2.02469, -1.64267, -0.72015, -0.67961], [-0.40902, 1.48143, 1.8655, 1.67627, -1.73109, -1.00534, -0.68935], [-0.37801, 1.67327, 1.82558, 1.32786, -1.81951, -1.29053, -0.69909]]
end: [-0.35813, 1.7962400000000001, 1.8, 1.1045400000000001, -1.87618, -1.47332, -0.70533999999999997]
obtacles: [[[0.6, -0.4, -0.2], [1.0, 0.6, -0.3]], [[0.8, -0.2, -0.2], [1.1, -0.1, 0.5]], [[0.8, 0.3, -0.2], [1.1, 0.4, 0.5]], [[0.8, -0.2, 0.5], [1.1, 0.4, 0.6]]]
start: [-0.80784, 1.63113, 1.8, 0.91920999999999997, -1.7593300000000001, -1.4265399999999999, -0.090770000000000003]
tajectories: [[-0.80784, 1.63113, 1.8, 0.91921, -1.75933, -1.42654, -0.09077], [-0.85432, 1.4969, 1.89178, 1.20126, -1.7512, -1.40026, -0.46639], [-0.90081, 1.36267, 1.98356, 1.4833, -1.74306, -1.37399, -0.84201], [-0.94729, 1.22845, 2.07534, 1.76535, -1.73492, -1.34771, -1.21763], [-0.99378, 1.09422, 2.16712, 2.0474, -1.72679, -1.32144, -1.59325], [-1.04027, 0.96, 2.2589, 2.32944, -1.71865, -1.29516, -1.96888], [-1.04859, 0.93597, 2.27533, 2.37993, -1.71719, -1.29046, -2.03611], [-0.86463, 1.17581, 2.16099, 2.11619, -1.78155, -1.33299, -1.77144], [-0.68067, 1.41564, 2.04666, 1.85245, -1.8459, -1.37553, -1.50676], [-0.49671, 1.65548, 1.93232, 1.58871, -1.91026, -1.41807, -1.24208], [-0.31275, 1.89532, 1.81799, 1.32497, -1.97461, -1.4606, -0.9774]]
end: [-0.2838, 1.9330499999999999, 1.8, 1.2834700000000001, -1.9847300000000001, -1.46729, -0.93576000000000004]
obtacles: [[[0.6, -0.4, -0.2], [1.0, 0.6, -0.3]], [[0.8, -0.2, -0.2], [1.1, -0.1, 0.5]], [[0.8, 0.3, -0.2], [1.1, 0.4, 0.5]], [[0.8, -0.2, 0.5], [1.1, 0.4, 0.6]]]
start: [-0.77661000000000002, 1.7301500000000001, 1.8, 0.79379, -1.8449599999999999, -1.5220899999999999, 0.00792]
tajectories: [[-0.77661, 1.73015, 1.8, 0.79379, -1.84496, -1.52209, 0.00792], [-0.96884, 1.57319, 1.70435, 1.16838, -1.78339, -1.53293, -0.17927], [-1.16107, 1.41623, 1.60871, 1.54296, -1.72181, -1.54377, -0.36647], [-1.35329, 1.25928, 1.51306, 1.91755, -1.66023, -1.55461, -0.55366], [-1.48389, 1.15265, 1.44808, 2.17203, -1.6184, -1.56198, -0.68084], [-1.18671, 1.4019, 1.323, 2.42616, -1.54252, -1.44547, -0.68125], [-0.88954, 1.65115, 1.19792, 2.6803, -1.46664, -1.32896, -0.68165], [-0.80558, 1.72158, 1.16258, 2.7521, -1.4452, -1.29604, -0.68177], [-0.70553, 1.73653, 1.36977, 2.33073, -1.55955, -1.32027, -0.75674], [-0.60549, 1.75149, 1.57696, 1.90935, -1.67391, -1.34449, -0.8317], [-0.50544, 1.76645, 1.78415, 1.48798, -1.78827, -1.36871, -0.90667]]
end: [-0.49779000000000001, 1.76759, 1.8, 1.45574, -1.7970200000000001, -1.3705700000000001, -0.91239999999999999]
obtacles: [[[0.6, -0.4, -0.2], [1.0, 0.6, -0.3]], [[0.8, -0.2, -0.2], [1.1, -0.1, 0.5]], [[0.8, 0.3, -0.2], [1.1, 0.4, 0.5]], [[0.8, -0.2, 0.5], [1.1, 0.4, 0.6]]]
start: [-0.57842000000000005, 1.8259300000000001, 2.0499999999999998, 0.78588000000000002, -2.0927600000000002, -1.4331, -0.10798000000000001]
tajectories: [[-0.57842, 1.82593, 2.05, 0.78588, -2.09276, -1.4331, -0.10798], [-0.77243, 1.65724, 2.04987, 1.01124, -2.30646, -1.25244, -0.34211], [-0.96643, 1.48856, 2.04973, 1.2366, -2.52017, -1.07178, -0.57623], [-1.16043, 1.31987, 2.0496, 1.46196, -2.73388, -0.89112, -0.81035], [-1.35443, 1.15118, 2.04947, 1.68731, -2.94759, -0.71046, -1.04447], [-1.54844, 0.9825, 2.04934, 1.91267, -3.16129, -0.5298, -1.2786], [-1.74244, 0.81381, 2.0492, 2.13803, -3.375, -0.34915, -1.51272], [-1.82136, 0.74518, 2.04915, 2.22971, -3.46194, -0.27565, -1.60797], [-1.53077, 0.53909, 1.8769, 2.11521, -3.29287, -0.43772, -1.76748], [-1.24017, 0.333, 1.70464, 2.00071, -3.1238, -0.5998, -1.92699], [-0.94957, 0.12691, 1.53239, 1.8862, -2.95473, -0.76188, -2.0865], [-0.65897, -0.07918, 1.36014, 1.7717, -2.78566, -0.92395, -2.24601], [-0.43713, -0.2365, 1.22864, 1.68429, -2.65659, -1.04768, -2.36777], [-0.44332, 0.15532, 1.34847, 1.65742, -2.5374, -1.08946, -2.11203], [-0.44952, 0.54714, 1.4683, 1.63055, -2.41821, -1.13123, -1.85629], [-0.45572, 0.93896, 1.58813, 1.60368, -2.29902, -1.17301, -1.60055], [-0.46192, 1.33078, 1.70796, 1.57681, -2.17983, -1.21479, -1.3448], [-0.46811, 1.72261, 1.82779, 1.54994, -2.06064, -1.25656, -1.08906]]
end: [-0.47184999999999999, 1.9587300000000001, 1.8999999999999999, 1.5337499999999999, -1.98881, -1.2817400000000001, -0.93493999999999999]
obtacles: [[[0.6, -0.4, -0.2], [1.0, 0.6, -0.3]], [[0.8, -0.2, -0.2], [1.1, -0.1, 0.5]], [[0.8, 0.3, -0.2], [1.1, 0.4, 0.5]], [[0.8, -0.2, 0.5], [1.1, 0.4, 0.6]]]
start: [-0.79381999999999997, 1.73319, 1.8999999999999999, 0.94191999999999998, -1.89941, -1.4071800000000001, -0.093880000000000005]
tajectories: [[-0.79382, 1.73319, 1.9, 0.94192, -1.89941, -1.40718, -0.09388], [-1.04319, 1.47054, 1.84606, 1.12439, -2.07361, -1.17898, -0.0796], [-1.29256, 1.20789, 1.79212, 1.30685, -2.2478, -0.95078, -0.06532], [-1.54194, 0.94524, 1.73818, 1.48932, -2.422, -0.72258, -0.05105], [-1.79131, 0.68259, 1.68423, 1.67179, -2.59619, -0.49438, -0.03677], [-2.04068, 0.41994, 1.63029, 1.85426, -2.77039, -0.26618, -0.02249], [-2.29006, 0.15729, 1.57635, 2.03673, -2.94458, -0.03798, -0.00822], [-2.52838, -0.09373, 1.5248, 2.21112, -3.11106, 0.18011, 0.00543], [-2.42386, -0.05719, 1.71051, 2.30312, -3.36912, 0.06897, -0.33493], [-2.31934, -0.02066, 1.89623, 2.39512, -3.62718, -0.04217, -0.67528], [-2.21482, 0.01588, 2.08194, 2.48713, -3.88524, -0.1533, -1.01563], [-2.11029, 0.05241, 2.26765, 2.57913, -4.1433, -0.26444, -1.35598], [-2.00577, 0.08895, 2.45337, 2.67114, -4.40136, -0.37558, -1.69634], [-1.90125, 0.12548, 2.63908, 2.76314, -4.65942, -0.48672, -2.03669], [-1.89386, 0.12807, 2.65221, 2.76965, -4.67766, -0.49457, -2.06075], [-1.70791, 0.33405, 2.56148, 2.60881, -4.34138, -0.5909, -1.93219], [-1.52195, 0.54004, 2.47075, 2.44798, -4.0051, -0.68723, -1.80363], [-1.33599, 0.74603, 2.38002, 2.28714, -3.66883, -0.78356, -1.67506], [-1.15004, 0.95202, 2.2893, 2.12631, -3.33255, -0.87989, -1.5465], [-0.96408, 1.158, 2.19857, 1.96547, -2.99627, -0.97622, -1.41794], [-0.77813, 1.36399, 2.10784, 1.80464, -2.66, -1.07255, -1.28937], [-0.59217, 1.56998, 2.01711, 1.6438, -2.32372, -1.16888, -1.16081], [-0.40622, 1.77597, 1.92638, 1.48297, -1.98744, -1.26521, -1.03225]]
end: [-0.35214000000000001, 1.8358699999999999, 1.8999999999999999, 1.4361900000000001, -1.8896500000000001, -1.2932300000000001, -0.99485999999999997]
obtacles: [[[0.6, -0.4, -0.2], [1.0, 0.6, -0.3]], [[0.8, -0.2, -0.2], [1.1, -0.1, 0.5]], [[0.8, 0.3, -0.2], [1.1, 0.4, 0.5]], [[0.8, -0.2, 0.5], [1.1, 0.4, 0.6]]]
start: [-0.50629000000000002, 1.9532799999999999, 2.25, 0.58728999999999998, -2.3350399999999998, -1.55857, 0.060510000000000001]
tajectories: [[-0.50629, 1.95328, 2.25, 0.58729, -2.33504, -1.55857, 0.06051], [-0.61585, 1.80045, 2.22392, 0.74462, -1.91041, -1.47285, 0.02117], [-0.7254, 1.64763, 2.19784, 0.90195, -1.48578, -1.38713, -0.01816], [-0.83495, 1.4948, 2.17176, 1.05928, -1.06115, -1.30141, -0.0575], [-0.9445, 1.34197, 2.14568, 1.21661, -0.63651, -1.21568, -0.09683], [-1.05406, 1.18914, 2.1196, 1.37394, -0.21188, -1.12996, -0.13617], [-1.16361, 1.03631, 2.09352, 1.53128, 0.21275, -1.04424, -0.17551], [-1.27316, 0.88348, 2.06744, 1.68861, 0.63738, -0.95852, -0.21484], [-1.31527, 0.82474, 2.05742, 1.74908, 0.8006, -0.92557, -0.22996], [-1.0005, 0.83837, 1.81647, 1.90896, 0.63334, -0.72842, -0.24647], [-0.68572, 0.852, 1.57553, 2.06884, 0.46608, -0.53127, -0.26299], [-0.37095, 0.86563, 1.33458, 2.22871, 0.29882, -0.33412, -0.2795], [-0.05618, 0.87926, 1.09364, 2.38859, 0.13156, -0.13697, -0.29601], [0.25859, 0.89289, 0.85269, 2.54847, -0.0357, 0.06018, -0.31252], [0.57337, 0.90652, 0.61175, 2.70835, -0.20296, 0.25733, -0.32903], [0.78983, 0.91589, 0.44606, 2.81829, -0.31798, 0.39291, -0.34039], [0.52716, 1.00659, 0.60006, 2.5928, -0.35862, 0.36471, -0.64985], [0.26449, 1.09729, 0.75407, 2.3673, -0.39926, 0.33652, -0.95931], [0.00183, 1.18799, 0.90808, 2.1418, -0.4399, 0.30833, -1.26876], [-0.26084, 1.27868, 1.06208, 1.9163, -0.48054, 0.28014, -1.57822], [-0.52351, 1.36938, 1.21609, 1.6908, -0.52118, 0.25194, -1.88768], [-0.52708, 1.37062, 1.21818, 1.68774, -0.52174, 0.25156, -1.89189], [-0.47787, 1.4441, 1.41394, 1.55714, -0.81537, 0.04229, -1.65359], [-0.42866, 1.51759, 1.60969, 1.42654, -1.109, -0.16698, -1.41529], [-0.37946, 1.59107, 1.80545, 1.29594, -1.40263, -0.37625, -1.17699], [-0.33025, 1.66456, 2.00121, 1.16534, -1.69627, -0.58552, -0.93869], [-0.28104, 1.73805, 2.19696, 1.03474, -1.9899, -0.79479, -0.70039], [-0.23183, 1.81153, 2.39272, 0.90414, -2.28353, -1.00406, -0.46209], [-0.18263, 1.88502, 2.58848, 0.77354, -2.57717, -1.21333, -0.22379]]
end: [-0.17973, 1.88934, 2.6000000000000001, 0.76585999999999999, -2.5944500000000001, -1.2256499999999999, -0.20976]
obtacles: [[[0.6, -0.4, -0.2], [1.0, 0.6, -0.3]], [[0.8, -0.2, -0.2], [1.1, -0.1, 0.5]], [[0.8, 0.3, -0.2], [1.1, 0.4, 0.5]], [[0.8, -0.2, 0.5], [1.1, 0.4, 0.6]]]
start: [2.5263900000000001, -1.8228500000000001, 2.6000000000000001, -0.51802000000000004, -2.6076800000000002, 1.3753299999999999, -2.7896299999999998]
tajectories: [[2.52639, -1.82285, 2.6, -0.51802, -2.60768, 1.37533, -2.78963], [2.35338, -1.62664, 2.58552, -0.31495, -2.83608, 1.16989, -2.57574], [2.18037, -1.43043, 2.57103, -0.11188, -3.06448, 0.96445, -2.36184], [2.00736, -1.23422, 2.55655, 0.09119, -3.29289, 0.75901, -2.14795], [1.83435, -1.03802, 2.54207, 0.29426, -3.52129, 0.55357, -1.93406], [1.66135, -0.84181, 2.52759, 0.49733, -3.74969, 0.34813, -1.72016], [1.48834, -0.6456, 2.5131, 0.7004, -3.97809, 0.14269, -1.50627], [1.34024, -0.47765, 2.50071, 0.87423, -4.1736, -0.03316, -1.32318], [1.20443, -0.55645, 2.41932, 1.24885, -4.10012, -0.2993, -1.2768], [1.06863, -0.63526, 2.33793, 1.62347, -4.02664, -0.56544, -1.23042], [0.93282, -0.71406, 2.25655, 1.99809, -3.95317, -0.83158, -1.18404], [0.79701, -0.79287, 2.17516, 2.37272, -3.87969, -1.09772, -1.13766], [0.69144, -0.85412, 2.1119, 2.66391, -3.82257, -1.30458, -1.10161], [0.55114, -0.47558, 2.09689, 2.48973, -3.58751, -1.29989, -1.06727], [0.41084, -0.09704, 2.08188, 2.31554, -3.35244, -1.2952, -1.03294], [0.27054, 0.28151, 2.06687, 2.14136, -3.11738, -1.29051, -0.9986], [0.13024, 0.66005, 2.05187, 1.96718, -2.88231, -1.28582, -0.96426], [-0.01007, 1.03859, 2.03686, 1.79299, -2.64725, -1.28113, -0.92993], [-0.15037, 1.41713, 2.02185, 1.61881, -2.41218, -1.27644, -0.89559], [-0.29067, 1.79567, 2.00684, 1.44463, -2.17712, -1.27175, -0.86125]]
end: [-0.35460999999999998, 1.96818, 2.0, 1.3652500000000001, -2.0699999999999998, -1.2696099999999999, -0.84560000000000002]
obtacles: [[[0.6, -0.4, -0.2], [1.0, 0.6, -0.3]], [[0.8, -0.2, -0.2], [1.1, -0.1, 0.5]], [[0.8, 0.3, -0.2], [1.1, 0.4, 0.5]], [[0.8, -0.2, 0.5], [1.1, 0.4, 0.6]]]
start: [-0.80705000000000005, 1.60063, 2.0, 0.85970000000000002, -1.8837299999999999, -1.2706299999999999, 0.00156]
tajectories: [[-0.80705, 1.60063, 2.0, 0.8597, -1.88373, -1.27063, 0.00156], [-1.07281, 1.61953, 2.01877, 1.16465, -1.84911, -0.98113, 0.02734], [-1.28734, 1.63478, 2.03392, 1.41082, -1.82116, -0.74744, 0.04814], [-1.13677, 1.71026, 1.89561, 1.73973, -2.10418, -0.79246, -0.0623], [-0.9862, 1.78574, 1.75731, 2.06863, -2.3872, -0.83748, -0.17275], [-0.86837, 1.84481, 1.64907, 2.32603, -2.60869, -0.87271, -0.25918], [-0.70282, 1.87827, 1.665, 2.03919, -2.40822, -1.0729, -0.50142], [-0.53727, 1.91174, 1.68094, 1.75235, -2.20776, -1.27309, -0.74366], [-0.37172, 1.9452, 1.69688, 1.46551, -2.00729, -1.47328, -0.9859]]
end: [-0.33929999999999999, 1.9517599999999999, 1.7, 1.40933, -1.9680200000000001, -1.5124899999999999, -1.03335]
obtacles: [[[0.6, -0.4, -0.2], [1.0, 0.6, -0.3]], [[0.8, -0.2, -0.2], [1.1, -0.1, 0.5]], [[0.8, 0.3, -0.2], [1.1, 0.4, 0.5]], [[0.8, -0.2, 0.5], [1.1, 0.4, 0.6]]]
start: [-0.67935000000000001, 1.4839199999999999, 1.7, 0.59872999999999998, -1.62856, -1.42628, 0.07918]
tajectories: [[-0.67935, 1.48392, 1.7, 0.59873, -1.62856, -1.42628, 0.07918], [-0.67685, 1.16856, 1.85812, 0.70831, -1.30331, -1.33931, 0.06576], [-0.67435, 0.85319, 2.01625, 0.81789, -0.97807, -1.25234, 0.05234], [-0.67185, 0.53783, 2.17437, 0.92747, -0.65282, -1.16537, 0.03893], [-0.67134, 0.47347, 2.20664, 0.94983, -0.58644, -1.14762, 0.03619], [-0.51927, 0.60607, 2.01297, 1.25045, -0.86431, -1.08547, 0.05475], [-0.3672, 0.73867, 1.8193, 1.55106, -1.14217, -1.02331, 0.07331], [-0.32011, 0.77974, 1.75932, 1.64416, -1.22823, -1.00407, 0.07906], [-0.3828, 0.99685, 1.63472, 1.65504, -1.49681, -1.05456, -0.2505], [-0.4455, 1.21395, 1.51013, 1.66592, -1.76539, -1.10505, -0.58005], [-0.46413, 1.27848, 1.4731, 1.66915, -1.84521, -1.12005, -0.678], [-0.4401, 1.63882, 1.5958, 1.47778, -1.9099, -1.35099, -0.77987]]
end: [-0.41969000000000001, 1.94482, 1.7, 1.31528, -1.9648399999999999, -1.5470900000000001, -0.86638000000000004]
obtacles: [[[0.6, -0.4, -0.2], [1.0, 0.6, -0.3]], [[0.8, -0.2, -0.2], [1.1, -0.1, 0.5]], [[0.8, 0.3, -0.2], [1.1, 0.4, 0.5]], [[0.8, -0.2, 0.5], [1.1, 0.4, 0.6]]]
start: [-0.63727, 1.78851, 1.95, 0.54906999999999995, -2.0053999999999998, -1.5664100000000001, 0.13111]
tajectories: [[-0.63727, 1.78851, 1.95, 0.54907, -2.0054, -1.56641, 0.13111], [-0.82417, 1.65233, 1.70801, 0.68464, -2.31164, -1.48509, -0.00738], [-1.01107, 1.51615, 1.46601, 0.82022, -2.61789, -1.40377, -0.14587], [-1.19797, 1.37997, 1.22402, 0.9558, -2.92414, -1.32244, -0.28436], [-1.2025, 1.37667, 1.21815, 0.95909, -2.93156, -1.32047, -0.28772], [-1.31772, 1.48558, 1.33144, 1.3185, -2.99423, -1.2236, -0.55143], [-1.43293, 1.59448, 1.44474, 1.67791, -3.0569, -1.12673, -0.81514], [-1.4409, 1.60201, 1.45257, 1.70275, -3.06123, -1.12004, -0.83337], [-1.20804, 1.62958, 1.42574, 1.8584, -2.92487, -1.21108, -1.21177], [-0.97601, 1.65706, 1.399, 2.01349, -2.789, -1.3018, -1.58883], [-0.72909, 1.76091, 1.50257, 1.78801, -2.50967, -1.38171, -1.40921], [-0.48217, 1.86475, 1.60614, 1.56253, -2.23034, -1.46163, -1.22958]]
end: [-0.25840000000000002, 1.95886, 1.7, 1.35819, -1.9772000000000001, -1.53406, -1.0667899999999999]
obtacles: [[[0.6, -0.4, -0.2], [1.0, 0.6, -0.3]], [[0.8, -0.2, -0.2], [1.1, -0.1, 0.5]], [[0.8, 0.3, -0.2], [1.1, 0.4, 0.5]], [[0.8, -0.2, 0.5], [1.1, 0.4, 0.6]]]
start: [-0.87580999999999998, 1.5915999999999999, 1.7, 1.1375299999999999, -1.64425, -1.4623999999999999, -0.25640000000000002]
tajectories: [[-0.87581, 1.5916, 1.7, 1.13753, -1.64425, -1.4624, -0.2564], [-0.93575, 1.54415, 1.42267, 1.2694, -1.46853, -1.41106, -0.59748], [-0.99569, 1.4967, 1.14534, 1.40127, -1.29281, -1.35972, -0.93857], [-1.05563, 1.44925, 0.86801, 1.53313, -1.11709, -1.30838, -1.27966], [-1.11558, 1.40181, 0.59068, 1.665, -0.94136, -1.25704, -1.62075], [-1.17552, 1.35436, 0.31335, 1.79686, -0.76564, -1.20569, -1.96184], [-1.20887, 1.32796, 0.15907, 1.87022, -0.66789, -1.17713, -2.15159], [-0.98189, 1.03394, 0.22745, 1.96154, -0.96604, -1.08449, -2.11234], [-0.7549, 0.73992, 0.29583, 2.05285, -1.26418, -0.99184, -2.07308], [-0.52792, 0.44589, 0.3642, 2.14417, -1.56233, -0.8992, -2.03383], [-0.30094, 0.15187, 0.43258, 2.23548, -1.86048, -0.80655, -1.99458], [-0.21035, 0.03451, 0.45987, 2.27193, -1.97949, -0.76958, -1.97891], [-0.21477, 0.29544, 0.7291, 2.18008, -1.72349, -0.88419, -2.12826], [-0.2192, 0.55637, 0.99832, 2.08823, -1.46749, -0.9988, -2.27762], [-0.22363, 0.8173, 1.26755, 1.99638, -1.21149, -1.11341, -2.42697], [-0.22806, 1.07823, 1.53677, 1.90452, -0.95549, -1.22802, -2.57632], [-0.23248, 1.33916, 1.806, 1.81267, -0.69949, -1.34262, -2.72567], [-0.23405, 1.43167, 1.90145, 1.78011, -0.60873, -1.38326, -2.77862], [-0.26461, 1.48652, 1.85541, 1.68098, -0.8578, -1.40264, -2.36425], [-0.29517, 1.54138, 1.80937, 1.58186, -1.10686, -1.42202, -1.94988], [-0.32573, 1.59623, 1.76333, 1.48273, -1.35592, -1.4414, -1.53551], [-0.35628, 1.65108, 1.71729, 1.38361, -1.60499, -1.46078, -1.12114]]
end: [-0.36775999999999998, 1.6716800000000001, 1.7, 1.3463799999999999, -1.6985300000000001, -1.4680500000000001, -0.96550999999999998]
obtacles: [[[0.6, -0.4, -0.2], [1.0, 0.6, -0.3]], [[0.8, -0.2, -0.2], [1.1, -0.1, 0.5]], [[0.8, 0.3, -0.2], [1.1, 0.4, 0.5]], [[0.8, -0.2, 0.5], [1.1, 0.4, 0.6]]]
start: [-0.64559, 1.9577199999999999, 1.95, 0.86333000000000004, -2.1055600000000001, -1.55549, -0.13839000000000001]
tajectories: [[-0.64559, 1.95772, 1.95, 0.86333, -2.10556, -1.55549, -0.13839], [-0.80131, 1.84222, 2.35226, 0.87653, -2.28087, -1.41518, -0.13964], [-0.91094, 1.76091, 2.63549, 0.88581, -2.40431, -1.31639, -0.14051], [-0.78665, 1.8315, 2.62625, 1.32263, -2.40737, -1.11983, -0.13522], [-0.66236, 1.90209, 2.61701, 1.75945, -2.41043, -0.92327, -0.12993], [-0.54835, 1.96684, 2.60854, 2.16012, -2.41324, -0.74297, -0.12508], [-0.40664, 1.91777, 2.42237, 1.86043, -2.2821, -0.91379, -0.36312], [-0.26493, 1.86869, 2.23621, 1.56075, -2.15097, -1.08461, -0.60116], [-0.12321, 1.81962, 2.05004, 1.26106, -2.01983, -1.25543, -0.83919]]
end: [-0.047059999999999998, 1.79325, 1.95, 1.1000300000000001, -1.94936, -1.3472200000000001, -0.96709999999999996]
obtacles: [[[0.6, -0.4, -0.2], [1.0, 0.6, -0.3]], [[0.8, -0.2, -0.2], [1.1, -0.1, 0.5]], [[0.8, 0.3, -0.2], [1.1, 0.4, 0.5]], [[0.8, -0.2, 0.5], [1.1, 0.4, 0.6]]]
start: [-0.68247000000000002, 1.88592, 1.95, 0.75317999999999996, -2.0587200000000001, -1.5561799999999999, -0.00611]
tajectories: [[-0.68247, 1.88592, 1.95, 0.75318, -2.05872, -1.55618, -0.00611], [-0.9065, 1.60409, 1.76599, 1.03725, -2.02661, -1.51117, -0.05868], [-1.13054, 1.32226, 1.58197, 1.32133, -1.99451, -1.46617, -0.11125], [-1.35458, 1.04043, 1.39796, 1.6054, -1.9624, -1.42117, -0.16382], [-1.57861, 0.7586, 1.21394, 1.88947, -1.9303, -1.37616, -0.2164], [-1.79202, 0.49015, 1.03866, 2.16006, -1.89971, -1.33329, -0.26647], [-1.53455, 0.71641, 1.27892, 2.23346, -1.6381, -1.36038, -0.25132], [-1.27709, 0.94268, 1.51919, 2.30686, -1.3765, -1.38746, -0.23617], [-1.01963, 1.16895, 1.75945, 2.38025, -1.11489, -1.41454, -0.22103], [-0.76216, 1.39521, 1.99972, 2.45365, -0.85328, -1.44163, -0.20588], [-0.5047, 1.62148, 2.23998, 2.52704, -0.59167, -1.46871, -0.19073], [-0.24723, 1.84774, 2.48025, 2.60044, -0.33006, -1.4958, -0.17558], [-0.21621, 1.87501, 2.5092, 2.60928, -0.29854, -1.49906, -0.17375], [-0.21251, 1.89072, 2.39539, 2.31501, -0.66048, -1.47931, -0.31088], [-0.20881, 1.90643, 2.28158, 2.02074, -1.02241, -1.45957, -0.44801], [-0.2051, 1.92214, 2.16778, 1.72646, -1.38434, -1.43983, -0.58514], [-0.2014, 1.93786, 2.05397, 1.43219, -1.74628, -1.42008, -0.72226]]
end: [-0.19802, 1.95221, 1.95, 1.1633500000000001, -2.0769199999999999, -1.40205, -0.84753999999999996]
obtacles: [[[0.6, -0.4, -0.2], [1.0, 0.6, -0.3]], [[0.8, -0.2, -0.2], [1.1, -0.1, 0.5]], [[0.8, 0.3, -0.2], [1.1, 0.4, 0.5]], [[0.8, -0.2, 0.5], [1.1, 0.4, 0.6]]]
start: [-0.83155999999999997, 1.7693000000000001, 1.95, 1.2816700000000001, -1.8815500000000001, -1.2748699999999999, -0.36520999999999998]
tajectories: [[-0.83156, 1.7693, 1.95, 1.28167, -1.88155, -1.27487, -0.36521], [-0.82614, 1.48428, 2.30074, 1.3341, -2.00446, -1.32685, -0.20658], [-0.82283, 1.31009, 2.5151, 1.36614, -2.07957, -1.35862, -0.10963], [-0.5324, 1.43747, 2.50194, 1.59332, -2.22217, -1.37979, -0.38686], [-0.47304, 1.46351, 2.49926, 1.63976, -2.25132, -1.38411, -0.44353], [-0.39148, 1.59639, 2.12488, 1.60428, -2.19421, -1.45394, -0.71946], [-0.33793, 1.68365, 1.87903, 1.58098, -2.15672, -1.49979, -0.90065]]
end: [-0.41083999999999998, 1.8414299999999999, 1.95, 1.59057, -1.85372, -1.2004699999999999, -1.0741499999999999]
obtacles: [[[0.6, -0.4, -0.2], [1.0, 0.6, -0.3]], [[0.8, -0.2, -0.2], [1.1, -0.1, 0.5]], [[0.8, 0.3, -0.2], [1.1, 0.4, 0.5]], [[0.8, -0.2, 0.5], [1.1, 0.4, 0.6]]]
start: [-0.71350999999999998, 1.9161600000000001, 2.1000000000000001, 0.62573000000000001, -2.1936, -1.56697, 0.18346000000000001]
tajectories: [[-0.71351, 1.91616, 2.1, 0.62573, -2.1936, -1.56697, 0.18346], [-0.86475, 1.91122, 2.06725, 0.94839, -2.44699, -1.35018, 0.07993], [-1.01599, 1.90629, 2.03451, 1.27105, -2.70039, -1.1334, -0.02359], [-1.16723, 1.90136, 2.00176, 1.59371, -2.95378, -0.91662, -0.12711], [-1.31848, 1.89643, 1.96901, 1.91637, -3.20718, -0.69984, -0.23064], [-1.46972, 1.8915, 1.93627, 2.23903, -3.46057, -0.48306, -0.33416], [-1.52255, 1.88978, 1.92483, 2.35173, -3.54908, -0.40734, -0.37032], [-1.26929, 1.90406, 1.89287, 2.13588, -3.26673, -0.61987, -0.48497], [-1.01602, 1.91834, 1.86091, 1.92002, -2.98437, -0.8324, -0.59962], [-0.76276, 1.93263, 1.82895, 1.70417, -2.70201, -1.04493, -0.71427], [-0.5095, 1.94691, 1.79699, 1.48831, -2.41966, -1.25746, -0.82891], [-0.25623, 1.96119, 1.76503, 1.27246, -2.1373, -1.46999, -0.94356]]
end: [-0.13711999999999999, 1.96791, 1.75, 1.1709400000000001, -2.0045000000000002, -1.56995, -0.99748000000000003]
obtacles: [[[0.6, -0.4, -0.2], [1.0, 0.6, -0.3]], [[0.8, -0.2, -0.2], [1.1, -0.1, 0.5]], [[0.8, 0.3, -0.2], [1.1, 0.4, 0.5]], [[0.8, -0.2, 0.5], [1.1, 0.4, 0.6]]]
start: [-0.63195000000000001, 1.6011, 1.8, 0.76080999999999999, -1.75898, -1.43574, -0.11261]
tajectories: [[-0.63195, 1.6011, 1.8, 0.76081, -1.75898, -1.43574, -0.11261], [-0.75924, 1.55471, 1.72398, 0.54306, -2.09614, -1.31193, -0.33497], [-0.88654, 1.50832, 1.64796, 0.32531, -2.43329, -1.18811, -0.55733], [-1.01383, 1.46193, 1.57194, 0.10755, -2.77045, -1.0643, -0.77969], [-1.14113, 1.41555, 1.49591, -0.1102, -3.10761, -0.94048, -1.00205], [-1.26842, 1.36916, 1.41989, -0.32795, -3.44476, -0.81666, -1.22441], [-1.39572, 1.32277, 1.34387, -0.5457, -3.78192, -0.69285, -1.44677], [-1.44416, 1.30512, 1.31494, -0.62856, -3.91022, -0.64573, -1.53139], [-1.18976, 1.22469, 1.50798, -0.33729, -4.00762, -0.45231, -1.63045], [-0.93537, 1.14427, 1.70102, -0.04602, -4.10502, -0.25888, -1.72951], [-0.68098, 1.06385, 1.89406, 0.24525, -4.20243, -0.06546, -1.82857], [-0.42658, 0.98342, 2.08711, 0.53652, -4.29983, 0.12796, -1.92763], [-0.17219, 0.903, 2.28015, 0.8278, -4.39723, 0.32138, -2.02669], [0.0822, 0.82258, 2.47319, 1.11907, -4.49463, 0.51481, -2.12575], [0.31918, 0.74766, 2.65302, 1.3904, -4.58536, 0.69499, -2.21803], [0.2269, 0.90237, 2.54524, 1.39026, -4.26009, 0.42586, -2.05161], [0.13461, 1.05708, 2.43747, 1.39012, -3.93481, 0.15672, -1.88519], [0.04232, 1.21179, 2.3297, 1.38998, -3.60954, -0.11241, -1.71877], [-0.04996, 1.3665, 2.22193, 1.38983, -3.28426, -0.38155, -1.55235], [-0.14225, 1.52122, 2.11415, 1.38969, -2.95899, -0.65068, -1.38593], [-0.23454, 1.67593, 2.00638, 1.38955, -2.63371, -0.91982, -1.21951], [-0.32683, 1.83064, 1.89861, 1.3894, -2.30844, -1.18895, -1.05309]]
end: [-0.41127000000000002, 1.9722, 1.8, 1.38927, -2.0108199999999998, -1.4352100000000001, -0.90081999999999995]
obtacles: [[[0.6, -0.4, -0.2], [1.0, 0.6, -0.3]], [[0.8, -0.2, -0.2], [1.1, -0.1, 0.5]], [[0.8, 0.3, -0.2], [1.1, 0.4, 0.5]], [[0.8, -0.2, 0.5], [1.1, 0.4, 0.6]]]
start: [-0.72106999999999999, 1.6243000000000001, 1.8999999999999999, 1.0807, -1.7785, -1.30813, -0.32321]
tajectories: [[-0.72107, 1.6243, 1.9, 1.0807, -1.7785, -1.30813, -0.32321], [-1.00808, 1.56859, 1.81953, 1.20483, -1.94697, -1.04506, -0.11095], [-1.29509, 1.51288, 1.73906, 1.32896, -2.11544, -0.78199, 0.1013], [-1.5821, 1.45717, 1.65859, 1.45308, -2.2839, -0.51892, 0.31355], [-1.65953, 1.44214, 1.63688, 1.48657, -2.32935, -0.44795, 0.37081], [-1.50131, 1.46702, 1.36589, 1.65465, -2.54317, -0.6958, 0.24625], [-1.3431, 1.4919, 1.0949, 1.82273, -2.75699, -0.94364, 0.12168], [-1.18489, 1.51678, 0.82391, 1.99082, -2.97081, -1.19148, -0.00289], [-1.07042, 1.53479, 0.62786, 2.11242, -3.1255, -1.37079, -0.09301], [-0.86792, 1.59718, 0.89228, 1.93579, -2.87711, -1.36665, -0.29861], [-0.66541, 1.65958, 1.15669, 1.75916, -2.62873, -1.36251, -0.50422], [-0.46291, 1.72198, 1.4211, 1.58252, -2.38034, -1.35837, -0.70982], [-0.2604, 1.78438, 1.68552, 1.40589, -2.13195, -1.35423, -0.91542]]
end: [-0.096140000000000003, 1.8349899999999999, 1.8999999999999999, 1.2626200000000001, -1.9304699999999999, -1.35087, -1.0822000000000001]
obtacles: [[[0.6, -0.4, -0.2], [1.0, 0.6, -0.3]], [[0.8, -0.2, -0.2], [1.1, -0.1, 0.5]], [[0.8, 0.3, -0.2], [1.1, 0.4, 0.5]], [[0.8, -0.2, 0.5], [1.1, 0.4, 0.6]]]
start: [-0.84840000000000004, 1.7545900000000001, 1.8999999999999999, 1.2209700000000001, -1.86375, -1.3325899999999999, -0.30664999999999998]
tajectories: [[-0.8484, 1.75459, 1.9, 1.22097, -1.86375, -1.33259, -0.30665], [-0.90241, 1.69643, 2.07344, 1.5948, -1.94644, -1.10304, -0.42642], [-0.95642, 1.63828, 2.24687, 1.96862, -2.02913, -0.87349, -0.5462], [-1.01043, 1.58012, 2.42031, 2.34245, -2.11183, -0.64394, -0.66597], [-1.06444, 1.52197, 2.59374, 2.71627, -2.19452, -0.41439, -0.78574], [-1.08362, 1.50131, 2.65536, 2.84909, -2.2239, -0.33284, -0.82829], [-0.87667, 1.55075, 2.50165, 2.48711, -2.15521, -0.5445, -0.85167], [-0.66971, 1.60019, 2.34795, 2.12512, -2.08651, -0.75616, -0.87505], [-0.46275, 1.64963, 2.19424, 1.76314, -2.01781, -0.96782, -0.89842], [-0.2558, 1.69907, 2.04053, 1.40115, -1.94912, -1.17948, -0.9218]]
end: [-0.066589999999999996, 1.74427, 1.8999999999999999, 1.0702199999999999, -1.8863099999999999, -1.3729800000000001, -0.94316999999999995]
obtacles: [[[0.6, -0.4, -0.2], [1.0, 0.6, -0.3]], [[0.8, -0.2, -0.2], [1.1, -0.1, 0.5]], [[0.8, 0.3, -0.2], [1.1, 0.4, 0.5]], [[0.8, -0.2, 0.5], [1.1, 0.4, 0.6]]]
start: [-0.66271000000000002, 1.8568100000000001, 1.8999999999999999, 0.97602999999999995, -1.9926699999999999, -1.4718199999999999, -0.24429000000000001]
tajectories: [[-0.66271, 1.85681, 1.9, 0.97603, -1.99267, -1.47182, -0.24429], [-0.93928, 1.59459, 1.69704, 1.1393, -2.16809, -1.49225, -0.16871], [-1.21585, 1.33237, 1.49407, 1.30257, -2.3435, -1.51269, -0.09312], [-1.49242, 1.07016, 1.29111, 1.46583, -2.51892, -1.53313, -0.01754], [-1.63526, 0.93473, 1.18628, 1.55016, -2.60952, -1.54368, 0.0215], [-1.25166, 0.78392, 1.33126, 1.7271, -2.47519, -1.54547, -0.07714], [-0.86805, 0.63311, 1.47623, 1.90404, -2.34087, -1.54726, -0.17578], [-0.48444, 0.4823, 1.62121, 2.08098, -2.20654, -1.54905, -0.27443], [-0.10084, 0.33149, 1.76618, 2.25792, -2.07222, -1.55084, -0.37307], [0.05156, 0.27158, 1.82377, 2.32821, -2.01886, -1.55155, -0.41226], [-0.0535, 0.67077, 1.84199, 2.05753, -2.02414, -1.52085, -0.48326], [-0.15856, 1.06996, 1.8602, 1.78685, -2.02943, -1.49015, -0.55427], [-0.26362, 1.46914, 1.87841, 1.51617, -2.03472, -1.45945, -0.62527], [-0.36868, 1.86833, 1.89663, 1.24548, -2.04, -1.42875, -0.69628]]
end: [-0.38812000000000002, 1.9422200000000001, 1.8999999999999999, 1.1953800000000001, -2.0409799999999998, -1.4230700000000001, -0.70942000000000005]
obtacles: [[[0.6, -0.4, -0.2], [1.0, 0.6, -0.3]], [[0.8, -0.2, -0.2], [1.1, -0.1, 0.5]], [[0.8, 0.3, -0.2], [1.1, 0.4, 0.5]], [[0.8, -0.2, 0.5], [1.1, 0.4, 0.6]]]
start: [-0.73016000000000003, 1.8597300000000001, 2.1499999999999999, 1.3599600000000001, -2.0217200000000002, -1.1002000000000001, -0.43329000000000001]
tajectories: [[-0.73016, 1.85973, 2.15, 1.35996, -2.02172, -1.1002, -0.43329], [-0.8609, 1.5546, 2.34746, 1.49958, -2.04979, -1.28494, -0.21789], [-0.91501, 1.42831, 2.42918, 1.55737, -2.06141, -1.3614, -0.12874], [-0.54016, 1.52476, 2.20587, 1.6795, -2.16247, -1.33604, -0.28541], [-0.30446, 1.58541, 2.06546, 1.7563, -2.226, -1.32009, -0.38392], [-0.19369, 1.79621, 2.11496, 1.47092, -2.177, -1.24022, -0.70113]]
end: [-0.11526, 1.94546, 2.1499999999999999, 1.2688699999999999, -2.1423100000000002, -1.18367, -0.92571999999999999]
