obtacles: [[[0.6, -0.4, -0.2], [1.0, 0.6, -0.3]], [[0.7, -0.3, -0.2], [0.9, -0.2, 0.3]], [[0.7, 0.1, -0.2], [0.9, 0.2, 0.3]], [[0.7, -0.3, 0.3], [0.9, 0.2, 0.4]]]
start: [-1.1270899999999999, 1.7519199999999999, 1.8, 1.07223, -1.8407500000000001, -1.4604200000000001, 0.090759999999999993]
tajectories: [[-1.12709, 1.75192, 1.8, 1.07223, -1.84075, -1.46042, 0.09076], [-1.18249, 1.65673, 1.83829, 1.21779, -2.0488, -1.40896, -0.32068], [-1.2379, 1.56155, 1.87658, 1.36334, -2.25684, -1.35749, -0.73213], [-1.29331, 1.46636, 1.91487, 1.50889, -2.46488, -1.30602, -1.14357], [-1.34872, 1.37117, 1.95316, 1.65444, -2.67293, -1.25455, -1.55502], [-1.37992, 1.31757, 1.97473, 1.73641, -2.79009, -1.22556, -1.78674], [-1.13265, 1.49572, 1.78904, 1.96867, -2.69482, -0.9831, -1.81553], [-0.88538, 1.67388, 1.60336, 2.20093, -2.59955, -0.74064, -1.84433], [-0.63811, 1.85203, 1.41768, 2.43319, -2.50427, -0.49818, -1.87313], [-0.50705, 1.94646, 1.31926, 2.55629, -2.45378, -0.36967, -1.88839], [-0.61357, 1.94539, 1.43997, 2.37321, -2.26912, -0.66888, -1.62965], [-0.72008, 1.94433, 1.56067, 2.19014, -2.08447, -0.96808, -1.37091], [-0.8266, 1.94326, 1.68137, 2.00707, -1.89982, -1.26729, -1.11217]]
end: [-0.84302999999999995, 1.94309, 1.7, 1.97882, -1.8713200000000001, -1.3134600000000001, -1.0722499999999999]
obtacles: [[[0.6, -0.4, -0.2], [1.0, 0.6, -0.3]], [[0.7, -0.3, -0.2], [0.9, -0.2, 0.3]], [[0.7, 0.1, -0.2], [0.9, 0.2, 0.3]], [[0.7, -0.3, 0.3], [0.9, 0.2, 0.4]]]
start: [-0.88529999999999998, 1.9345399999999999, 2.3999999999999999, 0.48247000000000001, -2.4584000000000001, -1.5662199999999999, 0.56652999999999998]
tajectories: [[-0.8853, 1.93454, 2.4, 0.48247, -2.4584, -1.56622, 0.56653], [-0.93732, 1.69467, 2.2099, 0.75109, -2.4387, -1.53408, 0.28362], [-0.98934, 1.4548, 2.0198, 1.01971, -2.419, -1.50194, 0.0007], [-1.04136, 1.21493, 1.82969, 1.28833, -2.3993, -1.46981, -0.28221], [-1.09338, 0.97506, 1.63959, 1.55695, -2.3796, -1.43767, -0.56512], [-1.14539, 0.73519, 1.44949, 1.82557, -2.3599, -1.40553, -0.84804], [-1.19741, 0.49531, 1.25939, 2.09419, -2.34021, -1.37339, -1.13095], [-1.24943, 0.25544, 1.06928, 2.36281, -2.32051, -1.34126, -1.41387], [-1.26608, 0.17869, 1.00846, 2.44875, -2.3142, -1.33098, -1.50439], [-1.08935, 0.50697, 1.14063, 2.39049, -2.44573, -1.24028, -1.75858], [-0.91262, 0.83525, 1.27281, 2.33223, -2.57726, -1.14959, -2.01276], [-0.7359, 1.16353, 1.40498, 2.27397, -2.70879, -1.0589, -2.26695], [-0.55917, 1.49181, 1.53716, 2.21571, -2.84032, -0.9682, -2.52114], [-0.39832, 1.79062, 1.65746, 2.16268, -2.96004, -0.88565, -2.75251], [-0.46757, 1.82701, 1.71417, 2.08493, -2.70658, -0.9535, -2.34535], [-0.53682, 1.86339, 1.77087, 2.00718, -2.45312, -1.02135, -1.9382], [-0.60607, 1.89978, 1.82758, 1.92944, -2.19966, -1.0892, -1.53104], [-0.67532, 1.93617, 1.88428, 1.85169, -1.94621, -1.15705, -1.12388]]
end: [-0.69452000000000003, 1.9462600000000001, 1.8999999999999999, 1.8301400000000001, -1.87595, -1.1758599999999999, -1.01102]
obtacles: [[[0.6, -0.4, -0.2], [1.0, 0.6, -0.3]], [[0.7, -0.3, -0.2], [0.9, -0.2, 0.3]], [[0.7, 0.1, -0.2], [0.9, 0.2, 0.3]], [[0.7, -0.3, 0.3], [0.9, 0.2, 0.4]]]
start: [-1.02529, 1.7095899999999999, 1.8999999999999999, 0.82064999999999999, -1.8993500000000001, -1.43041, 0.25103999999999999]
tajectories: [[-1.02529, 1.70959, 1.9, 0.82065, -1.89935, -1.43041, 0.25104], [-1.1224, 1.55767, 1.55612, 0.93033, -1.96859, -1.29798, -0.00366], [-1.21951, 1.40574, 1.21224, 1.04, -2.03783, -1.16554, -0.25837], [-1.31662, 1.25382, 0.86837, 1.14968, -2.10707, -1.0331, -0.51307], [-1.41373, 1.1019, 0.52449, 1.25935, -2.17631, -0.90066, -0.76778], [-1.47604, 1.00441, 0.30383, 1.32973, -2.22075, -0.81568, -0.93122], [-1.46741, 1.02008, 0.41203, 1.661, -1.89155, -0.68328, -0.88295], [-1.45878, 1.03576, 0.52023, 1.99227, -1.56235, -0.55088, -0.83468], [-1.45015, 1.05144, 0.62844, 2.32354, -1.23314, -0.41848, -0.78641], [-1.44151, 1.06711, 0.73664, 2.65481, -0.90394, -0.28608, -0.73815], [-1.43564, 1.07778, 0.81029, 2.88029, -0.67987, -0.19596, -0.70529], [-1.29256, 1.25554, 1.05454, 2.70931, -0.90228, -0.40759, -0.82689], [-1.14947, 1.43329, 1.29879, 2.53832, -1.12469, -0.61922, -0.94848], [-1.00639, 1.61105, 1.54304, 2.36734, -1.3471, -0.83085, -1.07008], [-0.86331, 1.7888, 1.78729, 2.19636, -1.5695, -1.04247, -1.19167]]
end: [-0.79727999999999999, 1.87083, 1.8999999999999999, 2.1174499999999998, -1.67214, -1.1401300000000001, -1.2477799999999999]
obtacles: [[[0.6, -0.4, -0.2], [1.0, 0.6, -0.3]], [[0.7, -0.3, -0.2], [0.9, -0.2, 0.3]], [[0.7, 0.1, -0.2], [0.9, 0.2, 0.3]], [[0.7, -0.3, 0.3], [0.9, 0.2, 0.4]]]
start: [-1.02427, 1.7489699999999999, 2.1499999999999999, 0.80291000000000001, -2.11788, -1.3031999999999999, 0.35006999999999999]
tajectories: [[-1.02427, 1.74897, 2.15, 0.80291, -2.11788, -1.3032, 0.35007], [-1.28005, 1.4946, 2.23909, 0.75161, -2.3584, -1.23611, 0.1334], [-1.53583, 1.24022, 2.32817, 0.70031, -2.59893, -1.16902, -0.08327], [-1.79161, 0.98584, 2.41726, 0.64901, -2.83946, -1.10193, -0.29994], [-2.04739, 0.73146, 2.50634, 0.59771, -3.07998, -1.03485, -0.51661], [-2.30318, 0.47709, 2.59543, 0.54641, -3.32051, -0.96776, -0.73328], [-2.54951, 0.2321, 2.68122, 0.49701, -3.55215, -0.90315, -0.94195], [-2.41703, 0.39816, 2.4901, 0.7833, -3.67819, -0.84506, -1.20104], [-2.28455, 0.56422, 2.29899, 1.06959, -3.80422, -0.78697, -1.46012], [-2.15208, 0.73027, 2.10787, 1.35589, -3.93026, -0.72889, -1.71921], [-2.0196, 0.89633, 1.91675, 1.64218, -4.0563, -0.6708, -1.9783], [-1.91852, 1.02302, 1.77094, 1.86061, -4.15246, -0.62648, -2.17597], [-1.72643, 1.17918, 1.75059, 1.88584, -3.77155, -0.74728, -2.00871], [-1.53434, 1.33534, 1.73024, 1.91107, -3.39063, -0.86808, -1.84144], [-1.34224, 1.4915, 1.70989, 1.9363, -3.00972, -0.98887, -1.67418], [-1.15015, 1.64765, 1.68954, 1.96152, -2.6288, -1.10967, -1.50692], [-0.95806, 1.80381, 1.66919, 1.98675, -2.24789, -1.23047, -1.33966]]
end: [-0.77690999999999999, 1.9510700000000001, 1.6499999999999999, 2.0105400000000002, -1.8886799999999999, -1.3443799999999999, -1.1819299999999999]
obtacles: [[[0.6, -0.4, -0.2], [1.0, 0.6, -0.3]], [[0.7, -0.3, -0.2], [0.9, -0.2, 0.3]], [[0.7, 0.1, -0.2], [0.9, 0.2, 0.3]], [[0.7, -0.3, 0.3], [0.9, 0.2, 0.4]]]
start: [-1.0319, 1.86948, 1.8, 1.01634, -1.94407, -1.54111, 0.055800000000000002]
tajectories: [[-1.0319, 1.86948, 1.8, 1.01634, -1.94407, -1.54111, 0.0558], [-1.26806, 1.88331, 1.7019, 1.30001, -1.96206, -1.45296, -0.2538], [-1.50421, 1.89714, 1.60381, 1.58368, -1.98005, -1.36481, -0.56341], [-1.74037, 1.91097, 1.50571, 1.86734, -1.99804, -1.27667, -0.87302], [-1.97652, 1.9248, 1.40761, 2.15101, -2.01604, -1.18852, -1.18263], [-2.21267, 1.93863, 1.30952, 2.43467, -2.03403, -1.10037, -1.49223], [-2.31551, 1.94465, 1.2668, 2.55821, -2.04186, -1.06199, -1.62706], [-2.02446, 1.66091, 1.08655, 2.56437, -2.02334, -1.05894, -1.85488], [-1.73341, 1.37717, 0.90631, 2.57054, -2.00482, -1.0559, -2.0827], [-1.44235, 1.09343, 0.72606, 2.5767, -1.9863, -1.05285, -2.31051], [-1.1513, 0.80969, 0.54581, 2.58287, -1.96778, -1.0498, -2.53833], [-0.86025, 0.52595, 0.36557, 2.58903, -1.94926, -1.04676, -2.76614], [-0.67426, 0.34463, 0.25039, 2.59297, -1.93743, -1.04481, -2.91172], [-0.66586, 0.61604, 0.47602, 2.44257, -1.94162, -1.12036, -2.60026], [-0.65747, 0.88746, 0.70165, 2.29216, -1.94582, -1.19591, -2.2888], [-0.64907, 1.15887, 0.92728, 2.14176, -1.95002, -1.27146, -1.97734], [-0.64067, 1.43029, 1.1529, 1.99135, -1.95422, -1.34701, -1.66587], [-0.63228, 1.7017, 1.37853, 1.84095, -1.95841, -1.42256, -1.35441]]
end: [-0.62404000000000004, 1.96811, 1.6000000000000001, 1.6933199999999999, -1.9625300000000001, -1.4967200000000001, -1.0487]
