obtacles: [[[0.6, -0.4, -0.2], [1.0, 0.6, -0.3]], [[0.7, -0.3, -0.2], [0.9, -0.2, 0.4]], [[0.7, 0.3, -0.2], [0.9, 0.4, 0.4]], [[0.7, -0.3, 0.4], [0.9, 0.4, 0.5]]]
start: [2.1227399999999998, -1.61822, -1.3999999999999999, 1.2611000000000001, -1.6689099999999999, -1.4230100000000001, -0.23091999999999999]
tajectories: [[2.12274, -1.61822, -1.4, 1.2611, -1.66891, -1.42301, -0.23092], [1.99752, -1.34975, -1.22436, 1.45023, -1.49991, -1.16483, -0.21064], [1.8723, -1.08128, -1.04873, 1.63935, -1.33091, -0.90666, -0.19035], [1.74708, -0.8128, -0.87309, 1.82848, -1.16191, -0.64849, -0.17007], [1.62186, -0.54433, -0.69745, 2.0176, -0.99292, -0.39031, -0.14979], [1.49664, -0.27586, -0.52181, 2.20673, -0.82392, -0.13214, -0.1295], [1.39017, -0.04758, -0.37248, 2.36753, -0.68022, 0.08738, -0.11226], [1.36193, 0.12069, -0.29191, 2.40815, -0.7275, 0.32671, -0.5037], [1.33369, 0.28897, -0.21135, 2.44876, -0.77477, 0.56604, -0.89515], [1.30546, 0.45724, -0.13078, 2.48937, -0.82205, 0.80537, -1.2866], [1.27722, 0.62552, -0.05022, 2.52998, -0.86933, 1.04471, -1.67804], [1.24898, 0.79379, 0.03035, 2.5706, -0.9166, 1.28404, -2.06949], [1.22074, 0.96207, 0.11091, 2.61121, -0.96388, 1.52337, -2.46094], [1.2155, 0.9933, 0.12586, 2.61874, -0.97265, 1.56779, -2.53359], [1.0372, 1.14333, -0.20595, 2.32704, -0.99402, 1.56755, -2.52621], [0.8589, 1.29335, -0.53776, 2.03534, -1.01539, 1.56732, -2.51883], [0.6806, 1.44338, -0.86958, 1.74364, -1.03676, 1.56709, -2.51145], [0.5023, 1.59341, -1.20139, 1.45194, -1.05813, 1.56685, -2.50407], [0.324, 1.74343, -1.5332, 1.16023, -1.07949, 1.56662, -2.49669], [0.1457, 1.89346, -1.86501, 0.86853, -1.10086, 1.56638, -2.48931]]
end: [0.12690000000000001, 1.9092800000000001, -1.8999999999999999, 0.83777000000000001, -1.10311, 1.56636, -2.4885299999999999]
obtacles: [[[0.6, -0.4, -0.2], [1.0, 0.6, -0.3]], [[0.7, -0.3, -0.2], [0.9, -0.2, 0.4]], [[0.7, 0.3, -0.2], [0.9, 0.4, 0.4]], [[0.7, -0.3, 0.4], [0.9, 0.4, 0.5]]]
start: [-0.18421999999999999, 1.9538, -1.8500000000000001, 1.4524900000000001, -1.14791, 1.3594999999999999, -1.60487]
tajectories: [[-0.18422, 1.9538, -1.85, 1.45249, -1.14791, 1.3595, -1.60487], [-0.0075, 1.62433, -1.71508, 1.73824, -1.1128, 1.33298, -1.51306], [0.07012, 1.47962, -1.65582, 1.86375, -1.09738, 1.32133, -1.47274], [0.33187, 1.60225, -1.88321, 2.10904, -1.16073, 1.42092, -1.67434], [0.43072, 1.64857, -1.96909, 2.20169, -1.18466, 1.45854, -1.75048]]
end: [0.55928, 1.80738, -1.8500000000000001, 1.9374, -1.44017, 1.2301200000000001, -1.8193600000000001]
obtacles: [[[0.6, -0.4, -0.2], [1.0, 0.6, -0.3]], [[0.7, -0.3, -0.2], [0.9, -0.2, 0.4]], [[0.7, 0.3, -0.2], [0.9, 0.4, 0.4]], [[0.7, -0.3, 0.4], [0.9, 0.4, 0.5]]]
start: [-0.34952, 1.7881499999999999, -1.8500000000000001, 1.10778, -1.2487999999999999, 1.42584, -1.7385299999999999]
tajectories: [[-0.34952, 1.78815, -1.85, 1.10778, -1.2488, 1.42584, -1.73853], [-0.31977, 1.62765, -1.81318, 1.57584, -1.22153, 1.38121, -1.75215], [-0.3047, 1.54639, -1.79454, 1.81279, -1.20773, 1.35861, -1.75905], [-0.02818, 1.20128, -1.69254, 1.94947, -1.15626, 1.20796, -1.7589], [0.06056, 1.09054, -1.65981, 1.99333, -1.13974, 1.15961, -1.75886], [0.34671, 1.32423, -1.76632, 2.18674, -1.17896, 1.23815, -1.99772], [0.49125, 1.44227, -1.82013, 2.28443, -1.19877, 1.27782, -2.11838], [0.66609, 1.74899, -1.84094, 1.94347, -1.27871, 1.25211, -2.15854]]
end: [0.74221999999999999, 1.8825400000000001, -1.8500000000000001, 1.7949999999999999, -1.31352, 1.24091, -2.1760199999999998]
obtacles: [[[0.6, -0.4, -0.2], [1.0, 0.6, -0.3]], [[0.7, -0.3, -0.2], [0.9, -0.2, 0.4]], [[0.7, 0.3, -0.2], [0.9, 0.4, 0.4]], [[0.7, -0.3, 0.4], [0.9, 0.4, 0.5]]]
start: [-0.85099000000000002, 1.5748899999999999, -1.55, -0.85843000000000003, -4.7290799999999997, -1.5577300000000001, -0.0072899999999999996]
tajectories: [[-0.85099, 1.57489, -1.55, -0.85843, -4.72908, -1.55773, -0.00729], [-0.94155, 1.45025, -1.27051, -0.5376, -4.63574, -1.39103, 0.08605], [-1.03211, 1.3256, -0.99102, -0.21676, -4.54239, -1.22432, 0.17938], [-1.12267, 1.20096, -0.71153, 0.10407, -4.44905, -1.05762, 0.27271], [-1.21322, 1.07632, -0.43204, 0.4249, -4.35571, -0.89091, 0.36604], [-1.30378, 0.95167, -0.15255, 0.74573, -4.26236, -0.72421, 0.45937], [-1.39434, 0.82703, 0.12694, 1.06656, -4.16902, -0.5575, 0.55271], [-1.4849, 0.70239, 0.40644, 1.3874, -4.07567, -0.39079, 0.64604], [-1.57546, 0.57774, 0.68593, 1.70823, -3.98233, -0.22409, 0.73937], [-1.66602, 0.4531, 0.96542, 2.02906, -3.88899, -0.05738, 0.8327], [-1.73745, 0.35478, 1.18589, 2.28214, -3.81535, 0.07412, 0.90633], [-1.26328, 0.34558, 1.26546, 2.29354, -3.90234, 0.04118, 1.00616], [-0.78911, 0.33638, 1.34503, 2.30494, -3.98933, 0.00825, 1.10598], [-0.31495, 0.32718, 1.42461, 2.31634, -4.07632, -0.02469, 1.20581], [0.15922, 0.31798, 1.50418, 2.32775, -4.16331, -0.05762, 1.30564], [0.63339, 0.30878, 1.58375, 2.33915, -4.2503, -0.09056, 1.40547], [1.10756, 0.29959, 1.66333, 2.35055, -4.33729, -0.12349, 1.5053], [1.37974, 0.29431, 1.709, 2.35709, -4.38723, -0.1424, 1.5626], [1.30422, 0.46904, 1.28901, 2.31637, -4.4188, -0.32423, 1.522], [1.22869, 0.64378, 0.86901, 2.27566, -4.45036, -0.50606, 1.4814], [1.15316, 0.81852, 0.44901, 2.23494, -4.48193, -0.68789, 1.44081], [1.07764, 0.99326, 0.02902, 2.19422, -4.5135, -0.86972, 1.40021], [1.00211, 1.168, -0.39098, 2.1535, -4.54507, -1.05155, 1.35961], [0.92659, 1.34274, -0.81098, 2.11278, -4.57664, -1.23338, 1.31901], [0.85106, 1.51747, -1.23097, 2.07207, -4.60821, -1.41521, 1.27841]]
end: [0.79369000000000001, 1.6501999999999999, -1.55, 2.04114, -4.6321899999999996, -1.55332, 1.2475700000000001]
obtacles: [[[0.6, -0.4, -0.2], [1.0, 0.6, -0.3]], [[0.7, -0.3, -0.2], [0.9, -0.2, 0.4]], [[0.7, 0.3, -0.2], [0.9, 0.4, 0.4]], [[0.7, -0.3, 0.4], [0.9, 0.4, 0.5]]]
start: [2.2467199999999998, -1.86297, -1.0, 0.71701000000000004, -2.19408, -1.4475899999999999, 0.30387999999999998]
tajectories: [[2.24672, -1.86297, -1.0, 0.71701, -2.19408, -1.44759, 0.30388], [2.11654, -1.67455, -1.23907, 0.95931, -2.11963, -1.20229, 0.43025], [1.98637, -1.48614, -1.47815, 1.20162, -2.04517, -0.95699, 0.55662], [1.85619, -1.29772, -1.71722, 1.44392, -1.97071, -0.71169, 0.68299], [1.72602, -1.1093, -1.9563, 1.68623, -1.89625, -0.46639, 0.80936], [1.59584, -0.92089, -2.19537, 1.92853, -1.82179, -0.22109, 0.93573], [1.46567, -0.73247, -2.43444, 2.17083, -1.74734, 0.02421, 1.0621], [1.33549, -0.54405, -2.67352, 2.41314, -1.67288, 0.26952, 1.18847], [1.31335, -0.512, -2.71419, 2.45436, -1.66021, 0.31125, 1.20997], [1.19974, -0.29095, -2.58419, 2.42402, -1.43251, 0.49439, 0.91839], [1.08613, -0.0699, -2.45418, 2.39367, -1.2048, 0.67753, 0.6268], [0.97252, 0.15115, -2.32418, 2.36333, -0.9771, 0.86066, 0.33522], [0.85892, 0.37219, -2.19418, 2.33299, -0.74939, 1.0438, 0.04364], [0.74531, 0.59324, -2.06418, 2.30264, -0.52168, 1.22694, -0.24794], [0.6317, 0.81429, -1.93418, 2.2723, -0.29398, 1.41008, -0.53953], [0.57064, 0.9331, -1.8643, 2.25599, -0.17159, 1.50852, -0.69625], [0.65463, 1.1103, -1.78949, 2.19349, -0.4794, 1.51742, -1.02368], [0.73863, 1.2875, -1.71468, 2.131, -0.78722, 1.52633, -1.35112], [0.82263, 1.4647, -1.63988, 2.0685, -1.09504, 1.53523, -1.67855], [0.90663, 1.6419, -1.56507, 2.00601, -1.40286, 1.54414, -2.00598]]
end: [0.92354999999999998, 1.6776, -1.55, 1.99342, -1.4648699999999999, 1.54593, -2.07193]
obtacles: [[[0.6, -0.4, -0.2], [1.0, 0.6, -0.3]], [[0.7, -0.3, -0.2], [0.9, -0.2, 0.4]], [[0.7, 0.3, -0.2], [0.9, 0.4, 0.4]], [[0.7, -0.3, 0.4], [0.9, 0.4, 0.5]]]
start: [2.0904400000000001, -1.95086, -1.3500000000000001, 1.5242800000000001, -1.96793, -1.3837999999999999, -0.39276]
tajectories: [[2.09044, -1.95086, -1.35, 1.52428, -1.96793, -1.3838, -0.39276], [1.84, -1.86538, -1.46498, 1.65009, -2.29522, -1.41676, -0.59945], [1.58956, -1.7799, -1.57996, 1.77589, -2.62251, -1.44972, -0.80615], [1.33913, -1.69443, -1.69494, 1.9017, -2.9498, -1.48268, -1.01284], [1.2323, -1.65797, -1.74398, 1.95536, -3.08941, -1.49674, -1.10101], [1.42364, -1.41793, -1.72251, 2.08782, -3.30272, -1.36261, -0.82847], [1.61498, -1.1779, -1.70105, 2.22028, -3.51603, -1.22848, -0.55593], [1.80631, -0.93786, -1.67958, 2.35274, -3.72933, -1.09435, -0.2834], [1.98384, -0.71516, -1.65966, 2.47563, -3.92723, -0.96991, -0.03054], [2.04554, -0.90267, -1.60398, 2.3634, -3.52571, -1.03098, -0.20485], [2.10724, -1.09018, -1.54829, 2.25118, -3.12418, -1.09206, -0.37915], [2.16894, -1.27769, -1.49261, 2.13895, -2.72265, -1.15313, -0.55346], [2.23064, -1.46519, -1.43692, 2.02672, -2.32112, -1.21421, -0.72777], [2.29234, -1.6527, -1.38123, 1.91449, -1.91959, -1.27528, -0.90208]]
end: [2.3269500000000001, -1.75787, -1.3500000000000001, 1.85154, -1.69438, -1.3095399999999999, -0.99985000000000002]
obtacles: [[[0.6, -0.4, -0.2], [1.0, 0.6, -0.3]], [[0.7, -0.3, -0.2], [0.9, -0.2, 0.4]], [[0.7, 0.3, -0.2], [0.9, 0.4, 0.4]], [[0.7, -0.3, 0.4], [0.9, 0.4, 0.5]]]
start: [2.0657800000000002, -1.94059, -1.3500000000000001, 1.3913, -1.9777, -1.43397, -0.24576000000000001]
tajectories: [[2.06578, -1.94059, -1.35, 1.3913, -1.9777, -1.43397, -0.24576], [1.83478, -1.6108, -1.20986, 1.38741, -2.03506, -1.29694, -0.0309], [1.60378, -1.28102, -1.06973, 1.38352, -2.09241, -1.1599, 0.18395], [1.37278, -0.95123, -0.92959, 1.37964, -2.14977, -1.02287, 0.3988], [1.25255, -0.77958, -0.85665, 1.37761, -2.17963, -0.95154, 0.51063], [1.27046, -0.39809, -0.97402, 1.59894, -2.09274, -0.82081, 0.38122], [1.28837, -0.01661, -1.0914, 1.82026, -2.00586, -0.69008, 0.25181], [1.30627, 0.36488, -1.20877, 2.04159, -1.91897, -0.55935, 0.12239], [1.32418, 0.74637, -1.32614, 2.26292, -1.83209, -0.42862, -0.00702], [1.34103, 1.10526, -1.43656, 2.47114, -1.75035, -0.30563, -0.12877], [1.23922, 1.20864, -1.4557, 2.35214, -1.69502, 0.00956, -0.46345], [1.13741, 1.31202, -1.47484, 2.23313, -1.63968, 0.32476, -0.79813], [1.03559, 1.41539, -1.49398, 2.11413, -1.58435, 0.63995, -1.13281], [0.93378, 1.51877, -1.51312, 1.99513, -1.52902, 0.95515, -1.46749], [0.83197, 1.62214, -1.53226, 1.87613, -1.47368, 1.27034, -1.80217]]
end: [0.73758000000000001, 1.7179800000000001, -1.55, 1.7658, -1.42238, 1.5625599999999999, -2.1124499999999999]
obtacles: [[[0.6, -0.4, -0.2], [1.0, 0.6, -0.3]], [[0.7, -0.3, -0.2], [0.9, -0.2, 0.4]], [[0.7, 0.3, -0.2], [0.9, 0.4, 0.4]], [[0.7, -0.3, 0.4], [0.9, 0.4, 0.5]]]
start: [2.3231199999999999, -1.5967800000000001, -1.5, 0.80135999999999996, -1.6387499999999999, -1.5380799999999999, 0.019140000000000001]
tajectories: [[2.32312, -1.59678, -1.5, 0.80136, -1.63875, -1.53808, 0.01914], [2.04883, -1.58006, -1.17416, 0.77846, -1.41243, -1.42809, -0.04774], [1.77454, -1.56334, -0.84832, 0.75556, -1.18612, -1.31811, -0.11462], [1.50025, -1.54662, -0.52247, 0.73266, -0.95981, -1.20813, -0.18151], [1.22596, -1.5299, -0.19663, 0.70976, -0.73349, -1.09815, -0.24839], [0.95167, -1.51317, 0.12921, 0.68686, -0.50718, -0.98816, -0.31528], [0.67738, -1.49645, 0.45505, 0.66396, -0.28087, -0.87818, -0.38216], [0.40309, -1.47973, 0.78089, 0.64106, -0.05455, -0.7682, -0.44905], [0.32782, -1.47514, 0.8703, 0.63477, 0.00755, -0.73802, -0.4674], [-0.01496, -1.28082, 0.93822, 0.76917, -0.0884, -0.49171, -0.51421], [-0.35775, -1.08651, 1.00614, 0.90357, -0.18434, -0.2454, -0.56101], [-0.70053, -0.89219, 1.07406, 1.03797, -0.28029, 0.0009, -0.60782], [-1.04332, -0.69788, 1.14198, 1.17237, -0.37624, 0.24721, -0.65463], [-1.3861, -0.50356, 1.2099, 1.30677, -0.47218, 0.49352, -0.70143], [-1.53396, -0.41975, 1.2392, 1.36474, -0.51357, 0.59976, -0.72162], [-1.71774, -0.63485, 0.94974, 1.49137, -0.34843, 0.73457, -0.87876], [-1.90152, -0.84996, 0.66029, 1.61801, -0.18329, 0.86938, -1.03589], [-2.0853, -1.06506, 0.37084, 1.74464, -0.01815, 1.00419, -1.19302], [-2.26908, -1.28017, 0.08139, 1.87127, 0.14699, 1.139, -1.35016], [-2.42902, -1.46737, -0.17052, 1.98148, 0.2907, 1.25633, -1.48691], [-2.38638, -1.56487, 0.17266, 1.9166, 0.00753, 1.31676, -1.66816], [-2.34374, -1.66236, 0.51584, 1.85172, -0.27565, 1.37719, -1.84942], [-2.30111, -1.75985, 0.85902, 1.78683, -0.55882, 1.43762, -2.03067], [-2.25847, -1.85734, 1.2022, 1.72195, -0.842, 1.49805, -2.21193], [-2.21583, -1.95484, 1.54538, 1.65707, -1.12517, 1.55849, -2.39319]]
end: [-2.2090399999999999, -1.97035, 1.6000000000000001, 1.6467400000000001, -1.1702399999999999, 1.5681, -2.4220299999999999]
obtacles: [[[0.6, -0.4, -0.2], [1.0, 0.6, -0.3]], [[0.7, -0.3, -0.2], [0.9, -0.2, 0.4]], [[0.7, 0.3, -0.2], [0.9, 0.4, 0.4]], [[0.7, -0.3, 0.4], [0.9, 0.4, 0.5]]]
start: [-0.59611999999999998, 1.6953800000000001, 2.0, 0.30713000000000001, 1.125, 1.5644100000000001, -2.8239700000000001]
tajectories: [[-0.59612, 1.69538, 2.0, 0.30713, 1.125, 1.56441, -2.82397], [-0.73924, 1.71179, 1.98001, 0.52224, 1.04664, 1.34112, -2.46819], [-0.88237, 1.72819, 1.96003, 0.73735, 0.96829, 1.11783, -2.11241], [-1.02549, 1.74459, 1.94004, 0.95245, 0.88993, 0.89454, -1.75664], [-1.16862, 1.76099, 1.92005, 1.16756, 0.81157, 0.67125, -1.40086], [-1.30443, 1.77656, 1.90109, 1.37168, 0.73722, 0.45936, -1.06326], [-1.18615, 1.81546, 2.18514, 1.43566, 0.71338, 0.54726, -0.6872], [-1.06787, 1.85436, 2.4692, 1.49964, 0.68954, 0.63516, -0.31114], [-0.95808, 1.89046, 2.73284, 1.55902, 0.66741, 0.71675, 0.0379], [-0.98204, 1.91085, 2.49996, 1.80496, 0.50765, 0.91014, 0.30504], [-1.00601, 1.93123, 2.26708, 2.05091, 0.3479, 1.10354, 0.57218], [-1.02997, 1.95161, 2.03419, 2.29686, 0.18814, 1.29693, 0.83931], [-1.05016, 1.96879, 1.83792, 2.50415, 0.0535, 1.45993, 1.06446], [-0.92529, 1.96824, 1.81855, 2.21785, 0.29256, 1.48093, 1.37183], [-0.80042, 1.9677, 1.79919, 1.93156, 0.53162, 1.50193, 1.6792], [-0.67555, 1.96716, 1.77982, 1.64526, 0.77068, 1.52292, 1.98657], [-0.55068, 1.96662, 1.76045, 1.35896, 1.00973, 1.54392, 2.29394]]
end: [-0.48326999999999998, 1.9663200000000001, 1.75, 1.20441, 1.1387799999999999, 1.5552600000000001, 2.45987]
obtacles: [[[0.6, -0.4, -0.2], [1.0, 0.6, -0.3]], [[0.7, -0.3, -0.2], [0.9, -0.2, 0.4]], [[0.7, 0.3, -0.2], [0.9, 0.4, 0.4]], [[0.7, -0.3, 0.4], [0.9, 0.4, 0.5]]]
start: [-1.0090699999999999, 1.6290199999999999, 1.75, 1.5098499999999999, -1.6408499999999999, -1.39584, -0.4894]
tajectories: [[-1.00907, 1.62902, 1.75, 1.50985, -1.64085, -1.39584, -0.4894], [-1.27242, 1.62115, 1.99139, 1.8468, -1.68899, -1.36818, -0.56486], [-1.53577, 1.61329, 2.23279, 2.18376, -1.73713, -1.34053, -0.64033], [-1.56838, 1.61231, 2.26268, 2.22548, -1.74309, -1.33711, -0.64967], [-1.14773, 1.50406, 2.08164, 2.28686, -1.60979, -1.27174, -0.7021], [-0.72708, 1.3958, 1.9006, 2.34825, -1.47648, -1.20637, -0.75454], [-0.6518, 1.37643, 1.8682, 2.35923, -1.45262, -1.19467, -0.76392], [-0.49989, 1.59422, 1.81719, 2.09042, -1.62607, -1.26226, -1.02844], [-0.34799, 1.81202, 1.76619, 1.8216, -1.79952, -1.32986, -1.29296]]
end: [-0.29976999999999998, 1.8811500000000001, 1.75, 1.73627, -1.8545700000000001, -1.3513200000000001, -1.3769199999999999]
obtacles: [[[0.6, -0.4, -0.2], [1.0, 0.6, -0.3]], [[0.7, -0.3, -0.2], [0.9, -0.2, 0.4]], [[0.7, 0.3, -0.2], [0.9, 0.4, 0.4]], [[0.7, -0.3, 0.4], [0.9, 0.4, 0.5]]]
start: [-0.94457999999999998, 1.8462400000000001, 2.0, 0.84570999999999996, -2.0629499999999998, -1.4511700000000001, 0.18934999999999999]
tajectories: [[-0.94458, 1.84624, 2.0, 0.84571, -2.06295, -1.45117, 0.18935], [-1.18252, 1.78362, 1.69977, 0.99212, -1.9235, -1.41445, -0.04958], [-1.42047, 1.72099, 1.39953, 1.13852, -1.78405, -1.37773, -0.28852], [-1.60715, 1.67185, 1.16398, 1.25339, -1.67464, -1.34892, -0.47597], [-1.56303, 1.66535, 1.28315, 1.55889, -1.89817, -1.09782, -0.64169], [-1.51892, 1.65885, 1.40232, 1.8644, -2.1217, -0.84672, -0.8074], [-1.4748, 1.65236, 1.52149, 2.16991, -2.34522, -0.59562, -0.97311], [-1.4533, 1.64919, 1.57956, 2.31878, -2.45415, -0.47326, -1.05386], [-1.12237, 1.74425, 1.66581, 2.14766, -2.27749, -0.7168, -1.11866], [-0.79143, 1.83931, 1.75206, 1.97654, -2.10083, -0.96035, -1.18347], [-0.46049, 1.93437, 1.83831, 1.80542, -1.92418, -1.20389, -1.24827]]
end: [-0.41565000000000002, 1.9472499999999999, 1.8500000000000001, 1.78223, -1.9002399999999999, -1.23689, -1.25705]
obtacles: [[[0.6, -0.4, -0.2], [1.0, 0.6, -0.3]], [[0.7, -0.3, -0.2], [0.9, -0.2, 0.4]], [[0.7, 0.3, -0.2], [0.9, 0.4, 0.4]], [[0.7, -0.3, 0.4], [0.9, 0.4, 0.5]]]
start: [-1.13723, 1.8983399999999999, 1.8500000000000001, 1.0153700000000001, -1.99491, -1.5186999999999999, 0.17949999999999999]
tajectories: [[-1.13723, 1.89834, 1.85, 1.01537, -1.99491, -1.5187, 0.1795], [-1.20406, 1.67917, 2.04034, 1.18458, -2.20158, -1.42578, -0.1056], [-1.27089, 1.45999, 2.23069, 1.35379, -2.40826, -1.33286, -0.3907], [-1.33772, 1.24082, 2.42103, 1.523, -2.61493, -1.23993, -0.67581], [-1.40372, 1.02438, 2.609, 1.69009, -2.81903, -1.14817, -0.95736], [-1.16793, 1.00274, 2.25901, 1.72073, -2.72489, -1.20861, -1.19816], [-0.93214, 0.9811, 1.90902, 1.75137, -2.63074, -1.26905, -1.43896], [-0.69635, 0.95947, 1.55903, 1.78201, -2.53659, -1.3295, -1.67977], [-0.46057, 0.93783, 1.20903, 1.81265, -2.44245, -1.38994, -1.92057], [-0.4127, 0.93344, 1.13798, 1.81887, -2.42334, -1.40221, -1.96945], [-0.38266, 1.30856, 1.34388, 1.85344, -2.23207, -1.37556, -1.80362], [-0.35261, 1.68368, 1.54977, 1.888, -2.04081, -1.3489, -1.63778]]
end: [-0.33067999999999997, 1.95739, 1.7, 1.9132199999999999, -1.90126, -1.3294600000000001, -1.51678]
obtacles: [[[0.6, -0.4, -0.2], [1.0, 0.6, -0.3]], [[0.7, -0.3, -0.2], [0.9, -0.2, 0.4]], [[0.7, 0.3, -0.2], [0.9, 0.4, 0.4]], [[0.7, -0.3, 0.4], [0.9, 0.4, 0.5]]]
start: [-1.1728799999999999, 1.7641800000000001, 1.7, 1.1557299999999999, -1.7998099999999999, -1.5325800000000001, 0.034090000000000002]
tajectories: [[-1.17288, 1.76418, 1.7, 1.15573, -1.79981, -1.53258, 0.03409], [-1.10954, 1.54988, 1.62221, 1.219, -1.88527, -1.48585, -0.39079], [-1.10234, 1.52553, 1.61337, 1.22619, -1.89498, -1.48054, -0.43907], [-1.30825, 1.20094, 1.65955, 1.35102, -1.95276, -1.45356, -0.72272], [-1.48839, 0.91698, 1.69995, 1.46022, -2.00331, -1.42996, -0.97086], [-1.27163, 1.15739, 1.70577, 1.78527, -1.90562, -1.35182, -1.12538], [-1.0654, 1.38613, 1.7113, 2.09454, -1.81268, -1.27747, -1.2724], [-0.79168, 1.80319, 1.70217, 2.0782, -1.80846, -1.29887, -1.28989]]
end: [-0.72672999999999999, 1.90215, 1.7, 2.0743200000000002, -1.8074600000000001, -1.3039499999999999, -1.2940499999999999]
obtacles: [[[0.6, -0.4, -0.2], [1.0, 0.6, -0.3]], [[0.7, -0.3, -0.2], [0.9, -0.2, 0.4]], [[0.7, 0.3, -0.2], [0.9, 0.4, 0.4]], [[0.7, -0.3, 0.4], [0.9, 0.4, 0.5]]]
start: [-0.91846000000000005, 1.51474, 1.7, 1.20191, -1.56487, -1.43014, -0.28749000000000002]
tajectories: [[-0.91846, 1.51474, 1.7, 1.20191, -1.56487, -1.43014, -0.28749], [-1.06905, 1.28878, 1.69191, 1.31081, -1.17071, -1.3904, -0.37352], [-1.21965, 1.06282, 1.68382, 1.41971, -0.77656, -1.35065, -0.45955], [-1.37024, 0.83687, 1.67574, 1.52862, -0.3824, -1.3109, -0.54557], [-1.52084, 0.61091, 1.66765, 1.63752, 0.01175, -1.27115, -0.6316], [-1.67143, 0.38495, 1.65956, 1.74642, 0.40591, -1.2314, -0.71763], [-1.82203, 0.15899, 1.65147, 1.85533, 0.80007, -1.19166, -0.80366], [-1.83726, 0.13613, 1.65065, 1.86635, 0.83995, -1.18764, -0.81236], [-1.84833, 0.3847, 1.75281, 1.97549, 0.87817, -0.78669, -0.75299], [-1.85939, 0.63328, 1.85497, 2.08464, 0.9164, -0.38575, -0.69361], [-1.87045, 0.88185, 1.95713, 2.19378, 0.95463, 0.01519, -0.63423], [-1.88152, 1.13042, 2.05928, 2.30292, 0.99285, 0.41613, -0.57486], [-1.89258, 1.379, 2.16144, 2.41207, 1.03108, 0.81707, -0.51548], [-1.90364, 1.62757, 2.2636, 2.52121, 1.0693, 1.21801, -0.4561], [-1.91284, 1.83431, 2.34857, 2.61199, 1.10109, 1.55148, -0.40672], [-1.75255, 1.81869, 2.2769, 2.52409, 0.79611, 1.22352, -0.50979], [-1.59226, 1.80306, 2.20523, 2.4362, 0.49112, 0.89556, -0.61287], [-1.43197, 1.78743, 2.13357, 2.3483, 0.18613, 0.5676, -0.71595], [-1.27168, 1.7718, 2.0619, 2.2604, -0.11885, 0.23963, -0.81903], [-1.11139, 1.75618, 1.99024, 2.1725, -0.42384, -0.08833, -0.92211], [-0.9511, 1.74055, 1.91857, 2.08461, -0.72882, -0.41629, -1.02519], [-0.79081, 1.72492, 1.8469, 1.99671, -1.03381, -0.74425, -1.12827], [-0.63052, 1.7093, 1.77524, 1.90881, -1.3388, -1.07221, -1.23135], [-0.47023, 1.69367, 1.70357, 1.82092, -1.64378, -1.40017, -1.33443]]
end: [-0.46223999999999998, 1.69289, 1.7, 1.81654, -1.6589799999999999, -1.4165099999999999, -1.3395699999999999]
obtacles: [[[0.6, -0.4, -0.2], [1.0, 0.6, -0.3]], [[0.7, -0.3, -0.2], [0.9, -0.2, 0.4]], [[0.7, 0.3, -0.2], [0.9, 0.4, 0.4]], [[0.7, -0.3, 0.4], [0.9, 0.4, 0.5]]]
start: [-0.61745000000000005, 1.5042599999999999, 1.7, 0.48557, -1.65415, -1.4517100000000001, 0.13255]
tajectories: [[-0.61745, 1.50426, 1.7, 0.48557, -1.65415, -1.45171, 0.13255], [-0.66769, 1.41543, 1.7093, 0.46795, -1.32117, -1.30315, -0.1934], [-0.71793, 1.32661, 1.7186, 0.45034, -0.98819, -1.15459, -0.51935], [-0.76816, 1.23778, 1.7279, 0.43272, -0.6552, -1.00604, -0.8453], [-0.8184, 1.14896, 1.73721, 0.4151, -0.32222, -0.85748, -1.17125], [-0.86864, 1.06013, 1.74651, 0.39748, 0.01076, -0.70892, -1.4972], [-0.91887, 0.97131, 1.75581, 0.37987, 0.34374, -0.56036, -1.82315], [-0.9475, 0.92069, 1.76111, 0.36983, 0.53349, -0.47571, -2.00889], [-0.80301, 0.8644, 1.86659, 0.59983, 0.73332, -0.15002, -1.8827], [-0.65852, 0.80811, 1.97207, 0.82983, 0.93314, 0.17567, -1.7565], [-0.59577, 0.78367, 2.01787, 0.9297, 1.01991, 0.31709, -1.70171], [-0.32801, 0.8114, 1.98485, 1.07763, 0.65196, 0.40737, -1.80668], [-0.06024, 0.83913, 1.95183, 1.22555, 0.284, 0.49765, -1.91165], [0.20753, 0.86686, 1.91881, 1.37347, -0.08395, 0.58793, -2.01663], [0.4753, 0.89459, 1.88579, 1.5214, -0.45191, 0.67821, -2.1216], [0.74306, 0.92231, 1.85277, 1.66932, -0.81986, 0.76848, -2.22657], [1.01083, 0.95004, 1.81975, 1.81724, -1.18781, 0.85876, -2.33155], [1.15424, 0.96489, 1.80206, 1.89647, -1.38489, 0.90712, -2.38777], [0.7615, 1.02426, 1.62571, 2.00126, -1.5806, 0.80139, -2.36196], [0.36876, 1.08362, 1.44935, 2.10605, -1.77632, 0.69566, -2.33615], [-0.02398, 1.14299, 1.273, 2.21084, -1.97203, 0.58994, -2.31034], [-0.41672, 1.20236, 1.09664, 2.31563, -2.16775, 0.48421, -2.28453], [-0.80946, 1.26172, 0.92029, 2.42042, -2.36346, 0.37848, -2.25871], [-1.2022, 1.32109, 0.74393, 2.52521, -2.55918, 0.27276, -2.2329], [-1.31804, 1.3386, 0.69192, 2.55612, -2.6169, 0.24157, -2.22529], [-1.14258, 1.42157, 0.88438, 2.40931, -2.45011, -0.07252, -2.06018], [-0.96713, 1.50454, 1.07685, 2.26251, -2.28331, -0.38662, -1.89508], [-0.79168, 1.58751, 1.26931, 2.1157, -2.11652, -0.70072, -1.72997], [-0.61623, 1.67048, 1.46177, 1.96889, -1.94972, -1.01481, -1.56486], [-0.44078, 1.75345, 1.65424, 1.82209, -1.78292, -1.32891, -1.39976]]
end: [-0.39906000000000003, 1.77318, 1.7, 1.78718, -1.7432700000000001, -1.4035899999999999, -1.3605]
obtacles: [[[0.6, -0.4, -0.2], [1.0, 0.6, -0.3]], [[0.7, -0.3, -0.2], [0.9, -0.2, 0.4]], [[0.7, 0.3, -0.2], [0.9, 0.4, 0.4]], [[0.7, -0.3, 0.4], [0.9, 0.4, 0.5]]]
start: [-1.16055, 1.96069, 1.75, 1.67913, -1.9474899999999999, -1.3643400000000001, -0.44361]
tajectories: [[-1.16055, 1.96069, 1.75, 1.67913, -1.94749, -1.36434, -0.44361], [-1.16434, 1.72159, 2.0776, 1.88538, -2.05491, -1.18903, -0.46977], [-1.16708, 1.54798, 2.31547, 2.03513, -2.13291, -1.06174, -0.48876], [-0.93295, 1.40811, 2.28738, 2.13703, -2.3319, -1.2142, -0.80752], [-0.90461, 1.39118, 2.28398, 2.14936, -2.35598, -1.23265, -0.8461], [-0.77495, 1.64999, 1.8909, 2.07062, -2.33381, -1.28039, -0.89825], [-0.69089, 1.81781, 1.63602, 2.01957, -2.31943, -1.31135, -0.93206], [-0.54245, 1.93846, 1.64789, 1.79687, -1.99913, -1.41043, -1.15849]]
end: [-0.51605999999999996, 1.9599, 1.6499999999999999, 1.7572700000000001, -1.94218, -1.42804, -1.1987399999999999]
obtacles: [[[0.6, -0.4, -0.2], [1.0, 0.6, -0.3]], [[0.7, -0.3, -0.2], [0.9, -0.2, 0.4]], [[0.7, 0.3, -0.2], [0.9, 0.4, 0.4]], [[0.7, -0.3, 0.4], [0.9, 0.4, 0.5]]]
start: [-0.98604000000000003, 1.9695499999999999, 1.75, 1.2468900000000001, -2.00488, -1.5386500000000001, -0.21745]
tajectories: [[-0.98604, 1.96955, 1.75, 1.24689, -2.00488, -1.53865, -0.21745], [-1.25848, 1.8211, 1.85883, 1.55871, -2.06937, -1.34792, -0.15323], [-1.53092, 1.67265, 1.96767, 1.87053, -2.13386, -1.15719, -0.089], [-1.80337, 1.5242, 2.0765, 2.18235, -2.19836, -0.96646, -0.02478], [-2.0037, 1.41504, 2.15653, 2.41164, -2.24578, -0.8262, 0.02244], [-1.65071, 1.52755, 1.9697, 2.40472, -2.01461, -0.94029, 0.12887], [-1.29771, 1.64005, 1.78286, 2.39779, -1.78343, -1.05437, 0.2353], [-0.94472, 1.75256, 1.59603, 2.39087, -1.55226, -1.16845, 0.34173], [-0.90379, 1.7656, 1.57436, 2.39006, -1.52546, -1.18168, 0.35407], [-0.73922, 1.76558, 1.62084, 2.0583, -1.60428, -1.26421, 0.04156], [-0.57464, 1.76557, 1.66731, 1.72654, -1.68311, -1.34673, -0.27096], [-0.41007, 1.76555, 1.71378, 1.39478, -1.76194, -1.42926, -0.58348]]
end: [-0.28181, 1.7655400000000001, 1.75, 1.13622, -1.8233699999999999, -1.4935700000000001, -0.82704999999999995]
obtacles: [[[0.6, -0.4, -0.2], [1.0, 0.6, -0.3]], [[0.7, -0.3, -0.2], [0.9, -0.2, 0.4]], [[0.7, 0.3, -0.2], [0.9, 0.4, 0.4]], [[0.7, -0.3, 0.4], [0.9, 0.4, 0.5]]]
start: [-1.0669500000000001, 1.91486, 1.8999999999999999, 1.2906200000000001, -2.0005799999999998, -1.37025, -0.12206]
tajectories: [[-1.06695, 1.91486, 1.9, 1.29062, -2.00058, -1.37025, -0.12206], [-1.22074, 1.61492, 1.83015, 1.37488, -2.31945, -1.39412, -0.27091], [-1.37453, 1.31497, 1.76031, 1.45913, -2.63832, -1.41799, -0.41977], [-1.46658, 1.13545, 1.7185, 1.50956, -2.82917, -1.43227, -0.50887], [-1.36036, 1.22398, 1.73723, 1.80624, -2.62072, -1.25677, -0.77013], [-1.25415, 1.31251, 1.75597, 2.10291, -2.41227, -1.08127, -1.03139], [-1.18546, 1.36977, 1.76808, 2.2948, -2.27744, -0.96775, -1.20037], [-0.83534, 1.59624, 1.78055, 2.1543, -2.115, -1.07231, -1.33788], [-0.48522, 1.82272, 1.79301, 2.0138, -1.95255, -1.17686, -1.47539]]
end: [-0.28872999999999999, 1.9498200000000001, 1.8, 1.93496, -1.8613900000000001, -1.23553, -1.5525599999999999]
obtacles: [[[0.6, -0.4, -0.2], [1.0, 0.6, -0.3]], [[0.7, -0.3, -0.2], [0.9, -0.2, 0.4]], [[0.7, 0.3, -0.2], [0.9, 0.4, 0.4]], [[0.7, -0.3, 0.4], [0.9, 0.4, 0.5]]]
start: [-0.87214999999999998, 1.68418, 1.8, 0.90871999999999997, -1.80223, -1.4620899999999999, -0.010869999999999999]
tajectories: [[-0.87215, 1.68418, 1.8, 0.90872, -1.80223, -1.46209, -0.01087], [-0.90698, 1.30775, 1.90727, 1.04309, -1.78276, -1.29846, -0.23529], [-0.94181, 0.93131, 2.01453, 1.17746, -1.76329, -1.13483, -0.45972], [-0.97664, 0.55488, 2.1218, 1.31183, -1.74382, -0.9712, -0.68415], [-1.01148, 0.17844, 2.22907, 1.4462, -1.72435, -0.80757, -0.90858], [-1.04631, -0.19799, 2.33633, 1.58057, -1.70488, -0.64394, -1.13301], [-1.06076, -0.3542, 2.38085, 1.63633, -1.6968, -0.57604, -1.22615], [-1.05225, 0.00576, 2.33497, 1.80291, -1.44039, -0.7313, -1.25163], [-1.04374, 0.36572, 2.2891, 1.9695, -1.18398, -0.88655, -1.27712], [-1.03523, 0.72569, 2.24323, 2.13608, -0.92757, -1.04181, -1.30261], [-1.02672, 1.08565, 2.19736, 2.30266, -0.67116, -1.19706, -1.32809], [-1.01821, 1.44562, 2.15149, 2.46924, -0.41475, -1.35232, -1.35358], [-1.01205, 1.70635, 2.11826, 2.5899, -0.22902, -1.46478, -1.37204], [-0.80748, 1.73228, 2.04318, 2.3464, -0.60562, -1.43814, -1.36832], [-0.60291, 1.7582, 1.9681, 2.10289, -0.98222, -1.4115, -1.36461], [-0.39834, 1.78412, 1.89302, 1.85939, -1.35882, -1.38486, -1.36089], [-0.19377, 1.81005, 1.81794, 1.61589, -1.73541, -1.35823, -1.35718]]
end: [-0.14488999999999999, 1.8162400000000001, 1.8, 1.5577000000000001, -1.82541, -1.3518600000000001, -1.35629]
obtacles: [[[0.6, -0.4, -0.2], [1.0, 0.6, -0.3]], [[0.7, -0.3, -0.2], [0.9, -0.2, 0.4]], [[0.7, 0.3, -0.2], [0.9, 0.4, 0.4]], [[0.7, -0.3, 0.4], [0.9, 0.4, 0.5]]]
start: [-0.72928999999999999, 1.9517100000000001, 2.1000000000000001, 0.67259999999999998, -2.2120600000000001, -1.5696099999999999, 0.16145999999999999]
tajectories: [[-0.72929, 1.95171, 2.1, 0.6726, -2.21206, -1.56961, 0.16146], [-0.95062, 1.82031, 2.19462, 1.01886, -2.43787, -1.50765, 0.16968], [-1.17196, 1.68892, 2.28924, 1.36513, -2.66367, -1.4457, 0.17789], [-1.39329, 1.55752, 2.38386, 1.71139, -2.88947, -1.38374, 0.18611], [-1.61463, 1.42612, 2.47848, 2.05766, -3.11528, -1.32178, 0.19432], [-1.65206, 1.40389, 2.49449, 2.11622, -3.15347, -1.3113, 0.19571], [-1.44474, 1.46228, 2.21526, 2.14112, -2.81901, -1.21159, 0.139], [-1.23741, 1.52067, 1.93604, 2.16602, -2.48455, -1.11187, 0.08229], [-1.03009, 1.57906, 1.65682, 2.19092, -2.15009, -1.01215, 0.02559], [-0.8549, 1.6284, 1.42088, 2.21196, -1.86748, -0.92789, -0.02233], [-0.66207, 1.72322, 1.62289, 1.90366, -1.9502, -1.03105, -0.24702], [-0.46924, 1.81803, 1.82491, 1.59536, -2.03292, -1.13421, -0.47171], [-0.27641, 1.91285, 2.02692, 1.28706, -2.11564, -1.23737, -0.69639]]
end: [-0.20666000000000001, 1.9471499999999999, 2.1000000000000001, 1.17554, -2.1455600000000001, -1.2746900000000001, -0.77766999999999997]
obtacles: [[[0.6, -0.4, -0.2], [1.0, 0.6, -0.3]], [[0.7, -0.3, -0.2], [0.9, -0.2, 0.4]], [[0.7, 0.3, -0.2], [0.9, 0.4, 0.4]], [[0.7, -0.3, 0.4], [0.9, 0.4, 0.5]]]
start: [-0.73282000000000003, 1.6860999999999999, 2.1000000000000001, 0.51824999999999999, -2.09226, -1.42177, 0.28567999999999999]
tajectories: [[-0.73282, 1.6861, 2.1, 0.51825, -2.09226, -1.42177, 0.28568], [-0.91658, 1.56596, 2.17842, 0.74991, -1.98851, -1.2119, 0.58092], [-1.10034, 1.44582, 2.25685, 0.98158, -1.88476, -1.00203, 0.87617], [-1.22986, 1.36114, 2.31212, 1.14485, -1.81163, -0.85412, 1.08425], [-1.17629, 1.24741, 2.08667, 1.54112, -1.70036, -0.74779, 1.03275], [-1.12272, 1.13367, 1.86121, 1.93738, -1.58909, -0.64145, 0.98125], [-1.06915, 1.01994, 1.63576, 2.33365, -1.47783, -0.53512, 0.92975], [-1.05361, 0.98693, 1.57032, 2.44867, -1.44553, -0.50426, 0.9148], [-0.90798, 1.10329, 1.60283, 2.22953, -1.62843, -0.40034, 0.56563], [-0.76236, 1.21965, 1.63534, 2.01039, -1.81133, -0.29642, 0.21645], [-0.61673, 1.33602, 1.66784, 1.79126, -1.99424, -0.1925, -0.13272], [-0.57237, 1.37147, 1.67775, 1.7245, -2.04996, -0.16084, -0.2391], [-0.49921, 1.5544, 1.73034, 1.71271, -2.02083, -0.4993, -0.54385], [-0.42605, 1.73733, 1.78293, 1.70092, -1.9917, -0.83776, -0.8486], [-0.35289, 1.92027, 1.83552, 1.68914, -1.96257, -1.17622, -1.15335]]
end: [-0.33274999999999999, 1.97062, 1.8500000000000001, 1.6858900000000001, -1.95455, -1.2693700000000001, -1.2372300000000001]
obtacles: [[[0.6, -0.4, -0.2], [1.0, 0.6, -0.3]], [[0.7, -0.3, -0.2], [0.9, -0.2, 0.4]], [[0.7, 0.3, -0.2], [0.9, 0.4, 0.4]], [[0.7, -0.3, 0.4], [0.9, 0.4, 0.5]]]
start: [-1.17109, 1.6578599999999999, 1.8500000000000001, 1.64724, -1.63933, -1.2866, -0.4541]
tajectories: [[-1.17109, 1.65786, 1.85, 1.64724, -1.63933, -1.2866, -0.4541], [-1.51696, 1.7486, 1.8162, 1.97099, -1.72989, -1.27324, -0.54244], [-1.67771, 1.79077, 1.80049, 2.12146, -1.77198, -1.26703, -0.5835], [-1.23, 1.84444, 1.74523, 2.16741, -1.78161, -1.44205, -0.47967], [-0.98604, 1.87369, 1.71511, 2.19244, -1.78686, -1.53742, -0.42309], [-0.87173, 1.93219, 1.61306, 2.03676, -1.88803, -1.48243, -0.8539]]
end: [-0.80108999999999997, 1.96834, 1.55, 1.9405600000000001, -1.95055, -1.44845, -1.12012]
obtacles: [[[0.6, -0.4, -0.2], [1.0, 0.6, -0.3]], [[0.7, -0.3, -0.2], [0.9, -0.2, 0.4]], [[0.7, 0.3, -0.2], [0.9, 0.4, 0.4]], [[0.7, -0.3, 0.4], [0.9, 0.4, 0.5]]]
start: [-0.66378000000000004, 1.7813000000000001, 1.8999999999999999, 0.60834999999999995, -1.9593700000000001, -1.5615699999999999, 0.092329999999999995]
tajectories: [[-0.66378, 1.7813, 1.9, 0.60835, -1.95937, -1.56157, 0.09233], [-1.01484, 1.77643, 1.70461, 0.84557, -1.94322, -1.38292, 0.08167], [-1.36589, 1.77156, 1.50923, 1.08278, -1.92706, -1.20428, 0.071], [-1.71695, 1.76669, 1.31384, 1.31999, -1.91091, -1.02563, 0.06034], [-2.06801, 1.76183, 1.11845, 1.5572, -1.89476, -0.84698, 0.04968], [-2.09169, 1.7615, 1.10527, 1.5732, -1.89367, -0.83493, 0.04896], [-1.72366, 1.82939, 1.16723, 1.70364, -2.10505, -1.04362, 0.01974], [-1.35562, 1.89729, 1.22919, 1.83408, -2.31643, -1.25231, -0.00948], [-1.10374, 1.94375, 1.27159, 1.92335, -2.4611, -1.39514, -0.02948], [-0.88778, 1.95027, 1.37571, 1.91734, -2.31403, -1.38962, -0.44273], [-0.67182, 1.95679, 1.47983, 1.91133, -2.16697, -1.3841, -0.85599], [-0.45585, 1.96331, 1.58394, 1.90532, -2.01991, -1.37858, -1.26925]]
end: [-0.31883, 1.9674400000000001, 1.6499999999999999, 1.9015, -1.9266000000000001, -1.3750800000000001, -1.53145]
obtacles: [[[0.6, -0.4, -0.2], [1.0, 0.6, -0.3]], [[0.7, -0.3, -0.2], [0.9, -0.2, 0.4]], [[0.7, 0.3, -0.2], [0.9, 0.4, 0.4]], [[0.7, -0.3, 0.4], [0.9, 0.4, 0.5]]]
start: [-1.0246, 1.64662, 1.6499999999999999, 1.3810100000000001, -1.6603600000000001, -1.5075700000000001, -0.35056999999999999]
tajectories: [[-1.0246, 1.64662, 1.65, 1.38101, -1.66036, -1.50757, -0.35057], [-1.24299, 1.5698, 1.67963, 1.49116, -1.71098, -1.10142, -0.22456], [-1.46138, 1.49299, 1.70926, 1.60131, -1.76159, -0.69528, -0.09854], [-1.67978, 1.41618, 1.7389, 1.71146, -1.8122, -0.28914, 0.02747], [-1.89817, 1.33937, 1.76853, 1.82162, -1.86281, 0.11701, 0.15348], [-1.97315, 1.313, 1.7787, 1.85943, -1.88019, 0.25645, 0.19675], [-1.72213, 1.37272, 1.67449, 2.04398, -1.6089, 0.11499, -0.01515], [-1.47112, 1.43244, 1.57027, 2.22853, -1.33761, -0.02646, -0.22705], [-1.2201, 1.49215, 1.46605, 2.41307, -1.06632, -0.16792, -0.43895], [-0.96909, 1.55187, 1.36184, 2.59762, -0.79504, -0.30938, -0.65085], [-0.87944, 1.5732, 1.32462, 2.66352, -0.69815, -0.35989, -0.72652], [-0.71903, 1.61766, 1.40347, 2.47342, -0.94705, -0.6217, -0.94888], [-0.55861, 1.66213, 1.48232, 2.28332, -1.19595, -0.88351, -1.17123], [-0.3982, 1.7066, 1.56117, 2.09322, -1.44485, -1.14531, -1.39358], [-0.23778, 1.75107, 1.64002, 1.90311, -1.69375, -1.40712, -1.61593]]
end: [-0.21748000000000001, 1.7566999999999999, 1.6499999999999999, 1.8790500000000001, -1.72525, -1.44025, -1.6440699999999999]
