obtacles: [[[0.6, -0.4, -0.2], [1.0, 0.6, -0.3]], [[0.7, -0.3, -0.2], [0.9, -0.2, 0.4]], [[0.7, 0.2, -0.2], [0.9, 0.3, 0.4]], [[0.7, -0.3, 0.4], [0.9, 0.3, 0.5]]]
start: [-0.73670000000000002, 1.77047, 0.0, -0.65695999999999999, -0.0, -1.11351, 0.73670000000000002]
tajectories: [[-0.7367, 1.77047, 0.0, -0.65696, -0.0, -1.11351, 0.7367], [-0.78282, 1.62566, 0.07943, -0.50318, -0.22729, -0.97288, 0.38243], [-0.82893, 1.48086, 0.15885, -0.34939, -0.45459, -0.83225, 0.02816], [-0.87505, 1.33605, 0.23828, -0.19561, -0.68188, -0.69162, -0.32611], [-0.92116, 1.19125, 0.3177, -0.04182, -0.90918, -0.55099, -0.68038], [-0.96728, 1.04644, 0.39713, 0.11196, -1.13647, -0.41036, -1.03465], [-0.99721, 0.95247, 0.44867, 0.21175, -1.28397, -0.31911, -1.26455], [-1.06243, 0.61959, 0.43919, 0.49725, -1.24483, -0.14635, -1.41273], [-1.12766, 0.2867, 0.42972, 0.78275, -1.20569, 0.02641, -1.56091], [-1.19289, -0.04619, 0.42024, 1.06824, -1.16656, 0.19916, -1.70909], [-1.25414, -0.35877, 0.41134, 1.33633, -1.1298, 0.36138, -1.84823], [-1.27858, -0.53781, 0.63023, 1.65359, -1.25594, 0.51668, -2.0178], [-1.30301, -0.71685, 0.84912, 1.97085, -1.38207, 0.67198, -2.18737], [-1.32744, -0.89588, 1.06801, 2.28811, -1.50821, 0.82727, -2.35694], [-1.35188, -1.07492, 1.2869, 2.60537, -1.63434, 0.98257, -2.52651], [-1.36887, -1.19942, 1.43912, 2.826, -1.72206, 1.09056, -2.64443], [-1.67134, -1.42216, 1.39857, 2.61034, -1.61007, 1.10943, -2.42567], [-1.97381, -1.64489, 1.35801, 2.39469, -1.49808, 1.1283, -2.20692], [-2.27628, -1.86763, 1.31746, 2.17903, -1.38609, 1.14716, -1.98817]]
end: [-2.4064899999999998, -1.9635199999999999, 1.3, 2.0861900000000002, -1.33788, 1.1552899999999999, -1.8939999999999999]
obtacles: [[[0.6, -0.4, -0.2], [1.0, 0.6, -0.3]], [[0.7, -0.3, -0.2], [0.9, -0.2, 0.4]], [[0.7, 0.2, -0.2], [0.9, 0.3, 0.4]], [[0.7, -0.3, 0.4], [0.9, 0.3, 0.5]]]
start: [-1.0753999999999999, 1.79094, 1.8500000000000001, 0.88534000000000002, -1.91784, -1.50078, 0.23338999999999999]
tajectories: [[-1.0754, 1.79094, 1.85, 0.88534, -1.91784, -1.50078, 0.23339], [-1.17365, 1.45464, 1.8434, 1.00295, -2.00873, -1.20949, 0.09104], [-1.27191, 1.11833, 1.8368, 1.12056, -2.09961, -0.9182, -0.05132], [-1.37016, 0.78203, 1.83021, 1.23817, -2.19049, -0.62692, -0.19367], [-1.46841, 0.44573, 1.82361, 1.35578, -2.28138, -0.33563, -0.33603], [-1.56666, 0.10943, 1.81701, 1.47339, -2.37226, -0.04434, -0.47838], [-1.66491, -0.22687, 1.81041, 1.59099, -2.46314, 0.24694, -0.62074], [-1.6668, -0.23335, 1.81029, 1.59326, -2.46489, 0.25255, -0.62348], [-1.36471, -0.1536, 1.79105, 1.79339, -2.39494, 0.08274, -0.90318], [-1.06262, -0.07386, 1.77181, 1.99352, -2.32499, -0.08706, -1.18288], [-0.76053, 0.00588, 1.75256, 2.19365, -2.25504, -0.25687, -1.46258], [-0.45844, 0.08563, 1.73332, 2.39378, -2.18508, -0.42668, -1.74228], [-0.43193, 0.09262, 1.73164, 2.41134, -2.17895, -0.44158, -1.76681], [-0.68303, 0.28252, 1.73124, 2.45836, -2.55293, -0.46752, -1.85707], [-0.93413, 0.47241, 1.73084, 2.50538, -2.92691, -0.49346, -1.94732], [-1.18522, 0.66231, 1.73044, 2.5524, -3.30089, -0.5194, -2.03757], [-1.43632, 0.8522, 1.73004, 2.59941, -3.67487, -0.54534, -2.12782], [-1.68742, 1.0421, 1.72964, 2.64643, -4.04885, -0.57129, -2.21808], [-1.93852, 1.23199, 1.72924, 2.69345, -4.42283, -0.59723, -2.30833], [-2.06807, 1.32997, 1.72904, 2.71771, -4.61579, -0.61061, -2.35489], [-1.83886, 1.41122, 1.74561, 2.5784, -4.24386, -0.70023, -2.19735], [-1.60965, 1.49248, 1.76217, 2.4391, -3.87194, -0.78984, -2.0398], [-1.38044, 1.57374, 1.77874, 2.29979, -3.50002, -0.87946, -1.88225], [-1.15122, 1.65499, 1.79531, 2.16048, -3.1281, -0.96908, -1.7247], [-0.92201, 1.73625, 1.81188, 2.02117, -2.75618, -1.05869, -1.56715], [-0.6928, 1.81751, 1.82845, 1.88187, -2.38426, -1.14831, -1.40961], [-0.46359, 1.89876, 1.84502, 1.74256, -2.01233, -1.23792, -1.25206]]
end: [-0.39467000000000002, 1.92319, 1.8500000000000001, 1.70068, -1.9005099999999999, -1.2648699999999999, -1.20469]
obtacles: [[[0.6, -0.4, -0.2], [1.0, 0.6, -0.3]], [[0.7, -0.3, -0.2], [0.9, -0.2, 0.4]], [[0.7, 0.2, -0.2], [0.9, 0.3, 0.4]], [[0.7, -0.3, 0.4], [0.9, 0.3, 0.5]]]
start: [-0.83275999999999994, 1.8273600000000001, 1.8999999999999999, 0.70706999999999998, -1.98516, -1.5605800000000001, 0.17068]
tajectories: [[-0.83276, 1.82736, 1.9, 0.70707, -1.98516, -1.56058, 0.17068], [-0.82919, 1.39744, 1.90909, 0.7581, -2.00454, -1.40313, -0.02245], [-0.82563, 0.96752, 1.91818, 0.80913, -2.02391, -1.24567, -0.21558], [-0.82207, 0.53759, 1.92727, 0.86016, -2.04329, -1.08821, -0.40871], [-0.81887, 0.15242, 1.93542, 0.90587, -2.06065, -0.94715, -0.58173], [-0.8237, 0.14742, 1.98333, 1.00468, -2.01401, -0.73345, -1.01768], [-0.82854, 0.14242, 2.03124, 1.1035, -1.96738, -0.51975, -1.45363], [-0.83337, 0.13742, 2.07915, 1.20231, -1.92074, -0.30605, -1.88958], [-0.83787, 0.13276, 2.12386, 1.29452, -1.87722, -0.10661, -2.29641], [-1.06128, -0.01378, 2.16061, 1.68902, -1.95406, -0.1493, -2.41436], [-1.28469, -0.16031, 2.19735, 2.08352, -2.03089, -0.19198, -2.5323], [-1.50809, -0.30684, 2.2341, 2.47803, -2.10773, -0.23466, -2.65025], [-1.7315, -0.45338, 2.27084, 2.87253, -2.18456, -0.27734, -2.76819], [-1.77227, -0.48012, 2.27755, 2.94452, -2.19858, -0.28513, -2.78972], [-1.87292, -0.7165, 2.17932, 2.77998, -2.03652, 0.02996, -2.64231], [-1.97357, -0.95289, 2.08109, 2.61545, -1.87445, 0.34504, -2.49491], [-2.07423, -1.18927, 1.98286, 2.45091, -1.71239, 0.66012, -2.34751], [-2.17488, -1.42566, 1.88463, 2.28638, -1.55033, 0.9752, -2.20011], [-2.27553, -1.66204, 1.7864, 2.12184, -1.38826, 1.29029, -2.0527]]
end: [-2.3640599999999998, -1.86995, 1.7, 1.9771300000000001, -1.2457199999999999, 1.56741, -1.92306]
obtacles: [[[0.6, -0.4, -0.2], [1.0, 0.6, -0.3]], [[0.7, -0.3, -0.2], [0.9, -0.2, 0.4]], [[0.7, 0.2, -0.2], [0.9, 0.3, 0.4]], [[0.7, -0.3, 0.4], [0.9, 0.3, 0.5]]]
start: [-1.0511699999999999, 1.8087800000000001, 1.8500000000000001, 0.74478, -1.93554, -1.5625899999999999, 0.34150000000000003]
tajectories: [[-1.05117, 1.80878, 1.85, 0.74478, -1.93554, -1.56259, 0.3415], [-1.17695, 1.74355, 1.88473, 1.04394, -2.24073, -1.34792, 0.34296], [-1.30273, 1.67831, 1.91946, 1.34309, -2.54592, -1.13325, 0.34442], [-1.4285, 1.61308, 1.95419, 1.64225, -2.8511, -0.91858, 0.34588], [-1.55428, 1.54785, 1.98892, 1.94141, -3.15629, -0.70391, 0.34733], [-1.68006, 1.48262, 2.02365, 2.24056, -3.46148, -0.48924, 0.34879], [-1.78481, 1.4283, 2.05258, 2.48971, -3.71564, -0.31045, 0.35], [-1.56853, 1.51439, 1.99567, 2.36926, -3.42906, -0.48421, 0.0936], [-1.35225, 1.60048, 1.93876, 2.24881, -3.14247, -0.65796, -0.1628], [-1.13597, 1.68657, 1.88185, 2.12835, -2.85589, -0.83171, -0.41921], [-0.91969, 1.77266, 1.82495, 2.0079, -2.5693, -1.00547, -0.67561], [-0.70341, 1.85874, 1.76804, 1.88745, -2.28271, -1.17922, -0.93202], [-0.48713, 1.94483, 1.71113, 1.767, -1.99613, -1.35297, -1.18842]]
end: [-0.44484000000000001, 1.96167, 1.7, 1.7434499999999999, -1.94008, -1.3869499999999999, -1.2385699999999999]
obtacles: [[[0.6, -0.4, -0.2], [1.0, 0.6, -0.3]], [[0.7, -0.3, -0.2], [0.9, -0.2, 0.4]], [[0.7, 0.2, -0.2], [0.9, 0.3, 0.4]], [[0.7, -0.3, 0.4], [0.9, 0.3, 0.5]]]
start: [-1.0510600000000001, 1.67238, 1.7, 0.82279999999999998, -1.73308, -1.5458099999999999, 0.23687]
tajectories: [[-1.05106, 1.67238, 1.7, 0.8228, -1.73308, -1.54581, 0.23687], [-1.23849, 1.60343, 1.6938, 0.91601, -2.03737, -1.45953, -0.08149], [-1.42593, 1.53447, 1.6876, 1.00922, -2.34166, -1.37324, -0.39985], [-1.61336, 1.46551, 1.68141, 1.10242, -2.64595, -1.28696, -0.7182], [-1.80079, 1.39655, 1.67521, 1.19563, -2.95024, -1.20068, -1.03656], [-1.98823, 1.32759, 1.66901, 1.28884, -3.25453, -1.11439, -1.35491], [-2.17566, 1.25863, 1.66281, 1.38204, -3.55882, -1.02811, -1.67327], [-2.28103, 1.21986, 1.65933, 1.43444, -3.72989, -0.9796, -1.85224], [-2.22088, 0.80013, 1.5925, 1.61751, -3.713, -0.85727, -1.72194], [-2.16073, 0.3804, 1.52566, 1.80058, -3.6961, -0.73494, -1.59164], [-2.10057, -0.03933, 1.45883, 1.98364, -3.6792, -0.6126, -1.46134], [-2.04042, -0.45906, 1.392, 2.16671, -3.6623, -0.49027, -1.33104], [-1.98027, -0.87879, 1.32517, 2.34977, -3.64541, -0.36794, -1.20074], [-1.92012, -1.29851, 1.25834, 2.53284, -3.62851, -0.24561, -1.07044], [-1.89379, -1.48224, 1.22909, 2.61297, -3.62111, -0.19206, -1.0134], [-1.97961, -1.55398, 1.28399, 2.48764, -3.25924, 0.06171, -1.16643], [-2.06543, -1.62573, 1.3389, 2.36231, -2.89736, 0.31547, -1.31945], [-2.15125, -1.69747, 1.3938, 2.23699, -2.53549, 0.56924, -1.47248], [-2.23707, -1.76922, 1.44871, 2.11166, -2.17362, 0.823, -1.6255], [-2.3229, -1.84096, 1.50362, 1.98633, -1.81174, 1.07677, -1.77852], [-2.40872, -1.91271, 1.55852, 1.861, -1.44987, 1.33053, -1.93155]]
end: [-2.4735499999999999, -1.9669099999999999, 1.6000000000000001, 1.7663199999999999, -1.17649, 1.52224, -2.0471499999999998]
obtacles: [[[0.6, -0.4, -0.2], [1.0, 0.6, -0.3]], [[0.7, -0.3, -0.2], [0.9, -0.2, 0.4]], [[0.7, 0.2, -0.2], [0.9, 0.3, 0.4]], [[0.7, -0.3, 0.4], [0.9, 0.3, 0.5]]]
start: [-0.82365999999999995, 1.8197000000000001, 1.8, 0.88773000000000002, -1.9072, -1.55548, -0.032669999999999998]
tajectories: [[-0.82366, 1.8197, 1.8, 0.88773, -1.9072, -1.55548, -0.03267], [-1.00393, 1.6312, 2.00092, 0.90959, -2.27274, -1.4689, -0.02953], [-1.1842, 1.4427, 2.20185, 0.93146, -2.63827, -1.38232, -0.02639], [-1.24739, 1.37663, 2.27227, 0.93912, -2.76639, -1.35198, -0.02529], [-1.20775, 1.35364, 2.39802, 1.38734, -2.91487, -1.32665, -0.11748], [-1.16812, 1.33065, 2.52376, 1.83557, -3.06334, -1.30131, -0.20968], [-1.12849, 1.30766, 2.64951, 2.28379, -3.21182, -1.27598, -0.30188], [-1.12017, 1.30283, 2.67593, 2.37797, -3.24302, -1.27066, -0.32125], [-0.99029, 1.45668, 2.43548, 2.20228, -2.94134, -1.31873, -0.48695], [-0.86041, 1.61052, 2.19502, 2.0266, -2.63965, -1.3668, -0.65265], [-0.73053, 1.76437, 1.95457, 1.85091, -2.33797, -1.41486, -0.81835], [-0.60065, 1.91821, 1.71412, 1.67523, -2.03628, -1.46293, -0.98405]]
end: [-0.56601999999999997, 1.9592400000000001, 1.6499999999999999, 1.6283799999999999, -1.95584, -1.4757499999999999, -1.02823]
obtacles: [[[0.6, -0.4, -0.2], [1.0, 0.6, -0.3]], [[0.7, -0.3, -0.2], [0.9, -0.2, 0.4]], [[0.7, 0.2, -0.2], [0.9, 0.3, 0.4]], [[0.7, -0.3, 0.4], [0.9, 0.3, 0.5]]]
start: [-1.10768, 1.7110399999999999, 1.6499999999999999, 1.0807899999999999, -1.7317, -1.5674600000000001, 0.032719999999999999]
tajectories: [[-1.10768, 1.71104, 1.65, 1.08079, -1.7317, -1.56746, 0.03272], [-1.26332, 1.63144, 1.47893, 1.49212, -1.74856, -1.50489, -0.09684], [-1.41897, 1.55184, 1.30785, 1.90344, -1.76543, -1.44231, -0.2264], [-1.57461, 1.47225, 1.13678, 2.31476, -1.78229, -1.37974, -0.35596], [-1.69489, 1.41074, 1.00458, 2.63261, -1.79533, -1.33139, -0.45608], [-1.36893, 1.51765, 1.16659, 2.35527, -1.80664, -1.37516, -0.62073], [-1.04297, 1.62456, 1.32861, 2.07793, -1.81795, -1.41894, -0.78538], [-0.71701, 1.73147, 1.49062, 1.80059, -1.82926, -1.46272, -0.95003]]
end: [-0.39635999999999999, 1.8366400000000001, 1.6499999999999999, 1.5277700000000001, -1.8403799999999999, -1.5057799999999999, -1.11199]
obtacles: [[[0.6, -0.4, -0.2], [1.0, 0.6, -0.3]], [[0.7, -0.3, -0.2], [0.9, -0.2, 0.4]], [[0.7, 0.2, -0.2], [0.9, 0.3, 0.4]], [[0.7, -0.3, 0.4], [0.9, 0.3, 0.5]]]
start: [-1.0483199999999999, 1.8378099999999999, 1.8, 0.89439000000000002, -1.9208499999999999, -1.5650599999999999, 0.18586]
tajectories: [[-1.04832, 1.83781, 1.8, 0.89439, -1.92085, -1.56506, 0.18586], [-1.07539, 1.62865, 1.88198, 0.99607, -1.81227, -1.44074, -0.21566], [-1.10247, 1.41949, 1.96396, 1.09776, -1.70369, -1.31642, -0.61718], [-1.12163, 1.27149, 2.02197, 1.16971, -1.62685, -1.22845, -0.9013], [-1.04934, 1.25527, 2.1237, 1.53247, -1.90342, -1.13186, -0.77186], [-0.97706, 1.23906, 2.22544, 1.89522, -2.17998, -1.03527, -0.64243], [-0.90477, 1.22285, 2.32717, 2.25798, -2.45654, -0.93868, -0.51299], [-0.87036, 1.21513, 2.3756, 2.43065, -2.58819, -0.89271, -0.45138], [-0.52606, 1.51989, 2.29625, 2.44156, -2.50521, -1.03599, -0.3825], [-0.18175, 1.82465, 2.21689, 2.45247, -2.42224, -1.17928, -0.31362], [-0.16933, 1.83564, 2.21403, 2.45286, -2.41925, -1.18444, -0.31114], [-0.29882, 1.81606, 2.06923, 2.22347, -2.17793, -1.22645, -0.6262], [-0.4283, 1.79648, 1.92443, 1.99408, -1.93661, -1.26846, -0.94126]]
end: [-0.53956999999999999, 1.77965, 1.8, 1.7969599999999999, -1.7292400000000001, -1.3045599999999999, -1.212]
obtacles: [[[0.6, -0.4, -0.2], [1.0, 0.6, -0.3]], [[0.7, -0.3, -0.2], [0.9, -0.2, 0.4]], [[0.7, 0.2, -0.2], [0.9, 0.3, 0.4]], [[0.7, -0.3, 0.4], [0.9, 0.3, 0.5]]]
start: [-1.1687099999999999, 1.9540500000000001, 1.75, 1.2148699999999999, -1.99132, -1.5461499999999999, -0.0060400000000000002]
tajectories: [[-1.16871, 1.95405, 1.75, 1.21487, -1.99132, -1.54615, -0.00604], [-1.20178, 1.79003, 1.74258, 1.31272, -2.23072, -1.168, 0.10379], [-1.23485, 1.62601, 1.73516, 1.41058, -2.47012, -0.78984, 0.21361], [-1.26792, 1.46199, 1.72774, 1.50844, -2.70952, -0.41169, 0.32344], [-1.30099, 1.29797, 1.72032, 1.60629, -2.94892, -0.03354, 0.43327], [-1.32299, 1.18883, 1.71538, 1.67141, -3.10822, 0.21808, 0.50635], [-1.34231, 1.21346, 1.9326, 1.83596, -2.82571, 0.51548, 0.58698], [-1.36163, 1.23809, 2.14982, 2.00051, -2.54321, 0.81288, 0.66762], [-1.38094, 1.26272, 2.36704, 2.16506, -2.2607, 1.11027, 0.74825], [-1.40026, 1.28735, 2.58427, 2.32961, -1.97819, 1.40767, 0.82889], [-1.40727, 1.29629, 2.66313, 2.38935, -1.87562, 1.51564, 0.85816], [-1.27383, 1.378, 2.53971, 2.2732, -1.8876, 1.14213, 0.61913], [-1.1404, 1.45971, 2.41628, 2.15705, -1.89958, 0.76861, 0.3801], [-1.00696, 1.54143, 2.29286, 2.0409, -1.91156, 0.3951, 0.14108], [-0.87352, 1.62314, 2.16943, 1.92475, -1.92354, 0.02158, -0.09795], [-0.74008, 1.70485, 2.04601, 1.8086, -1.93552, -0.35194, -0.33698], [-0.60664, 1.78656, 1.92258, 1.69245, -1.9475, -0.72545, -0.57601], [-0.4732, 1.86827, 1.79916, 1.5763, -1.95948, -1.09897, -0.81504], [-0.33976, 1.94998, 1.67573, 1.46015, -1.97145, -1.47248, -1.05407]]
end: [-0.31194, 1.9670099999999999, 1.6499999999999999, 1.4359299999999999, -1.9739500000000001, -1.55036, -1.1039099999999999]
obtacles: [[[0.6, -0.4, -0.2], [1.0, 0.6, -0.3]], [[0.7, -0.3, -0.2], [0.9, -0.2, 0.4]], [[0.7, 0.2, -0.2], [0.9, 0.3, 0.4]], [[0.7, -0.3, 0.4], [0.9, 0.3, 0.5]]]
start: [-0.85199000000000003, 1.55968, 2.0, 0.48525000000000001, -1.95055, -1.3654299999999999, 0.40393000000000001]
tajectories: [[-0.85199, 1.55968, 2.0, 0.48525, -1.95055, -1.36543, 0.40393], [-1.09179, 1.33026, 1.96995, 0.82837, -1.91, -1.35675, 0.54361], [-1.33159, 1.10085, 1.93991, 1.17149, -1.86945, -1.34806, 0.68329], [-1.57138, 0.87144, 1.90986, 1.51461, -1.8289, -1.33938, 0.82298], [-1.64988, 0.79634, 1.90002, 1.62693, -1.81563, -1.33654, 0.8687], [-1.4798, 0.39082, 1.91479, 1.74651, -1.86688, -1.14053, 0.90131], [-1.30973, -0.0147, 1.92956, 1.86609, -1.91812, -0.94452, 0.93391], [-1.13966, -0.42022, 1.94432, 1.98567, -1.96936, -0.74851, 0.96652], [-0.96958, -0.82574, 1.95909, 2.10526, -2.0206, -0.5525, 0.99913], [-0.79951, -1.23126, 1.97386, 2.22484, -2.07185, -0.35649, 1.03173], [-0.67441, -1.52954, 1.98472, 2.31279, -2.10954, -0.21231, 1.05572], [-0.53795, -1.38434, 1.96255, 2.32237, -2.36101, -0.31458, 0.68692], [-0.40148, -1.23914, 1.94039, 2.33195, -2.61248, -0.41684, 0.31812], [-0.26501, -1.09394, 1.91822, 2.34152, -2.86396, -0.5191, -0.05069], [-0.12854, -0.94874, 1.89606, 2.3511, -3.11543, -0.62136, -0.41949], [0.00792, -0.80354, 1.8739, 2.36067, -3.3669, -0.72362, -0.78829], [0.04943, -0.75937, 1.86715, 2.36358, -3.4434, -0.75473, -0.90048], [0.13414, -0.31289, 1.9825, 2.40835, -3.32433, -0.82386, -0.99648], [0.21884, 0.13359, 2.09785, 2.45311, -3.20526, -0.89298, -1.09249], [0.30355, 0.58007, 2.21319, 2.49787, -3.0862, -0.96211, -1.1885], [0.38825, 1.02655, 2.32854, 2.54264, -2.96713, -1.03123, -1.28451], [0.45304, 1.36806, 2.41677, 2.57688, -2.87605, -1.08411, -1.35794], [0.18474, 1.51647, 2.28802, 2.31629, -2.65647, -1.13384, -1.21366], [-0.08356, 1.66488, 2.15927, 2.05571, -2.43688, -1.18356, -1.06938], [-0.35186, 1.81329, 2.03052, 1.79512, -2.2173, -1.23329, -0.92509], [-0.62016, 1.96169, 1.90177, 1.53453, -1.99771, -1.28302, -0.78081]]
end: [-0.62383999999999995, 1.96373, 1.8999999999999999, 1.5309600000000001, -1.9946999999999999, -1.2837000000000001, -0.77883000000000002]
obtacles: [[[0.6, -0.4, -0.2], [1.0, 0.6, -0.3]], [[0.7, -0.3, -0.2], [0.9, -0.2, 0.4]], [[0.7, 0.2, -0.2], [0.9, 0.3, 0.4]], [[0.7, -0.3, 0.4], [0.9, 0.3, 0.5]]]
start: [-0.86709000000000003, 1.6839999999999999, 1.8999999999999999, 1.1808700000000001, -1.8072699999999999, -1.3138099999999999, -0.26427]
tajectories: [[-0.86709, 1.684, 1.9, 1.18087, -1.80727, -1.31381, -0.26427], [-0.90998, 1.34927, 1.83619, 0.9605, -1.83245, -1.17995, -0.51908], [-0.95288, 1.01454, 1.77238, 0.74013, -1.85762, -1.04609, -0.7739], [-0.99577, 0.67982, 1.70857, 0.51976, -1.8828, -0.91223, -1.02872], [-1.03867, 0.34509, 1.64476, 0.29939, -1.90798, -0.77838, -1.28354], [-1.08156, 0.01037, 1.58096, 0.07902, -1.93315, -0.64452, -1.53836], [-1.11846, -0.27752, 1.52608, -0.11051, -1.95481, -0.52939, -1.75753], [-1.04462, -0.54277, 1.45504, -0.06209, -1.71135, -0.25008, -1.92934], [-0.97079, -0.80801, 1.384, -0.01368, -1.46789, 0.02922, -2.10115], [-0.89696, -1.07325, 1.31296, 0.03474, -1.22443, 0.30853, -2.27297], [-0.82313, -1.3385, 1.24192, 0.08316, -0.98098, 0.58783, -2.44478], [-0.74929, -1.60374, 1.17088, 0.13157, -0.73752, 0.86714, -2.61659], [-0.71718, -1.71911, 1.13998, 0.15263, -0.63162, 0.98863, -2.69133], [-0.96418, -1.69417, 1.09518, 0.52476, -0.52462, 0.80145, -2.7287], [-1.21118, -1.66922, 1.05039, 0.89689, -0.41761, 0.61426, -2.76607], [-1.45818, -1.64428, 1.0056, 1.26901, -0.31061, 0.42708, -2.80345], [-1.70518, -1.61934, 0.96081, 1.64114, -0.20361, 0.2399, -2.84082], [-1.95218, -1.59439, 0.91602, 2.01327, -0.0966, 0.05272, -2.87819], [-2.19336, -1.57003, 0.87229, 2.37663, 0.00788, -0.13006, -2.91469], [-2.21245, -1.64632, 1.04045, 2.27753, -0.23253, 0.21539, -2.74564], [-2.23153, -1.7226, 1.20862, 2.17842, -0.47295, 0.56084, -2.57659], [-2.25062, -1.79888, 1.37679, 2.07932, -0.71337, 0.90629, -2.40754], [-2.26971, -1.87516, 1.54495, 1.98021, -0.95379, 1.25174, -2.23849]]
end: [-2.2873000000000001, -1.9455, 1.7, 1.8888400000000001, -1.17544, 1.5702400000000001, -2.08263]
obtacles: [[[0.6, -0.4, -0.2], [1.0, 0.6, -0.3]], [[0.7, -0.3, -0.2], [0.9, -0.2, 0.4]], [[0.7, 0.2, -0.2], [0.9, 0.3, 0.4]], [[0.7, -0.3, 0.4], [0.9, 0.3, 0.5]]]
start: [-0.89641999999999999, 1.63897, 1.8999999999999999, 1.0353699999999999, -1.8028999999999999, -1.3257099999999999, -0.098900000000000002]
tajectories: [[-0.89642, 1.63897, 1.9, 1.03537, -1.8029, -1.32571, -0.0989], [-1.23512, 1.46947, 2.00119, 1.00621, -1.8346, -1.21679, -0.3863], [-1.57382, 1.29997, 2.10237, 0.97705, -1.86631, -1.10787, -0.6737], [-1.91252, 1.13047, 2.20356, 0.94789, -1.89801, -0.99895, -0.96109], [-1.94172, 1.11586, 2.21228, 0.94537, -1.90074, -0.98956, -0.98587], [-1.54925, 1.13363, 2.25119, 1.18746, -2.06658, -0.96654, -0.89924], [-1.15679, 1.15139, 2.2901, 1.42955, -2.23242, -0.94351, -0.81262], [-0.76432, 1.16916, 2.329, 1.67163, -2.39825, -0.92048, -0.726], [-0.37186, 1.18693, 2.36791, 1.91372, -2.56409, -0.89746, -0.63937], [-0.0754, 1.20035, 2.3973, 2.09658, -2.68936, -0.88006, -0.57394], [-0.06725, 1.17066, 2.23917, 2.08757, -2.96561, -0.66614, -0.89314], [-0.05909, 1.14098, 2.08105, 2.07856, -3.24186, -0.45222, -1.21234], [-0.05093, 1.11129, 1.92292, 2.06954, -3.51811, -0.2383, -1.53155], [-0.04574, 1.09239, 1.82226, 2.0638, -3.69396, -0.10213, -1.73474], [-0.15644, 1.26239, 1.83823, 2.03151, -3.30821, -0.31942, -1.62736], [-0.26714, 1.43239, 1.8542, 1.99922, -2.92246, -0.5367, -1.51998], [-0.37784, 1.60239, 1.87017, 1.96693, -2.53671, -0.75399, -1.4126], [-0.48854, 1.77239, 1.88614, 1.93464, -2.15095, -0.97128, -1.30522]]
end: [-0.58457999999999999, 1.91987, 1.8999999999999999, 1.90663, -1.8163, -1.15978, -1.21207]
obtacles: [[[0.6, -0.4, -0.2], [1.0, 0.6, -0.3]], [[0.7, -0.3, -0.2], [0.9, -0.2, 0.4]], [[0.7, 0.2, -0.2], [0.9, 0.3, 0.4]], [[0.7, -0.3, 0.4], [0.9, 0.3, 0.5]]]
start: [-1.1222700000000001, 1.7425299999999999, 1.8999999999999999, 1.3082800000000001, -1.83047, -1.3043800000000001, -0.12242]
tajectories: [[-1.12227, 1.74253, 1.9, 1.30828, -1.83047, -1.30438, -0.12242], [-1.32958, 1.68604, 2.05955, 1.53774, -2.02171, -1.00645, -0.10277], [-1.53688, 1.62955, 2.2191, 1.76721, -2.21295, -0.70852, -0.08312], [-1.74419, 1.57306, 2.37865, 1.99667, -2.40419, -0.41058, -0.06347], [-1.95149, 1.51657, 2.5382, 2.22614, -2.59543, -0.11265, -0.04382], [-2.1588, 1.46008, 2.69775, 2.4556, -2.78667, 0.18528, -0.02417], [-2.18097, 1.45404, 2.71482, 2.48015, -2.80712, 0.21715, -0.02207], [-2.01989, 1.44642, 2.66174, 2.60647, -2.44771, 0.46805, 0.09237], [-1.85882, 1.43879, 2.60866, 2.73278, -2.0883, 0.71895, 0.2068], [-1.69774, 1.43116, 2.55558, 2.8591, -1.72889, 0.96985, 0.32124], [-1.53666, 1.42354, 2.5025, 2.98542, -1.36948, 1.22075, 0.43567], [-1.45489, 1.41967, 2.47555, 3.04954, -1.18703, 1.34812, 0.49377], [-1.30572, 1.49017, 2.39424, 2.84776, -1.29177, 0.99833, 0.28851], [-1.15655, 1.56067, 2.31292, 2.64599, -1.39652, 0.64854, 0.08326], [-1.00738, 1.63117, 2.23161, 2.44421, -1.50126, 0.29876, -0.122], [-0.85821, 1.70167, 2.15029, 2.24243, -1.606, -0.05103, -0.32725], [-0.70904, 1.77217, 2.06897, 2.04066, -1.71075, -0.40082, -0.53251], [-0.55988, 1.84267, 1.98766, 1.83888, -1.81549, -0.75061, -0.73776], [-0.41071, 1.91317, 1.90634, 1.6371, -1.92024, -1.10039, -0.94302]]
end: [-0.30736000000000002, 1.9620200000000001, 1.8500000000000001, 1.4973000000000001, -1.99281, -1.34274, -1.0852299999999999]
obtacles: [[[0.6, -0.4, -0.2], [1.0, 0.6, -0.3]], [[0.7, -0.3, -0.2], [0.9, -0.2, 0.4]], [[0.7, 0.2, -0.2], [0.9, 0.3, 0.4]], [[0.7, -0.3, 0.4], [0.9, 0.3, 0.5]]]
start: [-0.87397999999999998, 1.9468399999999999, 1.8, 1.06368, -2.0082900000000001, -1.5644199999999999, -0.14449000000000001]
tajectories: [[-0.87398, 1.94684, 1.8, 1.06368, -2.00829, -1.56442, -0.14449], [-1.10028, 1.84928, 2.07799, 1.35944, -2.03902, -1.46643, -0.2627], [-1.18274, 1.81373, 2.17928, 1.46722, -2.05023, -1.43073, -0.30578], [-1.1708, 1.80288, 2.11136, 1.87765, -2.22807, -1.49658, -0.50753], [-1.15886, 1.79203, 2.04343, 2.28809, -2.40592, -1.56243, -0.70927], [-1.15747, 1.79078, 2.03556, 2.33567, -2.42654, -1.57007, -0.73266], [-0.87957, 1.86473, 1.93582, 2.1334, -2.20453, -1.4369, -0.95495], [-0.60166, 1.93868, 1.83608, 1.93113, -1.98251, -1.30373, -1.17725]]
end: [-0.50112000000000001, 1.96543, 1.8, 1.8579600000000001, -1.90219, -1.25556, -1.2576700000000001]
obtacles: [[[0.6, -0.4, -0.2], [1.0, 0.6, -0.3]], [[0.7, -0.3, -0.2], [0.9, -0.2, 0.4]], [[0.7, 0.2, -0.2], [0.9, 0.3, 0.4]], [[0.7, -0.3, 0.4], [0.9, 0.3, 0.5]]]
start: [-1.1379699999999999, 1.69272, 1.8, 1.35395, -1.74217, -1.3754900000000001, -0.18509999999999999]
tajectories: [[-1.13797, 1.69272, 1.8, 1.35395, -1.74217, -1.37549, -0.1851], [-1.27342, 1.43338, 1.57428, 1.61987, -1.76329, -1.32492, -0.38442], [-1.40887, 1.17403, 1.34856, 1.88579, -1.78441, -1.27435, -0.58374], [-1.54432, 0.91469, 1.12284, 2.15171, -1.80553, -1.22378, -0.78306], [-1.67977, 0.65535, 0.89712, 2.41763, -1.82665, -1.17321, -0.98238], [-1.69786, 0.6207, 0.86697, 2.45316, -1.82947, -1.16645, -1.00901], [-1.49333, 0.80876, 1.00754, 2.44737, -1.98116, -0.93888, -1.28867], [-1.2888, 0.99682, 1.14811, 2.44159, -2.13285, -0.71131, -1.56833], [-1.08427, 1.18487, 1.28868, 2.4358, -2.28454, -0.48374, -1.84799], [-1.02108, 1.24298, 1.33211, 2.43401, -2.33141, -0.41343, -1.93439], [-0.82403, 1.46917, 1.448, 2.2763, -2.19552, -0.69962, -1.78831], [-0.62699, 1.69535, 1.56389, 2.11859, -2.05964, -0.98581, -1.64223], [-0.42994, 1.92154, 1.67979, 1.96088, -1.92375, -1.272, -1.49615]]
end: [-0.39556999999999998, 1.96099, 1.7, 1.93337, -1.90005, -1.3219099999999999, -1.4706699999999999]
obtacles: [[[0.6, -0.4, -0.2], [1.0, 0.6, -0.3]], [[0.7, -0.3, -0.2], [0.9, -0.2, 0.4]], [[0.7, 0.2, -0.2], [0.9, 0.3, 0.4]], [[0.7, -0.3, 0.4], [0.9, 0.3, 0.5]]]
start: [-0.98431000000000002, 1.54383, 1.8, 0.56406999999999996, -1.7511699999999999, -1.42608, 0.43024000000000001]
tajectories: [[-0.98431, 1.54383, 1.8, 0.56407, -1.75117, -1.42608, 0.43024], [-1.0942, 1.41823, 1.73003, 0.95592, -1.5498, -1.41606, 0.5821], [-1.20408, 1.29264, 1.66005, 1.34777, -1.34843, -1.40604, 0.73395], [-1.31397, 1.16705, 1.59008, 1.73962, -1.14706, -1.39602, 0.8858], [-1.42385, 1.04145, 1.5201, 2.13147, -0.94569, -1.38601, 1.03765], [-1.50515, 0.94854, 1.46834, 2.42137, -0.79672, -1.37859, 1.15], [-1.42977, 1.22115, 1.4609, 2.42879, -0.91751, -1.26623, 0.77228], [-1.35439, 1.49377, 1.45347, 2.43621, -1.0383, -1.15387, 0.39456], [-1.27901, 1.76638, 1.44603, 2.44363, -1.15909, -1.0415, 0.01683], [-1.25798, 1.84245, 1.44396, 2.4457, -1.19279, -1.01015, -0.08856], [-1.01687, 1.87098, 1.53928, 2.22557, -1.39474, -1.09803, -0.38012], [-0.77576, 1.89951, 1.63459, 2.00545, -1.59668, -1.18592, -0.67167], [-0.53464, 1.92803, 1.72991, 1.78533, -1.79863, -1.2738, -0.96323]]
end: [-0.35733999999999999, 1.9490099999999999, 1.8, 1.6234599999999999, -1.94713, -1.3384199999999999, -1.1776199999999999]
