obtacles: [[[0.6, -0.4, -0.2], [1.0, 0.6, -0.3]], [[0.7, -0.1, -0.2], [0.9, -0.0, 0.4]], [[0.7, 0.3, -0.2], [0.9, 0.4, 0.4]], [[0.7, -0.1, 0.4], [0.9, 0.4, 0.5]]]
start: [2.27955, -1.96512, -0.94999999999999996, 1.4076500000000001, 1.0151300000000001, 1.08432, 2.8652799999999998]
tajectories: [[2.27955, -1.96512, -0.95, 1.40765, 1.01513, 1.08432, 2.86528], [2.31508, -1.50715, -0.9168, 1.48231, 0.94332, 0.93345, 2.79891], [2.35061, -1.04918, -0.88359, 1.55698, 0.87151, 0.78259, 2.73254], [2.38614, -0.59121, -0.85039, 1.63164, 0.7997, 0.63172, 2.66617], [2.42168, -0.13324, -0.81718, 1.70631, 0.72789, 0.48085, 2.59981], [2.45721, 0.32474, -0.78398, 1.78097, 0.65608, 0.32998, 2.53344], [2.49274, 0.78271, -0.75078, 1.85564, 0.58427, 0.17911, 2.46707], [2.52827, 1.24068, -0.71757, 1.9303, 0.51246, 0.02824, 2.4007], [2.54111, 1.40615, -0.70558, 1.95728, 0.48651, -0.02627, 2.37673], [2.4297, 1.39529, -0.65029, 1.97968, 0.58536, 0.01458, 1.90506], [2.31828, 1.38444, -0.59501, 2.00209, 0.6842, 0.05543, 1.43339], [2.20687, 1.37358, -0.53972, 2.02449, 0.78305, 0.09628, 0.96172], [2.09545, 1.36273, -0.48444, 2.04689, 0.88189, 0.13713, 0.49005], [1.98404, 1.35187, -0.42916, 2.0693, 0.98074, 0.17798, 0.01838], [1.87263, 1.34101, -0.37387, 2.0917, 1.07958, 0.21883, -0.45329], [1.76121, 1.33016, -0.31859, 2.11411, 1.17843, 0.25968, -0.92496], [1.72848, 1.32697, -0.30235, 2.12069, 1.20747, 0.27168, -1.06353], [1.57925, 1.39889, -0.48083, 2.05995, 0.84713, 0.45581, -1.21605], [1.43002, 1.4708, -0.65932, 1.99921, 0.48679, 0.63993, -1.36857], [1.28079, 1.54272, -0.83781, 1.93847, 0.12645, 0.82406, -1.5211], [1.13156, 1.61464, -1.0163, 1.87773, -0.2339, 1.00818, -1.67362], [0.98233, 1.68655, -1.19478, 1.81699, -0.59424, 1.19231, -1.82614], [0.8331, 1.75847, -1.37327, 1.75625, -0.95458, 1.37643, -1.97867]]
end: [0.68533999999999995, 1.82968, -1.55, 1.69611, -1.3113699999999999, 1.55874, -2.1296900000000001]
obtacles: [[[0.6, -0.4, -0.2], [1.0, 0.6, -0.3]], [[0.7, -0.1, -0.2], [0.9, -0.0, 0.4]], [[0.7, 0.3, -0.2], [0.9, 0.4, 0.4]], [[0.7, -0.1, 0.4], [0.9, 0.4, 0.5]]]
start: [2.4414099999999999, -1.83396, -1.25, 0.89722999999999997, -1.9761899999999999, -1.49502, -0.13865]
tajectories: [[2.44141, -1.83396, -1.25, 0.89723, -1.97619, -1.49502, -0.13865], [2.28499, -1.6022, -0.96965, 0.96089, -2.01507, -1.25112, -0.30648], [2.12856, -1.37045, -0.68929, 1.02456, -2.05396, -1.00722, -0.47431], [1.97214, -1.13869, -0.40894, 1.08823, -2.09285, -0.76331, -0.64214], [1.81571, -0.90693, -0.12859, 1.15189, -2.13173, -0.51941, -0.80997], [1.65928, -0.67517, 0.15176, 1.21556, -2.17062, -0.27551, -0.9778], [1.50635, -0.44858, 0.42586, 1.2778, -2.20864, -0.03705, -1.14189], [1.45957, -0.23138, 0.03245, 1.4475, -2.21828, 0.09177, -1.16147], [1.41279, -0.01418, -0.36095, 1.6172, -2.22792, 0.22058, -1.18105], [1.36601, 0.20302, -0.75436, 1.78689, -2.23756, 0.3494, -1.20063], [1.31924, 0.42023, -1.14776, 1.95659, -2.24719, 0.47822, -1.22021], [1.27246, 0.63743, -1.54117, 2.12629, -2.25683, 0.60703, -1.23979], [1.24688, 0.7562, -1.7563, 2.21908, -2.2621, 0.67747, -1.2505], [1.46643, 0.89501, -1.56077, 2.38775, -2.16225, 0.72048, -1.57303], [1.68599, 1.03381, -1.36524, 2.55641, -2.06239, 0.76348, -1.89556], [1.90555, 1.17261, -1.16971, 2.72508, -1.96253, 0.80648, -2.2181], [2.1251, 1.31141, -0.97417, 2.89374, -1.86268, 0.84948, -2.54063], [2.20925, 1.36461, -0.89923, 2.95839, -1.8244, 0.86597, -2.66425], [1.88753, 1.45744, -1.04761, 2.68336, -1.72222, 1.00489, -2.56191], [1.5658, 1.55027, -1.19599, 2.40834, -1.62003, 1.14382, -2.45956], [1.24407, 1.6431, -1.34437, 2.13331, -1.51785, 1.28275, -2.35722], [0.92234, 1.73593, -1.49276, 1.85829, -1.41566, 1.42167, -2.25487]]
end: [0.68981000000000003, 1.8030200000000001, -1.6000000000000001, 1.65951, -1.3418099999999999, 1.5220800000000001, -2.1808999999999998]
obtacles: [[[0.6, -0.4, -0.2], [1.0, 0.6, -0.3]], [[0.7, -0.1, -0.2], [0.9, -0.0, 0.4]], [[0.7, 0.3, -0.2], [0.9, 0.4, 0.4]], [[0.7, -0.1, 0.4], [0.9, 0.4, 0.5]]]
start: [2.25122, -1.9177200000000001, -1.3999999999999999, 1.5449999999999999, -1.92624, -1.4192, -0.59735000000000005]
tajectories: [[2.25122, -1.91772, -1.4, 1.545, -1.92624, -1.4192, -0.59735], [2.11274, -1.53009, -1.49294, 1.69335, -2.05847, -1.29905, -0.73151], [1.97425, -1.14246, -1.58588, 1.84171, -2.19071, -1.1789, -0.86567], [1.83576, -0.75484, -1.67882, 1.99006, -2.32295, -1.05874, -0.99983], [1.69728, -0.36721, -1.77176, 2.13841, -2.45518, -0.93859, -1.13398], [1.55879, 0.02042, -1.8647, 2.28676, -2.58742, -0.81844, -1.26814], [1.4203, 0.40804, -1.95765, 2.43511, -2.71966, -0.69829, -1.4023], [1.29089, 0.77027, -2.0445, 2.57374, -2.84323, -0.58601, -1.52766], [1.21236, 0.92597, -1.95976, 2.45908, -2.60651, -0.21912, -1.62048], [1.13383, 1.08168, -1.87502, 2.34442, -2.3698, 0.14778, -1.7133], [1.0553, 1.23738, -1.79028, 2.22976, -2.13308, 0.51467, -1.80612], [0.97677, 1.39308, -1.70554, 2.1151, -1.89636, 0.88157, -1.89894], [0.89824, 1.54879, -1.6208, 2.00045, -1.65965, 1.24846, -1.99176]]
end: [0.83262999999999998, 1.6788700000000001, -1.55, 1.90465, -1.4618899999999999, 1.55498, -2.0693100000000002]
obtacles: [[[0.6, -0.4, -0.2], [1.0, 0.6, -0.3]], [[0.7, -0.1, -0.2], [0.9, -0.0, 0.4]], [[0.7, 0.3, -0.2], [0.9, 0.4, 0.4]], [[0.7, -0.1, 0.4], [0.9, 0.4, 0.5]]]
start: [2.1827800000000002, -1.8632299999999999, -1.5, 1.8698699999999999, -1.8322000000000001, -1.4205700000000001, -0.88085000000000002]
tajectories: [[2.18278, -1.86323, -1.5, 1.86987, -1.8322, -1.42057, -0.88085], [1.95386, -1.53324, -1.63746, 1.97357, -1.61842, -1.31305, -0.92322], [1.72494, -1.20326, -1.77492, 2.07726, -1.40464, -1.20554, -0.96559], [1.49601, -0.87327, -1.91238, 2.18096, -1.19086, -1.09803, -1.00796], [1.26709, -0.54329, -2.04984, 2.28465, -0.97708, -0.99052, -1.05032], [1.03817, -0.2133, -2.1873, 2.38835, -0.7633, -0.88301, -1.09269], [0.80924, 0.11668, -2.32476, 2.49204, -0.54952, -0.77549, -1.13506], [0.7766, 0.16374, -2.34436, 2.50683, -0.51903, -0.76016, -1.14111], [1.07313, 0.03627, -2.29628, 2.49064, -0.41999, -0.45426, -0.94145], [1.36966, -0.09119, -2.2482, 2.47446, -0.32095, -0.14836, -0.74179], [1.66619, -0.21866, -2.20011, 2.45827, -0.22192, 0.15754, -0.54213], [1.96273, -0.34612, -2.15203, 2.44209, -0.12288, 0.46344, -0.34247], [2.25926, -0.47359, -2.10395, 2.4259, -0.02384, 0.76934, -0.14281], [2.50419, -0.57888, -2.06423, 2.41253, 0.05796, 1.02202, 0.0221], [2.27982, -0.27912, -1.99787, 2.35815, -0.13074, 1.08618, -0.22833], [2.05544, 0.02063, -1.93151, 2.30377, -0.31944, 1.15035, -0.47876], [1.83106, 0.32038, -1.86515, 2.24939, -0.50814, 1.21451, -0.7292], [1.60668, 0.62013, -1.79878, 2.19502, -0.69684, 1.27867, -0.97963], [1.3823, 0.91988, -1.73242, 2.14064, -0.88554, 1.34283, -1.23007], [1.15793, 1.21963, -1.66606, 2.08626, -1.07425, 1.407, -1.4805], [0.93355, 1.51938, -1.59969, 2.03188, -1.26295, 1.47116, -1.73093]]
end: [0.76553000000000004, 1.7438499999999999, -1.55, 1.99116, -1.40425, 1.5192099999999999, -1.9184699999999999]
obtacles: [[[0.6, -0.4, -0.2], [1.0, 0.6, -0.3]], [[0.7, -0.1, -0.2], [0.9, -0.0, 0.4]], [[0.7, 0.3, -0.2], [0.9, 0.4, 0.4]], [[0.7, -0.1, 0.4], [0.9, 0.4, 0.5]]]
start: [2.24004, -1.60548, -1.55, 1.7679400000000001, -1.6007400000000001, -1.54362, -0.86561999999999995]
tajectories: [[2.24004, -1.60548, -1.55, 1.76794, -1.60074, -1.54362, -0.86562], [2.05477, -1.46127, -1.51591, 2.02028, -1.28477, -1.39895, -0.76933], [1.8695, -1.31705, -1.48181, 2.27263, -0.9688, -1.25428, -0.67304], [1.68423, -1.17284, -1.44772, 2.52497, -0.65283, -1.10962, -0.57675], [1.49896, -1.02863, -1.41362, 2.77731, -0.33686, -0.96495, -0.48046], [1.40226, -0.95336, -1.39583, 2.90902, -0.17194, -0.88944, -0.43021], [1.4734, -0.6685, -1.33462, 2.81316, 0.00295, -0.84639, -0.77433], [1.54454, -0.38364, -1.27342, 2.7173, 0.17783, -0.80334, -1.11845], [1.61567, -0.09878, -1.21221, 2.62144, 0.35272, -0.76029, -1.46257], [1.68681, 0.18609, -1.151, 2.52557, 0.5276, -0.71725, -1.80669], [1.75795, 0.47095, -1.0898, 2.42971, 0.70249, -0.6742, -2.15081], [1.82909, 0.75581, -1.02859, 2.33385, 0.87737, -0.63115, -2.49494], [1.85658, 0.86592, -1.00493, 2.29679, 0.94497, -0.61451, -2.62795], [1.69108, 1.00221, -1.08064, 2.22275, 0.63376, -0.31551, -2.54692], [1.52558, 1.13851, -1.15635, 2.14871, 0.32255, -0.01651, -2.46589], [1.36008, 1.2748, -1.23206, 2.07466, 0.01134, 0.28249, -2.38485], [1.19457, 1.4111, -1.30777, 2.00062, -0.29987, 0.58148, -2.30382], [1.02907, 1.54739, -1.38348, 1.92658, -0.61108, 0.88048, -2.22279], [0.86357, 1.68368, -1.45919, 1.85254, -0.92229, 1.17948, -2.14176], [0.69807, 1.81998, -1.5349, 1.77849, -1.2335, 1.47848, -2.06072]]
end: [0.66505999999999998, 1.8471599999999999, -1.55, 1.76373, -1.29556, 1.5381100000000001, -2.0445600000000002]
obtacles: [[[0.6, -0.4, -0.2], [1.0, 0.6, -0.3]], [[0.7, -0.1, -0.2], [0.9, -0.0, 0.4]], [[0.7, 0.3, -0.2], [0.9, 0.4, 0.4]], [[0.7, -0.1, 0.4], [0.9, 0.4, 0.5]]]
start: [2.0378500000000002, -1.54379, -1.55, 1.65917, -1.54206, -1.55247, -0.55596999999999996]
tajectories: [[2.03785, -1.54379, -1.55, 1.65917, -1.54206, -1.55247, -0.55597], [1.94741, -1.26778, -1.56518, 1.79086, -1.53035, -1.17698, -0.47272], [1.85697, -0.99177, -1.58037, 1.92255, -1.51865, -0.80148, -0.38947], [1.76652, -0.71575, -1.59555, 2.05424, -1.50694, -0.42599, -0.30621], [1.67608, -0.43974, -1.61074, 2.18593, -1.49523, -0.0505, -0.22296], [1.58564, -0.16373, -1.62592, 2.31762, -1.48353, 0.325, -0.13971], [1.49519, 0.11229, -1.64111, 2.44931, -1.47182, 0.70049, -0.05646], [1.40475, 0.3883, -1.65629, 2.581, -1.46011, 1.07599, 0.0268], [1.39016, 0.43283, -1.65874, 2.60224, -1.45822, 1.13657, 0.04023], [1.30436, 0.69183, -1.63203, 2.46175, -1.40874, 1.20756, -0.34398], [1.21856, 0.95082, -1.60531, 2.32126, -1.35925, 1.27856, -0.72819], [1.13276, 1.20982, -1.57859, 2.18077, -1.30976, 1.34955, -1.1124], [1.04696, 1.46882, -1.55188, 2.04028, -1.26027, 1.42055, -1.49661], [0.96116, 1.72782, -1.52516, 1.89978, -1.21079, 1.49155, -1.88082]]
end: [0.88036000000000003, 1.9717199999999999, -1.5, 1.7674799999999999, -1.16418, 1.5584, -2.2426300000000001]
obtacles: [[[0.6, -0.4, -0.2], [1.0, 0.6, -0.3]], [[0.7, -0.1, -0.2], [0.9, -0.0, 0.4]], [[0.7, 0.3, -0.2], [0.9, 0.4, 0.4]], [[0.7, -0.1, 0.4], [0.9, 0.4, 0.5]]]
start: [2.3843800000000002, -1.5752200000000001, -1.5, 1.13933, -1.6044700000000001, -1.5083500000000001, -0.38091000000000003]
tajectories: [[2.38438, -1.57522, -1.5, 1.13933, -1.60447, -1.50835, -0.38091], [2.2656, -1.24142, -1.57605, 1.23112, -1.76191, -1.21615, -0.37175], [2.14682, -0.90761, -1.65211, 1.32291, -1.91936, -0.92395, -0.36259], [2.02804, -0.5738, -1.72816, 1.41471, -2.0768, -0.63175, -0.35344], [1.90926, -0.24, -1.80421, 1.5065, -2.23425, -0.33955, -0.34428], [1.79047, 0.09381, -1.88027, 1.59829, -2.39169, -0.04735, -0.33512], [1.67169, 0.42762, -1.95632, 1.69008, -2.54913, 0.24486, -0.32596], [1.55291, 0.76142, -2.03237, 1.78188, -2.70658, 0.53706, -0.3168], [1.54431, 0.78561, -2.03788, 1.78853, -2.71798, 0.55823, -0.31614], [1.56884, 0.98223, -1.97616, 1.91518, -2.30168, 0.42617, -0.32807], [1.59337, 1.17885, -1.91444, 2.04183, -1.88538, 0.29412, -0.33999], [1.6179, 1.37548, -1.85272, 2.16849, -1.46908, 0.16206, -0.35192], [1.64243, 1.5721, -1.79101, 2.29514, -1.05278, 0.03, -0.36385], [1.66696, 1.76872, -1.72929, 2.42179, -0.63648, -0.10205, -0.37578], [1.68442, 1.90864, -1.68537, 2.51192, -0.34023, -0.19603, -0.38426], [1.50819, 1.87141, -1.67136, 2.36696, -0.52424, 0.08808, -0.67022], [1.33195, 1.83417, -1.65735, 2.22201, -0.70825, 0.37218, -0.95618], [1.15572, 1.79693, -1.64335, 2.07705, -0.89226, 0.65628, -1.24214], [0.97949, 1.7597, -1.62934, 1.93209, -1.07628, 0.94038, -1.5281], [0.80326, 1.72246, -1.61533, 1.78713, -1.26029, 1.22449, -1.81406], [0.62703, 1.68522, -1.60132, 1.64217, -1.4443, 1.50859, -2.10002]]
end: [0.61036999999999997, 1.68171, -1.6000000000000001, 1.6284700000000001, -1.4616899999999999, 1.5354399999999999, -2.12704]
obtacles: [[[0.6, -0.4, -0.2], [1.0, 0.6, -0.3]], [[0.7, -0.1, -0.2], [0.9, -0.0, 0.4]], [[0.7, 0.3, -0.2], [0.9, 0.4, 0.4]], [[0.7, -0.1, 0.4], [0.9, 0.4, 0.5]]]
start: [2.3807800000000001, -1.5230399999999999, -1.55, 1.07491, -1.5386599999999999, -1.5298, -0.31524999999999997]
tajectories: [[2.38078, -1.52304, -1.55, 1.07491, -1.53866, -1.5298, -0.31525], [2.15313, -1.39917, -1.27006, 1.26921, -1.44211, -1.3426, -0.46475], [1.92548, -1.2753, -0.99012, 1.46351, -1.34557, -1.1554, -0.61424], [1.69783, -1.15143, -0.71018, 1.65781, -1.24902, -0.9682, -0.76374], [1.47018, -1.02756, -0.43024, 1.85211, -1.15248, -0.781, -0.91323], [1.24253, -0.90369, -0.1503, 2.04641, -1.05593, -0.5938, -1.06273], [1.01489, -0.77982, 0.12965, 2.24071, -0.95939, -0.40661, -1.21223], [0.83903, -0.68413, 0.3459, 2.39081, -0.88481, -0.26199, -1.32771], [1.0415, -0.50481, 0.04344, 2.44555, -1.00293, -0.20466, -1.58292], [1.24397, -0.3255, -0.25902, 2.5003, -1.12104, -0.14733, -1.83813], [1.44645, -0.14618, -0.56148, 2.55505, -1.23916, -0.09, -2.09335], [1.64892, 0.03314, -0.86394, 2.60979, -1.35727, -0.03267, -2.34856], [1.8514, 0.21245, -1.1664, 2.66454, -1.47539, 0.02466, -2.60377], [2.03788, 0.37761, -1.44497, 2.71496, -1.58418, 0.07746, -2.83882], [1.81778, 0.63667, -1.46575, 2.52866, -1.5582, 0.37234, -2.73076], [1.59769, 0.89574, -1.48653, 2.34236, -1.53222, 0.66721, -2.6227], [1.3776, 1.15481, -1.50732, 2.15606, -1.50625, 0.96209, -2.51464], [1.15751, 1.41387, -1.5281, 1.96976, -1.48027, 1.25696, -2.40658], [0.93741, 1.67294, -1.54888, 1.78346, -1.4543, 1.55184, -2.29852]]
end: [0.92556000000000005, 1.68689, -1.55, 1.7734300000000001, -1.4529000000000001, 1.56772, -2.2927]
obtacles: [[[0.6, -0.4, -0.2], [1.0, 0.6, -0.3]], [[0.7, -0.1, -0.2], [0.9, -0.0, 0.4]], [[0.7, 0.3, -0.2], [0.9, 0.4, 0.4]], [[0.7, -0.1, 0.4], [0.9, 0.4, 0.5]]]
start: [2.5908799999999998, -1.7928900000000001, -1.3, 0.72077000000000002, -1.9192199999999999, -1.5640799999999999, -0.13850000000000001]
tajectories: [[2.59088, -1.79289, -1.3, 0.72077, -1.91922, -1.56408, -0.1385], [2.40079, -1.42404, -1.12719, 0.92319, -1.96894, -1.54017, -0.20124], [2.2107, -1.05519, -0.95437, 1.12561, -2.01866, -1.51626, -0.26398], [2.02062, -0.68635, -0.78156, 1.32803, -2.06838, -1.49235, -0.32672], [1.83053, -0.3175, -0.60875, 1.53046, -2.1181, -1.46843, -0.38946], [1.64044, 0.05134, -0.43593, 1.73288, -2.16783, -1.44452, -0.4522], [1.45035, 0.42019, -0.26312, 1.9353, -2.21755, -1.42061, -0.51494], [1.26026, 0.78904, -0.0903, 2.13772, -2.26727, -1.3967, -0.57768], [1.25214, 0.8048, -0.08292, 2.14637, -2.2694, -1.39568, -0.58036], [1.27155, 0.88341, -0.36783, 2.1765, -2.14222, -1.01497, -0.59622], [1.29095, 0.96202, -0.65273, 2.20663, -2.01505, -0.63426, -0.61207], [1.31036, 1.04063, -0.93764, 2.23676, -1.88788, -0.25355, -0.62793], [1.32977, 1.11923, -1.22255, 2.26689, -1.76071, 0.12716, -0.64379], [1.34709, 1.1894, -1.47685, 2.29378, -1.6472, 0.46698, -0.65795], [1.21633, 1.31226, -1.5122, 2.11427, -1.58461, 0.6837, -1.02325], [1.08557, 1.43511, -1.54755, 1.93477, -1.52201, 0.90042, -1.38856], [0.9548, 1.55797, -1.5829, 1.75526, -1.45942, 1.11714, -1.75386], [0.82404, 1.68083, -1.61825, 1.57575, -1.39683, 1.33387, -2.11917]]
end: [0.70657999999999999, 1.7911900000000001, -1.6499999999999999, 1.4145000000000001, -1.3406, 1.5285500000000001, -2.4473199999999999]
obtacles: [[[0.6, -0.4, -0.2], [1.0, 0.6, -0.3]], [[0.7, -0.1, -0.2], [0.9, -0.0, 0.4]], [[0.7, 0.3, -0.2], [0.9, 0.4, 0.4]], [[0.7, -0.1, 0.4], [0.9, 0.4, 0.5]]]
start: [2.38279, -1.7365999999999999, -1.5, 1.27582, -1.7499800000000001, -1.55202, -0.50944999999999996]
tajectories: [[2.38279, -1.7366, -1.5, 1.27582, -1.74998, -1.55202, -0.50945], [2.36766, -1.49956, -1.70347, 1.43185, -1.40349, -1.46697, -0.48617], [2.35254, -1.26251, -1.90694, 1.58788, -1.05699, -1.38192, -0.46289], [2.33741, -1.02547, -2.1104, 1.74391, -0.71049, -1.29687, -0.43961], [2.32228, -0.78843, -2.31387, 1.89994, -0.36399, -1.21182, -0.41633], [2.30715, -0.55138, -2.51734, 2.05597, -0.01749, -1.12677, -0.39306], [2.29869, -0.41894, -2.63102, 2.14315, 0.17611, -1.07925, -0.38005], [2.24366, -0.05289, -2.31389, 2.14604, 0.11315, -0.99641, -0.41969], [2.18863, 0.31317, -1.99676, 2.14892, 0.05019, -0.91357, -0.45934], [2.1336, 0.67922, -1.67963, 2.1518, -0.01276, -0.83073, -0.49898], [2.07856, 1.04527, -1.3625, 2.15468, -0.07572, -0.74789, -0.53863], [2.02353, 1.41132, -1.04537, 2.15757, -0.13868, -0.66505, -0.57827], [1.9685, 1.77737, -0.72824, 2.16045, -0.20163, -0.58221, -0.61792], [1.96789, 1.78141, -0.72474, 2.16048, -0.20233, -0.58129, -0.61836], [1.78037, 1.78628, -0.84911, 2.12452, -0.38174, -0.23945, -0.83973], [1.59284, 1.79115, -0.97348, 2.08855, -0.56114, 0.1024, -1.0611], [1.40532, 1.79603, -1.09784, 2.05259, -0.74055, 0.44424, -1.28247], [1.21779, 1.8009, -1.22221, 2.01663, -0.91996, 0.78609, -1.50384], [1.03026, 1.80577, -1.34658, 1.98066, -1.09937, 1.12793, -1.72521], [0.84274, 1.81064, -1.47094, 1.9447, -1.27877, 1.46978, -1.94658]]
end: [0.79891999999999996, 1.8117799999999999, -1.5, 1.9362999999999999, -1.3206899999999999, 1.54965, -1.9983]
obtacles: [[[0.6, -0.4, -0.2], [1.0, 0.6, -0.3]], [[0.7, -0.1, -0.2], [0.9, -0.0, 0.4]], [[0.7, 0.3, -0.2], [0.9, 0.4, 0.4]], [[0.7, -0.1, 0.4], [0.9, 0.4, 0.5]]]
start: [2.2126899999999998, -1.5950599999999999, -1.5, 1.94072, -1.5678399999999999, -1.4960199999999999, -1.0110699999999999]
tajectories: [[2.21269, -1.59506, -1.5, 1.94072, -1.56784, -1.49602, -1.01107], [2.05232, -1.34918, -1.38577, 2.0998, -1.40797, -1.18007, -1.00197], [1.89194, -1.1033, -1.27153, 2.25888, -1.24811, -0.86412, -0.99288], [1.73157, -0.85742, -1.1573, 2.41796, -1.08824, -0.54817, -0.98378], [1.5712, -0.61153, -1.04306, 2.57705, -0.92837, -0.23221, -0.97469], [1.41082, -0.36565, -0.92883, 2.73613, -0.7685, 0.08374, -0.96559], [1.2754, -0.15802, -0.83237, 2.87046, -0.6335, 0.35054, -0.95791], [1.22803, 0.1609, -0.94984, 2.69597, -0.7512, 0.54527, -1.18157], [1.18066, 0.47983, -1.06731, 2.52147, -0.86889, 0.74, -1.40523], [1.1333, 0.79875, -1.18479, 2.34697, -0.98659, 0.93473, -1.62889], [1.08593, 1.11767, -1.30226, 2.17248, -1.10428, 1.12946, -1.85254], [1.03856, 1.4366, -1.41973, 1.99798, -1.22197, 1.32419, -2.0762], [0.99119, 1.75552, -1.53721, 1.82348, -1.33967, 1.51892, -2.29986]]
end: [0.98602999999999996, 1.7902499999999999, -1.55, 1.8044800000000001, -1.3524799999999999, 1.54013, -2.32422]
obtacles: [[[0.6, -0.4, -0.2], [1.0, 0.6, -0.3]], [[0.7, -0.1, -0.2], [0.9, -0.0, 0.4]], [[0.7, 0.3, -0.2], [0.9, 0.4, 0.4]], [[0.7, -0.1, 0.4], [0.9, 0.4, 0.5]]]
start: [2.23306, -1.71654, -1.5, 1.3760399999999999, -1.72759, -1.53023, -0.45915]
tajectories: [[2.23306, -1.71654, -1.5, 1.37604, -1.72759, -1.53023, -0.45915], [2.08256, -1.52984, -1.53183, 1.39558, -1.46348, -1.30847, -0.72778], [1.93206, -1.34314, -1.56366, 1.41511, -1.19936, -1.08672, -0.99642], [1.78156, -1.15644, -1.59549, 1.43465, -0.93524, -0.86497, -1.26506], [1.63106, -0.96974, -1.62732, 1.45419, -0.67113, -0.64322, -1.5337], [1.48056, -0.78305, -1.65915, 1.47372, -0.40701, -0.42147, -1.80234], [1.33006, -0.59635, -1.69098, 1.49326, -0.14289, -0.19971, -2.07098], [1.32199, -0.58633, -1.69269, 1.49431, -0.12873, -0.18782, -2.08538], [1.23116, -0.36324, -1.54543, 1.62738, -0.1919, 0.12813, -1.86454], [1.14033, -0.14015, -1.39817, 1.76045, -0.25508, 0.44408, -1.64369], [1.0495, 0.08294, -1.25092, 1.89353, -0.31826, 0.76002, -1.42285], [0.95867, 0.30603, -1.10366, 2.0266, -0.38144, 1.07597, -1.202], [0.86784, 0.52912, -0.9564, 2.15967, -0.44461, 1.39192, -0.98116], [0.83573, 0.60801, -0.90433, 2.20673, -0.46696, 1.50364, -0.90306], [0.83124, 0.89888, -1.06237, 2.12111, -0.68271, 1.50938, -1.19715], [0.82675, 1.18976, -1.2204, 2.0355, -0.89846, 1.51512, -1.49123], [0.82226, 1.48063, -1.37844, 1.94988, -1.11421, 1.52086, -1.78531], [0.81777, 1.7715, -1.53647, 1.86426, -1.32997, 1.5266, -2.0794]]
end: [0.81738999999999995, 1.7964, -1.55, 1.85694, -1.34843, 1.5270900000000001, -2.1045699999999998]
obtacles: [[[0.6, -0.4, -0.2], [1.0, 0.6, -0.3]], [[0.7, -0.1, -0.2], [0.9, -0.0, 0.4]], [[0.7, 0.3, -0.2], [0.9, 0.4, 0.4]], [[0.7, -0.1, 0.4], [0.9, 0.4, 0.5]]]
start: [2.07734, -1.6786700000000001, -1.55, 1.40666, -1.6806099999999999, -1.56799, -0.34112999999999999]
tajectories: [[2.07734, -1.67867, -1.55, 1.40666, -1.68061, -1.56799, -0.34113], [1.85267, -1.69161, -1.64775, 1.46358, -1.77161, -1.245, -0.61308], [1.628, -1.70455, -1.7455, 1.5205, -1.86261, -0.92201, -0.88503], [1.40332, -1.71749, -1.84324, 1.57742, -1.95361, -0.59902, -1.15699], [1.17865, -1.73043, -1.94099, 1.63434, -2.0446, -0.27603, -1.42894], [0.95398, -1.74336, -2.03874, 1.69126, -2.1356, 0.04696, -1.70089], [0.7293, -1.7563, -2.13649, 1.74818, -2.2266, 0.36994, -1.97284], [0.6833, -1.75895, -2.1565, 1.75983, -2.24523, 0.43608, -2.02852], [0.75566, -1.38185, -1.94981, 1.94965, -2.3667, 0.52612, -1.99773], [0.82802, -1.00476, -1.74312, 2.13946, -2.48816, 0.61617, -1.96694], [0.90038, -0.62766, -1.53643, 2.32928, -2.60963, 0.70622, -1.93615], [0.97273, -0.25056, -1.32974, 2.51909, -2.7311, 0.79626, -1.90536], [1.04509, 0.12654, -1.12305, 2.70891, -2.85256, 0.88631, -1.87457], [1.11745, 0.50364, -0.91636, 2.89872, -2.97403, 0.97636, -1.84379], [1.18981, 0.88073, -0.70967, 3.08854, -3.0955, 1.0664, -1.813], [1.19526, 0.90917, -0.69409, 3.10285, -3.10466, 1.07319, -1.81067], [1.13393, 1.0674, -0.87935, 2.87225, -2.75721, 1.17815, -1.85506], [1.07259, 1.22564, -1.06461, 2.64166, -2.40977, 1.28311, -1.89944], [1.01125, 1.38387, -1.24987, 2.41106, -2.06233, 1.38807, -1.94383], [0.94992, 1.54211, -1.43513, 2.18046, -1.71488, 1.49303, -1.98821]]
end: [0.91188000000000002, 1.6402300000000001, -1.55, 2.03748, -1.4994400000000001, 1.5581100000000001, -2.01573]
obtacles: [[[0.6, -0.4, -0.2], [1.0, 0.6, -0.3]], [[0.7, -0.1, -0.2], [0.9, -0.0, 0.4]], [[0.7, 0.3, -0.2], [0.9, 0.4, 0.4]], [[0.7, -0.1, 0.4], [0.9, 0.4, 0.5]]]
start: [2.0701000000000001, -1.84449, -1.5, 1.48251, -1.84992, -1.52677, -0.39507999999999999]
tajectories: [[2.0701, -1.84449, -1.5, 1.48251, -1.84992, -1.52677, -0.39508], [1.86662, -1.72299, -1.43445, 1.58083, -1.95339, -1.18732, -0.62731], [1.66315, -1.60149, -1.36889, 1.67915, -2.05686, -0.84786, -0.85955], [1.45967, -1.47999, -1.30334, 1.77748, -2.16033, -0.5084, -1.09178], [1.2562, -1.35848, -1.23778, 1.8758, -2.2638, -0.16894, -1.32401], [1.08822, -1.25818, -1.18366, 1.95697, -2.34922, 0.1113, -1.51574], [1.18099, -0.99117, -1.25365, 2.14098, -2.09129, 0.3494, -1.4256], [1.27376, -0.72416, -1.32364, 2.32498, -1.83336, 0.5875, -1.33547], [1.36653, -0.45715, -1.39363, 2.50899, -1.57543, 0.8256, -1.24533], [1.41505, -0.31749, -1.43024, 2.60524, -1.44052, 0.95014, -1.19818], [1.50005, 0.11578, -1.53864, 2.58464, -1.35882, 0.76084, -1.21751], [1.58504, 0.54904, -1.64703, 2.56403, -1.27712, 0.57154, -1.23683], [1.67003, 0.98231, -1.75543, 2.54343, -1.19543, 0.38224, -1.25616], [1.70238, 1.14718, -1.79668, 2.53559, -1.16434, 0.3102, -1.26351], [1.44946, 1.30172, -1.72954, 2.40497, -1.23759, 0.64002, -1.4261], [1.19654, 1.45626, -1.6624, 2.27435, -1.31085, 0.96984, -1.58868], [0.94362, 1.6108, -1.59526, 2.14373, -1.3841, 1.29966, -1.75127]]
end: [0.77310000000000001, 1.7149799999999999, -1.55, 2.0556700000000001, -1.4334800000000001, 1.5220100000000001, -1.8608800000000001]
obtacles: [[[0.6, -0.4, -0.2], [1.0, 0.6, -0.3]], [[0.7, -0.1, -0.2], [0.9, -0.0, 0.4]], [[0.7, 0.3, -0.2], [0.9, 0.4, 0.4]], [[0.7, -0.1, 0.4], [0.9, 0.4, 0.5]]]
start: [2.24261, -1.5870899999999999, -1.5, 1.75423, -1.5739300000000001, -1.4982200000000001, -0.85455000000000003]
tajectories: [[2.24261, -1.58709, -1.5, 1.75423, -1.57393, -1.49822, -0.85455], [2.04475, -1.61571, -1.33424, 1.71652, -1.42242, -1.29554, -0.51235], [1.8469, -1.64433, -1.16848, 1.6788, -1.27091, -1.09287, -0.17015], [1.64905, -1.67295, -1.00272, 1.64109, -1.1194, -0.89019, 0.17206], [1.4512, -1.70157, -0.83695, 1.60337, -0.96789, -0.68751, 0.51426], [1.25334, -1.73019, -0.67119, 1.56566, -0.81638, -0.48484, 0.85646], [1.07775, -1.75559, -0.52408, 1.53219, -0.68192, -0.30496, 1.16016], [0.87266, -1.42174, -0.54533, 1.58875, -0.43631, -0.1443, 1.07833], [0.66757, -1.08789, -0.56657, 1.64531, -0.1907, 0.01636, 0.9965], [0.46248, -0.75404, -0.58781, 1.70188, 0.05491, 0.17702, 0.91467], [0.25739, -0.42019, -0.60906, 1.75844, 0.30052, 0.33768, 0.83284], [0.0523, -0.08634, -0.6303, 1.815, 0.54613, 0.49834, 0.75101], [-0.15279, 0.24751, -0.65154, 1.87156, 0.79173, 0.659, 0.66917], [-0.16391, 0.26562, -0.6527, 1.87463, 0.80506, 0.66771, 0.66474], [0.05631, 0.5764, -0.73052, 2.0038, 0.65673, 0.9037, 0.73173], [0.27653, 0.88717, -0.80834, 2.13296, 0.5084, 1.13969, 0.79872], [0.49676, 1.19795, -0.88616, 2.26212, 0.36007, 1.37568, 0.86571], [0.64848, 1.41205, -0.93978, 2.35111, 0.25789, 1.53826, 0.91187], [0.69877, 1.46478, -1.02125, 2.28208, 0.04491, 1.53708, 0.47836], [0.74906, 1.51751, -1.10272, 2.21305, -0.16806, 1.53589, 0.04485], [0.79935, 1.57024, -1.1842, 2.14402, -0.38104, 1.53471, -0.38865], [0.84964, 1.62297, -1.26567, 2.07499, -0.59402, 1.53353, -0.82216], [0.89993, 1.6757, -1.34714, 2.00596, -0.80699, 1.53235, -1.25566], [0.95022, 1.72843, -1.42861, 1.93694, -1.01997, 1.53116, -1.68917], [1.00052, 1.78116, -1.51009, 1.86791, -1.23295, 1.52998, -2.12267]]
end: [1.02515, 1.8069900000000001, -1.55, 1.83409, -1.33728, 1.5294000000000001, -2.3350399999999998]
obtacles: [[[0.6, -0.4, -0.2], [1.0, 0.6, -0.3]], [[0.7, -0.1, -0.2], [0.9, -0.0, 0.4]], [[0.7, 0.3, -0.2], [0.9, 0.4, 0.4]], [[0.7, -0.1, 0.4], [0.9, 0.4, 0.5]]]
start: [2.5609899999999999, -1.8056099999999999, -1.25, 0.70162999999999998, -1.9654400000000001, -1.5505500000000001, -0.078829999999999997]
tajectories: [[2.56099, -1.80561, -1.25, 0.70163, -1.96544, -1.55055, -0.07883], [2.43583, -1.41074, -1.43416, 0.63391, -1.82396, -1.46286, 0.03165], [2.31067, -1.01587, -1.61832, 0.56619, -1.68248, -1.37517, 0.14213], [2.18551, -0.62101, -1.80248, 0.49847, -1.541, -1.28748, 0.25262], [2.06035, -0.22614, -1.98664, 0.43075, -1.39952, -1.19978, 0.3631], [1.93519, 0.16873, -2.17081, 0.36302, -1.25804, -1.11209, 0.47358], [1.81002, 0.5636, -2.35497, 0.2953, -1.11656, -1.0244, 0.58406], [1.806, 0.57629, -2.36089, 0.29312, -1.11201, -1.02158, 0.58761], [1.82727, 0.69633, -2.27411, 0.53378, -0.79123, -0.83209, 0.41185], [1.84853, 0.81637, -2.18733, 0.77443, -0.47046, -0.64261, 0.23608], [1.8698, 0.93641, -2.10055, 1.01509, -0.14969, -0.45312, 0.06032], [1.89106, 1.05645, -2.01377, 1.25574, 0.17109, -0.26364, -0.11545], [1.91233, 1.17649, -1.927, 1.49639, 0.49186, -0.07415, -0.29121], [1.9336, 1.29653, -1.84022, 1.73705, 0.81263, 0.11534, -0.46698], [1.95486, 1.41657, -1.75344, 1.9777, 1.13341, 0.30482, -0.64274], [1.96339, 1.46471, -1.71863, 2.07422, 1.26206, 0.38082, -0.71324], [1.7942, 1.50707, -1.69403, 2.04338, 0.87534, 0.5496, -0.91318], [1.625, 1.54943, -1.66942, 2.01255, 0.48861, 0.71839, -1.11313], [1.4558, 1.59178, -1.64482, 1.98172, 0.10189, 0.88718, -1.31307], [1.2866, 1.63414, -1.62021, 1.95089, -0.28483, 1.05597, -1.51302], [1.1174, 1.6765, -1.59561, 1.92005, -0.67155, 1.22475, -1.71297], [0.94821, 1.71886, -1.571, 1.88922, -1.05828, 1.39354, -1.91291]]
end: [0.80378000000000005, 1.75502, -1.55, 1.8629, -1.3883799999999999, 1.53762, -2.0835900000000001]
obtacles: [[[0.6, -0.4, -0.2], [1.0, 0.6, -0.3]], [[0.7, -0.1, -0.2], [0.9, -0.0, 0.4]], [[0.7, 0.3, -0.2], [0.9, 0.4, 0.4]], [[0.7, -0.1, 0.4], [0.9, 0.4, 0.5]]]
start: [2.5475099999999999, -1.86751, -1.3, 0.86577000000000004, -1.9697499999999999, -1.56545, -0.22989000000000001]
tajectories: [[2.54751, -1.86751, -1.3, 0.86577, -1.96975, -1.56545, -0.22989], [2.32551, -1.69096, -1.1046, 1.01235, -2.02965, -1.56662, -0.55592], [2.10351, -1.51441, -0.90921, 1.15892, -2.08954, -1.56778, -0.88195], [1.88151, -1.33785, -0.71381, 1.30549, -2.14943, -1.56895, -1.20797], [1.65951, -1.1613, -0.51842, 1.45206, -2.20933, -1.57012, -1.534], [1.63201, -1.13943, -0.49421, 1.47022, -2.21674, -1.57026, -1.57438], [1.65312, -0.81805, -0.66382, 1.71367, -2.07456, -1.37556, -1.58452], [1.67422, -0.49666, -0.83342, 1.95713, -1.93237, -1.18087, -1.59466], [1.69533, -0.17527, -1.00303, 2.20059, -1.79018, -0.98617, -1.60479], [1.71643, 0.14612, -1.17263, 2.44404, -1.648, -0.79147, -1.61493], [1.73754, 0.46751, -1.34224, 2.6875, -1.50581, -0.59677, -1.62506], [1.74531, 0.58584, -1.40468, 2.77714, -1.45346, -0.52509, -1.6288], [1.55627, 0.80114, -1.43788, 2.58418, -1.42591, -0.17701, -1.71629], [1.36722, 1.01644, -1.47107, 2.39123, -1.39837, 0.17107, -1.80379], [1.17818, 1.23174, -1.50426, 2.19827, -1.37082, 0.51916, -1.89129], [0.98914, 1.44703, -1.53746, 2.00531, -1.34328, 0.86724, -1.97878], [0.80009, 1.66233, -1.57065, 1.81236, -1.31573, 1.21532, -2.06628]]
end: [0.63295000000000001, 1.8526899999999999, -1.6000000000000001, 1.64175, -1.29138, 1.52308, -2.14364]
obtacles: [[[0.6, -0.4, -0.2], [1.0, 0.6, -0.3]], [[0.7, -0.1, -0.2], [0.9, -0.0, 0.4]], [[0.7, 0.3, -0.2], [0.9, 0.4, 0.4]], [[0.7, -0.1, 0.4], [0.9, 0.4, 0.5]]]
start: [2.26044, -1.72373, -1.5, 1.6026899999999999, -1.7218199999999999, -1.4959899999999999, -0.71045000000000003]
tajectories: [[2.26044, -1.72373, -1.5, 1.60269, -1.72182, -1.49599, -0.71045], [2.14845, -1.73646, -1.40029, 1.84704, -1.62568, -1.20577, -0.9828], [2.03646, -1.7492, -1.30058, 2.09138, -1.52954, -0.91554, -1.25515], [1.92448, -1.76194, -1.20087, 2.33573, -1.4334, -0.62532, -1.52751], [1.81249, -1.77468, -1.10116, 2.58007, -1.33726, -0.33509, -1.79986], [1.79247, -1.77696, -1.08334, 2.62375, -1.32008, -0.28321, -1.84854], [1.91984, -1.32916, -1.16106, 2.60703, -1.47797, -0.23914, -1.84087], [2.0472, -0.88135, -1.23878, 2.59031, -1.63586, -0.19506, -1.83321], [2.17456, -0.43355, -1.3165, 2.57359, -1.79375, -0.15099, -1.82554], [2.2749, -0.08076, -1.37773, 2.56042, -1.91813, -0.11627, -1.8195], [1.97895, 0.24286, -1.37663, 2.56022, -2.06972, 0.06959, -1.83212], [1.683, 0.56648, -1.37552, 2.56001, -2.2213, 0.25545, -1.84475], [1.38704, 0.8901, -1.37442, 2.55981, -2.37289, 0.4413, -1.85738], [1.37312, 0.90532, -1.37437, 2.5598, -2.38001, 0.45005, -1.85797], [1.21713, 1.09724, -1.43498, 2.30754, -2.15427, 0.6868, -1.97843], [1.06114, 1.28917, -1.49559, 2.05529, -1.92852, 0.92356, -2.09888], [0.90515, 1.4811, -1.5562, 1.80303, -1.70278, 1.16032, -2.21933], [0.74916, 1.67302, -1.61681, 1.55078, -1.47703, 1.39708, -2.33978]]
end: [0.66373000000000004, 1.7781400000000001, -1.6499999999999999, 1.41262, -1.3533900000000001, 1.5267500000000001, -2.4057499999999998]
obtacles: [[[0.6, -0.4, -0.2], [1.0, 0.6, -0.3]], [[0.7, -0.1, -0.2], [0.9, -0.0, 0.4]], [[0.7, 0.3, -0.2], [0.9, 0.4, 0.4]], [[0.7, -0.1, 0.4], [0.9, 0.4, 0.5]]]
start: [-1.02112, 1.7865800000000001, 1.95, 1.7428399999999999, -1.73359, -1.167, -0.64676]
tajectories: [[-1.02112, 1.78658, 1.95, 1.74284, -1.73359, -1.167, -0.64676], [-1.16488, 1.56766, 1.93397, 1.8355, -1.45051, -0.86622, -0.69105], [-1.30864, 1.34875, 1.91795, 1.92815, -1.16742, -0.56544, -0.73534], [-1.4524, 1.12984, 1.90192, 2.02081, -0.88434, -0.26466, -0.77962], [-1.59617, 0.91092, 1.88589, 2.11346, -0.60125, 0.03613, -0.82391], [-1.62404, 0.86847, 1.88278, 2.13143, -0.54636, 0.09445, -0.8325], [-1.70162, 0.42198, 1.86868, 2.16715, -0.34071, 0.07286, -0.81274], [-1.77921, -0.02451, 1.85457, 2.20288, -0.13506, 0.05127, -0.79298], [-1.85679, -0.47101, 1.84047, 2.2386, 0.07059, 0.02969, -0.77323], [-1.93437, -0.9175, 1.82637, 2.27433, 0.27624, 0.0081, -0.75347], [-1.99776, -1.28231, 1.81484, 2.30352, 0.44427, -0.00954, -0.73733], [-2.0728, -1.39681, 1.78507, 2.21957, 0.14425, 0.27262, -0.96906], [-2.14784, -1.5113, 1.75531, 2.13563, -0.15577, 0.55478, -1.2008], [-2.22288, -1.6258, 1.72554, 2.05169, -0.45579, 0.83694, -1.43253], [-2.29792, -1.74029, 1.69577, 1.96775, -0.75581, 1.1191, -1.66427], [-2.37296, -1.85479, 1.666, 1.88381, -1.05583, 1.40127, -1.896]]
end: [-2.4133, -1.9163300000000001, 1.6499999999999999, 1.8386899999999999, -1.21709, 1.5529299999999999, -2.0205600000000001]
obtacles: [[[0.6, -0.4, -0.2], [1.0, 0.6, -0.3]], [[0.7, -0.1, -0.2], [0.9, -0.0, 0.4]], [[0.7, 0.3, -0.2], [0.9, 0.4, 0.4]], [[0.7, -0.1, 0.4], [0.9, 0.4, 0.5]]]
start: [-0.50927999999999995, 1.79199, 1.8999999999999999, 0.65769, -1.96471, -1.5516099999999999, -0.10768999999999999]
tajectories: [[-0.50928, 1.79199, 1.9, 0.65769, -1.96471, -1.55161, -0.10769], [-0.62306, 1.4408, 1.79118, 0.77564, -1.7392, -1.36015, -0.12896], [-0.73684, 1.08961, 1.68235, 0.89359, -1.5137, -1.16868, -0.15022], [-0.85062, 0.73842, 1.57353, 1.01154, -1.28819, -0.97721, -0.17148], [-0.9644, 0.38723, 1.46471, 1.12949, -1.06269, -0.78574, -0.19274], [-1.07787, 0.03699, 1.35618, 1.24712, -0.8378, -0.59479, -0.21395], [-1.45558, -0.08445, 1.39464, 1.3241, -0.77293, -0.39977, -0.42116], [-1.8333, -0.20589, 1.43311, 1.40108, -0.70806, -0.20475, -0.62838], [-2.21101, -0.32732, 1.47158, 1.47807, -0.6432, -0.00973, -0.83559], [-2.42078, -0.39477, 1.49294, 1.52082, -0.60717, 0.09857, -0.95067], [-2.45711, -0.60295, 1.3145, 1.78417, -0.68903, 0.40025, -0.87043], [-2.49344, -0.81113, 1.13607, 2.04752, -0.7709, 0.70192, -0.79019], [-2.52977, -1.01931, 0.95764, 2.31087, -0.85276, 1.0036, -0.70995], [-2.53366, -1.04158, 0.93855, 2.33904, -0.86152, 1.03587, -0.70137], [-2.46849, -1.26209, 1.14115, 2.24565, -0.96365, 1.17632, -1.04371], [-2.40332, -1.48261, 1.34374, 2.15226, -1.06579, 1.31677, -1.38606], [-2.33816, -1.70312, 1.54634, 2.05887, -1.16793, 1.45723, -1.7284]]
end: [-2.2887300000000002, -1.8703700000000001, 1.7, 1.98803, -1.24539, 1.56375, -1.9880500000000001]
obtacles: [[[0.6, -0.4, -0.2], [1.0, 0.6, -0.3]], [[0.7, -0.1, -0.2], [0.9, -0.0, 0.4]], [[0.7, 0.3, -0.2], [0.9, 0.4, 0.4]], [[0.7, -0.1, 0.4], [0.9, 0.4, 0.5]]]
start: [-1.0167299999999999, 1.5505199999999999, 1.7, 1.8373699999999999, -1.5168900000000001, -1.4515899999999999, -0.82516999999999996]
tajectories: [[-1.01673, 1.55052, 1.7, 1.83737, -1.51689, -1.45159, -0.82517], [-0.95425, 1.40632, 1.99641, 1.96865, -1.20285, -1.30926, -0.78878], [-0.91021, 1.30468, 2.20536, 2.06119, -0.98147, -1.20892, -0.76313], [-0.56857, 1.43782, 2.34645, 2.22562, -1.22391, -1.28831, -0.82259], [-0.29754, 1.54345, 2.45839, 2.35607, -1.41625, -1.35129, -0.86976], [-0.23408, 1.64979, 2.20907, 2.57658, -1.49637, -1.33828, -1.21225], [-0.22262, 1.66901, 2.16402, 2.61642, -1.51085, -1.33593, -1.27413], [-0.27456, 1.78963, 1.94387, 2.23316, -1.69045, -1.35239, -1.34391], [-0.3265, 1.91024, 1.72372, 1.8499, -1.87006, -1.36885, -1.41368]]
end: [-0.33210000000000001, 1.9232400000000001, 1.7, 1.8086, -1.88941, -1.3706199999999999, -1.42119]
obtacles: [[[0.6, -0.4, -0.2], [1.0, 0.6, -0.3]], [[0.7, -0.1, -0.2], [0.9, -0.0, 0.4]], [[0.7, 0.3, -0.2], [0.9, 0.4, 0.4]], [[0.7, -0.1, 0.4], [0.9, 0.4, 0.5]]]
start: [-0.43070000000000003, 1.5418499999999999, 1.7, 0.33825, -1.6832, -1.5006999999999999, 0.094520000000000007]
tajectories: [[-0.4307, 1.54185, 1.7, 0.33825, -1.6832, -1.5007, 0.09452], [-0.43657, 1.19728, 1.90001, 0.37099, -1.91649, -1.31719, 0.1398], [-0.44245, 0.8527, 2.10002, 0.40372, -2.14979, -1.13367, 0.18508], [-0.44833, 0.50812, 2.30003, 0.43645, -2.38309, -0.95016, 0.23036], [-0.4542, 0.16354, 2.50004, 0.46918, -2.61638, -0.76664, 0.27564], [-0.45981, -0.16495, 2.69072, 0.50038, -2.83879, -0.59169, 0.31881], [-0.27775, -0.0503, 2.61006, 0.77696, -2.55603, -0.62403, 0.11953], [-0.0957, 0.06435, 2.5294, 1.05353, -2.27326, -0.65638, -0.07974], [0.0057, 0.12821, 2.48447, 1.20757, -2.11578, -0.67439, -0.19073], [-0.04522, 0.34137, 2.41434, 1.50947, -2.24569, -0.45005, -0.38746], [-0.09615, 0.55454, 2.34421, 1.81138, -2.37559, -0.22572, -0.58418], [-0.14708, 0.7677, 2.27409, 2.11328, -2.5055, -0.00138, -0.7809], [-0.198, 0.98087, 2.20396, 2.41519, -2.63541, 0.22296, -0.97763], [-0.21328, 1.04482, 2.18292, 2.50577, -2.67439, 0.29027, -1.03665], [-0.24148, 1.24464, 2.07425, 2.36346, -2.49693, -0.07848, -1.13542], [-0.26968, 1.44446, 1.96558, 2.22114, -2.31948, -0.44722, -1.2342], [-0.29787, 1.64428, 1.85692, 2.07883, -2.14203, -0.81596, -1.33297], [-0.32607, 1.8441, 1.74825, 1.93652, -1.96458, -1.1847, -1.43174]]
end: [-0.33859, 1.93282, 1.7, 1.8733299999999999, -1.8857900000000001, -1.34843, -1.4756]
