obtacles: [[[0.6, -0.4, -0.2], [1.0, 0.6, -0.3]], [[0.7, -0.1, -0.2], [1.1, -0.0, 0.5]], [[0.7, 0.5, -0.2], [1.1, 0.6, 0.5]], [[0.7, -0.1, 0.5], [1.1, 0.6, 0.6]]]
start: [2.6124100000000001, -1.9166300000000001, -0.5, 1.4103699999999999, 0.76854, 0.70613999999999999, 2.8534199999999998]
tajectories: [[2.61241, -1.91663, -0.5, 1.41037, 0.76854, 0.70614, 2.85342], [2.47697, -1.65218, -0.57795, 1.42508, 0.61996, 0.7646, 2.49295], [2.34152, -1.38774, -0.65591, 1.4398, 0.47138, 0.82306, 2.13248], [2.20607, -1.12329, -0.73386, 1.45451, 0.3228, 0.88152, 1.77202], [2.07062, -0.85885, -0.81181, 1.46922, 0.17421, 0.93998, 1.41155], [1.93517, -0.5944, -0.88977, 1.48394, 0.02563, 0.99844, 1.05109], [1.79973, -0.32996, -0.96772, 1.49865, -0.12295, 1.0569, 0.69062], [1.66428, -0.06551, -1.04567, 1.51337, -0.27153, 1.11536, 0.33015], [1.52883, 0.19893, -1.12363, 1.52808, -0.42011, 1.17382, -0.03031], [1.39338, 0.46338, -1.20158, 1.5428, -0.56869, 1.23228, -0.39078], [1.25794, 0.72783, -1.27953, 1.55751, -0.71727, 1.29074, -0.75124], [1.12249, 0.99227, -1.35749, 1.57223, -0.86585, 1.3492, -1.11171], [0.98704, 1.25672, -1.43544, 1.58694, -1.01443, 1.40766, -1.47217], [0.85159, 1.52116, -1.51339, 1.60166, -1.16301, 1.46612, -1.83264], [0.71615, 1.78561, -1.59135, 1.61637, -1.31159, 1.52459, -2.19311]]
end: [0.70111000000000001, 1.81497, -1.6000000000000001, 1.6180000000000001, -1.32809, 1.53108, -2.2331300000000001]
obtacles: [[[0.6, -0.4, -0.2], [1.0, 0.6, -0.3]], [[0.7, -0.1, -0.2], [1.1, -0.0, 0.5]], [[0.7, 0.5, -0.2], [1.1, 0.6, 0.5]], [[0.7, -0.1, 0.5], [1.1, 0.6, 0.6]]]
start: [-0.72996000000000005, 1.4694400000000001, -1.6000000000000001, -0.67086999999999997, -4.6264700000000003, -1.50956, 0.057939999999999998]
tajectories: [[-0.72996, 1.46944, -1.6, -0.67087, -4.62647, -1.50956, 0.05794], [-0.63198, 1.33337, -1.49116, -0.26849, -4.4558, -1.39269, 0.13104], [-0.534, 1.1973, -1.38232, 0.13388, -4.28512, -1.27582, 0.20414], [-0.43603, 1.06123, -1.27349, 0.53626, -4.11445, -1.15894, 0.27724], [-0.33805, 0.92516, -1.16465, 0.93864, -3.94378, -1.04207, 0.35034], [-0.24007, 0.78908, -1.05581, 1.34101, -3.7731, -0.92519, 0.42345], [-0.14209, 0.65301, -0.94697, 1.74339, -3.60243, -0.80832, 0.49655], [-0.04411, 0.51694, -0.83814, 2.14576, -3.43176, -0.69144, 0.56965], [-0.03215, 0.50033, -0.82485, 2.19488, -3.41093, -0.67717, 0.57857], [0.35601, 0.72537, -0.93847, 2.27518, -3.40958, -0.50707, 0.5984], [0.74417, 0.95041, -1.05209, 2.35548, -3.40823, -0.33697, 0.61822], [1.13233, 1.17545, -1.16571, 2.43579, -3.40688, -0.16687, 0.63805], [1.52049, 1.40049, -1.27933, 2.51609, -3.40553, 0.00323, 0.65787], [1.71831, 1.51518, -1.33724, 2.55701, -3.40485, 0.08992, 0.66798], [1.55193, 1.5687, -1.41202, 2.27029, -3.58771, -0.20916, 0.57437], [1.38556, 1.62222, -1.48679, 1.98356, -3.77057, -0.50824, 0.48076], [1.21918, 1.67574, -1.56157, 1.69684, -3.95343, -0.80732, 0.38715], [1.0528, 1.72926, -1.63635, 1.41011, -4.13629, -1.1064, 0.29354], [0.88642, 1.78278, -1.71113, 1.12338, -4.31915, -1.40549, 0.19994]]
end: [0.79993000000000003, 1.8106, -1.75, 0.97433000000000003, -4.4142099999999997, -1.56097, 0.15126999999999999]
obtacles: [[[0.6, -0.4, -0.2], [1.0, 0.6, -0.3]], [[0.7, -0.1, -0.2], [1.1, -0.0, 0.5]], [[0.7, 0.5, -0.2], [1.1, 0.6, 0.5]], [[0.7, -0.1, 0.5], [1.1, 0.6, 0.6]]]
start: [2.3354499999999998, -1.89653, -1.5, 1.38893, -1.90377, -1.5627599999999999, -0.56981000000000004]
tajectories: [[2.33545, -1.89653, -1.5, 1.38893, -1.90377, -1.56276, -0.56981], [2.07865, -1.79684, -1.28833, 1.52366, -1.86725, -1.40397, -0.86068], [1.82184, -1.69715, -1.07666, 1.65839, -1.83072, -1.24518, -1.15156], [1.56504, -1.59746, -0.865, 1.79312, -1.7942, -1.0864, -1.44244], [1.30823, -1.49777, -0.65333, 1.92785, -1.75768, -0.92761, -1.73331], [1.05143, -1.39808, -0.44166, 2.06258, -1.72115, -0.76882, -2.02419], [0.79462, -1.29839, -0.22999, 2.19731, -1.68463, -0.61003, -2.31507], [0.77509, -1.29081, -0.21389, 2.20756, -1.68185, -0.59796, -2.33719], [0.85574, -0.86514, -0.2121, 2.22631, -1.83237, -0.41583, -2.25895], [0.93639, -0.43947, -0.21031, 2.24506, -1.98289, -0.23369, -2.18072], [1.01704, -0.0138, -0.20852, 2.26381, -2.13342, -0.05156, -2.10249], [1.09769, 0.41186, -0.20672, 2.28256, -2.28394, 0.13057, -2.02426], [1.17646, 0.82764, -0.20497, 2.30088, -2.43096, 0.30846, -1.94785], [1.0471, 0.96355, -0.45011, 2.04636, -2.26862, 0.51984, -2.08529], [0.91774, 1.09946, -0.69525, 1.79184, -2.10629, 0.73121, -2.22272], [0.78837, 1.23537, -0.94039, 1.53733, -1.94395, 0.94259, -2.36016], [0.65901, 1.37128, -1.18552, 1.28281, -1.78162, 1.15396, -2.4976], [0.52964, 1.50719, -1.43066, 1.02829, -1.61928, 1.36534, -2.63504]]
end: [0.41388999999999998, 1.62879, -1.6499999999999999, 0.80056000000000005, -1.47403, 1.55446, -2.7580100000000001]
obtacles: [[[0.6, -0.4, -0.2], [1.0, 0.6, -0.3]], [[0.7, -0.1, -0.2], [1.1, -0.0, 0.5]], [[0.7, 0.5, -0.2], [1.1, 0.6, 0.5]], [[0.7, -0.1, 0.5], [1.1, 0.6, 0.6]]]
start: [2.5213999999999999, -1.50501, -1.3, 0.91759000000000002, -1.68472, -1.31613, -0.29176999999999997]
tajectories: [[2.5214, -1.50501, -1.3, 0.91759, -1.68472, -1.31613, -0.29177], [2.47694, -1.31587, -1.3745, 0.90833, -1.40442, -1.20215, -0.63096], [2.43247, -1.12673, -1.449, 0.89907, -1.12412, -1.08817, -0.97016], [2.388, -0.93759, -1.5235, 0.88981, -0.84382, -0.97419, -1.30936], [2.34354, -0.74845, -1.598, 0.88055, -0.56352, -0.86021, -1.64855], [2.29907, -0.55931, -1.6725, 0.87129, -0.28322, -0.74623, -1.98775], [2.2546, -0.37017, -1.747, 0.86203, -0.00292, -0.63225, -2.32694], [2.21651, -0.20815, -1.81082, 0.8541, 0.23719, -0.53461, -2.61751], [1.99281, -0.0276, -1.54437, 1.02999, 0.29175, -0.33877, -2.46229], [1.7691, 0.15295, -1.27791, 1.20588, 0.34632, -0.14293, -2.30708], [1.5454, 0.33349, -1.01146, 1.38178, 0.40088, 0.05291, -2.15187], [1.3217, 0.51404, -0.745, 1.55767, 0.45545, 0.24875, -1.99665], [1.09799, 0.69459, -0.47855, 1.73356, 0.51001, 0.4446, -1.84144], [0.93381, 0.82709, -0.28299, 1.86265, 0.55006, 0.58832, -1.72753], [0.9095, 1.02747, -0.52229, 1.80399, 0.23011, 0.76385, -1.85154], [0.88518, 1.22786, -0.76158, 1.74532, -0.08984, 0.93937, -1.97555], [0.86086, 1.42824, -1.00087, 1.68666, -0.40979, 1.1149, -2.09957], [0.83654, 1.62862, -1.24016, 1.628, -0.72973, 1.29042, -2.22358], [0.81222, 1.82901, -1.47945, 1.56934, -1.04968, 1.46594, -2.34759]]
end: [0.79996999999999996, 1.9299500000000001, -1.6000000000000001, 1.53979, -1.21086, 1.55437, -2.4100700000000002]
obtacles: [[[0.6, -0.4, -0.2], [1.0, 0.6, -0.3]], [[0.7, -0.1, -0.2], [1.1, -0.0, 0.5]], [[0.7, 0.5, -0.2], [1.1, 0.6, 0.5]], [[0.7, -0.1, 0.5], [1.1, 0.6, 0.6]]]
start: [-0.090740000000000001, 1.4507300000000001, -1.6000000000000001, 1.12182, -1.66656, 1.49261, -1.92353]
tajectories: [[-0.09074, 1.45073, -1.6, 1.12182, -1.66656, 1.49261, -1.92353], [-0.10253, 1.15681, -1.52222, 1.21384, -1.37999, 1.25149, -2.01678], [-0.11432, 0.86289, -1.44445, 1.30586, -1.09343, 1.01037, -2.11004], [-0.12611, 0.56897, -1.36667, 1.39788, -0.80686, 0.76925, -2.20329], [-0.1379, 0.27505, -1.28889, 1.4899, -0.5203, 0.52813, -2.29655], [-0.14969, -0.01887, -1.21112, 1.58192, -0.23373, 0.28701, -2.3898], [-0.16148, -0.31279, -1.13334, 1.67394, 0.05283, 0.04589, -2.48306], [-0.16153, -0.31408, -1.133, 1.67434, 0.05409, 0.04484, -2.48347], [0.25234, -0.26949, -1.21877, 1.8881, 0.02372, -0.0163, -2.34558], [0.66622, -0.2249, -1.30454, 2.10185, -0.00665, -0.07743, -2.20769], [1.08009, -0.18032, -1.39031, 2.31561, -0.03702, -0.13856, -2.06981], [1.49397, -0.13573, -1.47609, 2.52936, -0.06739, -0.19969, -1.93192], [1.77352, -0.10561, -1.53402, 2.67374, -0.0879, -0.24098, -1.83879], [1.6101, 0.18484, -1.54381, 2.49963, -0.26623, 0.02668, -1.91004], [1.44669, 0.4753, -1.55361, 2.32551, -0.44455, 0.29435, -1.98129], [1.28327, 0.76575, -1.5634, 2.1514, -0.62288, 0.56201, -2.05254], [1.11985, 1.0562, -1.5732, 1.97728, -0.8012, 0.82967, -2.1238], [0.95644, 1.34666, -1.58299, 1.80317, -0.97952, 1.09734, -2.19505], [0.79302, 1.63711, -1.59279, 1.62906, -1.15785, 1.365, -2.2663]]
end: [0.67266000000000004, 1.8510500000000001, -1.6000000000000001, 1.50081, -1.2891900000000001, 1.5621499999999999, -2.3187899999999999]
obtacles: [[[0.6, -0.4, -0.2], [1.0, 0.6, -0.3]], [[0.7, -0.1, -0.2], [1.1, -0.0, 0.5]], [[0.7, 0.5, -0.2], [1.1, 0.6, 0.5]], [[0.7, -0.1, 0.5], [1.1, 0.6, 0.6]]]
start: [-0.14126, 1.7179, -1.7, 1.0130699999999999, -1.3776900000000001, 1.54023, -1.99976]
tajectories: [[-0.14126, 1.7179, -1.7, 1.01307, -1.37769, 1.54023, -1.99976], [-0.17034, 1.50646, -1.92322, 1.36589, -1.36998, 1.4004, -1.89717], [-0.19942, 1.29502, -2.14644, 1.71871, -1.36228, 1.26058, -1.79458], [-0.2285, 1.08358, -2.36966, 2.07154, -1.35457, 1.12075, -1.69199], [-0.25757, 0.87214, -2.59289, 2.42436, -1.34686, 0.98093, -1.5894], [-0.26488, 0.81905, -2.64894, 2.51296, -1.34493, 0.94582, -1.56363], [0.04329, 1.08312, -2.68103, 2.70485, -1.34274, 1.08567, -1.39665], [0.35146, 1.34718, -2.71311, 2.89675, -1.34055, 1.22552, -1.22966], [0.59013, 1.5517, -2.73797, 3.04537, -1.33885, 1.33384, -1.10034], [0.63599, 1.61811, -2.51912, 2.71692, -1.32301, 1.36298, -1.39464], [0.68184, 1.68451, -2.30027, 2.38847, -1.30718, 1.39212, -1.68895], [0.7277, 1.75091, -2.08142, 2.06003, -1.29134, 1.42126, -1.98325], [0.77355, 1.81732, -1.86257, 1.73158, -1.2755, 1.4504, -2.27756]]
end: [0.80761000000000005, 1.8666400000000001, -1.7, 1.4876, -1.2637400000000001, 1.47204, -2.4961799999999998]
obtacles: [[[0.6, -0.4, -0.2], [1.0, 0.6, -0.3]], [[0.7, -0.1, -0.2], [1.1, -0.0, 0.5]], [[0.7, 0.5, -0.2], [1.1, 0.6, 0.5]], [[0.7, -0.1, 0.5], [1.1, 0.6, 0.6]]]
start: [2.2383099999999998, -1.73817, -1.3, 1.2806299999999999, -1.8133600000000001, -1.36426, -0.32923000000000002]
tajectories: [[2.23831, -1.73817, -1.3, 1.28063, -1.81336, -1.36426, -0.32923], [2.1394, -1.66739, -1.22734, 1.41214, -2.08904, -1.14644, -0.62788], [2.04049, -1.59661, -1.15468, 1.54365, -2.36471, -0.92861, -0.92652], [1.94158, -1.52584, -1.08202, 1.67516, -2.64039, -0.71079, -1.22516], [1.84267, -1.45506, -1.00936, 1.80667, -2.91606, -0.49296, -1.52381], [1.7738, -1.40578, -0.95876, 1.89824, -3.10801, -0.3413, -1.73174], [1.61853, -1.15363, -0.86589, 2.04245, -3.21604, -0.0092, -1.83627], [1.46325, -0.90148, -0.77302, 2.18665, -3.32406, 0.32291, -1.9408], [1.30798, -0.64932, -0.68015, 2.33086, -3.43209, 0.65501, -2.04532], [1.17286, -0.42991, -0.59934, 2.45635, -3.5261, 0.944, -2.13628], [1.11016, -0.11682, -0.74513, 2.30692, -3.21924, 1.03416, -2.18289], [1.04747, 0.19627, -0.89091, 2.15749, -2.91239, 1.12432, -2.2295], [0.98477, 0.50936, -1.0367, 2.00805, -2.60553, 1.21447, -2.27612], [0.92207, 0.82244, -1.18249, 1.85862, -2.29868, 1.30463, -2.32273], [0.85938, 1.13553, -1.32827, 1.70919, -1.99182, 1.39479, -2.36934], [0.79668, 1.44862, -1.47406, 1.55976, -1.68497, 1.48495, -2.41595]]
end: [0.74251999999999996, 1.71909, -1.6000000000000001, 1.43066, -1.41988, 1.56284, -2.4562200000000001]
obtacles: [[[0.6, -0.4, -0.2], [1.0, 0.6, -0.3]], [[0.7, -0.1, -0.2], [1.1, -0.0, 0.5]], [[0.7, 0.5, -0.2], [1.1, 0.6, 0.5]], [[0.7, -0.1, 0.5], [1.1, 0.6, 0.6]]]
start: [-0.32830999999999999, 1.59483, -1.2, -0.066750000000000004, -1.9423299999999999, 1.5706199999999999, -2.87548]
tajectories: [[-0.32831, 1.59483, -1.2, -0.06675, -1.94233, 1.57062, -2.87548], [-0.30116, 1.47883, -1.41304, 0.27429, -2.08768, 1.34117, -2.89409], [-0.27401, 1.36282, -1.62607, 0.61533, -2.23303, 1.11173, -2.9127], [-0.24686, 1.24682, -1.83911, 0.95636, -2.37837, 0.88229, -2.93131], [-0.2197, 1.13082, -2.05214, 1.2974, -2.52372, 0.65284, -2.94992], [-0.19255, 1.01481, -2.26518, 1.63844, -2.66906, 0.4234, -2.96852], [-0.1654, 0.89881, -2.47821, 1.97947, -2.81441, 0.19396, -2.98713], [-0.16009, 0.87612, -2.51988, 2.04617, -2.84283, 0.14908, -2.99077], [0.13286, 0.83061, -2.32045, 2.064, -2.51292, 0.26046, -2.96286], [0.4258, 0.78509, -2.12102, 2.08184, -2.18301, 0.37184, -2.93495], [0.71874, 0.73958, -1.9216, 2.09968, -1.85311, 0.48322, -2.90704], [1.01169, 0.69407, -1.72217, 2.11751, -1.5232, 0.59459, -2.87913], [1.30463, 0.64855, -1.52274, 2.13535, -1.19329, 0.70597, -2.85123], [1.49637, 0.61876, -1.39221, 2.14702, -0.97735, 0.77887, -2.83296], [1.25966, 0.90504, -1.45827, 1.92888, -1.0832, 0.974, -2.72913], [1.02294, 1.19132, -1.52433, 1.71073, -1.18904, 1.16913, -2.62529], [0.78622, 1.4776, -1.5904, 1.49259, -1.29489, 1.36426, -2.52146]]
end: [0.57264999999999999, 1.7358800000000001, -1.6499999999999999, 1.2957799999999999, -1.3903799999999999, 1.5403100000000001, -2.4277799999999998]
obtacles: [[[0.6, -0.4, -0.2], [1.0, 0.6, -0.3]], [[0.7, -0.1, -0.2], [1.1, -0.0, 0.5]], [[0.7, 0.5, -0.2], [1.1, 0.6, 0.5]], [[0.7, -0.1, 0.5], [1.1, 0.6, 0.6]]]
start: [-0.35821999999999998, 1.7338499999999999, 2.0499999999999998, 0.34361999999999998, -2.0749300000000002, -1.57036, 0.054620000000000002]
tajectories: [[-0.35822, 1.73385, 2.05, 0.34362, -2.07493, -1.57036, 0.05462], [-0.50667, 1.68055, 1.91526, 0.64802, -1.92016, -1.54444, -0.24485], [-0.65512, 1.62725, 1.78052, 0.95242, -1.76539, -1.51852, -0.54432], [-0.80357, 1.57395, 1.64579, 1.25682, -1.61062, -1.4926, -0.8438], [-0.95202, 1.52065, 1.51105, 1.56122, -1.45585, -1.46668, -1.14327], [-1.10046, 1.46735, 1.37631, 1.86561, -1.30108, -1.44076, -1.44274], [-1.24891, 1.41406, 1.24157, 2.17001, -1.14631, -1.41484, -1.74222], [-1.39736, 1.36076, 1.10684, 2.47441, -0.99154, -1.38892, -2.04169], [-1.44666, 1.34306, 1.06209, 2.5755, -0.94014, -1.38031, -2.14115], [-1.05154, 1.28597, 1.15518, 2.61336, -0.90787, -1.1899, -1.93326], [-0.65641, 1.22888, 1.24826, 2.65123, -0.8756, -0.99949, -1.72537], [-0.26128, 1.17179, 1.34135, 2.68909, -0.84334, -0.80907, -1.51748], [0.13385, 1.11471, 1.43444, 2.72695, -0.81107, -0.61866, -1.30959], [0.18518, 1.10729, 1.44653, 2.73187, -0.80687, -0.59393, -1.28258], [0.32826, 1.10736, 1.63796, 2.67611, -1.2311, -0.57405, -1.37961], [0.47134, 1.10742, 1.8294, 2.62036, -1.65532, -0.55417, -1.47664], [0.61442, 1.10749, 2.02083, 2.5646, -2.07954, -0.5343, -1.57366], [0.75749, 1.10755, 2.21227, 2.50885, -2.50376, -0.51442, -1.67069], [0.90057, 1.10762, 2.4037, 2.45309, -2.92798, -0.49455, -1.76772], [1.04365, 1.10768, 2.59514, 2.39734, -3.3522, -0.47467, -1.86474], [1.13398, 1.10772, 2.716, 2.36213, -3.62003, -0.46212, -1.926], [0.93696, 1.24854, 2.59277, 2.14601, -3.32859, -0.61052, -1.77599], [0.73994, 1.38936, 2.46955, 1.92989, -3.03715, -0.75893, -1.62598], [0.54292, 1.53017, 2.34633, 1.71377, -2.74571, -0.90733, -1.47597], [0.3459, 1.67099, 2.22311, 1.49765, -2.45427, -1.05573, -1.32596], [0.14888, 1.8118, 2.09989, 1.28153, -2.16283, -1.20413, -1.17595]]
end: [0.069110000000000005, 1.8688199999999999, 2.0499999999999998, 1.1940299999999999, -2.0448300000000001, -1.2642199999999999, -1.11521]
obtacles: [[[0.6, -0.4, -0.2], [1.0, 0.6, -0.3]], [[0.7, -0.1, -0.2], [1.1, -0.0, 0.5]], [[0.7, 0.5, -0.2], [1.1, 0.6, 0.5]], [[0.7, -0.1, 0.5], [1.1, 0.6, 0.6]]]
start: [-0.72687000000000002, 1.88835, 2.0499999999999998, 0.83787, -2.1278999999999999, -1.4538899999999999, 0.00066]
tajectories: [[-0.72687, 1.88835, 2.05, 0.83787, -2.1279, -1.45389, 0.00066], [-0.92574, 1.58176, 2.01519, 1.04899, -2.17012, -1.24749, -0.16148], [-1.12461, 1.27518, 1.98038, 1.26011, -2.21233, -1.04108, -0.32361], [-1.32348, 0.96859, 1.94557, 1.47123, -2.25455, -0.83468, -0.48575], [-1.52235, 0.66201, 1.91076, 1.68235, -2.29677, -0.62828, -0.64789], [-1.72122, 0.35542, 1.87595, 1.89347, -2.33898, -0.42187, -0.81003], [-1.92009, 0.04884, 1.84114, 2.10459, -2.3812, -0.21547, -0.97217], [-1.93396, 0.02746, 1.83872, 2.11932, -2.38415, -0.20108, -0.98347], [-1.81646, -0.16587, 1.96032, 2.20606, -2.19013, 0.10317, -1.19866], [-1.69896, -0.35919, 2.08192, 2.2928, -1.99611, 0.40741, -1.41384], [-1.61729, -0.49357, 2.16644, 2.35309, -1.86125, 0.61888, -1.56341], [-1.7583, -0.7856, 1.97022, 2.12495, -1.72728, 0.72643, -1.72078], [-1.89932, -1.07764, 1.774, 1.89681, -1.59331, 0.83397, -1.87816], [-2.04034, -1.36967, 1.57779, 1.66867, -1.45934, 0.94152, -2.03554], [-2.18098, -1.66091, 1.3821, 1.44115, -1.32573, 1.04878, -2.19249], [-2.44457, -1.69174, 1.51027, 1.49629, -1.41244, 1.43727, -2.23316]]
end: [-2.5262699999999998, -1.70129, 1.55, 1.5133799999999999, -1.4393100000000001, 1.55768, -2.2457600000000002]
obtacles: [[[0.6, -0.4, -0.2], [1.0, 0.6, -0.3]], [[0.7, -0.1, -0.2], [1.1, -0.0, 0.5]], [[0.7, 0.5, -0.2], [1.1, 0.6, 0.5]], [[0.7, -0.1, 0.5], [1.1, 0.6, 0.6]]]
start: [-0.37114000000000003, 1.6736800000000001, 1.75, 0.56623999999999997, -1.7769900000000001, -1.5623499999999999, -0.18497]
tajectories: [[-0.37114, 1.67368, 1.75, 0.56624, -1.77699, -1.56235, -0.18497], [-0.63822, 1.33187, 1.62626, 0.7109, -1.75529, -1.43395, -0.27787], [-0.9053, 0.99005, 1.50251, 0.85557, -1.73359, -1.30555, -0.37077], [-1.17238, 0.64823, 1.37877, 1.00024, -1.71189, -1.17714, -0.46367], [-1.43946, 0.30642, 1.25503, 1.1449, -1.69019, -1.04874, -0.55657], [-1.70654, -0.0354, 1.13129, 1.28957, -1.66849, -0.92033, -0.64948], [-1.97363, -0.37722, 1.00754, 1.43424, -1.64679, -0.79193, -0.74238], [-1.9945, -0.40393, 0.99787, 1.44554, -1.64509, -0.7819, -0.74964], [-2.07045, -0.54894, 1.03344, 1.61426, -1.66974, -0.49204, -0.41972], [-2.1464, -0.69395, 1.06902, 1.78299, -1.6944, -0.20219, -0.08979], [-2.22235, -0.83895, 1.10459, 1.95171, -1.71905, 0.08767, 0.24013], [-2.2983, -0.98396, 1.14016, 2.12044, -1.7437, 0.37752, 0.57005], [-2.36941, -1.11971, 1.17346, 2.27838, -1.76677, 0.64886, 0.8789], [-2.38349, -1.2218, 1.23077, 2.19283, -1.70428, 0.78131, 0.42357], [-2.39757, -1.3239, 1.28808, 2.10728, -1.64179, 0.91376, -0.03176], [-2.41166, -1.42599, 1.34538, 2.02173, -1.57929, 1.0462, -0.48709], [-2.42574, -1.52808, 1.40269, 1.93618, -1.5168, 1.17865, -0.94243], [-2.43983, -1.63018, 1.46, 1.85063, -1.45431, 1.3111, -1.39776], [-2.45391, -1.73227, 1.51731, 1.76508, -1.39181, 1.44354, -1.85309]]
end: [-2.4619399999999998, -1.79051, 1.55, 1.71628, -1.35616, 1.5190999999999999, -2.1128300000000002]
obtacles: [[[0.6, -0.4, -0.2], [1.0, 0.6, -0.3]], [[0.7, -0.1, -0.2], [1.1, -0.0, 0.5]], [[0.7, 0.5, -0.2], [1.1, 0.6, 0.5]], [[0.7, -0.1, 0.5], [1.1, 0.6, 0.6]]]
start: [-0.86350000000000005, 1.6087800000000001, 1.7, 1.4948300000000001, -1.61883, -1.4449700000000001, -0.62583999999999995]
tajectories: [[-0.8635, 1.60878, 1.7, 1.49483, -1.61883, -1.44497, -0.62584], [-0.99754, 1.64283, 1.81028, 1.45535, -1.80898, -1.06656, -0.82027], [-1.13158, 1.67687, 1.92057, 1.41588, -1.99913, -0.68815, -1.01471], [-1.26562, 1.71092, 2.03085, 1.37641, -2.18928, -0.30974, -1.20914], [-1.39966, 1.74497, 2.14114, 1.33693, -2.37943, 0.06867, -1.40357], [-1.5337, 1.77902, 2.25142, 1.29746, -2.56958, 0.44708, -1.598], [-1.66774, 1.81307, 2.3617, 1.25799, -2.75973, 0.82549, -1.79243], [-1.80177, 1.84712, 2.47199, 1.21851, -2.94988, 1.20389, -1.98686], [-1.88199, 1.8675, 2.53799, 1.19489, -3.06367, 1.43035, -2.10322], [-1.69491, 1.50683, 2.47891, 1.47162, -3.07994, 1.4404, -2.17016], [-1.50783, 1.14616, 2.41982, 1.74836, -3.09622, 1.45044, -2.2371], [-1.32075, 0.7855, 2.36074, 2.02509, -3.11249, 1.46049, -2.30405], [-1.13367, 0.42483, 2.30166, 2.30183, -3.12876, 1.47053, -2.37099], [-0.94658, 0.06416, 2.24258, 2.57856, -3.14504, 1.48058, -2.43793], [-0.7595, -0.29651, 2.1835, 2.8553, -3.16131, 1.49062, -2.50487], [-0.62356, -0.55859, 2.14057, 3.05639, -3.17313, 1.49792, -2.55352], [-0.89807, -0.75538, 2.05325, 2.84482, -2.8893, 1.50325, -2.49929], [-1.17258, -0.95217, 1.96594, 2.63325, -2.60547, 1.50858, -2.44507], [-1.44709, -1.14896, 1.87863, 2.42167, -2.32163, 1.51391, -2.39085], [-1.72161, -1.34576, 1.79131, 2.2101, -2.0378, 1.51924, -2.33662], [-1.99612, -1.54255, 1.704, 1.99853, -1.75397, 1.52457, -2.2824], [-2.27063, -1.73934, 1.61669, 1.78696, -1.47013, 1.5299, -2.22818]]
end: [-2.4802900000000001, -1.88964, 1.55, 1.62537, -1.25335, 1.5339700000000001, -2.18676]
obtacles: [[[0.6, -0.4, -0.2], [1.0, 0.6, -0.3]], [[0.7, -0.1, -0.2], [1.1, -0.0, 0.5]], [[0.7, 0.5, -0.2], [1.1, 0.6, 0.5]], [[0.7, -0.1, 0.5], [1.1, 0.6, 0.6]]]
start: [-0.93923000000000001, 1.8549800000000001, 1.7, 1.4536199999999999, -1.86931, -1.48062, -0.48231000000000002]
tajectories: [[-0.93923, 1.85498, 1.7, 1.45362, -1.86931, -1.48062, -0.48231], [-1.08859, 1.8073, 1.60835, 1.42506, -2.23269, -1.39651, -0.20466], [-1.23796, 1.75963, 1.51669, 1.39651, -2.59606, -1.31239, 0.07298], [-1.38732, 1.71196, 1.42504, 1.36796, -2.95943, -1.22828, 0.35062], [-1.53669, 1.66428, 1.33338, 1.3394, -3.3228, -1.14416, 0.62827], [-1.68605, 1.61661, 1.24173, 1.31085, -3.68618, -1.06005, 0.90591], [-1.82121, 1.57347, 1.15879, 1.28501, -4.01498, -0.98393, 1.15714], [-1.58011, 1.52952, 1.33609, 1.50282, -3.6883, -0.97323, 1.22221], [-1.33902, 1.48556, 1.51339, 1.72063, -3.36162, -0.96253, 1.28728], [-1.09793, 1.44161, 1.69068, 1.93844, -3.03494, -0.95183, 1.35235], [-0.85683, 1.39765, 1.86798, 2.15625, -2.70826, -0.94112, 1.41742], [-0.61574, 1.3537, 2.04527, 2.37406, -2.38158, -0.93042, 1.48249], [-0.37465, 1.30974, 2.22257, 2.59187, -2.05491, -0.91972, 1.54756], [-0.30069, 1.29626, 2.27696, 2.65869, -1.95469, -0.91644, 1.56752], [-0.25181, 1.35164, 2.18691, 2.3939, -1.91662, -1.00927, 1.17223], [-0.20294, 1.40702, 2.09686, 2.12911, -1.87855, -1.10211, 0.77694], [-0.15406, 1.4624, 2.00681, 1.86432, -1.84047, -1.19495, 0.38165], [-0.10518, 1.51778, 1.91677, 1.59953, -1.8024, -1.28778, -0.01364], [-0.05631, 1.57316, 1.82672, 1.33474, -1.76433, -1.38062, -0.40893], [-0.00743, 1.62854, 1.73667, 1.06995, -1.72625, -1.47346, -0.80422]]
end: [0.01248, 1.6511, 1.7, 0.96209999999999996, -1.7107399999999999, -1.5112699999999999, -0.96521000000000001]
obtacles: [[[0.6, -0.4, -0.2], [1.0, 0.6, -0.3]], [[0.7, -0.1, -0.2], [1.1, -0.0, 0.5]], [[0.7, 0.5, -0.2], [1.1, 0.6, 0.5]], [[0.7, -0.1, 0.5], [1.1, 0.6, 0.6]]]
start: [-0.82957999999999998, 1.7482200000000001, 1.7, 0.99277000000000004, -1.7896700000000001, -1.56101, -0.15060999999999999]
tajectories: [[-0.82958, 1.74822, 1.7, 0.99277, -1.78967, -1.56101, -0.15061], [-0.8351, 1.42582, 1.82659, 0.94797, -1.9028, -1.41168, -0.45539], [-0.84063, 1.10341, 1.95318, 0.90317, -2.01592, -1.26234, -0.76017], [-0.84616, 0.781, 2.07977, 0.85836, -2.12905, -1.113, -1.06495], [-0.85169, 0.4586, 2.20636, 0.81356, -2.24218, -0.96367, -1.36973], [-0.85722, 0.13619, 2.33296, 0.76876, -2.35531, -0.81433, -1.67451], [-0.86275, -0.18622, 2.45955, 0.72396, -2.46844, -0.66499, -1.97929], [-0.86828, -0.50863, 2.58614, 0.67916, -2.58157, -0.51566, -2.28407], [-0.87051, -0.63877, 2.63724, 0.66107, -2.62724, -0.45538, -2.4071], [-0.99743, -0.78422, 2.62252, 1.0199, -2.55957, -0.17871, -2.45848], [-1.12435, -0.92966, 2.6078, 1.37873, -2.49191, 0.09796, -2.50985], [-1.25128, -1.0751, 2.59308, 1.73755, -2.42424, 0.37463, -2.56122], [-1.3782, -1.22055, 2.57835, 2.09638, -2.35658, 0.6513, -2.61259], [-1.50513, -1.36599, 2.56363, 2.45521, -2.28891, 0.92797, -2.66397], [-1.63205, -1.51143, 2.54891, 2.81404, -2.22124, 1.20463, -2.71534], [-1.67109, -1.55617, 2.54438, 2.92442, -2.20043, 1.28975, -2.73114], [-1.85964, -1.60944, 2.32085, 2.57946, -2.01336, 1.34834, -2.6662], [-2.04819, -1.6627, 2.09732, 2.23449, -1.82629, 1.40694, -2.60125], [-2.23674, -1.71596, 1.8738, 1.88953, -1.63922, 1.46553, -2.53631], [-2.42529, -1.76922, 1.65027, 1.54456, -1.45215, 1.52413, -2.47136]]
end: [-2.5520399999999999, -1.8050299999999999, 1.5, 1.3126599999999999, -1.32639, 1.56352, -2.4277099999999998]
obtacles: [[[0.6, -0.4, -0.2], [1.0, 0.6, -0.3]], [[0.7, -0.1, -0.2], [1.1, -0.0, 0.5]], [[0.7, 0.5, -0.2], [1.1, 0.6, 0.5]], [[0.7, -0.1, 0.5], [1.1, 0.6, 0.6]]]
start: [-0.59589000000000003, 1.78498, 1.7, 1.0951900000000001, -1.8200000000000001, -1.55619, -0.48354999999999998]
tajectories: [[-0.59589, 1.78498, 1.7, 1.09519, -1.82, -1.55619, -0.48355], [-0.85838, 1.59032, 1.79704, 1.16593, -2.0513, -1.28996, -0.54996], [-1.12086, 1.39567, 1.89408, 1.23667, -2.28261, -1.02372, -0.61636], [-1.38334, 1.20102, 1.99112, 1.30741, -2.51392, -0.75749, -0.68276], [-1.64583, 1.00637, 2.08817, 1.37815, -2.74522, -0.49125, -0.74917], [-1.90831, 0.81172, 2.18521, 1.44889, -2.97653, -0.22502, -0.81557], [-2.00224, 0.74207, 2.21993, 1.47421, -3.0593, -0.12975, -0.83933], [-1.75122, 0.80618, 2.25537, 1.59216, -2.9249, -0.10867, -0.45307], [-1.5002, 0.8703, 2.2908, 1.71012, -2.7905, -0.08759, -0.0668], [-1.24918, 0.93441, 2.32623, 1.82808, -2.6561, -0.06651, 0.31946], [-0.99815, 0.99852, 2.36166, 1.94603, -2.5217, -0.04543, 0.70573], [-0.74713, 1.06264, 2.3971, 2.06399, -2.3873, -0.02434, 1.09199], [-0.49611, 1.12675, 2.43253, 2.18195, -2.2529, -0.00326, 1.47826], [-0.24509, 1.19086, 2.46796, 2.2999, -2.1185, 0.01782, 1.86452], [-0.21662, 1.19814, 2.47198, 2.31328, -2.10325, 0.02021, 1.90834], [-0.18561, 1.2633, 2.36933, 2.1612, -2.05358, -0.18176, 1.49862], [-0.1546, 1.32847, 2.26667, 2.00912, -2.0039, -0.38373, 1.08891], [-0.12359, 1.39364, 2.16402, 1.85705, -1.95423, -0.58571, 0.6792], [-0.09258, 1.4588, 2.06137, 1.70497, -1.90455, -0.78768, 0.26948], [-0.06157, 1.52397, 1.95872, 1.55289, -1.85488, -0.98965, -0.14023], [-0.03056, 1.58913, 1.85606, 1.40081, -1.80521, -1.19162, -0.54995], [0.00044, 1.6543, 1.75341, 1.24873, -1.75553, -1.3936, -0.95966]]
end: [0.016580000000000001, 1.68821, 1.7, 1.16961, -1.7296800000000001, -1.49868, -1.1728400000000001]
obtacles: [[[0.6, -0.4, -0.2], [1.0, 0.6, -0.3]], [[0.7, -0.1, -0.2], [1.1, -0.0, 0.5]], [[0.7, 0.5, -0.2], [1.1, 0.6, 0.5]], [[0.7, -0.1, 0.5], [1.1, 0.6, 0.6]]]
start: [-0.48010999999999998, 1.64249, 1.8, 0.84372000000000003, -1.7779499999999999, -1.44879, -0.34265000000000001]
tajectories: [[-0.48011, 1.64249, 1.8, 0.84372, -1.77795, -1.44879, -0.34265], [-0.62308, 1.63623, 1.80712, 0.74366, -1.84792, -1.2623, -0.76666], [-0.76604, 1.62997, 1.81424, 0.64359, -1.9179, -1.07581, -1.19067], [-0.90901, 1.62371, 1.82136, 0.54353, -1.98787, -0.88932, -1.61468], [-1.05197, 1.61745, 1.82848, 0.44346, -2.05785, -0.70283, -2.03869], [-1.1187, 1.61453, 1.8318, 0.39675, -2.09051, -0.61577, -2.23661], [-1.27886, 1.4548, 1.99594, 0.68983, -1.98368, -0.37367, -2.363], [-1.43901, 1.29507, 2.16008, 0.9829, -1.87686, -0.13156, -2.48939], [-1.59917, 1.13534, 2.32423, 1.27597, -1.77003, 0.11055, -2.61578], [-1.75932, 0.97561, 2.48837, 1.56905, -1.6632, 0.35265, -2.74217], [-1.79533, 0.93969, 2.52528, 1.63495, -1.63918, 0.4071, -2.77059], [-1.8082, 0.59784, 2.52788, 1.78354, -1.51244, 0.65922, -2.59378], [-1.82107, 0.25599, 2.53048, 1.93212, -1.3857, 0.91134, -2.41698], [-1.83393, -0.08586, 2.53309, 2.08071, -1.25896, 1.16346, -2.24018], [-1.8468, -0.42772, 2.53569, 2.22929, -1.13222, 1.41558, -2.06337], [-1.85265, -0.58327, 2.53688, 2.29691, -1.07455, 1.5303, -1.98292], [-1.96167, -0.91811, 2.28689, 2.08845, -1.09606, 1.53752, -2.1227], [-2.07068, -1.25295, 2.0369, 1.88, -1.11757, 1.54473, -2.26247], [-2.17969, -1.58779, 1.78691, 1.67155, -1.13909, 1.55194, -2.40224], [-2.2887, -1.92263, 1.53692, 1.46309, -1.1606, 1.55916, -2.54202]]
end: [-2.3048099999999998, -1.9720800000000001, 1.5, 1.4322999999999999, -1.16378, 1.5602199999999999, -2.5626600000000002]
obtacles: [[[0.6, -0.4, -0.2], [1.0, 0.6, -0.3]], [[0.7, -0.1, -0.2], [1.1, -0.0, 0.5]], [[0.7, 0.5, -0.2], [1.1, 0.6, 0.5]], [[0.7, -0.1, 0.5], [1.1, 0.6, 0.6]]]
start: [-0.30195, 1.7741, 2.1499999999999999, 0.37630000000000002, -2.1807099999999999, -1.56158, -0.01068]
tajectories: [[-0.30195, 1.7741, 2.15, 0.3763, -2.18071, -1.56158, -0.01068], [-0.5154, 1.69424, 2.15999, 0.5276, -1.93217, -1.38485, -0.29714], [-0.72885, 1.61437, 2.16998, 0.6789, -1.68362, -1.20812, -0.5836], [-0.9423, 1.5345, 2.17997, 0.8302, -1.43508, -1.03139, -0.87007], [-1.15575, 1.45463, 2.18996, 0.9815, -1.18653, -0.85466, -1.15653], [-1.24963, 1.41951, 2.19436, 1.04805, -1.07722, -0.77693, -1.28252], [-1.2506, 0.96528, 2.11375, 1.00635, -1.08301, -0.61175, -1.19242], [-1.25158, 0.51105, 2.03314, 0.96464, -1.0888, -0.44657, -1.10231], [-1.25256, 0.05682, 1.95253, 0.92294, -1.09459, -0.28139, -1.0122], [-1.25344, -0.35225, 1.87993, 0.88539, -1.09981, -0.13262, -0.93105], [-1.44603, -0.55432, 1.89436, 1.10764, -0.92079, 0.16641, -0.96279], [-1.63862, -0.75639, 1.90878, 1.32989, -0.74178, 0.46544, -0.99452], [-1.83121, -0.95846, 1.9232, 1.55214, -0.56277, 0.76447, -1.02625], [-1.91302, -1.0443, 1.92933, 1.64655, -0.48672, 0.8915, -1.03973], [-2.06295, -1.21975, 1.82713, 1.65328, -0.74591, 1.06561, -1.33764], [-2.21287, -1.39521, 1.72493, 1.66, -1.00509, 1.23973, -1.63556], [-2.36279, -1.57066, 1.62273, 1.66673, -1.26428, 1.41384, -1.93348]]
end: [-2.46949, -1.6955199999999999, 1.55, 1.6715199999999999, -1.4487300000000001, 1.53775, -2.1455000000000002]
obtacles: [[[0.6, -0.4, -0.2], [1.0, 0.6, -0.3]], [[0.7, -0.1, -0.2], [1.1, -0.0, 0.5]], [[0.7, 0.5, -0.2], [1.1, 0.6, 0.5]], [[0.7, -0.1, 0.5], [1.1, 0.6, 0.6]]]
start: [-0.77227999999999997, 1.85721, 1.7, 1.2659899999999999, -1.8825700000000001, -1.5376799999999999, -0.46983999999999998]
tajectories: [[-0.77228, 1.85721, 1.7, 1.26599, -1.88257, -1.53768, -0.46984], [-0.8014, 1.60583, 1.52048, 1.16719, -1.66781, -1.28218, -0.65033], [-0.83052, 1.35446, 1.34097, 1.0684, -1.45304, -1.02668, -0.83082], [-0.85963, 1.10309, 1.16145, 0.96961, -1.23828, -0.77119, -1.01131], [-0.88875, 0.85171, 0.98194, 0.87081, -1.02352, -0.51569, -1.1918], [-0.89332, 0.81225, 0.95375, 0.8553, -0.9898, -0.47558, -1.22014], [-0.83172, 0.65791, 0.58506, 1.01772, -1.02193, -0.2939, -1.38148], [-0.77011, 0.50358, 0.21636, 1.18015, -1.05407, -0.11223, -1.54282], [-0.7085, 0.34924, -0.15233, 1.34257, -1.0862, 0.06945, -1.70415], [-0.6469, 0.19491, -0.52103, 1.50499, -1.11834, 0.25112, -1.86549], [-0.59684, 0.0695, -0.82062, 1.63697, -1.14445, 0.39875, -1.99659], [-0.53026, -0.27522, -0.93707, 1.73332, -0.89051, 0.48427, -2.17576], [-0.46369, -0.61993, -1.05351, 1.82966, -0.63658, 0.56978, -2.35493], [-0.39712, -0.96465, -1.16995, 1.92601, -0.38264, 0.6553, -2.5341], [-0.34586, -1.23006, -1.25961, 2.0002, -0.18712, 0.72114, -2.67205], [-0.62525, -1.29269, -0.90623, 1.91938, -0.34387, 0.82496, -2.63655], [-0.90464, -1.35532, -0.55285, 1.83856, -0.50062, 0.92877, -2.60105], [-1.18403, -1.41794, -0.19946, 1.75775, -0.65737, 1.03259, -2.56555], [-1.46342, -1.48057, 0.15392, 1.67693, -0.81412, 1.1364, -2.53005], [-1.74281, -1.5432, 0.5073, 1.59611, -0.97087, 1.24022, -2.49455], [-2.0222, -1.60582, 0.86069, 1.5153, -1.12762, 1.34404, -2.45905], [-2.30159, -1.66845, 1.21407, 1.43448, -1.28437, 1.44785, -2.42355]]
end: [-2.52765, -1.71912, 1.5, 1.3690899999999999, -1.4112, 1.5318499999999999, -2.3948299999999998]
obtacles: [[[0.6, -0.4, -0.2], [1.0, 0.6, -0.3]], [[0.7, -0.1, -0.2], [1.1, -0.0, 0.5]], [[0.7, 0.5, -0.2], [1.1, 0.6, 0.5]], [[0.7, -0.1, 0.5], [1.1, 0.6, 0.6]]]
start: [-0.87575999999999998, 1.7790600000000001, 1.6000000000000001, 1.48872, -1.7807599999999999, -1.5592699999999999, -0.60870000000000002]
tajectories: [[-0.87576, 1.77906, 1.6, 1.48872, -1.78076, -1.55927, -0.6087], [-1.12078, 1.68341, 1.45211, 1.49537, -1.87413, -1.24491, -0.83532], [-1.3658, 1.58776, 1.30422, 1.50202, -1.96751, -0.93055, -1.06194], [-1.61082, 1.49211, 1.15633, 1.50867, -2.06088, -0.61619, -1.28856], [-1.85585, 1.39646, 1.00844, 1.51532, -2.15426, -0.30183, -1.51518], [-2.10087, 1.30081, 0.86055, 1.52197, -2.24763, 0.01254, -1.7418], [-2.34401, 1.20589, 0.7138, 1.52857, -2.34029, 0.32448, -1.96668], [-2.34228, 0.8411, 0.80327, 1.67852, -2.04879, 0.3623, -1.97213], [-2.34056, 0.4763, 0.89274, 1.82847, -1.7573, 0.40012, -1.97757], [-2.33884, 0.1115, 0.98221, 1.97842, -1.4658, 0.43793, -1.98302], [-2.33824, -0.01471, 1.01316, 2.0303, -1.36495, 0.45102, -1.9849], [-2.31825, -0.44155, 1.04355, 1.97884, -1.23169, 0.62689, -1.86181], [-2.29826, -0.86838, 1.07393, 1.92737, -1.09843, 0.80276, -1.73872], [-2.27828, -1.29522, 1.10432, 1.87591, -0.96518, 0.97863, -1.61563], [-2.25829, -1.72206, 1.1347, 1.82444, -0.83192, 1.1545, -1.49253], [-2.25754, -1.73791, 1.13583, 1.82253, -0.82697, 1.16103, -1.48796], [-2.29513, -1.76449, 1.30131, 1.70016, -1.0305, 1.32172, -1.85982], [-2.33271, -1.79107, 1.46679, 1.57778, -1.23403, 1.48241, -2.23167]]
end: [-2.35161, -1.80443, 1.55, 1.51624, -1.3363799999999999, 1.5632200000000001, -2.41866]
obtacles: [[[0.6, -0.4, -0.2], [1.0, 0.6, -0.3]], [[0.7, -0.1, -0.2], [1.1, -0.0, 0.5]], [[0.7, 0.5, -0.2], [1.1, 0.6, 0.5]], [[0.7, -0.1, 0.5], [1.1, 0.6, 0.6]]]
start: [-0.79701, 1.6899200000000001, 1.8, 1.1830700000000001, -1.7701100000000001, -1.4061399999999999, -0.35582999999999998]
tajectories: [[-0.79701, 1.68992, 1.8, 1.18307, -1.77011, -1.40614, -0.35583], [-0.93044, 1.29937, 1.84497, 1.05685, -1.7278, -1.25777, -0.55053], [-1.06387, 0.90881, 1.88995, 0.93064, -1.68549, -1.10941, -0.74522], [-1.1973, 0.51825, 1.93492, 0.80443, -1.64318, -0.96104, -0.93992], [-1.33073, 0.12769, 1.97989, 0.67821, -1.60087, -0.81267, -1.13461], [-1.46416, -0.26286, 2.02486, 0.552, -1.55856, -0.6643, -1.3293], [-1.59758, -0.65342, 2.06984, 0.42578, -1.51626, -0.51594, -1.524], [-1.70731, -0.97458, 2.10682, 0.32199, -1.48146, -0.39393, -1.6841], [-1.4699, -1.14126, 2.04314, 0.42883, -1.50905, -0.06291, -1.88423], [-1.23248, -1.30793, 1.97946, 0.53567, -1.53663, 0.26811, -2.08436], [-1.02014, -1.45701, 1.9225, 0.63122, -1.5613, 0.56418, -2.26335], [-1.22028, -1.41041, 1.6801, 1.00273, -1.46125, 0.59507, -2.26945], [-1.42042, -1.36382, 1.4377, 1.37423, -1.36121, 0.62596, -2.27555], [-1.62055, -1.31723, 1.1953, 1.74574, -1.26117, 0.65685, -2.28164], [-1.74304, -1.28871, 1.04695, 1.9731, -1.19994, 0.67575, -2.28537], [-1.96613, -1.4169, 1.24138, 1.84331, -1.32469, 1.0124, -2.30136], [-2.18922, -1.54508, 1.4358, 1.71352, -1.44943, 1.34905, -2.31734]]
end: [-2.3202600000000002, -1.6203700000000001, 1.55, 1.6372899999999999, -1.5226999999999999, 1.54678, -2.32673]
obtacles: [[[0.6, -0.4, -0.2], [1.0, 0.6, -0.3]], [[0.7, -0.1, -0.2], [1.1, -0.0, 0.5]], [[0.7, 0.5, -0.2], [1.1, 0.6, 0.5]], [[0.7, -0.1, 0.5], [1.1, 0.6, 0.6]]]
start: [-0.67049000000000003, 1.8438399999999999, 1.8500000000000001, 1.1872400000000001, -1.93171, -1.4251, -0.45152999999999999]
tajectories: [[-0.67049, 1.84384, 1.85, 1.18724, -1.93171, -1.4251, -0.45153], [-0.8548, 1.52546, 1.99819, 1.31806, -1.88688, -1.39422, -0.72101], [-1.03912, 1.20708, 2.14638, 1.44888, -1.84205, -1.36335, -0.9905], [-1.22343, 0.8887, 2.29457, 1.57969, -1.79721, -1.33248, -1.25999], [-1.40775, 0.57031, 2.44277, 1.71051, -1.75238, -1.30161, -1.52947], [-1.59207, 0.25193, 2.59096, 1.84133, -1.70755, -1.27073, -1.79896], [-1.65855, 0.13709, 2.64441, 1.88851, -1.69138, -1.2596, -1.89616], [-1.31767, 0.03266, 2.42042, 2.08633, -1.65525, -1.31061, -1.72387], [-0.97678, -0.07176, 2.19644, 2.28414, -1.61912, -1.36162, -1.55157], [-0.6359, -0.17619, 1.97245, 2.48195, -1.58298, -1.41263, -1.37927], [-0.29502, -0.28062, 1.74846, 2.67976, -1.54685, -1.46364, -1.20697], [0.04586, -0.38504, 1.52448, 2.87758, -1.51071, -1.51465, -1.03467], [0.13358, -0.41192, 1.46683, 2.92848, -1.50142, -1.52778, -0.99033], [0.09718, -0.00909, 1.53721, 2.659, -1.55955, -1.49021, -1.05382], [0.06077, 0.39375, 1.60759, 2.38951, -1.61769, -1.45264, -1.11731], [0.02436, 0.79658, 1.67796, 2.12002, -1.67583, -1.41507, -1.1808], [-0.01204, 1.19941, 1.74834, 1.85053, -1.73397, -1.3775, -1.24429], [-0.04845, 1.60225, 1.81871, 1.58104, -1.79211, -1.33994, -1.30778]]
end: [-0.064640000000000003, 1.7813300000000001, 1.8500000000000001, 1.4612400000000001, -1.81796, -1.3232299999999999, -1.3360099999999999]
obtacles: [[[0.6, -0.4, -0.2], [1.0, 0.6, -0.3]], [[0.7, -0.1, -0.2], [1.1, -0.0, 0.5]], [[0.7, 0.5, -0.2], [1.1, 0.6, 0.5]], [[0.7, -0.1, 0.5], [1.1, 0.6, 0.6]]]
start: [-0.61033999999999999, 1.93672, 1.8500000000000001, 1.0349900000000001, -2.0257000000000001, -1.5321800000000001, -0.36373]
tajectories: [[-0.61034, 1.93672, 1.85, 1.03499, -2.0257, -1.53218, -0.36373], [-0.81046, 1.89716, 2.0071, 1.17751, -2.28822, -1.26263, -0.21601], [-1.01058, 1.8576, 2.1642, 1.32003, -2.55074, -0.99308, -0.0683], [-1.2107, 1.81804, 2.32131, 1.46255, -2.81326, -0.72353, 0.07942], [-1.41082, 1.77848, 2.47841, 1.60507, -3.07578, -0.45397, 0.22713], [-1.61094, 1.73892, 2.63551, 1.74759, -3.3383, -0.18442, 0.37485], [-1.74044, 1.71332, 2.73717, 1.83981, -3.50818, -0.00999, 0.47043], [-1.45942, 1.6477, 2.64626, 1.93459, -3.19661, -0.02872, 0.24231], [-1.17839, 1.58207, 2.55535, 2.02937, -2.88504, -0.04745, 0.01418], [-0.89736, 1.51645, 2.46444, 2.12414, -2.57346, -0.06619, -0.21395], [-0.61633, 1.45082, 2.37353, 2.21892, -2.26189, -0.08492, -0.44208], [-0.33531, 1.3852, 2.28262, 2.3137, -1.95032, -0.10365, -0.67021], [-0.07239, 1.3238, 2.19757, 2.40237, -1.65883, -0.12117, -0.88363], [-0.03574, 1.43381, 2.13403, 2.04032, -1.73004, -0.4305, -0.85746], [0.00091, 1.54382, 2.07049, 1.67828, -1.80125, -0.73984, -0.83129], [0.03756, 1.65382, 2.00695, 1.31624, -1.87245, -1.04917, -0.80512], [0.07421, 1.76383, 1.94341, 0.95419, -1.94366, -1.35851, -0.77895]]
end: [0.099250000000000005, 1.8389899999999999, 1.8999999999999999, 0.70684000000000002, -1.99231, -1.56985, -0.76107000000000002]
obtacles: [[[0.6, -0.4, -0.2], [1.0, 0.6, -0.3]], [[0.7, -0.1, -0.2], [1.1, -0.0, 0.5]], [[0.7, 0.5, -0.2], [1.1, 0.6, 0.5]], [[0.7, -0.1, 0.5], [1.1, 0.6, 0.6]]]
start: [-0.66554000000000002, 1.7617, 1.8500000000000001, 1.1285700000000001, -1.8662700000000001, -1.4067099999999999, -0.41165000000000002]
tajectories: [[-0.66554, 1.7617, 1.85, 1.12857, -1.86627, -1.40671, -0.41165], [-0.83969, 1.35132, 1.89377, 1.24713, -2.00486, -1.28056, -0.42484], [-1.01384, 0.94094, 1.93755, 1.36568, -2.14344, -1.15442, -0.43803], [-1.18799, 0.53057, 1.98132, 1.48423, -2.28203, -1.02827, -0.45122], [-1.28191, 0.30925, 2.00493, 1.54817, -2.35676, -0.96024, -0.45833], [-1.29766, 0.09511, 1.90044, 1.81113, -2.36011, -0.82975, -0.78511], [-1.31342, -0.11904, 1.79594, 2.07409, -2.36345, -0.69926, -1.11188], [-1.32917, -0.33319, 1.69145, 2.33706, -2.3668, -0.56877, -1.43866], [-1.32965, -0.33966, 1.68829, 2.345, -2.3669, -0.56482, -1.44854], [-1.49073, -0.33426, 1.78979, 2.26987, -2.62882, -0.19474, -1.49858], [-1.65182, -0.32885, 1.89128, 2.19473, -2.89075, 0.17535, -1.54863], [-1.74408, -0.32575, 1.94942, 2.15169, -3.04077, 0.38732, -1.57729], [-1.87286, -0.57102, 1.86308, 1.99514, -2.75369, 0.56976, -1.73729], [-2.00164, -0.81628, 1.77674, 1.83859, -2.46661, 0.75219, -1.89729], [-2.13042, -1.06154, 1.69041, 1.68203, -2.17952, 0.93462, -2.05729], [-2.2592, -1.30681, 1.60407, 1.52548, -1.89244, 1.11705, -2.21729], [-2.38798, -1.55207, 1.51774, 1.36892, -1.60536, 1.29949, -2.37729], [-2.51676, -1.79734, 1.4314, 1.21237, -1.31827, 1.48192, -2.53729]]
end: [-2.5636000000000001, -1.88653, 1.3999999999999999, 1.15543, -1.21387, 1.54827, -2.5954700000000002]
obtacles: [[[0.6, -0.4, -0.2], [1.0, 0.6, -0.3]], [[0.7, -0.1, -0.2], [1.1, -0.0, 0.5]], [[0.7, 0.5, -0.2], [1.1, 0.6, 0.5]], [[0.7, -0.1, 0.5], [1.1, 0.6, 0.6]]]
start: [-0.85846, 1.9356100000000001, 2.1000000000000001, 1.3311599999999999, -2.0878100000000002, -1.1880599999999999, -0.27045999999999998]
tajectories: [[-0.85846, 1.93561, 2.1, 1.33116, -2.08781, -1.18806, -0.27046], [-0.79164, 1.89421, 2.17271, 1.48596, -2.22881, -1.13862, -0.70892], [-0.72481, 1.85281, 2.24541, 1.64076, -2.3698, -1.08919, -1.14738], [-0.65799, 1.8114, 2.31812, 1.79556, -2.5108, -1.03976, -1.58584], [-0.59117, 1.77, 2.39082, 1.95036, -2.65179, -0.99032, -2.0243], [-0.52435, 1.7286, 2.46353, 2.10516, -2.79279, -0.94089, -2.46276], [-0.4753, 1.6982, 2.5169, 2.2188, -2.89629, -0.9046, -2.78465], [-0.47713, 1.86646, 2.36317, 2.3259, -2.54064, -0.78624, -2.56998], [-0.4782, 1.9652, 2.27296, 2.38875, -2.33192, -0.71678, -2.444], [-0.32112, 1.96404, 2.20699, 2.08153, -2.2797, -0.87949, -2.13192], [-0.16405, 1.96287, 2.14102, 1.77432, -2.22749, -1.0422, -1.81985], [-0.00697, 1.96171, 2.07506, 1.4671, -2.17527, -1.20491, -1.50777], [0.15011, 1.96055, 2.00909, 1.15988, -2.12306, -1.36761, -1.1957]]
end: [0.17175000000000001, 1.9603900000000001, 2.0, 1.1175600000000001, -2.1158700000000001, -1.3900300000000001, -1.1527000000000001]
