obtacles: [[[0.6, -0.4, -0.2], [1.0, 0.6, -0.3]], [[0.7, -0.1, -0.2], [1.1, -0.0, 0.5]], [[0.7, 0.4, -0.2], [1.1, 0.5, 0.5]], [[0.7, -0.1, 0.5], [1.1, 0.5, 0.6]]]
start: [2.2534700000000001, -1.95889, -1.05, 1.4215800000000001, 1.06691, 1.1601600000000001, 2.8198699999999999]
tajectories: [[2.25347, -1.95889, -1.05, 1.42158, 1.06691, 1.16016, 2.81987], [2.09869, -1.68788, -1.03849, 1.46047, 1.0701, 1.20745, 2.43425], [1.94391, -1.41687, -1.02698, 1.49936, 1.07329, 1.25474, 2.04863], [1.78912, -1.14586, -1.01547, 1.53825, 1.07648, 1.30203, 1.66301], [1.63434, -0.87485, -1.00395, 1.57714, 1.07967, 1.34932, 1.27739], [1.47955, -0.60384, -0.99244, 1.61603, 1.08286, 1.3966, 0.89177], [1.32477, -0.33283, -0.98093, 1.65492, 1.08605, 1.44389, 0.50615], [1.16998, -0.06182, -0.96942, 1.69381, 1.08924, 1.49118, 0.12053], [1.0152, 0.20919, -0.95791, 1.7327, 1.09244, 1.53847, -0.2651], [1.01313, 0.21282, -0.95775, 1.73322, 1.09248, 1.5391, -0.27026], [1.00253, 0.39485, -1.04012, 1.68737, 0.7594, 1.54103, -0.58158], [0.99194, 0.57688, -1.12248, 1.64151, 0.42632, 1.54295, -0.8929], [0.98135, 0.75891, -1.20484, 1.59566, 0.09325, 1.54488, -1.20423], [0.97076, 0.94095, -1.2872, 1.54981, -0.23983, 1.5468, -1.51555], [0.96017, 1.12298, -1.36956, 1.50395, -0.57291, 1.54873, -1.82687], [0.94958, 1.30501, -1.45192, 1.4581, -0.90598, 1.55066, -2.1382], [0.93898, 1.48704, -1.53429, 1.41225, -1.23906, 1.55258, -2.44952]]
end: [0.93052999999999997, 1.63228, -1.6000000000000001, 1.3756600000000001, -1.50481, 1.5541199999999999, -2.6979099999999998]
obtacles: [[[0.6, -0.4, -0.2], [1.0, 0.6, -0.3]], [[0.7, -0.1, -0.2], [1.1, -0.0, 0.5]], [[0.7, 0.4, -0.2], [1.1, 0.5, 0.5]], [[0.7, -0.1, 0.5], [1.1, 0.5, 0.6]]]
start: [-0.71828000000000003, 1.75858, 1.75, 1.1264799999999999, -1.8178700000000001, -1.49285, -0.38159999999999999]
tajectories: [[-0.71828, 1.75858, 1.75, 1.12648, -1.81787, -1.49285, -0.3816], [-0.88291, 1.59012, 1.46129, 1.23194, -1.55867, -1.43169, -0.55222], [-1.04755, 1.42165, 1.17257, 1.3374, -1.29947, -1.37052, -0.72284], [-1.21219, 1.25319, 0.88386, 1.44286, -1.04027, -1.30936, -0.89347], [-1.37682, 1.08472, 0.59514, 1.54832, -0.78108, -1.2482, -1.06409], [-1.54146, 0.91626, 0.30643, 1.65378, -0.52188, -1.18703, -1.23471], [-1.68277, 0.77167, 0.05862, 1.7443, -0.2994, -1.13454, -1.38116], [-1.69907, 0.74081, 0.21725, 1.87354, -0.09495, -0.73417, -1.45063], [-1.71536, 0.70996, 0.37588, 2.00278, 0.10949, -0.33381, -1.5201], [-1.73166, 0.67911, 0.53451, 2.13203, 0.31394, 0.06655, -1.58957], [-1.74795, 0.64826, 0.69313, 2.26127, 0.51839, 0.46692, -1.65905], [-1.75735, 0.63047, 0.7846, 2.33579, 0.63627, 0.69776, -1.6991], [-1.85876, 0.2731, 0.89152, 2.22325, 0.37789, 0.81898, -1.77946], [-1.96017, -0.08426, 0.99844, 2.11072, 0.11951, 0.94019, -1.85982], [-2.06158, -0.44162, 1.10536, 1.99819, -0.13887, 1.06141, -1.94019], [-2.163, -0.79898, 1.21229, 1.88565, -0.39724, 1.18263, -2.02055], [-2.26441, -1.15635, 1.31921, 1.77312, -0.65562, 1.30385, -2.10091], [-2.36582, -1.51371, 1.42613, 1.66059, -0.914, 1.42507, -2.18127], [-2.46723, -1.87107, 1.53305, 1.54805, -1.17238, 1.54629, -2.26163]]
end: [-2.4833099999999999, -1.9277200000000001, 1.55, 1.5302199999999999, -1.21333, 1.5654999999999999, -2.2743699999999998]
obtacles: [[[0.6, -0.4, -0.2], [1.0, 0.6, -0.3]], [[0.7, -0.1, -0.2], [1.1, -0.0, 0.5]], [[0.7, 0.4, -0.2], [1.1, 0.5, 0.5]], [[0.7, -0.1, 0.5], [1.1, 0.5, 0.6]]]
start: [-0.65337000000000001, 1.5810200000000001, 1.6000000000000001, 1.2762199999999999, -1.5890599999999999, -1.54582, -0.62246999999999997]
tajectories: [[-0.65337, 1.58102, 1.6, 1.27622, -1.58906, -1.54582, -0.62247], [-0.89881, 1.29239, 1.72609, 1.44998, -1.52176, -1.53952, -0.85867], [-1.14425, 1.00375, 1.85218, 1.62374, -1.45445, -1.53321, -1.09486], [-1.38968, 0.71512, 1.97828, 1.79751, -1.38714, -1.5269, -1.33106], [-1.63512, 0.42648, 2.10437, 1.97127, -1.31983, -1.5206, -1.56725], [-1.88056, 0.13785, 2.23046, 2.14503, -1.25252, -1.51429, -1.80345], [-1.96766, 0.03542, 2.27521, 2.20669, -1.22864, -1.51206, -1.88727], [-2.02939, -0.22335, 2.17992, 2.126, -1.22592, -1.11056, -1.9365], [-2.09112, -0.48213, 2.08463, 2.04531, -1.22321, -0.70906, -1.98573], [-2.15285, -0.74091, 1.98934, 1.96462, -1.22049, -0.30756, -2.03496], [-2.21458, -0.99968, 1.89405, 1.88392, -1.21777, 0.09394, -2.08419], [-2.27632, -1.25846, 1.79877, 1.80323, -1.21505, 0.49544, -2.13342], [-2.33805, -1.51723, 1.70348, 1.72254, -1.21234, 0.89694, -2.18265], [-2.39978, -1.77601, 1.60819, 1.64185, -1.20962, 1.29844, -2.23188]]
end: [-2.4374799999999999, -1.9340299999999999, 1.55, 1.59257, -1.2079599999999999, 1.54362, -2.2619400000000001]
obtacles: [[[0.6, -0.4, -0.2], [1.0, 0.6, -0.3]], [[0.7, -0.1, -0.2], [1.1, -0.0, 0.5]], [[0.7, 0.4, -0.2], [1.1, 0.5, 0.5]], [[0.7, -0.1, 0.5], [1.1, 0.5, 0.6]]]
start: [-0.59482000000000002, 1.44475, 1.6499999999999999, 0.91625999999999996, -1.5183199999999999, -1.43154, -0.3301]
tajectories: [[-0.59482, 1.44475, 1.65, 0.91626, -1.51832, -1.43154, -0.3301], [-0.70873, 1.32076, 1.31298, 1.10117, -1.32859, -1.3185, -0.48855], [-0.82264, 1.19678, 0.97596, 1.28608, -1.13886, -1.20545, -0.64699], [-0.93655, 1.0728, 0.63894, 1.47099, -0.94913, -1.09241, -0.80543], [-1.05046, 0.94881, 0.30192, 1.65589, -0.7594, -0.97937, -0.96387], [-1.16436, 0.82483, -0.0351, 1.8408, -0.56968, -0.86632, -1.12231], [-1.24346, 0.73874, -0.26911, 1.96919, -0.43794, -0.78783, -1.23233], [-1.23434, 0.3364, -0.35679, 2.1746, -0.53888, -0.62249, -1.20718], [-1.22523, -0.06594, -0.44446, 2.38, -0.63983, -0.45715, -1.18202], [-1.21612, -0.46829, -0.53214, 2.5854, -0.74078, -0.29181, -1.15687], [-1.207, -0.87063, -0.61981, 2.79081, -0.84172, -0.12647, -1.13171], [-1.19789, -1.27297, -0.70749, 2.99621, -0.94267, 0.03886, -1.10656], [-1.19527, -1.38843, -0.73265, 3.05515, -0.97164, 0.08631, -1.09934], [-1.3773, -1.46015, -0.4265, 2.83504, -1.00625, 0.28631, -1.26771], [-1.55933, -1.53188, -0.12036, 2.61493, -1.04085, 0.48632, -1.43607], [-1.74137, -1.6036, 0.18578, 2.39482, -1.07546, 0.68632, -1.60444], [-1.9234, -1.67532, 0.49193, 2.1747, -1.11007, 0.88633, -1.7728], [-2.10543, -1.74705, 0.79807, 1.95459, -1.14468, 1.08633, -1.94117], [-2.28746, -1.81877, 1.10422, 1.73448, -1.17929, 1.28634, -2.10953], [-2.46949, -1.89049, 1.41036, 1.51437, -1.2139, 1.48634, -2.2779]]
end: [-2.5227900000000001, -1.9114899999999999, 1.5, 1.4499200000000001, -1.22403, 1.5448999999999999, -2.3271999999999999]
obtacles: [[[0.6, -0.4, -0.2], [1.0, 0.6, -0.3]], [[0.7, -0.1, -0.2], [1.1, -0.0, 0.5]], [[0.7, 0.4, -0.2], [1.1, 0.5, 0.5]], [[0.7, -0.1, 0.5], [1.1, 0.5, 0.6]]]
start: [-0.86273, 1.7510699999999999, 1.6000000000000001, 1.56331, -1.75136, -1.5434099999999999, -0.69545999999999997]
tajectories: [[-0.86273, 1.75107, 1.6, 1.56331, -1.75136, -1.54341, -0.69546], [-1.04974, 1.72519, 1.71521, 1.40902, -1.93347, -1.24822, -0.93415], [-1.23675, 1.6993, 1.83043, 1.25474, -2.11558, -0.95302, -1.17285], [-1.42376, 1.67341, 1.94564, 1.10046, -2.29769, -0.65783, -1.41154], [-1.61077, 1.64752, 2.06086, 0.94617, -2.4798, -0.36264, -1.65024], [-1.79778, 1.62163, 2.17607, 0.79189, -2.66191, -0.06744, -1.88893], [-1.98479, 1.59574, 2.29129, 0.6376, -2.84403, 0.22775, -2.12762], [-2.1718, 1.56986, 2.4065, 0.48332, -3.02614, 0.52294, -2.36632], [-2.19015, 1.56732, 2.4178, 0.46818, -3.04401, 0.55191, -2.38974], [-2.09498, 1.31987, 2.25103, 0.80012, -3.13162, 0.66419, -2.24335], [-1.99982, 1.07242, 2.08426, 1.13206, -3.21924, 0.77647, -2.09696], [-1.90465, 0.82498, 1.91748, 1.46401, -3.30686, 0.88875, -1.95057], [-1.80948, 0.57753, 1.75071, 1.79595, -3.39448, 1.00104, -1.80417], [-1.71431, 0.33009, 1.58393, 2.12789, -3.4821, 1.11332, -1.65778], [-1.61915, 0.08264, 1.41716, 2.45983, -3.56972, 1.2256, -1.51139], [-1.52398, -0.16481, 1.25039, 2.79177, -3.65734, 1.33788, -1.365], [-1.46421, -0.32022, 1.14564, 3.00026, -3.71237, 1.4084, -1.27306], [-1.59886, -0.52724, 1.18636, 2.77468, -3.38336, 1.42515, -1.44021], [-1.7335, -0.73426, 1.22708, 2.54909, -3.05435, 1.44191, -1.60735], [-1.86815, -0.94128, 1.26779, 2.32351, -2.72534, 1.45866, -1.7745], [-2.0028, -1.1483, 1.30851, 2.09793, -2.39633, 1.47541, -1.94165], [-2.13745, -1.35532, 1.34923, 1.87235, -2.06732, 1.49216, -2.1088], [-2.2721, -1.56235, 1.38995, 1.64677, -1.73831, 1.50891, -2.27595], [-2.40674, -1.76937, 1.43066, 1.42119, -1.4093, 1.52566, -2.4431]]
end: [-2.4706899999999998, -1.86768, 1.45, 1.31406, -1.2530399999999999, 1.53362, -2.5224799999999998]
obtacles: [[[0.6, -0.4, -0.2], [1.0, 0.6, -0.3]], [[0.7, -0.1, -0.2], [1.1, -0.0, 0.5]], [[0.7, 0.4, -0.2], [1.1, 0.5, 0.5]], [[0.7, -0.1, 0.5], [1.1, 0.5, 0.6]]]
start: [-0.78317000000000003, 1.96323, 1.75, 1.2169000000000001, -1.9997400000000001, -1.54884, -0.39323000000000002]
tajectories: [[-0.78317, 1.96323, 1.75, 1.2169, -1.99974, -1.54884, -0.39323], [-0.89272, 1.64455, 1.83763, 1.14663, -1.90887, -1.24755, -0.55068], [-1.00226, 1.32587, 1.92526, 1.07636, -1.81799, -0.94626, -0.70813], [-1.11181, 1.00719, 2.01289, 1.0061, -1.72711, -0.64496, -0.86557], [-1.22135, 0.68851, 2.10052, 0.93583, -1.63623, -0.34367, -1.02302], [-1.32797, 0.37833, 2.18582, 0.86744, -1.54778, -0.05041, -1.17627], [-1.49174, 0.10731, 2.15908, 1.18453, -1.60403, 0.15124, -1.10815], [-1.6555, -0.16371, 2.13235, 1.50162, -1.66027, 0.35289, -1.04004], [-1.81926, -0.43473, 2.10561, 1.81872, -1.71652, 0.55455, -0.97192], [-1.98302, -0.70575, 2.07888, 2.13581, -1.77276, 0.7562, -0.90381], [-2.07949, -0.86539, 2.06313, 2.32259, -1.80589, 0.87499, -0.86369], [-2.1731, -1.10603, 1.94651, 2.16752, -1.68328, 1.04881, -1.1806], [-2.26671, -1.34667, 1.82988, 2.01245, -1.56067, 1.22263, -1.49751], [-2.36032, -1.58731, 1.71326, 1.85738, -1.43806, 1.39645, -1.81443]]
end: [-2.4512299999999998, -1.821, 1.6000000000000001, 1.70679, -1.3189900000000001, 1.5652600000000001, -2.1221899999999998]
obtacles: [[[0.6, -0.4, -0.2], [1.0, 0.6, -0.3]], [[0.7, -0.1, -0.2], [1.1, -0.0, 0.5]], [[0.7, 0.4, -0.2], [1.1, 0.5, 0.5]], [[0.7, -0.1, 0.5], [1.1, 0.5, 0.6]]]
start: [-0.68791000000000002, 1.63141, 1.7, 1.29115, -1.6652, -1.4637, -0.59424999999999994]
tajectories: [[-0.68791, 1.63141, 1.7, 1.29115, -1.6652, -1.4637, -0.59425], [-0.79481, 1.64411, 1.67519, 1.47132, -1.72699, -1.16016, -0.92497], [-0.9017, 1.6568, 1.65038, 1.65148, -1.78879, -0.85661, -1.2557], [-1.0086, 1.6695, 1.62557, 1.83165, -1.85058, -0.55307, -1.58642], [-1.11549, 1.68219, 1.60076, 2.01182, -1.91238, -0.24952, -1.91715], [-1.22239, 1.69489, 1.57595, 2.19198, -1.97417, 0.05402, -2.24787], [-1.27313, 1.70092, 1.56417, 2.27751, -2.00351, 0.19813, -2.40488], [-1.47274, 1.50501, 1.18749, 2.38628, -1.89657, 0.14102, -2.46283], [-1.67234, 1.3091, 0.8108, 2.49505, -1.78963, 0.08392, -2.52079], [-1.87195, 1.11319, 0.43411, 2.60382, -1.6827, 0.02682, -2.57874], [-2.07155, 0.91728, 0.05743, 2.71259, -1.57576, -0.03028, -2.6367], [-2.27116, 0.72137, -0.31926, 2.82135, -1.46882, -0.08739, -2.69465], [-2.31901, 0.6744, -0.40956, 2.84743, -1.44319, -0.10108, -2.70854], [-2.26299, 0.35471, -0.59584, 2.68073, -1.24726, 0.08728, -2.61741], [-2.20698, 0.03501, -0.78211, 2.51404, -1.05134, 0.27565, -2.52628], [-2.15097, -0.28469, -0.96838, 2.34734, -0.85541, 0.46401, -2.43516], [-2.09496, -0.60439, -1.15465, 2.18064, -0.65949, 0.65237, -2.34403], [-2.03894, -0.92408, -1.34093, 2.01395, -0.46356, 0.84073, -2.2529], [-1.98293, -1.24378, -1.5272, 1.84725, -0.26764, 1.02909, -2.16177], [-1.94857, -1.43993, -1.64149, 1.74497, -0.14743, 1.14466, -2.10586], [-2.02769, -1.50062, -1.18298, 1.73076, -0.31033, 1.19992, -2.11176], [-2.10681, -1.56132, -0.72448, 1.71654, -0.47324, 1.25518, -2.11767], [-2.18594, -1.62201, -0.26597, 1.70232, -0.63615, 1.31045, -2.12357], [-2.26506, -1.6827, 0.19253, 1.6881, -0.79905, 1.36571, -2.12948], [-2.34418, -1.74339, 0.65104, 1.67388, -0.96196, 1.42097, -2.13538], [-2.42331, -1.80408, 1.10954, 1.65967, -1.12487, 1.47624, -2.14129]]
end: [-2.49932, -1.86239, 1.55, 1.64601, -1.2813600000000001, 1.52932, -2.14696]
obtacles: [[[0.6, -0.4, -0.2], [1.0, 0.6, -0.3]], [[0.7, -0.1, -0.2], [1.1, -0.0, 0.5]], [[0.7, 0.4, -0.2], [1.1, 0.5, 0.5]], [[0.7, -0.1, 0.5], [1.1, 0.5, 0.6]]]
start: [-0.87958999999999998, 1.62608, 1.8500000000000001, 1.3261000000000001, -1.6954499999999999, -1.3144100000000001, -0.42265999999999998]
tajectories: [[-0.87959, 1.62608, 1.85, 1.3261, -1.69545, -1.31441, -0.42266], [-1.13208, 1.50098, 1.68465, 1.43325, -1.71217, -1.17491, -0.08794], [-1.38458, 1.37589, 1.51931, 1.5404, -1.72889, -1.03541, 0.24678], [-1.63707, 1.2508, 1.35396, 1.64755, -1.74561, -0.89592, 0.5815], [-1.70998, 1.21468, 1.30621, 1.67849, -1.75044, -0.85563, 0.67815], [-1.67511, 0.88616, 1.49085, 1.85954, -1.55141, -0.71131, 0.56176], [-1.64024, 0.55763, 1.67549, 2.04058, -1.35238, -0.56699, 0.44537], [-1.60537, 0.22911, 1.86012, 2.22162, -1.15335, -0.42266, 0.32897], [-1.5705, -0.09941, 2.04476, 2.40267, -0.95432, -0.27834, 0.21258], [-1.53563, -0.42794, 2.22939, 2.58371, -0.75529, -0.13401, 0.09618], [-1.50862, -0.68242, 2.37242, 2.72395, -0.60111, -0.02221, 0.00602], [-1.63664, -0.829, 2.2582, 2.55223, -0.71241, 0.1981, -0.32362], [-1.76466, -0.97558, 2.14399, 2.3805, -0.82371, 0.41842, -0.65326], [-1.89269, -1.12216, 2.02978, 2.20877, -0.93501, 0.63873, -0.9829], [-2.02071, -1.26874, 1.91556, 2.03704, -1.04631, 0.85905, -1.31254], [-2.14873, -1.41532, 1.80135, 1.86531, -1.1576, 1.07937, -1.64218], [-2.27675, -1.5619, 1.68714, 1.69359, -1.2689, 1.29968, -1.97182], [-2.40477, -1.70848, 1.57292, 1.52186, -1.3802, 1.52, -2.30146]]
end: [-2.4304700000000001, -1.7379, 1.55, 1.48739, -1.4025399999999999, 1.5642199999999999, -2.3676200000000001]
obtacles: [[[0.6, -0.4, -0.2], [1.0, 0.6, -0.3]], [[0.7, -0.1, -0.2], [1.1, -0.0, 0.5]], [[0.7, 0.4, -0.2], [1.1, 0.5, 0.5]], [[0.7, -0.1, 0.5], [1.1, 0.5, 0.6]]]
start: [-0.55488000000000004, 1.90421, 1.8500000000000001, 0.91430999999999996, -2.0022500000000001, -1.56426, -0.31072]
tajectories: [[-0.55488, 1.90421, 1.85, 0.91431, -2.00225, -1.56426, -0.31072], [-0.71042, 1.6645, 1.72791, 0.72366, -1.7798, -1.30659, -0.34561], [-0.86596, 1.42479, 1.60583, 0.53302, -1.55735, -1.04892, -0.38051], [-1.0215, 1.18508, 1.48374, 0.34237, -1.3349, -0.79125, -0.41541], [-1.17703, 0.94537, 1.36165, 0.15173, -1.11245, -0.53358, -0.45031], [-1.33257, 0.70566, 1.23956, -0.03892, -0.89, -0.27591, -0.4852], [-1.48218, 0.47509, 1.12213, -0.2223, -0.67603, -0.02806, -0.51877], [-1.44337, 0.1889, 0.94918, 0.13305, -0.66797, -0.01674, -0.61985], [-1.40455, -0.09728, 0.77624, 0.48839, -0.65992, -0.00542, -0.72094], [-1.36574, -0.38346, 0.60329, 0.84374, -0.65186, 0.00591, -0.82202], [-1.32692, -0.66964, 0.43034, 1.19909, -0.6438, 0.01723, -0.92311], [-1.28811, -0.95583, 0.25739, 1.55443, -0.63575, 0.02855, -1.02419], [-1.27363, -1.06252, 0.19291, 1.68691, -0.63274, 0.03277, -1.06188], [-1.3466, -1.22826, 0.12241, 1.70369, -0.30033, 0.31612, -0.91638], [-1.41956, -1.394, 0.0519, 1.72048, 0.03208, 0.59946, -0.77088], [-1.49253, -1.55974, -0.01861, 1.73726, 0.3645, 0.8828, -0.62538], [-1.56549, -1.72548, -0.08912, 1.75405, 0.69691, 1.16615, -0.47989], [-1.63845, -1.89123, -0.15963, 1.77084, 1.02932, 1.44949, -0.33439], [-1.64522, -1.90659, -0.16616, 1.77239, 1.06013, 1.47575, -0.3209], [-1.77592, -1.90208, 0.06206, 1.71537, 0.74233, 1.48844, -0.59731], [-1.90662, -1.89756, 0.29028, 1.65835, 0.42453, 1.50113, -0.87372], [-2.03732, -1.89305, 0.5185, 1.60133, 0.10672, 1.51381, -1.15013], [-2.16801, -1.88854, 0.74672, 1.5443, -0.21108, 1.5265, -1.42654], [-2.29871, -1.88403, 0.97494, 1.48728, -0.52888, 1.53919, -1.70295], [-2.42941, -1.87952, 1.20316, 1.43026, -0.84668, 1.55187, -1.97936], [-2.56011, -1.87501, 1.43138, 1.37324, -1.16448, 1.56456, -2.25577]]
end: [-2.5994100000000002, -1.87365, 1.5, 1.35609, -1.26004, 1.56837, -2.33887]
obtacles: [[[0.6, -0.4, -0.2], [1.0, 0.6, -0.3]], [[0.7, -0.1, -0.2], [1.1, -0.0, 0.5]], [[0.7, 0.4, -0.2], [1.1, 0.5, 0.5]], [[0.7, -0.1, 0.5], [1.1, 0.5, 0.6]]]
start: [-0.55500000000000005, 1.8563799999999999, 1.8999999999999999, 0.79013, -2.00265, -1.5486800000000001, -0.18251999999999999]
tajectories: [[-0.555, 1.85638, 1.9, 0.79013, -2.00265, -1.54868, -0.18252], [-0.71996, 1.53257, 1.95223, 0.9496, -1.80296, -1.48585, -0.3969], [-0.88491, 1.20876, 2.00447, 1.10908, -1.60328, -1.42303, -0.61127], [-1.04987, 0.88495, 2.0567, 1.26855, -1.4036, -1.3602, -0.82564], [-1.21482, 0.56114, 2.10893, 1.42803, -1.20391, -1.29737, -1.04001], [-1.33304, 0.32907, 2.14637, 1.54232, -1.0608, -1.25234, -1.19365], [-1.0031, 0.21583, 2.10801, 1.67098, -1.37864, -1.23219, -1.09955], [-0.67315, 0.10259, 2.06965, 1.79964, -1.69649, -1.21203, -1.00546], [-0.3432, -0.01065, 2.03129, 1.9283, -2.01433, -1.19187, -0.91136], [-0.01325, -0.12388, 1.99293, 2.05696, -2.33218, -1.17171, -0.81726], [0.15564, -0.18184, 1.9733, 2.12281, -2.49487, -1.16139, -0.76909], [0.16907, -0.27834, 1.64923, 2.19529, -2.55137, -0.98325, -1.07781], [0.1825, -0.37484, 1.32517, 2.26777, -2.60787, -0.80511, -1.38653], [0.19294, -0.44986, 1.07325, 2.32411, -2.65179, -0.66662, -1.62652], [0.12918, -0.02618, 1.21886, 2.19551, -2.53145, -0.77068, -1.5684], [0.06542, 0.3975, 1.36447, 2.06691, -2.41112, -0.87474, -1.51027], [0.00166, 0.82118, 1.51008, 1.9383, -2.29078, -0.9788, -1.45214], [-0.0621, 1.24486, 1.65569, 1.8097, -2.17044, -1.08286, -1.39401], [-0.12586, 1.66854, 1.8013, 1.68109, -2.0501, -1.18692, -1.33588]]
end: [-0.16908000000000001, 1.95573, 1.8999999999999999, 1.59392, -1.9685299999999999, -1.25746, -1.29647]
obtacles: [[[0.6, -0.4, -0.2], [1.0, 0.6, -0.3]], [[0.7, -0.1, -0.2], [1.1, -0.0, 0.5]], [[0.7, 0.4, -0.2], [1.1, 0.5, 0.5]], [[0.7, -0.1, 0.5], [1.1, 0.5, 0.6]]]
start: [-0.45152999999999999, 1.5230399999999999, 1.8500000000000001, 0.68950999999999996, -1.75814, -1.3572200000000001, -0.22455]
tajectories: [[-0.45153, 1.52304, 1.85, 0.68951, -1.75814, -1.35722, -0.22455], [-0.617, 1.16756, 1.98773, 0.91211, -1.72426, -1.19439, -0.23307], [-0.78247, 0.81208, 2.12546, 1.13471, -1.69037, -1.03155, -0.2416], [-0.94794, 0.4566, 2.26319, 1.35731, -1.65648, -0.86872, -0.25012], [-1.11341, 0.10113, 2.40092, 1.5799, -1.6226, -0.70589, -0.25865], [-1.27888, -0.25435, 2.53865, 1.8025, -1.58871, -0.54305, -0.26718], [-1.44435, -0.60983, 2.67638, 2.0251, -1.55482, -0.38022, -0.2757], [-1.48349, -0.69391, 2.70896, 2.07775, -1.54681, -0.34171, -0.27772], [-1.34136, -0.6565, 2.62052, 2.20478, -1.59822, -0.13831, -0.67825], [-1.19923, -0.61908, 2.53207, 2.3318, -1.64963, 0.06509, -1.07879], [-1.05711, -0.58166, 2.44363, 2.45883, -1.70105, 0.26849, -1.47932], [-0.91498, -0.54425, 2.35519, 2.58585, -1.75246, 0.47188, -1.87986], [-0.78538, -0.51013, 2.27454, 2.70168, -1.79934, 0.65735, -2.24508], [-1.11059, -0.73331, 2.13306, 2.49995, -1.73912, 0.83013, -2.22959], [-1.43581, -0.95648, 1.99158, 2.29822, -1.6789, 1.0029, -2.2141], [-1.76102, -1.17965, 1.8501, 2.09649, -1.61868, 1.17567, -2.1986], [-2.08624, -1.40283, 1.70861, 1.89476, -1.55847, 1.34845, -2.18311], [-2.41145, -1.626, 1.56713, 1.69304, -1.49825, 1.52122, -2.16762]]
end: [-2.4508399999999999, -1.65303, 1.55, 1.6686099999999999, -1.49095, 1.5421499999999999, -2.16574]
obtacles: [[[0.6, -0.4, -0.2], [1.0, 0.6, -0.3]], [[0.7, -0.1, -0.2], [1.1, -0.0, 0.5]], [[0.7, 0.4, -0.2], [1.1, 0.5, 0.5]], [[0.7, -0.1, 0.5], [1.1, 0.5, 0.6]]]
start: [-0.74565000000000003, 1.6100000000000001, 1.8, 1.0068699999999999, -1.7282299999999999, -1.39903, -0.24312]
tajectories: [[-0.74565, 1.61, 1.8, 1.00687, -1.72823, -1.39903, -0.24312], [-0.80778, 1.18365, 1.90474, 1.14918, -1.69859, -1.35795, -0.41797], [-0.86991, 0.7573, 2.00948, 1.2915, -1.66896, -1.31687, -0.59283], [-0.93204, 0.33095, 2.11422, 1.43382, -1.63932, -1.27579, -0.76768], [-0.99417, -0.0954, 2.21897, 1.57614, -1.60969, -1.23471, -0.94254], [-1.05629, -0.52175, 2.32371, 1.71846, -1.58006, -1.19364, -1.11739], [-1.11842, -0.94811, 2.42845, 1.86078, -1.55042, -1.15256, -1.29225], [-1.12622, -1.00163, 2.4416, 1.87864, -1.5467, -1.1474, -1.3142], [-1.00304, -0.62031, 2.25966, 2.01793, -1.56634, -1.11742, -1.50297], [-0.87985, -0.239, 2.07771, 2.15722, -1.58597, -1.08743, -1.69174], [-0.75666, 0.14232, 1.89577, 2.2965, -1.6056, -1.05745, -1.88051], [-0.63347, 0.52364, 1.71382, 2.43579, -1.62524, -1.02746, -2.06927], [-0.51029, 0.90495, 1.53188, 2.57507, -1.64487, -0.99748, -2.25804], [-0.44583, 1.10447, 1.43668, 2.64795, -1.65514, -0.98179, -2.35681], [-0.31874, 1.27775, 1.53832, 2.31241, -1.6829, -1.08902, -2.09483], [-0.19165, 1.45102, 1.63997, 1.97687, -1.71065, -1.19624, -1.83285], [-0.06456, 1.6243, 1.74161, 1.64132, -1.73841, -1.30347, -1.57086]]
end: [0.0084499999999999992, 1.72383, 1.8, 1.4485699999999999, -1.7543599999999999, -1.3650599999999999, -1.4203600000000001]
obtacles: [[[0.6, -0.4, -0.2], [1.0, 0.6, -0.3]], [[0.7, -0.1, -0.2], [1.1, -0.0, 0.5]], [[0.7, 0.4, -0.2], [1.1, 0.5, 0.5]], [[0.7, -0.1, 0.5], [1.1, 0.5, 0.6]]]
start: [-0.89400000000000002, 1.7495799999999999, 1.8, 1.3275699999999999, -1.8028299999999999, -1.3957299999999999, -0.39249000000000001]
tajectories: [[-0.894, 1.74958, 1.8, 1.32757, -1.80283, -1.39573, -0.39249], [-0.94976, 1.42335, 1.68777, 1.38979, -1.56627, -1.33867, -0.64701], [-1.00551, 1.09712, 1.57553, 1.45202, -1.32972, -1.2816, -0.90153], [-1.06127, 0.77088, 1.4633, 1.51424, -1.09316, -1.22454, -1.15605], [-1.11703, 0.44465, 1.35107, 1.57647, -0.85661, -1.16747, -1.41057], [-1.17279, 0.11842, 1.23883, 1.63869, -0.62005, -1.11041, -1.66509], [-1.22855, -0.20781, 1.1266, 1.70092, -0.3835, -1.05334, -1.91961], [-1.26134, -0.39967, 1.0606, 1.73751, -0.24438, -1.01979, -2.0693], [-1.28012, -0.61363, 1.17456, 1.95165, -0.33433, -0.68572, -2.22848], [-1.2989, -0.82759, 1.28852, 2.16578, -0.42429, -0.35166, -2.38766], [-1.31768, -1.04154, 1.40248, 2.37992, -0.51425, -0.0176, -2.54684], [-1.33645, -1.2555, 1.51644, 2.59405, -0.6042, 0.31646, -2.70602], [-1.35027, -1.41294, 1.6003, 2.75162, -0.6704, 0.56228, -2.82316], [-1.59049, -1.46932, 1.5782, 2.41932, -0.84331, 0.77674, -2.77503], [-1.8307, -1.5257, 1.5561, 2.08702, -1.01622, 0.99119, -2.7269], [-2.07091, -1.58208, 1.534, 1.75472, -1.18913, 1.20565, -2.67878], [-2.31113, -1.63846, 1.5119, 1.42242, -1.36205, 1.42011, -2.63065]]
end: [-2.44049, -1.66882, 1.5, 1.2434799999999999, -1.45516, 1.53559, -2.60473]
