obtacles: [[[0.6, -0.4, -0.2], [1.0, 0.6, -0.3]], [[0.8, -0.1, -0.2], [1.1, -0.0, 0.5]], [[0.8, 0.4, -0.2], [1.1, 0.5, 0.5]], [[0.8, -0.1, 0.5], [1.1, 0.5, 0.6]]]
start: [-0.41066999999999998, 1.6983299999999999, 1.75, 0.67574999999999996, -1.7900700000000001, -1.55945, -0.25235000000000002]
tajectories: [[-0.41067, 1.69833, 1.75, 0.67575, -1.79007, -1.55945, -0.25235], [-0.58451, 1.51535, 1.83408, 0.96691, -1.64213, -1.37033, -0.44418], [-0.75834, 1.33236, 1.91815, 1.25808, -1.49419, -1.18121, -0.63601], [-0.86712, 1.21785, 1.97077, 1.44028, -1.40161, -1.06286, -0.75605], [-0.75602, 1.12585, 1.92254, 1.50329, -1.85602, -1.1061, -0.63551], [-0.64491, 1.03384, 1.87431, 1.56629, -2.31044, -1.14935, -0.51497], [-0.61321, 1.00759, 1.86055, 1.58427, -2.44008, -1.16168, -0.48058], [-0.47947, 1.33076, 1.8175, 1.52066, -2.21558, -1.26997, -0.7248], [-0.34573, 1.65394, 1.77444, 1.45705, -1.99108, -1.37826, -0.96903]]
end: [-0.26979999999999998, 1.8374200000000001, 1.75, 1.4209400000000001, -1.8636299999999999, -1.43974, -1.10768]
obtacles: [[[0.6, -0.4, -0.2], [1.0, 0.6, -0.3]], [[0.8, -0.1, -0.2], [1.1, -0.0, 0.5]], [[0.8, 0.4, -0.2], [1.1, 0.5, 0.5]], [[0.8, -0.1, 0.5], [1.1, 0.5, 0.6]]]
start: [-0.72497, 1.83565, 1.8500000000000001, 1.0676600000000001, -1.93868, -1.4637899999999999, -0.28533999999999998]
tajectories: [[-0.72497, 1.83565, 1.85, 1.06766, -1.93868, -1.46379, -0.28534], [-0.99737, 1.7232, 1.63848, 1.35614, -1.80754, -1.44744, -0.15221], [-1.26978, 1.61075, 1.42695, 1.64462, -1.67641, -1.43109, -0.01908], [-1.54218, 1.4983, 1.21543, 1.93311, -1.54527, -1.41475, 0.11405], [-1.81458, 1.38585, 1.00391, 2.22159, -1.41414, -1.3984, 0.24718], [-2.04717, 1.28984, 0.82331, 2.4679, -1.30217, -1.38444, 0.36085], [-1.75837, 1.30633, 0.95804, 2.55059, -1.19466, -1.19702, 0.66849], [-1.46956, 1.32283, 1.09277, 2.63328, -1.08715, -1.0096, 0.97614], [-1.18076, 1.33932, 1.2275, 2.71598, -0.97963, -0.82218, 1.28378], [-0.89196, 1.35582, 1.36223, 2.79867, -0.87212, -0.63475, 1.59143], [-0.75058, 1.36389, 1.42819, 2.83915, -0.81948, -0.543, 1.74204], [-0.63987, 1.41719, 1.48461, 2.55019, -0.965, -0.67758, 1.41198], [-0.52916, 1.47049, 1.54104, 2.26124, -1.11051, -0.81215, 1.08192], [-0.41845, 1.52379, 1.59746, 1.97228, -1.25602, -0.94672, 0.75186], [-0.30775, 1.57708, 1.65389, 1.68332, -1.40154, -1.0813, 0.42181], [-0.19704, 1.63038, 1.71031, 1.39436, -1.54705, -1.21587, 0.09175], [-0.08633, 1.68368, 1.76674, 1.1054, -1.69256, -1.35044, -0.23831], [0.02438, 1.73698, 1.82316, 0.81645, -1.83807, -1.48502, -0.56837]]
end: [0.077030000000000001, 1.76233, 1.8500000000000001, 0.67901, -1.9072800000000001, -1.5490200000000001, -0.72535000000000005]
obtacles: [[[0.6, -0.4, -0.2], [1.0, 0.6, -0.3]], [[0.8, -0.1, -0.2], [1.1, -0.0, 0.5]], [[0.8, 0.4, -0.2], [1.1, 0.5, 0.5]], [[0.8, -0.1, 0.5], [1.1, 0.5, 0.6]]]
start: [-0.78713, 1.6760299999999999, 1.8500000000000001, 1.0300499999999999, -1.80803, -1.3889, -0.20638999999999999]
tajectories: [[-0.78713, 1.67603, 1.85, 1.03005, -1.80803, -1.3889, -0.20639], [-0.75767, 1.37107, 1.92073, 1.02662, -1.85269, -1.01472, -0.11094], [-0.7282, 1.06611, 1.99145, 1.02319, -1.89734, -0.64054, -0.01549], [-0.69874, 0.76115, 2.06218, 1.01976, -1.942, -0.26636, 0.07996], [-0.67865, 0.55315, 2.11042, 1.01742, -1.97246, -0.01114, 0.14507], [-0.58719, 0.60398, 1.95426, 1.22468, -1.71968, -0.22291, -0.10587], [-0.49574, 0.65482, 1.79811, 1.43193, -1.4669, -0.43468, -0.35681], [-0.40428, 0.70566, 1.64196, 1.63919, -1.21412, -0.64645, -0.60774], [-0.31282, 0.75649, 1.4858, 1.84644, -0.96134, -0.85822, -0.85868], [-0.24478, 0.79432, 1.36962, 2.00064, -0.77327, -1.01577, -1.04538], [-0.21222, 1.07535, 1.49693, 1.78636, -1.08274, -1.12505, -1.0342], [-0.17966, 1.35639, 1.62423, 1.57208, -1.39221, -1.23432, -1.02303], [-0.1471, 1.63743, 1.75153, 1.3578, -1.70167, -1.3436, -1.01185]]
end: [-0.12192, 1.8548100000000001, 1.8500000000000001, 1.1920599999999999, -1.9410499999999999, -1.4281200000000001, -1.0032099999999999]
obtacles: [[[0.6, -0.4, -0.2], [1.0, 0.6, -0.3]], [[0.8, -0.1, -0.2], [1.1, -0.0, 0.5]], [[0.8, 0.4, -0.2], [1.1, 0.5, 0.5]], [[0.8, -0.1, 0.5], [1.1, 0.5, 0.6]]]
start: [-0.42535000000000001, 1.70323, 2.4500000000000002, 0.99553000000000003, -2.2649300000000001, -0.96579999999999999, -0.28300999999999998]
tajectories: [[-0.42535, 1.70323, 2.45, 0.99553, -2.26493, -0.9658, -0.28301], [-0.52596, 1.77725, 2.54753, 1.34247, -2.34277, -1.04687, -0.58614], [-0.59006, 1.82441, 2.60968, 1.56353, -2.39236, -1.09852, -0.77928], [-0.2472, 1.82854, 2.43136, 1.6795, -2.3775, -0.99175, -0.91778], [-0.25301, 1.78617, 2.1881, 1.38614, -2.29291, -1.30124, -0.91846], [-0.25445, 1.77562, 2.12747, 1.31303, -2.27183, -1.37837, -0.91863]]
end: [-0.17579, 1.96898, 2.0, 1.41475, -2.0566900000000001, -1.24647, -1.07002]
obtacles: [[[0.6, -0.4, -0.2], [1.0, 0.6, -0.3]], [[0.8, -0.1, -0.2], [1.1, -0.0, 0.5]], [[0.8, 0.4, -0.2], [1.1, 0.5, 0.5]], [[0.8, -0.1, 0.5], [1.1, 0.5, 0.6]]]
start: [-0.82377999999999996, 1.76301, 2.0, 1.0340199999999999, -1.96669, -1.3146599999999999, -0.11656999999999999]
tajectories: [[-0.82378, 1.76301, 2.0, 1.03402, -1.96669, -1.31466, -0.11657], [-0.98059, 1.44599, 2.02809, 1.18885, -2.27176, -1.23321, -0.09545], [-1.13739, 1.12897, 2.05619, 1.34368, -2.57683, -1.15176, -0.07433], [-1.2942, 0.81195, 2.08428, 1.49851, -2.88191, -1.07031, -0.05321], [-1.451, 0.49493, 2.11238, 1.65334, -3.18698, -0.98886, -0.03209], [-1.60781, 0.17791, 2.14047, 1.80817, -3.49205, -0.90741, -0.01097], [-1.76461, -0.13911, 2.16856, 1.963, -3.79712, -0.82597, 0.01015], [-1.89714, -0.40705, 2.19231, 2.09386, -4.05497, -0.75713, 0.028], [-1.5612, -0.11641, 2.12793, 2.16039, -3.93753, -0.86029, -0.11224], [-1.22526, 0.17423, 2.06356, 2.22692, -3.8201, -0.96345, -0.25248], [-0.88932, 0.46488, 1.99919, 2.29345, -3.70267, -1.06661, -0.39272], [-0.55337, 0.75552, 1.93481, 2.35998, -3.58524, -1.16977, -0.53296], [-0.21743, 1.04616, 1.87044, 2.42651, -3.46781, -1.27293, -0.6732], [0.11851, 1.3368, 1.80607, 2.49304, -3.35038, -1.3761, -0.81344], [0.45446, 1.62745, 1.74169, 2.55957, -3.23294, -1.47926, -0.95367], [0.68267, 1.82489, 1.69796, 2.60476, -3.15317, -1.54934, -1.04894], [0.48224, 1.86179, 1.7379, 2.26047, -2.85827, -1.51816, -1.06882], [0.2818, 1.89868, 1.77783, 1.91618, -2.56337, -1.48698, -1.0887], [0.08136, 1.93558, 1.81777, 1.57189, -2.26847, -1.45581, -1.10858]]
end: [-0.080399999999999999, 1.96536, 1.8500000000000001, 1.2940199999999999, -2.0304600000000002, -1.43065, -1.12462]
obtacles: [[[0.6, -0.4, -0.2], [1.0, 0.6, -0.3]], [[0.8, -0.1, -0.2], [1.1, -0.0, 0.5]], [[0.8, 0.4, -0.2], [1.1, 0.5, 0.5]], [[0.8, -0.1, 0.5], [1.1, 0.5, 0.6]]]
start: [-0.59069000000000005, 1.76763, 2.0, 0.4657, -2.0403500000000001, -1.5622799999999999, 0.17007]
tajectories: [[-0.59069, 1.76763, 2.0, 0.4657, -2.04035, -1.56228, 0.17007], [-0.85254, 1.69707, 1.90477, 0.75825, -1.88382, -1.35716, 0.04665], [-1.11438, 1.62651, 1.80955, 1.0508, -1.7273, -1.15205, -0.07677], [-1.37623, 1.55595, 1.71432, 1.34335, -1.57077, -0.94693, -0.20018], [-1.63808, 1.4854, 1.6191, 1.6359, -1.41425, -0.74182, -0.3236], [-1.76317, 1.45169, 1.57361, 1.77566, -1.33948, -0.64383, -0.38256], [-1.35762, 1.47284, 1.75515, 1.88372, -1.46283, -0.67648, -0.53801], [-0.95206, 1.49398, 1.93669, 1.99177, -1.58618, -0.70913, -0.69347], [-0.54651, 1.51513, 2.11823, 2.09983, -1.70953, -0.74177, -0.84893], [-0.41135, 1.52218, 2.17873, 2.13584, -1.75064, -0.75265, -0.90074], [-0.26916, 1.66987, 2.11875, 1.76702, -1.87744, -0.98113, -0.90833], [-0.12697, 1.81757, 2.05878, 1.39819, -2.00423, -1.20961, -0.91592]]
end: [0.01239, 1.96231, 2.0, 1.0367200000000001, -2.1284999999999998, -1.4335199999999999, -0.92335999999999996]
obtacles: [[[0.6, -0.4, -0.2], [1.0, 0.6, -0.3]], [[0.8, -0.1, -0.2], [1.1, -0.0, 0.5]], [[0.8, 0.4, -0.2], [1.1, 0.5, 0.5]], [[0.8, -0.1, 0.5], [1.1, 0.5, 0.6]]]
start: [-0.58331, 1.7356799999999999, 2.0, 0.92074999999999996, -1.97068, -1.34135, -0.25473000000000001]
tajectories: [[-0.58331, 1.73568, 2.0, 0.92075, -1.97068, -1.34135, -0.25473], [-0.68992, 1.64318, 2.12158, 1.37752, -2.04707, -1.33336, -0.22725], [-0.75349, 1.58803, 2.19408, 1.64989, -2.09262, -1.3286, -0.21086], [-0.85359, 1.7928, 2.09015, 2.02907, -2.275, -1.24689, -0.27035], [-0.86954, 1.82544, 2.07358, 2.08952, -2.30408, -1.23386, -0.27984], [-0.60962, 1.79893, 1.83822, 1.84537, -2.24047, -1.12184, -0.50375], [-0.34969, 1.77242, 1.60286, 1.60121, -2.17686, -1.00982, -0.72766], [-0.30885, 1.76825, 1.56588, 1.56285, -2.16686, -0.99223, -0.76284], [-0.13883, 1.79988, 1.85169, 1.38996, -2.01802, -1.15589, -1.00691]]
end: [-0.050610000000000002, 1.8163, 2.0, 1.3002400000000001, -1.9407799999999999, -1.24081, -1.13357]
obtacles: [[[0.6, -0.4, -0.2], [1.0, 0.6, -0.3]], [[0.8, -0.1, -0.2], [1.1, -0.0, 0.5]], [[0.8, 0.4, -0.2], [1.1, 0.5, 0.5]], [[0.8, -0.1, 0.5], [1.1, 0.5, 0.6]]]
start: [2.5313699999999999, -1.94089, -1.1499999999999999, 0.78908, -2.12358, -1.5553399999999999, -0.094570000000000001]
tajectories: [[2.53137, -1.94089, -1.15, 0.78908, -2.12358, -1.55534, -0.09457], [2.43401, -1.55331, -0.97637, 0.72433, -2.11777, -1.31941, -0.11094], [2.33664, -1.16574, -0.80273, 0.65958, -2.11197, -1.08348, -0.1273], [2.23928, -0.77816, -0.6291, 0.59483, -2.10616, -0.84755, -0.14367], [2.14191, -0.39059, -0.45546, 0.53008, -2.10035, -0.61163, -0.16004], [2.04454, -0.00301, -0.28183, 0.46534, -2.09454, -0.3757, -0.1764], [1.94718, 0.38456, -0.10819, 0.40059, -2.08873, -0.13977, -0.19277], [1.87502, 0.67181, 0.02049, 0.3526, -2.08443, 0.03508, -0.2049], [1.7617, 0.5788, 0.04265, 0.46866, -1.81742, 0.29107, -0.48369], [1.64838, 0.48579, 0.0648, 0.58473, -1.5504, 0.54706, -0.76247], [1.53506, 0.39278, 0.08696, 0.70079, -1.28339, 0.80304, -1.04126], [1.42175, 0.29977, 0.10911, 0.81686, -1.01638, 1.05903, -1.32005], [1.30843, 0.20677, 0.13127, 0.93292, -0.74937, 1.31502, -1.59883], [1.24042, 0.15094, 0.14456, 1.00259, -0.5891, 1.46866, -1.76616], [1.11434, 0.43527, -0.18488, 1.0927, -0.75784, 1.48395, -1.85504], [0.98827, 0.7196, -0.51433, 1.18281, -0.92659, 1.49924, -1.94392], [0.86219, 1.00394, -0.84377, 1.27291, -1.09533, 1.51452, -2.0328], [0.73612, 1.28827, -1.17322, 1.36302, -1.26407, 1.52981, -2.12168], [0.61004, 1.5726, -1.50266, 1.45313, -1.43281, 1.5451, -2.21056]]
end: [0.57279000000000002, 1.6566099999999999, -1.6000000000000001, 1.4797499999999999, -1.4826699999999999, 1.54962, -2.2368199999999998]
obtacles: [[[0.6, -0.4, -0.2], [1.0, 0.6, -0.3]], [[0.8, -0.1, -0.2], [1.1, -0.0, 0.5]], [[0.8, 0.4, -0.2], [1.1, 0.5, 0.5]], [[0.8, -0.1, 0.5], [1.1, 0.5, 0.6]]]
start: [0.046649999999999997, 1.4710700000000001, -1.6000000000000001, 1.2807500000000001, -1.6581399999999999, 1.5144500000000001, -1.90357]
tajectories: [[0.04665, 1.47107, -1.6, 1.28075, -1.65814, 1.51445, -1.90357], [0.01129, 1.41813, -1.8566, 1.65712, -1.66185, 1.33338, -1.8284], [5e-05, 1.40129, -1.93824, 1.77687, -1.66303, 1.27577, -1.80448], [0.22611, 1.41184, -2.00885, 1.93325, -1.49786, 1.43972, -2.14386], [0.31439, 1.41596, -2.03642, 1.99431, -1.43336, 1.50374, -2.27639], [0.49435, 1.63104, -2.34554, 1.73985, -1.42764, 1.47634, -2.37775], [0.61096, 1.77042, -2.54586, 1.57495, -1.42394, 1.45859, -2.44344], [0.6197, 1.75503, -2.06367, 1.45184, -1.4037, 1.49847, -2.43776]]
end: [0.62719000000000003, 1.74183, -1.6499999999999999, 1.34622, -1.3863300000000001, 1.53268, -2.4328799999999999]
obtacles: [[[0.6, -0.4, -0.2], [1.0, 0.6, -0.3]], [[0.8, -0.1, -0.2], [1.1, -0.0, 0.5]], [[0.8, 0.4, -0.2], [1.1, 0.5, 0.5]], [[0.8, -0.1, 0.5], [1.1, 0.5, 0.6]]]
start: [0.13661000000000001, 1.4313499999999999, -1.6499999999999999, 1.24092, -1.67788, 1.45136, -2.0253399999999999]
tajectories: [[0.13661, 1.43135, -1.65, 1.24092, -1.67788, 1.45136, -2.02534], [0.2523, 1.13291, -1.46057, 1.50751, -1.47895, 1.41989, -2.01943], [0.36798, 0.83447, -1.27115, 1.7741, -1.28002, 1.38842, -2.01351], [0.48366, 0.53603, -1.08172, 2.04069, -1.08109, 1.35695, -2.0076], [0.59934, 0.2376, -0.8923, 2.30728, -0.88215, 1.32548, -2.00169], [0.64056, 0.13127, -0.82481, 2.40226, -0.81128, 1.31426, -1.99958], [0.99943, 0.40563, -0.95527, 2.47228, -0.81752, 1.16001, -2.01308], [1.3583, 0.67999, -1.08573, 2.5423, -0.82376, 1.00575, -2.02658], [1.71717, 0.95435, -1.2162, 2.61232, -0.83, 0.8515, -2.04008], [2.06117, 1.21734, -1.34125, 2.67944, -0.83598, 0.70363, -2.05303], [1.80532, 1.31281, -1.40613, 2.36494, -0.96445, 0.87854, -2.21179], [1.54947, 1.40829, -1.471, 2.05044, -1.09292, 1.05346, -2.37056], [1.29363, 1.50376, -1.53588, 1.73593, -1.22139, 1.22837, -2.52933], [1.03778, 1.59924, -1.60076, 1.42143, -1.34986, 1.40328, -2.68809]]
end: [0.84357000000000004, 1.67171, -1.6499999999999999, 1.1827099999999999, -1.44737, 1.5360499999999999, -2.8086099999999998]
obtacles: [[[0.6, -0.4, -0.2], [1.0, 0.6, -0.3]], [[0.8, -0.1, -0.2], [1.1, -0.0, 0.5]], [[0.8, 0.4, -0.2], [1.1, 0.5, 0.5]], [[0.8, -0.1, 0.5], [1.1, 0.5, 0.6]]]
start: [0.010659999999999999, 1.7242, -2.1000000000000001, 1.1756, -1.1985300000000001, 1.1574899999999999, -2.0972]
tajectories: [[0.01066, 1.7242, -2.1, 1.1756, -1.19853, 1.15749, -2.0972], [0.16761, 1.60079, -1.85406, 1.34589, -0.89692, 1.03477, -2.21813], [0.32457, 1.47738, -1.60813, 1.51618, -0.59532, 0.91205, -2.33907], [0.48153, 1.35398, -1.36219, 1.68647, -0.29371, 0.78933, -2.46], [0.63848, 1.23057, -1.11625, 1.85676, 0.0079, 0.66661, -2.58093], [0.689, 1.19085, -1.03709, 1.91157, 0.10497, 0.62711, -2.61985], [0.8899, 1.18757, -1.25965, 1.92676, 0.43303, 0.8142, -2.48855], [1.0908, 1.18429, -1.48221, 1.94196, 0.76109, 1.00129, -2.35725], [1.2917, 1.18101, -1.70477, 1.95715, 1.08915, 1.18838, -2.22596], [1.33777, 1.18026, -1.75581, 1.96064, 1.1644, 1.23129, -2.19584], [1.17535, 1.32046, -1.82142, 1.83757, 0.73903, 1.22294, -2.25502], [1.01292, 1.46066, -1.88702, 1.7145, 0.31366, 1.21458, -2.3142], [0.85049, 1.60086, -1.95262, 1.59143, -0.11172, 1.20622, -2.37338], [0.68807, 1.74105, -2.01822, 1.46836, -0.53709, 1.19786, -2.43256], [0.52564, 1.88125, -2.08383, 1.34529, -0.96246, 1.1895, -2.49173]]
end: [0.48559000000000002, 1.9158200000000001, -2.1000000000000001, 1.3149500000000001, -1.06734, 1.1874400000000001, -2.5063300000000002]
obtacles: [[[0.6, -0.4, -0.2], [1.0, 0.6, -0.3]], [[0.8, -0.1, -0.2], [1.1, -0.0, 0.5]], [[0.8, 0.4, -0.2], [1.1, 0.5, 0.5]], [[0.8, -0.1, 0.5], [1.1, 0.5, 0.6]]]
start: [-0.32242999999999999, 1.6585099999999999, -2.1000000000000001, 0.55932000000000004, -1.06812, 1.3769899999999999, -2.3335300000000001]
tajectories: [[-0.32243, 1.65851, -2.1, 0.55932, -1.06812, 1.37699, -2.33353], [-0.23861, 1.6565, -1.96537, 0.87897, -1.36107, 1.28313, -2.16607], [-0.1548, 1.6545, -1.83074, 1.19861, -1.65403, 1.18927, -1.99861], [-0.07099, 1.6525, -1.69612, 1.51825, -1.94698, 1.09542, -1.83115], [0.01283, 1.65049, -1.56149, 1.8379, -2.23993, 1.00156, -1.66368], [0.09664, 1.64849, -1.42686, 2.15754, -2.53288, 0.9077, -1.49622], [0.15821, 1.64702, -1.32797, 2.39232, -2.74806, 0.83876, -1.37322], [0.38596, 1.53285, -1.24556, 2.39759, -2.5365, 0.54532, -1.59095], [0.61372, 1.41869, -1.16315, 2.40285, -2.32494, 0.25188, -1.80869], [0.84148, 1.30452, -1.08074, 2.40811, -2.11337, -0.04155, -2.02643], [1.06923, 1.19036, -0.99834, 2.41337, -1.90181, -0.33499, -2.24416], [1.29699, 1.07619, -0.91593, 2.41864, -1.69025, -0.62843, -2.4619], [1.40829, 1.0204, -0.87565, 2.42121, -1.58687, -0.77183, -2.5683], [1.25573, 1.14717, -1.05248, 2.17411, -1.49635, -0.44332, -2.61537], [1.10318, 1.27393, -1.22931, 1.92701, -1.40583, -0.1148, -2.66243], [0.95062, 1.4007, -1.40613, 1.67991, -1.31532, 0.21371, -2.70949], [0.79806, 1.52747, -1.58296, 1.43281, -1.2248, 0.54223, -2.75655], [0.6455, 1.65423, -1.75979, 1.18571, -1.13429, 0.87075, -2.80361], [0.49295, 1.781, -1.93661, 0.93861, -1.04377, 1.19926, -2.85068]]
end: [0.35199000000000003, 1.8981300000000001, -2.1000000000000001, 0.71028999999999998, -0.96013000000000004, 1.5027999999999999, -2.8941599999999998]
obtacles: [[[0.6, -0.4, -0.2], [1.0, 0.6, -0.3]], [[0.8, -0.1, -0.2], [1.1, -0.0, 0.5]], [[0.8, 0.4, -0.2], [1.1, 0.5, 0.5]], [[0.8, -0.1, 0.5], [1.1, 0.5, 0.6]]]
start: [-0.39724999999999999, 1.5031699999999999, -1.6499999999999999, -0.56637000000000004, -1.46773, 1.55613, 2.9743900000000001]
tajectories: [[-0.39725, 1.50317, -1.65, -0.56637, -1.46773, 1.55613, 2.97439], [-0.50226, 1.31305, -1.526, -0.24021, -1.61782, 1.36814, 2.82206], [-0.60728, 1.12294, -1.402, 0.08595, -1.76791, 1.18015, 2.66973], [-0.7123, 0.93282, -1.278, 0.41211, -1.918, 0.99216, 2.5174], [-0.81732, 0.74271, -1.154, 0.73827, -2.06808, 0.80418, 2.36507], [-0.92234, 0.55259, -1.03, 1.06443, -2.21817, 0.61619, 2.21273], [-1.02735, 0.36248, -0.906, 1.39059, -2.36826, 0.4282, 2.0604], [-1.13237, 0.17236, -0.782, 1.71675, -2.51835, 0.24021, 1.90807], [-1.23739, -0.01775, -0.658, 2.04291, -2.66844, 0.05222, 1.75574], [-1.34241, -0.20787, -0.534, 2.36907, -2.81853, -0.13576, 1.60341], [-1.34614, -0.21462, -0.5296, 2.38065, -2.82386, -0.14244, 1.598], [-1.29539, -0.19776, -0.55512, 2.31467, -2.96374, -0.03316, 1.13906], [-1.24464, -0.18089, -0.58065, 2.24869, -3.10363, 0.07612, 0.68012], [-1.1939, -0.16403, -0.60617, 2.18271, -3.24352, 0.1854, 0.22118], [-1.14315, -0.14717, -0.63169, 2.11673, -3.3834, 0.29468, -0.23776], [-1.0924, -0.13031, -0.65721, 2.05075, -3.52329, 0.40396, -0.6967], [-1.04204, -0.11357, -0.68254, 1.98528, -3.66211, 0.51241, -1.15214], [-0.65536, -0.16096, -0.58934, 2.06297, -3.65415, 0.62954, -1.41619], [-0.26868, -0.20834, -0.49615, 2.14067, -3.6462, 0.74667, -1.68025], [0.11801, -0.25572, -0.40295, 2.21836, -3.63825, 0.8638, -1.9443], [0.50469, -0.30311, -0.30975, 2.29606, -3.63029, 0.98093, -2.20836], [0.89138, -0.35049, -0.21655, 2.37375, -3.62234, 1.09806, -2.47241], [1.27806, -0.39787, -0.12335, 2.45145, -3.61439, 1.21518, -2.73647], [1.39174, -0.4118, -0.09595, 2.47429, -3.61205, 1.24962, -2.8141], [1.30528, -0.13578, -0.30218, 2.27597, -3.32459, 1.29075, -2.82636], [1.21882, 0.14024, -0.50841, 2.07766, -3.03712, 1.33188, -2.83862], [1.13236, 0.41626, -0.71464, 1.87934, -2.74966, 1.37302, -2.85088], [1.0459, 0.69228, -0.92087, 1.68103, -2.4622, 1.41415, -2.86314], [0.95943, 0.96831, -1.1271, 1.48271, -2.17473, 1.45528, -2.8754], [0.87297, 1.24433, -1.33332, 1.2844, -1.88727, 1.49641, -2.88766], [0.78651, 1.52035, -1.53955, 1.08608, -1.59981, 1.53754, -2.89992]]
end: [0.74019999999999997, 1.66818, -1.6499999999999999, 0.97987000000000002, -1.4458500000000001, 1.5595699999999999, -2.9064899999999998]
obtacles: [[[0.6, -0.4, -0.2], [1.0, 0.6, -0.3]], [[0.8, -0.1, -0.2], [1.1, -0.0, 0.5]], [[0.8, 0.4, -0.2], [1.1, 0.5, 0.5]], [[0.8, -0.1, 0.5], [1.1, 0.5, 0.6]]]
start: [2.45546, -1.6173999999999999, -1.55, 1.3686799999999999, -1.62063, -1.5598000000000001, -0.68179000000000001]
tajectories: [[2.45546, -1.6174, -1.55, 1.36868, -1.62063, -1.5598, -0.68179], [2.24793, -1.32169, -1.72528, 1.38218, -1.64273, -1.31986, -0.5071], [2.04039, -1.02598, -1.90056, 1.39568, -1.66483, -1.07991, -0.33241], [1.83285, -0.73027, -2.07584, 1.40917, -1.68694, -0.83997, -0.15772], [1.75383, -0.61767, -2.14258, 1.41431, -1.69535, -0.74861, -0.0912], [1.76207, -0.64325, -2.20923, 1.58472, -1.58207, -0.49445, -0.46317], [1.77031, -0.66883, -2.27588, 1.75513, -1.46879, -0.24028, -0.83515], [1.77855, -0.69441, -2.34253, 1.92553, -1.3555, 0.01388, -1.20712], [1.78679, -0.72, -2.40918, 2.09594, -1.24222, 0.26805, -1.57909], [1.79503, -0.74558, -2.47584, 2.26635, -1.12894, 0.52222, -1.95106], [1.80327, -0.77116, -2.54249, 2.43675, -1.01566, 0.77638, -2.32304], [1.81036, -0.79317, -2.59983, 2.58336, -0.9182, 0.99505, -2.64306], [1.65608, -0.40428, -2.45342, 2.38106, -0.99179, 1.0795, -2.65012], [1.50179, -0.01538, -2.307, 2.17876, -1.06538, 1.16394, -2.65718], [1.34751, 0.37351, -2.16059, 1.97646, -1.13897, 1.24839, -2.66424], [1.19322, 0.7624, -2.01417, 1.77415, -1.21256, 1.33284, -2.6713], [1.03894, 1.15129, -1.86776, 1.57185, -1.28615, 1.41729, -2.67835], [0.88465, 1.54018, -1.72134, 1.36955, -1.35974, 1.50173, -2.68541]]
end: [0.80947000000000002, 1.7296800000000001, -1.6499999999999999, 1.2709699999999999, -1.3956, 1.54288, -2.68885]
obtacles: [[[0.6, -0.4, -0.2], [1.0, 0.6, -0.3]], [[0.8, -0.1, -0.2], [1.1, -0.0, 0.5]], [[0.8, 0.4, -0.2], [1.1, 0.5, 0.5]], [[0.8, -0.1, 0.5], [1.1, 0.5, 0.6]]]
start: [-0.13678000000000001, 1.71296, -2.0499999999999998, 0.30879000000000001, -1.07254, 1.56707, -2.73176]
tajectories: [[-0.13678, 1.71296, -2.05, 0.30879, -1.07254, 1.56707, -2.73176], [-0.31721, 1.66989, -1.85101, 0.55667, -1.31238, 1.46696, -2.51497], [-0.49764, 1.62681, -1.65202, 0.80456, -1.55222, 1.36684, -2.29818], [-0.67808, 1.58373, -1.45303, 1.05245, -1.79206, 1.26672, -2.08139], [-0.85851, 1.54066, -1.25404, 1.30033, -2.03191, 1.16661, -1.8646], [-1.03894, 1.49758, -1.05505, 1.54822, -2.27175, 1.06649, -1.64782], [-1.21937, 1.45451, -0.85606, 1.7961, -2.51159, 0.96637, -1.43103], [-1.3998, 1.41143, -0.65707, 2.04399, -2.75143, 0.86626, -1.21424], [-1.48962, 1.38999, -0.55802, 2.16738, -2.87083, 0.81642, -1.10632], [-1.27448, 1.0741, -0.58706, 2.09316, -3.01479, 0.96488, -0.8722], [-1.05934, 0.75822, -0.6161, 2.01895, -3.15876, 1.11335, -0.63808], [-0.8442, 0.44234, -0.64514, 1.94473, -3.30273, 1.26181, -0.40396], [-0.62906, 0.12646, -0.67418, 1.87051, -3.4467, 1.41028, -0.16984], [-0.57338, 0.04469, -0.68169, 1.8513, -3.48396, 1.44871, -0.10925], [-0.18776, 0.1831, -0.88734, 2.00977, -3.58975, 1.46101, -0.16756], [0.19785, 0.32151, -1.09298, 2.16823, -3.69553, 1.47331, -0.22587], [0.58347, 0.45992, -1.29863, 2.3267, -3.80132, 1.4856, -0.28418], [0.96908, 0.59833, -1.50428, 2.48517, -3.9071, 1.4979, -0.34249], [1.3547, 0.73674, -1.70992, 2.64364, -4.01288, 1.5102, -0.4008], [1.74032, 0.87515, -1.91557, 2.80211, -4.11867, 1.5225, -0.45911], [1.79112, 0.89339, -1.94266, 2.82299, -4.1326, 1.52412, -0.46679], [1.62811, 1.00351, -1.95558, 2.55356, -4.13879, 1.15773, -0.40148], [1.4651, 1.11363, -1.96851, 2.28413, -4.14498, 0.79135, -0.33618], [1.30209, 1.22376, -1.98143, 2.0147, -4.15116, 0.42497, -0.27087], [1.13908, 1.33388, -1.99435, 1.74527, -4.15735, 0.05858, -0.20556], [0.97606, 1.444, -2.00727, 1.47584, -4.16353, -0.3078, -0.14026], [0.81305, 1.55412, -2.02019, 1.20641, -4.16972, -0.67419, -0.07495], [0.65004, 1.66425, -2.03311, 0.93698, -4.1759, -1.04057, -0.00965], [0.48703, 1.77437, -2.04603, 0.66755, -4.18209, -1.40696, 0.05566]]
end: [0.43697000000000003, 1.8081799999999999, -2.0499999999999998, 0.58482999999999996, -4.1839899999999997, -1.51946, 0.07571]
obtacles: [[[0.6, -0.4, -0.2], [1.0, 0.6, -0.3]], [[0.8, -0.1, -0.2], [1.1, -0.0, 0.5]], [[0.8, 0.4, -0.2], [1.1, 0.5, 0.5]], [[0.8, -0.1, 0.5], [1.1, 0.5, 0.6]]]
start: [-0.36764000000000002, 1.55477, -1.6000000000000001, -0.39489999999999997, -4.6792699999999998, -1.56724, -0.02708]
tajectories: [[-0.36764, 1.55477, -1.6, -0.3949, -4.67927, -1.56724, -0.02708], [-0.44714, 1.4035, -1.48147, -0.16465, -4.32257, -1.44226, -0.13138], [-0.52663, 1.25223, -1.36294, 0.0656, -3.96587, -1.31729, -0.23568], [-0.60613, 1.10095, -1.24441, 0.29585, -3.60917, -1.19231, -0.33997], [-0.68563, 0.94968, -1.12588, 0.5261, -3.25247, -1.06733, -0.44427], [-0.76512, 0.79841, -1.00735, 0.75635, -2.89577, -0.94236, -0.54857], [-0.84462, 0.64714, -0.88882, 0.98661, -2.53907, -0.81738, -0.65286], [-0.91088, 0.52104, -0.79002, 1.17853, -2.24174, -0.71321, -0.7398], [-1.07447, 0.59727, -0.65236, 1.3374, -2.11323, -0.91082, -0.39676], [-1.23807, 0.6735, -0.51471, 1.49626, -1.98473, -1.10844, -0.05372], [-1.40166, 0.74973, -0.37706, 1.65513, -1.85623, -1.30606, 0.28932], [-1.56525, 0.82595, -0.23941, 1.81399, -1.72773, -1.50368, 0.63235], [-1.59164, 0.83825, -0.2172, 1.83962, -1.707, -1.53556, 0.68769], [-1.1329, 0.8695, -0.23883, 1.80346, -1.87317, -1.52837, 0.59208], [-0.67416, 0.90075, -0.26045, 1.7673, -2.03934, -1.52117, 0.49647], [-0.21542, 0.93201, -0.28207, 1.73114, -2.20552, -1.51398, 0.40086], [0.24332, 0.96326, -0.3037, 1.69498, -2.37169, -1.50679, 0.30525], [0.70206, 0.99451, -0.32532, 1.65882, -2.53786, -1.4996, 0.20964], [1.16079, 1.02576, -0.34694, 1.62266, -2.70403, -1.49241, 0.11403], [1.41142, 1.04283, -0.35876, 1.60291, -2.79481, -1.48848, 0.06179], [1.26188, 1.19745, -0.63224, 1.51103, -3.13226, -1.50081, 0.14226], [1.11234, 1.35207, -0.90573, 1.41915, -3.46971, -1.51314, 0.22272], [0.9628, 1.50669, -1.17921, 1.32726, -3.80715, -1.52547, 0.30318], [0.81326, 1.6613, -1.45269, 1.23538, -4.1446, -1.53781, 0.38364]]
end: [0.67803999999999998, 1.8011200000000001, -1.7, 1.15229, -4.4497499999999999, -1.5489599999999999, 0.45639999999999997]
obtacles: [[[0.6, -0.4, -0.2], [1.0, 0.6, -0.3]], [[0.8, -0.1, -0.2], [1.1, -0.0, 0.5]], [[0.8, 0.4, -0.2], [1.1, 0.5, 0.5]], [[0.8, -0.1, 0.5], [1.1, 0.5, 0.6]]]
start: [-0.43718000000000001, 1.8533999999999999, 1.95, 0.68991000000000002, -2.0394800000000002, -1.55962, -0.19547999999999999]
tajectories: [[-0.43718, 1.8534, 1.95, 0.68991, -2.03948, -1.55962, -0.19548], [-0.60598, 1.74088, 2.05293, 1.03998, -1.997, -1.54176, 0.07577], [-0.77479, 1.62836, 2.15586, 1.39005, -1.95452, -1.52391, 0.34703], [-0.94359, 1.51585, 2.25879, 1.74012, -1.91204, -1.50605, 0.61828], [-1.04728, 1.44673, 2.32202, 1.95517, -1.88595, -1.49508, 0.78491], [-0.95334, 1.61351, 1.95198, 1.96968, -2.09947, -1.3858, 0.64821], [-0.8594, 1.7803, 1.58195, 1.98419, -2.31299, -1.27652, 0.5115], [-0.78795, 1.90713, 1.30055, 1.99522, -2.47536, -1.19342, 0.40754], [-0.67172, 1.92502, 1.47371, 1.86052, -2.33825, -1.22, -0.00299], [-0.55548, 1.9429, 1.64687, 1.72583, -2.20114, -1.24658, -0.41352], [-0.43925, 1.96078, 1.82003, 1.59113, -2.06402, -1.27317, -0.82405]]
end: [-0.38557000000000002, 1.9690399999999999, 1.8999999999999999, 1.5289200000000001, -2.0007000000000001, -1.2854399999999999, -1.0136400000000001]
obtacles: [[[0.6, -0.4, -0.2], [1.0, 0.6, -0.3]], [[0.8, -0.1, -0.2], [1.1, -0.0, 0.5]], [[0.8, 0.4, -0.2], [1.1, 0.5, 0.5]], [[0.8, -0.1, 0.5], [1.1, 0.5, 0.6]]]
start: [-0.76502000000000003, 1.6853100000000001, 1.8999999999999999, 1.25905, -1.7878000000000001, -1.29674, -0.44495000000000001]
tajectories: [[-0.76502, 1.68531, 1.9, 1.25905, -1.7878, -1.29674, -0.44495], [-0.90313, 1.64788, 1.81789, 1.15039, -2.12535, -0.98811, -0.48724], [-1.04124, 1.61045, 1.73579, 1.04174, -2.4629, -0.67949, -0.52954], [-1.17935, 1.57303, 1.65368, 0.93309, -2.80045, -0.37087, -0.57184], [-1.31746, 1.5356, 1.57157, 0.82444, -3.13801, -0.06225, -0.61414], [-1.45557, 1.49817, 1.48947, 0.71578, -3.47556, 0.24638, -0.65643], [-1.4939, 1.48778, 1.46668, 0.68563, -3.56925, 0.33204, -0.66817], [-1.38741, 1.52095, 1.65524, 1.04991, -3.62858, 0.33542, -0.41172], [-1.28092, 1.55413, 1.84381, 1.4142, -3.6879, 0.33879, -0.15527], [-1.17443, 1.5873, 2.03237, 1.77849, -3.74723, 0.34216, 0.10117], [-1.06794, 1.62047, 2.22094, 2.14277, -3.80655, 0.34554, 0.35762], [-0.96145, 1.65365, 2.40951, 2.50706, -3.86588, 0.34891, 0.61407], [-0.8808, 1.67877, 2.55231, 2.78295, -3.91081, 0.35147, 0.80829], [-0.76876, 1.69273, 2.46643, 2.5385, -3.65155, 0.11488, 0.59164], [-0.65671, 1.70669, 2.38055, 2.29406, -3.3923, -0.12171, 0.37499], [-0.54467, 1.72065, 2.29467, 2.04961, -3.13305, -0.3583, 0.15835], [-0.43263, 1.73461, 2.20879, 1.80516, -2.8738, -0.59488, -0.0583], [-0.32058, 1.74857, 2.12291, 1.56072, -2.61455, -0.83147, -0.27495], [-0.20854, 1.76253, 2.03703, 1.31627, -2.3553, -1.06806, -0.4916], [-0.0965, 1.77649, 1.95114, 1.07182, -2.09605, -1.30464, -0.70825]]
end: [-0.029770000000000001, 1.7847999999999999, 1.8999999999999999, 0.92625000000000002, -1.9416599999999999, -1.44554, -0.83726999999999996]
obtacles: [[[0.6, -0.4, -0.2], [1.0, 0.6, -0.3]], [[0.8, -0.1, -0.2], [1.1, -0.0, 0.5]], [[0.8, 0.4, -0.2], [1.1, 0.5, 0.5]], [[0.8, -0.1, 0.5], [1.1, 0.5, 0.6]]]
start: [2.5402200000000001, -1.8668199999999999, 2.6000000000000001, -0.51307000000000003, -2.6196299999999999, 1.4220900000000001, -2.7989600000000001]
tajectories: [[2.54022, -1.86682, 2.6, -0.51307, -2.61963, 1.42209, -2.79896], [2.28332, -1.61964, 2.49419, -0.38988, -2.35004, 1.27079, -2.76805], [2.02642, -1.37246, 2.38837, -0.26669, -2.08044, 1.11948, -2.73713], [1.76952, -1.12528, 2.28256, -0.1435, -1.81084, 0.96817, -2.70622], [1.51262, -0.8781, 2.17675, -0.02031, -1.54125, 0.81687, -2.67531], [1.25572, -0.63092, 2.07093, 0.10288, -1.27165, 0.66556, -2.64439], [0.99882, -0.38373, 1.96512, 0.22607, -1.00206, 0.51425, -2.61348], [0.74192, -0.13655, 1.85931, 0.34926, -0.73246, 0.36295, -2.58256], [0.48502, 0.11063, 1.75349, 0.47245, -0.46286, 0.21164, -2.55165], [0.33398, 0.25594, 1.69129, 0.54488, -0.30437, 0.12269, -2.53348], [0.17602, 0.52801, 1.81552, 0.84132, -0.28272, 0.25044, -2.35762], [0.01805, 0.80008, 1.93975, 1.13775, -0.26107, 0.3782, -2.18177], [-0.13992, 1.07215, 2.06399, 1.43419, -0.23942, 0.50595, -2.00591], [-0.29789, 1.34422, 2.18822, 1.73063, -0.21777, 0.6337, -1.83006], [-0.45585, 1.61629, 2.31246, 2.02707, -0.19613, 0.76146, -1.65421], [-0.4589, 1.62154, 2.31485, 2.03278, -0.19571, 0.76392, -1.65082], [-0.36467, 1.65224, 2.35159, 1.83378, -0.50804, 0.48036, -1.50497], [-0.27044, 1.68295, 2.38834, 1.63478, -0.82037, 0.1968, -1.35912], [-0.17621, 1.71365, 2.42508, 1.43579, -1.1327, -0.08676, -1.21328], [-0.08198, 1.74436, 2.46182, 1.23679, -1.44503, -0.37032, -1.06743], [0.01224, 1.77507, 2.49856, 1.03779, -1.75736, -0.65388, -0.92159], [0.10647, 1.80577, 2.53531, 0.83879, -2.06969, -0.93744, -0.77574], [0.2007, 1.83648, 2.57205, 0.63979, -2.38202, -1.221, -0.62989]]
end: [0.27238000000000001, 1.8598399999999999, 2.6000000000000001, 0.48841000000000001, -2.6196199999999998, -1.4367099999999999, -0.51895000000000002]
obtacles: [[[0.6, -0.4, -0.2], [1.0, 0.6, -0.3]], [[0.8, -0.1, -0.2], [1.1, -0.0, 0.5]], [[0.8, 0.4, -0.2], [1.1, 0.5, 0.5]], [[0.8, -0.1, 0.5], [1.1, 0.5, 0.6]]]
start: [-0.55611999999999995, 1.7286999999999999, 2.6000000000000001, 0.63934999999999997, -2.5591499999999998, -1.1823699999999999, 0.21734000000000001]
tajectories: [[-0.55612, 1.7287, 2.6, 0.63935, -2.55915, -1.18237, 0.21734], [-0.65637, 1.77261, 2.4236, 0.90682, -2.52717, -1.19243, -0.14905], [-0.75662, 1.81652, 2.24721, 1.17429, -2.49519, -1.20249, -0.51544], [-0.85687, 1.86042, 2.07081, 1.44176, -2.46321, -1.21255, -0.88183], [-0.86696, 1.86484, 2.05305, 1.46869, -2.45999, -1.21356, -0.91872], [-0.51698, 1.80904, 2.10001, 1.7391, -2.27692, -1.31092, -0.84074], [-0.167, 1.75323, 2.14697, 2.0095, -2.09385, -1.40829, -0.76276], [-0.01487, 1.72897, 2.16738, 2.12704, -2.01428, -1.45061, -0.72886], [-0.05816, 1.8402, 2.29904, 1.75328, -2.1571, -1.20987, -0.7481], [-0.10144, 1.95143, 2.43069, 1.37951, -2.29991, -0.96913, -0.76734]]
end: [-0.10779, 1.9677500000000001, 2.4500000000000002, 1.3247100000000001, -2.3208600000000001, -0.93383000000000005, -0.77015999999999996]
obtacles: [[[0.6, -0.4, -0.2], [1.0, 0.6, -0.3]], [[0.8, -0.1, -0.2], [1.1, -0.0, 0.5]], [[0.8, 0.4, -0.2], [1.1, 0.5, 0.5]], [[0.8, -0.1, 0.5], [1.1, 0.5, 0.6]]]
start: [-0.48454999999999998, 1.78996, 2.4500000000000002, 0.96950999999999998, -2.34158, -1.05071, -0.16652]
tajectories: [[-0.48455, 1.78996, 2.45, 0.96951, -2.34158, -1.05071, -0.16652], [-0.57299, 1.57794, 2.54295, 1.04552, -2.28326, -1.15496, -0.57706], [-0.66144, 1.36591, 2.63589, 1.12152, -2.22493, -1.25922, -0.98759], [-0.68483, 1.30985, 2.66047, 1.14162, -2.2095, -1.28679, -1.09614], [-0.43761, 1.17384, 2.47597, 1.31946, -2.30925, -1.04056, -0.91138], [-0.31147, 1.10445, 2.38183, 1.41021, -2.36015, -0.91493, -0.8171], [-0.2917, 1.40828, 2.51132, 1.66942, -2.62504, -0.96923, -0.83204], [-0.28023, 1.58457, 2.58645, 1.81982, -2.77875, -1.00074, -0.84071], [-0.17809, 1.81992, 2.50194, 1.52155, -2.48863, -0.95237, -0.8012]]
end: [-0.11531, 1.9645600000000001, 2.4500000000000002, 1.3382400000000001, -2.31033, -0.92264000000000002, -0.77692000000000005]
obtacles: [[[0.6, -0.4, -0.2], [1.0, 0.6, -0.3]], [[0.8, -0.1, -0.2], [1.1, -0.0, 0.5]], [[0.8, 0.4, -0.2], [1.1, 0.5, 0.5]], [[0.8, -0.1, 0.5], [1.1, 0.5, 0.6]]]
start: [2.6151900000000001, -1.90856, 2.25, -0.83784000000000003, 0.85160000000000002, -1.35025, -0.10791000000000001]
tajectories: [[2.61519, -1.90856, 2.25, -0.83784, 0.8516, -1.35025, -0.10791], [2.3558, -1.73981, 2.2386, -0.47446, 0.86424, -1.27251, 0.01804], [2.09641, -1.57105, 2.22719, -0.11109, 0.87688, -1.19478, 0.14399], [1.83702, -1.4023, 2.21579, 0.25229, 0.88952, -1.11705, 0.26994], [1.57762, -1.23355, 2.20438, 0.61567, 0.90216, -1.03931, 0.39589], [1.31823, -1.0648, 2.19298, 0.97904, 0.9148, -0.96158, 0.52184], [1.20067, -0.98832, 2.18781, 1.14372, 0.92053, -0.92635, 0.57892], [0.96577, -1.10674, 2.1867, 1.2172, 0.79712, -0.72414, 0.92429], [0.73086, -1.22516, 2.18559, 1.29068, 0.67372, -0.52193, 1.26965], [0.49595, -1.34358, 2.18448, 1.36417, 0.55031, -0.31972, 1.61501], [0.26104, -1.462, 2.18337, 1.43765, 0.42691, -0.1175, 1.96038], [0.25226, -1.46642, 2.18333, 1.44039, 0.42229, -0.10995, 1.97328], [0.11216, -1.07541, 2.24276, 1.57476, 0.46037, 0.01257, 2.17187], [-0.02795, -0.68441, 2.30219, 1.70912, 0.49844, 0.1351, 2.37046], [-0.16805, -0.2934, 2.36161, 1.84349, 0.53651, 0.25762, 2.56905], [-0.30816, 0.09761, 2.42104, 1.97785, 0.57458, 0.38014, 2.76763], [-0.43792, 0.45976, 2.47608, 2.1023, 0.60985, 0.49362, 2.95157], [-0.34887, 0.81972, 2.39833, 1.93471, 0.70887, 0.64424, 2.73738], [-0.25982, 1.17968, 2.32057, 1.76712, 0.8079, 0.79486, 2.5232], [-0.17077, 1.53964, 2.24281, 1.59954, 0.90693, 0.94547, 2.30901], [-0.08172, 1.89959, 2.16505, 1.43195, 1.00596, 1.09609, 2.09483]]
end: [-0.064490000000000006, 1.9692700000000001, 2.1499999999999999, 1.39951, 1.0251300000000001, 1.1252500000000001, 2.0533700000000001]
obtacles: [[[0.6, -0.4, -0.2], [1.0, 0.6, -0.3]], [[0.8, -0.1, -0.2], [1.1, -0.0, 0.5]], [[0.8, 0.4, -0.2], [1.1, 0.5, 0.5]], [[0.8, -0.1, 0.5], [1.1, 0.5, 0.6]]]
start: [-0.55472999999999995, 1.8026, 2.2000000000000002, 0.38728000000000001, 0.90573000000000004, 1.5671999999999999, -2.89717]
tajectories: [[-0.55473, 1.8026, 2.2, 0.38728, 0.90573, 1.5672, -2.89717], [-0.72506, 1.7349, 2.10051, 0.33089, 0.88321, 1.52433, -2.44886], [-0.89539, 1.66719, 2.00101, 0.2745, 0.86069, 1.48145, -2.00056], [-1.06572, 1.59948, 1.90152, 0.2181, 0.83817, 1.43858, -1.55225], [-1.23605, 1.53177, 1.80203, 0.16171, 0.81564, 1.3957, -1.10394], [-1.40638, 1.46406, 1.70253, 0.10532, 0.79312, 1.35282, -0.65564], [-1.57671, 1.39635, 1.60304, 0.04893, 0.7706, 1.30995, -0.20733], [-1.72212, 1.33855, 1.5181, 0.00079, 0.75137, 1.27334, 0.1754], [-1.60664, 1.27445, 1.48362, 0.4415, 0.74124, 1.24596, 0.36588], [-1.49116, 1.21036, 1.44915, 0.88222, 0.73111, 1.21859, 0.55637], [-1.37568, 1.14626, 1.41467, 1.32293, 0.72099, 1.19121, 0.74685], [-1.2602, 1.08216, 1.38019, 1.76365, 0.71086, 1.16383, 0.93733], [-1.14472, 1.01806, 1.34571, 2.20437, 0.70073, 1.13645, 1.12782], [-1.06213, 0.97222, 1.32106, 2.51956, 0.69348, 1.11687, 1.26405], [-0.86693, 1.20421, 1.53123, 2.27515, 0.78597, 1.09458, 1.47646], [-0.67172, 1.4362, 1.7414, 2.03074, 0.87846, 1.07229, 1.68887], [-0.47652, 1.66818, 1.95157, 1.78633, 0.97095, 1.05, 1.90128], [-0.28132, 1.90017, 2.16175, 1.54193, 1.06344, 1.02771, 2.1137]]
end: [-0.24578, 1.9423900000000001, 2.2000000000000002, 1.4974400000000001, 1.0802700000000001, 1.02366, 2.1523599999999998]
obtacles: [[[0.6, -0.4, -0.2], [1.0, 0.6, -0.3]], [[0.8, -0.1, -0.2], [1.1, -0.0, 0.5]], [[0.8, 0.4, -0.2], [1.1, 0.5, 0.5]], [[0.8, -0.1, 0.5], [1.1, 0.5, 0.6]]]
start: [-0.51778000000000002, 1.8445400000000001, 2.2000000000000002, 1.1443000000000001, -2.12385, -1.1549100000000001, -0.41732999999999998]
tajectories: [[-0.51778, 1.84454, 2.2, 1.1443, -2.12385, -1.15491, -0.41733], [-0.57578, 1.50641, 2.29583, 0.95679, -1.92497, -1.12727, -0.6356], [-0.63378, 1.16828, 2.39167, 0.76929, -1.72609, -1.09962, -0.85387], [-0.69178, 0.83015, 2.4875, 0.58178, -1.52721, -1.07198, -1.07215], [-0.74977, 0.49201, 2.58333, 0.39427, -1.32833, -1.04433, -1.29042], [-0.7647, 0.40498, 2.608, 0.34601, -1.27714, -1.03722, -1.34661], [-0.71014, 0.41725, 2.58357, 0.45866, -1.68399, -0.9297, -1.10892], [-0.65558, 0.42953, 2.55914, 0.5713, -2.09084, -0.82218, -0.87123], [-0.60102, 0.4418, 2.53471, 0.68395, -2.4977, -0.71466, -0.63354], [-0.54646, 0.45408, 2.51029, 0.7966, -2.90455, -0.60714, -0.39585], [-0.50426, 0.46357, 2.49139, 0.88372, -3.2192, -0.52398, -0.21203], [-0.28501, 0.62062, 2.49081, 1.09337, -3.25499, -0.5407, -0.57499], [-0.06575, 0.77767, 2.49023, 1.30303, -3.29078, -0.55742, -0.93796], [0.15351, 0.93472, 2.48965, 1.51268, -3.32657, -0.57413, -1.30093], [0.30914, 1.0462, 2.48924, 1.6615, -3.35198, -0.586, -1.55858], [0.25366, 1.27504, 2.40869, 1.50466, -3.02004, -0.75535, -1.40174], [0.19819, 1.50388, 2.32814, 1.34783, -2.68809, -0.9247, -1.2449], [0.14271, 1.73272, 2.24759, 1.19099, -2.35614, -1.09406, -1.08805]]
end: [0.10993, 1.86791, 2.2000000000000002, 1.0983400000000001, -2.16004, -1.19411, -0.99539999999999995]
obtacles: [[[0.6, -0.4, -0.2], [1.0, 0.6, -0.3]], [[0.8, -0.1, -0.2], [1.1, -0.0, 0.5]], [[0.8, 0.4, -0.2], [1.1, 0.5, 0.5]], [[0.8, -0.1, 0.5], [1.1, 0.5, 0.6]]]
start: [-0.61460000000000004, 1.9718800000000001, 2.2000000000000002, 0.70499000000000001, -2.30044, -1.51702, 0.06225]
tajectories: [[-0.6146, 1.97188, 2.2, 0.70499, -2.30044, -1.51702, 0.06225], [-0.81611, 1.80394, 2.35827, 1.09088, -2.35188, -1.54744, 0.00177], [-0.88233, 1.74875, 2.41028, 1.21768, -2.36878, -1.55744, -0.01811], [-0.50505, 1.70794, 2.35103, 1.48634, -2.48622, -1.51721, -0.14014], [-0.3185, 1.68775, 2.32173, 1.61918, -2.54429, -1.49732, -0.20049], [-0.30675, 1.82442, 2.15886, 1.46698, -2.30532, -1.39138, -0.53688]]
end: [-0.29529, 1.95773, 2.0, 1.3185100000000001, -2.0722299999999998, -1.2880499999999999, -0.86500999999999995]
