obtacles: [[[0.6, -0.4, -0.2], [1.0, 0.6, -0.3]], [[0.8, -0.0, -0.2], [1.0, 0.1, 0.4]], [[0.8, 0.6, -0.2], [1.0, 0.7, 0.4]], [[0.8, 0.0, 0.4], [1.0, 0.7, 0.5]]]
start: [-0.68596000000000001, 1.9647300000000001, 1.7, 1.5347999999999999, -1.9714499999999999, -1.4655199999999999, -0.80162999999999995]
tajectories: [[-0.68596, 1.96473, 1.7, 1.5348, -1.97145, -1.46552, -0.80163], [-0.70412, 1.79929, 1.74732, 1.20354, -1.92925, -1.45273, -0.47241], [-0.72227, 1.63385, 1.79464, 0.87228, -1.88706, -1.43994, -0.14319], [-0.74043, 1.46841, 1.84196, 0.54102, -1.84487, -1.42716, 0.18603], [-0.75859, 1.30298, 1.88928, 0.20976, -1.80268, -1.41437, 0.51525], [-0.77675, 1.13754, 1.93659, -0.1215, -1.76049, -1.40159, 0.84447], [-0.79491, 0.9721, 1.98391, -0.45276, -1.7183, -1.3888, 1.17368], [-0.80084, 0.91805, 1.99937, -0.56099, -1.70452, -1.38462, 1.28125], [-0.45775, 0.93601, 2.04411, -0.40293, -1.77399, -1.30134, 0.97593], [-0.11466, 0.95397, 2.08884, -0.24486, -1.84346, -1.21805, 0.67062], [0.22843, 0.97192, 2.13358, -0.08679, -1.91293, -1.13477, 0.3653], [0.57152, 0.98988, 2.17832, 0.07128, -1.98241, -1.05148, 0.05999], [0.91461, 1.00784, 2.22305, 0.22935, -2.05188, -0.9682, -0.24533], [1.2577, 1.0258, 2.26779, 0.38742, -2.12135, -0.88491, -0.55065], [1.60079, 1.04376, 2.31252, 0.54548, -2.19082, -0.80163, -0.85596], [1.63529, 1.04557, 2.31702, 0.56138, -2.19781, -0.79325, -0.88667], [1.27325, 1.18384, 2.18829, 0.76592, -2.09668, -0.92962, -0.99878], [0.9112, 1.32212, 2.05955, 0.97047, -1.99555, -1.066, -1.11089], [0.54916, 1.46039, 1.93082, 1.17501, -1.89443, -1.20237, -1.223], [0.18711, 1.59867, 1.80209, 1.37955, -1.7933, -1.33874, -1.33511]]
end: [-0.099989999999999996, 1.7083200000000001, 1.7, 1.54176, -1.7131000000000001, -1.44689, -1.4240200000000001]
obtacles: [[[0.6, -0.4, -0.2], [1.0, 0.6, -0.3]], [[0.8, -0.0, -0.2], [1.0, 0.1, 0.4]], [[0.8, 0.6, -0.2], [1.0, 0.7, 0.4]], [[0.8, 0.0, 0.4], [1.0, 0.7, 0.5]]]
start: [-0.74000999999999995, 1.95591, 1.7, 1.5112699999999999, -1.96482, -1.4738, -0.72665999999999997]
tajectories: [[-0.74001, 1.95591, 1.7, 1.51127, -1.96482, -1.4738, -0.72666], [-0.89591, 1.92281, 1.7495, 1.43144, -2.36783, -1.30861, -0.88812], [-1.05181, 1.88971, 1.799, 1.35161, -2.77085, -1.14342, -1.04958], [-1.20771, 1.85661, 1.8485, 1.27178, -3.17386, -0.97824, -1.21104], [-1.36361, 1.82351, 1.89799, 1.19195, -3.57687, -0.81305, -1.37251], [-1.51951, 1.79042, 1.94749, 1.11212, -3.97988, -0.64786, -1.53397], [-1.59217, 1.77499, 1.97056, 1.07492, -4.1677, -0.57088, -1.60922], [-1.33057, 1.55914, 1.93744, 1.36836, -4.18988, -0.57951, -1.39197], [-1.06897, 1.34329, 1.90431, 1.66181, -4.21206, -0.58815, -1.17472], [-0.80736, 1.12744, 1.87119, 1.95526, -4.23424, -0.59678, -0.95747], [-0.54576, 0.91159, 1.83807, 2.24871, -4.25642, -0.60542, -0.74022], [-0.42602, 0.81278, 1.82291, 2.38303, -4.26657, -0.60937, -0.64078], [-0.29554, 0.82528, 1.67154, 2.30267, -3.94216, -0.5498, -0.94845], [-0.16507, 0.83777, 1.52018, 2.2223, -3.61775, -0.49023, -1.25612], [-0.03459, 0.85026, 1.36882, 2.14194, -3.29334, -0.43066, -1.56379], [0.08171, 0.86139, 1.2339, 2.07031, -3.00418, -0.37757, -1.83803], [0.08259, 1.08086, 1.34727, 1.8605, -2.76361, -0.63359, -1.69128], [0.08348, 1.30032, 1.46064, 1.65069, -2.52303, -0.88962, -1.54453], [0.08436, 1.51978, 1.57401, 1.44088, -2.28245, -1.14564, -1.39777], [0.08524, 1.73924, 1.68738, 1.23106, -2.04187, -1.40167, -1.25102]]
end: [0.085730000000000001, 1.86046, 1.75, 1.11517, -1.90899, -1.54308, -1.1699600000000001]
obtacles: [[[0.6, -0.4, -0.2], [1.0, 0.6, -0.3]], [[0.8, -0.0, -0.2], [1.0, 0.1, 0.4]], [[0.8, 0.6, -0.2], [1.0, 0.7, 0.4]], [[0.8, 0.0, 0.4], [1.0, 0.7, 0.5]]]
start: [-0.75358000000000003, 1.61459, 1.75, 1.1262700000000001, -1.6883600000000001, -1.4283699999999999, -0.36035]
tajectories: [[-0.75358, 1.61459, 1.75, 1.12627, -1.68836, -1.42837, -0.36035], [-0.74568, 1.50318, 1.95069, 1.25504, -1.99744, -1.25011, -0.59135], [-0.73778, 1.39177, 2.15138, 1.38381, -2.30653, -1.07185, -0.82235], [-0.72989, 1.28037, 2.35206, 1.51258, -2.61561, -0.89359, -1.05334], [-0.72199, 1.16896, 2.55275, 1.64135, -2.92469, -0.71533, -1.28434], [-0.72092, 1.15391, 2.57986, 1.65874, -2.96644, -0.69125, -1.31554], [-0.48231, 1.19258, 2.45846, 1.67059, -2.56851, -0.63329, -1.19316], [-0.26848, 1.22724, 2.34966, 1.68121, -2.2119, -0.58136, -1.08349], [0.07072, 1.31561, 2.18379, 1.57682, -2.09946, -0.70874, -1.32814], [0.40993, 1.40398, 2.01792, 1.47244, -1.98703, -0.83613, -1.57279], [0.74913, 1.49235, 1.85204, 1.36805, -1.8746, -0.96352, -1.81744], [1.08833, 1.58072, 1.68617, 1.26367, -1.76217, -1.0909, -2.06209], [1.37921, 1.6565, 1.54393, 1.17415, -1.66575, -1.20014, -2.27188], [1.03152, 1.71096, 1.6052, 1.13413, -1.73528, -1.28453, -1.94198], [0.68383, 1.76542, 1.66646, 1.09412, -1.80481, -1.36892, -1.61208], [0.33614, 1.81988, 1.72773, 1.0541, -1.87435, -1.45331, -1.28218], [-0.01155, 1.87434, 1.789, 1.01408, -1.94388, -1.5377, -0.95228]]
end: [-0.07399, 1.88412, 1.8, 1.0068999999999999, -1.9563600000000001, -1.5528599999999999, -0.89303999999999994]
obtacles: [[[0.6, -0.4, -0.2], [1.0, 0.6, -0.3]], [[0.8, -0.0, -0.2], [1.0, 0.1, 0.4]], [[0.8, 0.6, -0.2], [1.0, 0.7, 0.4]], [[0.8, 0.0, 0.4], [1.0, 0.7, 0.5]]]
start: [-0.55845999999999996, 1.7762199999999999, 1.8, 1.3001199999999999, -1.8331599999999999, -1.4103300000000001, -0.69671000000000005]
tajectories: [[-0.55846, 1.77622, 1.8, 1.30012, -1.83316, -1.41033, -0.69671], [-0.60084, 1.6778, 1.94036, 1.3717, -2.18845, -1.13225, -0.59606], [-0.64322, 1.57938, 2.08072, 1.44328, -2.54374, -0.85417, -0.4954], [-0.68559, 1.48095, 2.22108, 1.51487, -2.89903, -0.57609, -0.39474], [-0.72797, 1.38253, 2.36145, 1.58645, -3.25432, -0.29801, -0.29409], [-0.7533, 1.32372, 2.44532, 1.62923, -3.46662, -0.13184, -0.23394], [-0.37708, 1.48662, 2.37271, 1.85325, -3.42779, -0.28978, -0.23747], [-0.00087, 1.64952, 2.3001, 2.07727, -3.38895, -0.44773, -0.241], [0.37535, 1.81243, 2.22749, 2.30129, -3.35012, -0.60567, -0.24453], [0.68656, 1.94718, 2.16743, 2.4866, -3.31799, -0.73632, -0.24745], [0.55159, 1.94207, 2.24263, 2.07349, -3.14057, -0.88254, -0.29826], [0.41661, 1.93697, 2.31782, 1.66037, -2.96315, -1.02876, -0.34906], [0.28164, 1.93186, 2.39302, 1.24726, -2.78573, -1.17498, -0.39987], [0.14667, 1.92675, 2.46821, 0.83415, -2.60831, -1.3212, -0.45067]]
end: [0.089620000000000005, 1.92459, 2.5, 0.65952, -2.5333199999999998, -1.3830100000000001, -0.47215000000000001]
obtacles: [[[0.6, -0.4, -0.2], [1.0, 0.6, -0.3]], [[0.8, -0.0, -0.2], [1.0, 0.1, 0.4]], [[0.8, 0.6, -0.2], [1.0, 0.7, 0.4]], [[0.8, 0.0, 0.4], [1.0, 0.7, 0.5]]]
start: [-0.36535000000000001, 1.8928499999999999, 2.5, 1.3524799999999999, -2.26607, -0.83204999999999996, -0.54591999999999996]
tajectories: [[-0.36535, 1.89285, 2.5, 1.35248, -2.26607, -0.83205, -0.54592], [-0.7564, 1.79777, 2.51456, 1.40257, -2.28997, -1.04844, -0.74066], [-1.14745, 1.7027, 2.52912, 1.45267, -2.31387, -1.26482, -0.93541], [-1.4643, 1.62566, 2.54092, 1.49326, -2.33324, -1.44016, -1.09322], [-1.0947, 1.57621, 2.36183, 1.71727, -2.29717, -1.42589, -0.92833], [-0.72509, 1.52675, 2.18273, 1.94127, -2.2611, -1.41162, -0.76344], [-0.35549, 1.4773, 2.00364, 2.16528, -2.22502, -1.39734, -0.59856], [0.01412, 1.42784, 1.82454, 2.38929, -2.18895, -1.38307, -0.43367], [0.38372, 1.37839, 1.64545, 2.6133, -2.15288, -1.3688, -0.26879], [0.60521, 1.34875, 1.53813, 2.74753, -2.13126, -1.36025, -0.16998], [0.48373, 1.48704, 1.75185, 2.35936, -2.21152, -1.313, -0.27528], [0.36226, 1.62533, 1.96558, 1.97119, -2.29179, -1.26575, -0.38058], [0.24078, 1.76363, 2.1793, 1.58302, -2.37205, -1.2185, -0.48588], [0.1193, 1.90192, 2.39303, 1.19485, -2.45231, -1.17126, -0.59118]]
end: [0.058500000000000003, 1.97113, 2.5, 1.0005599999999999, -2.4924900000000001, -1.14761, -0.64388999999999996]
obtacles: [[[0.6, -0.4, -0.2], [1.0, 0.6, -0.3]], [[0.8, -0.0, -0.2], [1.0, 0.1, 0.4]], [[0.8, 0.6, -0.2], [1.0, 0.7, 0.4]], [[0.8, 0.0, 0.4], [1.0, 0.7, 0.5]]]
start: [-0.88341000000000003, 1.9533, 1.75, 1.4638500000000001, -1.9734, -1.4458899999999999, -0.52012999999999998]
tajectories: [[-0.88341, 1.9533, 1.75, 1.46385, -1.9734, -1.44589, -0.52013], [-0.90566, 1.57081, 1.82919, 1.32901, -2.03595, -1.18364, -0.598], [-0.92791, 1.18832, 1.90838, 1.19417, -2.09849, -0.92138, -0.67586], [-0.95016, 0.80583, 1.98756, 1.05933, -2.16104, -0.65913, -0.75373], [-0.97241, 0.42334, 2.06675, 0.92449, -2.22359, -0.39687, -0.8316], [-0.99466, 0.04084, 2.14594, 0.78965, -2.28613, -0.13462, -0.90946], [-1.01319, -0.27766, 2.21188, 0.67737, -2.33821, 0.08376, -0.9743], [-0.86544, -0.04735, 2.29224, 0.65341, -2.68086, 0.30344, -1.02359], [-0.71769, 0.18296, 2.3726, 0.62946, -3.02351, 0.52312, -1.07288], [-0.56993, 0.41327, 2.45296, 0.6055, -3.36615, 0.7428, -1.12216], [-0.42218, 0.64358, 2.53332, 0.58154, -3.7088, 0.96248, -1.17145], [-0.27443, 0.87389, 2.61368, 0.55759, -4.05145, 1.18216, -1.22074], [-0.13486, 1.09143, 2.68959, 0.53496, -4.3751, 1.38966, -1.26729], [-0.06428, 1.273, 2.69975, 0.98199, -4.43227, 1.36316, -1.35754], [0.00629, 1.45457, 2.7099, 1.42901, -4.48943, 1.33667, -1.44779], [0.07687, 1.63613, 2.72006, 1.87604, -4.5466, 1.31018, -1.53805], [0.14745, 1.8177, 2.73022, 2.32307, -4.60377, 1.28368, -1.6283], [0.20464, 1.96483, 2.73846, 2.68531, -4.65009, 1.26221, -1.70143], [0.17824, 1.9378, 2.62927, 2.49575, -4.33478, 0.95604, -1.6145], [0.15183, 1.91077, 2.52009, 2.30619, -4.01947, 0.64987, -1.52757], [0.12542, 1.88374, 2.41091, 2.11663, -3.70416, 0.34369, -1.44063], [0.09901, 1.85671, 2.30173, 1.92707, -3.38885, 0.03752, -1.3537], [0.07261, 1.82968, 2.19255, 1.73751, -3.07355, -0.26865, -1.26677], [0.0462, 1.80266, 2.08336, 1.54795, -2.75824, -0.57482, -1.17984], [0.01979, 1.77563, 1.97418, 1.35839, -2.44293, -0.881, -1.0929], [-0.00661, 1.7486, 1.865, 1.16883, -2.12762, -1.18717, -1.00597], [-0.03302, 1.72157, 1.75582, 0.97928, -1.81231, -1.49334, -0.91904]]
end: [-0.034430000000000002, 1.7201299999999999, 1.75, 0.96918000000000004, -1.79552, -1.5096499999999999, -0.91440999999999995]
obtacles: [[[0.6, -0.4, -0.2], [1.0, 0.6, -0.3]], [[0.8, -0.0, -0.2], [1.0, 0.1, 0.4]], [[0.8, 0.6, -0.2], [1.0, 0.7, 0.4]], [[0.8, 0.0, 0.4], [1.0, 0.7, 0.5]]]
start: [-0.22545999999999999, 1.4647699999999999, 1.75, -0.43475000000000003, -1.77765, -1.5494600000000001, 0.65290000000000004]
tajectories: [[-0.22546, 1.46477, 1.75, -0.43475, -1.77765, -1.54946, 0.6529], [-0.22388, 1.39175, 1.99537, -0.17976, -1.92147, -1.27542, 0.4991], [-0.2223, 1.31874, 2.24074, 0.07523, -2.0653, -1.00137, 0.34531], [-0.22071, 1.24573, 2.48611, 0.33022, -2.20913, -0.72732, 0.19152], [-0.2198, 1.20344, 2.62822, 0.4779, -2.29243, -0.5686, 0.10245], [-0.21518, 1.19148, 2.67037, 0.84121, -2.10532, -0.39964, -0.1267], [-0.21057, 1.17953, 2.71252, 1.20452, -1.91821, -0.23068, -0.35584], [-0.20758, 1.17178, 2.73983, 1.43992, -1.79699, -0.12121, -0.50431], [0.00612, 1.42374, 2.59975, 1.51544, -1.69546, -0.32265, -0.75855], [0.21981, 1.6757, 2.45967, 1.59096, -1.59392, -0.52408, -1.0128], [0.4222, 1.91434, 2.327, 1.66249, -1.49776, -0.71487, -1.2536], [0.15944, 1.86349, 2.06998, 1.63945, -1.63094, -1.01437, -1.31947], [-0.10333, 1.81264, 1.81296, 1.61641, -1.76411, -1.31387, -1.38535]]
end: [-0.16769999999999999, 1.8001799999999999, 1.75, 1.61076, -1.7967299999999999, -1.38724, -1.4014800000000001]
obtacles: [[[0.6, -0.4, -0.2], [1.0, 0.6, -0.3]], [[0.8, -0.0, -0.2], [1.0, 0.1, 0.4]], [[0.8, 0.6, -0.2], [1.0, 0.7, 0.4]], [[0.8, 0.0, 0.4], [1.0, 0.7, 0.5]]]
start: [-0.75131000000000003, 1.6711400000000001, 1.75, 1.2861400000000001, -1.71878, -1.4282300000000001, -0.51522000000000001]
tajectories: [[-0.75131, 1.67114, 1.75, 1.28614, -1.71878, -1.42823, -0.51522], [-0.81964, 1.65888, 1.93882, 1.5766, -1.96282, -1.26588, -0.71331], [-0.88797, 1.64661, 2.12765, 1.86706, -2.20687, -1.10353, -0.91141], [-0.92931, 1.63919, 2.24188, 2.04279, -2.35451, -1.00531, -1.03125], [-0.63592, 1.56216, 1.87635, 2.092, -2.26206, -1.09381, -1.10588], [-0.34253, 1.48512, 1.51081, 2.14122, -2.16962, -1.18232, -1.1805], [-0.15071, 1.43476, 1.27182, 2.1734, -2.10917, -1.24018, -1.2293], [-0.14603, 1.55663, 1.49667, 1.79233, -1.93083, -1.32591, -1.21519], [-0.14135, 1.67849, 1.72151, 1.41125, -1.75249, -1.41164, -1.20108]]
end: [-0.14074999999999999, 1.69394, 1.75, 1.36297, -1.7298899999999999, -1.4225099999999999, -1.19929]
obtacles: [[[0.6, -0.4, -0.2], [1.0, 0.6, -0.3]], [[0.8, -0.0, -0.2], [1.0, 0.1, 0.4]], [[0.8, 0.6, -0.2], [1.0, 0.7, 0.4]], [[0.8, 0.0, 0.4], [1.0, 0.7, 0.5]]]
start: [-0.66508999999999996, 1.8773500000000001, 1.75, 1.2506999999999999, -1.91842, -1.5044, -0.54618999999999995]
tajectories: [[-0.66509, 1.87735, 1.75, 1.2507, -1.91842, -1.5044, -0.54619], [-0.5127, 1.77538, 2.16897, 1.41967, -1.94376, -1.46091, -0.4474], [-0.36031, 1.67342, 2.58794, 1.58863, -1.9691, -1.41741, -0.34861], [-0.34192, 1.66111, 2.63851, 1.60902, -1.97215, -1.41216, -0.33668], [0.00656, 1.67547, 2.37349, 1.54166, -1.88059, -1.35665, -0.54191], [0.3212, 1.68844, 2.1342, 1.48083, -1.79791, -1.30653, -0.72721], [0.17171, 1.76378, 1.89147, 1.32708, -1.83341, -1.41849, -1.08165]]
end: [0.084580000000000002, 1.8077000000000001, 1.75, 1.23746, -1.8541000000000001, -1.4837499999999999, -1.2882400000000001]
obtacles: [[[0.6, -0.4, -0.2], [1.0, 0.6, -0.3]], [[0.8, -0.0, -0.2], [1.0, 0.1, 0.4]], [[0.8, 0.6, -0.2], [1.0, 0.7, 0.4]], [[0.8, 0.0, 0.4], [1.0, 0.7, 0.5]]]
start: [-0.75209999999999999, 1.84232, 1.75, 1.67987, -1.8266, -1.36955, -0.87726000000000004]
tajectories: [[-0.7521, 1.84232, 1.75, 1.67987, -1.8266, -1.36955, -0.87726], [-0.68886, 1.79273, 2.09, 1.67544, -2.15175, -1.50884, -0.93013], [-0.6664, 1.77511, 2.21076, 1.67387, -2.26723, -1.55832, -0.94891], [-0.37398, 1.79607, 2.01528, 1.62861, -2.47186, -1.27294, -0.97074], [-0.34847, 1.7979, 1.99823, 1.62466, -2.48971, -1.24805, -0.97264], [-0.08775, 1.85846, 1.98227, 1.60832, -2.24711, -1.25122, -1.15181], [-0.08122, 1.79169, 1.79666, 1.35244, -1.90434, -1.41765, -1.17136]]
end: [-0.079579999999999998, 1.77491, 1.75, 1.2881100000000001, -1.8181700000000001, -1.45949, -1.1762699999999999]
obtacles: [[[0.6, -0.4, -0.2], [1.0, 0.6, -0.3]], [[0.8, -0.0, -0.2], [1.0, 0.1, 0.4]], [[0.8, 0.6, -0.2], [1.0, 0.7, 0.4]], [[0.8, 0.0, 0.4], [1.0, 0.7, 0.5]]]
start: [-0.60338000000000003, 1.72997, 1.75, 1.4353499999999999, -1.75481, -1.4172199999999999, -0.80342999999999998]
tajectories: [[-0.60338, 1.72997, 1.75, 1.43535, -1.75481, -1.41722, -0.80343], [-0.68358, 1.49122, 1.61621, 1.4636, -1.91729, -1.06481, -0.93486], [-0.76378, 1.25247, 1.48243, 1.49186, -2.07978, -0.7124, -1.06629], [-0.84398, 1.01372, 1.34864, 1.52012, -2.24227, -0.35999, -1.19772], [-0.92418, 0.77497, 1.21486, 1.54838, -2.40476, -0.00758, -1.32915], [-1.00438, 0.53621, 1.08107, 1.57664, -2.56725, 0.34483, -1.46058], [-1.05445, 0.38716, 0.99755, 1.59428, -2.66869, 0.56484, -1.54263], [-0.61038, 0.35995, 1.20544, 1.67604, -2.71265, 0.5801, -1.54351], [-0.16632, 0.33273, 1.41333, 1.7578, -2.7566, 0.59536, -1.5444], [0.27774, 0.30551, 1.62121, 1.83955, -2.80056, 0.61061, -1.54528], [0.72181, 0.2783, 1.8291, 1.92131, -2.84451, 0.62587, -1.54616], [1.16587, 0.25108, 2.03699, 2.00306, -2.88847, 0.64113, -1.54705], [1.32527, 0.24131, 2.11161, 2.03241, -2.90425, 0.6466, -1.54737], [1.46827, 0.53935, 2.23137, 2.16291, -2.95353, 0.41273, -1.31883], [1.61126, 0.83738, 2.35113, 2.29341, -3.00282, 0.17886, -1.09029], [1.75426, 1.13542, 2.47089, 2.42391, -3.0521, -0.05501, -0.86175], [1.88284, 1.40341, 2.57857, 2.54125, -3.09642, -0.26531, -0.65625], [1.57815, 1.49233, 2.59089, 2.21387, -3.02272, -0.45157, -0.61383], [1.27346, 1.58124, 2.6032, 1.88648, -2.94902, -0.63783, -0.57141], [0.96876, 1.67016, 2.61552, 1.5591, -2.87533, -0.8241, -0.52898], [0.66407, 1.75908, 2.62784, 1.23171, -2.80163, -1.01036, -0.48656], [0.35938, 1.848, 2.64015, 0.90433, -2.72793, -1.19662, -0.44413]]
end: [0.11577999999999999, 1.91909, 2.6499999999999999, 0.64258000000000004, -2.6690100000000001, -1.34554, -0.41021999999999997]
obtacles: [[[0.6, -0.4, -0.2], [1.0, 0.6, -0.3]], [[0.8, -0.0, -0.2], [1.0, 0.1, 0.4]], [[0.8, 0.6, -0.2], [1.0, 0.7, 0.4]], [[0.8, 0.0, 0.4], [1.0, 0.7, 0.5]]]
start: [-0.38522000000000001, 1.96184, 2.1499999999999999, 1.07324, -2.2111200000000002, -1.30491, -0.48149999999999998]
tajectories: [[-0.38522, 1.96184, 2.15, 1.07324, -2.21112, -1.30491, -0.4815], [-0.50424, 1.7941, 1.86278, 0.88891, -2.01526, -1.07981, -0.43468], [-0.62327, 1.62636, 1.57557, 0.70458, -1.8194, -0.85471, -0.38785], [-0.74229, 1.45862, 1.28835, 0.52024, -1.62354, -0.62961, -0.34102], [-0.86131, 1.29088, 1.00113, 0.33591, -1.42768, -0.40451, -0.2942], [-0.90587, 1.22809, 0.89362, 0.26691, -1.35437, -0.32025, -0.27667], [-0.79623, 1.19546, 1.14258, 0.39112, -1.3904, -0.39457, -0.66742], [-0.6866, 1.16284, 1.39153, 0.51533, -1.42643, -0.46889, -1.05818], [-0.57697, 1.13021, 1.64049, 0.63954, -1.46245, -0.5432, -1.44893], [-0.46734, 1.09758, 1.88945, 0.76375, -1.49848, -0.61752, -1.83968], [-0.35771, 1.06496, 2.1384, 0.88795, -1.53451, -0.69184, -2.23044], [-0.2512, 1.03326, 2.38028, 1.00863, -1.56951, -0.76405, -2.61007], [0.08424, 1.04236, 2.29257, 1.3079, -1.75109, -0.78029, -2.52697], [0.41968, 1.05146, 2.20485, 1.60717, -1.93268, -0.79654, -2.44387], [0.75512, 1.06056, 2.11714, 1.90644, -2.11426, -0.81278, -2.36077], [1.02532, 1.06789, 2.04649, 2.14751, -2.26053, -0.82587, -2.29383], [0.83585, 1.29083, 2.07206, 1.88629, -2.2491, -0.94308, -2.00811], [0.64638, 1.51377, 2.09763, 1.62507, -2.23767, -1.0603, -1.72238], [0.45691, 1.73671, 2.1232, 1.36384, -2.22624, -1.17752, -1.43665], [0.26745, 1.95964, 2.14876, 1.10262, -2.21481, -1.29473, -1.15093]]
end: [0.25829000000000002, 1.9704200000000001, 2.1499999999999999, 1.08999, -2.2142599999999999, -1.3004, -1.1371100000000001]
obtacles: [[[0.6, -0.4, -0.2], [1.0, 0.6, -0.3]], [[0.8, -0.0, -0.2], [1.0, 0.1, 0.4]], [[0.8, 0.6, -0.2], [1.0, 0.7, 0.4]], [[0.8, 0.0, 0.4], [1.0, 0.7, 0.5]]]
start: [-0.56200000000000006, 1.7707999999999999, 2.1499999999999999, 1.5388999999999999, -1.8279300000000001, -1.0123899999999999, -0.84301999999999999]
tajectories: [[-0.562, 1.7708, 2.15, 1.5389, -1.82793, -1.01239, -0.84302], [-0.59057, 1.58263, 2.14913, 1.77569, -2.22091, -1.05626, -0.87976], [-0.61836, 1.39959, 2.14828, 2.00602, -2.60317, -1.09893, -0.9155], [-0.23021, 1.54143, 2.38165, 1.86556, -2.6354, -1.13144, -0.86135], [0.15794, 1.68328, 2.61502, 1.72509, -2.66762, -1.16394, -0.8072], [0.24304, 1.71438, 2.66619, 1.6943, -2.67469, -1.17107, -0.79532], [0.15188, 1.80298, 2.41477, 1.56324, -2.36045, -1.12924, -1.02545], [0.06072, 1.89158, 2.16335, 1.43218, -2.04622, -1.08741, -1.25557]]
end: [0.055879999999999999, 1.89629, 2.1499999999999999, 1.4252199999999999, -2.0295399999999999, -1.0851900000000001, -1.26779]
obtacles: [[[0.6, -0.4, -0.2], [1.0, 0.6, -0.3]], [[0.8, -0.0, -0.2], [1.0, 0.1, 0.4]], [[0.8, 0.6, -0.2], [1.0, 0.7, 0.4]], [[0.8, 0.0, 0.4], [1.0, 0.7, 0.5]]]
start: [-0.88234999999999997, 1.59565, 1.7, 1.50227, -1.6046899999999999, -1.4436500000000001, -0.61616000000000004]
tajectories: [[-0.88235, 1.59565, 1.7, 1.50227, -1.60469, -1.44365, -0.61616], [-0.78711, 1.34963, 1.65756, 1.61268, -1.9997, -1.34255, -0.60364], [-0.69187, 1.10362, 1.61513, 1.72309, -2.39472, -1.24145, -0.59111], [-0.59663, 0.8576, 1.57269, 1.8335, -2.78973, -1.14035, -0.57859], [-0.54807, 0.73216, 1.55105, 1.88979, -2.99113, -1.0888, -0.5722], [-0.31476, 0.67015, 1.27666, 1.63403, -2.93545, -1.05481, -0.78845], [-0.08145, 0.60815, 1.00226, 1.37828, -2.87978, -1.02083, -1.00469], [0.03776, 0.57646, 0.86206, 1.24759, -2.85133, -1.00346, -1.11519], [0.28905, 0.55905, 0.87357, 1.14282, -2.6015, -1.04863, -0.78204], [0.54034, 0.54164, 0.88508, 1.03805, -2.35167, -1.09381, -0.44889], [0.70394, 0.53031, 0.89257, 0.96984, -2.18902, -1.12321, -0.23199], [0.57535, 0.86999, 1.14122, 0.92985, -2.1282, -1.23622, -0.4274], [0.44677, 1.20968, 1.38987, 0.88985, -2.06737, -1.34922, -0.62282], [0.31818, 1.54936, 1.63852, 0.84986, -2.00655, -1.46222, -0.81823]]
end: [0.20881, 1.83826, 1.8500000000000001, 0.81584000000000001, -1.9548099999999999, -1.55833, -0.98443000000000003]
obtacles: [[[0.6, -0.4, -0.2], [1.0, 0.6, -0.3]], [[0.8, -0.0, -0.2], [1.0, 0.1, 0.4]], [[0.8, 0.6, -0.2], [1.0, 0.7, 0.4]], [[0.8, 0.0, 0.4], [1.0, 0.7, 0.5]]]
start: [-0.78912000000000004, 1.96085, 1.8, 1.15229, -2.0187499999999998, -1.53331, -0.30914999999999998]
tajectories: [[-0.78912, 1.96085, 1.8, 1.15229, -2.01875, -1.53331, -0.30915], [-0.65716, 1.65236, 1.96296, 1.18715, -2.05897, -1.21807, -0.40217], [-0.5271, 1.34832, 2.12357, 1.22151, -2.0986, -0.90736, -0.49385], [-0.57886, 1.21626, 1.85268, 1.49685, -2.3152, -1.0624, -0.59254], [-0.61015, 1.13641, 1.68891, 1.66331, -2.44615, -1.15613, -0.6522], [-0.24736, 1.21901, 1.62991, 1.82722, -2.1939, -1.23134, -0.7614], [-0.2211, 1.22498, 1.62564, 1.83908, -2.17565, -1.23678, -0.7693], [-0.13981, 1.53249, 1.71074, 1.55689, -2.04771, -1.34001, -0.95621], [-0.05852, 1.83999, 1.79585, 1.27471, -1.91976, -1.44325, -1.14312]]
end: [-0.054550000000000001, 1.8549899999999999, 1.8, 1.26095, -1.9135200000000001, -1.44828, -1.1522300000000001]
obtacles: [[[0.6, -0.4, -0.2], [1.0, 0.6, -0.3]], [[0.8, -0.0, -0.2], [1.0, 0.1, 0.4]], [[0.8, 0.6, -0.2], [1.0, 0.7, 0.4]], [[0.8, 0.0, 0.4], [1.0, 0.7, 0.5]]]
start: [-0.72594999999999998, 1.6684399999999999, 1.8, 1.0905800000000001, -1.76529, -1.41465, -0.33812999999999999]
tajectories: [[-0.72595, 1.66844, 1.8, 1.09058, -1.76529, -1.41465, -0.33813], [-0.59084, 1.41057, 2.0394, 1.24882, -1.84694, -1.25128, -0.56071], [-0.45574, 1.15269, 2.27879, 1.40705, -1.92859, -1.08791, -0.78329], [-0.3539, 0.95832, 2.45923, 1.52632, -1.99013, -0.96477, -0.95106], [-0.25103, 0.96517, 2.07245, 1.4219, -2.07581, -1.16451, -1.12889], [-0.14816, 0.97201, 1.68566, 1.31747, -2.1615, -1.36426, -1.30672], [-0.07584, 0.97682, 1.41375, 1.24406, -2.22173, -1.50468, -1.43174], [-0.08828, 1.33446, 1.46565, 1.2116, -2.46441, -1.40616, -1.65445], [-0.10072, 1.69209, 1.51755, 1.17914, -2.70708, -1.30764, -1.87716], [-0.1073, 1.88144, 1.54503, 1.16196, -2.83557, -1.25547, -1.99508], [0.03464, 1.85266, 1.63539, 1.06522, -2.50135, -1.35713, -1.69598], [0.17658, 1.82388, 1.72574, 0.96848, -2.16712, -1.45879, -1.39688]]
end: [0.29322999999999999, 1.80023, 1.8, 0.88897999999999999, -1.89246, -1.54234, -1.15107]
obtacles: [[[0.6, -0.4, -0.2], [1.0, 0.6, -0.3]], [[0.8, -0.0, -0.2], [1.0, 0.1, 0.4]], [[0.8, 0.6, -0.2], [1.0, 0.7, 0.4]], [[0.8, 0.0, 0.4], [1.0, 0.7, 0.5]]]
start: [-0.48648999999999998, 1.8280799999999999, 2.2000000000000002, 0.42653999999999997, -2.2439, -1.5669900000000001, 0.14541999999999999]
tajectories: [[-0.48649, 1.82808, 2.2, 0.42654, -2.2439, -1.56699, 0.14542], [-0.66839, 1.79159, 2.12289, 0.76971, -1.99837, -1.50107, 0.31047], [-0.85028, 1.75511, 2.04578, 1.11288, -1.75284, -1.43515, 0.47552], [-1.03218, 1.71862, 1.96867, 1.45605, -1.5073, -1.36924, 0.64057], [-1.21407, 1.68214, 1.89156, 1.79922, -1.26177, -1.30332, 0.80562], [-1.39596, 1.64566, 1.81445, 2.14239, -1.01624, -1.23741, 0.97067], [-1.52041, 1.62069, 1.7617, 2.37717, -0.84826, -1.19231, 1.08359], [-1.24537, 1.64948, 1.72197, 2.43511, -0.63643, -1.03441, 0.76929], [-0.97033, 1.67827, 1.68225, 2.49305, -0.42459, -0.87651, 0.45499], [-0.69529, 1.70705, 1.64252, 2.55098, -0.21276, -0.71862, 0.14068], [-0.42026, 1.73584, 1.6028, 2.60892, -0.00093, -0.56072, -0.17362], [-0.14522, 1.76463, 1.56307, 2.66686, 0.21091, -0.40282, -0.48792], [-0.04111, 1.77552, 1.54803, 2.68879, 0.29109, -0.34305, -0.60689], [0.00055, 1.78527, 1.64152, 2.40009, -0.07127, -0.49836, -0.63251], [0.04221, 1.79501, 1.73501, 2.11138, -0.43363, -0.65366, -0.65813], [0.08387, 1.80475, 1.8285, 1.82268, -0.79598, -0.80897, -0.68376], [0.12552, 1.81449, 1.92199, 1.53397, -1.15834, -0.96427, -0.70938], [0.16718, 1.82424, 2.01548, 1.24527, -1.5207, -1.11957, -0.735], [0.20884, 1.83398, 2.10897, 0.95657, -1.88306, -1.27488, -0.76062]]
end: [0.24940999999999999, 1.8434699999999999, 2.2000000000000002, 0.67544000000000004, -2.2359100000000001, -1.42611, -0.78556999999999999]
obtacles: [[[0.6, -0.4, -0.2], [1.0, 0.6, -0.3]], [[0.8, -0.0, -0.2], [1.0, 0.1, 0.4]], [[0.8, 0.6, -0.2], [1.0, 0.7, 0.4]], [[0.8, 0.0, 0.4], [1.0, 0.7, 0.5]]]
start: [-0.78025, 1.94435, 1.6499999999999999, 1.56355, -1.94591, -1.4997199999999999, -0.75482000000000005]
tajectories: [[-0.78025, 1.94435, 1.65, 1.56355, -1.94591, -1.49972, -0.75482], [-0.87008, 1.84099, 1.64432, 1.88613, -2.1592, -1.25581, -0.90373], [-0.89861, 1.80816, 1.64252, 1.98859, -2.22695, -1.17833, -0.95103], [-0.5013, 1.80719, 1.49686, 1.78432, -2.24774, -1.33449, -0.88483], [-0.41517, 1.80698, 1.46528, 1.74004, -2.25224, -1.36834, -0.87047], [-0.14058, 1.78368, 1.48829, 1.60345, -1.85924, -1.37052, -0.89078], [-0.09846, 1.7801, 1.49182, 1.58251, -1.79896, -1.37085, -0.8939]]
end: [-0.18265999999999999, 1.67469, 1.6499999999999999, 1.46258, -1.6828799999999999, -1.5037100000000001, -1.2720400000000001]
obtacles: [[[0.6, -0.4, -0.2], [1.0, 0.6, -0.3]], [[0.8, -0.0, -0.2], [1.0, 0.1, 0.4]], [[0.8, 0.6, -0.2], [1.0, 0.7, 0.4]], [[0.8, 0.0, 0.4], [1.0, 0.7, 0.5]]]
start: [-0.61912, 1.7335700000000001, 1.6499999999999999, 1.4898199999999999, -1.7397899999999999, -1.50604, -0.85873999999999995]
tajectories: [[-0.61912, 1.73357, 1.65, 1.48982, -1.73979, -1.50604, -0.85874], [-0.64667, 1.38311, 1.74951, 1.33839, -1.97633, -1.31626, -0.89895], [-0.67421, 1.03264, 1.84902, 1.18697, -2.21287, -1.12648, -0.93916], [-0.69641, 0.75031, 1.92919, 1.06499, -2.40343, -0.9736, -0.97155], [-0.43525, 0.55073, 2.05012, 1.08336, -2.26628, -0.70665, -1.16373], [-0.40329, 0.5263, 2.06492, 1.08561, -2.24949, -0.67398, -1.18725], [-0.22045, 0.73029, 1.72702, 1.29587, -2.12485, -0.68551, -1.21738], [-0.03761, 0.93428, 1.38913, 1.50614, -2.00021, -0.69704, -1.24752], [0.05008, 1.03211, 1.22707, 1.60699, -1.94043, -0.70257, -1.26197], [-0.08781, 1.34079, 1.39943, 1.60685, -1.87805, -1.02173, -1.27765], [-0.2257, 1.64947, 1.57178, 1.60672, -1.81567, -1.34089, -1.29332]]
end: [-0.28827000000000003, 1.7895399999999999, 1.6499999999999999, 1.60666, -1.7873600000000001, -1.48573, -1.30044]
obtacles: [[[0.6, -0.4, -0.2], [1.0, 0.6, -0.3]], [[0.8, -0.0, -0.2], [1.0, 0.1, 0.4]], [[0.8, 0.6, -0.2], [1.0, 0.7, 0.4]], [[0.8, 0.0, 0.4], [1.0, 0.7, 0.5]]]
start: [-0.66156000000000004, 1.8823300000000001, 1.7, 1.2158100000000001, -1.9071499999999999, -1.5623400000000001, -0.53249999999999997]
tajectories: [[-0.66156, 1.88233, 1.7, 1.21581, -1.90715, -1.56234, -0.5325], [-0.70915, 1.88734, 1.95059, 1.48963, -1.60664, -1.55639, -0.39251], [-0.75673, 1.89235, 2.20117, 1.76344, -1.30612, -1.55043, -0.25252], [-0.80431, 1.89736, 2.45176, 2.03726, -1.00561, -1.54448, -0.11253], [-0.82538, 1.89958, 2.56274, 2.15852, -0.87252, -1.54184, -0.05053], [-0.41335, 1.87545, 2.61055, 2.33711, -1.00381, -1.4892, -0.21008], [-0.00131, 1.85133, 2.65836, 2.51569, -1.1351, -1.43655, -0.36964], [0.41072, 1.8272, 2.70616, 2.69428, -1.2664, -1.38391, -0.52919], [0.67586, 1.81168, 2.73693, 2.80919, -1.35088, -1.35004, -0.63186], [0.53879, 1.77537, 2.51222, 2.40025, -1.42816, -1.38527, -0.70228], [0.40173, 1.73906, 2.28751, 1.99132, -1.50543, -1.4205, -0.77269], [0.26467, 1.70274, 2.0628, 1.58238, -1.5827, -1.45574, -0.84311], [0.12761, 1.66643, 1.83809, 1.17344, -1.65997, -1.49097, -0.91352]]
end: [0.043389999999999998, 1.64412, 1.7, 0.92213000000000001, -1.70746, -1.5126200000000001, -0.95679000000000003]
obtacles: [[[0.6, -0.4, -0.2], [1.0, 0.6, -0.3]], [[0.8, -0.0, -0.2], [1.0, 0.1, 0.4]], [[0.8, 0.6, -0.2], [1.0, 0.7, 0.4]], [[0.8, 0.0, 0.4], [1.0, 0.7, 0.5]]]
start: [-0.51271, 1.88073, 2.1000000000000001, 0.58640000000000003, -2.1764299999999999, -1.5587800000000001, 0.014670000000000001]
tajectories: [[-0.51271, 1.88073, 2.1, 0.5864, -2.17643, -1.55878, 0.01467], [-0.54286, 1.86055, 2.06967, 0.81295, -1.7666, -1.54839, 0.1831], [-0.573, 1.84038, 2.03935, 1.03949, -1.35676, -1.53799, 0.35153], [-0.60314, 1.8202, 2.00902, 1.26604, -0.94693, -1.52759, 0.51996], [-0.63328, 1.80002, 1.9787, 1.49258, -0.53709, -1.51719, 0.68839], [-0.66342, 1.77984, 1.94837, 1.71913, -0.12725, -1.50679, 0.85682], [-0.67262, 1.77368, 1.93912, 1.78827, -0.00217, -1.50362, 0.90823], [-0.68677, 1.73812, 1.99048, 1.93968, -0.41869, -1.36566, 0.73373], [-0.70091, 1.70255, 2.04184, 2.09109, -0.83521, -1.2277, 0.55923], [-0.71506, 1.66699, 2.0932, 2.2425, -1.25173, -1.08974, 0.38473], [-0.7292, 1.63142, 2.14456, 2.39391, -1.66825, -0.95178, 0.21023], [-0.74335, 1.59586, 2.19593, 2.54531, -2.08477, -0.81382, 0.03574], [-0.7484, 1.58316, 2.21427, 2.59938, -2.23352, -0.76456, -0.02658], [-0.54159, 1.66941, 2.16443, 2.28032, -2.20011, -0.89627, -0.30415], [-0.33479, 1.75566, 2.11459, 1.96125, -2.16671, -1.02798, -0.58171], [-0.12798, 1.84191, 2.06475, 1.64219, -2.13331, -1.15969, -0.85928], [0.07882, 1.92816, 2.01491, 1.32312, -2.09991, -1.29139, -1.13685]]
end: [0.14066999999999999, 1.9539500000000001, 2.0, 1.2277100000000001, -2.0899200000000002, -1.3307800000000001, -1.2198500000000001]
obtacles: [[[0.6, -0.4, -0.2], [1.0, 0.6, -0.3]], [[0.8, -0.0, -0.2], [1.0, 0.1, 0.4]], [[0.8, 0.6, -0.2], [1.0, 0.7, 0.4]], [[0.8, 0.0, 0.4], [1.0, 0.7, 0.5]]]
start: [-0.78244000000000002, 1.9559, 1.8500000000000001, 1.6102700000000001, -1.9599200000000001, -1.2973699999999999, -0.71884999999999999]
tajectories: [[-0.78244, 1.9559, 1.85, 1.61027, -1.95992, -1.29737, -0.71885], [-0.70488, 1.79888, 1.81817, 1.73209, -2.32528, -1.33769, -0.98031], [-0.62733, 1.64186, 1.78633, 1.8539, -2.69065, -1.37802, -1.24176], [-0.54977, 1.48484, 1.7545, 1.97572, -3.05601, -1.41834, -1.50322], [-0.47222, 1.32782, 1.72266, 2.09754, -3.42137, -1.45867, -1.76468], [-0.39467, 1.17081, 1.69083, 2.21936, -3.78674, -1.49899, -2.02614], [-0.3424, 1.06498, 1.66937, 2.30146, -4.03297, -1.52616, -2.20235], [-0.304, 1.23203, 1.68459, 2.12274, -3.64569, -1.51906, -2.00638], [-0.2656, 1.39908, 1.69981, 1.94401, -3.25841, -1.51195, -1.8104], [-0.2272, 1.56613, 1.71502, 1.76529, -2.87112, -1.50484, -1.61442], [-0.1888, 1.73318, 1.73024, 1.58657, -2.48384, -1.49773, -1.41844], [-0.15041, 1.90023, 1.74545, 1.40785, -2.09655, -1.49062, -1.22247]]
end: [-0.13893, 1.95017, 1.75, 1.35443, -1.98078, -1.4884999999999999, -1.16388]
obtacles: [[[0.6, -0.4, -0.2], [1.0, 0.6, -0.3]], [[0.8, -0.0, -0.2], [1.0, 0.1, 0.4]], [[0.8, 0.6, -0.2], [1.0, 0.7, 0.4]], [[0.8, 0.0, 0.4], [1.0, 0.7, 0.5]]]
start: [-0.61636999999999997, 1.66391, 1.75, 1.7048399999999999, -1.64053, -1.3813599999999999, -1.0734699999999999]
tajectories: [[-0.61637, 1.66391, 1.75, 1.70484, -1.64053, -1.38136, -1.07347], [-0.78166, 1.37405, 1.69329, 1.37956, -1.77045, -1.33405, -1.17601], [-0.94695, 1.08418, 1.63659, 1.05427, -1.90037, -1.28675, -1.27855], [-1.11224, 0.79431, 1.57988, 0.72899, -2.03028, -1.23945, -1.38108], [-1.25902, 0.53692, 1.52953, 0.44015, -2.14565, -1.19745, -1.47213], [-0.88198, 0.59314, 1.40065, 0.70541, -2.25407, -1.12723, -1.50404], [-0.50495, 0.64936, 1.27176, 0.97068, -2.36249, -1.057, -1.53595], [-0.12791, 0.70558, 1.14287, 1.23595, -2.47092, -0.98678, -1.56786], [0.24913, 0.7618, 1.01399, 1.50122, -2.57934, -0.91656, -1.59977], [0.62616, 0.81802, 0.8851, 1.76648, -2.68776, -0.84634, -1.63168], [0.79922, 0.84383, 0.82594, 1.88824, -2.73753, -0.8141, -1.64633], [0.60761, 1.07094, 1.0417, 1.71397, -2.53469, -0.97769, -1.5164], [0.41601, 1.29806, 1.25746, 1.5397, -2.33185, -1.14127, -1.38647], [0.2244, 1.52517, 1.47321, 1.36544, -2.129, -1.30486, -1.25655], [0.0328, 1.75229, 1.68897, 1.19117, -1.92616, -1.46844, -1.12662]]
end: [-0.021399999999999999, 1.81653, 1.75, 1.1418699999999999, -1.86879, -1.51471, -1.0898699999999999]
obtacles: [[[0.6, -0.4, -0.2], [1.0, 0.6, -0.3]], [[0.8, -0.0, -0.2], [1.0, 0.1, 0.4]], [[0.8, 0.6, -0.2], [1.0, 0.7, 0.4]], [[0.8, 0.0, 0.4], [1.0, 0.7, 0.5]]]
start: [-0.60948000000000002, 1.82185, 1.8, 1.3454699999999999, -1.87032, -1.4111100000000001, -0.68279000000000001]
tajectories: [[-0.60948, 1.82185, 1.8, 1.34547, -1.87032, -1.41111, -0.68279], [-0.87349, 1.63656, 1.81001, 1.3533, -1.73874, -1.13117, -0.90668], [-1.1375, 1.45127, 1.82002, 1.36113, -1.60715, -0.85124, -1.13057], [-1.40151, 1.26599, 1.83003, 1.36897, -1.47556, -0.5713, -1.35446], [-1.66552, 1.0807, 1.84005, 1.3768, -1.34397, -0.29137, -1.57835], [-1.92953, 0.89541, 1.85006, 1.38463, -1.21238, -0.01143, -1.80224], [-2.08165, 0.78865, 1.85583, 1.38915, -1.13656, 0.14987, -1.93125], [-1.76536, 0.74132, 1.74283, 1.2583, -1.09927, 0.35303, -1.65708], [-1.44907, 0.694, 1.62983, 1.12745, -1.06198, 0.55618, -1.38292], [-1.13278, 0.64668, 1.51683, 0.9966, -1.02469, 0.75933, -1.10875], [-0.81649, 0.59936, 1.40383, 0.86575, -0.9874, 0.96249, -0.83458], [-0.5002, 0.55203, 1.29084, 0.7349, -0.95012, 1.16564, -0.56041], [-0.28022, 0.51912, 1.21225, 0.6439, -0.92418, 1.30693, -0.36973], [0.04305, 0.4629, 1.2562, 0.93521, -0.85814, 1.1249, -0.50403], [0.36633, 0.40667, 1.30016, 1.22652, -0.7921, 0.94286, -0.63834], [0.6896, 0.35045, 1.34412, 1.51784, -0.72606, 0.76083, -0.77265], [1.01288, 0.29423, 1.38808, 1.80915, -0.66001, 0.57879, -0.90695], [1.2981, 0.24462, 1.42686, 2.06617, -0.60175, 0.41818, -1.02545], [1.10437, 0.49049, 1.48858, 1.93994, -0.79814, 0.11814, -1.08611], [0.91065, 0.73636, 1.5503, 1.81372, -0.99453, -0.18191, -1.14677], [0.71692, 0.98223, 1.61202, 1.68749, -1.19092, -0.48195, -1.20742], [0.5232, 1.22809, 1.67374, 1.56126, -1.38732, -0.782, -1.26808], [0.32947, 1.47396, 1.73545, 1.43503, -1.58371, -1.08205, -1.32874], [0.13575, 1.71983, 1.79717, 1.30881, -1.7801, -1.38209, -1.3894]]
end: [0.12687000000000001, 1.7311000000000001, 1.8, 1.3030200000000001, -1.7890999999999999, -1.39584, -1.39218]
obtacles: [[[0.6, -0.4, -0.2], [1.0, 0.6, -0.3]], [[0.8, -0.0, -0.2], [1.0, 0.1, 0.4]], [[0.8, 0.6, -0.2], [1.0, 0.7, 0.4]], [[0.8, 0.0, 0.4], [1.0, 0.7, 0.5]]]
start: [-0.74351, 1.7181299999999999, 1.8, 1.7069099999999999, -1.68956, -1.3257699999999999, -0.93176999999999999]
tajectories: [[-0.74351, 1.71813, 1.8, 1.70691, -1.68956, -1.32577, -0.93177], [-0.50968, 1.60951, 2.11263, 1.74385, -1.92117, -1.31573, -0.92682], [-0.40691, 1.50288, 1.78245, 1.76098, -2.08255, -1.53624, -0.94694], [-0.15254, 1.71319, 1.79375, 1.50439, -1.94895, -1.45369, -1.17153]]
end: [-0.01193, 1.82945, 1.8, 1.3625499999999999, -1.8750899999999999, -1.4080600000000001, -1.2956799999999999]
obtacles: [[[0.6, -0.4, -0.2], [1.0, 0.6, -0.3]], [[0.8, -0.0, -0.2], [1.0, 0.1, 0.4]], [[0.8, 0.6, -0.2], [1.0, 0.7, 0.4]], [[0.8, 0.0, 0.4], [1.0, 0.7, 0.5]]]
start: [-0.73077000000000003, 1.7663199999999999, 1.8, 1.2861800000000001, -1.82582, -1.41076, -0.51227999999999996]
tajectories: [[-0.73077, 1.76632, 1.8, 1.28618, -1.82582, -1.41076, -0.51228], [-0.85959, 1.40396, 1.91604, 1.36721, -2.11063, -1.44051, -0.50413], [-0.92705, 1.21421, 1.97681, 1.40965, -2.25978, -1.45609, -0.49986], [-0.71939, 1.48922, 1.75182, 1.6788, -2.31862, -1.416, -0.55563], [-0.51173, 1.76424, 1.52684, 1.94796, -2.37747, -1.3759, -0.61141], [-0.42096, 1.88446, 1.42849, 2.06561, -2.40319, -1.35837, -0.63579], [-0.26233, 1.91038, 1.57898, 1.68854, -2.24324, -1.42996, -0.80498], [-0.10371, 1.9363, 1.72947, 1.31147, -2.08329, -1.50155, -0.97417]]
end: [-0.02937, 1.94845, 1.8, 1.1347499999999999, -2.0083299999999999, -1.5350999999999999, -1.0534600000000001]
obtacles: [[[0.6, -0.4, -0.2], [1.0, 0.6, -0.3]], [[0.8, -0.0, -0.2], [1.0, 0.1, 0.4]], [[0.8, 0.6, -0.2], [1.0, 0.7, 0.4]], [[0.8, 0.0, 0.4], [1.0, 0.7, 0.5]]]
start: [-0.56455, 1.7394799999999999, 1.8, 1.2698100000000001, -1.8027299999999999, -1.40591, -0.66654999999999998]
tajectories: [[-0.56455, 1.73948, 1.8, 1.26981, -1.80273, -1.40591, -0.66655], [-0.63354, 1.29333, 1.83761, 1.19617, -1.68503, -1.50176, -0.53882], [-0.64542, 1.21646, 1.84409, 1.18348, -1.66476, -1.51827, -0.51681], [-0.21328, 1.15039, 1.87293, 1.37761, -1.7593, -1.4115, -0.52275], [0.12578, 1.09856, 1.89556, 1.52991, -1.83347, -1.32773, -0.5274], [0.32169, 1.45831, 1.95606, 1.57384, -1.86671, -1.43561, -0.78012], [0.32833, 1.47051, 1.95811, 1.57533, -1.86784, -1.43927, -0.78869], [0.13263, 1.77007, 1.86269, 1.32187, -1.96211, -1.49688, -0.97951]]
end: [0.0040499999999999998, 1.9669000000000001, 1.8, 1.1553500000000001, -2.0240499999999999, -1.5347299999999999, -1.1048800000000001]
obtacles: [[[0.6, -0.4, -0.2], [1.0, 0.6, -0.3]], [[0.8, -0.0, -0.2], [1.0, 0.1, 0.4]], [[0.8, 0.6, -0.2], [1.0, 0.7, 0.4]], [[0.8, 0.0, 0.4], [1.0, 0.7, 0.5]]]
start: [-0.49751000000000001, 1.5853200000000001, 1.6499999999999999, 1.2133100000000001, -1.61219, -1.5017100000000001, -0.71379000000000004]
tajectories: [[-0.49751, 1.58532, 1.65, 1.21331, -1.61219, -1.50171, -0.71379], [-0.74582, 1.52117, 1.91693, 1.31996, -1.8158, -1.33505, -0.8937], [-0.99413, 1.45701, 2.18386, 1.42662, -2.01941, -1.16838, -1.0736], [-1.17708, 1.40974, 2.38053, 1.5052, -2.16943, -1.04558, -1.20615], [-1.04385, 1.50537, 2.22053, 1.89865, -2.09405, -0.85354, -1.21789], [-0.91061, 1.601, 2.06053, 2.29211, -2.01867, -0.6615, -1.22963], [-0.81047, 1.67288, 1.94027, 2.58784, -1.96201, -0.51715, -1.23846], [-0.61437, 1.70773, 1.85817, 2.24414, -1.91826, -0.8062, -1.23968], [-0.41828, 1.74259, 1.77608, 1.90045, -1.87452, -1.09526, -1.2409], [-0.22218, 1.77744, 1.69398, 1.55676, -1.83077, -1.38431, -1.24212]]
end: [-0.11713999999999999, 1.7961100000000001, 1.6499999999999999, 1.3726400000000001, -1.8073399999999999, -1.5391600000000001, -1.24278]
obtacles: [[[0.6, -0.4, -0.2], [1.0, 0.6, -0.3]], [[0.8, -0.0, -0.2], [1.0, 0.1, 0.4]], [[0.8, 0.6, -0.2], [1.0, 0.7, 0.4]], [[0.8, 0.0, 0.4], [1.0, 0.7, 0.5]]]
start: [-0.68261000000000005, 1.8773299999999999, 1.8, 0.99965999999999999, -1.9509099999999999, -1.55169, -0.27782000000000001]
tajectories: [[-0.68261, 1.87733, 1.8, 0.99966, -1.95091, -1.55169, -0.27782], [-0.90938, 1.50068, 1.6036, 0.99169, -1.8592, -1.53889, -0.18035], [-1.13616, 1.12404, 1.4072, 0.98371, -1.76749, -1.5261, -0.08288], [-1.36294, 0.74739, 1.2108, 0.97574, -1.67579, -1.51331, 0.0146], [-1.58971, 0.37075, 1.0144, 0.96777, -1.58408, -1.50052, 0.11207], [-1.81649, -0.0059, 0.818, 0.95979, -1.49237, -1.48773, 0.20954], [-2.04327, -0.38254, 0.6216, 0.95182, -1.40066, -1.47493, 0.30701], [-2.25862, -0.74021, 0.4351, 0.94425, -1.31357, -1.46279, 0.39957], [-1.86786, -0.54032, 0.47361, 1.14839, -1.25188, -1.36742, 0.43551], [-1.4771, -0.34043, 0.51213, 1.35252, -1.19018, -1.27205, 0.47145], [-1.08634, -0.14054, 0.55064, 1.55666, -1.12848, -1.17668, 0.50739], [-0.69557, 0.05935, 0.58916, 1.7608, -1.06678, -1.08131, 0.54333], [-0.30481, 0.25924, 0.62767, 1.96494, -1.00508, -0.98594, 0.57927], [0.08595, 0.45913, 0.66619, 2.16907, -0.94338, -0.89057, 0.61521], [0.46356, 0.65229, 0.70341, 2.36634, -0.88376, -0.79841, 0.64995], [0.40949, 0.82968, 0.88959, 2.1458, -1.03827, -0.90627, 0.33882], [0.35542, 1.00707, 1.07577, 1.92525, -1.19277, -1.01413, 0.0277], [0.30135, 1.18446, 1.26196, 1.7047, -1.34728, -1.122, -0.28343], [0.24729, 1.36185, 1.44814, 1.48415, -1.50179, -1.22986, -0.59455], [0.19322, 1.53924, 1.63432, 1.26361, -1.65629, -1.33772, -0.90568]]
end: [0.14510999999999999, 1.6970799999999999, 1.8, 1.06735, -1.7937799999999999, -1.43371, -1.1825300000000001]
obtacles: [[[0.6, -0.4, -0.2], [1.0, 0.6, -0.3]], [[0.8, -0.0, -0.2], [1.0, 0.1, 0.4]], [[0.8, 0.6, -0.2], [1.0, 0.7, 0.4]], [[0.8, 0.0, 0.4], [1.0, 0.7, 0.5]]]
start: [-0.49236999999999997, 1.7136899999999999, 1.8, 1.0650299999999999, -1.8084800000000001, -1.4427099999999999, -0.54086999999999996]
tajectories: [[-0.49237, 1.71369, 1.8, 1.06503, -1.80848, -1.44271, -0.54087], [-0.56163, 1.5791, 1.83268, 1.17382, -2.10685, -1.37141, -0.8874], [-0.63089, 1.44452, 1.86536, 1.28262, -2.40522, -1.30012, -1.23392], [-0.68592, 1.33757, 1.89133, 1.36907, -2.64231, -1.24347, -1.50927], [-0.48264, 1.13087, 1.64993, 1.28367, -2.89724, -1.26965, -1.69558], [-0.27936, 0.92416, 1.40853, 1.19828, -3.15217, -1.29584, -1.88188], [-0.07608, 0.71745, 1.16713, 1.11288, -3.40711, -1.32202, -2.06818], [-0.04442, 0.68526, 1.12954, 1.09958, -3.44681, -1.3261, -2.09719], [0.07419, 0.97191, 1.24143, 0.97918, -3.12784, -1.27496, -1.94756], [0.1928, 1.25856, 1.35333, 0.85877, -2.80887, -1.22383, -1.79792], [0.31142, 1.54521, 1.46522, 0.73837, -2.4899, -1.1727, -1.64829], [0.37295, 1.69393, 1.52327, 0.6759, -2.32441, -1.14617, -1.57065], [0.24189, 1.74452, 1.66424, 0.75336, -2.10236, -1.35535, -1.23699]]
end: [0.11567, 1.7932399999999999, 1.8, 0.82794999999999996, -1.88853, -1.5567899999999999, -0.91566999999999998]
obtacles: [[[0.6, -0.4, -0.2], [1.0, 0.6, -0.3]], [[0.8, -0.0, -0.2], [1.0, 0.1, 0.4]], [[0.8, 0.6, -0.2], [1.0, 0.7, 0.4]], [[0.8, 0.0, 0.4], [1.0, 0.7, 0.5]]]
start: [-0.81183000000000005, 1.58524, 1.8, 1.29633, -1.6481600000000001, -1.3543499999999999, -0.47443000000000002]
tajectories: [[-0.81183, 1.58524, 1.8, 1.29633, -1.64816, -1.35435, -0.47443], [-0.74577, 1.45723, 1.99123, 1.38591, -1.89705, -1.09414, -0.70894], [-0.68112, 1.33194, 2.17838, 1.47358, -2.14063, -0.83948, -0.93845], [-0.33515, 1.32712, 1.97217, 1.59795, -2.10116, -0.96348, -1.17372], [0.01083, 1.3223, 1.76597, 1.72232, -2.06169, -1.08748, -1.409], [0.35681, 1.31749, 1.55977, 1.84669, -2.02221, -1.21147, -1.64427], [0.45255, 1.31615, 1.5027, 1.88111, -2.01129, -1.24579, -1.70937], [0.24408, 1.54304, 1.63697, 1.60568, -1.95099, -1.33, -1.48478], [0.0356, 1.76993, 1.77124, 1.33025, -1.89069, -1.41421, -1.26019]]
end: [-0.0090399999999999994, 1.81853, 1.8, 1.2712600000000001, -1.8777699999999999, -1.43225, -1.2120899999999999]
