obtacles: [[[0.6, -0.4, -0.2], [1.0, 0.6, -0.3]], [[0.7, -0.1, -0.2], [0.9, -0.0, 0.3]], [[0.7, 0.5, -0.2], [0.9, 0.6, 0.3]], [[0.7, -0.1, 0.3], [0.9, 0.6, 0.4]]]
start: [2.22525, -1.9400900000000001, -1.45, 1.9270499999999999, 1.2583, 1.3374699999999999, 2.1903999999999999]
tajectories: [[2.22525, -1.94009, -1.45, 1.92705, 1.2583, 1.33747, 2.1904], [2.25381, -1.85937, -1.14216, 1.82403, 0.97554, 1.13417, 2.06391], [2.28236, -1.77865, -0.83432, 1.72101, 0.69277, 0.93086, 1.93742], [2.31092, -1.69793, -0.52647, 1.618, 0.41, 0.72756, 1.81094], [2.33948, -1.61721, -0.21863, 1.51498, 0.12723, 0.52425, 1.68445], [2.36803, -1.53649, 0.08921, 1.41196, -0.15553, 0.32095, 1.55797], [2.39659, -1.45577, 0.39705, 1.30894, -0.4383, 0.11764, 1.43148], [2.42515, -1.37505, 0.7049, 1.20592, -0.72107, -0.08566, 1.305], [2.45371, -1.29433, 1.01274, 1.10291, -1.00384, -0.28897, 1.17851], [2.46839, -1.25282, 1.17103, 1.04993, -1.14924, -0.39351, 1.11347], [2.30875, -1.05093, 1.16973, 1.22996, -1.398, -0.30169, 0.82882], [2.14911, -0.84904, 1.16844, 1.40999, -1.64677, -0.20988, 0.54416], [1.98947, -0.64715, 1.16714, 1.59002, -1.89553, -0.11806, 0.25951], [1.82983, -0.44526, 1.16584, 1.77005, -2.1443, -0.02625, -0.02515], [1.67019, -0.24337, 1.16454, 1.95007, -2.39306, 0.06557, -0.30981], [1.51055, -0.04148, 1.16324, 2.1301, -2.64183, 0.15738, -0.59446], [1.38892, 0.11233, 1.16225, 2.26726, -2.83136, 0.22734, -0.81133], [1.43723, 0.25053, 1.02052, 2.24312, -2.69359, 0.45948, -1.17879], [1.48554, 0.38872, 0.87879, 2.21897, -2.55582, 0.69163, -1.54625], [1.53385, 0.52692, 0.73706, 2.19483, -2.41805, 0.92378, -1.91371], [1.58216, 0.66511, 0.59534, 2.17068, -2.28028, 1.15593, -2.28117], [1.63046, 0.80331, 0.45361, 2.14654, -2.14251, 1.38807, -2.64862], [1.65262, 0.86668, 0.38862, 2.13546, -2.07934, 1.49452, -2.81712], [1.48333, 1.04096, -0.00219, 2.03635, -1.94387, 1.50173, -2.71706], [1.31404, 1.21525, -0.39299, 1.93723, -1.8084, 1.50893, -2.617], [1.14476, 1.38953, -0.78379, 1.83811, -1.67294, 1.51613, -2.51694], [0.97547, 1.56382, -1.1746, 1.739, -1.53747, 1.52333, -2.41688], [0.80619, 1.7381, -1.5654, 1.63988, -1.402, 1.53053, -2.31682]]
end: [0.79120000000000001, 1.7535400000000001, -1.6000000000000001, 1.6311, -1.39001, 1.5311699999999999, -2.30796]
obtacles: [[[0.6, -0.4, -0.2], [1.0, 0.6, -0.3]], [[0.7, -0.1, -0.2], [0.9, -0.0, 0.3]], [[0.7, 0.5, -0.2], [0.9, 0.6, 0.3]], [[0.7, -0.1, 0.3], [0.9, 0.6, 0.4]]]
start: [2.0899899999999998, -1.67075, -1.55, 1.74884, -1.6655500000000001, -1.5327500000000001, -0.69438999999999995]
tajectories: [[2.08999, -1.67075, -1.55, 1.74884, -1.66555, -1.53275, -0.69439], [2.15405, -1.24377, -1.55777, 1.78681, -1.4512, -1.43078, -0.77014], [2.21811, -0.81679, -1.56555, 1.82479, -1.23685, -1.32882, -0.84589], [2.28217, -0.38981, -1.57332, 1.86276, -1.0225, -1.22685, -0.92165], [2.34623, 0.03717, -1.5811, 1.90074, -0.80815, -1.12488, -0.9974], [2.41029, 0.46414, -1.58887, 1.93871, -0.5938, -1.02292, -1.07315], [2.47435, 0.89112, -1.59665, 1.97669, -0.37944, -0.92095, -1.14891], [2.53841, 1.3181, -1.60442, 2.01466, -0.16509, -0.81898, -1.22466], [2.60247, 1.74508, -1.6122, 2.05264, 0.04926, -0.71701, -1.30041], [2.60832, 1.78402, -1.61291, 2.0561, 0.06881, -0.70772, -1.30732], [2.32362, 1.76955, -1.61108, 1.98695, -0.14791, -0.38869, -1.43065], [2.03892, 1.75508, -1.60925, 1.91779, -0.36463, -0.06967, -1.55397], [1.75422, 1.74061, -1.60742, 1.84864, -0.58135, 0.24935, -1.6773], [1.46952, 1.72614, -1.60559, 1.77948, -0.79807, 0.56837, -1.80062], [1.18482, 1.71167, -1.60376, 1.71033, -1.01479, 0.8874, -1.92395], [0.90012, 1.6972, -1.60193, 1.64117, -1.2315, 1.20642, -2.04727], [0.61542, 1.68273, -1.6001, 1.57202, -1.44822, 1.52544, -2.1706]]
end: [0.60060999999999998, 1.68198, -1.6000000000000001, 1.5684199999999999, -1.4595, 1.5420400000000001, -2.1770200000000002]
obtacles: [[[0.6, -0.4, -0.2], [1.0, 0.6, -0.3]], [[0.7, -0.1, -0.2], [0.9, -0.0, 0.3]], [[0.7, 0.5, -0.2], [0.9, 0.6, 0.3]], [[0.7, -0.1, 0.3], [0.9, 0.6, 0.4]]]
start: [2.28538, -1.9252100000000001, -1.55, 1.5175700000000001, -1.9258, -1.56978, -0.65744999999999998]
tajectories: [[2.28538, -1.92521, -1.55, 1.51757, -1.9258, -1.56978, -0.65745], [2.12028, -1.6863, -1.43054, 1.52788, -1.86174, -1.54948, -1.04056], [1.95518, -1.44739, -1.31108, 1.5382, -1.79769, -1.52917, -1.42366], [1.79008, -1.20848, -1.19162, 1.54851, -1.73364, -1.50887, -1.80677], [1.62498, -0.96957, -1.07217, 1.55883, -1.66958, -1.48856, -2.18988], [1.45988, -0.73065, -0.95271, 1.56914, -1.60553, -1.46825, -2.57299], [1.36707, -0.59635, -0.88556, 1.57494, -1.56952, -1.45684, -2.78834], [1.45595, -0.34345, -0.77128, 1.48443, -1.48415, -1.07216, -2.82862], [1.54482, -0.09054, -0.65701, 1.39392, -1.39879, -0.68748, -2.86889], [1.63369, 0.16237, -0.54274, 1.30342, -1.31342, -0.30279, -2.90916], [1.72256, 0.41528, -0.42846, 1.21291, -1.22805, 0.08189, -2.94943], [1.74662, 0.48376, -0.39752, 1.18841, -1.20493, 0.18605, -2.96034], [1.58977, 0.69762, -0.51663, 1.42944, -1.13427, 0.49737, -2.88644], [1.43291, 0.91149, -0.63573, 1.67047, -1.06362, 0.8087, -2.81254], [1.27606, 1.12536, -0.75483, 1.9115, -0.99296, 1.12002, -2.73865], [1.18746, 1.24616, -0.82211, 2.04765, -0.95304, 1.29587, -2.69691], [1.09372, 1.46845, -1.12461, 2.03357, -1.12704, 1.38056, -2.44661], [0.99997, 1.69074, -1.42711, 2.01948, -1.30103, 1.46525, -2.19632]]
end: [0.96189000000000002, 1.78104, -1.55, 2.01376, -1.37171, 1.49966, -2.0946400000000001]
obtacles: [[[0.6, -0.4, -0.2], [1.0, 0.6, -0.3]], [[0.7, -0.1, -0.2], [0.9, -0.0, 0.3]], [[0.7, 0.5, -0.2], [0.9, 0.6, 0.3]], [[0.7, -0.1, 0.3], [0.9, 0.6, 0.4]]]
start: [2.4096000000000002, -1.8023800000000001, -1.3500000000000001, 0.85621000000000003, -1.8892199999999999, -1.56019, -0.096729999999999997]
tajectories: [[2.4096, -1.80238, -1.35, 0.85621, -1.88922, -1.56019, -0.09673], [2.34761, -1.54778, -1.37112, 1.15738, -1.70868, -1.48141, -0.32341], [2.28562, -1.29318, -1.39224, 1.45855, -1.52814, -1.40264, -0.55009], [2.22363, -1.03857, -1.41336, 1.75972, -1.3476, -1.32387, -0.77677], [2.16164, -0.78397, -1.43448, 2.0609, -1.16706, -1.24509, -1.00345], [2.09965, -0.52937, -1.4556, 2.36207, -0.98652, -1.16632, -1.23013], [2.06204, -0.37488, -1.46842, 2.54482, -0.87697, -1.11852, -1.36769], [1.98741, -0.03852, -1.57568, 2.51134, -0.79804, -0.82471, -1.52929], [1.91279, 0.29784, -1.68294, 2.47785, -0.71911, -0.5309, -1.69089], [1.83816, 0.63419, -1.7902, 2.44436, -0.64018, -0.23709, -1.85249], [1.76353, 0.97055, -1.89746, 2.41088, -0.56125, 0.05672, -2.01409], [1.68891, 1.3069, -2.00472, 2.37739, -0.48232, 0.35053, -2.17569], [1.65047, 1.48017, -2.05997, 2.36014, -0.44166, 0.50188, -2.25894], [1.46907, 1.59797, -1.93021, 2.14949, -0.6683, 0.79176, -2.34026], [1.28767, 1.71578, -1.80046, 1.93885, -0.89494, 1.08163, -2.42158], [1.10627, 1.83358, -1.6707, 1.7282, -1.12159, 1.37151, -2.5029]]
end: [1.00743, 1.89777, -1.6000000000000001, 1.6134200000000001, -1.24508, 1.5294700000000001, -2.5472100000000002]
obtacles: [[[0.6, -0.4, -0.2], [1.0, 0.6, -0.3]], [[0.7, -0.1, -0.2], [0.9, -0.0, 0.3]], [[0.7, 0.5, -0.2], [0.9, 0.6, 0.3]], [[0.7, -0.1, 0.3], [0.9, 0.6, 0.4]]]
start: [2.2762099999999998, -1.90394, -1.55, 1.7558400000000001, -1.8952800000000001, -1.4912300000000001, -0.87392999999999998]
tajectories: [[2.27621, -1.90394, -1.55, 1.75584, -1.89528, -1.49123, -0.87393], [2.19759, -1.44957, -1.5532, 1.7102, -2.06347, -1.4252, -0.92524], [2.11897, -0.99521, -1.55641, 1.66456, -2.23166, -1.35916, -0.97655], [2.04035, -0.54085, -1.55961, 1.61892, -2.39985, -1.29313, -1.02786], [1.96173, -0.08649, -1.56281, 1.57328, -2.56805, -1.2271, -1.07917], [1.88311, 0.36787, -1.56602, 1.52764, -2.73624, -1.16107, -1.13049], [1.8045, 0.82223, -1.56922, 1.482, -2.90443, -1.09504, -1.1818], [1.80039, 0.84598, -1.56939, 1.47961, -2.91321, -1.09159, -1.18448], [1.96954, 1.0751, -1.52098, 1.71749, -2.86774, -0.83653, -1.39146], [2.13869, 1.30423, -1.47258, 1.95537, -2.82226, -0.58148, -1.59844], [2.30784, 1.53335, -1.42418, 2.19325, -2.77678, -0.32643, -1.80541], [2.477, 1.76248, -1.37577, 2.43113, -2.7313, -0.07137, -2.01239], [2.4866, 1.77549, -1.37302, 2.44463, -2.72872, -0.05689, -2.02415], [2.19659, 1.75604, -1.41552, 2.31266, -2.49423, 0.23932, -2.08385], [1.90657, 1.73659, -1.45802, 2.18069, -2.25973, 0.53553, -2.14356], [1.61656, 1.71713, -1.50051, 2.04872, -2.02524, 0.83174, -2.20326], [1.32654, 1.69768, -1.54301, 1.91675, -1.79075, 1.12794, -2.26296], [1.03653, 1.67823, -1.5855, 1.78478, -1.55626, 1.42415, -2.32267]]
end: [0.93757000000000001, 1.6716, -1.6000000000000001, 1.73976, -1.4762500000000001, 1.52522, -2.3430399999999998]
obtacles: [[[0.6, -0.4, -0.2], [1.0, 0.6, -0.3]], [[0.7, -0.1, -0.2], [0.9, -0.0, 0.3]], [[0.7, 0.5, -0.2], [0.9, 0.6, 0.3]], [[0.7, -0.1, 0.3], [0.9, 0.6, 0.4]]]
start: [0.26663999999999999, 1.9718899999999999, -1.75, 1.90815, -1.2370300000000001, 1.2827500000000001, -1.58545]
tajectories: [[0.26664, 1.97189, -1.75, 1.90815, -1.23703, 1.28275, -1.58545], [0.25852, 1.69186, -1.7658, 2.05359, -0.95742, 1.13823, -1.81138], [0.2504, 1.41182, -1.78159, 2.19902, -0.6778, 0.99371, -2.03731], [0.24228, 1.13179, -1.79739, 2.34446, -0.39819, 0.84919, -2.26323], [0.23504, 0.88209, -1.81148, 2.47415, -0.14886, 0.72032, -2.46469], [0.66185, 0.8169, -1.76526, 2.42365, -0.18379, 0.81701, -2.24483], [1.08865, 0.75172, -1.71905, 2.37316, -0.21873, 0.91371, -2.02498], [1.49218, 0.69009, -1.67535, 2.32542, -0.25176, 1.00513, -1.81711], [1.63266, 1.02749, -1.59111, 2.28468, -0.22689, 1.18416, -2.09098], [1.77314, 1.36489, -1.50687, 2.24395, -0.20203, 1.36318, -2.36484], [1.89542, 1.65857, -1.43354, 2.20849, -0.18039, 1.51901, -2.60322], [1.66035, 1.70001, -1.53342, 1.99999, -0.54775, 1.48177, -2.66009], [1.42527, 1.74146, -1.63329, 1.79149, -0.91511, 1.44454, -2.71697], [1.19019, 1.7829, -1.73317, 1.58299, -1.28247, 1.4073, -2.77385]]
end: [1.15059, 1.78989, -1.75, 1.54786, -1.34436, 1.40103, -2.7834300000000001]
obtacles: [[[0.6, -0.4, -0.2], [1.0, 0.6, -0.3]], [[0.7, -0.1, -0.2], [0.9, -0.0, 0.3]], [[0.7, 0.5, -0.2], [0.9, 0.6, 0.3]], [[0.7, -0.1, 0.3], [0.9, 0.6, 0.4]]]
start: [2.1792400000000001, -1.6798999999999999, -1.45, 1.9272, -1.6317699999999999, -1.41998, -0.95362999999999998]
tajectories: [[2.17924, -1.6799, -1.45, 1.9272, -1.63177, -1.41998, -0.95363], [2.19294, -1.30504, -1.26608, 1.97451, -1.56605, -1.19907, -1.09543], [2.20665, -0.93018, -1.08215, 2.02182, -1.50033, -0.97816, -1.23724], [2.22036, -0.55532, -0.89823, 2.06913, -1.4346, -0.75725, -1.37904], [2.23406, -0.18047, -0.71431, 2.11644, -1.36888, -0.53634, -1.52085], [2.24777, 0.19439, -0.53038, 2.16374, -1.30316, -0.31544, -1.66265], [2.26148, 0.56925, -0.34646, 2.21105, -1.23743, -0.09453, -1.80446], [2.26835, 0.7571, -0.25429, 2.23476, -1.2045, 0.01618, -1.87552], [2.01971, 0.92809, -0.50222, 2.13646, -1.25178, 0.29457, -1.96538], [1.77108, 1.09907, -0.75016, 2.03816, -1.29905, 0.57296, -2.05525], [1.52245, 1.27006, -0.9981, 1.93987, -1.34633, 0.85134, -2.14511], [1.27381, 1.44104, -1.24603, 1.84157, -1.39361, 1.12973, -2.23498], [1.02518, 1.61202, -1.49397, 1.74327, -1.44089, 1.40812, -2.32484]]
end: [0.91884999999999994, 1.6851499999999999, -1.6000000000000001, 1.70123, -1.4611099999999999, 1.52718, -2.36328]
obtacles: [[[0.6, -0.4, -0.2], [1.0, 0.6, -0.3]], [[0.7, -0.1, -0.2], [0.9, -0.0, 0.3]], [[0.7, 0.5, -0.2], [0.9, 0.6, 0.3]], [[0.7, -0.1, 0.3], [0.9, 0.6, 0.4]]]
start: [2.2192799999999999, -1.5642100000000001, -1.55, 1.7414400000000001, -1.56077, -1.55142, -0.81928999999999996]
tajectories: [[2.21928, -1.56421, -1.55, 1.74144, -1.56077, -1.55142, -0.81929], [2.10135, -1.28284, -1.32545, 1.90736, -1.5374, -1.36723, -1.03021], [1.98341, -1.00146, -1.10089, 2.07329, -1.51402, -1.18303, -1.24114], [1.86548, -0.72008, -0.87634, 2.23921, -1.49064, -0.99884, -1.45206], [1.74754, -0.4387, -0.65179, 2.40514, -1.46726, -0.81464, -1.66298], [1.62961, -0.15733, -0.42724, 2.57106, -1.44389, -0.63045, -1.87391], [1.51167, 0.12405, -0.20268, 2.73699, -1.42051, -0.44625, -2.08483], [1.39374, 0.40543, 0.02187, 2.90291, -1.39713, -0.26206, -2.29576], [1.36108, 0.48335, 0.08405, 2.94886, -1.39066, -0.21105, -2.35417], [1.603, 0.65331, 0.04465, 2.77577, -1.43203, 0.13997, -2.27574], [1.84492, 0.82326, 0.00525, 2.60268, -1.4734, 0.49099, -2.19731], [2.08683, 0.99322, -0.03415, 2.42959, -1.51478, 0.84201, -2.11888], [2.32875, 1.16318, -0.07355, 2.2565, -1.55615, 1.19303, -2.04046], [2.5004, 1.28376, -0.10151, 2.13369, -1.58551, 1.44208, -1.98481], [2.13265, 1.38776, -0.39392, 2.01843, -1.5345, 1.46299, -2.03085], [1.76491, 1.49176, -0.68634, 1.90317, -1.48349, 1.4839, -2.07688], [1.39716, 1.59576, -0.97875, 1.78791, -1.43248, 1.50482, -2.12291], [1.02942, 1.69976, -1.27116, 1.67265, -1.38147, 1.52573, -2.16894], [0.66167, 1.80376, -1.56358, 1.55739, -1.33046, 1.54664, -2.21497]]
end: [0.61587000000000003, 1.81671, -1.6000000000000001, 1.5430299999999999, -1.3241099999999999, 1.54924, -2.22071]
obtacles: [[[0.6, -0.4, -0.2], [1.0, 0.6, -0.3]], [[0.7, -0.1, -0.2], [0.9, -0.0, 0.3]], [[0.7, 0.5, -0.2], [0.9, 0.6, 0.3]], [[0.7, -0.1, 0.3], [0.9, 0.6, 0.4]]]
start: [2.39635, -1.60128, -1.55, 1.2073400000000001, -1.6066800000000001, -1.5622, -0.46162999999999998]
tajectories: [[2.39635, -1.60128, -1.55, 1.20734, -1.60668, -1.5622, -0.46163], [2.21454, -1.53298, -1.39023, 1.12186, -1.36548, -1.21437, -0.44489], [2.03273, -1.46469, -1.23046, 1.03639, -1.12428, -0.86653, -0.42815], [1.85093, -1.39639, -1.07069, 0.95091, -0.88308, -0.51869, -0.41141], [1.66912, -1.3281, -0.91091, 0.86543, -0.64188, -0.17086, -0.39467], [1.48731, -1.2598, -0.75114, 0.77995, -0.40068, 0.17698, -0.37793], [1.3055, -1.19151, -0.59137, 0.69447, -0.15947, 0.52481, -0.36118], [1.13432, -1.12721, -0.44094, 0.61399, 0.06762, 0.85231, -0.34542], [1.38988, -0.76195, -0.61092, 0.61101, 0.04212, 0.97596, -0.42563], [1.64544, -0.39669, -0.7809, 0.60804, 0.01662, 1.09961, -0.50584], [1.901, -0.03143, -0.95088, 0.60506, -0.00888, 1.22326, -0.58605], [2.15656, 0.33383, -1.12085, 0.60208, -0.03438, 1.34691, -0.66626], [2.30722, 0.54916, -1.22106, 0.60033, -0.04941, 1.4198, -0.71355], [2.08965, 0.7741, -1.27534, 0.80026, -0.24486, 1.43465, -0.97948], [1.87208, 0.99905, -1.32962, 1.00018, -0.44032, 1.4495, -1.24542], [1.65451, 1.22399, -1.3839, 1.20011, -0.63577, 1.46435, -1.51135], [1.43694, 1.44894, -1.43818, 1.40004, -0.83122, 1.4792, -1.77729], [1.21937, 1.67389, -1.49246, 1.59997, -1.02668, 1.49405, -2.04323], [1.00179, 1.89883, -1.54673, 1.7999, -1.22213, 1.5089, -2.30916]]
end: [0.98870000000000002, 1.9123699999999999, -1.55, 1.81193, -1.2338899999999999, 1.5098, -2.3251599999999999]
obtacles: [[[0.6, -0.4, -0.2], [1.0, 0.6, -0.3]], [[0.7, -0.1, -0.2], [0.9, -0.0, 0.3]], [[0.7, 0.5, -0.2], [0.9, 0.6, 0.3]], [[0.7, -0.1, 0.3], [0.9, 0.6, 0.4]]]
start: [-0.61955000000000005, 1.54548, -1.55, -0.54420000000000002, -4.7170699999999997, -1.53837, 0.075160000000000005]
tajectories: [[-0.61955, 1.54548, -1.55, -0.5442, -4.71707, -1.53837, 0.07516], [-0.45048, 1.31445, -1.30993, -0.28595, -4.62938, -1.35881, 0.13665], [-0.2814, 1.08342, -1.06986, -0.0277, -4.54169, -1.17925, 0.19815], [-0.11233, 0.85239, -0.82979, 0.23055, -4.454, -0.99969, 0.25964], [0.05675, 0.62136, -0.58972, 0.4888, -4.36631, -0.82013, 0.32114], [0.22582, 0.39033, -0.34964, 0.74705, -4.27863, -0.64058, 0.38263], [0.3949, 0.1593, -0.10957, 1.00529, -4.19094, -0.46102, 0.44413], [0.45118, 0.08239, -0.02966, 1.09126, -4.16175, -0.40124, 0.4646], [0.72888, 0.31606, -0.09231, 1.24372, -3.95506, -0.59526, 0.36091], [1.00658, 0.54973, -0.15497, 1.39618, -3.74837, -0.78928, 0.25722], [1.28428, 0.7834, -0.21762, 1.54864, -3.54168, -0.9833, 0.15354], [1.56197, 1.01706, -0.28028, 1.7011, -3.33499, -1.17732, 0.04985], [1.82525, 1.2386, -0.33968, 1.84565, -3.13904, -1.36126, -0.04845], [1.64655, 1.36087, -0.60982, 1.84307, -3.44252, -1.39997, 0.14269], [1.46784, 1.48313, -0.87995, 1.8405, -3.746, -1.43869, 0.33382], [1.28913, 1.6054, -1.15009, 1.83793, -4.04949, -1.4774, 0.52496], [1.11043, 1.72767, -1.42022, 1.83536, -4.35297, -1.51612, 0.7161]]
end: [1.02457, 1.7864100000000001, -1.55, 1.83412, -4.4987700000000004, -1.53471, 0.80793000000000004]
obtacles: [[[0.6, -0.4, -0.2], [1.0, 0.6, -0.3]], [[0.7, -0.1, -0.2], [0.9, -0.0, 0.3]], [[0.7, 0.5, -0.2], [0.9, 0.6, 0.3]], [[0.7, -0.1, 0.3], [0.9, 0.6, 0.4]]]
start: [1.98786, -1.70827, -1.3, 1.6832, -1.68187, -1.2883800000000001, -0.49490000000000001]
tajectories: [[1.98786, -1.70827, -1.3, 1.6832, -1.68187, -1.28838, -0.4949], [1.81754, -1.4708, -1.23102, 1.69513, -1.73883, -1.07284, -0.82655], [1.64721, -1.23332, -1.16205, 1.70705, -1.79579, -0.8573, -1.1582], [1.47689, -0.99584, -1.09307, 1.71898, -1.85275, -0.64176, -1.48986], [1.30657, -0.75837, -1.02409, 1.7309, -1.90971, -0.42621, -1.82151], [1.15442, -0.54623, -0.96247, 1.74155, -1.96059, -0.23367, -2.11776], [1.16236, -0.21344, -0.92622, 1.8783, -1.70764, -0.0466, -2.25986], [1.17031, 0.11936, -0.88996, 2.01504, -1.45469, 0.14047, -2.40195], [1.17826, 0.45216, -0.85371, 2.15179, -1.20174, 0.32755, -2.54404], [1.18168, 0.59544, -0.8381, 2.21066, -1.09284, 0.40809, -2.60522], [1.1428, 0.90912, -1.03053, 2.12825, -1.17293, 0.71124, -2.51608], [1.10391, 1.22281, -1.22297, 2.04583, -1.25302, 1.0144, -2.42695], [1.06503, 1.5365, -1.41541, 1.96342, -1.33311, 1.31756, -2.33781]]
end: [1.0378400000000001, 1.7558800000000001, -1.55, 1.9057900000000001, -1.3891199999999999, 1.52959, -2.2754699999999999]
obtacles: [[[0.6, -0.4, -0.2], [1.0, 0.6, -0.3]], [[0.7, -0.1, -0.2], [0.9, -0.0, 0.3]], [[0.7, 0.5, -0.2], [0.9, 0.6, 0.3]], [[0.7, -0.1, 0.3], [0.9, 0.6, 0.4]]]
start: [2.2757000000000001, -1.96855, -1.5, 1.55355, -1.9704299999999999, -1.51224, -0.66152999999999995]
tajectories: [[2.2757, -1.96855, -1.5, 1.55355, -1.97043, -1.51224, -0.66153], [2.02554, -1.84948, -1.34691, 1.77274, -1.68611, -1.44016, -0.78695], [1.77539, -1.73041, -1.19381, 1.99193, -1.40179, -1.36809, -0.91237], [1.52523, -1.61134, -1.04072, 2.21111, -1.11747, -1.29602, -1.0378], [1.27507, -1.49227, -0.88763, 2.4303, -0.83316, -1.22395, -1.16322], [1.02491, -1.37321, -0.73453, 2.64949, -0.54884, -1.15188, -1.28865], [0.77476, -1.25414, -0.58144, 2.86868, -0.26452, -1.07981, -1.41407], [0.5246, -1.13507, -0.42834, 3.08786, 0.0198, -1.00773, -1.53949], [0.49937, -1.12306, -0.4129, 3.10997, 0.04848, -1.00047, -1.55214], [0.36585, -0.92074, -0.64173, 2.91851, -0.00245, -0.776, -1.77404], [0.23234, -0.71841, -0.87056, 2.72704, -0.05337, -0.55153, -1.99594], [0.09882, -0.51609, -1.09939, 2.53558, -0.10429, -0.32706, -2.21784], [-0.0347, -0.31376, -1.32822, 2.34412, -0.15522, -0.1026, -2.43974], [-0.16821, -0.11144, -1.55705, 2.15266, -0.20614, 0.12187, -2.66164], [-0.25092, 0.01389, -1.69879, 2.03406, -0.23769, 0.26092, -2.7991], [0.11182, 0.04335, -1.48051, 1.8915, -0.15977, 0.46127, -2.74106], [0.47456, 0.07281, -1.26222, 1.74895, -0.08186, 0.66163, -2.68302], [0.8373, 0.10227, -1.04393, 1.6064, -0.00394, 0.86198, -2.62498], [1.20005, 0.13173, -0.82565, 1.46385, 0.07397, 1.06234, -2.56695], [1.56279, 0.1612, -0.60736, 1.3213, 0.15188, 1.26269, -2.50891], [1.92553, 0.19066, -0.38908, 1.17874, 0.2298, 1.46305, -2.45087], [1.94892, 0.19256, -0.375, 1.16955, 0.23482, 1.47597, -2.44713], [1.77295, 0.48342, -0.58611, 1.27179, -0.04634, 1.48943, -2.4337], [1.59698, 0.77428, -0.79722, 1.37403, -0.3275, 1.50289, -2.42027], [1.42101, 1.06514, -1.00833, 1.47628, -0.60867, 1.51636, -2.40684], [1.24504, 1.356, -1.21944, 1.57852, -0.88983, 1.52982, -2.39341], [1.06907, 1.64686, -1.43055, 1.68076, -1.17099, 1.54328, -2.37997]]
end: [0.96950000000000003, 1.8114399999999999, -1.55, 1.73861, -1.3300799999999999, 1.5508999999999999, -2.3723800000000002]
obtacles: [[[0.6, -0.4, -0.2], [1.0, 0.6, -0.3]], [[0.7, -0.1, -0.2], [0.9, -0.0, 0.3]], [[0.7, 0.5, -0.2], [0.9, 0.6, 0.3]], [[0.7, -0.1, 0.3], [0.9, 0.6, 0.4]]]
start: [2.2843300000000002, -1.7256, -1.55, 1.47136, -1.72689, -1.5656600000000001, -0.61209000000000002]
tajectories: [[2.28433, -1.7256, -1.55, 1.47136, -1.72689, -1.56566, -0.61209], [2.1089, -1.35281, -1.53714, 1.33573, -1.63201, -1.48033, -0.82519], [1.93347, -0.98003, -1.52427, 1.2001, -1.53712, -1.395, -1.03829], [1.75805, -0.60725, -1.51141, 1.06447, -1.44223, -1.30967, -1.25139], [1.58262, -0.23447, -1.49854, 0.92884, -1.34735, -1.22434, -1.4645], [1.40719, 0.13831, -1.48568, 0.79321, -1.25246, -1.13901, -1.6776], [1.23176, 0.51109, -1.47281, 0.65758, -1.15758, -1.05368, -1.8907], [1.17288, 0.6362, -1.46849, 0.61206, -1.12573, -1.02504, -1.96222], [1.35028, 0.81152, -1.35836, 0.99029, -1.23329, -0.92021, -2.06245], [1.52768, 0.98683, -1.24823, 1.36852, -1.34085, -0.81537, -2.16269], [1.70508, 1.16214, -1.1381, 1.74676, -1.4484, -0.71054, -2.26292], [1.88248, 1.33745, -1.02796, 2.12499, -1.55596, -0.60571, -2.36315], [2.02782, 1.48107, -0.93774, 2.43487, -1.64408, -0.51982, -2.44526], [1.79978, 1.50875, -1.05782, 2.36206, -1.6189, -0.11096, -2.3467], [1.57175, 1.53642, -1.1779, 2.28925, -1.59372, 0.2979, -2.24814], [1.34371, 1.5641, -1.29799, 2.21644, -1.56854, 0.70675, -2.14957], [1.11568, 1.59178, -1.41807, 2.14364, -1.54335, 1.11561, -2.05101], [0.88764, 1.61945, -1.53816, 2.07083, -1.51817, 1.52447, -1.95245]]
end: [0.86514999999999997, 1.62218, -1.55, 2.06365, -1.51569, 1.5647899999999999, -1.9427300000000001]
obtacles: [[[0.6, -0.4, -0.2], [1.0, 0.6, -0.3]], [[0.7, -0.1, -0.2], [0.9, -0.0, 0.3]], [[0.7, 0.5, -0.2], [0.9, 0.6, 0.3]], [[0.7, -0.1, 0.3], [0.9, 0.6, 0.4]]]
start: [-0.75502999999999998, 1.9498899999999999, 1.95, 1.46163, -2.0099, -1.2645, -0.56413000000000002]
tajectories: [[-0.75503, 1.94989, 1.95, 1.46163, -2.0099, -1.2645, -0.56413], [-0.8282, 1.64044, 2.08148, 1.81542, -1.97503, -1.19929, -0.59503], [-0.90137, 1.33098, 2.21295, 2.16922, -1.94015, -1.13408, -0.62594], [-0.97454, 1.02152, 2.34443, 2.52302, -1.90527, -1.06887, -0.65685], [-1.04771, 0.71207, 2.47591, 2.87682, -1.8704, -1.00367, -0.68776], [-1.071, 0.61355, 2.51777, 2.98946, -1.85929, -0.9829, -0.69759], [-1.11899, 0.89782, 2.13377, 2.9056, -1.84735, -0.87768, -0.73207], [-1.16698, 1.18209, 1.74978, 2.82174, -1.83541, -0.77246, -0.76655], [-1.21497, 1.46636, 1.36578, 2.73789, -1.82347, -0.66724, -0.80103], [-1.24857, 1.66537, 1.09695, 2.67918, -1.81511, -0.59357, -0.82516], [-0.99366, 1.74362, 1.1962, 2.45705, -1.85636, -0.8662, -1.03415], [-0.73875, 1.82186, 1.29545, 2.23493, -1.89761, -1.13884, -1.24314], [-0.48383, 1.90011, 1.3947, 2.0128, -1.93886, -1.41147, -1.45213]]
end: [-0.34178999999999998, 1.94371, 1.45, 1.88903, -1.9618500000000001, -1.5633900000000001, -1.5685899999999999]
obtacles: [[[0.6, -0.4, -0.2], [1.0, 0.6, -0.3]], [[0.7, -0.1, -0.2], [0.9, -0.0, 0.3]], [[0.7, 0.5, -0.2], [0.9, 0.6, 0.3]], [[0.7, -0.1, 0.3], [0.9, 0.6, 0.4]]]
start: [-0.75800000000000001, 1.9615100000000001, 1.7, 1.2777700000000001, -1.98125, -1.5667500000000001, -0.49332999999999999]
tajectories: [[-0.758, 1.96151, 1.7, 1.27777, -1.98125, -1.56675, -0.49333], [-0.8263, 1.8559, 1.60751, 1.50865, -1.68937, -1.45961, -0.76836], [-0.89461, 1.75029, 1.51503, 1.73954, -1.3975, -1.35246, -1.0434], [-0.96291, 1.64468, 1.42254, 1.97043, -1.10562, -1.24532, -1.31844], [-1.03122, 1.53906, 1.33006, 2.20132, -0.81374, -1.13818, -1.59348], [-1.09953, 1.43345, 1.23757, 2.43221, -0.52187, -1.03103, -1.86852], [-1.16783, 1.32784, 1.14509, 2.66309, -0.22999, -0.92389, -2.14356], [-1.23614, 1.22223, 1.0526, 2.89398, 0.06189, -0.81675, -2.41859], [-1.24795, 1.20397, 1.03661, 2.9339, 0.11235, -0.79822, -2.46615], [-0.87901, 1.23996, 0.9735, 2.81206, -0.17818, -0.817, -2.3713], [-0.51007, 1.27594, 0.91039, 2.69021, -0.46871, -0.83578, -2.27646], [-0.14112, 1.31192, 0.84728, 2.56836, -0.75924, -0.85457, -2.18161], [0.22782, 1.34791, 0.78416, 2.44652, -1.04977, -0.87335, -2.08676], [0.59676, 1.38389, 0.72105, 2.32467, -1.34031, -0.89213, -1.99192], [0.9657, 1.41987, 0.65794, 2.20283, -1.63084, -0.91091, -1.89707], [1.33464, 1.45586, 0.59482, 2.08098, -1.92137, -0.92969, -1.80222], [1.70359, 1.49184, 0.53171, 1.95913, -2.2119, -0.94847, -1.70738], [1.76131, 1.49747, 0.52184, 1.94007, -2.25736, -0.95141, -1.69254], [1.33772, 1.58586, 0.72585, 1.90532, -2.19996, -1.05017, -1.60963], [0.91412, 1.67425, 0.92986, 1.87056, -2.14255, -1.14893, -1.52671], [0.49052, 1.76263, 1.13388, 1.83581, -2.08515, -1.24769, -1.4438], [0.06692, 1.85102, 1.33789, 1.80106, -2.02775, -1.34645, -1.36089], [-0.35668, 1.93941, 1.5419, 1.76631, -1.97034, -1.44521, -1.27797]]
end: [-0.4773, 1.96458, 1.6000000000000001, 1.75641, -1.954, -1.47333, -1.2543599999999999]
obtacles: [[[0.6, -0.4, -0.2], [1.0, 0.6, -0.3]], [[0.7, -0.1, -0.2], [0.9, -0.0, 0.3]], [[0.7, 0.5, -0.2], [0.9, 0.6, 0.3]], [[0.7, -0.1, 0.3], [0.9, 0.6, 0.4]]]
start: [-0.49386000000000002, 1.8287500000000001, 2.0, 0.60036999999999996, -2.0671200000000001, -1.55396, -0.045719999999999997]
tajectories: [[-0.49386, 1.82875, 2.0, 0.60037, -2.06712, -1.55396, -0.04572], [-0.67238, 1.63609, 1.86453, 0.84208, -1.8207, -1.37859, -0.15864], [-0.85091, 1.44343, 1.72906, 1.0838, -1.57427, -1.20321, -0.27157], [-1.02943, 1.25077, 1.59359, 1.32551, -1.32785, -1.02784, -0.38449], [-1.20795, 1.05811, 1.45812, 1.56723, -1.08142, -0.85246, -0.49742], [-1.38647, 0.86545, 1.32265, 1.80894, -0.835, -0.67709, -0.61034], [-1.565, 0.67279, 1.18718, 2.05066, -0.58857, -0.50171, -0.72326], [-1.74352, 0.48013, 1.05172, 2.29237, -0.34215, -0.32634, -0.83619], [-1.84375, 0.37196, 0.97566, 2.42808, -0.20379, -0.22787, -0.89959], [-1.68766, 0.06929, 1.04435, 2.28156, 0.02367, -0.02272, -1.01797], [-1.53156, -0.23337, 1.11305, 2.13504, 0.25113, 0.18244, -1.13636], [-1.37547, -0.53603, 1.18175, 1.98851, 0.47859, 0.38759, -1.25475], [-1.21938, -0.83869, 1.25045, 1.84199, 0.70605, 0.59274, -1.37313], [-1.06328, -1.14135, 1.31914, 1.69547, 0.93351, 0.7979, -1.49152], [-0.90719, -1.44402, 1.38784, 1.54894, 1.16098, 1.00305, -1.6099], [-0.89193, -1.4736, 1.39456, 1.53462, 1.18321, 1.02311, -1.62148], [-1.15163, -1.5452, 1.42026, 1.54923, 0.78317, 1.10758, -1.71836], [-1.41132, -1.6168, 1.44596, 1.56383, 0.38312, 1.19205, -1.81524], [-1.67101, -1.68841, 1.47166, 1.57844, -0.01693, 1.27653, -1.91212], [-1.9307, -1.76001, 1.49736, 1.59304, -0.41697, 1.361, -2.009], [-2.1904, -1.83161, 1.52306, 1.60765, -0.81702, 1.44547, -2.10588], [-2.45009, -1.90321, 1.54877, 1.62225, -1.21707, 1.52994, -2.20276]]
end: [-2.4625599999999999, -1.9066399999999999, 1.55, 1.6229499999999999, -1.23627, 1.534, -2.2074099999999999]
obtacles: [[[0.6, -0.4, -0.2], [1.0, 0.6, -0.3]], [[0.7, -0.1, -0.2], [0.9, -0.0, 0.3]], [[0.7, 0.5, -0.2], [0.9, 0.6, 0.3]], [[0.7, -0.1, 0.3], [0.9, 0.6, 0.4]]]
start: [2.3188, -1.90832, -1.55, 1.6418699999999999, -1.90628, -1.52769, -0.80823999999999996]
tajectories: [[2.3188, -1.90832, -1.55, 1.64187, -1.90628, -1.52769, -0.80824], [2.11085, -1.66383, -1.58044, 1.74844, -1.99597, -1.17639, -0.86516], [1.9029, -1.41935, -1.61089, 1.855, -2.08566, -0.82508, -0.92207], [1.69495, -1.17487, -1.64133, 1.96157, -2.17536, -0.47377, -0.97899], [1.487, -0.93039, -1.67178, 2.06814, -2.26505, -0.12246, -1.03591], [1.46148, -0.9004, -1.67551, 2.08121, -2.27605, -0.07936, -1.04289], [1.5418, -0.46053, -1.60124, 2.18456, -2.17852, 0.07643, -1.03347], [1.62212, -0.02067, -1.52698, 2.28791, -2.08098, 0.23222, -1.02404], [1.70244, 0.41919, -1.45271, 2.39126, -1.98345, 0.38801, -1.01462], [1.78276, 0.85906, -1.37844, 2.49461, -1.88591, 0.5438, -1.00519], [1.84746, 1.21338, -1.31861, 2.57786, -1.80734, 0.66929, -0.9976], [1.67173, 1.31466, -1.37908, 2.36282, -1.73207, 0.85663, -1.3414], [1.496, 1.41594, -1.43955, 2.14778, -1.65679, 1.04396, -1.6852], [1.32026, 1.51722, -1.50002, 1.93274, -1.58152, 1.2313, -2.02901], [1.14453, 1.6185, -1.56049, 1.7177, -1.50624, 1.41864, -2.37281]]
end: [1.0297000000000001, 1.68468, -1.6000000000000001, 1.57718, -1.45705, 1.5410600000000001, -2.5974699999999999]
obtacles: [[[0.6, -0.4, -0.2], [1.0, 0.6, -0.3]], [[0.7, -0.1, -0.2], [0.9, -0.0, 0.3]], [[0.7, 0.5, -0.2], [0.9, 0.6, 0.3]], [[0.7, -0.1, 0.3], [0.9, 0.6, 0.4]]]
start: [2.5208900000000001, -1.87158, -1.3999999999999999, 1.14364, 1.22706, 1.54579, 2.6489400000000001]
tajectories: [[2.52089, -1.87158, -1.4, 1.14364, 1.22706, 1.54579, 2.64894], [2.39817, -1.58488, -1.15008, 1.09649, 1.15208, 1.52559, 2.36253], [2.27545, -1.29818, -0.90016, 1.04934, 1.07711, 1.50539, 2.07612], [2.15272, -1.01148, -0.65024, 1.00219, 1.00214, 1.48519, 1.78971], [2.03, -0.72478, -0.40032, 0.95504, 0.92717, 1.46499, 1.5033], [1.90728, -0.43808, -0.15041, 0.90788, 0.8522, 1.44479, 1.21689], [1.78455, -0.15138, 0.09951, 0.86073, 0.77723, 1.42459, 0.93048], [1.66183, 0.13533, 0.34943, 0.81358, 0.70226, 1.40439, 0.64408], [1.53911, 0.42203, 0.59935, 0.76643, 0.62729, 1.38419, 0.35767], [1.48272, 0.55376, 0.71418, 0.74477, 0.59284, 1.3749, 0.22607], [1.62939, 0.48796, 0.65424, 0.98284, 0.46384, 1.12991, -0.06926], [1.77607, 0.42215, 0.59429, 1.22092, 0.33484, 0.88491, -0.36459], [1.92274, 0.35635, 0.53434, 1.45899, 0.20584, 0.63992, -0.65992], [2.06942, 0.29054, 0.4744, 1.69707, 0.07684, 0.39492, -0.95524], [2.2161, 0.22474, 0.41445, 1.93515, -0.05216, 0.14993, -1.25057], [2.36277, 0.15894, 0.3545, 2.17322, -0.18116, -0.09507, -1.5459], [2.50945, 0.09313, 0.29456, 2.4113, -0.31016, -0.34006, -1.84123], [2.5749, 0.06377, 0.2678, 2.51755, -0.36773, -0.4494, -1.97302], [2.36087, 0.30254, 0.03241, 2.41483, -0.48, -0.19183, -2.02068], [2.14684, 0.54131, -0.20299, 2.31212, -0.59227, 0.06574, -2.06834], [1.93281, 0.78008, -0.43839, 2.20941, -0.70454, 0.32331, -2.116], [1.71878, 1.01885, -0.67378, 2.1067, -0.81682, 0.58088, -2.16366], [1.50475, 1.25762, -0.90918, 2.00399, -0.92909, 0.83844, -2.21131], [1.29071, 1.4964, -1.14457, 1.90128, -1.04136, 1.09601, -2.25897], [1.07668, 1.73517, -1.37997, 1.79856, -1.15363, 1.35358, -2.30663]]
end: [0.92208000000000001, 1.90764, -1.55, 1.72437, -1.2347300000000001, 1.5396300000000001, -2.3410500000000001]
obtacles: [[[0.6, -0.4, -0.2], [1.0, 0.6, -0.3]], [[0.7, -0.1, -0.2], [0.9, -0.0, 0.3]], [[0.7, 0.5, -0.2], [0.9, 0.6, 0.3]], [[0.7, -0.1, 0.3], [0.9, 0.6, 0.4]]]
start: [2.36883, -1.70167, -1.45, 0.99929999999999997, -1.7461599999999999, -1.5408900000000001, -0.21598999999999999]
tajectories: [[2.36883, -1.70167, -1.45, 0.9993, -1.74616, -1.54089, -0.21599], [2.16011, -1.56961, -1.25987, 1.12266, -1.43247, -1.38231, -0.33467], [1.95139, -1.43756, -1.06974, 1.24601, -1.11878, -1.22373, -0.45335], [1.74268, -1.3055, -0.87961, 1.36936, -0.8051, -1.06515, -0.57203], [1.53396, -1.17344, -0.68947, 1.49271, -0.49141, -0.90658, -0.69071], [1.32524, -1.04139, -0.49934, 1.61607, -0.17772, -0.748, -0.80939], [1.30128, -1.02623, -0.47751, 1.63023, -0.14171, -0.72979, -0.82302], [1.524, -0.68787, -0.43033, 1.84967, -0.18618, -0.69509, -1.00286], [1.74672, -0.34951, -0.38315, 2.06912, -0.23065, -0.66038, -1.18271], [1.96944, -0.01116, -0.33597, 2.28856, -0.27512, -0.62568, -1.36256], [2.19216, 0.3272, -0.28879, 2.50801, -0.3196, -0.59097, -1.54241], [2.41488, 0.66556, -0.24161, 2.72746, -0.36407, -0.55627, -1.72225], [2.58191, 0.91931, -0.20623, 2.89203, -0.39742, -0.53024, -1.85713], [2.33997, 1.02725, -0.40119, 2.71493, -0.54499, -0.24132, -1.92912], [2.09802, 1.13518, -0.59616, 2.53783, -0.69256, 0.04761, -2.00111], [1.85608, 1.24312, -0.79112, 2.36073, -0.84013, 0.33653, -2.0731], [1.61414, 1.35105, -0.98609, 2.18363, -0.98771, 0.62546, -2.14509], [1.37219, 1.45899, -1.18105, 2.00653, -1.13528, 0.91438, -2.21708], [1.13025, 1.56692, -1.37602, 1.82943, -1.28285, 1.20331, -2.28907], [0.8883, 1.67486, -1.57098, 1.65233, -1.43042, 1.49223, -2.36106]]
end: [0.85228999999999999, 1.69092, -1.6000000000000001, 1.6259699999999999, -1.4523900000000001, 1.5352300000000001, -2.3717800000000002]
obtacles: [[[0.6, -0.4, -0.2], [1.0, 0.6, -0.3]], [[0.7, -0.1, -0.2], [0.9, -0.0, 0.3]], [[0.7, 0.5, -0.2], [0.9, 0.6, 0.3]], [[0.7, -0.1, 0.3], [0.9, 0.6, 0.4]]]
start: [2.5447500000000001, -1.60964, -1.45, 0.60931999999999997, -1.69214, -1.53372, -0.0078700000000000003]
tajectories: [[2.54475, -1.60964, -1.45, 0.60932, -1.69214, -1.53372, -0.00787], [2.55484, -1.4179, -1.36305, 0.60671, -1.54067, -1.1123, -0.07879], [2.56493, -1.22615, -1.27611, 0.60409, -1.38919, -0.69088, -0.14971], [2.57502, -1.03441, -1.18916, 0.60147, -1.23771, -0.26946, -0.22062], [2.58511, -0.84267, -1.10222, 0.59886, -1.08624, 0.15196, -0.29154], [2.5952, -0.65093, -1.01527, 0.59624, -0.93476, 0.57338, -0.36245], [2.60528, -0.45919, -0.92832, 0.59363, -0.78328, 0.99479, -0.43337], [2.61068, -0.35658, -0.8818, 0.59223, -0.70222, 1.22032, -0.47132], [2.57072, 0.03184, -0.81907, 0.8568, -0.78333, 1.25879, -0.59597], [2.53076, 0.42026, -0.75634, 1.12137, -0.86444, 1.29727, -0.72063], [2.4908, 0.80868, -0.69361, 1.38595, -0.94554, 1.33575, -0.84528], [2.45084, 1.19711, -0.63088, 1.65052, -1.02665, 1.37423, -0.96994], [2.41088, 1.58553, -0.56815, 1.91509, -1.10776, 1.41271, -1.09459], [2.38415, 1.84535, -0.52618, 2.09207, -1.16201, 1.43845, -1.17798], [2.11413, 1.85627, -0.76163, 1.98767, -1.18082, 1.45825, -1.50948], [1.84412, 1.86719, -0.99707, 1.88328, -1.19963, 1.47805, -1.84098], [1.5741, 1.87812, -1.23251, 1.77888, -1.21844, 1.49785, -2.17249], [1.30408, 1.88904, -1.46795, 1.67449, -1.23725, 1.51765, -2.50399]]
end: [1.1526400000000001, 1.89516, -1.6000000000000001, 1.6159399999999999, -1.2478, 1.5287500000000001, -2.6899299999999999]
obtacles: [[[0.6, -0.4, -0.2], [1.0, 0.6, -0.3]], [[0.7, -0.1, -0.2], [0.9, -0.0, 0.3]], [[0.7, 0.5, -0.2], [0.9, 0.6, 0.3]], [[0.7, -0.1, 0.3], [0.9, 0.6, 0.4]]]
start: [2.2291599999999998, -1.86982, -1.5, 1.4593, -1.8759699999999999, -1.5363899999999999, -0.53090999999999999]
tajectories: [[2.22916, -1.86982, -1.5, 1.4593, -1.87597, -1.53639, -0.53091], [2.19582, -1.58689, -1.25768, 1.66847, -1.66194, -1.48293, -0.39785], [2.16248, -1.30397, -1.01536, 1.87763, -1.44791, -1.42947, -0.26479], [2.12913, -1.02104, -0.77304, 2.0868, -1.23388, -1.37601, -0.13172], [2.09579, -0.73811, -0.53072, 2.29596, -1.01985, -1.32256, 0.00134], [2.06245, -0.45519, -0.2884, 2.50513, -0.80582, -1.2691, 0.1344], [2.0598, -0.43268, -0.26912, 2.52177, -0.78879, -1.26484, 0.14499], [2.05793, -0.189, -0.4377, 2.53836, -0.73876, -0.90173, -0.02104], [2.05607, 0.05467, -0.60629, 2.55496, -0.68872, -0.53861, -0.18707], [2.05421, 0.29834, -0.77487, 2.57155, -0.63869, -0.17549, -0.3531], [2.05234, 0.54201, -0.94346, 2.58815, -0.58865, 0.18762, -0.51914], [2.05048, 0.78569, -1.11205, 2.60474, -0.53861, 0.55074, -0.68517], [2.04862, 1.02936, -1.28063, 2.62134, -0.48858, 0.91386, -0.8512], [2.04676, 1.27303, -1.44922, 2.63793, -0.43854, 1.27697, -1.01723], [2.04643, 1.3156, -1.47867, 2.64083, -0.4298, 1.34041, -1.04624], [1.86104, 1.40649, -1.5112, 2.40024, -0.6019, 1.37803, -1.38887], [1.67566, 1.49737, -1.54374, 2.15964, -0.774, 1.41564, -1.7315], [1.49027, 1.58825, -1.57627, 1.91904, -0.9461, 1.45326, -2.07413], [1.30489, 1.67914, -1.6088, 1.67845, -1.1182, 1.49087, -2.41675], [1.1195, 1.77002, -1.64134, 1.43785, -1.2903, 1.52848, -2.75938]]
end: [1.07012, 1.79423, -1.6499999999999999, 1.3737699999999999, -1.3361400000000001, 1.5385, -2.8506399999999998]
obtacles: [[[0.6, -0.4, -0.2], [1.0, 0.6, -0.3]], [[0.7, -0.1, -0.2], [0.9, -0.0, 0.3]], [[0.7, 0.5, -0.2], [0.9, 0.6, 0.3]], [[0.7, -0.1, 0.3], [0.9, 0.6, 0.4]]]
start: [2.0098699999999998, -1.7690300000000001, -1.5, 1.6526000000000001, -1.76329, -1.4854799999999999, -0.50560000000000005]
tajectories: [[2.00987, -1.76903, -1.5, 1.6526, -1.76329, -1.48548, -0.5056], [1.67204, -1.7846, -1.25095, 1.66967, -1.71579, -1.24774, -0.62616], [1.33421, -1.80018, -1.0019, 1.68673, -1.6683, -1.01, -0.74672], [0.99637, -1.81576, -0.75285, 1.70379, -1.62081, -0.77227, -0.86728], [0.65854, -1.83133, -0.5038, 1.72086, -1.57332, -0.53453, -0.98784], [0.32071, -1.84691, -0.25476, 1.73792, -1.52582, -0.29679, -1.1084], [-0.01713, -1.86249, -0.00571, 1.75498, -1.47833, -0.05905, -1.22896], [-0.35496, -1.87806, 0.24334, 1.77205, -1.43084, 0.17868, -1.34952], [-0.6928, -1.89364, 0.49239, 1.78911, -1.38335, 0.41642, -1.47008], [-1.03063, -1.90922, 0.74144, 1.80617, -1.33586, 0.65416, -1.59064], [-1.36846, -1.9248, 0.99049, 1.82324, -1.28836, 0.8919, -1.7112], [-1.7063, -1.94037, 1.23954, 1.8403, -1.24087, 1.12963, -1.83175], [-2.04413, -1.95595, 1.48859, 1.85736, -1.19338, 1.36737, -1.95231]]
end: [-2.3309099999999998, -1.9691700000000001, 1.7, 1.87185, -1.15306, 1.56918, -2.0546500000000001]
obtacles: [[[0.6, -0.4, -0.2], [1.0, 0.6, -0.3]], [[0.7, -0.1, -0.2], [0.9, -0.0, 0.3]], [[0.7, 0.5, -0.2], [0.9, 0.6, 0.3]], [[0.7, -0.1, 0.3], [0.9, 0.6, 0.4]]]
start: [-0.71194999999999997, 1.7048300000000001, 1.75, 0.75339, -1.79294, -1.54742, -0.026769999999999999]
tajectories: [[-0.71195, 1.70483, 1.75, 0.75339, -1.79294, -1.54742, -0.02677], [-0.91091, 1.51681, 1.64427, 1.07184, -1.87559, -1.41723, -0.22349], [-1.10986, 1.32879, 1.53855, 1.39028, -1.95824, -1.28705, -0.42021], [-1.30882, 1.14077, 1.43282, 1.70873, -2.04089, -1.15686, -0.61693], [-1.50778, 0.95275, 1.32709, 2.02718, -2.12354, -1.02668, -0.81365], [-1.70673, 0.76472, 1.22137, 2.34562, -2.20619, -0.89649, -1.01037], [-1.84282, 0.63612, 1.14905, 2.56344, -2.26273, -0.80745, -1.14493], [-1.45274, 0.55546, 1.1109, 2.46544, -2.52048, -0.80255, -1.26245], [-1.06266, 0.4748, 1.07275, 2.36743, -2.77823, -0.79765, -1.37998], [-0.67258, 0.39414, 1.0346, 2.26943, -3.03599, -0.79275, -1.49751], [-0.28251, 0.31348, 0.99646, 2.17142, -3.29374, -0.78785, -1.61503], [0.10757, 0.23282, 0.95831, 2.07342, -3.55149, -0.78296, -1.73256], [0.49765, 0.15216, 0.92016, 1.97542, -3.80925, -0.77806, -1.85009], [0.88772, 0.07149, 0.88201, 1.87741, -4.067, -0.77316, -1.96762], [1.1246, 0.02251, 0.85884, 1.8179, -4.22352, -0.77018, -2.03898], [0.97278, 0.29384, 0.99086, 1.78786, -3.872, -0.86147, -1.98332], [0.82096, 0.56516, 1.12288, 1.75782, -3.52047, -0.95276, -1.92766], [0.66915, 0.83649, 1.25491, 1.72777, -3.16895, -1.04405, -1.872], [0.51733, 1.10781, 1.38693, 1.69773, -2.81742, -1.13534, -1.81634], [0.36551, 1.37914, 1.51895, 1.66769, -2.4659, -1.22663, -1.76068], [0.21369, 1.65047, 1.65097, 1.63765, -2.11437, -1.31792, -1.70502]]
end: [0.099809999999999996, 1.85399, 1.75, 1.61511, -1.8506899999999999, -1.3864000000000001, -1.66326]
obtacles: [[[0.6, -0.4, -0.2], [1.0, 0.6, -0.3]], [[0.7, -0.1, -0.2], [0.9, -0.0, 0.3]], [[0.7, 0.5, -0.2], [0.9, 0.6, 0.3]], [[0.7, -0.1, 0.3], [0.9, 0.6, 0.4]]]
start: [-0.71875, 1.7753099999999999, 1.6499999999999999, 1.47221, -1.78244, -1.51366, -0.73924999999999996]
tajectories: [[-0.71875, 1.77531, 1.65, 1.47221, -1.78244, -1.51366, -0.73925], [-0.88909, 1.76448, 1.91852, 1.65235, -2.04464, -1.40983, -0.93104], [-1.05943, 1.75366, 2.18703, 1.8325, -2.30685, -1.306, -1.12283], [-1.14442, 1.74826, 2.32101, 1.92239, -2.43768, -1.25419, -1.21853], [-0.71212, 1.82873, 2.19055, 1.98356, -2.50972, -1.17364, -1.37408], [-0.27981, 1.9092, 2.06008, 2.04473, -2.58176, -1.09309, -1.52963], [-0.25955, 1.91297, 2.05397, 2.0476, -2.58513, -1.08931, -1.53692], [-0.40174, 1.90056, 1.84122, 2.00869, -2.19143, -1.24116, -1.46768]]
end: [-0.52954999999999997, 1.88941, 1.6499999999999999, 1.9737100000000001, -1.8375600000000001, -1.37765, -1.40544]
