obtacles: [[[0.6, -0.4, -0.2], [1.0, 0.6, -0.3]], [[0.8, -0.0, -0.2], [1.1, 0.1, 0.3]], [[0.8, 0.6, -0.2], [1.1, 0.7, 0.3]], [[0.8, 0.0, 0.3], [1.1, 0.7, 0.4]]]
start: [-0.079949999999999993, 1.90035, 0.94999999999999996, -0.85170999999999997, -0.90378000000000003, -1.3684700000000001, 0.75478000000000001]
tajectories: [[-0.07995, 1.90035, 0.95, -0.85171, -0.90378, -1.36847, 0.75478], [-0.10633, 1.67729, 0.67863, -0.79825, -1.25313, -1.34759, 0.73096], [-0.13271, 1.45423, 0.40725, -0.74479, -1.60247, -1.32671, 0.70714], [-0.1591, 1.23117, 0.13588, -0.69134, -1.95182, -1.30583, 0.68333], [-0.18548, 1.00811, -0.1355, -0.63788, -2.30117, -1.28495, 0.65951], [-0.21187, 0.78506, -0.40687, -0.58442, -2.65052, -1.26407, 0.6357], [-0.23825, 0.562, -0.67825, -0.53096, -2.99986, -1.24319, 0.61188], [-0.25753, 0.39899, -0.87656, -0.4919, -3.25517, -1.22793, 0.59447], [-0.32494, 0.26461, -0.53137, -0.26154, -3.43533, -1.14037, 0.71717], [-0.39234, 0.13023, -0.18618, -0.03119, -3.61549, -1.05281, 0.83986], [-0.45975, -0.00415, 0.15901, 0.19916, -3.79565, -0.96525, 0.96255], [-0.52716, -0.13854, 0.5042, 0.42952, -3.97581, -0.87769, 1.08524], [-0.59457, -0.27292, 0.84939, 0.65987, -4.15597, -0.79013, 1.20794], [-0.63842, -0.36033, 1.07393, 0.80971, -4.27316, -0.73317, 1.28775], [-0.72276, -0.65521, 0.97713, 1.13573, -4.40208, -0.79084, 1.43033], [-0.8071, -0.95008, 0.88033, 1.46174, -4.53101, -0.8485, 1.57292], [-0.89144, -1.24496, 0.78352, 1.78776, -4.65993, -0.90617, 1.71551], [-0.97341, -1.53152, 0.68945, 2.10458, -4.78521, -0.96221, 1.85408], [-1.23353, -1.61065, 0.77292, 1.8929, -4.66941, -1.05905, 1.53547], [-1.49365, -1.68979, 0.85639, 1.68123, -4.5536, -1.1559, 1.21686], [-1.75377, -1.76892, 0.93986, 1.46956, -4.43779, -1.25275, 0.89824], [-2.01388, -1.84805, 1.02333, 1.25789, -4.32199, -1.34959, 0.57963], [-2.274, -1.92719, 1.10681, 1.04621, -4.20618, -1.44644, 0.26102]]
end: [-2.4086099999999999, -1.96814, 1.1499999999999999, 0.93667999999999996, -4.1462500000000002, -1.49655, 0.096149999999999999]
obtacles: [[[0.6, -0.4, -0.2], [1.0, 0.6, -0.3]], [[0.8, -0.0, -0.2], [1.1, 0.1, 0.3]], [[0.8, 0.6, -0.2], [1.1, 0.7, 0.3]], [[0.8, 0.0, 0.3], [1.1, 0.7, 0.4]]]
start: [-0.41636000000000001, 1.7985199999999999, 1.75, 1.01563, -1.8582399999999999, -1.5422199999999999, -0.57459000000000005]
tajectories: [[-0.41636, 1.79852, 1.75, 1.01563, -1.85824, -1.54222, -0.57459], [-0.67477, 1.65844, 1.68592, 0.96947, -1.6146, -1.28873, -0.39088], [-0.93319, 1.51836, 1.62184, 0.9233, -1.37097, -1.03524, -0.20718], [-1.16877, 1.39067, 1.56342, 0.88122, -1.14888, -0.80415, -0.03971], [-0.95139, 1.11847, 1.4624, 1.15118, -1.15242, -0.72, -0.23586], [-0.73401, 0.84627, 1.36138, 1.42114, -1.15597, -0.63584, -0.432], [-0.51663, 0.57407, 1.26036, 1.69111, -1.15951, -0.55168, -0.62815], [-0.29925, 0.30187, 1.15934, 1.96107, -1.16306, -0.46753, -0.82429], [-0.18627, 0.16039, 1.10683, 2.10139, -1.1649, -0.42378, -0.92624], [0.16294, 0.16761, 1.12276, 2.10814, -1.35642, -0.46344, -1.22532], [0.51215, 0.17483, 1.13869, 2.1149, -1.54794, -0.50309, -1.5244], [0.86136, 0.18205, 1.15462, 2.12165, -1.73946, -0.54274, -1.82348], [1.21057, 0.18927, 1.17055, 2.12841, -1.93097, -0.58239, -2.12256], [1.55978, 0.1965, 1.18648, 2.13516, -2.12249, -0.62205, -2.42164], [1.77165, 0.20088, 1.19614, 2.13926, -2.23869, -0.6461, -2.6031], [1.50011, 0.4547, 1.28131, 1.97694, -2.18691, -0.78497, -2.36587], [1.22857, 0.70853, 1.36647, 1.81463, -2.13514, -0.92383, -2.12865], [0.95703, 0.96235, 1.45163, 1.65231, -2.08336, -1.06269, -1.89143], [0.68548, 1.21618, 1.5368, 1.48999, -2.03158, -1.20156, -1.6542], [0.41394, 1.47001, 1.62196, 1.32767, -1.97981, -1.34042, -1.41698], [0.1424, 1.72383, 1.70713, 1.16536, -1.92803, -1.47928, -1.17976]]
end: [0.0057000000000000002, 1.85162, 1.75, 1.0836399999999999, -1.9019699999999999, -1.5491900000000001, -1.06033]
obtacles: [[[0.6, -0.4, -0.2], [1.0, 0.6, -0.3]], [[0.8, -0.0, -0.2], [1.1, 0.1, 0.3]], [[0.8, 0.6, -0.2], [1.1, 0.7, 0.3]], [[0.8, 0.0, 0.3], [1.1, 0.7, 0.4]]]
start: [-0.53195999999999999, 1.8870199999999999, 1.75, 1.2132000000000001, -1.9294800000000001, -1.52094, -0.64354999999999996]
tajectories: [[-0.53196, 1.88702, 1.75, 1.2132, -1.92948, -1.52094, -0.64355], [-0.70105, 1.84457, 1.85605, 1.3065, -1.77234, -1.44787, -0.2317], [-0.87013, 1.80212, 1.96211, 1.39981, -1.6152, -1.37481, 0.18016], [-1.03922, 1.75966, 2.06816, 1.49311, -1.45806, -1.30175, 0.59201], [-1.2083, 1.71721, 2.17421, 1.58641, -1.30092, -1.22869, 1.00387], [-1.37739, 1.67476, 2.28026, 1.67972, -1.14378, -1.15563, 1.41572], [-1.54647, 1.6323, 2.38632, 1.77302, -0.98664, -1.08257, 1.82757], [-1.70393, 1.59277, 2.48508, 1.85991, -0.8403, -1.01453, 2.2111], [-1.4249, 1.59262, 2.46354, 1.89496, -1.21851, -0.87746, 2.11828], [-1.14587, 1.59247, 2.442, 1.93001, -1.59672, -0.74038, 2.02546], [-0.86684, 1.59233, 2.42046, 1.96506, -1.97494, -0.60331, 1.93263], [-0.58781, 1.59218, 2.39892, 2.00011, -2.35315, -0.46623, 1.83981], [-0.30878, 1.59203, 2.37738, 2.03516, -2.73136, -0.32915, 1.74698], [-0.02975, 1.59188, 2.35584, 2.07021, -3.10957, -0.19208, 1.65416], [0.24928, 1.59174, 2.3343, 2.10526, -3.48778, -0.055, 1.56134], [0.50442, 1.5916, 2.31461, 2.13731, -3.8336, 0.07033, 1.47646], [0.41439, 1.63833, 2.23901, 2.0135, -3.58527, -0.14553, 1.14419], [0.32436, 1.68505, 2.16341, 1.88969, -3.33694, -0.36139, 0.81192], [0.23433, 1.73178, 2.08781, 1.76588, -3.0886, -0.57725, 0.47966], [0.1443, 1.7785, 2.01221, 1.64207, -2.84027, -0.79311, 0.14739], [0.05427, 1.82523, 1.93661, 1.51826, -2.59194, -1.00898, -0.18488], [-0.03576, 1.87195, 1.86102, 1.39445, -2.3436, -1.22484, -0.51715], [-0.12579, 1.91868, 1.78542, 1.27064, -2.09527, -1.4407, -0.84941]]
end: [-0.16797000000000001, 1.9405699999999999, 1.75, 1.2126399999999999, -1.9789300000000001, -1.54183, -1.00508]
obtacles: [[[0.6, -0.4, -0.2], [1.0, 0.6, -0.3]], [[0.8, -0.0, -0.2], [1.1, 0.1, 0.3]], [[0.8, 0.6, -0.2], [1.1, 0.7, 0.3]], [[0.8, 0.0, 0.3], [1.1, 0.7, 0.4]]]
start: [-0.62924999999999998, 1.7096100000000001, 1.75, 1.0756699999999999, -1.7787599999999999, -1.48109, -0.42455999999999999]
tajectories: [[-0.62925, 1.70961, 1.75, 1.07567, -1.77876, -1.48109, -0.42456], [-0.8343, 1.51462, 1.8117, 1.34792, -1.4831, -1.42105, -0.39317], [-1.03935, 1.31962, 1.8734, 1.62017, -1.18744, -1.36101, -0.36178], [-1.2444, 1.12462, 1.9351, 1.89242, -0.89178, -1.30097, -0.33039], [-1.44945, 0.92963, 1.9968, 2.16467, -0.59612, -1.24093, -0.299], [-1.56763, 0.81723, 2.03236, 2.32159, -0.42571, -1.20632, -0.2809], [-1.25771, 0.82407, 1.75274, 2.29843, -0.53248, -1.01257, -0.11891], [-0.94779, 0.83091, 1.47312, 2.27527, -0.63924, -0.81883, 0.04308], [-0.63787, 0.83775, 1.19349, 2.25211, -0.746, -0.62508, 0.20507], [-0.32795, 0.84459, 0.91387, 2.22894, -0.85277, -0.43133, 0.36706], [-0.01803, 0.85142, 0.63425, 2.20578, -0.95953, -0.23759, 0.52905], [0.11146, 0.85428, 0.51741, 2.1961, -1.00414, -0.15664, 0.59673], [0.09305, 1.01304, 0.72923, 1.97967, -1.15277, -0.38733, 0.35708], [0.07464, 1.1718, 0.94106, 1.76324, -1.30141, -0.61802, 0.11743], [0.05622, 1.33056, 1.15288, 1.5468, -1.45004, -0.84871, -0.12222], [0.03781, 1.48932, 1.36471, 1.33037, -1.59867, -1.0794, -0.36187], [0.0194, 1.64808, 1.57653, 1.11394, -1.74731, -1.3101, -0.60153], [0.00099, 1.80684, 1.78835, 0.8975, -1.89594, -1.54079, -0.84118]]
end: [-2.0000000000000002e-05, 1.8155699999999999, 1.8, 0.88560000000000005, -1.90411, -1.5534699999999999, -0.85435000000000005]
obtacles: [[[0.6, -0.4, -0.2], [1.0, 0.6, -0.3]], [[0.8, -0.0, -0.2], [1.1, 0.1, 0.3]], [[0.8, 0.6, -0.2], [1.1, 0.7, 0.3]], [[0.8, 0.0, 0.3], [1.1, 0.7, 0.4]]]
start: [-0.60184000000000004, 1.82738, 1.8, 1.08921, -1.90465, -1.4935, -0.44464999999999999]
tajectories: [[-0.60184, 1.82738, 1.8, 1.08921, -1.90465, -1.4935, -0.44465], [-0.79077, 1.65422, 1.85375, 0.66762, -1.94096, -1.47268, -0.40062], [-0.90151, 1.55273, 1.88525, 0.42054, -1.96224, -1.46047, -0.37481], [-0.53555, 1.28276, 2.01255, 0.31527, -1.98005, -1.38742, -0.47608], [-0.1696, 1.0128, 2.13985, 0.20999, -1.99785, -1.31436, -0.57735], [0.0126, 0.87838, 2.20323, 0.15758, -2.00672, -1.27799, -0.62776], [0.13759, 1.02645, 2.09122, 0.59974, -2.01515, -1.26944, -0.693], [0.22801, 1.13357, 2.01019, 0.91962, -2.02125, -1.26326, -0.74019], [0.36987, 1.51104, 2.07593, 1.15473, -1.92857, -1.26165, -0.87876], [0.50565, 1.87233, 2.13886, 1.37976, -1.83986, -1.26011, -1.01138], [0.08193, 1.8869, 1.92103, 1.36911, -1.90357, -1.36624, -1.09721]]
end: [-0.1535, 1.895, 1.8, 1.3631899999999999, -1.9389700000000001, -1.4252, -1.1449]
obtacles: [[[0.6, -0.4, -0.2], [1.0, 0.6, -0.3]], [[0.8, -0.0, -0.2], [1.1, 0.1, 0.3]], [[0.8, 0.6, -0.2], [1.1, 0.7, 0.3]], [[0.8, 0.0, 0.3], [1.1, 0.7, 0.4]]]
start: [-0.63217999999999996, 1.93726, 1.8, 1.0364800000000001, -2.00027, -1.5707199999999999, -0.36162]
tajectories: [[-0.63218, 1.93726, 1.8, 1.03648, -2.00027, -1.57072, -0.36162], [-0.8137, 1.7487, 1.81959, 1.37128, -2.0895, -1.34933, -0.47137], [-0.99522, 1.56013, 1.83918, 1.70608, -2.17872, -1.12793, -0.58112], [-1.17673, 1.37157, 1.85877, 2.04088, -2.26795, -0.90654, -0.69088], [-1.30505, 1.23827, 1.87262, 2.27756, -2.33102, -0.75003, -0.76846], [-0.95687, 1.25626, 1.60108, 2.20559, -2.30654, -0.59033, -0.92154], [-0.60869, 1.27426, 1.32954, 2.13363, -2.28206, -0.43062, -1.07461], [-0.26051, 1.29226, 1.05801, 2.06166, -2.25758, -0.27092, -1.22768], [0.08767, 1.31025, 0.78647, 1.9897, -2.2331, -0.11121, -1.38076], [0.205, 1.31632, 0.69497, 1.96545, -2.22485, -0.05739, -1.43234], [0.19336, 1.42619, 0.95365, 1.74748, -2.14251, -0.39249, -1.36678], [0.18173, 1.53606, 1.21232, 1.52951, -2.06017, -0.72759, -1.30123], [0.17009, 1.64594, 1.47099, 1.31154, -1.97784, -1.06269, -1.23567], [0.15846, 1.75581, 1.72967, 1.09357, -1.8955, -1.39779, -1.17012]]
end: [0.15529999999999999, 1.7856799999999999, 1.8, 1.0343100000000001, -1.8731100000000001, -1.4888999999999999, -1.15229]
obtacles: [[[0.6, -0.4, -0.2], [1.0, 0.6, -0.3]], [[0.8, -0.0, -0.2], [1.1, 0.1, 0.3]], [[0.8, 0.6, -0.2], [1.1, 0.7, 0.3]], [[0.8, 0.0, 0.3], [1.1, 0.7, 0.4]]]
start: [-0.60655999999999999, 1.70008, 1.8, 1.0018499999999999, -1.8046, -1.4501500000000001, -0.36620999999999998]
tajectories: [[-0.60656, 1.70008, 1.8, 1.00185, -1.8046, -1.45015, -0.36621], [-0.71513, 1.71135, 1.88396, 1.25029, -1.69101, -1.15902, -0.09852], [-0.82369, 1.72261, 1.96791, 1.49874, -1.57742, -0.86789, 0.16916], [-0.93226, 1.73388, 2.05187, 1.74718, -1.46383, -0.57676, 0.43684], [-1.04083, 1.74514, 2.13582, 1.99562, -1.35023, -0.28563, 0.70452], [-1.05641, 1.74676, 2.14787, 2.03127, -1.33394, -0.24386, 0.74293], [-0.73291, 1.61125, 1.98321, 2.13124, -1.22924, -0.44876, 0.55075], [-0.40941, 1.47573, 1.81856, 2.23121, -1.12454, -0.65367, 0.35857], [-0.08592, 1.34022, 1.65391, 2.33119, -1.01984, -0.85858, 0.16639], [0.01073, 1.29974, 1.60472, 2.36105, -0.98856, -0.9198, 0.10897], [-0.04876, 1.43476, 1.65476, 2.12042, -1.2125, -1.04028, -0.2122], [-0.10826, 1.56979, 1.7048, 1.87978, -1.43645, -1.16076, -0.53337], [-0.16776, 1.70481, 1.75485, 1.63914, -1.66039, -1.28124, -0.85454]]
end: [-0.22144, 1.82664, 1.8, 1.42201, -1.8624499999999999, -1.38995, -1.1443300000000001]
obtacles: [[[0.6, -0.4, -0.2], [1.0, 0.6, -0.3]], [[0.8, -0.0, -0.2], [1.1, 0.1, 0.3]], [[0.8, 0.6, -0.2], [1.1, 0.7, 0.3]], [[0.8, 0.0, 0.3], [1.1, 0.7, 0.4]]]
start: [-0.47661999999999999, 1.8503499999999999, 1.95, 0.68047000000000002, -2.0377700000000001, -1.5613999999999999, -0.14763000000000001]
tajectories: [[-0.47662, 1.85035, 1.95, 0.68047, -2.03777, -1.5614, -0.14763], [-0.76018, 1.80993, 1.98754, 1.04978, -2.0567, -1.49827, 0.01305], [-1.04374, 1.76951, 2.02507, 1.41909, -2.07564, -1.43514, 0.17373], [-1.32729, 1.72909, 2.06261, 1.7884, -2.09458, -1.372, 0.33441], [-1.60568, 1.68941, 2.09946, 2.15098, -2.11317, -1.31002, 0.49215], [-1.31641, 1.65011, 1.91085, 2.07612, -2.42729, -1.26494, 0.34081], [-1.02714, 1.61081, 1.72225, 2.00127, -2.7414, -1.21986, 0.18946], [-0.73788, 1.57152, 1.53365, 1.92641, -3.05552, -1.17478, 0.03811], [-0.44861, 1.53222, 1.34505, 1.85155, -3.36963, -1.1297, -0.11323], [-0.20148, 1.49865, 1.18392, 1.7876, -3.63799, -1.09118, -0.24253], [-0.17293, 1.60811, 1.36928, 1.60584, -3.26377, -1.18135, -0.38965], [-0.14438, 1.71758, 1.55463, 1.42409, -2.88956, -1.27151, -0.53676], [-0.11583, 1.82705, 1.73998, 1.24233, -2.51534, -1.36168, -0.68388], [-0.08727, 1.93652, 1.92534, 1.06058, -2.14112, -1.45184, -0.831]]
end: [-0.083470000000000003, 1.9510799999999999, 1.95, 1.0363899999999999, -2.0913300000000001, -1.46384, -0.85057000000000005]
obtacles: [[[0.6, -0.4, -0.2], [1.0, 0.6, -0.3]], [[0.8, -0.0, -0.2], [1.1, 0.1, 0.3]], [[0.8, 0.6, -0.2], [1.1, 0.7, 0.3]], [[0.8, 0.0, 0.3], [1.1, 0.7, 0.4]]]
start: [-0.50660000000000005, 1.84314, 1.95, 1.3175600000000001, -1.94343, -1.28932, -0.70498000000000005]
tajectories: [[-0.5066, 1.84314, 1.95, 1.31756, -1.94343, -1.28932, -0.70498], [-0.68473, 1.84817, 1.73027, 1.53201, -2.03848, -1.11193, -0.99389], [-0.86286, 1.8532, 1.51054, 1.74646, -2.13354, -0.93455, -1.2828], [-1.04099, 1.85823, 1.29082, 1.96091, -2.2286, -0.75716, -1.57172], [-1.21913, 1.86327, 1.07109, 2.17536, -2.32366, -0.57977, -1.86063], [-1.28094, 1.86501, 0.99483, 2.24979, -2.35665, -0.51821, -1.9609], [-0.88673, 1.8361, 0.99996, 2.27425, -2.53507, -0.61915, -2.18698], [-0.49252, 1.80718, 1.00508, 2.29872, -2.71348, -0.72009, -2.41307], [-0.09831, 1.77827, 1.01021, 2.32318, -2.8919, -0.82104, -2.63915], [0.29591, 1.74936, 1.01533, 2.34765, -3.07032, -0.92198, -2.86523], [0.44478, 1.73844, 1.01726, 2.35689, -3.13769, -0.9601, -2.95061], [0.34251, 1.77024, 1.19386, 2.16475, -2.92205, -1.0248, -2.60458], [0.24024, 1.80204, 1.37045, 1.97261, -2.70641, -1.08949, -2.25854], [0.13798, 1.83384, 1.54704, 1.78047, -2.49076, -1.15419, -1.9125], [0.03571, 1.86565, 1.72363, 1.58834, -2.27512, -1.21889, -1.56647], [-0.06656, 1.89745, 1.90022, 1.3962, -2.05948, -1.28359, -1.22043]]
end: [-0.095380000000000006, 1.9064099999999999, 1.95, 1.3420399999999999, -1.9986900000000001, -1.30183, -1.1228800000000001]
obtacles: [[[0.6, -0.4, -0.2], [1.0, 0.6, -0.3]], [[0.8, -0.0, -0.2], [1.1, 0.1, 0.3]], [[0.8, 0.6, -0.2], [1.1, 0.7, 0.3]], [[0.8, 0.0, 0.3], [1.1, 0.7, 0.4]]]
start: [-0.67774000000000001, 1.79976, 1.95, 1.1951099999999999, -1.9335800000000001, -1.31595, -0.42625999999999997]
tajectories: [[-0.67774, 1.79976, 1.95, 1.19511, -1.93358, -1.31595, -0.42626], [-0.67819, 1.48177, 2.05944, 1.23762, -2.21433, -1.08873, -0.49445], [-0.67864, 1.16378, 2.16888, 1.28014, -2.49507, -0.86151, -0.56263], [-0.67909, 0.84578, 2.27832, 1.32265, -2.77581, -0.63429, -0.63082], [-0.67954, 0.52779, 2.38776, 1.36517, -3.05656, -0.40707, -0.699], [-0.67999, 0.2098, 2.4972, 1.40769, -3.3373, -0.17985, -0.76719], [-0.68044, -0.10819, 2.60665, 1.4502, -3.61805, 0.04738, -0.83538], [-0.68069, -0.28668, 2.66807, 1.47407, -3.77563, 0.17491, -0.87365], [-0.36085, -0.17177, 2.59757, 1.68988, -3.74839, 0.19408, -1.15972], [-0.041, -0.05685, 2.52707, 1.90569, -3.72115, 0.21324, -1.4458], [0.27884, 0.05806, 2.45656, 2.1215, -3.69392, 0.23241, -1.73188], [0.59869, 0.17297, 2.38606, 2.33731, -3.66668, 0.25157, -2.01795], [0.9095, 0.28464, 2.31755, 2.54703, -3.64021, 0.27019, -2.29595], [0.79497, 0.57399, 2.21875, 2.25435, -3.78144, 0.23224, -2.1053], [0.68044, 0.86335, 2.11995, 1.96167, -3.92267, 0.19429, -1.91466], [0.5659, 1.1527, 2.02114, 1.66898, -4.0639, 0.15634, -1.72402], [0.45137, 1.44206, 1.92234, 1.3763, -4.20513, 0.11838, -1.53337], [0.35528, 1.68482, 1.83945, 1.13075, -4.32362, 0.08654, -1.37343], [0.26919, 1.73562, 1.85022, 1.14218, -3.92219, -0.18426, -1.30076], [0.1831, 1.78642, 1.86099, 1.1536, -3.52076, -0.45507, -1.2281], [0.09701, 1.83723, 1.87175, 1.16503, -3.11933, -0.72587, -1.15544], [0.01092, 1.88803, 1.88252, 1.17646, -2.7179, -0.99668, -1.08277], [-0.07517, 1.93883, 1.89329, 1.18789, -2.31647, -1.26748, -1.01011]]
end: [-0.12878999999999999, 1.9704699999999999, 1.8999999999999999, 1.1950099999999999, -2.0664099999999999, -1.4361699999999999, -0.96484999999999999]
obtacles: [[[0.6, -0.4, -0.2], [1.0, 0.6, -0.3]], [[0.8, -0.0, -0.2], [1.1, 0.1, 0.3]], [[0.8, 0.6, -0.2], [1.1, 0.7, 0.3]], [[0.8, 0.0, 0.3], [1.1, 0.7, 0.4]]]
start: [-0.2873, 1.80413, 1.95, 0.70106000000000002, -2.0097700000000001, -1.51515, -0.35637000000000002]
tajectories: [[-0.2873, 1.80413, 1.95, 0.70106, -2.00977, -1.51515, -0.35637], [-0.46764, 1.68226, 2.00321, 0.99533, -2.12402, -1.25884, -0.17076], [-0.64797, 1.5604, 2.05642, 1.28961, -2.23826, -1.00253, 0.01485], [-0.82831, 1.43853, 2.10964, 1.58388, -2.3525, -0.74621, 0.20046], [-1.00865, 1.31666, 2.16285, 1.87815, -2.46674, -0.4899, 0.38607], [-1.18129, 1.19999, 2.21379, 2.15987, -2.5761, -0.24453, 0.56376], [-0.95363, 1.32475, 2.06939, 2.21752, -2.42487, -0.08291, 0.23294], [-0.72597, 1.4495, 1.92499, 2.27517, -2.27365, 0.0787, -0.09788], [-0.4983, 1.57426, 1.7806, 2.33283, -2.12242, 0.24031, -0.4287], [-0.27064, 1.69902, 1.6362, 2.39048, -1.97119, 0.40192, -0.75953], [-0.16152, 1.75881, 1.56699, 2.41811, -1.8987, 0.47938, -0.91809], [-0.10879, 1.77955, 1.6441, 2.12044, -1.9253, 0.0902, -0.92579], [-0.05606, 1.80029, 1.72122, 1.82276, -1.95189, -0.29899, -0.93349], [-0.00333, 1.82102, 1.79834, 1.52508, -1.97849, -0.68817, -0.94119], [0.0494, 1.84176, 1.87546, 1.2274, -2.00508, -1.07735, -0.9489]]
end: [0.10037, 1.8617999999999999, 1.95, 0.93969000000000003, -2.03078, -1.4535100000000001, -0.95633999999999997]
obtacles: [[[0.6, -0.4, -0.2], [1.0, 0.6, -0.3]], [[0.8, -0.0, -0.2], [1.1, 0.1, 0.3]], [[0.8, 0.6, -0.2], [1.1, 0.7, 0.3]], [[0.8, 0.0, 0.3], [1.1, 0.7, 0.4]]]
start: [-0.67867, 1.71132, 1.95, 1.2158800000000001, -1.84497, -1.27132, -0.46858]
tajectories: [[-0.67867, 1.71132, 1.95, 1.21588, -1.84497, -1.27132, -0.46858], [-0.61166, 1.7354, 2.13316, 1.58496, -1.97864, -1.10346, -0.63923], [-0.54464, 1.75948, 2.31632, 1.95403, -2.1123, -0.9356, -0.80989], [-0.50351, 1.77425, 2.42872, 2.18053, -2.19433, -0.83259, -0.91461], [-0.2441, 1.81314, 2.26485, 2.26151, -1.96869, -0.78489, -1.22217], [0.01531, 1.85203, 2.10099, 2.34249, -1.74304, -0.7372, -1.52973], [0.27472, 1.89092, 1.93712, 2.42347, -1.5174, -0.6895, -1.83728], [0.35883, 1.90353, 1.88399, 2.44972, -1.44424, -0.67404, -1.93699], [0.25816, 1.91733, 1.8884, 2.10819, -1.61102, -0.88, -1.70726], [0.15749, 1.93113, 1.89282, 1.76666, -1.7778, -1.08596, -1.47753], [0.05681, 1.94493, 1.89723, 1.42513, -1.94458, -1.29192, -1.24779]]
end: [-0.0063099999999999996, 1.9535800000000001, 1.8999999999999999, 1.2109799999999999, -2.0491600000000001, -1.42106, -1.1037399999999999]
obtacles: [[[0.6, -0.4, -0.2], [1.0, 0.6, -0.3]], [[0.8, -0.0, -0.2], [1.1, 0.1, 0.3]], [[0.8, 0.6, -0.2], [1.1, 0.7, 0.3]], [[0.8, 0.0, 0.3], [1.1, 0.7, 0.4]]]
start: [-0.36936000000000002, 1.7524900000000001, 1.8999999999999999, 0.79832000000000003, -1.93174, -1.4690099999999999, -0.38009999999999999]
tajectories: [[-0.36936, 1.75249, 1.9, 0.79832, -1.93174, -1.46901, -0.3801], [-0.76977, 1.75038, 1.76095, 1.00893, -2.05392, -1.36403, -0.38563], [-1.17017, 1.74827, 1.6219, 1.21954, -2.1761, -1.25905, -0.39115], [-1.57058, 1.74615, 1.48286, 1.43016, -2.29829, -1.15407, -0.39667], [-1.97098, 1.74404, 1.34381, 1.64077, -2.42047, -1.04909, -0.40219], [-2.08536, 1.74344, 1.30409, 1.70093, -2.45537, -1.01911, -0.40377], [-1.71454, 1.67532, 1.3983, 1.77387, -2.5501, -1.06414, -0.11626], [-1.34373, 1.6072, 1.49251, 1.8468, -2.64482, -1.10918, 0.17125], [-0.97292, 1.53908, 1.58672, 1.91974, -2.73955, -1.15421, 0.45876], [-0.6021, 1.47096, 1.68093, 1.99267, -2.83427, -1.19924, 0.74626], [-0.3501, 1.42467, 1.74495, 2.04223, -2.89865, -1.22985, 0.94165], [-0.2609, 1.53099, 1.7872, 1.79195, -2.73287, -1.29814, 0.57537], [-0.1717, 1.63732, 1.82945, 1.54167, -2.5671, -1.36644, 0.20908], [-0.0825, 1.74364, 1.8717, 1.29138, -2.40132, -1.43473, -0.15721], [0.0067, 1.84996, 1.91395, 1.0411, -2.23555, -1.50303, -0.5235]]
end: [0.082809999999999995, 1.94068, 1.95, 0.82754000000000005, -2.0941000000000001, -1.5612999999999999, -0.83604000000000001]
obtacles: [[[0.6, -0.4, -0.2], [1.0, 0.6, -0.3]], [[0.8, -0.0, -0.2], [1.1, 0.1, 0.3]], [[0.8, 0.6, -0.2], [1.1, 0.7, 0.3]], [[0.8, 0.0, 0.3], [1.1, 0.7, 0.4]]]
start: [-0.55596999999999996, 1.8217000000000001, 1.95, 1.4354, -1.8869800000000001, -1.2431700000000001, -0.77834000000000003]
tajectories: [[-0.55597, 1.8217, 1.95, 1.4354, -1.88698, -1.24317, -0.77834], [-0.61286, 1.6213, 1.75988, 1.28587, -2.08939, -1.01198, -0.54664], [-0.66974, 1.4209, 1.56976, 1.13634, -2.29179, -0.7808, -0.31493], [-0.72663, 1.22051, 1.37964, 0.98681, -2.49419, -0.54961, -0.08323], [-0.78351, 1.02011, 1.18952, 0.83728, -2.6966, -0.31843, 0.14848], [-0.8404, 0.81972, 0.9994, 0.68775, -2.899, -0.08724, 0.38018], [-0.89728, 0.61932, 0.80928, 0.53822, -3.1014, 0.14395, 0.61188], [-0.90271, 0.6002, 0.79114, 0.52395, -3.12072, 0.16601, 0.63399], [-0.56004, 0.63935, 1.01378, 0.78608, -3.16091, 0.09789, 0.71468], [-0.21738, 0.67851, 1.23642, 1.04821, -3.2011, 0.02977, 0.79536], [0.12529, 0.71766, 1.45907, 1.31033, -3.2413, -0.03835, 0.87605], [0.46796, 0.75682, 1.68171, 1.57246, -3.28149, -0.10646, 0.95673], [0.81063, 0.79598, 1.90435, 1.83459, -3.32169, -0.17458, 1.03741], [1.15329, 0.83513, 2.12699, 2.09672, -3.36188, -0.2427, 1.1181], [1.23737, 0.84474, 2.18162, 2.16103, -3.37174, -0.25941, 1.13789], [1.04396, 1.00853, 2.14037, 2.00645, -3.18085, -0.43748, 0.83455], [0.85055, 1.17233, 2.09911, 1.85187, -2.98996, -0.61555, 0.5312], [0.65715, 1.33612, 2.05785, 1.69729, -2.79907, -0.79361, 0.22785], [0.46374, 1.49992, 2.01659, 1.54271, -2.60818, -0.97168, -0.07549], [0.27033, 1.66371, 1.97533, 1.38812, -2.41729, -1.14975, -0.37884], [0.07692, 1.82751, 1.93407, 1.23354, -2.2264, -1.32781, -0.68219]]
end: [-0.082820000000000005, 1.96278, 1.8999999999999999, 1.1058699999999999, -2.0687500000000001, -1.47488, -0.93271999999999999]
obtacles: [[[0.6, -0.4, -0.2], [1.0, 0.6, -0.3]], [[0.8, -0.0, -0.2], [1.1, 0.1, 0.3]], [[0.8, 0.6, -0.2], [1.1, 0.7, 0.3]], [[0.8, 0.0, 0.3], [1.1, 0.7, 0.4]]]
start: [-0.80166000000000004, 1.7927500000000001, 1.8999999999999999, 1.2325900000000001, -1.89703, -1.3444199999999999, -0.35649999999999998]
tajectories: [[-0.80166, 1.79275, 1.9, 1.23259, -1.89703, -1.34442, -0.3565], [-0.76615, 1.34208, 2.02377, 1.16936, -1.80943, -1.20828, -0.34592], [-0.73064, 0.89141, 2.14753, 1.10614, -1.72183, -1.07215, -0.33535], [-0.69513, 0.44073, 2.2713, 1.04291, -1.63423, -0.93601, -0.32477], [-0.66343, 0.03847, 2.38177, 0.98648, -1.55604, -0.8145, -0.31534], [-0.56712, 0.26755, 2.16084, 1.26684, -1.65984, -0.69695, -0.12496], [-0.47082, 0.49663, 1.93991, 1.54719, -1.76365, -0.57939, 0.06542], [-0.37451, 0.72572, 1.71899, 1.82755, -1.86745, -0.46184, 0.25579], [-0.2782, 0.9548, 1.49806, 2.10791, -1.97126, -0.34428, 0.44617], [-0.1819, 1.18388, 1.27713, 2.38826, -2.07506, -0.22672, 0.63655], [-0.08559, 1.41296, 1.05621, 2.66862, -2.17887, -0.10917, 0.82692], [-0.07548, 1.437, 1.03302, 2.69804, -2.18976, -0.09683, 0.8469], [-0.0618, 1.52198, 1.17801, 2.43218, -2.16696, -0.32555, 0.53376], [-0.04811, 1.60696, 1.323, 2.16632, -2.14416, -0.55426, 0.22062], [-0.03443, 1.69193, 1.46799, 1.90046, -2.12136, -0.78298, -0.09253], [-0.02074, 1.77691, 1.61298, 1.6346, -2.09857, -1.01169, -0.40567], [-0.00706, 1.86189, 1.75797, 1.36874, -2.07577, -1.24041, -0.71881]]
end: [0.0063499999999999997, 1.94513, 1.8999999999999999, 1.1083000000000001, -2.0534300000000001, -1.46445, -1.02556]
obtacles: [[[0.6, -0.4, -0.2], [1.0, 0.6, -0.3]], [[0.8, -0.0, -0.2], [1.1, 0.1, 0.3]], [[0.8, 0.6, -0.2], [1.1, 0.7, 0.3]], [[0.8, 0.0, 0.3], [1.1, 0.7, 0.4]]]
start: [-0.44381999999999999, 1.76695, 1.8999999999999999, 1.17302, -1.8858699999999999, -1.35222, -0.66166000000000003]
tajectories: [[-0.44382, 1.76695, 1.9, 1.17302, -1.88587, -1.35222, -0.66166], [-0.64563, 1.76002, 1.89414, 1.44545, -1.64225, -1.2708, -0.92433], [-0.84744, 1.7531, 1.88827, 1.71788, -1.39864, -1.18937, -1.18699], [-1.04924, 1.74617, 1.88241, 1.99031, -1.15502, -1.10795, -1.44966], [-1.11795, 1.74381, 1.88041, 2.08306, -1.07208, -1.08022, -1.53908], [-0.79259, 1.7161, 2.0183, 2.34851, -1.15262, -0.87227, -1.47454], [-0.46724, 1.68839, 2.15618, 2.61396, -1.23316, -0.66431, -1.40999], [-0.14189, 1.66068, 2.29406, 2.87942, -1.3137, -0.45635, -1.34545], [0.06231, 1.64329, 2.3806, 3.04603, -1.36424, -0.32583, -1.30493], [-0.00955, 1.71518, 2.25591, 2.67033, -1.51133, -0.569, -1.25797], [-0.08142, 1.78707, 2.13122, 2.29463, -1.65841, -0.81218, -1.21101], [-0.15328, 1.85897, 2.00654, 1.91893, -1.80549, -1.05535, -1.16404], [-0.22515, 1.93086, 1.88185, 1.54324, -1.95257, -1.29852, -1.11708]]
end: [-0.24349999999999999, 1.94922, 1.8500000000000001, 1.4472700000000001, -1.99013, -1.36063, -1.1050899999999999]
obtacles: [[[0.6, -0.4, -0.2], [1.0, 0.6, -0.3]], [[0.8, -0.0, -0.2], [1.1, 0.1, 0.3]], [[0.8, 0.6, -0.2], [1.1, 0.7, 0.3]], [[0.8, 0.0, 0.3], [1.1, 0.7, 0.4]]]
start: [-0.47094999999999998, 1.7574000000000001, 1.8500000000000001, 1.0567800000000001, -1.87321, -1.4256899999999999, -0.53739000000000003]
tajectories: [[-0.47095, 1.7574, 1.85, 1.05678, -1.87321, -1.42569, -0.53739], [-0.57019, 1.55451, 1.75269, 1.14709, -1.94643, -1.21594, -0.90071], [-0.66944, 1.35162, 1.65537, 1.2374, -2.01964, -1.00619, -1.26403], [-0.76868, 1.14872, 1.55806, 1.32772, -2.09286, -0.79643, -1.62735], [-0.86793, 0.94583, 1.46075, 1.41803, -2.16608, -0.58668, -1.99067], [-0.96718, 0.74294, 1.36343, 1.50834, -2.23929, -0.37693, -2.35399], [-1.05762, 0.55805, 1.27475, 1.59065, -2.30602, -0.18578, -2.68508], [-0.9259, 0.78592, 1.52567, 1.8204, -2.51161, -0.03528, -2.69242], [-0.79417, 1.0138, 1.77659, 2.05016, -2.71721, 0.11521, -2.69976], [-0.66244, 1.24167, 2.0275, 2.27991, -2.92281, 0.26571, -2.7071], [-0.53072, 1.46955, 2.27842, 2.50967, -3.12841, 0.4162, -2.71444], [-0.39899, 1.69742, 2.52934, 2.73942, -3.33401, 0.5667, -2.72177], [-0.37906, 1.7319, 2.5673, 2.77418, -3.36512, 0.58947, -2.72288], [-0.35607, 1.76571, 2.45668, 2.55814, -3.17074, 0.2908, -2.47303], [-0.33308, 1.79953, 2.34606, 2.34209, -2.97636, -0.00788, -2.22317], [-0.31009, 1.83334, 2.23544, 2.12605, -2.78199, -0.30655, -1.97331], [-0.2871, 1.86716, 2.12482, 1.91, -2.58761, -0.60522, -1.72345], [-0.26411, 1.90097, 2.0142, 1.69396, -2.39324, -0.90389, -1.4736], [-0.24112, 1.93479, 1.90358, 1.47791, -2.19886, -1.20256, -1.22374]]
end: [-0.21959000000000001, 1.96645, 1.8, 1.27563, -2.0168599999999999, -1.48221, -0.98980000000000001]
obtacles: [[[0.6, -0.4, -0.2], [1.0, 0.6, -0.3]], [[0.8, -0.0, -0.2], [1.1, 0.1, 0.3]], [[0.8, 0.6, -0.2], [1.1, 0.7, 0.3]], [[0.8, 0.0, 0.3], [1.1, 0.7, 0.4]]]
start: [-0.27726000000000001, 1.6789000000000001, 1.8999999999999999, 0.32435999999999998, -1.9166799999999999, -1.57063, -0.029100000000000001]
tajectories: [[-0.27726, 1.6789, 1.9, 0.32436, -1.91668, -1.57063, -0.0291], [-0.60796, 1.45969, 2.05537, 0.4102, -2.10214, -1.47771, -0.16345], [-0.93866, 1.24049, 2.21075, 0.49604, -2.2876, -1.38478, -0.29781], [-1.17471, 1.08402, 2.32165, 0.55731, -2.41998, -1.31845, -0.39372], [-1.05005, 0.93164, 2.17987, 0.83285, -2.59641, -1.18992, -0.65366], [-0.9254, 0.77927, 2.03808, 1.10839, -2.77283, -1.0614, -0.9136], [-0.80074, 0.62689, 1.8963, 1.38394, -2.94926, -0.93287, -1.17354], [-0.67609, 0.47451, 1.75451, 1.65948, -3.12569, -0.80434, -1.43348], [-0.64387, 0.43514, 1.71787, 1.73069, -3.17128, -0.77113, -1.50065], [-0.43365, 0.72296, 1.48111, 1.88615, -3.00537, -0.67398, -1.57668], [-0.22343, 1.01078, 1.24435, 2.04161, -2.83947, -0.57684, -1.65271], [-0.01321, 1.2986, 1.00759, 2.19707, -2.67356, -0.4797, -1.72874], [-0.00767, 1.30618, 1.00135, 2.20117, -2.66919, -0.47714, -1.73075], [-0.01635, 1.46122, 1.24224, 1.9644, -2.48077, -0.71071, -1.58327], [-0.02503, 1.61625, 1.48313, 1.72763, -2.29234, -0.94427, -1.4358], [-0.03371, 1.77128, 1.72401, 1.49086, -2.10392, -1.17783, -1.28832]]
end: [-0.040050000000000002, 1.8845400000000001, 1.8999999999999999, 1.3178799999999999, -1.9662599999999999, -1.3484700000000001, -1.18058]
obtacles: [[[0.6, -0.4, -0.2], [1.0, 0.6, -0.3]], [[0.8, -0.0, -0.2], [1.1, 0.1, 0.3]], [[0.8, 0.6, -0.2], [1.1, 0.7, 0.3]], [[0.8, 0.0, 0.3], [1.1, 0.7, 0.4]]]
start: [-0.36398999999999998, 1.6834899999999999, 1.8999999999999999, 0.85289999999999999, -1.87578, -1.40202, -0.44416]
tajectories: [[-0.36399, 1.68349, 1.9, 0.8529, -1.87578, -1.40202, -0.44416], [-0.4678, 1.56145, 1.79189, 0.76007, -2.14056, -1.09517, -0.64358], [-0.5716, 1.4394, 1.68378, 0.66725, -2.40533, -0.78833, -0.843], [-0.67541, 1.31736, 1.57567, 0.57443, -2.67011, -0.48148, -1.04242], [-0.77921, 1.19532, 1.46757, 0.48161, -2.93488, -0.17464, -1.24183], [-0.88301, 1.07327, 1.35946, 0.38879, -3.19966, 0.13221, -1.44125], [-0.96588, 0.97584, 1.27315, 0.31469, -3.41103, 0.37716, -1.60045], [-0.79637, 0.7303, 1.41085, 0.68297, -3.48949, 0.38321, -1.61437], [-0.62685, 0.48475, 1.54855, 1.05124, -3.56794, 0.38925, -1.62829], [-0.45734, 0.23921, 1.68625, 1.41952, -3.6464, 0.39529, -1.64222], [-0.28783, -0.00634, 1.82394, 1.78779, -3.72485, 0.40133, -1.65614], [-0.11831, -0.25188, 1.96164, 2.15607, -3.8033, 0.40737, -1.67006], [0.03685, -0.47664, 2.08768, 2.49317, -3.87512, 0.4129, -1.6828], [0.29194, -0.13833, 2.17336, 2.30915, -3.76649, 0.45901, -1.55892], [0.54703, 0.19998, 2.25903, 2.12514, -3.65786, 0.50513, -1.43504], [0.80212, 0.53829, 2.34471, 1.94113, -3.54923, 0.55124, -1.31116], [1.05721, 0.8766, 2.43039, 1.75712, -3.44061, 0.59736, -1.18728], [1.3123, 1.21492, 2.51606, 1.57311, -3.33198, 0.64347, -1.0634], [1.56739, 1.55323, 2.60174, 1.38909, -3.22335, 0.68958, -0.93952], [1.74854, 1.79347, 2.66258, 1.25842, -3.14621, 0.72233, -0.85155], [1.44961, 1.80217, 2.54187, 1.25363, -2.95687, 0.39135, -0.87548], [1.15068, 1.81087, 2.42117, 1.24883, -2.76752, 0.06037, -0.89942], [0.85175, 1.81958, 2.30046, 1.24403, -2.57818, -0.27061, -0.92336], [0.55282, 1.82828, 2.17976, 1.23923, -2.38883, -0.60159, -0.9473], [0.25389, 1.83699, 2.05905, 1.23443, -2.19949, -0.93257, -0.97124], [-0.04504, 1.84569, 1.93835, 1.22963, -2.01014, -1.26355, -0.99518]]
end: [-0.14001, 1.8484499999999999, 1.8999999999999999, 1.22811, -1.9499899999999999, -1.3687, -1.00278]
obtacles: [[[0.6, -0.4, -0.2], [1.0, 0.6, -0.3]], [[0.8, -0.0, -0.2], [1.1, 0.1, 0.3]], [[0.8, 0.6, -0.2], [1.1, 0.7, 0.3]], [[0.8, 0.0, 0.3], [1.1, 0.7, 0.4]]]
start: [-0.53488999999999998, 1.73326, 1.8999999999999999, 1.4036299999999999, -1.7946200000000001, -1.2789999999999999, -0.80867]
tajectories: [[-0.53489, 1.73326, 1.9, 1.40363, -1.79462, -1.279, -0.80867], [-0.67977, 1.46126, 1.89989, 1.18343, -1.91487, -1.16876, -0.52596], [-0.82464, 1.18926, 1.89979, 0.96322, -2.03512, -1.05851, -0.24325], [-0.96952, 0.91726, 1.89968, 0.74302, -2.15537, -0.94827, 0.03945], [-1.11439, 0.64526, 1.89958, 0.52281, -2.27561, -0.83802, 0.32216], [-1.25927, 0.37326, 1.89947, 0.30261, -2.39586, -0.72778, 0.60487], [-1.36113, 0.18201, 1.8994, 0.14778, -2.48041, -0.65026, 0.80364], [-1.03789, 0.20772, 1.79706, 0.20592, -2.6186, -0.42624, 0.55522], [-0.71465, 0.23343, 1.69472, 0.26406, -2.75679, -0.20221, 0.30679], [-0.39142, 0.25914, 1.59237, 0.32221, -2.89498, 0.02182, 0.05836], [-0.06818, 0.28486, 1.49003, 0.38035, -3.03317, 0.24585, -0.19006], [0.25506, 0.31057, 1.38769, 0.4385, -3.17136, 0.46988, -0.43849], [0.5783, 0.33628, 1.28535, 0.49664, -3.30955, 0.69391, -0.68692], [0.73638, 0.34885, 1.2353, 0.52508, -3.37714, 0.80347, -0.80842], [0.81484, 0.57766, 1.04368, 0.67004, -3.33433, 0.5935, -1.10479], [0.89329, 0.80647, 0.85205, 0.81501, -3.29152, 0.38353, -1.40116], [0.97175, 1.03528, 0.66043, 0.95997, -3.24871, 0.17355, -1.69753], [1.05021, 1.26409, 0.46881, 1.10494, -3.2059, -0.03642, -1.9939], [1.12866, 1.4929, 0.27719, 1.2499, -3.16309, -0.2464, -2.29027], [1.19816, 1.69558, 0.10745, 1.37831, -3.12517, -0.43239, -2.55279], [1.01233, 1.72966, 0.41697, 1.31287, -2.98577, -0.57176, -2.27826], [0.82651, 1.76375, 0.72648, 1.24744, -2.84636, -0.71113, -2.00373], [0.64068, 1.79784, 1.03599, 1.182, -2.70696, -0.8505, -1.7292], [0.45485, 1.83192, 1.34551, 1.11656, -2.56755, -0.98987, -1.45466], [0.26902, 1.86601, 1.65502, 1.05113, -2.42815, -1.12924, -1.18013], [0.0832, 1.9001, 1.96453, 0.98569, -2.28874, -1.26861, -0.9056]]
end: [-0.028150000000000001, 1.92052, 2.1499999999999999, 0.94647999999999999, -2.2052100000000001, -1.35212, -0.74109000000000003]
obtacles: [[[0.6, -0.4, -0.2], [1.0, 0.6, -0.3]], [[0.8, -0.0, -0.2], [1.1, 0.1, 0.3]], [[0.8, 0.6, -0.2], [1.1, 0.7, 0.3]], [[0.8, 0.0, 0.3], [1.1, 0.7, 0.4]]]
start: [-0.41578999999999999, 1.8574900000000001, 2.1499999999999999, 1.1708499999999999, -2.0957300000000001, -1.18804, -0.56508000000000003]
tajectories: [[-0.41579, 1.85749, 2.15, 1.17085, -2.09573, -1.18804, -0.56508], [-0.55942, 1.65824, 2.16335, 1.30695, -2.50683, -1.23066, -0.57732], [-0.70306, 1.45899, 2.17669, 1.44306, -2.91792, -1.27327, -0.58956], [-0.84669, 1.25974, 2.19004, 1.57916, -3.32902, -1.31589, -0.6018], [-0.99032, 1.06048, 2.20338, 1.71527, -3.74011, -1.35851, -0.61404], [-1.13395, 0.86123, 2.21673, 1.85137, -4.15121, -1.40112, -0.62628], [-1.1953, 0.77613, 2.22243, 1.9095, -4.32679, -1.41932, -0.63151], [-0.95328, 1.0072, 1.94859, 1.83134, -4.23563, -1.37134, -0.41629], [-0.71126, 1.23827, 1.67474, 1.75318, -4.14446, -1.32336, -0.20107], [-0.46924, 1.46934, 1.4009, 1.67502, -4.0533, -1.27539, 0.01415], [-0.44338, 1.49403, 1.37164, 1.66667, -4.04356, -1.27026, 0.03714], [-0.35237, 1.57329, 1.534, 1.54148, -3.647, -1.26653, -0.15293], [-0.26137, 1.65255, 1.69636, 1.41628, -3.25044, -1.26279, -0.343], [-0.17037, 1.73181, 1.85872, 1.29108, -2.85388, -1.25906, -0.53308], [-0.07937, 1.81106, 2.02108, 1.16588, -2.45732, -1.25533, -0.72315]]
end: [-0.00711, 1.87399, 2.1499999999999999, 1.0664800000000001, -2.1424500000000002, -1.2523599999999999, -0.87407000000000001]
obtacles: [[[0.6, -0.4, -0.2], [1.0, 0.6, -0.3]], [[0.8, -0.0, -0.2], [1.1, 0.1, 0.3]], [[0.8, 0.6, -0.2], [1.1, 0.7, 0.3]], [[0.8, 0.0, 0.3], [1.1, 0.7, 0.4]]]
start: [-0.52109000000000005, 1.86174, 2.1499999999999999, 0.96774000000000004, -2.15808, -1.29827, -0.27651999999999999]
tajectories: [[-0.52109, 1.86174, 2.15, 0.96774, -2.15808, -1.29827, -0.27652], [-0.62104, 1.57375, 2.20273, 1.21477, -2.16186, -1.31032, 0.02862], [-0.72099, 1.28577, 2.25545, 1.4618, -2.16564, -1.32237, 0.33376], [-0.82094, 0.99779, 2.30818, 1.70883, -2.16942, -1.33443, 0.6389], [-0.9209, 0.7098, 2.3609, 1.95586, -2.17321, -1.34648, 0.94404], [-0.99517, 0.49581, 2.40008, 2.13943, -2.17602, -1.35544, 1.17079], [-0.88758, 0.63776, 1.99566, 2.11598, -2.27995, -1.41099, 0.97009], [-0.77999, 0.77971, 1.59124, 2.09254, -2.38388, -1.46654, 0.76939], [-0.6724, 0.92166, 1.18681, 2.06909, -2.48781, -1.52209, 0.56869], [-0.6611, 0.93656, 1.14437, 2.06663, -2.49872, -1.52792, 0.54762], [-0.52514, 1.15223, 1.28257, 1.87566, -2.39727, -1.52818, 0.20246], [-0.38917, 1.3679, 1.42077, 1.68469, -2.29582, -1.52845, -0.1427], [-0.2532, 1.58358, 1.55898, 1.49372, -2.19436, -1.52871, -0.48786], [-0.11723, 1.79925, 1.69718, 1.30275, -2.09291, -1.52897, -0.83302]]
end: [-0.016070000000000001, 1.9597100000000001, 1.8, 1.1606700000000001, -2.0174300000000001, -1.5291699999999999, -1.08982]
obtacles: [[[0.6, -0.4, -0.2], [1.0, 0.6, -0.3]], [[0.8, -0.0, -0.2], [1.1, 0.1, 0.3]], [[0.8, 0.6, -0.2], [1.1, 0.7, 0.3]], [[0.8, 0.0, 0.3], [1.1, 0.7, 0.4]]]
start: [-0.47869, 1.7759100000000001, 1.8500000000000001, 0.93086999999999998, -1.90283, -1.4758500000000001, -0.40733999999999998]
tajectories: [[-0.47869, 1.77591, 1.85, 0.93087, -1.90283, -1.47585, -0.40734], [-0.5155, 1.48649, 1.64508, 0.73496, -1.78019, -1.2296, -0.50129], [-0.55232, 1.19706, 1.44017, 0.53905, -1.65755, -0.98335, -0.59524], [-0.58914, 0.90763, 1.23525, 0.34314, -1.53492, -0.7371, -0.68919], [-0.60348, 0.79487, 1.15542, 0.26681, -1.48714, -0.64116, -0.7258], [-0.216, 0.76481, 1.22096, 0.50277, -1.39274, -0.46794, -0.7339], [0.17149, 0.73474, 1.2865, 0.73873, -1.29834, -0.29473, -0.74199], [0.55897, 0.70468, 1.35204, 0.97469, -1.20394, -0.12151, -0.75009], [0.94646, 0.67461, 1.41758, 1.21065, -1.10954, 0.0517, -0.75819], [1.33394, 0.64455, 1.48312, 1.4466, -1.01514, 0.22492, -0.76629], [1.40628, 0.63894, 1.49536, 1.49066, -0.99752, 0.25726, -0.7678], [1.30227, 1.08791, 1.58572, 1.54936, -1.04739, 0.34215, -0.89545], [1.19825, 1.53689, 1.67608, 1.60806, -1.09726, 0.42705, -1.02309], [1.10145, 1.95473, 1.76017, 1.66269, -1.14367, 0.50606, -1.14189], [0.83966, 1.923, 1.77908, 1.60019, -1.295, 0.11455, -1.14544], [0.57786, 1.89126, 1.79799, 1.53768, -1.44633, -0.27696, -1.149], [0.31607, 1.85952, 1.8169, 1.47518, -1.59766, -0.66847, -1.15255], [0.05427, 1.82779, 1.83582, 1.41268, -1.74899, -1.05997, -1.15611]]
end: [-0.14208000000000001, 1.8039799999999999, 1.8500000000000001, 1.3657999999999999, -1.8625, -1.35362, -1.1587799999999999]
obtacles: [[[0.6, -0.4, -0.2], [1.0, 0.6, -0.3]], [[0.8, -0.0, -0.2], [1.1, 0.1, 0.3]], [[0.8, 0.6, -0.2], [1.1, 0.7, 0.3]], [[0.8, 0.0, 0.3], [1.1, 0.7, 0.4]]]
start: [-0.24717, 1.8646400000000001, 2.1499999999999999, 0.52375000000000005, -2.2124999999999999, -1.55958, -0.18472]
tajectories: [[-0.24717, 1.86464, 2.15, 0.52375, -2.2125, -1.55958, -0.18472], [-0.22243, 1.54043, 2.00873, 0.29726, -2.10692, -1.36492, -0.33957], [-0.19769, 1.21621, 1.86746, 0.07077, -2.00135, -1.17026, -0.49442], [-0.17294, 0.892, 1.72619, -0.15573, -1.89577, -0.9756, -0.64927], [-0.1482, 0.56779, 1.58492, -0.38222, -1.79019, -0.78093, -0.80412], [-0.12346, 0.24358, 1.44365, -0.60871, -1.68462, -0.58627, -0.95897], [-0.12255, 0.23171, 1.43848, -0.61701, -1.68075, -0.57915, -0.96464], [-0.04154, 0.04841, 1.1736, -0.35794, -1.90273, -0.72881, -0.99444], [0.03947, -0.13489, 0.90871, -0.09887, -2.12471, -0.87847, -1.02424], [0.12048, -0.31819, 0.64383, 0.16019, -2.34669, -1.02813, -1.05404], [0.2015, -0.50149, 0.37895, 0.41926, -2.56867, -1.17779, -1.08384], [0.28251, -0.68478, 0.11407, 0.67832, -2.79065, -1.32745, -1.11363], [0.36352, -0.86808, -0.15081, 0.93739, -3.01263, -1.47711, -1.14343], [0.38924, -0.92626, -0.23488, 1.01961, -3.08308, -1.52461, -1.15289], [0.48902, -0.55055, -0.17466, 1.11186, -3.30467, -1.4232, -0.98745], [0.58881, -0.17485, -0.11444, 1.2041, -3.52626, -1.3218, -0.82202], [0.68859, 0.20086, -0.05422, 1.29635, -3.74785, -1.22039, -0.65658], [0.78838, 0.57656, 0.006, 1.3886, -3.96943, -1.11899, -0.49114], [0.88816, 0.95227, 0.06622, 1.48084, -4.19102, -1.01758, -0.32571], [0.93764, 1.13858, 0.09608, 1.52659, -4.30091, -0.9673, -0.24367], [0.82699, 1.26452, 0.39247, 1.40809, -3.97974, -1.05832, -0.33624], [0.71633, 1.39046, 0.68886, 1.28958, -3.65857, -1.14934, -0.42882], [0.60567, 1.5164, 0.98526, 1.17108, -3.33741, -1.24036, -0.5214], [0.49502, 1.64234, 1.28165, 1.05258, -3.01624, -1.33138, -0.61398], [0.38436, 1.76828, 1.57804, 0.93408, -2.69508, -1.4224, -0.70656], [0.2737, 1.89422, 1.87443, 0.81558, -2.37391, -1.51342, -0.79914]]
end: [0.20815, 1.96882, 2.0499999999999998, 0.74538000000000004, -2.1836700000000002, -1.56734, -0.85397999999999996]
obtacles: [[[0.6, -0.4, -0.2], [1.0, 0.6, -0.3]], [[0.8, -0.0, -0.2], [1.1, 0.1, 0.3]], [[0.8, 0.6, -0.2], [1.1, 0.7, 0.3]], [[0.8, 0.0, 0.3], [1.1, 0.7, 0.4]]]
start: [-0.52727000000000002, 1.8973500000000001, 2.0499999999999998, 1.2463299999999999, -2.0561199999999999, -1.25386, -0.55954000000000004]
tajectories: [[-0.52727, 1.89735, 2.05, 1.24633, -2.05612, -1.25386, -0.55954], [-0.816, 1.69027, 2.06729, 1.37808, -1.79786, -1.08818, -0.66886], [-1.10472, 1.48319, 2.08457, 1.50983, -1.53961, -0.9225, -0.77818], [-1.39345, 1.27611, 2.10186, 1.64158, -1.28135, -0.75681, -0.8875], [-1.50261, 1.19782, 2.10839, 1.69139, -1.1837, -0.69417, -0.92883], [-1.19658, 1.01229, 2.00235, 1.70462, -0.8628, -0.77927, -0.94566], [-0.89055, 0.82677, 1.8963, 1.71784, -0.5419, -0.86437, -0.96248], [-0.58452, 0.64124, 1.79025, 1.73106, -0.22099, -0.94947, -0.97931], [-0.46957, 0.57156, 1.75042, 1.73603, -0.10046, -0.98143, -0.98563], [-0.31003, 0.88346, 1.74328, 1.90826, 0.10184, -1.04244, -1.21564], [-0.15049, 1.19535, 1.73614, 2.08048, 0.30415, -1.10345, -1.44565], [0.00905, 1.50724, 1.729, 2.25271, 0.50646, -1.16445, -1.67567], [0.08883, 1.66321, 1.72543, 2.33883, 0.60763, -1.19496, -1.79069], [0.11483, 1.68807, 1.77591, 2.10563, 0.18907, -1.22755, -1.66612], [0.14083, 1.71293, 1.82638, 1.87243, -0.2295, -1.26013, -1.54155], [0.16683, 1.73779, 1.87686, 1.63923, -0.64806, -1.29271, -1.41698], [0.19282, 1.76265, 1.92734, 1.40603, -1.06662, -1.3253, -1.2924], [0.21882, 1.78751, 1.97782, 1.17282, -1.48519, -1.35788, -1.16783], [0.24482, 1.81237, 2.02829, 0.93962, -1.90375, -1.39047, -1.04326]]
end: [0.25600000000000001, 1.8230599999999999, 2.0499999999999998, 0.83933999999999997, -2.0837500000000002, -1.40448, -0.98968999999999996]
obtacles: [[[0.6, -0.4, -0.2], [1.0, 0.6, -0.3]], [[0.8, -0.0, -0.2], [1.1, 0.1, 0.3]], [[0.8, 0.6, -0.2], [1.1, 0.7, 0.3]], [[0.8, 0.0, 0.3], [1.1, 0.7, 0.4]]]
start: [-0.35335, 1.77688, 2.0499999999999998, 0.95835000000000004, -2.0276000000000001, -1.3164100000000001, -0.49504999999999999]
tajectories: [[-0.35335, 1.77688, 2.05, 0.95835, -2.0276, -1.31641, -0.49505], [-0.57148, 1.65118, 2.16659, 0.93356, -2.15186, -0.92112, -0.52185], [-0.7896, 1.52548, 2.28318, 0.90877, -2.27612, -0.52583, -0.54866], [-1.00773, 1.39977, 2.39977, 0.88397, -2.40038, -0.13054, -0.57546], [-1.22585, 1.27407, 2.51635, 0.85918, -2.52464, 0.26475, -0.60227], [-1.44398, 1.14837, 2.63294, 0.83439, -2.64891, 0.66004, -0.62907], [-1.45779, 1.14041, 2.64033, 0.83282, -2.65677, 0.68507, -0.63077], [-1.23141, 1.08481, 2.52704, 1.21549, -2.60693, 0.56005, -0.49555], [-1.00504, 1.02922, 2.41375, 1.59815, -2.55709, 0.43504, -0.36033], [-0.77866, 0.97362, 2.30047, 1.98082, -2.50724, 0.31002, -0.22512], [-0.55229, 0.91802, 2.18718, 2.36348, -2.4574, 0.18501, -0.0899], [-0.32591, 0.86242, 2.0739, 2.74615, -2.40755, 0.05999, 0.04532], [-0.12778, 0.81376, 1.97474, 3.08108, -2.36393, -0.04942, 0.16367], [-0.12546, 0.94532, 1.91383, 2.7967, -2.66508, -0.06855, 0.40251], [-0.12315, 1.07687, 1.85291, 2.51232, -2.96624, -0.08768, 0.64136], [-0.12083, 1.20842, 1.79199, 2.22794, -3.26739, -0.10681, 0.8802], [-0.11851, 1.33997, 1.73108, 1.94355, -3.56854, -0.12594, 1.11904], [-0.11619, 1.47153, 1.67016, 1.65917, -3.8697, -0.14506, 1.35788], [-0.11487, 1.54676, 1.63532, 1.49653, -4.04193, -0.156, 1.49448], [-0.03365, 1.58991, 1.78041, 1.31727, -3.82814, -0.36874, 1.1824], [0.04757, 1.63306, 1.92551, 1.13801, -3.61436, -0.58149, 0.87033], [0.12879, 1.67621, 2.0706, 0.95874, -3.40057, -0.79423, 0.55825], [0.21001, 1.71936, 2.2157, 0.77948, -3.18679, -1.00697, 0.24618], [0.29123, 1.76251, 2.36079, 0.60022, -2.973, -1.21971, -0.0659], [0.37245, 1.80566, 2.50588, 0.42095, -2.75921, -1.43245, -0.37797]]
end: [0.42514000000000002, 1.83365, 2.6000000000000001, 0.30467, -2.6205400000000001, -1.5704499999999999, -0.58040000000000003]
obtacles: [[[0.6, -0.4, -0.2], [1.0, 0.6, -0.3]], [[0.8, -0.0, -0.2], [1.1, 0.1, 0.3]], [[0.8, 0.6, -0.2], [1.1, 0.7, 0.3]], [[0.8, 0.0, 0.3], [1.1, 0.7, 0.4]]]
start: [-0.58726, 1.9575800000000001, 2.1499999999999999, 1.30637, -2.1406000000000001, -1.1693899999999999, -0.48351]
tajectories: [[-0.58726, 1.95758, 2.15, 1.30637, -2.1406, -1.16939, -0.48351], [-0.67798, 1.72626, 1.83426, 1.31433, -2.21344, -1.01873, -0.72948], [-0.76871, 1.49494, 1.51852, 1.3223, -2.28627, -0.86808, -0.97545], [-0.85944, 1.26361, 1.20278, 1.33027, -2.35911, -0.71742, -1.22142], [-0.95017, 1.03229, 0.88704, 1.33823, -2.43194, -0.56677, -1.4674], [-1.03964, 0.80418, 0.57569, 1.34609, -2.50376, -0.4182, -1.70996], [-0.95914, 0.57332, 0.69655, 1.48495, -2.42632, -0.11101, -1.94653], [-0.87864, 0.34245, 0.81741, 1.62382, -2.34888, 0.19618, -2.1831], [-0.79814, 0.11158, 0.93827, 1.76268, -2.27144, 0.50338, -2.41967], [-0.71764, -0.11928, 1.05913, 1.90154, -2.194, 0.81057, -2.65624], [-0.68981, -0.1991, 1.10092, 1.94955, -2.16723, 0.91677, -2.73802], [-0.55443, 0.09888, 1.19136, 1.80452, -2.20759, 0.5835, -2.70681], [-0.41905, 0.39686, 1.2818, 1.65949, -2.24796, 0.25024, -2.67559], [-0.28367, 0.69484, 1.37225, 1.51446, -2.28832, -0.08302, -2.64438], [-0.14828, 0.99281, 1.46269, 1.36943, -2.32869, -0.41629, -2.61316], [-0.0129, 1.29079, 1.55314, 1.22441, -2.36905, -0.74955, -2.58195], [0.12248, 1.58877, 1.64358, 1.07938, -2.40942, -1.08281, -2.55074], [0.19746, 1.7538, 1.69367, 0.99906, -2.43177, -1.26738, -2.53345], [0.1693, 1.77243, 1.82092, 0.96769, -2.35234, -1.28017, -2.05888], [0.14114, 1.79106, 1.94816, 0.93632, -2.27291, -1.29296, -1.58432], [0.11298, 1.80969, 2.0754, 0.90496, -2.19349, -1.30574, -1.10975]]
end: [0.09647, 1.8206100000000001, 2.1499999999999999, 0.88656999999999997, -2.1469200000000002, -1.31324, -0.83153999999999995]
obtacles: [[[0.6, -0.4, -0.2], [1.0, 0.6, -0.3]], [[0.8, -0.0, -0.2], [1.1, 0.1, 0.3]], [[0.8, 0.6, -0.2], [1.1, 0.7, 0.3]], [[0.8, 0.0, 0.3], [1.1, 0.7, 0.4]]]
start: [-0.57750999999999997, 1.90954, 2.3999999999999999, 1.2321299999999999, -2.27799, -0.99370999999999998, -0.28611999999999999]
tajectories: [[-0.57751, 1.90954, 2.4, 1.23213, -2.27799, -0.99371, -0.28612], [-0.39179, 1.47512, 2.38684, 1.30604, -2.36184, -0.92184, -0.38075], [-0.20607, 1.0407, 2.37368, 1.37995, -2.44568, -0.84997, -0.47538], [-0.02035, 0.60627, 2.36051, 1.45387, -2.52953, -0.7781, -0.57001], [0.16537, 0.17185, 2.34735, 1.52778, -2.61337, -0.70623, -0.66464], [0.35108, -0.26257, 2.33419, 1.60169, -2.69721, -0.63436, -0.75928], [0.53253, -0.687, 2.32133, 1.6739, -2.77913, -0.56414, -0.85173], [0.67246, -0.37022, 2.04971, 1.66677, -2.94444, -0.47519, -0.7068], [0.81238, -0.05344, 1.77809, 1.65963, -3.10975, -0.38624, -0.56187], [0.95231, 0.26334, 1.50648, 1.6525, -3.27506, -0.29729, -0.41694], [1.06474, 0.51787, 1.28824, 1.64676, -3.40788, -0.22582, -0.30049], [1.06756, 0.66595, 1.10252, 1.95664, -3.31055, -0.33018, -0.57831], [1.07039, 0.81404, 0.9168, 2.26651, -3.21322, -0.43453, -0.85614], [1.07322, 0.96212, 0.73108, 2.57638, -3.11588, -0.53889, -1.13396], [1.07444, 1.02582, 0.65119, 2.70968, -3.07401, -0.58378, -1.25348], [0.89848, 1.18392, 0.92031, 2.42029, -2.94338, -0.70313, -1.17249], [0.72253, 1.34202, 1.18944, 2.13089, -2.81275, -0.82248, -1.09151], [0.54658, 1.50012, 1.45857, 1.8415, -2.68212, -0.94183, -1.01052], [0.37063, 1.65822, 1.72769, 1.55211, -2.55149, -1.06119, -0.92954], [0.19468, 1.81632, 1.99682, 1.26271, -2.42086, -1.18054, -0.84856]]
end: [0.029149999999999999, 1.96505, 2.25, 0.99046000000000001, -2.2979599999999998, -1.2928200000000001, -0.77237]
obtacles: [[[0.6, -0.4, -0.2], [1.0, 0.6, -0.3]], [[0.8, -0.0, -0.2], [1.1, 0.1, 0.3]], [[0.8, 0.6, -0.2], [1.1, 0.7, 0.3]], [[0.8, 0.0, 0.3], [1.1, 0.7, 0.4]]]
start: [-0.35704000000000002, 1.87009, 2.2999999999999998, 0.92703999999999998, -2.2852100000000002, -1.2321, -0.32757999999999998]
tajectories: [[-0.35704, 1.87009, 2.3, 0.92704, -2.28521, -1.2321, -0.32758], [-0.77779, 1.88579, 2.40776, 0.87963, -2.43475, -1.04156, -0.3415], [-1.19855, 1.9015, 2.51551, 0.83222, -2.58428, -0.85102, -0.35543], [-1.61931, 1.91721, 2.62327, 0.78481, -2.73382, -0.66049, -0.36936], [-1.83824, 1.92538, 2.67934, 0.76014, -2.81162, -0.56135, -0.37661], [-1.47499, 1.6757, 2.62151, 0.79307, -2.67952, -0.38194, -0.41713], [-1.11174, 1.42601, 2.56368, 0.82601, -2.54741, -0.20254, -0.45765], [-0.74849, 1.17633, 2.50585, 0.85894, -2.4153, -0.02314, -0.49818], [-0.38524, 0.92665, 2.44802, 0.89187, -2.28319, 0.15626, -0.5387], [-0.02199, 0.67696, 2.39019, 0.9248, -2.15109, 0.33567, -0.57922], [0.28838, 0.46362, 2.34078, 0.95294, -2.03821, 0.48896, -0.61384], [0.43557, 0.72833, 2.38513, 1.16805, -2.24114, 0.56997, -0.36427], [0.58276, 0.99303, 2.42949, 1.38315, -2.44406, 0.65098, -0.1147], [0.72995, 1.25774, 2.47384, 1.59826, -2.64699, 0.73198, 0.13487], [0.87714, 1.52244, 2.51819, 1.81336, -2.84992, 0.81299, 0.38444], [0.98295, 1.71273, 2.55008, 1.968, -2.9958, 0.87123, 0.56385], [0.83887, 1.75685, 2.50743, 1.81755, -2.87952, 0.51775, 0.31013], [0.6948, 1.80096, 2.46478, 1.66711, -2.76325, 0.16427, 0.0564], [0.55072, 1.84508, 2.42213, 1.51666, -2.64698, -0.18921, -0.19732], [0.40664, 1.88919, 2.37949, 1.36622, -2.53071, -0.54268, -0.45105], [0.26256, 1.93331, 2.33684, 1.21577, -2.41443, -0.89616, -0.70477]]
end: [0.1381, 1.9714100000000001, 2.2999999999999998, 1.08582, -2.3140000000000001, -1.2014899999999999, -0.92393000000000003]
