obtacles: [[[0.6, -0.4, -0.2], [1.0, 0.6, -0.3]], [[0.7, -0.2, -0.2], [1.0, -0.1, 0.3]], [[0.7, 0.2, -0.2], [1.0, 0.3, 0.3]], [[0.7, -0.2, 0.3], [1.0, 0.3, 0.4]]]
start: [-0.84711999999999998, 1.82426, 1.75, 1.2495099999999999, -1.8686499999999999, -1.4861599999999999, -0.36677999999999999]
tajectories: [[-0.84712, 1.82426, 1.75, 1.24951, -1.86865, -1.48616, -0.36678], [-0.95684, 1.80578, 1.81807, 1.17914, -2.21851, -1.26508, -0.60501], [-1.06656, 1.78729, 1.88614, 1.10878, -2.56837, -1.04399, -0.84325], [-1.17628, 1.76881, 1.95421, 1.03842, -2.91824, -0.82291, -1.08148], [-1.286, 1.75033, 2.02228, 0.96806, -3.2681, -0.60183, -1.31971], [-1.39571, 1.73185, 2.09035, 0.8977, -3.61796, -0.38075, -1.55794], [-1.47549, 1.71841, 2.13984, 0.84653, -3.87236, -0.21999, -1.73116], [-1.41657, 1.62251, 2.14905, 1.08425, -3.56131, 0.04607, -1.84605], [-1.35765, 1.52661, 2.15826, 1.32196, -3.25026, 0.31213, -1.96093], [-1.29872, 1.43071, 2.16746, 1.55967, -2.93922, 0.5782, -2.07582], [-1.2398, 1.33481, 2.17667, 1.79739, -2.62817, 0.84426, -2.19071], [-1.18088, 1.23891, 2.18588, 2.0351, -2.31712, 1.11033, -2.30559], [-1.12195, 1.14301, 2.19508, 2.27282, -2.00608, 1.37639, -2.42048], [-1.12115, 1.14171, 2.19521, 2.27605, -2.00184, 1.38001, -2.42205], [-1.08023, 1.22254, 2.14818, 2.35388, -1.64228, 1.0573, -2.43153], [-1.03931, 1.30337, 2.10116, 2.43171, -1.28271, 0.73458, -2.44102], [-0.9984, 1.38421, 2.05413, 2.50954, -0.92314, 0.41187, -2.4505], [-0.95748, 1.46504, 2.0071, 2.58737, -0.56358, 0.08915, -2.45999], [-0.91656, 1.54587, 1.96008, 2.6652, -0.20401, -0.23356, -2.46948], [-0.87564, 1.62671, 1.91305, 2.74303, 0.15555, -0.55628, -2.47896], [-0.86055, 1.65651, 1.89571, 2.77173, 0.28812, -0.67526, -2.48246], [-0.76443, 1.69065, 1.87147, 2.55888, -0.07225, -0.79957, -2.2625], [-0.66831, 1.7248, 1.84724, 2.34603, -0.43262, -0.92388, -2.04253], [-0.57219, 1.75894, 1.823, 2.13318, -0.79299, -1.04819, -1.82257], [-0.47607, 1.79308, 1.79876, 1.92033, -1.15336, -1.17249, -1.60261], [-0.37994, 1.82723, 1.77452, 1.70748, -1.51373, -1.2968, -1.38265], [-0.28382, 1.86137, 1.75029, 1.49463, -1.8741, -1.42111, -1.16269]]
end: [-0.28267999999999999, 1.8617699999999999, 1.75, 1.49211, -1.8783700000000001, -1.42258, -1.16008]
obtacles: [[[0.6, -0.4, -0.2], [1.0, 0.6, -0.3]], [[0.7, -0.2, -0.2], [1.0, -0.1, 0.3]], [[0.7, 0.2, -0.2], [1.0, 0.3, 0.3]], [[0.7, -0.2, 0.3], [1.0, 0.3, 0.4]]]
start: [-0.88790999999999998, 1.9671700000000001, 1.8, 1.10327, -2.0254300000000001, -1.5577000000000001, -0.1661]
tajectories: [[-0.88791, 1.96717, 1.8, 1.10327, -2.02543, -1.5577, -0.1661], [-1.16818, 1.88211, 1.55884, 1.00867, -2.01237, -1.3072, -0.351], [-1.44844, 1.79705, 1.31767, 0.91408, -1.99931, -1.05669, -0.5359], [-1.72871, 1.71199, 1.07651, 0.81949, -1.98625, -0.80619, -0.72079], [-2.00897, 1.62692, 0.83534, 0.72489, -1.97319, -0.55569, -0.90569], [-2.28923, 1.54186, 0.59418, 0.6303, -1.96013, -0.30519, -1.09059], [-2.46195, 1.48944, 0.44555, 0.572, -1.95208, -0.15081, -1.20454], [-2.33423, 1.41526, 0.22873, 0.94548, -2.07571, -0.11055, -1.36196], [-2.20651, 1.34108, 0.01192, 1.31897, -2.19933, -0.07028, -1.51938], [-2.07879, 1.2669, -0.2049, 1.69245, -2.32296, -0.03001, -1.6768], [-1.95107, 1.19272, -0.42172, 2.06593, -2.44658, 0.01025, -1.83422], [-1.82335, 1.11854, -0.63854, 2.43941, -2.57021, 0.05052, -1.99163], [-1.69564, 1.04436, -0.85536, 2.81289, -2.69383, 0.09079, -2.14905], [-1.65347, 1.01987, -0.92695, 2.93621, -2.73465, 0.10408, -2.20103], [-1.49112, 1.12187, -0.57147, 2.78353, -2.60774, -0.07979, -2.08419], [-1.32878, 1.22388, -0.216, 2.63085, -2.48082, -0.26366, -1.96736], [-1.16643, 1.32588, 0.13947, 2.47817, -2.3539, -0.44754, -1.85053], [-1.00409, 1.42788, 0.49495, 2.3255, -2.22699, -0.63141, -1.73369], [-0.84174, 1.52989, 0.85042, 2.17282, -2.10007, -0.81528, -1.61686], [-0.6794, 1.63189, 1.20589, 2.02014, -1.97315, -0.99915, -1.50002], [-0.51705, 1.73389, 1.56137, 1.86746, -1.84624, -1.18303, -1.38319]]
end: [-0.40806999999999999, 1.80237, 1.8, 1.7649699999999999, -1.7610399999999999, -1.30646, -1.3047599999999999]
obtacles: [[[0.6, -0.4, -0.2], [1.0, 0.6, -0.3]], [[0.7, -0.2, -0.2], [1.0, -0.1, 0.3]], [[0.7, 0.2, -0.2], [1.0, 0.3, 0.3]], [[0.7, -0.2, 0.3], [1.0, 0.3, 0.4]]]
start: [-1.00695, 1.9436899999999999, 1.8, 1.59256, -1.94831, -1.3495299999999999, -0.49975000000000003]
tajectories: [[-1.00695, 1.94369, 1.8, 1.59256, -1.94831, -1.34953, -0.49975], [-1.22763, 1.66177, 1.95521, 1.86385, -1.89568, -1.25208, -0.60869], [-1.44831, 1.37985, 2.11042, 2.13513, -1.84306, -1.15464, -0.71763], [-1.66899, 1.09793, 2.26563, 2.40642, -1.79044, -1.05719, -0.82658], [-1.88967, 0.81601, 2.42084, 2.67771, -1.73782, -0.95975, -0.93552], [-2.11035, 0.53409, 2.57605, 2.949, -1.6852, -0.8623, -1.04446], [-2.19825, 0.42179, 2.63787, 3.05706, -1.66424, -0.82348, -1.08786], [-1.81272, 0.53316, 2.62615, 2.876, -1.68247, -0.77081, -0.85778], [-1.42719, 0.64452, 2.61443, 2.69494, -1.70071, -0.71813, -0.6277], [-1.04166, 0.75588, 2.60272, 2.51388, -1.71894, -0.66545, -0.39763], [-0.65612, 0.86725, 2.591, 2.33282, -1.73718, -0.61277, -0.16755], [-0.64939, 0.86919, 2.59079, 2.32966, -1.7375, -0.61185, -0.16353], [-0.67069, 0.99765, 2.43527, 2.36145, -2.15123, -0.45533, -0.27384], [-0.69198, 1.12612, 2.27975, 2.39323, -2.56497, -0.29881, -0.38415], [-0.71328, 1.25458, 2.12423, 2.42502, -2.97871, -0.14229, -0.49446], [-0.73458, 1.38304, 1.96871, 2.4568, -3.39245, 0.01423, -0.60477], [-0.75587, 1.51151, 1.81319, 2.48859, -3.80619, 0.17075, -0.71508], [-0.77717, 1.63997, 1.65767, 2.52037, -4.21993, 0.32727, -0.8254], [-0.78111, 1.66377, 1.62885, 2.52626, -4.29657, 0.35627, -0.84583], [-0.74512, 1.71222, 1.65714, 2.4012, -3.90372, 0.08484, -0.88961], [-0.70912, 1.76066, 1.68542, 2.27615, -3.51088, -0.18659, -0.93339], [-0.67313, 1.80911, 1.7137, 2.15109, -3.11803, -0.45801, -0.97718], [-0.63714, 1.85756, 1.74198, 2.02604, -2.72518, -0.72944, -1.02096], [-0.60114, 1.90601, 1.77026, 1.90098, -2.33234, -1.00087, -1.06474], [-0.56515, 1.95445, 1.79854, 1.77593, -1.93949, -1.27229, -1.10852]]
end: [-0.56328999999999996, 1.95695, 1.8, 1.7694700000000001, -1.9192100000000001, -1.2863100000000001, -1.1107800000000001]
obtacles: [[[0.6, -0.4, -0.2], [1.0, 0.6, -0.3]], [[0.7, -0.2, -0.2], [1.0, -0.1, 0.3]], [[0.7, 0.2, -0.2], [1.0, 0.3, 0.3]], [[0.7, -0.2, 0.3], [1.0, 0.3, 0.4]]]
start: [-0.86706000000000005, 1.72441, 1.8, 1.1863300000000001, -1.8015099999999999, -1.41947, -0.28399000000000002]
tajectories: [[-0.86706, 1.72441, 1.8, 1.18633, -1.80151, -1.41947, -0.28399], [-1.07021, 1.58817, 1.73303, 0.90128, -1.91967, -1.3084, -0.5635], [-1.27337, 1.45193, 1.66605, 0.61623, -2.03784, -1.19733, -0.84301], [-1.47652, 1.31568, 1.59908, 0.33118, -2.15601, -1.08625, -1.12252], [-1.67967, 1.17944, 1.5321, 0.04613, -2.27418, -0.97518, -1.40203], [-1.88282, 1.04319, 1.46513, -0.23893, -2.39235, -0.86411, -1.68154], [-1.89156, 1.03734, 1.46225, -0.25118, -2.39743, -0.85933, -1.69355], [-1.97428, 0.90774, 1.21627, 0.10235, -2.39672, -0.97826, -1.85704], [-2.05701, 0.77814, 0.97029, 0.45588, -2.39601, -1.09719, -2.02053], [-2.13973, 0.64854, 0.72432, 0.8094, -2.39531, -1.21612, -2.18402], [-2.22246, 0.51894, 0.47834, 1.16293, -2.3946, -1.33506, -2.34752], [-2.30518, 0.38935, 0.23236, 1.51646, -2.39389, -1.45399, -2.51101], [-2.35434, 0.31234, 0.0862, 1.72652, -2.39347, -1.52466, -2.60815], [-2.19561, -0.06106, 0.33679, 1.86495, -2.43401, -1.48734, -2.58834], [-2.03689, -0.43445, 0.58737, 2.00337, -2.47456, -1.45002, -2.56853], [-1.87816, -0.80784, 0.83796, 2.14179, -2.5151, -1.4127, -2.54872], [-1.71943, -1.18124, 1.08854, 2.28021, -2.55564, -1.37538, -2.52891], [-1.56071, -1.55463, 1.33913, 2.41864, -2.59618, -1.33806, -2.5091], [-1.40198, -1.92802, 1.58972, 2.55706, -2.63673, -1.30074, -2.48929], [-1.39912, -1.93476, 1.59424, 2.55956, -2.63746, -1.30007, -2.48893], [-1.56603, -1.88842, 1.58776, 2.43645, -2.47462, -0.88331, -2.42119], [-1.73295, -1.84208, 1.58127, 2.31333, -2.31179, -0.46655, -2.35345], [-1.89987, -1.79574, 1.57479, 2.19022, -2.14895, -0.04979, -2.2857], [-2.06679, -1.7494, 1.5683, 2.06711, -1.98612, 0.36697, -2.21796], [-2.2337, -1.70307, 1.56182, 1.94399, -1.82329, 0.78373, -2.15022], [-2.40062, -1.65673, 1.55533, 1.82088, -1.66045, 1.20049, -2.08248]]
end: [-2.5378599999999998, -1.61863, 1.55, 1.7196499999999999, -1.5265599999999999, 1.5431600000000001, -2.02678]
obtacles: [[[0.6, -0.4, -0.2], [1.0, 0.6, -0.3]], [[0.7, -0.2, -0.2], [1.0, -0.1, 0.3]], [[0.7, 0.2, -0.2], [1.0, 0.3, 0.3]], [[0.7, -0.2, 0.3], [1.0, 0.3, 0.4]]]
start: [-0.96548, 1.7101999999999999, 1.8500000000000001, 1.37863, -1.7663, -1.3270299999999999, -0.36951000000000001]
tajectories: [[-0.96548, 1.7102, 1.85, 1.37863, -1.7663, -1.32703, -0.36951], [-1.08554, 1.52407, 1.80563, 1.31783, -1.97713, -1.25903, -0.75187], [-1.20561, 1.33794, 1.76126, 1.25702, -2.18796, -1.19103, -1.13424], [-1.32568, 1.15182, 1.71689, 1.19622, -2.39879, -1.12303, -1.5166], [-1.44574, 0.96569, 1.67252, 1.13542, -2.60961, -1.05503, -1.89897], [-1.56581, 0.77956, 1.62815, 1.07461, -2.82044, -0.98703, -2.28133], [-1.68587, 0.59344, 1.58378, 1.01381, -3.03127, -0.91903, -2.66369], [-1.713, 0.55139, 1.57376, 1.00007, -3.0789, -0.90367, -2.75007], [-1.54436, 0.57019, 1.30805, 1.35936, -3.09529, -1.04194, -2.79625], [-1.37572, 0.58898, 1.04235, 1.71865, -3.11168, -1.18021, -2.84242], [-1.20708, 0.60778, 0.77664, 2.07794, -3.12808, -1.31848, -2.8886], [-1.10456, 0.6192, 0.6151, 2.29637, -3.13804, -1.40255, -2.91667], [-1.00393, 0.84983, 0.81961, 2.20673, -2.92704, -1.38207, -2.61354], [-0.90329, 1.08046, 1.02412, 2.1171, -2.71603, -1.36159, -2.31042], [-0.80266, 1.31108, 1.22863, 2.02747, -2.50503, -1.34111, -2.0073], [-0.70203, 1.54171, 1.43314, 1.93783, -2.29403, -1.32063, -1.70417], [-0.6014, 1.77234, 1.63765, 1.8482, -2.08302, -1.30016, -1.40105]]
end: [-0.52151999999999998, 1.9554199999999999, 1.8, 1.77704, -1.9155199999999999, -1.2839, -1.16042]
obtacles: [[[0.6, -0.4, -0.2], [1.0, 0.6, -0.3]], [[0.7, -0.2, -0.2], [1.0, -0.1, 0.3]], [[0.7, 0.2, -0.2], [1.0, 0.3, 0.3]], [[0.7, -0.2, 0.3], [1.0, 0.3, 0.4]]]
start: [-0.64344999999999997, 1.8104800000000001, 1.8500000000000001, 0.76487000000000005, -1.9364600000000001, -1.5567, -0.084970000000000004]
tajectories: [[-0.64345, 1.81048, 1.85, 0.76487, -1.93646, -1.5567, -0.08497], [-0.87047, 1.53311, 1.76246, 0.64312, -1.7848, -1.39132, -0.30562], [-1.09748, 1.25574, 1.67491, 0.52138, -1.63313, -1.22594, -0.52628], [-1.3245, 0.97836, 1.58737, 0.39963, -1.48147, -1.06055, -0.74694], [-1.55151, 0.70099, 1.49983, 0.27789, -1.32981, -0.89517, -0.9676], [-1.77853, 0.42362, 1.41229, 0.15615, -1.17815, -0.72979, -1.18826], [-1.99181, 0.16302, 1.33004, 0.04177, -1.03565, -0.57441, -1.39558], [-2.0224, 0.15836, 1.26315, 0.47662, -0.8474, -0.43843, -1.35639], [-2.05299, 0.15369, 1.19627, 0.91148, -0.65914, -0.30246, -1.3172], [-2.08358, 0.14903, 1.12938, 1.34634, -0.47088, -0.16648, -1.27801], [-2.11416, 0.14437, 1.06249, 1.7812, -0.28262, -0.03051, -1.23882], [-2.14475, 0.13971, 0.99561, 2.21606, -0.09436, 0.10547, -1.19963], [-2.17521, 0.13507, 0.92901, 2.64907, 0.0931, 0.24086, -1.16061], [-2.00828, -0.1778, 1.22683, 2.65906, 0.18021, 0.23405, -1.3274], [-1.84135, -0.49066, 1.52465, 2.66906, 0.26733, 0.22724, -1.49419], [-1.67443, -0.80352, 1.82248, 2.67905, 0.35445, 0.22042, -1.66098], [-1.5075, -1.11638, 2.1203, 2.68905, 0.44156, 0.21361, -1.82777], [-1.36293, -1.38735, 2.37824, 2.6977, 0.51701, 0.20771, -1.97222], [-1.57239, -1.47042, 2.24396, 2.52196, 0.20841, 0.44222, -1.98105], [-1.78185, -1.55349, 2.10967, 2.34621, -0.10018, 0.67673, -1.98988], [-1.99131, -1.63656, 1.97539, 2.17046, -0.40878, 0.91123, -1.9987], [-2.20077, -1.71963, 1.8411, 1.99472, -0.71738, 1.14574, -2.00753], [-2.41024, -1.8027, 1.70682, 1.81897, -1.02598, 1.38025, -2.01636]]
end: [-2.5768499999999999, -1.86877, 1.6000000000000001, 1.6791700000000001, -1.27146, 1.5667899999999999, -2.02338]
obtacles: [[[0.6, -0.4, -0.2], [1.0, 0.6, -0.3]], [[0.7, -0.2, -0.2], [1.0, -0.1, 0.3]], [[0.7, 0.2, -0.2], [1.0, 0.3, 0.3]], [[0.7, -0.2, 0.3], [1.0, 0.3, 0.4]]]
start: [-0.86123000000000005, 1.9588000000000001, 1.7, 1.3295999999999999, -1.9779599999999999, -1.54535, -0.43770999999999999]
tajectories: [[-0.86123, 1.9588, 1.7, 1.3296, -1.97796, -1.54535, -0.43771], [-1.02799, 1.87042, 1.51685, 1.54332, -1.96135, -1.29862, -0.70975], [-1.19475, 1.78203, 1.3337, 1.75704, -1.94475, -1.0519, -0.9818], [-1.36151, 1.69365, 1.15054, 1.97076, -1.92814, -0.80517, -1.25384], [-1.52828, 1.60526, 0.96739, 2.18448, -1.91154, -0.55845, -1.52589], [-1.69348, 1.51771, 0.78596, 2.39619, -1.89509, -0.31404, -1.79538], [-1.55445, 1.5745, 0.87879, 2.56729, -1.51215, -0.5006, -1.8854], [-1.41543, 1.6313, 0.97163, 2.73839, -1.12921, -0.68715, -1.97542], [-1.2764, 1.68809, 1.06447, 2.90949, -0.74626, -0.87371, -2.06544], [-1.13738, 1.74489, 1.15731, 3.08059, -0.36332, -1.06027, -2.15545], [-1.1022, 1.75926, 1.1808, 3.12389, -0.26643, -1.10748, -2.17823], [-0.94858, 1.77256, 1.28839, 2.8395, -0.58412, -1.16858, -2.0076], [-0.79497, 1.78587, 1.39598, 2.55512, -0.9018, -1.22968, -1.83697], [-0.64135, 1.79918, 1.50357, 2.27073, -1.21949, -1.29079, -1.66634], [-0.48773, 1.81249, 1.61116, 1.98635, -1.53718, -1.35189, -1.49571]]
end: [-0.36087999999999998, 1.82348, 1.7, 1.75152, -1.7995099999999999, -1.4023399999999999, -1.3548100000000001]
