obtacles: [[[0.6, -0.4, -0.2], [1.0, 0.6, -0.3]], [[0.7, -0.0, -0.2], [0.9, 0.1, 0.4]], [[0.7, 0.4, -0.2], [0.9, 0.5, 0.4]], [[0.7, 0.0, 0.4], [0.9, 0.5, 0.5]]]
start: [-0.76039999999999996, 1.6447099999999999, 1.55, 1.9894799999999999, -1.6467700000000001, -1.55972, -1.22943]
tajectories: [[-0.7604, 1.64471, 1.55, 1.98948, -1.64677, -1.55972, -1.22943], [-0.69849, 1.86709, 1.79661, 2.04252, -1.97209, -1.47366, -1.08856], [-0.6883, 1.90368, 1.83718, 2.05125, -2.02562, -1.4595, -1.06538], [-0.42802, 1.77271, 1.72855, 2.26735, -2.13762, -1.45512, -1.37204], [-0.24276, 1.6795, 1.65122, 2.42116, -2.21734, -1.452, -1.59032], [-0.30175, 1.83828, 1.56972, 2.06034, -1.93054, -1.46728, -1.63485]]
end: [-0.31602000000000002, 1.87669, 1.55, 1.97305, -1.8611599999999999, -1.47098, -1.6456299999999999]
obtacles: [[[0.6, -0.4, -0.2], [1.0, 0.6, -0.3]], [[0.7, -0.0, -0.2], [0.9, 0.1, 0.4]], [[0.7, 0.4, -0.2], [0.9, 0.5, 0.4]], [[0.7, 0.0, 0.4], [0.9, 0.5, 0.5]]]
start: [-0.88109000000000004, 1.83893, 1.6000000000000001, 1.9813099999999999, -1.8067, -1.4388700000000001, -1.0806199999999999]
tajectories: [[-0.88109, 1.83893, 1.6, 1.98131, -1.8067, -1.43887, -1.08062], [-0.79251, 1.51424, 1.61098, 1.93951, -2.10485, -1.43354, -1.29495], [-0.70393, 1.18954, 1.62196, 1.89771, -2.40299, -1.42822, -1.50928], [-0.61535, 0.86484, 1.63294, 1.85591, -2.70114, -1.42289, -1.72361], [-0.52677, 0.54014, 1.64391, 1.81411, -2.99929, -1.41757, -1.93794], [-0.43819, 0.21545, 1.65489, 1.77231, -3.29744, -1.41225, -2.15226], [-0.34961, -0.10925, 1.66587, 1.73051, -3.59559, -1.40692, -2.36659], [-0.26104, -0.43395, 1.67685, 1.68871, -3.89374, -1.4016, -2.58092], [-0.20657, -0.63359, 1.6836, 1.66301, -4.07705, -1.39833, -2.7127], [-0.23202, -0.302, 1.67182, 1.71306, -3.74084, -1.40997, -2.55914], [-0.25747, 0.02959, 1.66003, 1.76311, -3.40462, -1.42161, -2.40558], [-0.28292, 0.36118, 1.64825, 1.81316, -3.06841, -1.43325, -2.25201], [-0.30837, 0.69277, 1.63646, 1.86321, -2.73219, -1.44489, -2.09845], [-0.33382, 1.02435, 1.62468, 1.91326, -2.39598, -1.45653, -1.94489], [-0.35927, 1.35594, 1.61289, 1.96332, -2.05976, -1.46817, -1.79133], [-0.38472, 1.68753, 1.60111, 2.01337, -1.72355, -1.47981, -1.63777]]
end: [-0.38712000000000002, 1.7186900000000001, 1.6000000000000001, 2.0180699999999998, -1.6919500000000001, -1.4809000000000001, -1.62334]
obtacles: [[[0.6, -0.4, -0.2], [1.0, 0.6, -0.3]], [[0.7, -0.0, -0.2], [0.9, 0.1, 0.4]], [[0.7, 0.4, -0.2], [0.9, 0.5, 0.4]], [[0.7, 0.0, 0.4], [0.9, 0.5, 0.5]]]
start: [-0.80830999999999997, 1.66791, 1.6000000000000001, 1.3815299999999999, -1.67167, -1.5604899999999999, -0.57128000000000001]
tajectories: [[-0.80831, 1.66791, 1.6, 1.38153, -1.67167, -1.56049, -0.57128], [-0.85869, 1.44686, 1.60455, 1.34253, -1.29903, -1.4458, -0.35904], [-0.90907, 1.22581, 1.60911, 1.30354, -0.92639, -1.3311, -0.1468], [-0.95945, 1.00477, 1.61366, 1.26454, -0.55376, -1.21641, 0.06544], [-1.00983, 0.78372, 1.61822, 1.22555, -0.18112, -1.10171, 0.27768], [-1.06021, 0.56267, 1.62277, 1.18655, 0.19152, -0.98702, 0.48992], [-1.101, 0.38369, 1.62646, 1.15498, 0.49324, -0.89415, 0.66177], [-1.12032, 0.17142, 1.67557, 1.41218, 0.60392, -0.81359, 0.31933], [-1.13964, -0.04085, 1.72468, 1.66938, 0.7146, -0.73304, -0.02311], [-1.15896, -0.25312, 1.77378, 1.92658, 0.82528, -0.65248, -0.36555], [-1.17829, -0.46539, 1.82289, 2.18377, 0.93596, -0.57192, -0.70799], [-1.18825, -0.57489, 1.84822, 2.31645, 0.99306, -0.53037, -0.88464], [-1.34513, -0.76917, 1.76657, 2.23988, 0.62735, -0.33195, -0.92935], [-1.50202, -0.96346, 1.68491, 2.1633, 0.26165, -0.13352, -0.97406], [-1.6589, -1.15774, 1.60325, 2.08673, -0.10405, 0.0649, -1.01876], [-1.81578, -1.35203, 1.5216, 2.01016, -0.46976, 0.26333, -1.06347], [-1.97266, -1.54631, 1.43994, 1.93359, -0.83546, 0.46175, -1.10818], [-2.12954, -1.7406, 1.35829, 1.85701, -1.20117, 0.66018, -1.15289], [-2.17259, -1.79391, 1.33588, 1.836, -1.30152, 0.71463, -1.16516], [-2.20174, -1.82056, 1.36628, 1.68914, -1.2817, 0.93738, -1.5846], [-2.23089, -1.8472, 1.39668, 1.54228, -1.26189, 1.16013, -2.00405], [-2.26004, -1.87384, 1.42709, 1.39542, -1.24207, 1.38289, -2.4235]]
end: [-2.2820100000000001, -1.89392, 1.45, 1.2847299999999999, -1.2271300000000001, 1.55077, -2.73963]
obtacles: [[[0.6, -0.4, -0.2], [1.0, 0.6, -0.3]], [[0.7, -0.0, -0.2], [0.9, 0.1, 0.4]], [[0.7, 0.4, -0.2], [0.9, 0.5, 0.4]], [[0.7, 0.0, 0.4], [0.9, 0.5, 0.5]]]
start: [-0.92969000000000002, 1.5038, 1.6499999999999999, 2.0531100000000002, -1.47465, -1.5319, -1.1279399999999999]
tajectories: [[-0.92969, 1.5038, 1.65, 2.05311, -1.47465, -1.5319, -1.12794], [-0.91224, 1.17677, 1.73289, 1.92145, -1.15414, -1.40874, -1.10253], [-0.89479, 0.84974, 1.81578, 1.7898, -0.83363, -1.28559, -1.07712], [-0.87735, 0.52271, 1.89867, 1.65814, -0.51312, -1.16244, -1.0517], [-0.8599, 0.19567, 1.98157, 1.52648, -0.19261, -1.03929, -1.02629], [-0.84245, -0.13136, 2.06446, 1.39483, 0.12791, -0.91613, -1.00087], [-0.82501, -0.45839, 2.14735, 1.26317, 0.44842, -0.79298, -0.97546], [-0.80756, -0.78543, 2.23024, 1.13152, 0.76893, -0.66983, -0.95005], [-0.79011, -1.11246, 2.31313, 0.99986, 1.08944, -0.54667, -0.92463], [-0.78879, -1.13732, 2.31943, 0.98985, 1.11381, -0.53731, -0.9227], [-1.00968, -1.2705, 2.25907, 1.22428, 1.06958, -0.3316, -1.2066], [-1.23058, -1.40367, 2.19871, 1.4587, 1.02535, -0.12589, -1.49049], [-1.45148, -1.53685, 2.13834, 1.69313, 0.98112, 0.07982, -1.77439], [-1.61192, -1.63358, 2.0945, 1.8634, 0.949, 0.22922, -1.98058], [-1.75099, -1.65942, 2.00039, 1.79944, 0.55034, 0.46041, -2.04892], [-1.89006, -1.68526, 1.90628, 1.73548, 0.15168, 0.6916, -2.11725], [-2.02912, -1.7111, 1.81217, 1.67152, -0.24697, 0.92279, -2.18558], [-2.16819, -1.73694, 1.71806, 1.60757, -0.64563, 1.15398, -2.25392], [-2.30725, -1.76278, 1.62395, 1.54361, -1.04429, 1.38517, -2.32225]]
end: [-2.4165299999999998, -1.78308, 1.55, 1.49335, -1.35754, 1.5668299999999999, -2.3759399999999999]
obtacles: [[[0.6, -0.4, -0.2], [1.0, 0.6, -0.3]], [[0.7, -0.0, -0.2], [0.9, 0.1, 0.4]], [[0.7, 0.4, -0.2], [0.9, 0.5, 0.4]], [[0.7, 0.0, 0.4], [0.9, 0.5, 0.5]]]
start: [-0.77312000000000003, 1.68557, 1.6499999999999999, 1.1150899999999999, -1.70868, -1.55061, -0.33603]
tajectories: [[-0.77312, 1.68557, 1.65, 1.11509, -1.70868, -1.55061, -0.33603], [-0.84479, 1.49418, 1.79767, 1.14787, -1.48533, -1.26359, -0.10563], [-0.91646, 1.30279, 1.94534, 1.18065, -1.26197, -0.97656, 0.12476], [-0.98813, 1.1114, 2.09302, 1.21343, -1.03862, -0.68954, 0.35515], [-1.0598, 0.92001, 2.24069, 1.24621, -0.81526, -0.40252, 0.58555], [-1.13147, 0.72862, 2.38836, 1.27899, -0.59191, -0.11549, 0.81594], [-1.16468, 0.63993, 2.45679, 1.29418, -0.48841, 0.0175, 0.92269], [-1.05402, 0.59136, 2.40763, 1.4026, -0.36959, 0.14811, 0.48675], [-0.94337, 0.54279, 2.35848, 1.51103, -0.25077, 0.27871, 0.0508], [-0.83271, 0.49422, 2.30933, 1.61945, -0.13195, 0.40932, -0.38514], [-0.72206, 0.44564, 2.26018, 1.72787, -0.01313, 0.53992, -0.82109], [-0.6114, 0.39707, 2.21103, 1.8363, 0.10569, 0.67053, -1.25703], [-0.60616, 0.39477, 2.2087, 1.84143, 0.11132, 0.67671, -1.27767], [-0.84812, 0.06036, 2.12617, 1.85333, -0.09184, 0.80434, -1.4006], [-1.09007, -0.27405, 2.04364, 1.86524, -0.295, 0.93198, -1.52353], [-1.33203, -0.60846, 1.96111, 1.87714, -0.49815, 1.05961, -1.64646], [-1.57398, -0.94287, 1.87857, 1.88904, -0.70131, 1.18724, -1.76939], [-1.81594, -1.27728, 1.79604, 1.90094, -0.90447, 1.31487, -1.89232], [-2.05789, -1.61169, 1.71351, 1.91284, -1.10763, 1.4425, -2.01525]]
end: [-2.2440799999999999, -1.8690199999999999, 1.6499999999999999, 1.9219999999999999, -1.26396, 1.5407200000000001, -2.1098499999999998]
obtacles: [[[0.6, -0.4, -0.2], [1.0, 0.6, -0.3]], [[0.7, -0.0, -0.2], [0.9, 0.1, 0.4]], [[0.7, 0.4, -0.2], [0.9, 0.5, 0.4]], [[0.7, 0.0, 0.4], [0.9, 0.5, 0.5]]]
start: [-0.51319999999999999, 1.5121100000000001, 1.7, 0.74056, -1.62666, -1.44035, -0.22750999999999999]
tajectories: [[-0.5132, 1.51211, 1.7, 0.74056, -1.62666, -1.44035, -0.22751], [-0.50547, 1.22951, 1.80929, 0.79766, -1.40487, -1.31532, -0.52759], [-0.49774, 0.9469, 1.91859, 0.85476, -1.18308, -1.19028, -0.82766], [-0.49001, 0.6643, 2.02788, 0.91186, -0.9613, -1.06524, -1.12774], [-0.48228, 0.3817, 2.13718, 0.96896, -0.73951, -0.9402, -1.42782], [-0.47507, 0.1183, 2.23905, 1.02218, -0.53279, -0.82366, -1.7075], [-0.28701, 0.09628, 2.22182, 1.2811, -0.86035, -0.88934, -1.89513], [-0.09895, 0.07426, 2.20459, 1.54001, -1.18792, -0.95503, -2.08276], [0.08911, 0.05223, 2.18736, 1.79892, -1.51548, -1.02071, -2.27039], [0.27717, 0.03021, 2.17013, 2.05783, -1.84305, -1.08639, -2.45801], [0.46523, 0.00819, 2.15291, 2.31674, -2.17061, -1.15207, -2.64564], [0.47036, 0.00759, 2.15244, 2.32382, -2.17956, -1.15387, -2.65077], [0.35346, 0.40199, 2.05796, 2.19831, -2.1165, -1.20545, -2.42837], [0.23655, 0.79639, 1.96348, 2.07281, -2.05344, -1.25703, -2.20597], [0.11964, 1.1908, 1.869, 1.9473, -1.99038, -1.30861, -1.98356], [0.00273, 1.5852, 1.77453, 1.8218, -1.92732, -1.3602, -1.76116]]
end: [-0.08949, 1.8963300000000001, 1.7, 1.72279, -1.87758, -1.40089, -1.58572]
obtacles: [[[0.6, -0.4, -0.2], [1.0, 0.6, -0.3]], [[0.7, -0.0, -0.2], [0.9, 0.1, 0.4]], [[0.7, 0.4, -0.2], [0.9, 0.5, 0.4]], [[0.7, 0.0, 0.4], [0.9, 0.5, 0.5]]]
start: [-0.60382999999999998, 1.74603, 1.7, 1.59659, -1.7441599999999999, -1.43909, -0.96992999999999996]
tajectories: [[-0.60383, 1.74603, 1.7, 1.59659, -1.74416, -1.43909, -0.96993], [-0.83017, 1.54172, 1.58348, 1.76826, -1.80378, -1.21223, -0.72712], [-1.05652, 1.33741, 1.46696, 1.93994, -1.8634, -0.98536, -0.48432], [-1.28286, 1.1331, 1.35044, 2.11161, -1.92302, -0.7585, -0.24151], [-1.39505, 1.03183, 1.29268, 2.19671, -1.95257, -0.64605, -0.12115], [-1.24044, 0.72837, 1.44238, 2.26881, -1.71148, -0.65902, -0.34048], [-1.08583, 0.42492, 1.59208, 2.34092, -1.47038, -0.672, -0.55982], [-0.93121, 0.12146, 1.74177, 2.41302, -1.22929, -0.68497, -0.77915], [-0.7766, -0.18199, 1.89147, 2.48513, -0.9882, -0.69795, -0.99848], [-0.62198, -0.48545, 2.04116, 2.55723, -0.7471, -0.71093, -1.21782], [-0.54567, -0.63522, 2.11505, 2.59282, -0.62811, -0.71733, -1.32607], [-0.52928, -0.62533, 1.85824, 2.60302, -0.45909, -0.32402, -1.30832], [-0.51288, -0.61544, 1.60142, 2.61322, -0.29007, 0.06929, -1.29057], [-0.49648, -0.60555, 1.34461, 2.62342, -0.12105, 0.4626, -1.27281], [-0.48009, -0.59566, 1.0878, 2.63362, 0.04797, 0.85591, -1.25506], [-0.46369, -0.58577, 0.83099, 2.64382, 0.21699, 1.24923, -1.23731], [-0.46109, -0.5842, 0.79017, 2.64544, 0.24386, 1.31174, -1.23449], [-0.75206, -0.77849, 0.88559, 2.44993, 0.03577, 1.34733, -1.4234], [-1.04303, -0.97278, 0.98101, 2.25442, -0.17232, 1.38292, -1.61232], [-1.334, -1.16707, 1.07643, 2.05891, -0.3804, 1.41851, -1.80124], [-1.62498, -1.36136, 1.17186, 1.8634, -0.58849, 1.4541, -1.99015], [-1.91595, -1.55565, 1.26728, 1.66789, -0.79658, 1.48969, -2.17907], [-2.20692, -1.74994, 1.3627, 1.47238, -1.00467, 1.52528, -2.36799]]
end: [-2.4731299999999998, -1.9277, 1.45, 1.2935099999999999, -1.1950499999999999, 1.5578399999999999, -2.5408200000000001]
obtacles: [[[0.6, -0.4, -0.2], [1.0, 0.6, -0.3]], [[0.7, -0.0, -0.2], [0.9, 0.1, 0.4]], [[0.7, 0.4, -0.2], [0.9, 0.5, 0.4]], [[0.7, 0.0, 0.4], [0.9, 0.5, 0.5]]]
start: [-0.58123999999999998, 1.8038400000000001, 1.6499999999999999, 1.4159600000000001, -1.81342, -1.53034, -0.82050999999999996]
tajectories: [[-0.58124, 1.80384, 1.65, 1.41596, -1.81342, -1.53034, -0.82051], [-0.80159, 1.78479, 1.865, 1.50631, -1.80439, -1.49841, -1.20208], [-1.02195, 1.76575, 2.08, 1.59665, -1.79537, -1.46648, -1.58364], [-1.24231, 1.7467, 2.295, 1.687, -1.78635, -1.43455, -1.9652], [-1.42089, 1.73126, 2.46924, 1.76022, -1.77904, -1.40867, -2.27443], [-0.97913, 1.77463, 2.45019, 1.85493, -1.97186, -1.4276, -2.19633], [-0.53737, 1.81799, 2.43114, 1.94964, -2.16468, -1.44652, -2.11823], [-0.09561, 1.86136, 2.41209, 2.04434, -2.3575, -1.46545, -2.04013], [-0.02952, 1.86785, 2.40924, 2.05851, -2.38635, -1.46828, -2.02844], [-0.03052, 1.85549, 2.3059, 1.88106, -2.71536, -1.15454, -1.99692], [-0.03064, 1.854, 2.29344, 1.85967, -2.75502, -1.11672, -1.99312], [-0.12023, 1.82634, 2.04922, 1.87673, -2.37178, -1.23517, -1.85041], [-0.20983, 1.79868, 1.80499, 1.89379, -1.98854, -1.35363, -1.70769]]
end: [-0.26668999999999998, 1.7811300000000001, 1.6499999999999999, 1.90462, -1.74533, -1.4288000000000001, -1.61713]
obtacles: [[[0.6, -0.4, -0.2], [1.0, 0.6, -0.3]], [[0.7, -0.0, -0.2], [0.9, 0.1, 0.4]], [[0.7, 0.4, -0.2], [0.9, 0.5, 0.4]], [[0.7, 0.0, 0.4], [0.9, 0.5, 0.5]]]
start: [-0.37042000000000003, 1.6394, 1.7, 0.53627999999999998, -1.7168399999999999, -1.5640499999999999, -0.16092999999999999]
tajectories: [[-0.37042, 1.6394, 1.7, 0.53628, -1.71684, -1.56405, -0.16093], [-0.32638, 1.21926, 1.70985, 0.55823, -1.64391, -1.45005, -0.39038], [-0.28234, 0.79912, 1.71969, 0.58019, -1.57098, -1.33605, -0.61983], [-0.2383, 0.37898, 1.72954, 0.60214, -1.49805, -1.22205, -0.84929], [-0.19426, -0.04116, 1.73938, 0.6241, -1.42512, -1.10806, -1.07874], [-0.15022, -0.4613, 1.74923, 0.64605, -1.35219, -0.99406, -1.3082], [-0.13073, -0.6472, 1.75359, 0.65577, -1.31992, -0.94362, -1.40973], [-0.23716, -0.72974, 1.75129, 0.98701, -1.15613, -0.9028, -1.71574], [-0.34358, -0.81227, 1.749, 1.31825, -0.99234, -0.86198, -2.02175], [-0.45, -0.8948, 1.7467, 1.64949, -0.82855, -0.82116, -2.32777], [-0.55642, -0.97734, 1.74441, 1.98073, -0.66476, -0.78034, -2.63378], [-0.57442, -0.9913, 1.74402, 2.03675, -0.63706, -0.77344, -2.68553], [-0.61894, -0.93296, 1.66539, 2.27003, -0.36373, -0.45872, -2.78681], [-0.66346, -0.87463, 1.58677, 2.50331, -0.0904, -0.14401, -2.88808], [-0.6841, -0.84759, 1.55033, 2.61144, 0.0363, 0.00187, -2.93502], [-0.95053, -0.9762, 1.55027, 2.43272, -0.21138, 0.25277, -2.85604], [-1.21695, -1.1048, 1.55022, 2.25399, -0.45906, 0.50367, -2.77706], [-1.48338, -1.23341, 1.55017, 2.07526, -0.70673, 0.75457, -2.69808], [-1.74981, -1.36202, 1.55012, 1.89653, -0.95441, 1.00547, -2.6191], [-2.01623, -1.49063, 1.55006, 1.7178, -1.20209, 1.25638, -2.54012], [-2.28266, -1.61923, 1.55001, 1.53907, -1.44976, 1.50728, -2.46114]]
end: [-2.3332000000000002, -1.6436299999999999, 1.55, 1.5051699999999999, -1.49675, 1.55487, -2.4461599999999999]
obtacles: [[[0.6, -0.4, -0.2], [1.0, 0.6, -0.3]], [[0.7, -0.0, -0.2], [0.9, 0.1, 0.4]], [[0.7, 0.4, -0.2], [0.9, 0.5, 0.4]], [[0.7, 0.0, 0.4], [0.9, 0.5, 0.5]]]
start: [-0.76204000000000005, 1.49217, 1.6000000000000001, 1.7636000000000001, -1.48803, -1.55728, -1.00326]
tajectories: [[-0.76204, 1.49217, 1.6, 1.7636, -1.48803, -1.55728, -1.00326], [-0.87998, 1.56887, 1.76421, 1.84271, -1.69785, -1.18117, -1.11052], [-0.99792, 1.64557, 1.92842, 1.92181, -1.90766, -0.80505, -1.21777], [-1.11586, 1.72227, 2.09263, 2.00092, -2.11748, -0.42894, -1.32502], [-1.2338, 1.79897, 2.25684, 2.08002, -2.32729, -0.05283, -1.43228], [-1.35174, 1.87567, 2.42105, 2.15913, -2.53711, 0.32328, -1.53953], [-1.43069, 1.92701, 2.53097, 2.21208, -2.67756, 0.57505, -1.61133], [-1.28475, 1.93383, 2.30119, 2.23914, -3.01861, 0.34036, -1.55023], [-1.1388, 1.94065, 2.07142, 2.26619, -3.35965, 0.10566, -1.48913], [-0.99285, 1.94748, 1.84164, 2.29324, -3.70069, -0.12903, -1.42803], [-0.84691, 1.9543, 1.61187, 2.32029, -4.04173, -0.36373, -1.36693], [-0.70096, 1.96112, 1.38209, 2.34735, -4.38277, -0.59842, -1.30583], [-0.55501, 1.96794, 1.15231, 2.3744, -4.72381, -0.83311, -1.24473], [-0.52537, 1.96933, 1.10564, 2.37989, -4.79309, -0.88079, -1.23232], [-0.44261, 1.96516, 1.19159, 2.23035, -4.34422, -0.98611, -1.26073], [-0.35985, 1.96099, 1.27754, 2.08081, -3.89535, -1.09142, -1.28914], [-0.27709, 1.95683, 1.36349, 1.93126, -3.44648, -1.19674, -1.31754], [-0.19433, 1.95266, 1.44944, 1.78172, -2.99761, -1.30206, -1.34595], [-0.11157, 1.94849, 1.53539, 1.63218, -2.54874, -1.40738, -1.37435], [-0.02881, 1.94432, 1.62134, 1.48263, -2.09987, -1.5127, -1.40276]]
end: [-0.0012199999999999999, 1.94293, 1.6499999999999999, 1.4327799999999999, -1.9502200000000001, -1.54782, -1.4122300000000001]
obtacles: [[[0.6, -0.4, -0.2], [1.0, 0.6, -0.3]], [[0.7, -0.0, -0.2], [0.9, 0.1, 0.4]], [[0.7, 0.4, -0.2], [0.9, 0.5, 0.4]], [[0.7, 0.0, 0.4], [0.9, 0.5, 0.5]]]
start: [-0.53183000000000002, 1.6209100000000001, 1.6499999999999999, 0.95120000000000005, -1.6576299999999999, -1.53555, -0.41585]
tajectories: [[-0.53183, 1.62091, 1.65, 0.9512, -1.65763, -1.53555, -0.41585], [-0.83453, 1.40367, 1.79151, 1.19046, -1.72989, -1.36981, -0.38093], [-1.13723, 1.18643, 1.93302, 1.42973, -1.80215, -1.20408, -0.34601], [-1.43993, 0.96919, 2.07454, 1.66899, -1.87441, -1.03834, -0.31108], [-1.74262, 0.75195, 2.21605, 1.90825, -1.94667, -0.87261, -0.27616], [-1.99375, 0.57172, 2.33345, 2.10675, -2.00662, -0.73511, -0.24719], [-1.96803, 0.32626, 2.41491, 2.27503, -1.99075, -0.34694, -0.19054], [-1.94231, 0.0808, 2.49637, 2.44331, -1.97488, 0.04122, -0.1339], [-1.91658, -0.16466, 2.57783, 2.61159, -1.959, 0.42939, -0.07726], [-1.89086, -0.41012, 2.65929, 2.77987, -1.94313, 0.81756, -0.02061], [-1.86913, -0.61744, 2.72809, 2.922, -1.92972, 1.1454, 0.02723], [-1.92303, -0.83257, 2.56119, 2.75613, -1.8077, 1.21382, -0.32756], [-1.97693, -1.04771, 2.3943, 2.59025, -1.68569, 1.28223, -0.68235], [-2.03082, -1.26285, 2.2274, 2.42438, -1.56367, 1.35064, -1.03713], [-2.08472, -1.47799, 2.0605, 2.25851, -1.44166, 1.41905, -1.39192], [-2.13862, -1.69313, 1.89361, 2.09264, -1.31964, 1.48746, -1.74671], [-2.19252, -1.90827, 1.72671, 1.92676, -1.19763, 1.55588, -2.1015]]
end: [-2.2011400000000001, -1.9427000000000001, 1.7, 1.90022, -1.1780999999999999, 1.5668200000000001, -2.15828]
obtacles: [[[0.6, -0.4, -0.2], [1.0, 0.6, -0.3]], [[0.7, -0.0, -0.2], [0.9, 0.1, 0.4]], [[0.7, 0.4, -0.2], [0.9, 0.5, 0.4]], [[0.7, 0.0, 0.4], [0.9, 0.5, 0.5]]]
start: [-0.80786999999999998, 1.70516, 1.7, 1.54931, -1.70899, -1.4456899999999999, -0.72406999999999999]
tajectories: [[-0.80787, 1.70516, 1.7, 1.54931, -1.70899, -1.44569, -0.72407], [-0.90344, 1.72006, 1.84584, 1.97349, -1.67598, -1.29756, -0.59597], [-0.99901, 1.73496, 1.99167, 2.39768, -1.64297, -1.14942, -0.46787], [-1.09458, 1.74986, 2.13751, 2.82186, -1.60996, -1.00128, -0.33977], [-1.13482, 1.75613, 2.19891, 3.00047, -1.59606, -0.9389, -0.28584], [-0.92905, 1.66428, 2.08638, 2.82871, -1.88574, -0.71014, -0.43009], [-0.72327, 1.57242, 1.97385, 2.65696, -2.17542, -0.48138, -0.57435], [-0.5175, 1.48057, 1.86132, 2.4852, -2.4651, -0.25262, -0.7186], [-0.31172, 1.38872, 1.74878, 2.31345, -2.75478, -0.02386, -0.86286], [-0.10595, 1.29686, 1.63625, 2.14169, -3.04446, 0.2049, -1.00711], [0.09381, 1.2077, 1.52701, 1.97496, -3.32567, 0.42696, -1.14714], [-0.00034, 1.36132, 1.55186, 1.97335, -3.04049, 0.06743, -1.22669], [-0.09448, 1.51494, 1.57671, 1.97173, -2.75532, -0.2921, -1.30624], [-0.18863, 1.66856, 1.60156, 1.97012, -2.47014, -0.65163, -1.3858], [-0.28277, 1.82219, 1.62641, 1.9685, -2.18496, -1.01116, -1.46535]]
end: [-0.37214000000000003, 1.9680200000000001, 1.6499999999999999, 1.9669700000000001, -1.9142399999999999, -1.3524700000000001, -1.54087]
obtacles: [[[0.6, -0.4, -0.2], [1.0, 0.6, -0.3]], [[0.7, -0.0, -0.2], [0.9, 0.1, 0.4]], [[0.7, 0.4, -0.2], [0.9, 0.5, 0.4]], [[0.7, 0.0, 0.4], [0.9, 0.5, 0.5]]]
start: [-0.73816999999999999, 1.9187399999999999, 1.75, 1.11974, -1.9604900000000001, -1.5686199999999999, -0.34955999999999998]
tajectories: [[-0.73817, 1.91874, 1.75, 1.11974, -1.96049, -1.56862, -0.34956], [-0.89942, 1.81043, 1.72372, 1.30263, -1.951, -1.41825, 0.04468], [-1.06066, 1.70213, 1.69743, 1.48552, -1.9415, -1.26788, 0.43893], [-1.22191, 1.59383, 1.67115, 1.66841, -1.93201, -1.1175, 0.83317], [-1.38315, 1.48553, 1.64486, 1.8513, -1.92251, -0.96713, 1.22742], [-1.47851, 1.42148, 1.62932, 1.95945, -1.9169, -0.8782, 1.46056], [-1.30792, 1.39412, 1.67493, 2.17231, -2.03907, -0.79122, 1.07292], [-1.13734, 1.36676, 1.72055, 2.38517, -2.16123, -0.70423, 0.68527], [-0.96676, 1.33941, 1.76616, 2.59803, -2.2834, -0.61725, 0.29762], [-0.79617, 1.31205, 1.81177, 2.81089, -2.40557, -0.53026, -0.09003], [-0.69494, 1.29581, 1.83884, 2.93721, -2.47808, -0.47864, -0.32008], [-0.61258, 1.45747, 1.80431, 2.67224, -2.33406, -0.69431, -0.60014], [-0.53021, 1.61912, 1.76978, 2.40728, -2.19004, -0.90998, -0.88019], [-0.44785, 1.78077, 1.73525, 2.14231, -2.04603, -1.12565, -1.16024], [-0.36549, 1.94243, 1.70072, 1.87734, -1.90201, -1.34132, -1.44029]]
end: [-0.36377999999999999, 1.9457800000000001, 1.7, 1.8718399999999999, -1.8990199999999999, -1.3458000000000001, -1.44611]
obtacles: [[[0.6, -0.4, -0.2], [1.0, 0.6, -0.3]], [[0.7, -0.0, -0.2], [0.9, 0.1, 0.4]], [[0.7, 0.4, -0.2], [0.9, 0.5, 0.4]], [[0.7, 0.0, 0.4], [0.9, 0.5, 0.5]]]
start: [-0.76097999999999999, 1.9578800000000001, 1.7, 1.5717300000000001, -1.96072, -1.45085, -0.76168000000000002]
tajectories: [[-0.76098, 1.95788, 1.7, 1.57173, -1.96072, -1.45085, -0.76168], [-0.89477, 1.84531, 1.71936, 1.6805, -1.83618, -1.20572, -1.12448], [-1.02856, 1.73274, 1.73873, 1.78927, -1.71164, -0.96058, -1.48728], [-1.16235, 1.62016, 1.75809, 1.89804, -1.58711, -0.71545, -1.85008], [-1.29615, 1.50759, 1.77746, 2.00681, -1.46257, -0.47032, -2.21287], [-1.42994, 1.39501, 1.79682, 2.11558, -1.33804, -0.22519, -2.57567], [-1.56373, 1.28244, 1.81618, 2.22435, -1.2135, 0.01994, -2.93847], [-1.58449, 1.26497, 1.81919, 2.24123, -1.19418, 0.05797, -2.99476], [-1.61093, 1.31654, 1.34979, 2.19152, -1.30212, -0.03447, -2.9344], [-1.63737, 1.36812, 0.88039, 2.14181, -1.41005, -0.12691, -2.87404], [-1.66381, 1.41969, 0.411, 2.09211, -1.51799, -0.21935, -2.81369], [-1.69026, 1.47126, -0.0584, 2.0424, -1.62592, -0.31178, -2.75333], [-1.69204, 1.47474, -0.09003, 2.03905, -1.6332, -0.31801, -2.74926], [-1.70718, 1.15372, -0.23965, 1.96806, -1.35886, -0.11857, -2.68408], [-1.72233, 0.8327, -0.38928, 1.89707, -1.08452, 0.08087, -2.61889], [-1.73747, 0.51168, -0.53891, 1.82607, -0.81018, 0.2803, -2.5537], [-1.75262, 0.19066, -0.68854, 1.75508, -0.53584, 0.47974, -2.48852], [-1.76776, -0.13036, -0.83817, 1.68408, -0.2615, 0.67918, -2.42333], [-1.7829, -0.45138, -0.9878, 1.61309, 0.01284, 0.87862, -2.35814], [-1.79669, -0.74356, -1.12398, 1.54848, 0.26253, 1.06014, -2.29882], [-1.86211, -0.92338, -0.72159, 1.56231, 0.04949, 1.13554, -2.31314], [-1.92752, -1.10321, -0.31921, 1.57615, -0.16354, 1.21095, -2.32745], [-1.99294, -1.28304, 0.08318, 1.58999, -0.37658, 1.28636, -2.34177], [-2.05836, -1.46287, 0.48557, 1.60383, -0.58962, 1.36177, -2.35609], [-2.12378, -1.6427, 0.88795, 1.61767, -0.80265, 1.43718, -2.37041], [-2.1892, -1.82253, 1.29034, 1.63151, -1.01569, 1.51258, -2.38473]]
end: [-2.2395399999999999, -1.96092, 1.6000000000000001, 1.6421600000000001, -1.17964, 1.5706199999999999, -2.39575]
obtacles: [[[0.6, -0.4, -0.2], [1.0, 0.6, -0.3]], [[0.7, -0.0, -0.2], [0.9, 0.1, 0.4]], [[0.7, 0.4, -0.2], [0.9, 0.5, 0.4]], [[0.7, 0.0, 0.4], [0.9, 0.5, 0.5]]]
start: [0.02835, 1.9381200000000001, -2.1499999999999999, 0.80672999999999995, -0.90559999999999996, 1.4501200000000001, -2.5155400000000001]
tajectories: [[0.02835, 1.93812, -2.15, 0.80673, -0.9056, 1.45012, -2.51554], [-0.03077, 1.54662, -1.96001, 1.0283, -0.86346, 1.39614, -2.45766], [-0.0899, 1.15511, -1.77002, 1.24987, -0.82133, 1.34216, -2.39979], [-0.14902, 0.76361, -1.58002, 1.47145, -0.7792, 1.28818, -2.34191], [-0.20814, 0.37211, -1.39003, 1.69302, -0.73707, 1.23419, -2.28404], [-0.22575, 0.25551, -1.33345, 1.75901, -0.72452, 1.21812, -2.26681], [-0.00646, 0.3413, -1.55044, 1.99519, -0.42558, 1.17276, -2.28315], [0.21282, 0.42708, -1.76743, 2.23137, -0.12665, 1.12741, -2.29949], [0.43211, 0.51287, -1.98442, 2.46756, 0.17228, 1.08206, -2.31583], [0.63073, 0.59057, -2.18097, 2.68149, 0.44305, 1.04098, -2.33063], [0.68888, 1.03813, -1.99234, 2.67546, 0.36445, 1.09609, -2.36897], [0.74703, 1.4857, -1.8037, 2.66943, 0.28585, 1.15121, -2.40731], [0.77965, 1.73673, -1.6979, 2.66604, 0.24176, 1.18213, -2.42881], [0.84706, 1.80024, -1.78242, 2.41364, -0.1688, 1.16003, -2.46775], [0.91448, 1.86376, -1.86695, 2.16123, -0.57936, 1.13794, -2.50669], [0.98189, 1.92727, -1.95147, 1.90882, -0.98993, 1.11585, -2.54562]]
end: [1.0206, 1.96374, -2.0, 1.7639100000000001, -1.2256499999999999, 1.10317, -2.5679799999999999]
obtacles: [[[0.6, -0.4, -0.2], [1.0, 0.6, -0.3]], [[0.7, -0.0, -0.2], [0.9, 0.1, 0.4]], [[0.7, 0.4, -0.2], [0.9, 0.5, 0.4]], [[0.7, 0.0, 0.4], [0.9, 0.5, 0.5]]]
start: [0.57062999999999997, 1.95035, -1.75, 2.1124399999999999, -1.3220799999999999, 1.2314499999999999, -1.6771199999999999]
tajectories: [[0.57063, 1.95035, -1.75, 2.11244, -1.32208, 1.23145, -1.67712], [0.60411, 1.69063, -1.38042, 2.11771, -1.20476, 1.12959, -1.53335], [0.63759, 1.43092, -1.01084, 2.12298, -1.08744, 1.02774, -1.38957], [0.67108, 1.1712, -0.64126, 2.12825, -0.97012, 0.92589, -1.2458], [0.70456, 0.91149, -0.27168, 2.13353, -0.8528, 0.82404, -1.10202], [0.73804, 0.65177, 0.0979, 2.1388, -0.73548, 0.72218, -0.95825], [0.77152, 0.39206, 0.46748, 2.14407, -0.61816, 0.62033, -0.81447], [0.79057, 0.24431, 0.67774, 2.14707, -0.55141, 0.56239, -0.73268], [0.84651, 0.23147, 0.23501, 2.12276, -0.37389, 0.67136, -0.65071], [0.90245, 0.21864, -0.20771, 2.09844, -0.19637, 0.78034, -0.56874], [0.9584, 0.20581, -0.65044, 2.07413, -0.01884, 0.88931, -0.48677], [1.01434, 0.19297, -1.09316, 2.04982, 0.15868, 0.99828, -0.4048], [1.07028, 0.18014, -1.53589, 2.02551, 0.3362, 1.10726, -0.32283], [1.12623, 0.16731, -1.97861, 2.00119, 0.51373, 1.21623, -0.24086], [1.12947, 0.16656, -2.00427, 1.99979, 0.52402, 1.22255, -0.23611], [1.10261, 0.41441, -1.96446, 1.99978, 0.21041, 1.24016, -0.53209], [1.07575, 0.66226, -1.92466, 1.99978, -0.1032, 1.25778, -0.82807], [1.0489, 0.91011, -1.88485, 1.99977, -0.41681, 1.2754, -1.12404], [1.02204, 1.15796, -1.84504, 1.99977, -0.73042, 1.29301, -1.42002], [0.99518, 1.40581, -1.80524, 1.99976, -1.04403, 1.31063, -1.716], [0.96833, 1.65366, -1.76543, 1.99976, -1.35764, 1.32825, -2.01198]]
end: [0.95791999999999999, 1.7497499999999999, -1.75, 1.99976, -1.47922, 1.33508, -2.1267200000000002]
obtacles: [[[0.6, -0.4, -0.2], [1.0, 0.6, -0.3]], [[0.7, -0.0, -0.2], [0.9, 0.1, 0.4]], [[0.7, 0.4, -0.2], [0.9, 0.5, 0.4]], [[0.7, 0.0, 0.4], [0.9, 0.5, 0.5]]]
start: [2.5881099999999999, -1.9236200000000001, -1.45, 1.3293200000000001, -1.9419599999999999, -1.5436300000000001, -0.74917999999999996]
tajectories: [[2.58811, -1.92362, -1.45, 1.32932, -1.94196, -1.54363, -0.74918], [2.44158, -1.65363, -1.23998, 1.56229, -1.7852, -1.43856, -0.89627], [2.29504, -1.38365, -1.02996, 1.79527, -1.62844, -1.33349, -1.04336], [2.14851, -1.11366, -0.81994, 2.02825, -1.47168, -1.22842, -1.19045], [2.00197, -0.84368, -0.60992, 2.26123, -1.31492, -1.12335, -1.33754], [1.85544, -0.57369, -0.39989, 2.4942, -1.15816, -1.01828, -1.48463], [1.70891, -0.3037, -0.18987, 2.72718, -1.00141, -0.91321, -1.63172], [1.57304, -0.05337, 0.00486, 2.9432, -0.85606, -0.81579, -1.7681], [1.50473, 0.19707, -0.2082, 2.79454, -0.92646, -0.49393, -1.84915], [1.43642, 0.4475, -0.42126, 2.64587, -0.99685, -0.17207, -1.93019], [1.36811, 0.69793, -0.63433, 2.4972, -1.06725, 0.14979, -2.01124], [1.2998, 0.94836, -0.84739, 2.34853, -1.13765, 0.47165, -2.09228], [1.23149, 1.1988, -1.06045, 2.19986, -1.20805, 0.79351, -2.17333], [1.16318, 1.44923, -1.27352, 2.05119, -1.27845, 1.11537, -2.25437], [1.09487, 1.69966, -1.48658, 1.90252, -1.34885, 1.43723, -2.33542]]
end: [1.0745400000000001, 1.7742100000000001, -1.55, 1.8582700000000001, -1.36981, 1.53304, -2.35954]
obtacles: [[[0.6, -0.4, -0.2], [1.0, 0.6, -0.3]], [[0.7, -0.0, -0.2], [0.9, 0.1, 0.4]], [[0.7, 0.4, -0.2], [0.9, 0.5, 0.4]], [[0.7, 0.0, 0.4], [0.9, 0.5, 0.5]]]
start: [-0.32405, 1.51034, -1.6499999999999999, -0.64900000000000002, -4.6127900000000004, -1.5704, -0.32257999999999998]
tajectories: [[-0.32405, 1.51034, -1.65, -0.649, -4.61279, -1.5704, -0.32258], [-0.35804, 1.50339, -1.77083, -0.24357, -4.36572, -1.48269, -0.3555], [-0.39203, 1.49643, -1.89166, 0.16186, -4.11864, -1.39498, -0.38843], [-0.42603, 1.48947, -2.01249, 0.56729, -3.87157, -1.30728, -0.42135], [-0.46002, 1.48252, -2.13333, 0.97272, -3.62449, -1.21957, -0.45428], [-0.49401, 1.47556, -2.25416, 1.37815, -3.37742, -1.13186, -0.4872], [-0.528, 1.46861, -2.37499, 1.78358, -3.13035, -1.04416, -0.52013], [-0.55824, 1.46242, -2.48246, 2.14419, -2.91059, -0.96614, -0.54941], [-0.13865, 1.56033, -2.3616, 2.27879, -2.87677, -0.98687, -0.72279], [0.28094, 1.65824, -2.24074, 2.41338, -2.84295, -1.00759, -0.89617], [0.70053, 1.75615, -2.11987, 2.54797, -2.80913, -1.02831, -1.06955], [1.12012, 1.85406, -1.99901, 2.68256, -2.77531, -1.04903, -1.24294], [1.45988, 1.93334, -1.90114, 2.79154, -2.74792, -1.06581, -1.38333], [1.38403, 1.89449, -1.86197, 2.65858, -3.0422, -1.12675, -1.01835], [1.30819, 1.85563, -1.82279, 2.52562, -3.33648, -1.18768, -0.65337], [1.23235, 1.81677, -1.78362, 2.39265, -3.63076, -1.24861, -0.28839], [1.1565, 1.77791, -1.74444, 2.25969, -3.92504, -1.30955, 0.0766], [1.08066, 1.73905, -1.70527, 2.12673, -4.21932, -1.37048, 0.44158], [1.00482, 1.70019, -1.6661, 1.99377, -4.5136, -1.43142, 0.80656]]
end: [0.97365000000000002, 1.6842200000000001, -1.6499999999999999, 1.93913, -4.6345200000000002, -1.45645, 0.95652000000000004]
obtacles: [[[0.6, -0.4, -0.2], [1.0, 0.6, -0.3]], [[0.7, -0.0, -0.2], [0.9, 0.1, 0.4]], [[0.7, 0.4, -0.2], [0.9, 0.5, 0.4]], [[0.7, 0.0, 0.4], [0.9, 0.5, 0.5]]]
start: [2.4337300000000002, -1.74518, -1.5, 1.33277, -1.7569699999999999, -1.544, -0.61621000000000004]
tajectories: [[2.43373, -1.74518, -1.5, 1.33277, -1.75697, -1.544, -0.61621], [2.28495, -1.56137, -1.60136, 1.46153, -1.55104, -1.24245, -0.80029], [2.13618, -1.37756, -1.70272, 1.59029, -1.34511, -0.94089, -0.98436], [1.9874, -1.19375, -1.80408, 1.71905, -1.13918, -0.63934, -1.16843], [1.83862, -1.00994, -1.90544, 1.84781, -0.93325, -0.33778, -1.3525], [1.68984, -0.82613, -2.0068, 1.97658, -0.72732, -0.03623, -1.53657], [1.54106, -0.64232, -2.10816, 2.10534, -0.52139, 0.26533, -1.72065], [1.44693, -0.52603, -2.17229, 2.1868, -0.39111, 0.45611, -1.8371], [1.44437, -0.16122, -1.93861, 2.0955, -0.35682, 0.65765, -1.72676], [1.44181, 0.20359, -1.70493, 2.00421, -0.32253, 0.85918, -1.61643], [1.43925, 0.5684, -1.47125, 1.91291, -0.28824, 1.06071, -1.50609], [1.43668, 0.93321, -1.23757, 1.82161, -0.25395, 1.26225, -1.39575], [1.43487, 1.19106, -1.07241, 1.75708, -0.22971, 1.40469, -1.31777], [1.35789, 1.38531, -1.20873, 1.72153, -0.48049, 1.43602, -1.66794], [1.2809, 1.57956, -1.34506, 1.68597, -0.73128, 1.46734, -2.01811], [1.20391, 1.77381, -1.48139, 1.65041, -0.98206, 1.49867, -2.36828]]
end: [1.13693, 1.94282, -1.6000000000000001, 1.61948, -1.2002600000000001, 1.5259199999999999, -2.6729500000000002]
obtacles: [[[0.6, -0.4, -0.2], [1.0, 0.6, -0.3]], [[0.7, -0.0, -0.2], [0.9, 0.1, 0.4]], [[0.7, 0.4, -0.2], [0.9, 0.5, 0.4]], [[0.7, 0.0, 0.4], [0.9, 0.5, 0.5]]]
start: [2.4305500000000002, -1.91954, -1.5, 1.7416100000000001, -1.9049400000000001, -1.4468799999999999, -0.99717]
tajectories: [[2.43055, -1.91954, -1.5, 1.74161, -1.90494, -1.44688, -0.99717], [2.31972, -1.64125, -1.37486, 1.86987, -2.04804, -1.12043, -1.03055], [2.2089, -1.36297, -1.24973, 1.99813, -2.19115, -0.79398, -1.06394], [2.09807, -1.08468, -1.12459, 2.12639, -2.33426, -0.46753, -1.09732], [1.98724, -0.8064, -0.99946, 2.25465, -2.47736, -0.14107, -1.13071], [1.87641, -0.52811, -0.87432, 2.38291, -2.62047, 0.18538, -1.16409], [1.76558, -0.24982, -0.74919, 2.51117, -2.76357, 0.51183, -1.19748], [1.65476, 0.02846, -0.62405, 2.63943, -2.90668, 0.83828, -1.23086], [1.54393, 0.30675, -0.49892, 2.76769, -3.04979, 1.16473, -1.26425], [1.47814, 0.47194, -0.42464, 2.84383, -3.13473, 1.35851, -1.28407], [1.35998, 0.68166, -0.62738, 2.64593, -2.84556, 1.38764, -1.44935], [1.24181, 0.89138, -0.83012, 2.44804, -2.55639, 1.41677, -1.61463], [1.12365, 1.10111, -1.03287, 2.25015, -2.26722, 1.44589, -1.77992], [1.00548, 1.31083, -1.23561, 2.05226, -1.97804, 1.47502, -1.9452], [0.88732, 1.52055, -1.43835, 1.85437, -1.68887, 1.50415, -2.11048]]
end: [0.79310000000000003, 1.68777, -1.6000000000000001, 1.69658, -1.45831, 1.5273699999999999, -2.24227]
