obtacles: [[[0.6, -0.4, -0.2], [1.0, 0.6, -0.3]], [[0.8, -0.3, -0.2], [1.1, -0.2, 0.5]], [[0.8, 0.2, -0.2], [1.1, 0.3, 0.5]], [[0.8, -0.3, 0.5], [1.1, 0.3, 0.6]]]
start: [2.60711, -1.9556500000000001, -0.34999999999999998, 0.64107999999999998, 0.33184000000000002, 1.3491599999999999, -2.8189099999999998]
tajectories: [[2.60711, -1.95565, -0.35, 0.64108, 0.33184, 1.34916, -2.81891], [2.34219, -1.8844, 0.01112, 0.81741, 0.36732, 1.37989, -2.71385], [2.07726, -1.81314, 0.37223, 0.99375, 0.4028, 1.41062, -2.6088], [1.81234, -1.74189, 0.73335, 1.17008, 0.43827, 1.44135, -2.50374], [1.76976, -1.73043, 0.79139, 1.19842, 0.44398, 1.44629, -2.48686], [1.74109, -1.45906, 0.5535, 1.40428, 0.44884, 1.29295, -2.25659], [1.71242, -1.18769, 0.31561, 1.61014, 0.45371, 1.1396, -2.02631], [1.68375, -0.91631, 0.07772, 1.816, 0.45857, 0.98626, -1.79604], [1.65508, -0.64494, -0.16018, 2.02186, 0.46344, 0.83292, -1.56576], [1.62641, -0.37357, -0.39807, 2.22772, 0.4683, 0.67958, -1.33549], [1.59774, -0.10219, -0.63596, 2.43357, 0.47317, 0.52623, -1.10521], [1.57004, 0.16002, -0.86583, 2.63249, 0.47787, 0.37807, -0.88271], [1.42291, 0.38436, -0.97607, 2.45464, 0.21759, 0.54026, -1.0832], [1.27579, 0.6087, -1.08631, 2.2768, -0.04268, 0.70245, -1.2837], [1.12866, 0.83303, -1.19655, 2.09895, -0.30295, 0.86464, -1.48419], [0.98154, 1.05737, -1.30679, 1.92111, -0.56323, 1.02683, -1.68468], [0.83441, 1.2817, -1.41703, 1.74327, -0.8235, 1.18902, -1.88518], [0.68729, 1.50604, -1.52727, 1.56542, -1.08377, 1.35121, -2.08567], [0.54016, 1.73038, -1.63752, 1.38758, -1.34405, 1.5134, -2.28617]]
end: [0.52349999999999997, 1.7557799999999999, -1.6499999999999999, 1.36744, -1.3735200000000001, 1.53176, -2.3088700000000002]
obtacles: [[[0.6, -0.4, -0.2], [1.0, 0.6, -0.3]], [[0.8, -0.3, -0.2], [1.1, -0.2, 0.5]], [[0.8, 0.2, -0.2], [1.1, 0.3, 0.5]], [[0.8, -0.3, 0.5], [1.1, 0.3, 0.6]]]
start: [-0.27615000000000001, 1.8024, -1.95, 0.88443000000000005, -1.1488400000000001, 1.43716, -2.0543100000000001]
tajectories: [[-0.27615, 1.8024, -1.95, 0.88443, -1.14884, 1.43716, -2.05431], [-0.36015, 1.80067, -1.92176, 0.88227, -1.55147, 1.17366, -1.95137], [-0.44416, 1.79895, -1.89353, 0.88011, -1.9541, 0.91017, -1.84842], [-0.52817, 1.79722, -1.86529, 0.87795, -2.35673, 0.64668, -1.74547], [-0.61218, 1.79549, -1.83706, 0.87579, -2.75936, 0.38318, -1.64253], [-0.69619, 1.79376, -1.80882, 0.87362, -3.16199, 0.11969, -1.53958], [-0.78019, 1.79204, -1.78059, 0.87146, -3.56462, -0.1438, -1.43663], [-0.8642, 1.79031, -1.75235, 0.8693, -3.96725, -0.4073, -1.33368], [-0.90213, 1.78953, -1.7396, 0.86833, -4.14903, -0.52625, -1.28721], [-0.65245, 1.6538, -1.61415, 1.14038, -4.13352, -0.25859, -1.3744], [-0.40276, 1.51807, -1.4887, 1.41243, -4.11801, 0.00907, -1.46158], [-0.15308, 1.38235, -1.36324, 1.68448, -4.1025, 0.27673, -1.54877], [0.0966, 1.24662, -1.23779, 1.95654, -4.087, 0.5444, -1.63596], [0.34628, 1.11089, -1.11233, 2.22859, -4.07149, 0.81206, -1.72315], [0.59596, 0.97516, -0.98688, 2.50064, -4.05598, 1.07972, -1.81034], [0.7993, 0.86463, -0.88471, 2.7222, -4.04335, 1.2977, -1.88135], [1.097, 0.74525, -0.97248, 2.70807, -3.70566, 1.13938, -1.89218], [1.3947, 0.62587, -1.06025, 2.69394, -3.36797, 0.98105, -1.90302], [1.6924, 0.50649, -1.14801, 2.67981, -3.03028, 0.82273, -1.91386], [1.99011, 0.38711, -1.23578, 2.66568, -2.69259, 0.6644, -1.9247], [2.08949, 0.34726, -1.26508, 2.66096, -2.57986, 0.61155, -1.92831], [1.80768, 0.58241, -1.36731, 2.45296, -2.36048, 0.72029, -1.96859], [1.52587, 0.81757, -1.46954, 2.24497, -2.14111, 0.82904, -2.00887], [1.24407, 1.05272, -1.57177, 2.03697, -1.92174, 0.93778, -2.04914], [0.96226, 1.28788, -1.674, 1.82897, -1.70236, 1.04653, -2.08942], [0.68045, 1.52303, -1.77623, 1.62097, -1.48299, 1.15527, -2.1297], [0.39864, 1.75818, -1.87846, 1.41297, -1.26362, 1.26402, -2.16997]]
end: [0.20144000000000001, 1.9227399999999999, -1.95, 1.26742, -1.1101099999999999, 1.34012, -2.1981600000000001]
obtacles: [[[0.6, -0.4, -0.2], [1.0, 0.6, -0.3]], [[0.8, -0.3, -0.2], [1.1, -0.2, 0.5]], [[0.8, 0.2, -0.2], [1.1, 0.3, 0.5]], [[0.8, -0.3, 0.5], [1.1, 0.3, 0.6]]]
start: [-0.51141999999999999, 1.46827, -1.95, -0.15891, -1.18085, 1.528, -2.7778399999999999]
tajectories: [[-0.51142, 1.46827, -1.95, -0.15891, -1.18085, 1.528, -2.77784], [-0.62456, 1.41139, -1.90795, 0.12031, -0.88632, 1.38918, -2.55827], [-0.7377, 1.35452, -1.8659, 0.39954, -0.59179, 1.25037, -2.3387], [-0.85084, 1.29764, -1.82385, 0.67876, -0.29726, 1.11156, -2.11913], [-0.96399, 1.24077, -1.7818, 0.95799, -0.00273, 0.97274, -1.89955], [-1.07713, 1.18389, -1.73975, 1.23721, 0.29181, 0.83393, -1.67998], [-1.19027, 1.12702, -1.6977, 1.51644, 0.58634, 0.69512, -1.46041], [-1.25328, 1.09534, -1.67428, 1.67196, 0.75038, 0.6178, -1.33811], [-0.81652, 1.09029, -1.60875, 1.78053, 0.82138, 0.73545, -1.49383], [-0.37976, 1.08525, -1.54321, 1.88911, 0.89238, 0.8531, -1.64955], [0.057, 1.08021, -1.47767, 1.99769, 0.96338, 0.97075, -1.80527], [0.49376, 1.07517, -1.41214, 2.10627, 1.03438, 1.0884, -1.96099], [0.93052, 1.07012, -1.3466, 2.21484, 1.10538, 1.20604, -2.11671], [1.36728, 1.06508, -1.28106, 2.32342, 1.17638, 1.32369, -2.27243], [1.44133, 1.06423, -1.26995, 2.34183, 1.18842, 1.34364, -2.29883], [1.28415, 1.19207, -1.38509, 2.18105, 0.77671, 1.32884, -2.30963], [1.12696, 1.31991, -1.50022, 2.02027, 0.36499, 1.31405, -2.32043], [0.96977, 1.44774, -1.61535, 1.85949, -0.04672, 1.29925, -2.33124], [0.81258, 1.57558, -1.73049, 1.69871, -0.45843, 1.28445, -2.34204], [0.6554, 1.70342, -1.84562, 1.53793, -0.87014, 1.26965, -2.35284]]
end: [0.51290000000000002, 1.81932, -1.95, 1.3921699999999999, -1.24339, 1.25624, -2.3626299999999998]
obtacles: [[[0.6, -0.4, -0.2], [1.0, 0.6, -0.3]], [[0.8, -0.3, -0.2], [1.1, -0.2, 0.5]], [[0.8, 0.2, -0.2], [1.1, 0.3, 0.5]], [[0.8, -0.3, 0.5], [1.1, 0.3, 0.6]]]
start: [2.5405199999999999, -1.9118999999999999, -0.84999999999999998, 0.50461999999999996, -2.3549000000000002, -1.5629299999999999, 0.22933000000000001]
tajectories: [[2.54052, -1.9119, -0.85, 0.50462, -2.3549, -1.56293, 0.22933], [2.36162, -1.84387, -0.67307, 0.66113, -2.74514, -1.55915, 0.3019], [2.18272, -1.77585, -0.49613, 0.81765, -3.13538, -1.55537, 0.37446], [2.06679, -1.73177, -0.38148, 0.91907, -3.38824, -1.55292, 0.42148], [2.23087, -1.75654, -0.48784, 1.25765, -3.09309, -1.53335, 0.32654], [2.39495, -1.78131, -0.59419, 1.59624, -2.79794, -1.51378, 0.2316], [2.55903, -1.80608, -0.70054, 1.93483, -2.50279, -1.49421, 0.13667], [2.57161, -1.80798, -0.7087, 1.96079, -2.48015, -1.49271, 0.12939], [2.58744, -1.83995, -0.82681, 1.76778, -2.28032, -1.3191, -0.22762], [2.60326, -1.87193, -0.94491, 1.57477, -2.08048, -1.14549, -0.58462]]
end: [2.6106400000000001, -1.8868400000000001, -1.0, 1.4847399999999999, -1.9872799999999999, -1.0645100000000001, -0.75112999999999996]
obtacles: [[[0.6, -0.4, -0.2], [1.0, 0.6, -0.3]], [[0.8, -0.3, -0.2], [1.1, -0.2, 0.5]], [[0.8, 0.2, -0.2], [1.1, 0.3, 0.5]], [[0.8, -0.3, 0.5], [1.1, 0.3, 0.6]]]
start: [2.38985, -1.62175, -1.0, 0.94555999999999996, -1.97262, -1.1508499999999999, -0.092119999999999994]
tajectories: [[2.38985, -1.62175, -1.0, 0.94556, -1.97262, -1.15085, -0.09212], [2.05463, -1.53635, -1.08133, 0.93209, -1.71362, -0.91659, -0.05237], [1.71941, -1.45096, -1.16267, 0.91862, -1.45462, -0.68233, -0.01262], [1.38418, -1.36556, -1.244, 0.90514, -1.19562, -0.44808, 0.02713], [1.04896, -1.28017, -1.32533, 0.89167, -0.93663, -0.21382, 0.06688], [0.71374, -1.19478, -1.40667, 0.8782, -0.67763, 0.02043, 0.10663], [0.37851, -1.10938, -1.488, 0.86472, -0.41863, 0.25469, 0.14638], [0.06648, -1.02989, -1.56371, 0.85218, -0.17754, 0.47274, 0.18338], [0.13159, -0.62157, -1.71371, 1.06348, -0.18187, 0.5788, 0.20826], [0.19669, -0.21325, -1.8637, 1.27479, -0.18619, 0.68486, 0.23315], [0.2618, 0.19507, -2.0137, 1.48609, -0.19051, 0.79092, 0.25803], [0.32691, 0.6034, -2.1637, 1.69739, -0.19483, 0.89698, 0.28292], [0.39202, 1.01172, -2.3137, 1.90869, -0.19915, 1.00304, 0.3078], [0.43342, 1.27138, -2.40908, 2.04306, -0.2019, 1.07049, 0.32363], [0.38518, 1.37907, -2.33037, 1.8716, -0.33469, 1.14633, -0.09721], [0.33693, 1.48675, -2.25166, 1.70014, -0.46747, 1.22217, -0.51804], [0.28869, 1.59443, -2.17296, 1.52868, -0.60026, 1.29801, -0.93887], [0.24044, 1.70212, -2.09425, 1.35722, -0.73304, 1.37384, -1.3597], [0.1922, 1.8098, -2.01554, 1.18576, -0.86583, 1.44968, -1.78053], [0.14395, 1.91748, -1.93683, 1.0143, -0.99862, 1.52552, -2.20136]]
end: [0.12138, 1.96787, -1.8999999999999999, 0.93408000000000002, -1.06074, 1.56101, -2.3982600000000001]
obtacles: [[[0.6, -0.4, -0.2], [1.0, 0.6, -0.3]], [[0.8, -0.3, -0.2], [1.1, -0.2, 0.5]], [[0.8, 0.2, -0.2], [1.1, 0.3, 0.5]], [[0.8, -0.3, 0.5], [1.1, 0.3, 0.6]]]
start: [-0.20695, 1.8236699999999999, -1.8999999999999999, 0.97772000000000003, -1.1754, 1.45079, -2.0232199999999998]
tajectories: [[-0.20695, 1.82367, -1.9, 0.97772, -1.1754, 1.45079, -2.02322], [-0.17183, 1.52003, -1.97965, 1.31946, -1.28435, 1.30519, -2.04231], [-0.13671, 1.21638, -2.0593, 1.6612, -1.39331, 1.15959, -2.06141], [-0.10159, 0.91274, -2.13895, 2.00295, -1.50227, 1.01399, -2.08051], [-0.06647, 0.6091, -2.2186, 2.34469, -1.61123, 0.86839, -2.0996], [-0.05884, 0.54314, -2.2359, 2.41892, -1.63489, 0.83676, -2.10375], [0.13061, 0.66714, -2.24445, 2.33589, -1.9981, 0.59395, -2.07395], [0.32006, 0.79113, -2.253, 2.25286, -2.36131, 0.35114, -2.04415], [0.5095, 0.91512, -2.26155, 2.16983, -2.72452, 0.10832, -2.01435], [0.69895, 1.03912, -2.2701, 2.0868, -3.08774, -0.13449, -1.98455], [0.76969, 1.08542, -2.27329, 2.0558, -3.22336, -0.22516, -1.97343], [0.71278, 1.22853, -2.2076, 1.93746, -2.86306, 0.0481, -2.03236], [0.65586, 1.37164, -2.14192, 1.81913, -2.50276, 0.32136, -2.09129], [0.59894, 1.51475, -2.07623, 1.70079, -2.14246, 0.59463, -2.15022], [0.54203, 1.65786, -2.01054, 1.58246, -1.78216, 0.86789, -2.20915], [0.48511, 1.80097, -1.94485, 1.46412, -1.42186, 1.14115, -2.26808]]
end: [0.44624999999999998, 1.8986799999999999, -1.8999999999999999, 1.3833299999999999, -1.1758599999999999, 1.32772, -2.3083200000000001]
obtacles: [[[0.6, -0.4, -0.2], [1.0, 0.6, -0.3]], [[0.8, -0.3, -0.2], [1.1, -0.2, 0.5]], [[0.8, 0.2, -0.2], [1.1, 0.3, 0.5]], [[0.8, -0.3, 0.5], [1.1, 0.3, 0.6]]]
start: [2.4807299999999999, -1.7003299999999999, -1.0, 0.52929999999999999, -2.13469, -1.4110799999999999, 0.21597]
tajectories: [[2.48073, -1.70033, -1.0, 0.5293, -2.13469, -1.41108, 0.21597], [2.10085, -1.76504, -0.87585, 0.79927, -2.1897, -1.34175, 0.1426], [1.72098, -1.82975, -0.75171, 1.06923, -2.24471, -1.27242, 0.06922], [1.34111, -1.89447, -0.62756, 1.33919, -2.29972, -1.20309, -0.00416], [1.33315, -1.89582, -0.62496, 1.34485, -2.30087, -1.20164, -0.00569], [1.57619, -1.82651, -0.71696, 1.50072, -2.50878, -1.32159, -0.31513], [1.81924, -1.7572, -0.80897, 1.65659, -2.7167, -1.44155, -0.62456], [1.96533, -1.71554, -0.86427, 1.75028, -2.84167, -1.51365, -0.81055], [2.1939, -1.71846, -1.05273, 1.66332, -2.45309, -1.47819, -0.8597], [2.42247, -1.72137, -1.24119, 1.57636, -2.06451, -1.44274, -0.90885]]
end: [2.6150799999999998, -1.7238199999999999, -1.3999999999999999, 1.50309, -1.7370699999999999, -1.41286, -0.95025999999999999]
obtacles: [[[0.6, -0.4, -0.2], [1.0, 0.6, -0.3]], [[0.8, -0.3, -0.2], [1.1, -0.2, 0.5]], [[0.8, 0.2, -0.2], [1.1, 0.3, 0.5]], [[0.8, -0.3, 0.5], [1.1, 0.3, 0.6]]]
start: [2.3508800000000001, -1.49535, -1.3999999999999999, 0.98777999999999999, -1.60171, -1.3867799999999999, -0.20068]
tajectories: [[2.35088, -1.49535, -1.4, 0.98778, -1.60171, -1.38678, -0.20068], [2.36653, -1.53075, -1.25292, 0.80071, -1.91354, -1.17391, -0.42275], [2.37478, -1.54939, -1.17545, 0.70216, -2.0778, -1.06177, -0.53974], [2.12367, -1.44737, -1.04552, 1.03339, -2.2907, -1.11892, -0.50303], [1.87257, -1.34534, -0.9156, 1.36463, -2.5036, -1.17607, -0.46632], [1.67642, -1.26564, -0.81411, 1.62336, -2.66991, -1.22071, -0.43765], [1.98976, -1.39625, -1.00688, 1.92792, -2.60658, -1.20378, -0.46101], [2.30311, -1.52687, -1.19965, 2.23247, -2.54325, -1.18685, -0.48437], [2.41274, -1.57257, -1.26709, 2.33904, -2.5211, -1.18093, -0.49254], [2.47039, -1.64182, -1.31919, 1.98159, -2.22817, -1.27864, -0.61921], [2.52803, -1.71108, -1.37129, 1.62414, -1.93524, -1.37635, -0.74588]]
end: [2.5598100000000001, -1.74925, -1.3999999999999999, 1.4271400000000001, -1.7738, -1.4301999999999999, -0.81569000000000003]
obtacles: [[[0.6, -0.4, -0.2], [1.0, 0.6, -0.3]], [[0.8, -0.3, -0.2], [1.1, -0.2, 0.5]], [[0.8, 0.2, -0.2], [1.1, 0.3, 0.5]], [[0.8, -0.3, 0.5], [1.1, 0.3, 0.6]]]
start: [2.4472999999999998, -1.61869, -1.3999999999999999, 0.70362999999999998, -1.7323500000000001, -1.49739, 0.00069999999999999999]
tajectories: [[2.4473, -1.61869, -1.4, 0.70363, -1.73235, -1.49739, 0.0007], [2.30784, -1.25741, -1.56963, 0.62155, -1.77512, -1.29483, 0.14786], [2.16838, -0.89613, -1.73925, 0.53947, -1.81789, -1.09226, 0.29502], [2.02892, -0.53485, -1.90888, 0.45739, -1.86066, -0.8897, 0.44218], [1.88946, -0.17357, -2.0785, 0.37532, -1.90342, -0.68713, 0.58934], [1.75, 0.18771, -2.24813, 0.29324, -1.94619, -0.48457, 0.7365], [1.61054, 0.54899, -2.41776, 0.21116, -1.98896, -0.282, 0.88366], [1.47107, 0.91027, -2.58738, 0.12908, -2.03173, -0.07944, 1.03082], [1.44783, 0.97049, -2.61566, 0.1154, -2.03886, -0.04567, 1.05535], [1.28848, 1.00173, -2.62781, 0.44961, -1.91409, 0.15247, 0.81667], [1.12914, 1.03296, -2.63996, 0.78381, -1.78933, 0.35061, 0.578], [0.96979, 1.0642, -2.65212, 1.11802, -1.66457, 0.54876, 0.33932], [0.81045, 1.09543, -2.66427, 1.45223, -1.53981, 0.7469, 0.10065], [0.6511, 1.12667, -2.67643, 1.78644, -1.41505, 0.94504, -0.13802], [0.49176, 1.1579, -2.68858, 2.12064, -1.29029, 1.14318, -0.3767], [0.33241, 1.18913, -2.70073, 2.45485, -1.16553, 1.34133, -0.61537], [0.30426, 1.19465, -2.70288, 2.51389, -1.14349, 1.37633, -0.65753], [0.38423, 1.29967, -2.47247, 2.29588, -1.20585, 1.41358, -1.01346], [0.46421, 1.40468, -2.24206, 2.07786, -1.2682, 1.45083, -1.36938], [0.54418, 1.5097, -2.01165, 1.85985, -1.33056, 1.48808, -1.7253], [0.62415, 1.61472, -1.78124, 1.64184, -1.39292, 1.52533, -2.08123]]
end: [0.68706, 1.6973199999999999, -1.6000000000000001, 1.47035, -1.44197, 1.55463, -2.3612000000000002]
obtacles: [[[0.6, -0.4, -0.2], [1.0, 0.6, -0.3]], [[0.8, -0.3, -0.2], [1.1, -0.2, 0.5]], [[0.8, 0.2, -0.2], [1.1, 0.3, 0.5]], [[0.8, -0.3, 0.5], [1.1, 0.3, 0.6]]]
start: [2.5323799999999999, -1.5528, -1.6000000000000001, 0.50371999999999995, -1.53654, -1.5691299999999999, 0.10571999999999999]
tajectories: [[2.53238, -1.5528, -1.6, 0.50372, -1.53654, -1.56913, 0.10572], [2.33856, -1.3229, -1.33895, 0.69844, -1.3687, -1.44966, 0.0005], [2.14474, -1.09299, -1.0779, 0.89316, -1.20086, -1.33019, -0.10473], [1.95092, -0.86309, -0.81686, 1.08788, -1.03303, -1.21072, -0.20996], [1.7571, -0.63318, -0.55581, 1.2826, -0.86519, -1.09125, -0.31518], [1.56328, -0.40327, -0.29476, 1.47732, -0.69735, -0.97178, -0.42041], [1.36946, -0.17337, -0.03371, 1.67204, -0.52952, -0.8523, -0.52564], [1.28739, -0.07602, 0.07683, 1.75449, -0.45845, -0.80171, -0.5702], [1.12634, 0.20002, -0.15836, 1.82924, -0.60384, -0.58984, -0.4255], [0.96529, 0.47605, -0.39355, 1.90399, -0.74924, -0.37797, -0.2808], [0.80424, 0.75208, -0.62873, 1.97874, -0.89464, -0.16609, -0.1361], [0.6432, 1.02812, -0.86392, 2.05348, -1.04003, 0.04578, 0.0086], [0.48215, 1.30415, -1.09911, 2.12823, -1.18543, 0.25765, 0.1533], [0.3211, 1.58018, -1.3343, 2.20298, -1.33083, 0.46953, 0.298], [0.28615, 1.64009, -1.38534, 2.2192, -1.36238, 0.51551, 0.3294], [0.32019, 1.64083, -1.42508, 2.04532, -1.37814, 0.66905, -0.11015], [0.35423, 1.64157, -1.46482, 1.87144, -1.3939, 0.8226, -0.5497], [0.38827, 1.6423, -1.50456, 1.69756, -1.40966, 0.97614, -0.98924], [0.42231, 1.64304, -1.5443, 1.52368, -1.42542, 1.12969, -1.42879], [0.45635, 1.64378, -1.58404, 1.3498, -1.44118, 1.28324, -1.86834], [0.49039, 1.64452, -1.62378, 1.17592, -1.45695, 1.43678, -2.30789]]
end: [0.51283999999999996, 1.6450100000000001, -1.6499999999999999, 1.0611999999999999, -1.4673400000000001, 1.5380799999999999, -2.5978699999999999]
obtacles: [[[0.6, -0.4, -0.2], [1.0, 0.6, -0.3]], [[0.8, -0.3, -0.2], [1.1, -0.2, 0.5]], [[0.8, 0.2, -0.2], [1.1, 0.3, 0.5]], [[0.8, -0.3, 0.5], [1.1, 0.3, 0.6]]]
start: [-0.055590000000000001, 1.6878, -1.6499999999999999, 1.1980299999999999, -1.43296, 1.5401199999999999, -1.89473]
tajectories: [[-0.05559, 1.6878, -1.65, 1.19803, -1.43296, 1.54012, -1.89473], [-0.04964, 1.58106, -1.56563, 1.4943, -1.10823, 1.43021, -1.73303], [-0.04369, 1.47432, -1.48127, 1.79057, -0.78349, 1.3203, -1.57134], [-0.03774, 1.36759, -1.3969, 2.08684, -0.45876, 1.21039, -1.40964], [-0.03179, 1.26085, -1.31253, 2.38312, -0.13402, 1.10049, -1.24794], [-0.03157, 1.25681, -1.30934, 2.39433, -0.12173, 1.09632, -1.24182], [0.37371, 1.18074, -1.35144, 2.37947, 0.1074, 0.93788, -1.26111], [0.77898, 1.10467, -1.39354, 2.3646, 0.33652, 0.77945, -1.2804], [1.18425, 1.0286, -1.43564, 2.34973, 0.56565, 0.62101, -1.2997], [1.29177, 1.00842, -1.44681, 2.34579, 0.62643, 0.57897, -1.30481], [1.1087, 1.17401, -1.49893, 2.14453, 0.32389, 0.7493, -1.46386], [0.92562, 1.33961, -1.55104, 1.94327, 0.02135, 0.91963, -1.62291], [0.74255, 1.5052, -1.60316, 1.74202, -0.2812, 1.08996, -1.78196], [0.55947, 1.67079, -1.65528, 1.54076, -0.58374, 1.26029, -1.94101], [0.3764, 1.83639, -1.7074, 1.3395, -0.88629, 1.43062, -2.10005]]
end: [0.22674, 1.9717499999999999, -1.75, 1.17499, -1.13361, 1.56986, -2.23007]
obtacles: [[[0.6, -0.4, -0.2], [1.0, 0.6, -0.3]], [[0.8, -0.3, -0.2], [1.1, -0.2, 0.5]], [[0.8, 0.2, -0.2], [1.1, 0.3, 0.5]], [[0.8, -0.3, 0.5], [1.1, 0.3, 0.6]]]
start: [2.46909, -1.4685999999999999, -1.5, 0.66510000000000002, -1.56315, -1.44678, 0.0033]
tajectories: [[2.46909, -1.4686, -1.5, 0.6651, -1.56315, -1.44678, 0.0033], [2.27314, -1.26794, -1.39292, 0.56714, -1.30761, -1.16303, 0.07006], [2.07719, -1.06727, -1.28584, 0.46918, -1.05207, -0.87928, 0.13683], [1.88125, -0.8666, -1.17876, 0.37122, -0.79652, -0.59552, 0.20359], [1.79983, -0.78323, -1.13427, 0.33052, -0.69035, -0.47763, 0.23133], [1.87951, -0.8336, -1.09767, 0.77769, -0.57561, -0.40631, 0.37818], [1.95919, -0.88397, -1.06107, 1.22485, -0.46087, -0.33498, 0.52504], [2.03764, -0.93357, -1.02504, 1.6651, -0.3479, -0.26476, 0.66962], [2.14901, -1.15702, -1.06675, 1.73141, -0.72167, -0.226, 0.46882], [2.26038, -1.38047, -1.10847, 1.79772, -1.09545, -0.18724, 0.26802], [2.36087, -1.5821, -1.14611, 1.85754, -1.43271, -0.15227, 0.08684], [2.39652, -1.60454, -1.24909, 1.72644, -1.50168, -0.54898, -0.1546], [2.43218, -1.62698, -1.35206, 1.59533, -1.57065, -0.9457, -0.39604], [2.46783, -1.64942, -1.45503, 1.46423, -1.63961, -1.34241, -0.63749]]
end: [2.4834000000000001, -1.6592199999999999, -1.5, 1.4069700000000001, -1.6697299999999999, -1.5156499999999999, -0.74292000000000002]
obtacles: [[[0.6, -0.4, -0.2], [1.0, 0.6, -0.3]], [[0.8, -0.3, -0.2], [1.1, -0.2, 0.5]], [[0.8, 0.2, -0.2], [1.1, 0.3, 0.5]], [[0.8, -0.3, 0.5], [1.1, 0.3, 0.6]]]
start: [2.4464800000000002, -1.78854, -1.0, 0.77407000000000004, -2.1421999999999999, -1.3548199999999999, 0.048829999999999998]
tajectories: [[2.44648, -1.78854, -1.0, 0.77407, -2.1422, -1.35482, 0.04883], [2.32787, -1.7764, -0.71513, 1.13952, -2.11104, -1.29569, -0.08006], [2.20926, -1.76426, -0.43026, 1.50497, -2.07989, -1.23656, -0.20896], [2.09065, -1.75212, -0.1454, 1.87042, -2.04874, -1.17743, -0.33786], [1.97204, -1.73998, 0.13947, 2.23587, -2.01759, -1.11831, -0.46675], [1.85343, -1.72784, 0.42434, 2.60132, -1.98644, -1.05918, -0.59565], [1.79996, -1.72237, 0.55277, 2.76608, -1.97239, -1.03252, -0.65376], [2.0503, -1.52824, 0.31466, 2.73007, -2.04301, -1.04156, -0.94802], [2.30063, -1.33411, 0.07655, 2.69407, -2.11362, -1.05059, -1.24227], [2.55097, -1.13998, -0.16156, 2.65807, -2.18424, -1.05963, -1.53652], [2.58334, -1.11488, -0.19235, 2.65341, -2.19337, -1.0608, -1.57457], [2.56595, -1.32306, -0.40636, 2.34171, -2.14372, -1.06368, -1.32774], [2.54856, -1.53124, -0.62038, 2.03001, -2.09408, -1.06655, -1.08091], [2.53117, -1.73942, -0.8344, 1.71831, -2.04443, -1.06943, -0.83408]]
end: [2.5177100000000001, -1.9005099999999999, -1.0, 1.47712, -2.0060199999999999, -1.0716600000000001, -0.64309000000000005]
obtacles: [[[0.6, -0.4, -0.2], [1.0, 0.6, -0.3]], [[0.8, -0.3, -0.2], [1.1, -0.2, 0.5]], [[0.8, 0.2, -0.2], [1.1, 0.3, 0.5]], [[0.8, -0.3, 0.5], [1.1, 0.3, 0.6]]]
start: [2.4205199999999998, -1.96008, -1.05, 0.73165999999999998, -2.2096499999999999, -1.5456300000000001, 0.10269]
tajectories: [[2.42052, -1.96008, -1.05, 0.73166, -2.20965, -1.54563, 0.10269], [2.1958, -1.83493, -1.16792, 0.84565, -2.26859, -1.15528, 0.13576], [1.97107, -1.70979, -1.28584, 0.95965, -2.32754, -0.76493, 0.16882], [1.74635, -1.58465, -1.40377, 1.07364, -2.38648, -0.37458, 0.20188], [1.52163, -1.45951, -1.52169, 1.18764, -2.44542, 0.01576, 0.23494], [1.2969, -1.33437, -1.63961, 1.30163, -2.50437, 0.40611, 0.26801], [1.12173, -1.23682, -1.73153, 1.39049, -2.55031, 0.71038, 0.29378], [1.3457, -1.09927, -1.51642, 1.48766, -2.74554, 0.44985, 0.15518], [1.56968, -0.96171, -1.30131, 1.58483, -2.94076, 0.18932, 0.01658], [1.79365, -0.82415, -1.0862, 1.682, -3.13599, -0.07122, -0.12202], [2.01763, -0.6866, -0.8711, 1.77917, -3.33121, -0.33175, -0.26062], [2.19307, -0.57884, -0.7026, 1.85529, -3.48413, -0.53583, -0.36919], [2.28002, -0.84224, -0.83535, 1.7826, -3.15598, -0.70906, -0.48081], [2.36696, -1.10564, -0.9681, 1.70992, -2.82783, -0.88229, -0.59244], [2.45391, -1.36904, -1.10086, 1.63723, -2.49967, -1.05552, -0.70406], [2.54086, -1.63244, -1.23361, 1.56454, -2.17152, -1.22875, -0.81569]]
end: [2.6170900000000001, -1.86337, -1.3500000000000001, 1.50082, -1.88381, -1.38063, -0.91356000000000004]
obtacles: [[[0.6, -0.4, -0.2], [1.0, 0.6, -0.3]], [[0.8, -0.3, -0.2], [1.1, -0.2, 0.5]], [[0.8, 0.2, -0.2], [1.1, 0.3, 0.5]], [[0.8, -0.3, 0.5], [1.1, 0.3, 0.6]]]
start: [2.4901800000000001, -1.46851, -1.3500000000000001, 0.59499000000000002, -1.6970400000000001, -1.3626199999999999, 0.058290000000000002]
tajectories: [[2.49018, -1.46851, -1.35, 0.59499, -1.69704, -1.36262, 0.05829], [2.29086, -1.32886, -1.31091, 0.58556, -2.05183, -1.29282, -0.18339], [2.09154, -1.18921, -1.27182, 0.57613, -2.40661, -1.22302, -0.42507], [2.06477, -1.17046, -1.26657, 0.57486, -2.45426, -1.21365, -0.45753], [2.20687, -1.12445, -1.25821, 0.94032, -2.23897, -1.05274, -0.30981], [2.33012, -1.08455, -1.25096, 1.25732, -2.05224, -0.91317, -0.18169], [2.34447, -1.21056, -1.11796, 1.58673, -2.25081, -0.95271, 0.07661], [2.35883, -1.33658, -0.98496, 1.91615, -2.44938, -0.99224, 0.33491], [2.36088, -1.35453, -0.96601, 1.96308, -2.47766, -0.99787, 0.37171], [2.39129, -1.54471, -1.09264, 1.78732, -2.30803, -1.136, 0.02801], [2.42171, -1.73489, -1.21926, 1.61157, -2.1384, -1.27413, -0.31569], [2.45212, -1.92507, -1.34589, 1.43581, -1.96877, -1.41225, -0.65939]]
end: [2.4531100000000001, -1.9312400000000001, -1.3500000000000001, 1.43011, -1.9632700000000001, -1.4167400000000001, -0.67054999999999998]
obtacles: [[[0.6, -0.4, -0.2], [1.0, 0.6, -0.3]], [[0.8, -0.3, -0.2], [1.1, -0.2, 0.5]], [[0.8, 0.2, -0.2], [1.1, 0.3, 0.5]], [[0.8, -0.3, 0.5], [1.1, 0.3, 0.6]]]
start: [2.4241199999999998, -1.8411, -1.05, 0.52734999999999999, -2.1516899999999999, -1.56023, 0.26571]
tajectories: [[2.42412, -1.8411, -1.05, 0.52735, -2.15169, -1.56023, 0.26571], [2.34262, -1.47912, -0.93112, 0.80937, -2.24931, -1.49384, 0.19699], [2.26112, -1.11714, -0.81224, 1.09139, -2.34694, -1.42745, 0.12827], [2.17962, -0.75516, -0.69336, 1.37341, -2.44456, -1.36106, 0.05954], [2.09811, -0.39318, -0.57448, 1.65543, -2.54219, -1.29467, -0.00918], [2.01661, -0.0312, -0.4556, 1.93744, -2.63981, -1.22827, -0.07791], [1.97913, 0.13527, -0.40092, 2.06715, -2.68471, -1.19774, -0.10951], [2.08505, -0.28727, -0.53245, 1.95264, -2.55253, -1.18197, -0.21955], [2.19097, -0.70981, -0.66399, 1.83814, -2.42035, -1.1662, -0.32958], [2.29689, -1.13235, -0.79552, 1.72363, -2.28817, -1.15043, -0.43961], [2.40281, -1.55489, -0.92705, 1.60913, -2.15599, -1.13466, -0.54965]]
end: [2.5018199999999999, -1.9498500000000001, -1.05, 1.5021, -2.0324300000000002, -1.11991, -0.65249999999999997]
obtacles: [[[0.6, -0.4, -0.2], [1.0, 0.6, -0.3]], [[0.8, -0.3, -0.2], [1.1, -0.2, 0.5]], [[0.8, 0.2, -0.2], [1.1, 0.3, 0.5]], [[0.8, -0.3, 0.5], [1.1, 0.3, 0.6]]]
start: [2.3270400000000002, -1.8612, -1.05, 1.1621999999999999, -2.06908, -1.2411300000000001, -0.18517]
tajectories: [[2.32704, -1.8612, -1.05, 1.1622, -2.06908, -1.24113, -0.18517], [2.16437, -1.79265, -0.7817, 1.10929, -2.0982, -1.42231, -0.5174], [2.05991, -1.74862, -0.6094, 1.07531, -2.1169, -1.53867, -0.73077], [2.28462, -1.66886, -0.8481, 1.3591, -2.30338, -1.41976, -0.81264], [2.44711, -1.61118, -1.02071, 1.56432, -2.43823, -1.33378, -0.87185], [2.56669, -1.9058, -1.08629, 1.44479, -2.13106, -1.2292, -0.71367]]
end: [2.5916999999999999, -1.9674100000000001, -1.1000000000000001, 1.4198, -2.0668199999999999, -1.20733, -0.68059000000000003]
obtacles: [[[0.6, -0.4, -0.2], [1.0, 0.6, -0.3]], [[0.8, -0.3, -0.2], [1.1, -0.2, 0.5]], [[0.8, 0.2, -0.2], [1.1, 0.3, 0.5]], [[0.8, -0.3, 0.5], [1.1, 0.3, 0.6]]]
start: [2.4725600000000001, -1.5723499999999999, -1.1000000000000001, 0.69337000000000004, -1.9448700000000001, -1.2779100000000001, 0.031850000000000003]
tajectories: [[2.47256, -1.57235, -1.1, 0.69337, -1.94487, -1.27791, 0.03185], [2.2243, -1.37406, -1.04349, 0.86723, -1.90516, -1.05251, -0.21964], [1.97605, -1.17576, -0.98697, 1.04108, -1.86545, -0.82711, -0.47112], [1.72779, -0.97746, -0.93046, 1.21493, -1.82574, -0.6017, -0.72261], [1.47953, -0.77917, -0.87394, 1.38879, -1.78602, -0.3763, -0.97409], [1.23128, -0.58087, -0.81743, 1.56264, -1.74631, -0.1509, -1.22558], [0.98302, -0.38258, -0.76092, 1.73649, -1.7066, 0.0745, -1.47706], [0.73476, -0.18428, -0.7044, 1.91035, -1.66689, 0.29991, -1.72854], [0.4865, 0.01402, -0.64789, 2.0842, -1.62718, 0.52531, -1.98003], [0.48485, 0.01533, -0.64751, 2.08536, -1.62691, 0.52681, -1.9817], [0.51243, 0.39196, -0.84552, 1.96477, -1.56169, 0.74143, -2.03936], [0.54001, 0.76859, -1.04353, 1.84418, -1.49647, 0.95605, -2.09702], [0.56758, 1.14522, -1.24154, 1.7236, -1.43125, 1.17067, -2.15468], [0.59516, 1.52185, -1.43955, 1.60301, -1.36603, 1.38529, -2.21234]]
end: [0.61751, 1.8270500000000001, -1.6000000000000001, 1.5053000000000001, -1.31318, 1.5591999999999999, -2.2590699999999999]
obtacles: [[[0.6, -0.4, -0.2], [1.0, 0.6, -0.3]], [[0.8, -0.3, -0.2], [1.1, -0.2, 0.5]], [[0.8, 0.2, -0.2], [1.1, 0.3, 0.5]], [[0.8, -0.3, 0.5], [1.1, 0.3, 0.6]]]
start: [2.31969, -1.59981, -1.3999999999999999, 0.95591999999999999, -1.69373, -1.44845, -0.124]
tajectories: [[2.31969, -1.59981, -1.4, 0.95592, -1.69373, -1.44845, -0.124], [2.17464, -1.27569, -1.34469, 1.20407, -1.54434, -1.4245, -0.31473], [2.02959, -0.95156, -1.28938, 1.45221, -1.39495, -1.40055, -0.50546], [1.88454, -0.62743, -1.23406, 1.70035, -1.24557, -1.3766, -0.69619], [1.73949, -0.3033, -1.17875, 1.94849, -1.09618, -1.35265, -0.88692], [1.59443, 0.02082, -1.12344, 2.19663, -0.9468, -1.3287, -1.07765], [1.44938, 0.34495, -1.06813, 2.44478, -0.79741, -1.30475, -1.26838], [1.41246, 0.42746, -1.05405, 2.50794, -0.75938, -1.29866, -1.31693], [1.34086, 0.6435, -1.0892, 2.51217, -0.6452, -0.87335, -1.37198], [1.26927, 0.85953, -1.12436, 2.51639, -0.53102, -0.44805, -1.42703], [1.19768, 1.07556, -1.15952, 2.52062, -0.41684, -0.02275, -1.48208], [1.12609, 1.2916, -1.19467, 2.52484, -0.30266, 0.40255, -1.53713], [1.10397, 1.35835, -1.20554, 2.52615, -0.26738, 0.53396, -1.55414], [0.96034, 1.446, -1.30674, 2.26236, -0.52203, 0.76055, -1.71438], [0.81671, 1.53366, -1.40794, 1.99858, -0.77667, 0.98713, -1.87461], [0.67309, 1.62131, -1.50915, 1.73479, -1.03132, 1.21372, -2.03484], [0.52946, 1.70897, -1.61035, 1.471, -1.28597, 1.44031, -2.19508]]
end: [0.47319, 1.7433099999999999, -1.6499999999999999, 1.3676600000000001, -1.3857299999999999, 1.5290699999999999, -2.2578499999999999]
obtacles: [[[0.6, -0.4, -0.2], [1.0, 0.6, -0.3]], [[0.8, -0.3, -0.2], [1.1, -0.2, 0.5]], [[0.8, 0.2, -0.2], [1.1, 0.3, 0.5]], [[0.8, -0.3, 0.5], [1.1, 0.3, 0.6]]]
start: [-0.40939999999999999, 1.6695599999999999, -1.8, 0.44245000000000001, -1.32168, 1.5630999999999999, -2.3020800000000001]
tajectories: [[-0.4094, 1.66956, -1.8, 0.44245, -1.32168, 1.5631, -2.30208], [-0.33376, 1.5443, -1.97087, 0.83721, -1.40134, 1.48497, -2.12571], [-0.25812, 1.41904, -2.14173, 1.23197, -1.48099, 1.40684, -1.94933], [-0.18247, 1.29378, -2.3126, 1.62673, -1.56065, 1.32871, -1.77295], [-0.10683, 1.16852, -2.48347, 2.02149, -1.64031, 1.25057, -1.59658], [-0.08952, 1.13986, -2.52256, 2.11181, -1.65853, 1.2327, -1.55622], [0.10915, 1.26043, -2.4327, 2.20624, -1.51543, 1.21131, -1.15865], [0.30782, 1.381, -2.34284, 2.30066, -1.37232, 1.18992, -0.76107], [0.50649, 1.50157, -2.25299, 2.39509, -1.22922, 1.16854, -0.3635], [0.70516, 1.62214, -2.16313, 2.48951, -1.08611, 1.14715, 0.03407], [0.72697, 1.63538, -2.15326, 2.49988, -1.0704, 1.1448, 0.07771], [0.64606, 1.69933, -2.07659, 2.27941, -1.08345, 1.21236, -0.34672], [0.56514, 1.76328, -1.99992, 2.05895, -1.09649, 1.27992, -0.77116], [0.48423, 1.82723, -1.92325, 1.83848, -1.10953, 1.34747, -1.19559], [0.40331, 1.89118, -1.84658, 1.61802, -1.12257, 1.41503, -1.62003], [0.3224, 1.95513, -1.76991, 1.39755, -1.13561, 1.48259, -2.04446]]
end: [0.30137999999999998, 1.97174, -1.75, 1.3403, -1.139, 1.50013, -2.15469]
obtacles: [[[0.6, -0.4, -0.2], [1.0, 0.6, -0.3]], [[0.8, -0.3, -0.2], [1.1, -0.2, 0.5]], [[0.8, 0.2, -0.2], [1.1, 0.3, 0.5]], [[0.8, -0.3, 0.5], [1.1, 0.3, 0.6]]]
start: [-0.24546999999999999, 1.8963000000000001, -1.95, 0.74741000000000002, -1.0762499999999999, 1.5669299999999999, -2.2126999999999999]
tajectories: [[-0.24547, 1.8963, -1.95, 0.74741, -1.07625, 1.56693, -2.2127], [-0.22744, 1.61008, -1.88474, 1.03337, -1.03423, 1.29756, -2.12673], [-0.20942, 1.32386, -1.81948, 1.31934, -0.99221, 1.02819, -2.04076], [-0.1914, 1.03764, -1.75422, 1.60531, -0.95019, 0.75882, -1.95479], [-0.18154, 0.88114, -1.71853, 1.76167, -0.92722, 0.61154, -1.90779], [-0.11668, 0.84618, -1.67117, 1.60639, -1.10923, 0.20547, -1.76568], [-0.05181, 0.81122, -1.62381, 1.4511, -1.29123, -0.2006, -1.62357], [0.01305, 0.77625, -1.57645, 1.29581, -1.47324, -0.60666, -1.48146], [0.05374, 0.75433, -1.54675, 1.19842, -1.58739, -0.86133, -1.39233], [0.16995, 0.69538, -1.76455, 1.31284, -1.50904, -0.89484, -0.98585], [0.28617, 0.63642, -1.98234, 1.42727, -1.43069, -0.92834, -0.57936], [0.40238, 0.57747, -2.20013, 1.54169, -1.35234, -0.96184, -0.17288], [0.51859, 0.51852, -2.41793, 1.65612, -1.27399, -0.99534, 0.23361], [0.52752, 0.51399, -2.43466, 1.66491, -1.26798, -0.99791, 0.26483], [0.73901, 0.57227, -2.29164, 1.89772, -1.61745, -0.92733, 0.25465], [0.9505, 0.63054, -2.14862, 2.13053, -1.96693, -0.85675, 0.24447], [1.16199, 0.68882, -2.0056, 2.36335, -2.31641, -0.78617, 0.23429], [1.19523, 0.69797, -1.98313, 2.39993, -2.37132, -0.77508, 0.23269], [1.09102, 0.90774, -1.97689, 2.20769, -2.75081, -0.8661, 0.30912], [0.98682, 1.11751, -1.97066, 2.01545, -3.13031, -0.95713, 0.38556], [0.88261, 1.32728, -1.96442, 1.8232, -3.5098, -1.04815, 0.46199], [0.77841, 1.53705, -1.95819, 1.63096, -3.88929, -1.13918, 0.53842], [0.6742, 1.74682, -1.95195, 1.43871, -4.26878, -1.2302, 0.61486]]
end: [0.64156000000000002, 1.8125199999999999, -1.95, 1.3785000000000001, -4.3876400000000002, -1.25871, 0.63880000000000003]
