obtacles: [[[0.6, -0.4, -0.2], [1.0, 0.6, -0.3]], [[0.7, -0.0, -0.2], [1.1, 0.1, 0.5]], [[0.7, 0.6, -0.2], [1.1, 0.7, 0.5]], [[0.7, 0.0, 0.5], [1.1, 0.7, 0.6]]]
start: [-0.42992999999999998, 1.8753899999999999, 2.5, 0.37763000000000002, 0.60763, 1.5677700000000001, -2.9341599999999999]
tajectories: [[-0.42993, 1.87539, 2.5, 0.37763, 0.60763, 1.56777, -2.93416], [-0.49776, 1.56732, 2.1425, 0.38151, 0.60562, 1.4182, -2.91716], [-0.56558, 1.25924, 1.78499, 0.38539, 0.60361, 1.26862, -2.90017], [-0.6334, 0.95117, 1.42749, 0.38926, 0.6016, 1.11905, -2.88317], [-0.70123, 0.64309, 1.06998, 0.39314, 0.59959, 0.96947, -2.86617], [-0.76905, 0.33502, 0.71248, 0.39702, 0.59757, 0.8199, -2.84918], [-0.83687, 0.02694, 0.35497, 0.40089, 0.59556, 0.67032, -2.83218], [-0.88076, -0.17244, 0.1236, 0.4034, 0.59426, 0.57352, -2.82118], [-0.79113, -0.38034, 0.20503, 0.82822, 0.64177, 0.66796, -2.79954], [-0.7015, -0.58824, 0.28645, 1.25304, 0.68928, 0.7624, -2.7779], [-0.61187, -0.79614, 0.36787, 1.67785, 0.73679, 0.85684, -2.75627], [-0.52224, -1.00404, 0.4493, 2.10267, 0.7843, 0.95128, -2.73463], [-0.43261, -1.21194, 0.53072, 2.52749, 0.83181, 1.04571, -2.71299], [-0.42344, -1.23322, 0.53905, 2.57097, 0.83668, 1.05538, -2.71078], [-0.7176, -1.32803, 0.64774, 2.3346, 0.55291, 1.12816, -2.74212], [-1.01175, -1.42285, 0.75643, 2.09824, 0.26915, 1.20094, -2.77347], [-1.30591, -1.51766, 0.86512, 1.86188, -0.01461, 1.27372, -2.80482], [-1.60007, -1.61248, 0.97381, 1.62551, -0.29837, 1.3465, -2.83616], [-1.89423, -1.7073, 1.0825, 1.38915, -0.58213, 1.41928, -2.86751], [-2.18839, -1.80211, 1.19119, 1.15279, -0.86589, 1.49206, -2.89886], [-2.48255, -1.89693, 1.29988, 0.91643, -1.14965, 1.56484, -2.9302]]
end: [-2.4828800000000002, -1.89703, 1.3, 0.91615999999999997, -1.1499699999999999, 1.5649200000000001, -2.93024]
obtacles: [[[0.6, -0.4, -0.2], [1.0, 0.6, -0.3]], [[0.7, -0.0, -0.2], [1.1, 0.1, 0.5]], [[0.7, 0.6, -0.2], [1.1, 0.7, 0.5]], [[0.7, 0.0, 0.5], [1.1, 0.7, 0.6]]]
start: [-0.54525000000000001, 1.92093, 1.8999999999999999, 0.89048000000000005, -2.0462799999999999, -1.5505, -0.28156999999999999]
tajectories: [[-0.54525, 1.92093, 1.9, 0.89048, -2.04628, -1.5505, -0.28157], [-0.72477, 1.69849, 1.86481, 1.06593, -1.97932, -1.21601, -0.42266], [-0.90429, 1.47605, 1.82963, 1.24137, -1.91235, -0.88152, -0.56376], [-1.0838, 1.25361, 1.79444, 1.41681, -1.84538, -0.54703, -0.70485], [-1.26332, 1.03117, 1.75926, 1.59226, -1.77842, -0.21254, -0.84595], [-1.44284, 0.80873, 1.72407, 1.7677, -1.71145, 0.12196, -0.98704], [-1.62235, 0.58629, 1.68888, 1.94314, -1.64448, 0.45645, -1.12814], [-1.77536, 0.3967, 1.65889, 2.09268, -1.58741, 0.74154, -1.2484], [-1.53104, 0.20734, 1.55851, 1.89937, -1.63993, 0.8739, -1.5429], [-1.28673, 0.01797, 1.45812, 1.70607, -1.69246, 1.00625, -1.83739], [-1.04241, -0.17139, 1.35773, 1.51276, -1.74499, 1.13861, -2.13189], [-0.79809, -0.36076, 1.25734, 1.31945, -1.79751, 1.27096, -2.42638], [-0.55377, -0.55012, 1.15695, 1.12615, -1.85004, 1.40332, -2.72088], [-0.4211, -0.65295, 1.10244, 1.02117, -1.87856, 1.47519, -2.8808], [-0.83882, -0.87761, 1.18826, 1.08916, -1.78276, 1.48724, -2.81976], [-1.25655, -1.10226, 1.27409, 1.15714, -1.68696, 1.49929, -2.75871], [-1.67427, -1.32691, 1.35991, 1.22512, -1.59116, 1.51133, -2.69766], [-2.092, -1.55156, 1.44573, 1.29311, -1.49537, 1.52338, -2.63661]]
end: [-2.3561399999999999, -1.6936199999999999, 1.5, 1.3361000000000001, -1.43479, 1.5309999999999999, -2.5980099999999999]
obtacles: [[[0.6, -0.4, -0.2], [1.0, 0.6, -0.3]], [[0.7, -0.0, -0.2], [1.1, 0.1, 0.5]], [[0.7, 0.6, -0.2], [1.1, 0.7, 0.5]], [[0.7, 0.0, 0.5], [1.1, 0.7, 0.6]]]
start: [-0.46400999999999998, 1.87914, 2.0499999999999998, 0.62707000000000002, -2.13395, -1.5587500000000001, -0.083680000000000004]
tajectories: [[-0.46401, 1.87914, 2.05, 0.62707, -2.13395, -1.55875, -0.08368], [-0.52216, 1.44655, 2.02983, 0.60849, -1.92584, -1.51651, -0.20047], [-0.58031, 1.01396, 2.00966, 0.58992, -1.71774, -1.47428, -0.31726], [-0.63846, 0.58137, 1.98949, 0.57134, -1.50963, -1.43204, -0.43405], [-0.65445, 0.46238, 1.98394, 0.56623, -1.45239, -1.42042, -0.46618], [-0.30345, 0.56554, 1.75952, 0.7912, -1.38146, -1.45487, -0.37151], [0.04756, 0.66869, 1.5351, 1.01617, -1.31053, -1.48932, -0.27684], [0.39856, 0.77184, 1.31067, 1.24113, -1.2396, -1.52377, -0.18216], [0.74957, 0.87499, 1.08625, 1.4661, -1.16867, -1.55821, -0.08749], [0.79825, 0.8893, 1.05513, 1.4973, -1.15883, -1.56299, -0.07436], [0.62649, 1.11687, 1.2854, 1.48799, -1.34986, -1.46647, -0.33855], [0.45474, 1.34444, 1.51567, 1.47869, -1.54089, -1.36995, -0.60273], [0.28299, 1.57202, 1.74594, 1.46939, -1.73192, -1.27343, -0.86691], [0.11124, 1.79959, 1.97621, 1.46008, -1.92295, -1.17691, -1.13109]]
end: [0.0189, 1.9219299999999999, 2.1000000000000001, 1.4550799999999999, -2.0256500000000002, -1.1250199999999999, -1.27312]
obtacles: [[[0.6, -0.4, -0.2], [1.0, 0.6, -0.3]], [[0.7, -0.0, -0.2], [1.1, 0.1, 0.5]], [[0.7, 0.6, -0.2], [1.1, 0.7, 0.5]], [[0.7, 0.0, 0.5], [1.1, 0.7, 0.6]]]
start: [-0.36537999999999998, 1.54775, 2.1000000000000001, 0.60665999999999998, -2.0062700000000002, -1.25909, -0.17802000000000001]
tajectories: [[-0.36538, 1.54775, 2.1, 0.60666, -2.00627, -1.25909, -0.17802], [-0.60884, 1.32201, 2.06187, 0.71561, -1.69883, -1.12302, -0.29383], [-0.85229, 1.09627, 2.02373, 0.82456, -1.3914, -0.98694, -0.40964], [-1.09575, 0.87053, 1.9856, 0.9335, -1.08396, -0.85087, -0.52544], [-1.33921, 0.64479, 1.94747, 1.04245, -0.77653, -0.71479, -0.64125], [-1.58267, 0.41904, 1.90933, 1.1514, -0.46909, -0.57871, -0.75705], [-1.80692, 0.21112, 1.87421, 1.25176, -0.18591, -0.45337, -0.86372], [-1.46276, 0.38141, 1.97608, 1.34729, -0.21193, -0.53186, -1.13979], [-1.1186, 0.55171, 2.07795, 1.44282, -0.23794, -0.61034, -1.41585], [-0.77443, 0.72201, 2.17981, 1.53835, -0.26396, -0.68883, -1.69192], [-0.43027, 0.89231, 2.28168, 1.63389, -0.28997, -0.76731, -1.96798], [-0.08611, 1.06261, 2.38355, 1.72942, -0.31599, -0.84579, -2.24405], [0.25805, 1.23291, 2.48542, 1.82495, -0.342, -0.92428, -2.52011], [0.55668, 1.38068, 2.57381, 1.90784, -0.36458, -0.99238, -2.75966], [0.50525, 1.47506, 2.48272, 1.74812, -0.69946, -1.04819, -2.46069], [0.45382, 1.56944, 2.39164, 1.58841, -1.03434, -1.10399, -2.16173], [0.4024, 1.66382, 2.30055, 1.42869, -1.36922, -1.1598, -1.86276], [0.35097, 1.75819, 2.20946, 1.26897, -1.7041, -1.21561, -1.5638], [0.29954, 1.85257, 2.11837, 1.10925, -2.03899, -1.27141, -1.26483]]
end: [0.28916999999999998, 1.87161, 2.1000000000000001, 1.0770299999999999, -2.1065299999999998, -1.28267, -1.2045300000000001]
obtacles: [[[0.6, -0.4, -0.2], [1.0, 0.6, -0.3]], [[0.7, -0.0, -0.2], [1.1, 0.1, 0.5]], [[0.7, 0.6, -0.2], [1.1, 0.7, 0.5]], [[0.7, 0.0, 0.5], [1.1, 0.7, 0.6]]]
start: [2.60907, -1.9103000000000001, 2.1000000000000001, -0.79418999999999995, 0.95889999999999997, -1.46445, -0.13522000000000001]
tajectories: [[2.60907, -1.9103, 2.1, -0.79419, 0.9589, -1.46445, -0.13522], [2.28926, -1.779, 2.0679, -0.54818, 0.70767, -1.44297, -0.06205], [1.96946, -1.64769, 2.0358, -0.30217, 0.45644, -1.4215, 0.01112], [1.64965, -1.51638, 2.0037, -0.05616, 0.20521, -1.40002, 0.08429], [1.32984, -1.38507, 1.9716, 0.18985, -0.04602, -1.37854, 0.15745], [1.01004, -1.25376, 1.9395, 0.43586, -0.29725, -1.35706, 0.23062], [0.69023, -1.12245, 1.9074, 0.68187, -0.54848, -1.33558, 0.30379], [0.37043, -0.99114, 1.8753, 0.92787, -0.79971, -1.3141, 0.37696], [0.10738, -0.88314, 1.84889, 1.13022, -1.00635, -1.29643, 0.43714], [-0.05889, -1.05877, 1.82507, 1.36431, -1.01634, -1.30653, 0.06845], [-0.22517, -1.23439, 1.80126, 1.5984, -1.02633, -1.31663, -0.30025], [-0.39145, -1.41002, 1.77744, 1.83249, -1.03631, -1.32672, -0.66895], [-0.55773, -1.58565, 1.75362, 2.06658, -1.0463, -1.33682, -1.03765], [-0.72401, -1.76127, 1.7298, 2.30068, -1.05628, -1.34692, -1.40635], [-0.83054, -1.8738, 1.71454, 2.45066, -1.06268, -1.35339, -1.64258], [-1.0446, -1.87316, 1.66704, 2.264, -1.08091, -0.97546, -1.79725], [-1.25866, -1.87252, 1.61953, 2.07734, -1.09913, -0.59754, -1.95192], [-1.47272, -1.87188, 1.57203, 1.89068, -1.11736, -0.21962, -2.10658], [-1.68678, -1.87124, 1.52453, 1.70402, -1.13559, 0.1583, -2.26125], [-1.90084, -1.87061, 1.47702, 1.51736, -1.15381, 0.53622, -2.41592], [-2.11491, -1.86997, 1.42952, 1.3307, -1.17204, 0.91414, -2.57058], [-2.32897, -1.86933, 1.38201, 1.14403, -1.19026, 1.29207, -2.72525]]
end: [-2.47323, -1.8689, 1.3500000000000001, 1.01824, -1.20255, 1.5467599999999999, -2.8294899999999998]
obtacles: [[[0.6, -0.4, -0.2], [1.0, 0.6, -0.3]], [[0.7, -0.0, -0.2], [1.1, 0.1, 0.5]], [[0.7, 0.6, -0.2], [1.1, 0.7, 0.5]], [[0.7, 0.0, 0.5], [1.1, 0.7, 0.6]]]
start: [0.031960000000000002, 1.8937900000000001, 1.1499999999999999, -0.70094000000000001, -1.0463199999999999, -1.56355, 0.59748000000000001]
tajectories: [[0.03196, 1.89379, 1.15, -0.70094, -1.04632, -1.56355, 0.59748], [-0.12318, 1.63128, 1.23879, -0.48599, -1.16475, -1.27293, 0.66419], [-0.27832, 1.36877, 1.32757, -0.27105, -1.28319, -0.9823, 0.7309], [-0.43346, 1.10626, 1.41636, -0.05611, -1.40162, -0.69168, 0.7976], [-0.58859, 0.84375, 1.50514, 0.15883, -1.52005, -0.40106, 0.86431], [-0.74373, 0.58124, 1.59393, 0.37377, -1.63849, -0.11044, 0.93102], [-0.89887, 0.31873, 1.68272, 0.58871, -1.75692, 0.18018, 0.99773], [-1.03095, 0.09522, 1.75831, 0.77172, -1.85776, 0.42762, 1.05453], [-1.20451, -0.0054, 1.93541, 0.9716, -2.09056, 0.33169, 0.78061], [-1.37807, -0.10602, 2.11252, 1.17149, -2.32336, 0.23575, 0.50669], [-1.55163, -0.20664, 2.28963, 1.37137, -2.55617, 0.13981, 0.23278], [-1.72519, -0.30727, 2.46673, 1.57126, -2.78897, 0.04387, -0.04114], [-1.89875, -0.40789, 2.64384, 1.77114, -3.02178, -0.05207, -0.31505], [-1.90663, -0.41246, 2.65188, 1.78022, -3.03235, -0.05643, -0.3275], [-1.95535, -0.67429, 2.394, 1.65328, -3.22942, -0.29097, -0.27641], [-2.00408, -0.93612, 2.13611, 1.52634, -3.42648, -0.5255, -0.22532], [-2.0528, -1.19796, 1.87823, 1.39939, -3.62354, -0.76004, -0.17423], [-2.10152, -1.45979, 1.62035, 1.27245, -3.82061, -0.99457, -0.12314], [-2.15025, -1.72162, 1.36246, 1.14551, -4.01767, -1.22911, -0.07205]]
end: [-2.1903899999999998, -1.9373400000000001, 1.1499999999999999, 1.0409200000000001, -4.1800199999999998, -1.4223300000000001, -0.029960000000000001]
obtacles: [[[0.6, -0.4, -0.2], [1.0, 0.6, -0.3]], [[0.7, -0.0, -0.2], [1.1, 0.1, 0.5]], [[0.7, 0.6, -0.2], [1.1, 0.7, 0.5]], [[0.7, 0.0, 0.5], [1.1, 0.7, 0.6]]]
start: [-0.61678999999999995, 1.5262, 1.6000000000000001, 1.22872, -4.6801399999999997, 1.5283500000000001, 2.52833]
tajectories: [[-0.61679, 1.5262, 1.6, 1.22872, -4.68014, 1.52835, 2.52833], [-0.86174, 1.54927, 1.6902, 1.09022, -4.59303, 1.14046, 2.46426], [-1.10669, 1.57235, 1.7804, 0.95173, -4.50592, 0.75257, 2.40019], [-1.35164, 1.59543, 1.8706, 0.81323, -4.41881, 0.36468, 2.33612], [-1.59659, 1.61851, 1.9608, 0.67473, -4.3317, -0.0232, 2.27205], [-1.79415, 1.63712, 2.03355, 0.56303, -4.26144, -0.33605, 2.22038], [-1.68735, 1.28664, 1.97706, 0.80473, -4.12196, -0.51166, 2.28249], [-1.58056, 0.93616, 1.92057, 1.04643, -3.98249, -0.68727, 2.34461], [-1.47376, 0.58568, 1.86408, 1.28813, -3.84302, -0.86288, 2.40672], [-1.36696, 0.23521, 1.80759, 1.52982, -3.70354, -1.03849, 2.46883], [-1.26017, -0.11527, 1.7511, 1.77152, -3.56407, -1.2141, 2.53094], [-1.15337, -0.46575, 1.69461, 2.01322, -3.42459, -1.38971, 2.59306], [-1.0662, -0.75184, 1.6485, 2.21051, -3.31074, -1.53306, 2.64376], [-1.29331, -0.90145, 1.61819, 2.03553, -3.49437, -1.53479, 2.31093], [-1.52042, -1.05107, 1.58788, 1.86054, -3.67799, -1.53653, 1.9781], [-1.74753, -1.20068, 1.55757, 1.68556, -3.86162, -1.53826, 1.64527], [-1.97465, -1.3503, 1.52726, 1.51057, -4.04524, -1.54, 1.31243], [-2.20176, -1.49992, 1.49695, 1.33559, -4.22886, -1.54173, 0.9796], [-2.42887, -1.64953, 1.46664, 1.16061, -4.41249, -1.54347, 0.64677]]
end: [-2.5535100000000002, -1.7316400000000001, 1.45, 1.06457, -4.5132599999999998, -1.5444199999999999, 0.46411000000000002]
obtacles: [[[0.6, -0.4, -0.2], [1.0, 0.6, -0.3]], [[0.7, -0.0, -0.2], [1.1, 0.1, 0.5]], [[0.7, 0.6, -0.2], [1.1, 0.7, 0.5]], [[0.7, 0.0, 0.5], [1.1, 0.7, 0.6]]]
start: [-0.60436000000000001, 1.83284, 2.0, 1.6581399999999999, -1.81945, -1.1340399999999999, -0.94089999999999996]
tajectories: [[-0.60436, 1.83284, 2.0, 1.65814, -1.81945, -1.13404, -0.9409], [-0.87956, 1.49213, 2.04315, 1.71943, -1.92692, -1.11737, -1.14274], [-1.15475, 1.15142, 2.08631, 1.78071, -2.03438, -1.10071, -1.34459], [-1.42994, 0.81072, 2.12946, 1.842, -2.14185, -1.08404, -1.54644], [-1.70514, 0.47001, 2.17261, 1.90329, -2.24931, -1.06738, -1.74829], [-1.98033, 0.1293, 2.21577, 1.96457, -2.35677, -1.05072, -1.95014], [-2.25553, -0.2114, 2.25892, 2.02586, -2.46424, -1.03405, -2.15199], [-2.53072, -0.55211, 2.30207, 2.08715, -2.5717, -1.01739, -2.35384], [-2.58001, -0.61314, 2.3098, 2.09813, -2.59095, -1.0144, -2.39], [-2.49351, -0.69418, 1.88739, 2.19555, -2.60675, -0.81846, -2.29313], [-2.40701, -0.77523, 1.46498, 2.29298, -2.62255, -0.62251, -2.19627], [-2.32051, -0.85628, 1.04257, 2.39041, -2.63834, -0.42657, -2.0994], [-2.234, -0.93732, 0.62016, 2.48784, -2.65414, -0.23062, -2.00253], [-2.1475, -1.01837, 0.19776, 2.58526, -2.66994, -0.03467, -1.90567], [-2.061, -1.09941, -0.22465, 2.68269, -2.68574, 0.16127, -1.8088], [-1.9745, -1.18046, -0.64706, 2.78012, -2.70154, 0.35722, -1.71194], [-1.94474, -1.20834, -0.79237, 2.81363, -2.70697, 0.42463, -1.67861], [-1.99374, -1.30807, -0.4789, 2.5966, -2.49636, 0.58444, -1.82822], [-2.04274, -1.40781, -0.16542, 2.37956, -2.28576, 0.74425, -1.97783], [-2.09175, -1.50754, 0.14806, 2.16252, -2.07515, 0.90406, -2.12744], [-2.14075, -1.60728, 0.46154, 1.94548, -1.86454, 1.06387, -2.27705], [-2.18975, -1.70701, 0.77502, 1.72845, -1.65394, 1.22369, -2.42666], [-2.23876, -1.80674, 1.08849, 1.51141, -1.44333, 1.3835, -2.57627], [-2.28776, -1.90648, 1.40197, 1.29437, -1.23272, 1.54331, -2.72588]]
end: [-2.2952699999999999, -1.9217599999999999, 1.45, 1.26112, -1.2004600000000001, 1.5678000000000001, -2.7488000000000001]
obtacles: [[[0.6, -0.4, -0.2], [1.0, 0.6, -0.3]], [[0.7, -0.0, -0.2], [1.1, 0.1, 0.5]], [[0.7, 0.6, -0.2], [1.1, 0.7, 0.5]], [[0.7, 0.0, 0.5], [1.1, 0.7, 0.6]]]
start: [-0.56913999999999998, 1.55447, 1.6000000000000001, 1.25576, -1.5643100000000001, -1.5379700000000001, -0.68696000000000002]
tajectories: [[-0.56914, 1.55447, 1.6, 1.25576, -1.56431, -1.53797, -0.68696], [-0.52632, 1.36118, 1.79339, 1.02511, -1.67181, -1.32748, -0.94063], [-0.48349, 1.16789, 1.98678, 0.79446, -1.7793, -1.11699, -1.19429], [-0.44067, 0.97461, 2.18017, 0.5638, -1.88679, -0.9065, -1.44795], [-0.39784, 0.78132, 2.37356, 0.33315, -1.99429, -0.69602, -1.70162], [-0.35926, 0.60716, 2.54782, 0.12532, -2.09115, -0.50635, -1.93018], [-0.59442, 0.33517, 2.50206, 0.42231, -2.25659, -0.50835, -1.98539], [-0.82958, 0.06319, 2.45629, 0.7193, -2.42204, -0.51034, -2.04059], [-1.06474, -0.2088, 2.41052, 1.01629, -2.58749, -0.51233, -2.09579], [-1.2999, -0.48078, 2.36476, 1.31329, -2.75293, -0.51433, -2.151], [-1.53506, -0.75277, 2.31899, 1.61028, -2.91838, -0.51632, -2.2062], [-1.71217, -0.95761, 2.28452, 1.83396, -3.04299, -0.51782, -2.24778], [-1.83412, -1.07445, 2.15445, 1.68582, -2.78518, -0.19322, -2.3516], [-1.95606, -1.19129, 2.02438, 1.53769, -2.52737, 0.13139, -2.45543], [-2.078, -1.30813, 1.89431, 1.38956, -2.26955, 0.456, -2.55926], [-2.19994, -1.42497, 1.76423, 1.24142, -2.01174, 0.78061, -2.66308], [-2.32188, -1.54181, 1.63416, 1.09329, -1.75393, 1.10521, -2.76691], [-2.44382, -1.65865, 1.50409, 0.94515, -1.49612, 1.42982, -2.87073]]
end: [-2.4945300000000001, -1.7072400000000001, 1.45, 0.88354999999999995, -1.3889100000000001, 1.56481, -2.91391]
obtacles: [[[0.6, -0.4, -0.2], [1.0, 0.6, -0.3]], [[0.7, -0.0, -0.2], [1.1, 0.1, 0.5]], [[0.7, 0.6, -0.2], [1.1, 0.7, 0.5]], [[0.7, 0.0, 0.5], [1.1, 0.7, 0.6]]]
start: [-0.71908000000000005, 1.6578200000000001, 1.6499999999999999, 1.4509700000000001, -1.6668799999999999, -1.50288, -0.72518000000000005]
tajectories: [[-0.71908, 1.65782, 1.65, 1.45097, -1.66688, -1.50288, -0.72518], [-0.83773, 1.23781, 1.79982, 1.43162, -1.53216, -1.4313, -0.60936], [-0.95639, 0.81779, 1.94964, 1.41226, -1.39744, -1.35972, -0.49354], [-1.07504, 0.39778, 2.09946, 1.3929, -1.26272, -1.28814, -0.37772], [-1.18983, -0.00855, 2.24441, 1.37418, -1.13238, -1.2189, -0.26567], [-1.43744, -0.22973, 2.25978, 1.63029, -1.04758, -1.04468, -0.45644], [-1.68504, -0.45091, 2.27516, 1.8864, -0.96277, -0.87045, -0.64722], [-1.92216, -0.66273, 2.28989, 2.13167, -0.88155, -0.70361, -0.82992], [-1.85715, -0.79037, 2.10117, 2.16303, -0.87934, -0.8041, -1.25744], [-1.79214, -0.91802, 1.91245, 2.19439, -0.87713, -0.9046, -1.68497], [-1.72712, -1.04566, 1.72373, 2.22575, -0.87492, -1.00509, -2.11249], [-1.66211, -1.1733, 1.53501, 2.25711, -0.8727, -1.10559, -2.54002], [-1.63619, -1.2242, 1.45976, 2.26961, -0.87182, -1.14566, -2.71048], [-1.75042, -1.33125, 1.46639, 2.1223, -0.93584, -0.69928, -2.69066], [-1.86465, -1.4383, 1.47303, 1.97498, -0.99985, -0.2529, -2.67084], [-1.97888, -1.54535, 1.47966, 1.82766, -1.06386, 0.19348, -2.65103], [-2.0931, -1.65241, 1.48629, 1.68034, -1.12787, 0.63986, -2.63121], [-2.20733, -1.75946, 1.49293, 1.53302, -1.19188, 1.08624, -2.61139], [-2.32156, -1.86651, 1.49956, 1.3857, -1.2559, 1.53262, -2.59158]]
end: [-2.3291599999999999, -1.8736299999999999, 1.5, 1.3758999999999999, -1.2601500000000001, 1.5623100000000001, -2.5902599999999998]
obtacles: [[[0.6, -0.4, -0.2], [1.0, 0.6, -0.3]], [[0.7, -0.0, -0.2], [1.1, 0.1, 0.5]], [[0.7, 0.6, -0.2], [1.1, 0.7, 0.5]], [[0.7, 0.0, 0.5], [1.1, 0.7, 0.6]]]
start: [-0.89009000000000005, 1.6706399999999999, 1.6000000000000001, 1.4082300000000001, -1.6740600000000001, -1.55826, -0.51602999999999999]
tajectories: [[-0.89009, 1.67064, 1.6, 1.40823, -1.67406, -1.55826, -0.51603], [-1.05224, 1.30408, 1.51313, 1.60971, -1.54562, -1.47155, -0.64709], [-1.21439, 0.93751, 1.42626, 1.8112, -1.41719, -1.38484, -0.77816], [-1.37302, 0.57887, 1.34127, 2.00833, -1.29154, -1.3, -0.9064], [-1.02633, 0.5642, 1.4305, 2.18169, -1.08779, -1.11467, -1.03174], [-0.67963, 0.54953, 1.51973, 2.35505, -0.88405, -0.92935, -1.15708], [-0.33293, 0.53486, 1.60896, 2.52841, -0.68031, -0.74402, -1.28242], [0.01377, 0.52019, 1.69819, 2.70177, -0.47657, -0.55869, -1.40776], [0.14899, 0.51447, 1.73299, 2.76939, -0.3971, -0.48641, -1.45664], [0.31299, 0.38546, 1.5931, 2.65117, -0.75582, -0.59683, -1.27763], [0.47699, 0.25646, 1.4532, 2.53296, -1.11454, -0.70725, -1.09862], [0.64098, 0.12745, 1.3133, 2.41475, -1.47326, -0.81767, -0.91961], [0.75537, 0.03747, 1.21572, 2.33229, -1.72347, -0.89469, -0.79475], [0.62807, 0.39231, 1.31073, 2.0763, -1.71477, -1.03448, -0.91183], [0.50077, 0.74714, 1.40573, 1.8203, -1.70607, -1.17426, -1.02891], [0.37346, 1.10198, 1.50074, 1.5643, -1.69737, -1.31405, -1.14599], [0.24616, 1.45682, 1.59574, 1.3083, -1.68867, -1.45383, -1.26307]]
end: [0.17346, 1.65947, 1.6499999999999999, 1.1620999999999999, -1.6837, -1.53366, -1.3299399999999999]
obtacles: [[[0.6, -0.4, -0.2], [1.0, 0.6, -0.3]], [[0.7, -0.0, -0.2], [1.1, 0.1, 0.5]], [[0.7, 0.6, -0.2], [1.1, 0.7, 0.5]], [[0.7, 0.0, 0.5], [1.1, 0.7, 0.6]]]
start: [-0.61046, 1.9676100000000001, 1.6499999999999999, 1.4876499999999999, -1.97309, -1.53016, -0.85297000000000001]
tajectories: [[-0.61046, 1.96761, 1.65, 1.48765, -1.97309, -1.53016, -0.85297], [-0.69473, 1.63362, 1.81659, 1.37143, -1.77766, -1.33564, -0.97151], [-0.779, 1.29962, 1.98318, 1.25521, -1.58223, -1.14112, -1.09006], [-0.86326, 0.96562, 2.14977, 1.139, -1.3868, -0.94659, -1.2086], [-0.89541, 0.83821, 2.21332, 1.09466, -1.31224, -0.87239, -1.25382], [-0.60374, 0.72076, 2.08459, 1.3178, -1.11095, -0.76256, -1.07441], [-0.31207, 0.60331, 1.95586, 1.54095, -0.90966, -0.65273, -0.89499], [-0.0204, 0.48586, 1.82713, 1.76409, -0.70837, -0.54291, -0.71558], [0.05184, 0.45677, 1.79525, 1.81936, -0.65852, -0.51571, -0.67114], [0.17772, 0.74766, 1.71984, 1.93465, -1.01218, -0.51774, -0.7452], [0.3036, 1.03855, 1.64444, 2.04995, -1.36583, -0.51976, -0.81926], [0.42948, 1.32944, 1.56904, 2.16525, -1.71948, -0.52179, -0.89331], [0.54511, 1.59664, 1.49977, 2.27116, -2.04434, -0.52365, -0.96134], [0.35456, 1.70866, 1.58165, 1.9793, -2.01931, -0.83525, -1.06873], [0.16401, 1.82067, 1.66354, 1.68745, -1.99429, -1.14686, -1.17612], [-0.02654, 1.93269, 1.74542, 1.39559, -1.96926, -1.45847, -1.28351]]
end: [-0.037190000000000001, 1.93895, 1.75, 1.3792599999999999, -1.9678599999999999, -1.4759, -1.2895099999999999]
obtacles: [[[0.6, -0.4, -0.2], [1.0, 0.6, -0.3]], [[0.7, -0.0, -0.2], [1.1, 0.1, 0.5]], [[0.7, 0.6, -0.2], [1.1, 0.7, 0.5]], [[0.7, 0.0, 0.5], [1.1, 0.7, 0.6]]]
start: [-0.69823999999999997, 1.8035699999999999, 1.75, 1.5137799999999999, -1.8165800000000001, -1.4100900000000001, -0.77464999999999995]
tajectories: [[-0.69824, 1.80357, 1.75, 1.51378, -1.81658, -1.41009, -0.77465], [-0.88645, 1.57008, 1.76847, 1.56726, -1.65339, -1.09121, -0.94359], [-1.07466, 1.3366, 1.78693, 1.62073, -1.4902, -0.77233, -1.11254], [-1.26288, 1.10311, 1.8054, 1.6742, -1.32701, -0.45345, -1.28149], [-1.45109, 0.86963, 1.82387, 1.72768, -1.16382, -0.13456, -1.45043], [-1.6393, 0.63615, 1.84233, 1.78115, -1.00063, 0.18432, -1.61938], [-1.82751, 0.40266, 1.8608, 1.83463, -0.83744, 0.5032, -1.78833], [-2.01573, 0.16918, 1.87927, 1.8881, -0.67425, 0.82209, -1.95727], [-2.04283, 0.13555, 1.88193, 1.8958, -0.65074, 0.86801, -1.98161], [-1.74734, 0.37358, 1.78918, 2.05019, -0.63286, 0.62863, -2.10794], [-1.45184, 0.61162, 1.69643, 2.20459, -0.61497, 0.38925, -2.23427], [-1.15635, 0.84965, 1.60368, 2.35898, -0.59708, 0.14987, -2.36059], [-0.86085, 1.08769, 1.51093, 2.51337, -0.57919, -0.08951, -2.48692], [-0.56536, 1.32572, 1.41817, 2.66776, -0.56131, -0.32889, -2.61325], [-0.26986, 1.56376, 1.32542, 2.82216, -0.54342, -0.56827, -2.73958], [0.0125, 1.7912, 1.2368, 2.96968, -0.52633, -0.797, -2.8603], [0.0517, 1.7715, 1.31096, 2.62783, -0.70547, -0.90423, -2.57372], [0.09091, 1.75181, 1.38512, 2.28598, -0.88462, -1.01146, -2.28715], [0.13012, 1.73211, 1.45928, 1.94413, -1.06376, -1.11869, -2.00058], [0.16933, 1.71241, 1.53344, 1.60228, -1.24291, -1.22592, -1.71401], [0.20854, 1.69271, 1.6076, 1.26043, -1.42205, -1.33315, -1.42744], [0.24775, 1.67301, 1.68177, 0.91858, -1.60119, -1.44037, -1.14087]]
end: [0.28382000000000002, 1.6548799999999999, 1.75, 0.60404999999999998, -1.7660199999999999, -1.5390299999999999, -0.87719999999999998]
obtacles: [[[0.6, -0.4, -0.2], [1.0, 0.6, -0.3]], [[0.7, -0.0, -0.2], [1.1, 0.1, 0.5]], [[0.7, 0.6, -0.2], [1.1, 0.7, 0.5]], [[0.7, 0.0, 0.5], [1.1, 0.7, 0.6]]]
start: [-0.77395000000000003, 1.5177400000000001, 1.75, 1.2005699999999999, -1.58602, -1.3846000000000001, -0.42996000000000001]
tajectories: [[-0.77395, 1.51774, 1.75, 1.20057, -1.58602, -1.3846, -0.42996], [-0.74314, 1.10124, 1.7783, 1.31618, -1.40636, -1.23621, -0.5143], [-0.71233, 0.68474, 1.80659, 1.4318, -1.2267, -1.08782, -0.59864], [-0.68151, 0.26824, 1.83489, 1.54741, -1.04703, -0.93943, -0.68298], [-0.6507, -0.14826, 1.86318, 1.66302, -0.86737, -0.79104, -0.76732], [-0.62819, -0.45254, 1.88385, 1.74749, -0.73612, -0.68263, -0.82894], [-0.58439, -0.69379, 1.91473, 1.5959, -1.05259, -0.64592, -1.0828], [-0.54059, -0.93504, 1.94561, 1.44431, -1.36906, -0.60921, -1.33666], [-0.4968, -1.17628, 1.97648, 1.29272, -1.68553, -0.5725, -1.59053], [-0.46735, -1.33845, 1.99724, 1.19082, -1.89826, -0.54782, -1.76118], [-0.66429, -1.33877, 1.9792, 1.32111, -1.69609, -0.19063, -1.92073], [-0.86123, -1.33908, 1.96116, 1.4514, -1.49393, 0.16657, -2.08028], [-1.05817, -1.3394, 1.94312, 1.58169, -1.29176, 0.52376, -2.23983], [-1.25511, -1.33972, 1.92508, 1.71198, -1.08959, 0.88095, -2.39938], [-1.33618, -1.33985, 1.91765, 1.76562, -1.00637, 1.028, -2.46506], [-1.69165, -1.55827, 1.76976, 1.64592, -1.06748, 1.21626, -2.48864], [-2.04711, -1.77669, 1.62186, 1.52622, -1.12859, 1.40452, -2.51221]]
end: [-2.34002, -1.95668, 1.5, 1.4275800000000001, -1.1789499999999999, 1.55965, -2.5316299999999998]
obtacles: [[[0.6, -0.4, -0.2], [1.0, 0.6, -0.3]], [[0.7, -0.0, -0.2], [1.1, 0.1, 0.5]], [[0.7, 0.6, -0.2], [1.1, 0.7, 0.5]], [[0.7, 0.0, 0.5], [1.1, 0.7, 0.6]]]
start: [-0.75109999999999999, 1.76173, 1.6499999999999999, 1.22523, -1.7771300000000001, -1.56199, -0.46562999999999999]
tajectories: [[-0.7511, 1.76173, 1.65, 1.22523, -1.77713, -1.56199, -0.46563], [-0.96279, 1.55283, 1.47635, 1.28084, -1.44025, -1.44562, -0.42993], [-1.17448, 1.34394, 1.3027, 1.33646, -1.10337, -1.32926, -0.39423], [-1.38617, 1.13504, 1.12905, 1.39207, -0.76649, -1.21289, -0.35853], [-1.59785, 0.92615, 0.95539, 1.44769, -0.42961, -1.09653, -0.32283], [-1.80954, 0.71726, 0.78174, 1.5033, -0.09273, -0.98016, -0.28713], [-1.82839, 0.69866, 0.76629, 1.50825, -0.06274, -0.9698, -0.28396], [-1.86234, 0.57671, 0.70127, 1.40403, 0.09327, -0.69401, -0.62818], [-1.8963, 0.45476, 0.63626, 1.29981, 0.24928, -0.41822, -0.97239], [-1.93025, 0.33281, 0.57124, 1.19559, 0.40528, -0.14243, -1.31661], [-1.96421, 0.21087, 0.50623, 1.09137, 0.56129, 0.13336, -1.66083], [-1.99816, 0.08892, 0.44121, 0.98715, 0.7173, 0.40916, -2.00505], [-2.03212, -0.03303, 0.3762, 0.88293, 0.87331, 0.68495, -2.34927], [-2.03978, -0.06054, 0.36153, 0.85942, 0.9085, 0.74716, -2.42692], [-1.76965, -0.17524, 0.51698, 1.16442, 0.96086, 0.5376, -2.43217], [-1.49952, -0.28994, 0.67242, 1.46942, 1.01323, 0.32804, -2.43742], [-1.22939, -0.40464, 0.82786, 1.77442, 1.06559, 0.11847, -2.44267], [-0.95926, -0.51934, 0.98331, 2.07942, 1.11795, -0.09109, -2.44792], [-0.68913, -0.63404, 1.13875, 2.38442, 1.17032, -0.30065, -2.45317], [-0.419, -0.74875, 1.29419, 2.68942, 1.22268, -0.51022, -2.45842], [-0.28354, -0.80627, 1.37214, 2.84237, 1.24894, -0.61531, -2.46106], [-0.51481, -0.92302, 1.38114, 2.66009, 0.9543, -0.36707, -2.49486], [-0.74608, -1.03977, 1.39014, 2.47781, 0.65967, -0.11883, -2.52867], [-0.97735, -1.15652, 1.39914, 2.29552, 0.36503, 0.1294, -2.56248], [-1.20862, -1.27327, 1.40814, 2.11324, 0.0704, 0.37764, -2.59629], [-1.43989, -1.39003, 1.41714, 1.93096, -0.22424, 0.62588, -2.6301], [-1.67116, -1.50678, 1.42614, 1.74868, -0.51888, 0.87412, -2.66391], [-1.90243, -1.62353, 1.43513, 1.5664, -0.81351, 1.12235, -2.69772], [-2.1337, -1.74028, 1.44413, 1.38412, -1.10815, 1.37059, -2.73153]]
end: [-2.2845, -1.8164100000000001, 1.45, 1.2652600000000001, -1.30026, 1.5324599999999999, -2.7535699999999999]
obtacles: [[[0.6, -0.4, -0.2], [1.0, 0.6, -0.3]], [[0.7, -0.0, -0.2], [1.1, 0.1, 0.5]], [[0.7, 0.6, -0.2], [1.1, 0.7, 0.5]], [[0.7, 0.0, 0.5], [1.1, 0.7, 0.6]]]
start: [-0.68611999999999995, 1.9387000000000001, 1.8500000000000001, 0.95274999999999999, -2.0287700000000002, -1.56962, -0.21407999999999999]
tajectories: [[-0.68612, 1.9387, 1.85, 0.95275, -2.02877, -1.56962, -0.21408], [-0.73677, 1.5659, 1.79399, 0.94721, -1.91363, -1.52112, -0.51355], [-0.78741, 1.19311, 1.73799, 0.94167, -1.79849, -1.47262, -0.81302], [-0.83806, 0.82032, 1.68198, 0.93613, -1.68335, -1.42412, -1.11249], [-0.88871, 0.44752, 1.62598, 0.93059, -1.56821, -1.37562, -1.41197], [-0.90081, 0.35852, 1.61261, 0.92927, -1.54073, -1.36405, -1.48346], [-0.74696, 0.32535, 1.51954, 1.052, -1.70601, -1.32949, -1.06754], [-0.59311, 0.29217, 1.42648, 1.17472, -1.8713, -1.29492, -0.65161], [-0.43926, 0.25899, 1.33342, 1.29745, -2.03659, -1.26036, -0.23569], [-0.28541, 0.22581, 1.24036, 1.42018, -2.20188, -1.2258, 0.18023], [-0.13156, 0.19263, 1.1473, 1.54291, -2.36716, -1.19124, 0.59616], [0.02229, 0.15945, 1.05423, 1.66564, -2.53245, -1.15668, 1.01208], [0.11406, 0.13966, 0.99873, 1.73884, -2.63104, -1.13607, 1.26016], [0.12661, 0.39222, 1.13075, 1.62528, -2.51592, -1.18429, 0.88579], [0.13916, 0.64478, 1.26276, 1.51171, -2.40081, -1.23251, 0.51142], [0.15171, 0.89734, 1.39478, 1.39815, -2.2857, -1.28074, 0.13705], [0.16426, 1.1499, 1.5268, 1.28458, -2.17058, -1.32896, -0.23733], [0.17681, 1.40246, 1.65882, 1.17102, -2.05547, -1.37718, -0.6117], [0.18936, 1.65502, 1.79084, 1.05745, -1.94035, -1.42541, -0.98607]]
end: [0.19497999999999999, 1.7682100000000001, 1.8500000000000001, 1.0065599999999999, -1.8887700000000001, -1.44702, -1.15384]
obtacles: [[[0.6, -0.4, -0.2], [1.0, 0.6, -0.3]], [[0.7, -0.0, -0.2], [1.1, 0.1, 0.5]], [[0.7, 0.6, -0.2], [1.1, 0.7, 0.5]], [[0.7, 0.0, 0.5], [1.1, 0.7, 0.6]]]
start: [-0.60607999999999995, 1.94818, 1.8500000000000001, 1.5756300000000001, -1.96072, -1.3098700000000001, -0.86409000000000002]
tajectories: [[-0.60608, 1.94818, 1.85, 1.57563, -1.96072, -1.30987, -0.86409], [-0.81346, 1.62048, 1.84853, 1.46024, -2.23356, -1.2393, -0.94693], [-1.02083, 1.29277, 1.84705, 1.34485, -2.5064, -1.16873, -1.02977], [-1.22821, 0.96507, 1.84558, 1.22946, -2.77924, -1.09816, -1.11262], [-1.43559, 0.63736, 1.84411, 1.11406, -3.05208, -1.02759, -1.19546], [-1.64297, 0.30965, 1.84264, 0.99867, -3.32493, -0.95702, -1.2783], [-1.85035, -0.01805, 1.84116, 0.88328, -3.59777, -0.88645, -1.36114], [-2.05773, -0.34576, 1.83969, 0.76789, -3.87061, -0.81588, -1.44398], [-2.23044, -0.61868, 1.83846, 0.67179, -4.09784, -0.75711, -1.51297], [-1.88174, -0.34303, 1.8877, 0.79028, -3.9242, -0.81539, -1.56213], [-1.53304, -0.06739, 1.93693, 0.90878, -3.75057, -0.87367, -1.61129], [-1.18434, 0.20826, 1.98617, 1.02727, -3.57694, -0.93195, -1.66045], [-0.83563, 0.48391, 2.0354, 1.14577, -3.4033, -0.99023, -1.7096], [-0.48693, 0.75956, 2.08464, 1.26426, -3.22967, -1.04851, -1.75876], [-0.13823, 1.0352, 2.13387, 1.38275, -3.05604, -1.10679, -1.80792], [0.21047, 1.31085, 2.18311, 1.50125, -2.8824, -1.16507, -1.85708], [0.55917, 1.5865, 2.23234, 1.61974, -2.70877, -1.22335, -1.90623], [0.65729, 1.66406, 2.2462, 1.65309, -2.65991, -1.23976, -1.92007], [0.56255, 1.70756, 2.12295, 1.36025, -2.43364, -1.34266, -1.64366], [0.4678, 1.75105, 1.9997, 1.06742, -2.20737, -1.44557, -1.36725], [0.37305, 1.79454, 1.87645, 0.77459, -1.9811, -1.54847, -1.09084]]
end: [0.35271999999999998, 1.8038700000000001, 1.8500000000000001, 0.71174000000000004, -1.9325399999999999, -1.57056, -1.03152]
obtacles: [[[0.6, -0.4, -0.2], [1.0, 0.6, -0.3]], [[0.7, -0.0, -0.2], [1.1, 0.1, 0.5]], [[0.7, 0.6, -0.2], [1.1, 0.7, 0.5]], [[0.7, 0.0, 0.5], [1.1, 0.7, 0.6]]]
start: [-0.60570000000000002, 1.9717, 1.8500000000000001, 1.20689, -2.0456599999999998, -1.4724200000000001, -0.52027000000000001]
tajectories: [[-0.6057, 1.9717, 1.85, 1.20689, -2.04566, -1.47242, -0.52027], [-0.64524, 1.86781, 1.96071, 1.334, -1.73912, -1.28402, -0.80272], [-0.68477, 1.76392, 2.07141, 1.46111, -1.43258, -1.09563, -1.08516], [-0.72431, 1.66003, 2.18212, 1.58822, -1.12604, -0.90724, -1.3676], [-0.76384, 1.55614, 2.29282, 1.71533, -0.8195, -0.71885, -1.65004], [-0.80338, 1.45225, 2.40353, 1.84244, -0.51296, -0.53046, -1.93249], [-0.84292, 1.34836, 2.51423, 1.96955, -0.20642, -0.34207, -2.21493], [-0.84597, 1.34034, 2.52278, 1.97937, -0.18275, -0.32752, -2.23674], [-0.89451, 1.00884, 2.29491, 2.03779, -0.23685, -0.09426, -2.07838], [-0.94305, 0.67735, 2.06704, 2.0962, -0.29095, 0.139, -1.92001], [-0.99159, 0.34585, 1.83917, 2.15462, -0.34505, 0.37226, -1.76164], [-1.04014, 0.01435, 1.6113, 2.21303, -0.39915, 0.60552, -1.60328], [-1.08868, -0.31714, 1.38343, 2.27145, -0.45325, 0.83878, -1.44491], [-1.13722, -0.64864, 1.15556, 2.32986, -0.50735, 1.07203, -1.28654], [-1.18576, -0.98013, 0.92768, 2.38827, -0.56145, 1.30529, -1.12817], [-1.23045, -1.2853, 0.71792, 2.44205, -0.61126, 1.52002, -0.98239], [-1.44639, -1.3586, 0.85659, 2.20031, -0.7555, 1.52874, -1.29774], [-1.66232, -1.4319, 0.99527, 1.95857, -0.89974, 1.53747, -1.61309], [-1.87826, -1.50521, 1.13395, 1.71684, -1.04398, 1.54619, -1.92845], [-2.0942, -1.57851, 1.27263, 1.4751, -1.18822, 1.55492, -2.2438], [-2.31013, -1.65182, 1.41131, 1.23336, -1.33246, 1.56364, -2.55916]]
end: [-2.4482400000000002, -1.6987000000000001, 1.5, 1.0787599999999999, -1.4247099999999999, 1.5692200000000001, -2.76084]
obtacles: [[[0.6, -0.4, -0.2], [1.0, 0.6, -0.3]], [[0.7, -0.0, -0.2], [1.1, 0.1, 0.5]], [[0.7, 0.6, -0.2], [1.1, 0.7, 0.5]], [[0.7, 0.0, 0.5], [1.1, 0.7, 0.6]]]
start: [-0.78869999999999996, 1.47082, 1.6000000000000001, 1.70462, -1.4678100000000001, -1.55532, -0.91817000000000004]
tajectories: [[-0.7887, 1.47082, 1.6, 1.70462, -1.46781, -1.55532, -0.91817], [-0.96012, 1.22391, 1.64308, 1.82032, -1.53066, -1.31599, -1.20658], [-1.13153, 0.977, 1.68616, 1.93603, -1.5935, -1.07666, -1.49499], [-1.30295, 0.73009, 1.72924, 2.05173, -1.65634, -0.83732, -1.7834], [-1.47436, 0.48318, 1.77232, 2.16743, -1.71918, -0.59799, -2.07181], [-1.64578, 0.23626, 1.8154, 2.28314, -1.78203, -0.35866, -2.36022], [-1.81719, -0.01065, 1.85848, 2.39884, -1.84487, -0.11933, -2.64862], [-1.93351, -0.17819, 1.88771, 2.47735, -1.88751, 0.04307, -2.84432], [-1.61801, -0.06861, 1.87689, 2.48104, -2.21225, 0.03538, -2.6632], [-1.30251, 0.04098, 1.86607, 2.48473, -2.537, 0.0277, -2.48208], [-0.98701, 0.15056, 1.85525, 2.48841, -2.86174, 0.02002, -2.30096], [-0.67151, 0.26014, 1.84444, 2.4921, -3.18648, 0.01234, -2.11984], [-0.35601, 0.36973, 1.83362, 2.49579, -3.51122, 0.00466, -1.93873], [-0.1996, 0.42405, 1.82826, 2.49762, -3.67222, 0.00085, -1.84894], [-0.12419, 0.64542, 1.83155, 2.25058, -3.41646, -0.23728, -1.73868], [-0.04877, 0.86679, 1.83485, 2.00355, -3.16071, -0.47542, -1.62842], [0.02664, 1.08816, 1.83815, 1.75652, -2.90496, -0.71355, -1.51816], [0.10205, 1.30952, 1.84145, 1.50949, -2.64921, -0.95168, -1.4079], [0.17747, 1.53089, 1.84475, 1.26246, -2.39346, -1.18982, -1.29763], [0.25288, 1.75226, 1.84805, 1.01543, -2.1377, -1.42795, -1.18737]]
end: [0.29743999999999998, 1.8830499999999999, 1.8500000000000001, 0.86946999999999997, -1.9865999999999999, -1.5686500000000001, -1.1222300000000001]
obtacles: [[[0.6, -0.4, -0.2], [1.0, 0.6, -0.3]], [[0.7, -0.0, -0.2], [1.1, 0.1, 0.5]], [[0.7, 0.6, -0.2], [1.1, 0.7, 0.5]], [[0.7, 0.0, 0.5], [1.1, 0.7, 0.6]]]
start: [-0.66376000000000002, 1.9539800000000001, 1.8999999999999999, 1.51925, -1.9878400000000001, -1.28681, -0.73058999999999996]
tajectories: [[-0.66376, 1.95398, 1.9, 1.51925, -1.98784, -1.28681, -0.73059], [-0.77078, 1.65581, 1.98295, 1.58585, -1.8338, -1.04309, -0.96553], [-0.87779, 1.35764, 2.06591, 1.65244, -1.67975, -0.79938, -1.20047], [-0.98481, 1.05946, 2.14886, 1.71904, -1.52571, -0.55566, -1.4354], [-1.04876, 0.88127, 2.19844, 1.75884, -1.43366, -0.41001, -1.5758], [-1.25245, 0.5103, 2.10047, 1.53088, -1.51132, -0.35282, -1.57068], [-1.45614, 0.13933, 2.00251, 1.30292, -1.58898, -0.29564, -1.56556], [-1.5957, -0.11483, 1.93539, 1.14674, -1.64219, -0.25645, -1.56205], [-1.67634, -0.35014, 1.987, 1.39817, -1.80716, 0.02179, -1.69473], [-1.75699, -0.58546, 2.03861, 1.6496, -1.97214, 0.30004, -1.82741], [-1.80055, -0.71257, 2.06649, 1.78541, -2.06125, 0.45033, -1.89908], [-1.8039, -1.07883, 2.00487, 1.79717, -1.89827, 0.67144, -2.09002], [-1.80725, -1.44509, 1.94325, 1.80894, -1.73529, 0.89254, -2.28096], [-1.80896, -1.63164, 1.91186, 1.81493, -1.65228, 1.00516, -2.37821], [-2.03582, -1.72824, 1.71773, 1.58214, -1.48634, 1.2334, -2.51123], [-2.26268, -1.82484, 1.52361, 1.34935, -1.32039, 1.46165, -2.64424]]
end: [-2.3486899999999999, -1.8614599999999999, 1.45, 1.26108, -1.2574700000000001, 1.54819, -2.69468]
obtacles: [[[0.6, -0.4, -0.2], [1.0, 0.6, -0.3]], [[0.7, -0.0, -0.2], [1.1, 0.1, 0.5]], [[0.7, 0.6, -0.2], [1.1, 0.7, 0.5]], [[0.7, 0.0, 0.5], [1.1, 0.7, 0.6]]]
start: [-0.16051000000000001, 1.57942, 1.5, -0.24956999999999999, -1.5000599999999999, -1.56169, 0.40944999999999998]
tajectories: [[-0.16051, 1.57942, 1.5, -0.24957, -1.50006, -1.56169, 0.40945], [-0.40546, 1.2754, 1.45825, -0.10296, -1.39966, -1.51347, 0.16059], [-0.6504, 0.97138, 1.4165, 0.04365, -1.29926, -1.46526, -0.08827], [-0.89534, 0.66736, 1.37475, 0.19026, -1.19885, -1.41705, -0.33713], [-1.14028, 0.36333, 1.33299, 0.33687, -1.09845, -1.36884, -0.58599], [-1.38522, 0.05931, 1.29124, 0.48348, -0.99805, -1.32063, -0.83485], [-1.63016, -0.24471, 1.24949, 0.63009, -0.89765, -1.27241, -1.08371], [-1.69063, -0.31976, 1.23918, 0.66629, -0.87286, -1.26051, -1.14514], [-1.69251, -0.49051, 1.23701, 1.00516, -1.16749, -1.31056, -1.27434], [-1.69439, -0.66126, 1.23484, 1.34403, -1.46211, -1.36061, -1.40353], [-1.69627, -0.83201, 1.23267, 1.68291, -1.75674, -1.41065, -1.53272], [-1.69815, -1.00276, 1.2305, 2.02178, -2.05137, -1.4607, -1.66192], [-1.70003, -1.17351, 1.22833, 2.36066, -2.346, -1.51075, -1.79111], [-1.70119, -1.279, 1.22699, 2.57002, -2.52803, -1.54167, -1.87093], [-1.77153, -1.34577, 1.26159, 2.31179, -2.8385, -1.54484, -1.59469], [-1.84188, -1.41255, 1.29619, 2.05356, -3.14897, -1.54802, -1.31844], [-1.91222, -1.47932, 1.33079, 1.79532, -3.45944, -1.55119, -1.0422], [-1.98256, -1.5461, 1.3654, 1.53709, -3.76991, -1.55437, -0.76596], [-2.0529, -1.61287, 1.4, 1.27886, -4.08038, -1.55754, -0.48972], [-2.12324, -1.67964, 1.4346, 1.02062, -4.39085, -1.56071, -0.21348]]
end: [-2.15455, -1.70936, 1.45, 0.90569999999999995, -4.52902, -1.56213, -0.090539999999999995]
obtacles: [[[0.6, -0.4, -0.2], [1.0, 0.6, -0.3]], [[0.7, -0.0, -0.2], [1.1, 0.1, 0.5]], [[0.7, 0.6, -0.2], [1.1, 0.7, 0.5]], [[0.7, 0.0, 0.5], [1.1, 0.7, 0.6]]]
start: [-0.61865999999999999, 1.9144399999999999, 1.8500000000000001, 0.96852000000000005, -2.0094799999999999, -1.5478400000000001, -0.29598999999999998]
tajectories: [[-0.61866, 1.91444, 1.85, 0.96852, -2.00948, -1.54784, -0.29599], [-0.78128, 1.54447, 1.69931, 1.03994, -1.84345, -1.49941, -0.12582], [-0.94391, 1.17451, 1.54862, 1.11136, -1.67741, -1.45098, 0.04435], [-1.10654, 0.80454, 1.39793, 1.18277, -1.51138, -1.40255, 0.21451], [-1.26916, 0.43458, 1.24724, 1.25419, -1.34534, -1.35412, 0.38468], [-1.43179, 0.06461, 1.09655, 1.32561, -1.17931, -1.30569, 0.55485], [-1.59442, -0.30535, 0.94586, 1.39703, -1.01327, -1.25726, 0.72502], [-1.75704, -0.67532, 0.79517, 1.46844, -0.84724, -1.20883, 0.89519], [-1.78521, -0.73941, 0.76906, 1.48081, -0.81847, -1.20044, 0.92467], [-1.69608, -0.88797, 0.90398, 1.58626, -1.15402, -0.93936, 1.0242], [-1.60696, -1.03653, 1.03889, 1.69171, -1.48957, -0.67827, 1.12373], [-1.51783, -1.18508, 1.17381, 1.79716, -1.82512, -0.41719, 1.22326], [-1.4287, -1.33364, 1.30872, 1.90261, -2.16067, -0.15611, 1.3228], [-1.33957, -1.4822, 1.44364, 2.00807, -2.49622, 0.10498, 1.42233], [-1.25044, -1.63076, 1.57855, 2.11352, -2.83177, 0.36606, 1.52186], [-1.21587, -1.68837, 1.63088, 2.15441, -2.9619, 0.46732, 1.56046], [-1.41136, -1.7171, 1.58143, 1.96472, -3.16247, 0.16333, 1.36073], [-1.60685, -1.74583, 1.53197, 1.77503, -3.36303, -0.14066, 1.161], [-1.80235, -1.77456, 1.48252, 1.58535, -3.5636, -0.44465, 0.96127], [-1.99784, -1.80329, 1.43307, 1.39566, -3.76417, -0.74864, 0.76154], [-2.19333, -1.83202, 1.38361, 1.20597, -3.96473, -1.05263, 0.56181], [-2.38883, -1.86075, 1.33416, 1.01628, -4.1653, -1.35662, 0.36207]]
end: [-2.52386, -1.8806, 1.3, 0.88526000000000005, -4.3038299999999996, -1.5666, 0.22411]
obtacles: [[[0.6, -0.4, -0.2], [1.0, 0.6, -0.3]], [[0.7, -0.0, -0.2], [1.1, 0.1, 0.5]], [[0.7, 0.6, -0.2], [1.1, 0.7, 0.5]], [[0.7, 0.0, 0.5], [1.1, 0.7, 0.6]]]
start: [-0.71067000000000002, 1.7952600000000001, 1.6000000000000001, 1.6629799999999999, -1.7918700000000001, -1.5219400000000001, -0.94359000000000004]
tajectories: [[-0.71067, 1.79526, 1.6, 1.66298, -1.79187, -1.52194, -0.94359], [-0.77999, 1.53854, 1.64542, 1.77869, -1.9435, -1.34734, -1.27581], [-0.8493, 1.28183, 1.69084, 1.89439, -2.09512, -1.17274, -1.60802], [-0.91862, 1.02511, 1.73626, 2.0101, -2.24674, -0.99815, -1.94024], [-0.98793, 0.76839, 1.78168, 2.1258, -2.39836, -0.82355, -2.27245], [-1.05725, 0.51167, 1.82709, 2.24151, -2.54998, -0.64895, -2.60467], [-1.05759, 0.51041, 1.82732, 2.24208, -2.55073, -0.64809, -2.6063], [-1.30715, 0.15065, 1.7118, 2.31408, -2.5349, -0.83365, -2.53505], [-1.55672, -0.20911, 1.59628, 2.38609, -2.51907, -1.01921, -2.4638], [-1.80628, -0.56887, 1.48076, 2.45809, -2.50324, -1.20477, -2.39256], [-2.05585, -0.92864, 1.36524, 2.5301, -2.48741, -1.39033, -2.32131], [-2.24906, -1.20716, 1.2758, 2.58585, -2.47515, -1.53398, -2.26615], [-2.15956, -1.33483, 1.2381, 2.60211, -2.31296, -1.09327, -2.20723], [-2.07007, -1.46249, 1.2004, 2.61837, -2.15076, -0.65256, -2.1483], [-1.98058, -1.59016, 1.1627, 2.63463, -1.98856, -0.21185, -2.08937], [-1.89109, -1.71782, 1.125, 2.65089, -1.82637, 0.22886, -2.03044], [-1.85826, -1.76465, 1.11117, 2.65686, -1.76687, 0.39052, -2.00882], [-1.99117, -1.74386, 1.23704, 2.35875, -1.67613, 0.72151, -2.10578], [-2.12408, -1.72306, 1.36291, 2.06065, -1.58539, 1.05251, -2.20274], [-2.25699, -1.70226, 1.48877, 1.76255, -1.49465, 1.38351, -2.29969]]
end: [-2.3216399999999999, -1.69215, 1.55, 1.61754, -1.45051, 1.5445199999999999, -2.3468499999999999]
obtacles: [[[0.6, -0.4, -0.2], [1.0, 0.6, -0.3]], [[0.7, -0.0, -0.2], [1.1, 0.1, 0.5]], [[0.7, 0.6, -0.2], [1.1, 0.7, 0.5]], [[0.7, 0.0, 0.5], [1.1, 0.7, 0.6]]]
start: [-0.73938000000000004, 1.3920600000000001, 1.55, 1.2501800000000001, -1.39459, -1.5341800000000001, -0.51217000000000001]
tajectories: [[-0.73938, 1.39206, 1.55, 1.25018, -1.39459, -1.53418, -0.51217], [-0.94578, 1.16977, 1.49013, 1.23642, -1.39245, -1.40034, -0.88136], [-1.15217, 0.94749, 1.43026, 1.22267, -1.39032, -1.26651, -1.25055], [-1.35856, 0.7252, 1.37039, 1.20891, -1.38818, -1.13267, -1.61974], [-1.56496, 0.50291, 1.31052, 1.19516, -1.38604, -0.99884, -1.98892], [-1.57179, 0.49556, 1.30854, 1.19471, -1.38597, -0.99441, -2.00115], [-1.42207, 0.30856, 1.46022, 1.29484, -1.65495, -0.73058, -1.86837], [-1.27235, 0.12156, 1.6119, 1.39498, -1.92393, -0.46676, -1.73559], [-1.12264, -0.06544, 1.76358, 1.49511, -2.1929, -0.20293, -1.60282], [-0.97292, -0.25244, 1.91526, 1.59525, -2.46188, 0.0609, -1.47004], [-0.8232, -0.43944, 2.06694, 1.69538, -2.73085, 0.32472, -1.33726], [-0.77975, -0.49371, 2.11096, 1.72444, -2.80891, 0.40129, -1.29873], [-0.63667, -0.72546, 2.19086, 1.84598, -2.6343, 0.46507, -1.6453], [-0.4936, -0.95721, 2.27076, 1.96752, -2.4597, 0.52886, -1.99186], [-0.35052, -1.18896, 2.35066, 2.08906, -2.28509, 0.59264, -2.33843], [-0.20744, -1.42072, 2.43056, 2.21059, -2.11049, 0.65642, -2.685], [-0.19179, -1.44607, 2.4393, 2.22389, -2.09139, 0.6634, -2.72291], [-0.57959, -1.49386, 2.26652, 2.07895, -1.96641, 0.83788, -2.70279], [-0.96739, -1.54166, 2.09374, 1.934, -1.84143, 1.01236, -2.68266], [-1.35519, -1.58945, 1.92097, 1.78906, -1.71645, 1.18684, -2.66254], [-1.74299, -1.63725, 1.74819, 1.64412, -1.59147, 1.36133, -2.64242], [-2.13078, -1.68504, 1.57541, 1.49918, -1.46649, 1.53581, -2.6223]]
end: [-2.1878199999999999, -1.69207, 1.55, 1.47786, -1.44811, 1.5614699999999999, -2.6193399999999998]
obtacles: [[[0.6, -0.4, -0.2], [1.0, 0.6, -0.3]], [[0.7, -0.0, -0.2], [1.1, 0.1, 0.5]], [[0.7, 0.6, -0.2], [1.1, 0.7, 0.5]], [[0.7, 0.0, 0.5], [1.1, 0.7, 0.6]]]
start: [-0.55001, 1.6138300000000001, 1.6000000000000001, 1.4372400000000001, -1.6173500000000001, -1.5476099999999999, -0.88605999999999996]
tajectories: [[-0.55001, 1.61383, 1.6, 1.43724, -1.61735, -1.54761, -0.88606], [-0.70777, 1.28843, 1.35627, 1.57585, -1.51343, -1.4245, -1.00708], [-0.86553, 0.96302, 1.11253, 1.71446, -1.4095, -1.3014, -1.12811], [-1.0233, 0.63762, 0.8688, 1.85307, -1.30558, -1.17829, -1.24913], [-1.17436, 0.32602, 0.6354, 1.9858, -1.20607, -1.06041, -1.36502], [-1.19831, 0.04409, 0.80599, 1.89708, -1.20199, -0.98581, -1.72194], [-1.22226, -0.23784, 0.97657, 1.80836, -1.19792, -0.91121, -2.07886], [-1.24621, -0.51977, 1.14716, 1.71964, -1.19385, -0.83662, -2.43578], [-1.25873, -0.6672, 1.23636, 1.67325, -1.19172, -0.79761, -2.62242], [-1.42328, -0.85714, 1.2926, 1.63161, -1.23153, -0.37299, -2.63049], [-1.58782, -1.04707, 1.34884, 1.58998, -1.27134, 0.05164, -2.63855], [-1.75236, -1.23701, 1.40508, 1.54835, -1.31116, 0.47626, -2.64662], [-1.9169, -1.42695, 1.46131, 1.50671, -1.35097, 0.90088, -2.65468], [-2.08144, -1.61689, 1.51755, 1.46508, -1.39078, 1.3255, -2.66275]]
end: [-2.1763699999999999, -1.7264699999999999, 1.55, 1.44106, -1.4137500000000001, 1.5704800000000001, -2.6674000000000002]
obtacles: [[[0.6, -0.4, -0.2], [1.0, 0.6, -0.3]], [[0.7, -0.0, -0.2], [1.1, 0.1, 0.5]], [[0.7, 0.6, -0.2], [1.1, 0.7, 0.5]], [[0.7, 0.0, 0.5], [1.1, 0.7, 0.6]]]
start: [-0.63339000000000001, 1.39371, 1.55, 1.2168099999999999, -1.3974500000000001, -1.5289200000000001, -0.58521000000000001]
tajectories: [[-0.63339, 1.39371, 1.55, 1.21681, -1.39745, -1.52892, -0.58521], [-0.87794, 1.16049, 1.51488, 1.39925, -1.43287, -1.22026, -0.51623], [-1.12248, 0.92726, 1.47977, 1.5817, -1.46829, -0.9116, -0.44726], [-1.36702, 0.69403, 1.44465, 1.76415, -1.50372, -0.60294, -0.37829], [-1.61156, 0.4608, 1.40954, 1.94659, -1.53914, -0.29427, -0.30932], [-1.85611, 0.22757, 1.37442, 2.12904, -1.57456, 0.01439, -0.24035], [-2.10065, -0.00565, 1.33931, 2.31149, -1.60998, 0.32305, -0.17138], [-2.30645, -0.20193, 1.30976, 2.46503, -1.6398, 0.5828, -0.11333], [-2.1486, -0.48046, 1.28487, 2.406, -1.77721, 0.84417, 0.12375], [-1.99076, -0.75899, 1.25999, 2.34698, -1.91463, 1.10553, 0.36083], [-1.86957, -0.97286, 1.24088, 2.30165, -2.02015, 1.30622, 0.54287], [-1.92226, -1.10455, 1.2585, 2.05995, -1.89773, 1.34821, 0.9358], [-1.97496, -1.23625, 1.27613, 1.81825, -1.77531, 1.3902, 1.32874], [-2.02766, -1.36794, 1.29375, 1.57654, -1.65289, 1.43219, 1.72167], [-2.08035, -1.49964, 1.31137, 1.33484, -1.53048, 1.47419, 2.11461], [-2.13305, -1.63134, 1.32899, 1.09314, -1.40806, 1.51618, 2.50755], [-2.18575, -1.76303, 1.34662, 0.85143, -1.28564, 1.55817, 2.90048]]
end: [-2.1958700000000002, -1.78833, 1.3500000000000001, 0.80501, -1.26213, 1.5662400000000001, 2.9759600000000002]
obtacles: [[[0.6, -0.4, -0.2], [1.0, 0.6, -0.3]], [[0.7, -0.0, -0.2], [1.1, 0.1, 0.5]], [[0.7, 0.6, -0.2], [1.1, 0.7, 0.5]], [[0.7, 0.0, 0.5], [1.1, 0.7, 0.6]]]
start: [-0.058979999999999998, 1.59213, 1.3500000000000001, -0.69160999999999995, -1.3861000000000001, -1.4472700000000001, 0.73675999999999997]
tajectories: [[-0.05898, 1.59213, 1.35, -0.69161, -1.3861, -1.44727, 0.73676], [-0.10785, 1.32004, 1.44353, -0.55119, -1.29919, -1.33985, 0.38177], [-0.15672, 1.04795, 1.53705, -0.41078, -1.21229, -1.23242, 0.02677], [-0.20559, 0.77586, 1.63058, -0.27036, -1.12538, -1.125, -0.32823], [-0.25447, 0.50377, 1.72411, -0.12995, -1.03847, -1.01758, -0.68322], [-0.30334, 0.23168, 1.81764, 0.01047, -0.95157, -0.91016, -1.03822], [-0.35221, -0.04041, 1.91116, 0.15088, -0.86466, -0.80274, -1.39322], [-0.37552, -0.17017, 1.95577, 0.21784, -0.82322, -0.75151, -1.56251], [-0.48259, -0.3094, 1.68358, 0.28503, -0.82238, -0.37668, -1.56978], [-0.58966, -0.44863, 1.41139, 0.35222, -0.82155, -0.00185, -1.57704], [-0.69674, -0.58787, 1.13921, 0.41941, -0.82071, 0.37298, -1.5843], [-0.76415, -0.67553, 0.96784, 0.46172, -0.82019, 0.60897, -1.58887], [-0.91884, -0.74717, 1.12155, 0.82564, -1.02494, 0.75374, -1.54424], [-1.07353, -0.81881, 1.27526, 1.18956, -1.22969, 0.8985, -1.49962], [-1.22821, -0.89045, 1.42898, 1.55348, -1.43444, 1.04327, -1.45499], [-1.30116, -0.92423, 1.50146, 1.7251, -1.531, 1.11153, -1.43395], [-1.58718, -1.18825, 1.4633, 1.64518, -1.43124, 1.19298, -1.70608], [-1.8732, -1.45227, 1.42514, 1.56525, -1.33148, 1.27443, -1.97822], [-2.15921, -1.71628, 1.38699, 1.48533, -1.23172, 1.35588, -2.25036]]
end: [-2.4364300000000001, -1.97217, 1.3500000000000001, 1.40787, -1.1350199999999999, 1.43482, -2.5141300000000002]
