obtacles: [[[0.6, -0.4, -0.2], [1.0, 0.6, -0.3]], [[0.8, -0.2, -0.2], [1.2, -0.1, 0.3]], [[0.8, 0.2, -0.2], [1.2, 0.3, 0.3]], [[0.8, -0.2, 0.3], [1.2, 0.3, 0.4]]]
start: [-0.68735999999999997, 1.81853, 1.95, 1.0192099999999999, -1.9859100000000001, -1.3927, -0.24646999999999999]
tajectories: [[-0.68736, 1.81853, 1.95, 1.01921, -1.98591, -1.3927, -0.24647], [-0.82618, 1.83938, 1.92846, 0.62327, -2.229, -1.28467, -0.19851], [-0.965, 1.86023, 1.90692, 0.22734, -2.47209, -1.17663, -0.15055], [-1.10382, 1.88108, 1.88538, -0.1686, -2.71518, -1.0686, -0.10259], [-1.24264, 1.90193, 1.86384, -0.56453, -2.95828, -0.96056, -0.05463], [-1.31488, 1.91278, 1.85263, -0.77056, -3.08477, -0.90435, -0.02967], [-1.2948, 1.83695, 1.86384, -0.3482, -3.20853, -0.73165, 0.11245], [-1.27472, 1.76111, 1.87504, 0.07415, -3.33228, -0.55895, 0.25457], [-1.25464, 1.68528, 1.88625, 0.4965, -3.45604, -0.38625, 0.39669], [-1.23457, 1.60944, 1.89745, 0.91886, -3.5798, -0.21355, 0.53881], [-1.21449, 1.53361, 1.90866, 1.34121, -3.70355, -0.04085, 0.68092], [-1.19441, 1.45778, 1.91986, 1.76356, -3.82731, 0.13185, 0.82304], [-1.17433, 1.38194, 1.93106, 2.18591, -3.95107, 0.30455, 0.96516], [-1.15872, 1.32299, 1.93977, 2.51426, -4.04728, 0.43881, 1.07565], [-1.05082, 1.40706, 1.94119, 2.33855, -3.77118, 0.19116, 0.82493], [-0.94292, 1.49113, 1.9426, 2.16284, -3.49509, -0.05648, 0.57422], [-0.83503, 1.57521, 1.94401, 1.98713, -3.21899, -0.30413, 0.32351], [-0.72713, 1.65928, 1.94542, 1.81142, -2.9429, -0.55178, 0.07279], [-0.61923, 1.74335, 1.94683, 1.63571, -2.6668, -0.79942, -0.17792], [-0.51133, 1.82743, 1.94824, 1.46001, -2.3907, -1.04707, -0.42863], [-0.40343, 1.9115, 1.94965, 1.2843, -2.11461, -1.29471, -0.67935]]
end: [-0.37658000000000003, 1.93242, 1.95, 1.24057, -2.0459000000000001, -1.3563499999999999, -0.74173999999999995]
obtacles: [[[0.6, -0.4, -0.2], [1.0, 0.6, -0.3]], [[0.8, -0.2, -0.2], [1.2, -0.1, 0.3]], [[0.8, 0.2, -0.2], [1.2, 0.3, 0.3]], [[0.8, -0.2, 0.3], [1.2, 0.3, 0.4]]]
start: [-0.44616, 1.84697, 2.25, 0.43198999999999999, -2.2956400000000001, -1.56538, 0.11433]
tajectories: [[-0.44616, 1.84697, 2.25, 0.43199, -2.29564, -1.56538, 0.11433], [-0.74975, 1.6967, 2.32648, 0.68549, -2.1012, -1.40661, 0.06824], [-1.05334, 1.54644, 2.40297, 0.93898, -1.90675, -1.24783, 0.02216], [-1.35693, 1.39617, 2.47945, 1.19248, -1.7123, -1.08906, -0.02393], [-1.66052, 1.2459, 2.55594, 1.44597, -1.51785, -0.93029, -0.07002], [-1.7532, 1.20003, 2.57928, 1.52336, -1.45849, -0.88181, -0.08409], [-1.69582, 1.07256, 2.25103, 1.8173, -1.55358, -0.74437, -0.17559], [-1.63844, 0.94509, 1.92278, 2.11124, -1.64867, -0.60693, -0.26709], [-1.58106, 0.81762, 1.59452, 2.40519, -1.74377, -0.46949, -0.35858], [-1.52368, 0.69015, 1.26627, 2.69913, -1.83886, -0.33205, -0.45008], [-1.4663, 0.56267, 0.93801, 2.99308, -1.93396, -0.19461, -0.54158], [-1.45518, 0.53796, 0.87436, 3.05007, -1.9524, -0.16796, -0.55932], [-1.2812, 0.77334, 1.04283, 2.7469, -1.97102, -0.37558, -0.58339], [-1.10723, 1.00873, 1.21129, 2.44373, -1.98963, -0.5832, -0.60746], [-0.93326, 1.24411, 1.37976, 2.14055, -2.00825, -0.79082, -0.63152], [-0.75928, 1.4795, 1.54823, 1.83738, -2.02687, -0.99845, -0.65559], [-0.58531, 1.71488, 1.71669, 1.53421, -2.04549, -1.20607, -0.67965], [-0.41134, 1.95026, 1.88516, 1.23104, -2.06411, -1.41369, -0.70372]]
end: [-0.39600999999999997, 1.9710000000000001, 1.8999999999999999, 1.2043299999999999, -2.06575, -1.43198, -0.70584000000000002]
obtacles: [[[0.6, -0.4, -0.2], [1.0, 0.6, -0.3]], [[0.8, -0.2, -0.2], [1.2, -0.1, 0.3]], [[0.8, 0.2, -0.2], [1.2, 0.3, 0.3]], [[0.8, -0.2, 0.3], [1.2, 0.3, 0.4]]]
start: [-0.62341000000000002, 1.77817, 2.0, 0.51173999999999997, -2.04426, -1.5508900000000001, 0.16181999999999999]
tajectories: [[-0.62341, 1.77817, 2.0, 0.51174, -2.04426, -1.55089, 0.16182], [-0.77741, 1.7508, 1.99833, 0.70121, -2.25464, -1.2335, 0.3731], [-0.93142, 1.72343, 1.99666, 0.89068, -2.46502, -0.91612, 0.58438], [-1.08542, 1.69606, 1.99499, 1.08015, -2.67541, -0.59874, 0.79566], [-1.23943, 1.66869, 1.99332, 1.26961, -2.88579, -0.28135, 1.00694], [-1.39344, 1.64132, 1.99165, 1.45908, -3.09617, 0.03603, 1.21822], [-1.54744, 1.61396, 1.98997, 1.64855, -3.30655, 0.35342, 1.4295], [-1.58711, 1.60691, 1.98954, 1.69735, -3.36073, 0.43515, 1.48391], [-1.46743, 1.60306, 1.93663, 1.84504, -3.23531, 0.46549, 1.043], [-1.34775, 1.59922, 1.88372, 1.99273, -3.10989, 0.49583, 0.60209], [-1.22808, 1.59538, 1.83081, 2.14042, -2.98447, 0.52617, 0.16118], [-1.1084, 1.59153, 1.7779, 2.2881, -2.85905, 0.55651, -0.27973], [-0.98873, 1.58769, 1.72498, 2.43579, -2.73363, 0.58685, -0.72064], [-0.86905, 1.58384, 1.67207, 2.58348, -2.60821, 0.61718, -1.16154], [-0.78404, 1.58111, 1.63449, 2.68839, -2.51912, 0.63873, -1.47474], [-0.69983, 1.62521, 1.70101, 2.40369, -2.42405, 0.28361, -1.33214], [-0.61562, 1.66931, 1.76753, 2.11899, -2.32898, -0.07152, -1.18955], [-0.53141, 1.71341, 1.83406, 1.8343, -2.2339, -0.42664, -1.04696], [-0.4472, 1.75751, 1.90058, 1.5496, -2.13883, -0.78177, -0.90437], [-0.36299, 1.80161, 1.96711, 1.2649, -2.04376, -1.13689, -0.76178]]
end: [-0.32135000000000002, 1.82342, 2.0, 1.12412, -1.99675, -1.3125, -0.69127000000000005]
