obtacles: [[[0.6, -0.4, -0.2], [1.0, 0.6, -0.3]], [[0.8, -0.3, -0.2], [1.0, -0.2, 0.4]], [[0.8, 0.2, -0.2], [1.0, 0.3, 0.4]], [[0.8, -0.3, 0.4], [1.0, 0.3, 0.5]]]
start: [-0.63375999999999999, 1.64411, 0.0, -0.48447000000000001, -0.0, -1.15964, 0.63375999999999999]
tajectories: [[-0.63376, 1.64411, 0.0, -0.48447, -0.0, -1.15964, 0.63376], [-0.83563, 1.47265, 0.25489, -0.30296, -0.27371, -1.21156, 0.56798], [-1.03749, 1.30119, 0.50979, -0.12146, -0.54741, -1.26349, 0.5022], [-1.23936, 1.12973, 0.76468, 0.06004, -0.82112, -1.31541, 0.43641], [-1.27625, 1.09841, 0.81126, 0.0932, -0.87113, -1.3249, 0.42439], [-1.41508, 1.04726, 0.98209, 0.53683, -0.90993, -1.30016, 0.42496], [-1.55392, 0.99612, 1.15292, 0.98046, -0.94873, -1.27542, 0.42552], [-1.69275, 0.94497, 1.32376, 1.42409, -0.98753, -1.25067, 0.42608], [-1.73587, 0.92909, 1.37681, 1.56186, -0.99957, -1.24299, 0.42626], [-1.44395, 1.0349, 1.26897, 1.88058, -1.12295, -1.31663, 0.28579], [-1.15204, 1.1407, 1.16114, 2.19931, -1.24633, -1.39027, 0.14532], [-0.86012, 1.2465, 1.0533, 2.51803, -1.36971, -1.46391, 0.00485], [-0.58255, 1.34711, 0.95077, 2.82109, -1.48703, -1.53393, -0.12871], [-0.61451, 1.51159, 1.13914, 2.4362, -1.61587, -1.54248, -0.27578], [-0.64646, 1.67608, 1.3275, 2.05131, -1.7447, -1.55103, -0.42285], [-0.67842, 1.84057, 1.51587, 1.66642, -1.87354, -1.55957, -0.56992]]
end: [-0.70116999999999996, 1.9576899999999999, 1.6499999999999999, 1.39236, -1.9652799999999999, -1.5656600000000001, -0.67464000000000002]
obtacles: [[[0.6, -0.4, -0.2], [1.0, 0.6, -0.3]], [[0.8, -0.3, -0.2], [1.0, -0.2, 0.4]], [[0.8, 0.2, -0.2], [1.0, 0.3, 0.4]], [[0.8, -0.3, 0.4], [1.0, 0.3, 0.5]]]
start: [-0.77600999999999998, 1.6151899999999999, 1.8, 0.95621, -1.7409300000000001, -1.41025, -0.16137000000000001]
tajectories: [[-0.77601, 1.61519, 1.8, 0.95621, -1.74093, -1.41025, -0.16137], [-1.01214, 1.43684, 1.835, 0.96045, -1.50057, -1.29609, -0.46202], [-1.24826, 1.25849, 1.86999, 0.96469, -1.26022, -1.18193, -0.76267], [-1.37394, 1.16357, 1.88862, 0.96695, -1.1323, -1.12117, -0.92269], [-1.32741, 1.06169, 2.09148, 1.16055, -1.29366, -0.97126, -1.25482], [-1.28088, 0.95982, 2.29434, 1.35415, -1.45502, -0.82136, -1.58696], [-1.25322, 0.89925, 2.41494, 1.46924, -1.55095, -0.73224, -1.78441], [-1.2406, 1.16059, 2.25395, 1.66616, -1.84589, -0.71318, -1.61267], [-1.22797, 1.42192, 2.09296, 1.86307, -2.14084, -0.69412, -1.44093], [-1.21862, 1.61559, 1.97365, 2.009, -2.35941, -0.67999, -1.31366], [-0.92277, 1.70305, 1.90047, 1.88312, -2.12222, -0.9478, -1.23852], [-0.62693, 1.7905, 1.82729, 1.75723, -1.88502, -1.2156, -1.16338]]
end: [-0.51663000000000003, 1.8230999999999999, 1.8, 1.7102999999999999, -1.7965899999999999, -1.31545, -1.13537]
obtacles: [[[0.6, -0.4, -0.2], [1.0, 0.6, -0.3]], [[0.8, -0.3, -0.2], [1.0, -0.2, 0.4]], [[0.8, 0.2, -0.2], [1.0, 0.3, 0.4]], [[0.8, -0.3, 0.4], [1.0, 0.3, 0.5]]]
start: [-0.98516999999999999, 1.63964, 1.8, 1.24248, -1.7121, -1.37721, -0.23563999999999999]
tajectories: [[-0.98517, 1.63964, 1.8, 1.24248, -1.7121, -1.37721, -0.23564], [-1.06536, 1.64356, 1.80302, 1.51708, -1.30847, -1.37962, -0.1634], [-1.14555, 1.64749, 1.80605, 1.79169, -0.90485, -1.38203, -0.09116], [-1.22575, 1.65141, 1.80907, 2.06629, -0.50122, -1.38444, -0.01892], [-1.30594, 1.65533, 1.81209, 2.3409, -0.0976, -1.38684, 0.05332], [-1.38613, 1.65926, 1.81512, 2.6155, 0.30602, -1.38925, 0.12556], [-1.46633, 1.66318, 1.81814, 2.89011, 0.70965, -1.39166, 0.1978], [-1.52571, 1.66609, 1.82038, 3.09345, 1.00852, -1.39344, 0.25129], [-1.36169, 1.67204, 1.81765, 2.85221, 0.63616, -1.39321, 0.0894], [-1.19767, 1.678, 1.81492, 2.61097, 0.2638, -1.39299, -0.07249], [-1.03365, 1.68395, 1.81219, 2.36973, -0.10855, -1.39276, -0.23438], [-0.86963, 1.68991, 1.80946, 2.12849, -0.48091, -1.39253, -0.39627], [-0.70562, 1.69586, 1.80673, 1.88725, -0.85327, -1.3923, -0.55816], [-0.5416, 1.70181, 1.804, 1.64601, -1.22563, -1.39207, -0.72005], [-0.37758, 1.70777, 1.80127, 1.40477, -1.59798, -1.39185, -0.88194]]
end: [-0.30136000000000002, 1.7105300000000001, 1.8, 1.29267, -1.77101, -1.39174, -0.95716999999999997]
obtacles: [[[0.6, -0.4, -0.2], [1.0, 0.6, -0.3]], [[0.8, -0.3, -0.2], [1.0, -0.2, 0.4]], [[0.8, 0.2, -0.2], [1.0, 0.3, 0.4]], [[0.8, -0.3, 0.4], [1.0, 0.3, 0.5]]]
start: [-0.81011999999999995, 1.7706599999999999, 1.8, 0.84033000000000002, -1.87195, -1.53739, -0.0020699999999999998]
tajectories: [[-0.81012, 1.77066, 1.8, 0.84033, -1.87195, -1.53739, -0.00207], [-1.04935, 1.70056, 1.86009, 0.83232, -1.87058, -1.19077, -0.25512], [-1.28858, 1.63046, 1.92018, 0.82431, -1.8692, -0.84416, -0.50817], [-1.52781, 1.56036, 1.98027, 0.8163, -1.86783, -0.49754, -0.76122], [-1.76043, 1.4922, 2.0387, 0.80851, -1.86649, -0.16051, -1.00727], [-1.46741, 1.38591, 1.98394, 0.70591, -2.19833, -0.09341, -1.16443], [-1.17438, 1.27962, 1.92918, 0.60331, -2.53016, -0.02632, -1.32158], [-0.88136, 1.17333, 1.87441, 0.50072, -2.862, 0.04078, -1.47873], [-0.72157, 1.11537, 1.84455, 0.44477, -3.04295, 0.07736, -1.56443], [-0.48007, 0.90815, 1.97814, 0.75481, -2.8969, -0.03838, -1.55753], [-0.23858, 0.70094, 2.11173, 1.06485, -2.75085, -0.15412, -1.55064], [0.00291, 0.49373, 2.24532, 1.37489, -2.60481, -0.26985, -1.54374], [0.24441, 0.28651, 2.37891, 1.68493, -2.45876, -0.38559, -1.53684], [0.4859, 0.0793, 2.5125, 1.99497, -2.31272, -0.50133, -1.52995], [0.7274, -0.12791, 2.64609, 2.30501, -2.16667, -0.61707, -1.52305], [0.86945, -0.2498, 2.72467, 2.48738, -2.08076, -0.68516, -1.51899], [0.62435, 0.00255, 2.53925, 2.349, -2.22973, -0.75586, -1.73237], [0.37926, 0.25489, 2.35382, 2.21062, -2.3787, -0.82657, -1.94574], [0.13417, 0.50724, 2.1684, 2.07224, -2.52767, -0.89727, -2.15911], [-0.11093, 0.75958, 1.98297, 1.93386, -2.67664, -0.96798, -2.37248], [-0.35602, 1.01193, 1.79755, 1.79548, -2.82561, -1.03868, -2.58585], [-0.60112, 1.26428, 1.61212, 1.6571, -2.97458, -1.10939, -2.79922], [-0.7214, 1.38812, 1.52112, 1.58918, -3.04769, -1.14409, -2.90394], [-0.66952, 1.4877, 1.57796, 1.54524, -2.81777, -1.19966, -2.48409], [-0.61765, 1.58729, 1.63481, 1.50131, -2.58784, -1.25523, -2.06423], [-0.56577, 1.68687, 1.69165, 1.45737, -2.35792, -1.3108, -1.64438], [-0.51389, 1.78645, 1.74849, 1.41343, -2.12799, -1.36637, -1.22453]]
end: [-0.46688000000000002, 1.87669, 1.8, 1.37361, -1.9196299999999999, -1.41673, -0.84404999999999997]
obtacles: [[[0.6, -0.4, -0.2], [1.0, 0.6, -0.3]], [[0.8, -0.3, -0.2], [1.0, -0.2, 0.4]], [[0.8, 0.2, -0.2], [1.0, 0.3, 0.4]], [[0.8, -0.3, 0.4], [1.0, 0.3, 0.5]]]
start: [-0.66339000000000004, 1.5786500000000001, 1.8, 0.35893999999999998, -1.7885599999999999, -1.4982800000000001, 0.31329000000000001]
tajectories: [[-0.66339, 1.57865, 1.8, 0.35894, -1.78856, -1.49828, 0.31329], [-0.82792, 1.47565, 1.9525, 0.65211, -1.86523, -1.50774, 0.00161], [-0.99245, 1.37265, 2.10501, 0.94529, -1.94191, -1.51719, -0.31006], [-1.15698, 1.26965, 2.25751, 1.23847, -2.01859, -1.52665, -0.62174], [-1.32151, 1.16665, 2.41001, 1.53165, -2.09526, -1.53611, -0.93342], [-1.48604, 1.06364, 2.56251, 1.82483, -2.17194, -1.54557, -1.24509], [-1.55158, 1.02261, 2.62326, 1.94161, -2.20248, -1.54933, -1.36924], [-1.28772, 1.16123, 2.63775, 1.92446, -2.51762, -1.35848, -1.5271], [-1.02386, 1.29984, 2.65224, 1.90731, -2.83277, -1.16762, -1.68496], [-0.76, 1.43846, 2.66673, 1.89016, -3.14791, -0.97676, -1.84281], [-0.49614, 1.57708, 2.68123, 1.87301, -3.46305, -0.7859, -2.00067], [-0.23229, 1.71569, 2.69572, 1.85587, -3.7782, -0.59504, -2.15852], [-0.17636, 1.74507, 2.69879, 1.85223, -3.84499, -0.55459, -2.19198], [-0.19461, 1.78146, 2.56038, 1.69131, -3.53765, -0.72842, -1.9116], [-0.21286, 1.81786, 2.42196, 1.53038, -3.2303, -0.90226, -1.63123], [-0.2311, 1.85426, 2.28355, 1.36946, -2.92296, -1.07609, -1.35086], [-0.24935, 1.89065, 2.14514, 1.20853, -2.61562, -1.24992, -1.07048], [-0.2676, 1.92705, 2.00673, 1.04761, -2.30827, -1.42376, -0.79011]]
end: [-0.28166999999999998, 1.9551099999999999, 1.8999999999999999, 0.92352000000000001, -2.0712899999999999, -1.55779, -0.57391999999999999]
obtacles: [[[0.6, -0.4, -0.2], [1.0, 0.6, -0.3]], [[0.8, -0.3, -0.2], [1.0, -0.2, 0.4]], [[0.8, 0.2, -0.2], [1.0, 0.3, 0.4]], [[0.8, -0.3, 0.4], [1.0, 0.3, 0.5]]]
start: [-0.78747, 1.6269100000000001, 1.8999999999999999, 0.69643999999999995, -1.8624000000000001, -1.40602, 0.12461]
tajectories: [[-0.78747, 1.62691, 1.9, 0.69644, -1.8624, -1.40602, 0.12461], [-0.89944, 1.3244, 1.98166, 0.7143, -1.8337, -1.42805, -0.24641], [-1.0114, 1.02189, 2.06333, 0.73217, -1.805, -1.45008, -0.61743], [-1.12337, 0.71938, 2.14499, 0.75003, -1.7763, -1.47211, -0.98844], [-1.23533, 0.41687, 2.22665, 0.76789, -1.7476, -1.49415, -1.35946], [-1.2695, 0.32456, 2.25157, 0.77334, -1.73884, -1.50087, -1.47267], [-1.22688, 0.31747, 2.23816, 1.25287, -1.67312, -1.41996, -1.55718], [-1.18427, 0.31037, 2.22474, 1.7324, -1.6074, -1.33905, -1.64169], [-1.14166, 0.30327, 2.21133, 2.21192, -1.54168, -1.25814, -1.72621], [-1.09904, 0.29617, 2.19792, 2.69145, -1.47596, -1.17724, -1.81072], [-1.09428, 0.29538, 2.19642, 2.745, -1.46862, -1.1682, -1.82016], [-0.99749, 0.66786, 2.13024, 2.5223, -1.57075, -1.17555, -1.62668], [-0.9007, 1.04034, 2.06405, 2.2996, -1.67287, -1.18289, -1.43321], [-0.8039, 1.41281, 1.99787, 2.0769, -1.775, -1.19024, -1.23973], [-0.70711, 1.78529, 1.93169, 1.8542, -1.87713, -1.19758, -1.04626]]
end: [-0.66076999999999997, 1.9636199999999999, 1.8999999999999999, 1.7475799999999999, -1.9260200000000001, -1.2011000000000001, -0.95362999999999998]
obtacles: [[[0.6, -0.4, -0.2], [1.0, 0.6, -0.3]], [[0.8, -0.3, -0.2], [1.0, -0.2, 0.4]], [[0.8, 0.2, -0.2], [1.0, 0.3, 0.4]], [[0.8, -0.3, 0.4], [1.0, 0.3, 0.5]]]
start: [-0.94691000000000003, 1.5715399999999999, 1.8999999999999999, 0.72175, -1.8223199999999999, -1.3561099999999999, 0.25252999999999998]
tajectories: [[-0.94691, 1.57154, 1.9, 0.72175, -1.82232, -1.35611, 0.25253], [-0.98993, 1.49467, 1.94579, 0.79958, -1.605, -1.37749, -0.17921], [-1.03296, 1.41781, 1.99158, 0.87741, -1.38768, -1.39888, -0.61096], [-1.07598, 1.34095, 2.03738, 0.95524, -1.17036, -1.42026, -1.0427], [-1.119, 1.26409, 2.08317, 1.03306, -0.95304, -1.44164, -1.47444], [-1.1495, 1.20959, 2.11563, 1.08824, -0.79897, -1.4568, -1.78052], [-1.14794, 1.129, 1.85385, 1.38255, -0.68314, -1.18311, -1.78566], [-1.14638, 1.0484, 1.59207, 1.67686, -0.5673, -0.90941, -1.7908], [-1.14482, 0.96781, 1.33029, 1.97117, -0.45147, -0.63571, -1.79594], [-1.14325, 0.88721, 1.06851, 2.26548, -0.33563, -0.36202, -1.80108], [-1.14243, 0.84442, 0.92953, 2.42173, -0.27414, -0.21672, -1.8038], [-1.04288, 1.02237, 1.08968, 2.24191, -0.55897, -0.40469, -1.61947], [-0.94334, 1.20032, 1.24983, 2.0621, -0.84381, -0.59266, -1.43514], [-0.84379, 1.37827, 1.40998, 1.88229, -1.12864, -0.78063, -1.2508], [-0.74425, 1.55622, 1.57013, 1.70248, -1.41348, -0.96861, -1.06647], [-0.6447, 1.73417, 1.73028, 1.52266, -1.69832, -1.15658, -0.88213], [-0.54516, 1.91212, 1.89043, 1.34285, -1.98315, -1.34455, -0.6978]]
end: [-0.53920999999999997, 1.92276, 1.8999999999999999, 1.3321099999999999, -2.0001699999999998, -1.35578, -0.68679000000000001]
obtacles: [[[0.6, -0.4, -0.2], [1.0, 0.6, -0.3]], [[0.8, -0.3, -0.2], [1.0, -0.2, 0.4]], [[0.8, 0.2, -0.2], [1.0, 0.3, 0.4]], [[0.8, -0.3, 0.4], [1.0, 0.3, 0.5]]]
start: [-0.65756000000000003, 1.9234, 2.2999999999999998, 0.51058999999999999, -2.3664299999999998, -1.56653, 0.28455000000000003]
tajectories: [[-0.65756, 1.9234, 2.3, 0.51059, -2.36643, -1.56653, 0.28455], [-0.7914, 1.83972, 2.25809, 0.82127, -2.08298, -1.35746, 0.33705], [-0.92524, 1.75604, 2.21617, 1.13195, -1.79954, -1.1484, 0.38956], [-1.05908, 1.67236, 2.17426, 1.44263, -1.51609, -0.93933, 0.44207], [-1.19292, 1.58869, 2.13234, 1.75331, -1.23265, -0.73027, 0.49458], [-1.32676, 1.50501, 2.09043, 2.06399, -0.9492, -0.5212, 0.54708], [-1.4606, 1.42133, 2.04851, 2.37466, -0.66576, -0.31214, 0.59959], [-1.4932, 1.40094, 2.0383, 2.45035, -0.59671, -0.26121, 0.61238], [-1.30721, 1.50307, 2.01344, 2.27261, -0.85214, -0.45046, 0.34459], [-1.12122, 1.6052, 1.98858, 2.09488, -1.10757, -0.63971, 0.07681], [-0.93524, 1.70733, 1.96372, 1.91715, -1.363, -0.82896, -0.19098], [-0.74925, 1.80947, 1.93886, 1.73941, -1.61843, -1.01821, -0.45876], [-0.56326, 1.9116, 1.914, 1.56168, -1.87386, -1.20746, -0.72655]]
end: [-0.45849000000000001, 1.96913, 1.8999999999999999, 1.46156, -2.0177499999999999, -1.3140700000000001, -0.87739]
obtacles: [[[0.6, -0.4, -0.2], [1.0, 0.6, -0.3]], [[0.8, -0.3, -0.2], [1.0, -0.2, 0.4]], [[0.8, 0.2, -0.2], [1.0, 0.3, 0.4]], [[0.8, -0.3, 0.4], [1.0, 0.3, 0.5]]]
start: [-0.86558000000000002, 1.56714, 1.8999999999999999, 0.65739000000000003, -1.8327100000000001, -1.3689899999999999, 0.23425000000000001]
tajectories: [[-0.86558, 1.56714, 1.9, 0.65739, -1.83271, -1.36899, 0.23425], [-1.03528, 1.59099, 1.85916, 0.98206, -1.62596, -1.21874, 0.45389], [-1.20497, 1.61484, 1.81832, 1.30672, -1.41921, -1.0685, 0.67352], [-1.37466, 1.63869, 1.77748, 1.63138, -1.21245, -0.91825, 0.89316], [-1.54436, 1.66254, 1.73664, 1.95605, -1.0057, -0.76801, 1.1128], [-1.70352, 1.68491, 1.69834, 2.26056, -0.81178, -0.62709, 1.3188], [-1.4293, 1.54832, 1.48241, 2.32442, -1.0535, -0.73531, 1.13091], [-1.15508, 1.41173, 1.26649, 2.38829, -1.29523, -0.84352, 0.94302], [-0.88086, 1.27514, 1.05056, 2.45216, -1.53695, -0.95173, 0.75513], [-0.60663, 1.13855, 0.83463, 2.51602, -1.77867, -1.05995, 0.56724], [-0.33241, 1.00196, 0.61871, 2.57989, -2.02039, -1.16816, 0.37935], [-0.32854, 1.00003, 0.61566, 2.58079, -2.02381, -1.16969, 0.3767], [-0.41135, 1.221, 0.85155, 2.32125, -2.01284, -1.25596, 0.12422], [-0.49416, 1.44196, 1.08743, 2.0617, -2.00188, -1.34223, -0.12826], [-0.57697, 1.66293, 1.32332, 1.80216, -1.99091, -1.42851, -0.38074], [-0.65978, 1.8839, 1.55921, 1.54261, -1.97995, -1.51478, -0.63322]]
end: [-0.69164999999999999, 1.96895, 1.6499999999999999, 1.44272, -1.97573, -1.5479799999999999, -0.73038999999999998]
obtacles: [[[0.6, -0.4, -0.2], [1.0, 0.6, -0.3]], [[0.8, -0.3, -0.2], [1.0, -0.2, 0.4]], [[0.8, 0.2, -0.2], [1.0, 0.3, 0.4]], [[0.8, -0.3, 0.4], [1.0, 0.3, 0.5]]]
start: [-0.58748999999999996, 1.84728, 2.5, 0.34581000000000001, -2.52807, -1.56637, 0.38322000000000001]
tajectories: [[-0.58749, 1.84728, 2.5, 0.34581, -2.52807, -1.56637, 0.38322], [-0.78909, 1.64815, 2.54397, 0.67257, -2.54429, -1.51524, 0.14213], [-0.99069, 1.44902, 2.58795, 0.99932, -2.56051, -1.46411, -0.09896], [-1.19229, 1.24989, 2.63192, 1.32608, -2.57673, -1.41298, -0.34005], [-1.39389, 1.05076, 2.67589, 1.65284, -2.59295, -1.36185, -0.58114], [-1.4098, 1.03504, 2.67936, 1.67862, -2.59423, -1.35781, -0.60016], [-1.28874, 1.10516, 2.29569, 1.87977, -2.58538, -1.15182, -0.61588], [-1.16768, 1.17529, 1.91201, 2.08091, -2.57653, -0.94582, -0.63161], [-1.04661, 1.24541, 1.52834, 2.28206, -2.56767, -0.73983, -0.64734], [-0.92555, 1.31553, 1.14466, 2.48321, -2.55882, -0.53383, -0.66306], [-0.84048, 1.3648, 0.87507, 2.62455, -2.5526, -0.38909, -0.67411], [-0.78211, 1.51074, 1.19144, 2.3399, -2.43165, -0.56065, -0.66341], [-0.72373, 1.65667, 1.50782, 2.05525, -2.31069, -0.73221, -0.6527], [-0.66536, 1.80261, 1.82419, 1.7706, -2.18974, -0.90378, -0.642], [-0.60698, 1.94854, 2.14056, 1.48595, -2.06878, -1.07534, -0.63129]]
end: [-0.60524, 1.95289, 2.1499999999999999, 1.47746, -2.0651799999999998, -1.08046, -0.63097000000000003]
obtacles: [[[0.6, -0.4, -0.2], [1.0, 0.6, -0.3]], [[0.8, -0.3, -0.2], [1.0, -0.2, 0.4]], [[0.8, 0.2, -0.2], [1.0, 0.3, 0.4]], [[0.8, -0.3, 0.4], [1.0, 0.3, 0.5]]]
start: [-0.65703, 1.8043800000000001, 2.1499999999999999, 0.59160000000000001, -2.18248, -1.46577, 0.16850999999999999]
tajectories: [[-0.65703, 1.80438, 2.15, 0.5916, -2.18248, -1.46577, 0.16851], [-0.87726, 1.6618, 1.86892, 0.87412, -2.2292, -1.42418, 0.3043], [-1.09749, 1.51923, 1.58785, 1.15663, -2.27593, -1.38258, 0.44008], [-1.31772, 1.37666, 1.30677, 1.43915, -2.32266, -1.34099, 0.57587], [-1.53795, 1.23408, 1.02569, 1.72167, -2.36938, -1.2994, 0.71165], [-1.75818, 1.09151, 0.74461, 2.00419, -2.41611, -1.25781, 0.84743], [-1.97841, 0.94893, 0.46354, 2.2867, -2.46283, -1.21622, 0.98322], [-1.98565, 0.94425, 0.4543, 2.29598, -2.46437, -1.21486, 0.98768], [-1.62815, 1.04706, 0.75964, 2.21839, -2.54228, -1.18759, 0.91313], [-1.27064, 1.14986, 1.06498, 2.14079, -2.62019, -1.16032, 0.83858], [-0.91314, 1.25267, 1.37032, 2.0632, -2.69809, -1.13305, 0.76403], [-0.55564, 1.35548, 1.67565, 1.9856, -2.776, -1.10578, 0.68948], [-0.19814, 1.45829, 1.98099, 1.90801, -2.85391, -1.07852, 0.61493], [-0.04876, 1.50125, 2.10858, 1.87558, -2.88646, -1.06712, 0.58378], [-0.22978, 1.61482, 2.01755, 1.82252, -2.64559, -1.14382, 0.22416], [-0.41081, 1.72839, 1.92652, 1.76946, -2.40472, -1.22052, -0.13546], [-0.59183, 1.84197, 1.83549, 1.71639, -2.16384, -1.29721, -0.49508]]
end: [-0.76185000000000003, 1.9486399999999999, 1.75, 1.66655, -1.9376100000000001, -1.3692500000000001, -0.83284000000000002]
obtacles: [[[0.6, -0.4, -0.2], [1.0, 0.6, -0.3]], [[0.8, -0.3, -0.2], [1.0, -0.2, 0.4]], [[0.8, 0.2, -0.2], [1.0, 0.3, 0.4]], [[0.8, -0.3, 0.4], [1.0, 0.3, 0.5]]]
start: [-0.87951000000000001, 1.92716, 2.0, 0.76105999999999996, -2.1212599999999999, -1.55444, 0.20154]
tajectories: [[-0.87951, 1.92716, 2.0, 0.76106, -2.12126, -1.55444, 0.20154], [-1.0788, 1.86233, 1.98363, 1.07968, -2.40258, -1.39988, 0.23707], [-1.27809, 1.7975, 1.96726, 1.3983, -2.6839, -1.24533, 0.2726], [-1.47738, 1.73267, 1.95089, 1.71693, -2.96523, -1.09078, 0.30814], [-1.67667, 1.66783, 1.93452, 2.03555, -3.24655, -0.93623, 0.34367], [-1.80467, 1.6262, 1.92401, 2.24019, -3.42723, -0.83696, 0.36649], [-1.53823, 1.69151, 1.89114, 2.06796, -3.15828, -0.96319, 0.13041], [-1.27179, 1.75682, 1.85827, 1.89572, -2.88934, -1.08942, -0.10567], [-1.00535, 1.82214, 1.82539, 1.72348, -2.62039, -1.21564, -0.34175], [-0.73891, 1.88745, 1.79252, 1.55125, -2.35145, -1.34187, -0.57783], [-0.47248, 1.95276, 1.75965, 1.37901, -2.0825, -1.46809, -0.81392]]
end: [-0.39423000000000002, 1.97194, 1.75, 1.3284400000000001, -2.00352, -1.5051600000000001, -0.88324000000000003]
obtacles: [[[0.6, -0.4, -0.2], [1.0, 0.6, -0.3]], [[0.8, -0.3, -0.2], [1.0, -0.2, 0.4]], [[0.8, 0.2, -0.2], [1.0, 0.3, 0.4]], [[0.8, -0.3, 0.4], [1.0, 0.3, 0.5]]]
start: [-0.91564000000000001, 1.88601, 1.95, 0.74570000000000003, -2.0588600000000001, -1.55976, 0.23366999999999999]
tajectories: [[-0.91564, 1.88601, 1.95, 0.7457, -2.05886, -1.55976, 0.23367], [-0.95443, 1.80478, 2.08755, 1.04323, -2.38756, -1.46496, 0.36564], [-0.99322, 1.72355, 2.22511, 1.34077, -2.71627, -1.37017, 0.49762], [-1.032, 1.64232, 2.36266, 1.6383, -3.04498, -1.27538, 0.62959], [-1.03666, 1.63256, 2.37918, 1.67404, -3.08446, -1.26399, 0.64544], [-0.79586, 1.66204, 2.14414, 1.78834, -2.918, -1.17229, 0.35095], [-0.55505, 1.69152, 1.90911, 1.90264, -2.75155, -1.08059, 0.05647], [-0.31425, 1.721, 1.67407, 2.01694, -2.5851, -0.98889, -0.23802], [-0.29874, 1.7229, 1.65893, 2.02431, -2.57438, -0.98299, -0.25698], [-0.46271, 1.82492, 1.74594, 1.80268, -2.29848, -1.13842, -0.49308], [-0.62668, 1.92694, 1.83295, 1.58106, -2.02259, -1.29385, -0.72917]]
end: [-0.65881000000000001, 1.94693, 1.8500000000000001, 1.5376399999999999, -1.9685299999999999, -1.3243, -0.77542999999999995]
obtacles: [[[0.6, -0.4, -0.2], [1.0, 0.6, -0.3]], [[0.8, -0.3, -0.2], [1.0, -0.2, 0.4]], [[0.8, 0.2, -0.2], [1.0, 0.3, 0.4]], [[0.8, -0.3, 0.4], [1.0, 0.3, 0.5]]]
start: [-0.85750000000000004, 1.5667599999999999, 1.8500000000000001, 0.48327999999999999, -1.8175699999999999, -1.4387799999999999, 0.39004]
tajectories: [[-0.8575, 1.56676, 1.85, 0.48328, -1.81757, -1.43878, 0.39004], [-1.1578, 1.62941, 1.90585, 0.5259, -1.95203, -1.10458, 0.24448], [-1.45811, 1.69207, 1.96169, 0.56852, -2.0865, -0.77038, 0.09892], [-1.75841, 1.75472, 2.01754, 0.61114, -2.22096, -0.43619, -0.04664], [-2.05872, 1.81737, 2.07338, 0.65376, -2.35543, -0.10199, -0.1922], [-2.35902, 1.88003, 2.12923, 0.69638, -2.48989, 0.2322, -0.33777], [-2.40807, 1.89026, 2.13835, 0.70334, -2.51186, 0.28679, -0.36154], [-2.26679, 1.86958, 2.00029, 0.93709, -2.81782, 0.03752, -0.37438], [-2.12552, 1.84889, 1.86223, 1.17083, -3.12379, -0.21174, -0.38721], [-1.98424, 1.82821, 1.72417, 1.40458, -3.42976, -0.46101, -0.40005], [-1.84296, 1.80752, 1.58611, 1.63832, -3.73572, -0.71028, -0.41289], [-1.70168, 1.78684, 1.44805, 1.87207, -4.04169, -0.95954, -0.42573], [-1.5604, 1.76615, 1.30999, 2.10582, -4.34766, -1.20881, -0.43856], [-1.41912, 1.74547, 1.17193, 2.33956, -4.65363, -1.45808, -0.4514], [-1.39954, 1.7426, 1.15279, 2.37196, -4.69604, -1.49263, -0.45318], [-1.21707, 1.74752, 1.25001, 2.13366, -4.3085, -1.50298, -0.46558], [-1.03461, 1.75244, 1.34723, 1.89536, -3.92096, -1.51333, -0.47797], [-0.85215, 1.75735, 1.44445, 1.65706, -3.53343, -1.52368, -0.49037], [-0.66969, 1.76227, 1.54166, 1.41877, -3.14589, -1.53403, -0.50277], [-0.48723, 1.76719, 1.63888, 1.18047, -2.75835, -1.54438, -0.51517], [-0.30477, 1.77211, 1.7361, 0.94217, -2.37081, -1.55472, -0.52757], [-0.12231, 1.77703, 1.83332, 0.70387, -1.98328, -1.56507, -0.53996]]
end: [-0.090990000000000001, 1.7778700000000001, 1.8500000000000001, 0.66296999999999995, -1.9167700000000001, -1.5668500000000001, -0.54208999999999996]
obtacles: [[[0.6, -0.4, -0.2], [1.0, 0.6, -0.3]], [[0.8, -0.3, -0.2], [1.0, -0.2, 0.4]], [[0.8, 0.2, -0.2], [1.0, 0.3, 0.4]], [[0.8, -0.3, 0.4], [1.0, 0.3, 0.5]]]
start: [-0.90693000000000001, 1.8446199999999999, 1.8500000000000001, 1.2894600000000001, -1.91662, -1.3899999999999999, -0.31214999999999998]
tajectories: [[-0.90693, 1.84462, 1.85, 1.28946, -1.91662, -1.39, -0.31215], [-1.11627, 1.58977, 1.89993, 1.47744, -2.17526, -1.21615, -0.39139], [-1.32562, 1.33491, 1.94987, 1.66542, -2.4339, -1.0423, -0.47063], [-1.53496, 1.08006, 1.9998, 1.8534, -2.69253, -0.86845, -0.54987], [-1.62773, 0.96712, 2.02193, 1.9367, -2.80715, -0.79141, -0.58498], [-1.54133, 1.15808, 2.1157, 1.91139, -3.08915, -0.79304, -0.24276], [-1.45494, 1.34904, 2.20946, 1.88607, -3.37115, -0.79468, 0.09945], [-1.36854, 1.54, 2.30323, 1.86075, -3.65315, -0.79631, 0.44167], [-1.36584, 1.54599, 2.30617, 1.85996, -3.66198, -0.79636, 0.45238], [-1.18254, 1.59412, 2.22054, 1.78362, -3.32022, -0.89634, 0.18011], [-0.99925, 1.64224, 2.13492, 1.70728, -2.97846, -0.99631, -0.09217], [-0.81596, 1.69037, 2.04929, 1.63094, -2.6367, -1.09629, -0.36445], [-0.63267, 1.7385, 1.96367, 1.55461, -2.29494, -1.19626, -0.63672], [-0.44938, 1.78663, 1.87804, 1.47827, -1.95319, -1.29624, -0.909]]
end: [-0.38934999999999997, 1.8023899999999999, 1.8500000000000001, 1.4532700000000001, -1.8412599999999999, -1.3289800000000001, -0.99817]
obtacles: [[[0.6, -0.4, -0.2], [1.0, 0.6, -0.3]], [[0.8, -0.3, -0.2], [1.0, -0.2, 0.4]], [[0.8, 0.2, -0.2], [1.0, 0.3, 0.4]], [[0.8, -0.3, 0.4], [1.0, 0.3, 0.5]]]
start: [-0.95460999999999996, 1.73065, 1.8500000000000001, 1.27549, -1.81003, -1.3551599999999999, -0.27235999999999999]
tajectories: [[-0.95461, 1.73065, 1.85, 1.27549, -1.81003, -1.35516, -0.27236], [-0.87722, 1.58634, 2.16665, 1.39879, -1.5437, -1.44848, -0.10481], [-0.81669, 1.47347, 2.41433, 1.49524, -1.33538, -1.52148, 0.02624], [-0.79349, 1.62601, 2.46851, 1.82077, -1.65862, -1.49873, -0.08464], [-0.77029, 1.77855, 2.52268, 2.14629, -1.98185, -1.47598, -0.19552], [-0.75939, 1.85017, 2.54812, 2.29914, -2.13362, -1.4653, -0.24759], [-0.69344, 1.89801, 2.25015, 2.00604, -2.07297, -1.42453, -0.49924], [-0.62749, 1.94585, 1.95219, 1.71295, -2.01231, -1.38375, -0.75089]]
end: [-0.59379999999999999, 1.97028, 1.8, 1.56325, -1.9813400000000001, -1.36293, -0.87941999999999998]
obtacles: [[[0.6, -0.4, -0.2], [1.0, 0.6, -0.3]], [[0.8, -0.3, -0.2], [1.0, -0.2, 0.4]], [[0.8, 0.2, -0.2], [1.0, 0.3, 0.4]], [[0.8, -0.3, 0.4], [1.0, 0.3, 0.5]]]
start: [-0.65551000000000004, 1.55141, 2.0499999999999998, 0.43178, -2.0042200000000001, -1.35869, 0.26585999999999999]
tajectories: [[-0.65551, 1.55141, 2.05, 0.43178, -2.00422, -1.35869, 0.26586], [-0.91107, 1.41763, 1.98407, 0.45757, -2.25664, -1.38338, -0.04631], [-1.16663, 1.28385, 1.91813, 0.48337, -2.50907, -1.40807, -0.35849], [-1.31657, 1.20536, 1.87945, 0.4985, -2.65718, -1.42255, -0.54165], [-1.54116, 1.4035, 2.1204, 0.5629, -2.92553, -1.27051, -0.4872], [-1.76574, 1.60164, 2.36135, 0.62729, -3.19389, -1.11847, -0.43276], [-1.85205, 1.67779, 2.45395, 0.65204, -3.29702, -1.06004, -0.41183], [-1.71254, 1.63852, 2.35048, 1.11008, -3.30176, -0.99151, -0.47326], [-1.57303, 1.59926, 2.24702, 1.56811, -3.3065, -0.92298, -0.53469], [-1.43352, 1.55999, 2.14356, 2.02615, -3.31124, -0.85445, -0.59612], [-1.34571, 1.53528, 2.07844, 2.31446, -3.31422, -0.81131, -0.63479], [-1.16993, 1.64874, 1.99001, 2.12053, -2.94925, -0.96874, -0.68783], [-0.99416, 1.76221, 1.90158, 1.9266, -2.58428, -1.12616, -0.74088], [-0.81839, 1.87567, 1.81315, 1.73267, -2.2193, -1.28359, -0.79392]]
end: [-0.69286000000000003, 1.9567000000000001, 1.75, 1.5941799999999999, -1.95865, -1.39602, -0.83181000000000005]
obtacles: [[[0.6, -0.4, -0.2], [1.0, 0.6, -0.3]], [[0.8, -0.3, -0.2], [1.0, -0.2, 0.4]], [[0.8, 0.2, -0.2], [1.0, 0.3, 0.4]], [[0.8, -0.3, 0.4], [1.0, 0.3, 0.5]]]
start: [-0.86173, 1.91706, 1.8, 1.0536099999999999, -1.9831099999999999, -1.5528299999999999, -0.14787]
tajectories: [[-0.86173, 1.91706, 1.8, 1.05361, -1.98311, -1.55283, -0.14787], [-1.10116, 1.72096, 1.7102, 0.99539, -2.23874, -1.51054, 0.12714], [-1.34058, 1.52486, 1.6204, 0.93716, -2.49437, -1.46825, 0.40215], [-1.58001, 1.32876, 1.5306, 0.87894, -2.75, -1.42595, 0.67716], [-1.81944, 1.13267, 1.44081, 0.82071, -3.00563, -1.38366, 0.95217], [-2.05886, 0.93657, 1.35101, 0.76249, -3.26126, -1.34137, 1.22718], [-2.29829, 0.74047, 1.26121, 0.70426, -3.51689, -1.29907, 1.50219], [-2.48618, 0.58659, 1.19074, 0.65857, -3.71749, -1.26588, 1.718], [-2.32767, 0.66185, 1.02767, 0.97668, -3.51292, -1.28645, 1.49631], [-2.16917, 0.73712, 0.86459, 1.2948, -3.30835, -1.30702, 1.27461], [-2.01066, 0.81239, 0.70152, 1.61291, -3.10377, -1.32759, 1.05292], [-1.85215, 0.88766, 0.53844, 1.93102, -2.8992, -1.34815, 0.83122], [-1.69365, 0.96292, 0.37537, 2.24914, -2.69463, -1.36872, 0.60953], [-1.53514, 1.03819, 0.21229, 2.56725, -2.49006, -1.38929, 0.38783], [-1.50238, 1.05375, 0.17859, 2.633, -2.44777, -1.39354, 0.342], [-1.28879, 1.19043, 0.45241, 2.39936, -2.35905, -1.40393, 0.12256], [-1.07521, 1.32711, 0.72623, 2.16572, -2.27032, -1.41433, -0.09688], [-0.86163, 1.46378, 1.00005, 1.93208, -2.1816, -1.42472, -0.31632], [-0.64805, 1.60046, 1.27388, 1.69844, -2.09287, -1.43512, -0.53576], [-0.43446, 1.73714, 1.5477, 1.46479, -2.00415, -1.44551, -0.7552]]
end: [-0.23766999999999999, 1.8630800000000001, 1.8, 1.24952, -1.92239, -1.45509, -0.95738999999999996]
obtacles: [[[0.6, -0.4, -0.2], [1.0, 0.6, -0.3]], [[0.8, -0.3, -0.2], [1.0, -0.2, 0.4]], [[0.8, 0.2, -0.2], [1.0, 0.3, 0.4]], [[0.8, -0.3, 0.4], [1.0, 0.3, 0.5]]]
start: [-0.8115, 1.8412500000000001, 1.8500000000000001, 0.80779000000000001, -1.9569700000000001, -1.56349, 0.043380000000000002]
tajectories: [[-0.8115, 1.84125, 1.85, 0.80779, -1.95697, -1.56349, 0.04338], [-1.00742, 1.76414, 1.78005, 1.02352, -1.81365, -1.47832, -0.31221], [-1.20333, 1.68703, 1.7101, 1.23926, -1.67033, -1.39315, -0.66779], [-1.34843, 1.62991, 1.65829, 1.39905, -1.56417, -1.33007, -0.93116], [-1.29253, 1.74013, 1.75824, 1.78332, -1.55324, -1.08224, -1.05579], [-1.25912, 1.806, 1.81798, 2.01297, -1.54671, -0.93412, -1.13028], [-1.04261, 1.72565, 2.05923, 2.14952, -1.83449, -0.88664, -1.31669], [-0.935, 1.68571, 2.17913, 2.21738, -1.97751, -0.86304, -1.40933], [-0.78871, 1.78043, 1.99662, 1.94678, -1.8912, -1.08329, -1.17029]]
end: [-0.67120000000000002, 1.8565100000000001, 1.8500000000000001, 1.72939, -1.82186, -1.2602199999999999, -0.97826999999999997]
obtacles: [[[0.6, -0.4, -0.2], [1.0, 0.6, -0.3]], [[0.8, -0.3, -0.2], [1.0, -0.2, 0.4]], [[0.8, 0.2, -0.2], [1.0, 0.3, 0.4]], [[0.8, -0.3, 0.4], [1.0, 0.3, 0.5]]]
start: [-0.94682999999999995, 1.9097200000000001, 1.8500000000000001, 1.2817499999999999, -1.9796199999999999, -1.41581, -0.25464999999999999]
tajectories: [[-0.94683, 1.90972, 1.85, 1.28175, -1.97962, -1.41581, -0.25465], [-0.94063, 1.71309, 1.95284, 1.36758, -2.20592, -1.40334, -0.63146], [-0.93443, 1.51645, 2.05568, 1.45342, -2.43222, -1.39086, -1.00828], [-0.92824, 1.31982, 2.15851, 1.53925, -2.65852, -1.37839, -1.38509], [-0.92204, 1.12318, 2.26135, 1.62508, -2.88482, -1.36591, -1.7619], [-0.91979, 1.05182, 2.29868, 1.65624, -2.96696, -1.36138, -1.89866], [-0.81602, 1.30003, 2.14848, 1.60695, -2.69601, -1.38342, -1.61806], [-0.71224, 1.54824, 1.99828, 1.55766, -2.42506, -1.40546, -1.33746], [-0.60846, 1.79645, 1.84809, 1.50837, -2.15412, -1.42749, -1.05687]]
end: [-0.54069, 1.95855, 1.75, 1.4761899999999999, -1.9771799999999999, -1.4418800000000001, -0.87361999999999995]
obtacles: [[[0.6, -0.4, -0.2], [1.0, 0.6, -0.3]], [[0.8, -0.3, -0.2], [1.0, -0.2, 0.4]], [[0.8, 0.2, -0.2], [1.0, 0.3, 0.4]], [[0.8, -0.3, 0.4], [1.0, 0.3, 0.5]]]
start: [-0.94401999999999997, 1.7990999999999999, 1.75, 1.0449600000000001, -1.85781, -1.5342199999999999, -0.075050000000000006]
tajectories: [[-0.94402, 1.7991, 1.75, 1.04496, -1.85781, -1.53422, -0.07505], [-1.1394, 1.61719, 1.54007, 1.25682, -1.6593, -1.4889, -0.29487], [-1.24802, 1.51606, 1.42337, 1.3746, -1.54895, -1.4637, -0.41707], [-1.15105, 1.24192, 1.23577, 1.50974, -1.88122, -1.50345, -0.41643], [-1.10451, 1.11033, 1.14573, 1.57461, -2.04071, -1.52253, -0.41612], [-0.83622, 1.3061, 1.34852, 1.64769, -1.82036, -1.54661, -0.6261], [-0.73339, 1.38114, 1.42624, 1.6757, -1.73591, -1.55583, -0.70658], [-0.65191, 1.73081, 1.65596, 1.67484, -1.82388, -1.4235, -0.91411]]
end: [-0.61855000000000004, 1.8739600000000001, 1.75, 1.67449, -1.8599000000000001, -1.3693299999999999, -0.99907999999999997]
obtacles: [[[0.6, -0.4, -0.2], [1.0, 0.6, -0.3]], [[0.8, -0.3, -0.2], [1.0, -0.2, 0.4]], [[0.8, 0.2, -0.2], [1.0, 0.3, 0.4]], [[0.8, -0.3, 0.4], [1.0, 0.3, 0.5]]]
start: [-0.94399, 1.65493, 1.8500000000000001, 1.1014600000000001, -1.77579, -1.3623799999999999, -0.12411999999999999]
tajectories: [[-0.94399, 1.65493, 1.85, 1.10146, -1.77579, -1.36238, -0.12412], [-1.04254, 1.47168, 1.43204, 1.23167, -1.65832, -1.34055, -0.15217], [-1.14109, 1.28844, 1.01407, 1.36188, -1.54086, -1.31872, -0.18022], [-1.23964, 1.10519, 0.59611, 1.49209, -1.4234, -1.2969, -0.20827], [-1.33819, 0.92194, 0.17815, 1.62231, -1.30594, -1.27507, -0.23632], [-1.42649, 0.75776, -0.19633, 1.73897, -1.20069, -1.25551, -0.26145], [-1.36921, 0.85157, -0.35081, 2.08612, -1.49571, -1.27672, -0.33928], [-1.31193, 0.94537, -0.5053, 2.43327, -1.79073, -1.29792, -0.4171], [-1.25466, 1.03917, -0.65978, 2.78042, -2.08575, -1.31912, -0.49493], [-1.24323, 1.05788, -0.6906, 2.84966, -2.14459, -1.32335, -0.51045], [-1.12718, 1.17518, -0.28503, 2.61835, -2.09655, -1.32618, -0.56009], [-1.01113, 1.29248, 0.12054, 2.38703, -2.04852, -1.32902, -0.60972], [-0.89508, 1.40978, 0.52611, 2.15571, -2.00048, -1.33185, -0.65936], [-0.77903, 1.52708, 0.93168, 1.9244, -1.95244, -1.33468, -0.709], [-0.66298, 1.64438, 1.33725, 1.69308, -1.9044, -1.33752, -0.75863], [-0.54693, 1.76168, 1.74281, 1.46176, -1.85636, -1.34035, -0.80827]]
end: [-0.51626000000000005, 1.7926899999999999, 1.8500000000000001, 1.40063, -1.8436699999999999, -1.3411, -0.82138999999999995]
obtacles: [[[0.6, -0.4, -0.2], [1.0, 0.6, -0.3]], [[0.8, -0.3, -0.2], [1.0, -0.2, 0.4]], [[0.8, 0.2, -0.2], [1.0, 0.3, 0.4]], [[0.8, -0.3, 0.4], [1.0, 0.3, 0.5]]]
start: [-0.88244, 1.7793699999999999, 1.8500000000000001, 0.90559000000000001, -1.9076299999999999, -1.48637, 0.020629999999999999]
tajectories: [[-0.88244, 1.77937, 1.85, 0.90559, -1.90763, -1.48637, 0.02063], [-1.00508, 1.80154, 1.93218, 1.25719, -1.96647, -1.28117, -0.22129], [-1.12772, 1.8237, 2.01437, 1.60879, -2.0253, -1.07598, -0.46321], [-1.25036, 1.84587, 2.09655, 1.96039, -2.08413, -0.87078, -0.70513], [-1.373, 1.86804, 2.17874, 2.31199, -2.14296, -0.66559, -0.94705], [-1.4769, 1.88683, 2.24837, 2.60986, -2.1928, -0.49175, -1.152], [-1.05927, 1.88323, 2.32949, 2.38726, -2.29534, -0.51237, -1.05983], [-0.64164, 1.87963, 2.41062, 2.16465, -2.39788, -0.53299, -0.96765], [-0.54589, 1.87881, 2.42922, 2.11361, -2.42139, -0.53772, -0.94652], [-0.63822, 1.91502, 2.18899, 1.90984, -2.23309, -0.85115, -0.86145], [-0.73056, 1.95124, 1.94876, 1.70606, -2.0448, -1.16458, -0.77639]]
end: [-0.76853000000000005, 1.9661200000000001, 1.8500000000000001, 1.62229, -1.9673799999999999, -1.2934399999999999, -0.74141000000000001]
obtacles: [[[0.6, -0.4, -0.2], [1.0, 0.6, -0.3]], [[0.8, -0.3, -0.2], [1.0, -0.2, 0.4]], [[0.8, 0.2, -0.2], [1.0, 0.3, 0.4]], [[0.8, -0.3, 0.4], [1.0, 0.3, 0.5]]]
start: [-0.73846999999999996, 1.6468499999999999, 1.8500000000000001, 0.61919999999999997, -1.8433200000000001, -1.4730300000000001, 0.14337]
tajectories: [[-0.73847, 1.64685, 1.85, 0.6192, -1.84332, -1.47303, 0.14337], [-1.0654, 1.69065, 1.91032, 0.69887, -2.20267, -1.42758, 0.14715], [-1.39233, 1.73445, 1.97065, 0.77855, -2.56201, -1.38212, 0.15094], [-1.6583, 1.77008, 2.01972, 0.84336, -2.85436, -1.34514, 0.15402], [-1.52025, 1.69551, 1.65863, 1.12057, -2.81273, -1.41549, 0.04691], [-1.38221, 1.62093, 1.29754, 1.39778, -2.7711, -1.48583, -0.0602], [-1.24416, 1.54636, 0.93646, 1.67498, -2.72947, -1.55618, -0.1673], [-1.2245, 1.53574, 0.88502, 1.71447, -2.72355, -1.5662, -0.18256], [-1.04807, 1.62634, 1.18623, 1.65328, -2.45069, -1.48777, -0.37123], [-0.87165, 1.71694, 1.48743, 1.59208, -2.17784, -1.40934, -0.5599], [-0.69523, 1.80755, 1.78864, 1.53089, -1.90499, -1.33091, -0.74857]]
end: [-0.65929000000000004, 1.8260000000000001, 1.8500000000000001, 1.5184200000000001, -1.8493999999999999, -1.3149299999999999, -0.78700999999999999]
obtacles: [[[0.6, -0.4, -0.2], [1.0, 0.6, -0.3]], [[0.8, -0.3, -0.2], [1.0, -0.2, 0.4]], [[0.8, 0.2, -0.2], [1.0, 0.3, 0.4]], [[0.8, -0.3, 0.4], [1.0, 0.3, 0.5]]]
start: [-0.80432000000000003, 1.6381300000000001, 1.8500000000000001, 0.78798000000000001, -1.81759, -1.4227799999999999, 0.044200000000000003]
tajectories: [[-0.80432, 1.63813, 1.85, 0.78798, -1.81759, -1.42278, 0.0442], [-0.9131, 1.36492, 1.94469, 0.98964, -1.88924, -1.09675, -0.00542], [-1.02188, 1.09171, 2.03938, 1.1913, -1.96089, -0.77072, -0.05503], [-1.13066, 0.81851, 2.13407, 1.39296, -2.03254, -0.44469, -0.10465], [-1.23944, 0.5453, 2.22876, 1.59462, -2.10418, -0.11866, -0.15426], [-1.34821, 0.27209, 2.32345, 1.79628, -2.17583, 0.20737, -0.20387], [-1.45699, -0.00112, 2.41815, 1.99794, -2.24748, 0.5334, -0.25349], [-1.56577, -0.27433, 2.51284, 2.1996, -2.31913, 0.85944, -0.3031], [-1.57543, -0.2986, 2.52125, 2.21752, -2.32549, 0.8884, -0.30751], [-1.57371, 0.04257, 2.30523, 2.3307, -2.29605, 0.85642, -0.57628], [-1.57198, 0.38374, 2.0892, 2.44389, -2.26662, 0.82445, -0.84505], [-1.57026, 0.7249, 1.87318, 2.55707, -2.23718, 0.79248, -1.11382], [-1.56853, 1.06607, 1.65716, 2.67026, -2.20775, 0.7605, -1.38259], [-1.5668, 1.40724, 1.44114, 2.78345, -2.17831, 0.72853, -1.65136], [-1.56578, 1.60989, 1.31282, 2.85068, -2.16082, 0.70954, -1.81101], [-1.3883, 1.64563, 1.39389, 2.56933, -2.14008, 0.39782, -1.6269], [-1.21083, 1.68136, 1.47497, 2.28797, -2.11933, 0.0861, -1.4428], [-1.03335, 1.7171, 1.55604, 2.00662, -2.09858, -0.22561, -1.2587], [-0.85588, 1.75283, 1.63712, 1.72526, -2.07784, -0.53733, -1.07459], [-0.6784, 1.78857, 1.71819, 1.44391, -2.05709, -0.84905, -0.89049], [-0.50093, 1.82431, 1.79926, 1.16255, -2.03634, -1.16076, -0.70639], [-0.32345, 1.86004, 1.88034, 0.8812, -2.0156, -1.47248, -0.52228]]
end: [-0.28040999999999999, 1.8687100000000001, 1.8999999999999999, 0.81296000000000002, -2.0105599999999999, -1.5480799999999999, -0.47763]
obtacles: [[[0.6, -0.4, -0.2], [1.0, 0.6, -0.3]], [[0.8, -0.3, -0.2], [1.0, -0.2, 0.4]], [[0.8, 0.2, -0.2], [1.0, 0.3, 0.4]], [[0.8, -0.3, 0.4], [1.0, 0.3, 0.5]]]
start: [-0.73160000000000003, 1.60789, 2.0499999999999998, 0.45723999999999998, -2.0221200000000001, -1.3998299999999999, 0.32275999999999999]
tajectories: [[-0.7316, 1.60789, 2.05, 0.45724, -2.02212, -1.39983, 0.32276], [-0.97785, 1.57882, 1.67991, 0.53545, -1.99949, -1.37025, 0.1129], [-1.22411, 1.54976, 1.30982, 0.61366, -1.97686, -1.34067, -0.09697], [-1.40487, 1.52842, 1.03816, 0.67106, -1.96024, -1.31896, -0.25101], [-1.3921, 1.53704, 1.23921, 1.09931, -2.03847, -1.20326, -0.33127], [-1.37933, 1.54567, 1.44027, 1.52755, -2.11669, -1.08755, -0.41153], [-1.37459, 1.54886, 1.51481, 1.6863, -2.14569, -1.04466, -0.44128], [-0.97854, 1.57576, 1.38045, 1.89467, -2.18416, -1.0551, -0.61263], [-0.78103, 1.58918, 1.31344, 1.99859, -2.20334, -1.06031, -0.69808], [-0.64676, 1.7988, 1.53208, 1.80547, -2.06107, -1.26303, -0.90202]]
end: [-0.54362999999999995, 1.9598, 1.7, 1.6571499999999999, -1.95181, -1.41873, -1.0586500000000001]
obtacles: [[[0.6, -0.4, -0.2], [1.0, 0.6, -0.3]], [[0.8, -0.3, -0.2], [1.0, -0.2, 0.4]], [[0.8, 0.2, -0.2], [1.0, 0.3, 0.4]], [[0.8, -0.3, 0.4], [1.0, 0.3, 0.5]]]
start: [-0.96509, 1.6993100000000001, 1.7, 1.3638399999999999, -1.7238199999999999, -1.4719100000000001, -0.38284000000000001]
tajectories: [[-0.96509, 1.69931, 1.7, 1.36384, -1.72382, -1.47191, -0.38284], [-1.28088, 1.51325, 1.62968, 1.67905, -1.80115, -1.53619, -0.41809], [-1.4269, 1.42723, 1.59716, 1.8248, -1.8369, -1.5659, -0.43438], [-1.04726, 1.47026, 1.42612, 1.8775, -1.93043, -1.47339, -0.66822], [-0.80756, 1.49744, 1.31812, 1.91077, -1.98948, -1.41497, -0.81586], [-0.53317, 1.64029, 1.52026, 1.6173, -1.88442, -1.45405, -0.93733]]
end: [-0.28917999999999999, 1.7673300000000001, 1.7, 1.3563400000000001, -1.7909900000000001, -1.4887900000000001, -1.0453399999999999]
obtacles: [[[0.6, -0.4, -0.2], [1.0, 0.6, -0.3]], [[0.8, -0.3, -0.2], [1.0, -0.2, 0.4]], [[0.8, 0.2, -0.2], [1.0, 0.3, 0.4]], [[0.8, -0.3, 0.4], [1.0, 0.3, 0.5]]]
start: [-0.66488999999999998, 1.72045, 2.0, 0.61287999999999998, -2.0099499999999999, -1.4558, 0.11038000000000001]
tajectories: [[-0.66489, 1.72045, 2.0, 0.61288, -2.00995, -1.4558, 0.11038], [-0.75884, 1.68393, 2.05939, 0.52847, -2.43831, -1.43516, -0.10238], [-0.85279, 1.6474, 2.11877, 0.44406, -2.86668, -1.41451, -0.31514], [-0.94674, 1.61088, 2.17816, 0.35965, -3.29504, -1.39386, -0.5279], [-1.04068, 1.57435, 2.23754, 0.27524, -3.7234, -1.37321, -0.74066], [-1.13463, 1.53782, 2.29693, 0.19083, -4.15176, -1.35256, -0.95342], [-1.13724, 1.53681, 2.29857, 0.18849, -4.16364, -1.35199, -0.95932], [-1.04349, 1.42893, 2.3601, 0.62446, -4.20008, -1.23406, -0.8162], [-0.94973, 1.32105, 2.42163, 1.06043, -4.23651, -1.11614, -0.67307], [-0.85598, 1.21317, 2.48316, 1.49639, -4.27294, -0.99821, -0.52994], [-0.76223, 1.10529, 2.54468, 1.93236, -4.30938, -0.88028, -0.38682], [-0.70457, 1.03895, 2.58252, 2.20046, -4.33178, -0.80777, -0.2988], [-0.67814, 1.20154, 2.45296, 2.05422, -3.92152, -0.91139, -0.37393], [-0.6517, 1.36414, 2.32341, 1.90799, -3.51127, -1.01502, -0.44906], [-0.62526, 1.52673, 2.19385, 1.76175, -3.10101, -1.11864, -0.52419], [-0.59882, 1.68933, 2.06429, 1.61552, -2.69075, -1.22227, -0.59932], [-0.57239, 1.85193, 1.93473, 1.46928, -2.2805, -1.3259, -0.67445]]
end: [-0.55510000000000004, 1.95827, 1.8500000000000001, 1.37364, -2.0121799999999999, -1.39367, -0.72358]
obtacles: [[[0.6, -0.4, -0.2], [1.0, 0.6, -0.3]], [[0.8, -0.3, -0.2], [1.0, -0.2, 0.4]], [[0.8, 0.2, -0.2], [1.0, 0.3, 0.4]], [[0.8, -0.3, 0.4], [1.0, 0.3, 0.5]]]
start: [-0.80200000000000005, 1.76596, 1.8500000000000001, 0.71831, -1.9085300000000001, -1.53887, 0.11663999999999999]
tajectories: [[-0.802, 1.76596, 1.85, 0.71831, -1.90853, -1.53887, 0.11664], [-1.02917, 1.49629, 2.03595, 0.89257, -1.87637, -1.3489, 0.2703], [-1.25633, 1.22662, 2.2219, 1.06683, -1.84421, -1.15894, 0.42395], [-1.48349, 0.95695, 2.40785, 1.24109, -1.81205, -0.96897, 0.57761], [-1.71066, 0.68728, 2.5938, 1.41535, -1.77989, -0.779, 0.73126], [-1.71708, 0.67965, 2.59906, 1.42028, -1.77898, -0.77362, 0.73561], [-1.47972, 0.91969, 2.49725, 1.66117, -1.74195, -0.81946, 0.98893], [-1.24235, 1.15973, 2.39543, 1.90206, -1.70492, -0.8653, 1.24225], [-1.00498, 1.39976, 2.29362, 2.14295, -1.6679, -0.91114, 1.49557], [-0.8261, 1.58066, 2.21689, 2.32449, -1.63999, -0.94568, 1.68648], [-0.7761, 1.65442, 2.14746, 2.0878, -1.71807, -1.05686, 1.28305], [-0.7261, 1.72817, 2.07804, 1.85111, -1.79615, -1.16804, 0.87961], [-0.67609, 1.80193, 2.00862, 1.61441, -1.87423, -1.27922, 0.47618], [-0.62609, 1.87569, 1.9392, 1.37772, -1.95231, -1.39039, 0.07274], [-0.57609, 1.94945, 1.86978, 1.14103, -2.03039, -1.50157, -0.33069]]
end: [-0.56184999999999996, 1.9704600000000001, 1.8500000000000001, 1.0736000000000001, -2.0526399999999998, -1.5332399999999999, -0.44562000000000002]
obtacles: [[[0.6, -0.4, -0.2], [1.0, 0.6, -0.3]], [[0.8, -0.3, -0.2], [1.0, -0.2, 0.4]], [[0.8, 0.2, -0.2], [1.0, 0.3, 0.4]], [[0.8, -0.3, 0.4], [1.0, 0.3, 0.5]]]
start: [-0.95035999999999998, 1.6551899999999999, 1.8999999999999999, 1.0660099999999999, -1.80962, -1.3271999999999999, -0.072249999999999995]
tajectories: [[-0.95036, 1.65519, 1.9, 1.06601, -1.80962, -1.3272, -0.07225], [-1.16501, 1.508, 2.11509, 1.4005, -1.66775, -1.33921, -0.01028], [-1.37966, 1.36081, 2.33019, 1.735, -1.52589, -1.35122, 0.05169], [-1.59431, 1.21362, 2.54528, 2.06949, -1.38403, -1.36322, 0.11366], [-1.76298, 1.09796, 2.7143, 2.33233, -1.27256, -1.37266, 0.16236], [-1.537, 1.13646, 2.47707, 2.51334, -1.20479, -1.28162, -0.14672], [-1.31103, 1.17496, 2.23984, 2.69435, -1.13702, -1.19057, -0.4558], [-1.08505, 1.21347, 2.00262, 2.87536, -1.06925, -1.09953, -0.76488], [-0.98528, 1.23047, 1.89787, 2.95529, -1.03932, -1.05933, -0.90135], [-0.87272, 1.39627, 1.89839, 2.56726, -1.26914, -1.12805, -0.85971], [-0.76016, 1.56206, 1.89891, 2.17922, -1.49897, -1.19677, -0.81807], [-0.64761, 1.72786, 1.89942, 1.79119, -1.72879, -1.26549, -0.77644], [-0.53505, 1.89365, 1.89994, 1.40316, -1.95861, -1.33421, -0.7348]]
end: [-0.52176999999999996, 1.9132199999999999, 1.8999999999999999, 1.35738, -1.9857199999999999, -1.34232, -0.72989000000000004]
