obtacles: [[[0.6, -0.4, -0.2], [1.0, 0.6, -0.3]], [[0.7, -0.2, -0.2], [0.9, -0.1, 0.3]], [[0.7, 0.3, -0.2], [0.9, 0.4, 0.3]], [[0.7, -0.2, 0.3], [0.9, 0.4, 0.4]]]
start: [2.6012900000000001, -1.84195, -1.0, 0.71192999999999995, -2.1828400000000001, -1.4330700000000001, -0.048039999999999999]
tajectories: [[2.60129, -1.84195, -1.0, 0.71193, -2.18284, -1.43307, -0.04804], [2.47241, -1.76124, -1.0553, 0.88272, -1.83417, -1.2272, -0.22323], [2.34353, -1.68053, -1.11059, 1.05351, -1.48549, -1.02132, -0.39842], [2.21465, -1.59982, -1.16589, 1.22431, -1.13682, -0.81545, -0.57361], [2.08577, -1.5191, -1.22118, 1.3951, -0.78814, -0.60958, -0.7488], [1.95689, -1.43839, -1.27648, 1.56589, -0.43947, -0.40371, -0.92399], [1.82801, -1.35768, -1.33177, 1.73668, -0.0908, -0.19784, -1.09918], [1.72666, -1.29421, -1.37526, 1.87099, 0.1834, -0.03594, -1.23695], [1.49959, -0.95131, -1.19783, 1.98401, 0.23014, 0.13078, -1.15552], [1.27253, -0.60842, -1.0204, 2.09703, 0.27687, 0.29749, -1.07409], [1.04546, -0.26553, -0.84297, 2.21004, 0.3236, 0.46421, -0.99266], [0.81839, 0.07737, -0.66554, 2.32306, 0.37034, 0.63093, -0.91122], [0.59132, 0.42026, -0.48811, 2.43608, 0.41707, 0.79765, -0.82979], [0.38617, 0.73006, -0.3278, 2.53819, 0.45929, 0.94827, -0.75622], [0.47632, 0.8934, -0.53489, 2.44621, 0.1358, 1.04836, -0.97799], [0.56646, 1.05674, -0.74198, 2.35423, -0.1877, 1.14844, -1.19976], [0.6566, 1.22008, -0.94907, 2.26226, -0.5112, 1.24853, -1.42153], [0.74675, 1.38342, -1.15616, 2.17028, -0.83469, 1.34861, -1.6433], [0.83689, 1.54675, -1.36325, 2.0783, -1.15819, 1.4487, -1.86507]]
end: [0.91818, 1.6940500000000001, -1.55, 1.99536, -1.44991, 1.53895, -2.0650499999999998]
obtacles: [[[0.6, -0.4, -0.2], [1.0, 0.6, -0.3]], [[0.7, -0.2, -0.2], [0.9, -0.1, 0.3]], [[0.7, 0.3, -0.2], [0.9, 0.4, 0.3]], [[0.7, -0.2, 0.3], [0.9, 0.4, 0.4]]]
start: [-0.67583000000000004, 1.58101, -1.55, -0.73738000000000004, -4.7346500000000002, -1.56437, -0.061379999999999997]
tajectories: [[-0.67583, 1.58101, -1.55, -0.73738, -4.73465, -1.56437, -0.06138], [-0.72921, 1.55278, -1.64734, -0.52147, -4.52039, -1.42915, 0.29368], [-0.78259, 1.52455, -1.74468, -0.30556, -4.30613, -1.29392, 0.64874], [-0.83597, 1.49632, -1.84201, -0.08964, -4.09188, -1.15869, 1.0038], [-0.88935, 1.46809, -1.93935, 0.12627, -3.87762, -1.02346, 1.35886], [-0.94273, 1.43986, -2.03669, 0.34218, -3.66336, -0.88823, 1.71392], [-0.99611, 1.41163, -2.13403, 0.5581, -3.4491, -0.753, 2.06898], [-1.01864, 1.39971, -2.17512, 0.64925, -3.35865, -0.69592, 2.21888], [-0.69385, 1.173, -2.22848, 0.83008, -3.15806, -0.61074, 2.31924], [-0.36906, 0.94629, -2.28184, 1.01092, -2.95746, -0.52557, 2.4196], [-0.04426, 0.71959, -2.3352, 1.19175, -2.75687, -0.44039, 2.51997], [0.28053, 0.49288, -2.38856, 1.37258, -2.55628, -0.35522, 2.62033], [0.60532, 0.26617, -2.44192, 1.55342, -2.35568, -0.27005, 2.72069], [0.93012, 0.03946, -2.49528, 1.73425, -2.15509, -0.18487, 2.82106], [1.25491, -0.18724, -2.54864, 1.91508, -1.9545, -0.0997, 2.92142], [1.26954, -0.19745, -2.55104, 1.92323, -1.94546, -0.09586, 2.92594], [1.33341, 0.06177, -2.55719, 2.00524, -2.29824, -0.26181, 2.78462], [1.39729, 0.32099, -2.56333, 2.08725, -2.65102, -0.42775, 2.64331], [1.46116, 0.58021, -2.56947, 2.16926, -3.0038, -0.5937, 2.50199], [1.52504, 0.83943, -2.57562, 2.25127, -3.35658, -0.75964, 2.36067], [1.58891, 1.09865, -2.58176, 2.33327, -3.70936, -0.92559, 2.21935], [1.65279, 1.35786, -2.58791, 2.41528, -4.06214, -1.09153, 2.07804], [1.71666, 1.61708, -2.59405, 2.49729, -4.41493, -1.25747, 1.93672], [1.7316, 1.67771, -2.59549, 2.51647, -4.49743, -1.29628, 1.90367], [1.40132, 1.75249, -2.29703, 2.36689, -4.45982, -1.33746, 1.75957], [1.07104, 1.82728, -1.99858, 2.21732, -4.42221, -1.37864, 1.61548], [0.74076, 1.90206, -1.70012, 2.06774, -4.3846, -1.41982, 1.47138]]
end: [0.57462999999999997, 1.9396800000000001, -1.55, 1.9924999999999999, -4.3656800000000002, -1.4405399999999999, 1.3989100000000001]
obtacles: [[[0.6, -0.4, -0.2], [1.0, 0.6, -0.3]], [[0.7, -0.2, -0.2], [0.9, -0.1, 0.3]], [[0.7, 0.3, -0.2], [0.9, 0.4, 0.3]], [[0.7, -0.2, 0.3], [0.9, 0.4, 0.4]]]
start: [2.1880899999999999, -1.8815900000000001, -1.25, 1.2825800000000001, -1.9675400000000001, -1.3685099999999999, -0.23760000000000001]
tajectories: [[2.18809, -1.88159, -1.25, 1.28258, -1.96754, -1.36851, -0.2376], [2.1706, -1.65587, -1.11928, 1.44121, -1.78347, -1.05559, -0.39475], [2.15311, -1.43016, -0.98856, 1.59983, -1.5994, -0.74267, -0.5519], [2.13562, -1.20444, -0.85784, 1.75846, -1.41533, -0.42975, -0.70904], [2.11813, -0.97873, -0.72712, 1.91709, -1.23126, -0.11683, -0.86619], [2.10063, -0.75301, -0.5964, 2.07572, -1.04719, 0.19609, -1.02333], [2.08314, -0.5273, -0.46567, 2.23434, -0.86312, 0.50901, -1.18048], [2.0775, -0.45446, -0.42349, 2.28553, -0.80372, 0.60999, -1.23119], [2.09509, -0.08384, -0.65626, 2.30954, -0.58366, 0.53016, -1.17854], [2.11268, 0.28678, -0.88903, 2.33354, -0.36359, 0.45032, -1.12589], [2.13028, 0.6574, -1.1218, 2.35754, -0.14353, 0.37049, -1.07324], [2.14787, 1.02802, -1.35456, 2.38155, 0.07654, 0.29065, -1.0206], [2.16547, 1.39864, -1.58733, 2.40555, 0.2966, 0.21082, -0.96795], [2.17719, 1.64566, -1.74247, 2.42155, 0.44328, 0.15761, -0.93286], [1.90077, 1.69882, -1.71073, 2.29612, 0.17669, 0.38805, -1.10563], [1.62435, 1.75198, -1.67899, 2.17069, -0.08989, 0.6185, -1.27841], [1.34793, 1.80515, -1.64725, 2.04526, -0.35648, 0.84895, -1.45119], [1.07152, 1.85831, -1.61551, 1.91983, -0.62306, 1.0794, -1.62397], [0.7951, 1.91147, -1.58377, 1.7944, -0.88965, 1.30985, -1.79675], [0.51868, 1.96464, -1.55204, 1.66897, -1.15623, 1.54029, -1.96952]]
end: [0.50095000000000001, 1.9680500000000001, -1.55, 1.66092, -1.17333, 1.55507, -1.9805999999999999]
obtacles: [[[0.6, -0.4, -0.2], [1.0, 0.6, -0.3]], [[0.7, -0.2, -0.2], [0.9, -0.1, 0.3]], [[0.7, 0.3, -0.2], [0.9, 0.4, 0.3]], [[0.7, -0.2, 0.3], [0.9, 0.4, 0.4]]]
start: [2.0001000000000002, -1.93188, -1.45, 1.34006, -1.9496500000000001, -1.5418400000000001, -0.17094999999999999]
tajectories: [[2.0001, -1.93188, -1.45, 1.34006, -1.94965, -1.54184, -0.17095], [1.99317, -1.91634, -1.20134, 1.59272, -2.09515, -1.50957, -0.49006], [1.98625, -1.90081, -0.95268, 1.84538, -2.24065, -1.47729, -0.80917], [1.97963, -1.88598, -0.71524, 2.08663, -2.37958, -1.44647, -1.11388], [2.30926, -1.84252, -0.70158, 2.31778, -2.24877, -1.49806, -1.37092], [2.57649, -1.80728, -0.6905, 2.50518, -2.14273, -1.53988, -1.57929], [2.54087, -1.8786, -1.05069, 2.23592, -2.0477, -1.47008, -1.41344], [2.50526, -1.94992, -1.41089, 1.96667, -1.95268, -1.40028, -1.24759]]
end: [2.4964400000000002, -1.96757, -1.5, 1.90005, -1.9291700000000001, -1.3830100000000001, -1.20655]
obtacles: [[[0.6, -0.4, -0.2], [1.0, 0.6, -0.3]], [[0.7, -0.2, -0.2], [0.9, -0.1, 0.3]], [[0.7, 0.3, -0.2], [0.9, 0.4, 0.3]], [[0.7, -0.2, 0.3], [0.9, 0.4, 0.4]]]
start: [-1.0234300000000001, 1.9669099999999999, 1.8999999999999999, 1.35551, -2.03823, -1.3603000000000001, -0.21515000000000001]
tajectories: [[-1.02343, 1.96691, 1.9, 1.35551, -2.03823, -1.3603, -0.21515], [-1.02959, 1.66278, 1.82509, 1.32868, -2.36913, -1.17402, -0.29844], [-1.03575, 1.35864, 1.75019, 1.30184, -2.70003, -0.98774, -0.38174], [-1.04191, 1.05451, 1.67528, 1.27501, -3.03093, -0.80146, -0.46503], [-1.04808, 0.75037, 1.60037, 1.24818, -3.36183, -0.61518, -0.54833], [-1.05375, 0.47039, 1.53142, 1.22347, -3.66645, -0.4437, -0.62501], [-1.04108, 0.70065, 1.55673, 1.53149, -3.4307, -0.58671, -0.78399], [-1.02841, 0.93091, 1.58204, 1.8395, -3.19495, -0.72973, -0.94298], [-1.01574, 1.16117, 1.60735, 2.14752, -2.95921, -0.87274, -1.10196], [-1.01008, 1.26397, 1.61864, 2.28503, -2.85396, -0.93659, -1.17294], [-0.77555, 1.48473, 1.62878, 2.15654, -2.54858, -1.08164, -1.29681], [-0.54101, 1.70548, 1.63891, 2.02805, -2.24319, -1.2267, -1.42069], [-0.30648, 1.92624, 1.64905, 1.89956, -1.93781, -1.37176, -1.54457]]
end: [-0.28443000000000002, 1.94699, 1.6499999999999999, 1.88748, -1.9091, -1.3854, -1.5562199999999999]
obtacles: [[[0.6, -0.4, -0.2], [1.0, 0.6, -0.3]], [[0.7, -0.2, -0.2], [0.9, -0.1, 0.3]], [[0.7, 0.3, -0.2], [0.9, 0.4, 0.3]], [[0.7, -0.2, 0.3], [0.9, 0.4, 0.4]]]
start: [-0.84363999999999995, 1.8866099999999999, 2.0, 0.68669000000000002, -2.0976900000000001, -1.5602100000000001, 0.22919]
tajectories: [[-0.84364, 1.88661, 2.0, 0.68669, -2.09769, -1.56021, 0.22919], [-0.99565, 1.78331, 1.73898, 0.68844, -1.94507, -1.23901, 0.08213], [-1.14765, 1.68002, 1.47796, 0.6902, -1.79245, -0.91781, -0.06493], [-1.29966, 1.57672, 1.21694, 0.69195, -1.63984, -0.5966, -0.21199], [-1.45166, 1.47342, 0.95592, 0.69371, -1.48722, -0.2754, -0.35905], [-1.60367, 1.37012, 0.6949, 0.69546, -1.33461, 0.0458, -0.50611], [-1.72174, 1.28988, 0.49215, 0.69683, -1.21605, 0.29531, -0.62035], [-1.75921, 1.09092, 0.4757, 1.09009, -1.2028, 0.42539, -0.81267], [-1.79667, 0.89195, 0.45925, 1.48336, -1.18955, 0.55546, -1.00498], [-1.83414, 0.69298, 0.44281, 1.87662, -1.17629, 0.68554, -1.1973], [-1.8716, 0.49401, 0.42636, 2.26989, -1.16304, 0.81561, -1.38962], [-1.90907, 0.29505, 0.40992, 2.66315, -1.14978, 0.94568, -1.58193], [-1.94653, 0.09608, 0.39347, 3.05642, -1.13653, 1.07576, -1.77425], [-1.94864, 0.08487, 0.39254, 3.07858, -1.13578, 1.08309, -1.78509], [-1.7744, 0.32874, 0.60122, 2.92551, -1.22809, 0.80465, -1.70058], [-1.60016, 0.57261, 0.8099, 2.77245, -1.3204, 0.52622, -1.61608], [-1.42592, 0.81649, 1.01859, 2.61938, -1.41272, 0.24779, -1.53157], [-1.25168, 1.06036, 1.22727, 2.46631, -1.50503, -0.03065, -1.44706], [-1.07744, 1.30424, 1.43595, 2.31325, -1.59734, -0.30908, -1.36256], [-0.9032, 1.54811, 1.64463, 2.16018, -1.68965, -0.58752, -1.27805], [-0.72896, 1.79198, 1.85331, 2.00711, -1.78196, -0.86595, -1.19354]]
end: [-0.60648000000000002, 1.9634100000000001, 2.0, 1.8995200000000001, -1.8468500000000001, -1.0616699999999999, -1.1341399999999999]
obtacles: [[[0.6, -0.4, -0.2], [1.0, 0.6, -0.3]], [[0.7, -0.2, -0.2], [0.9, -0.1, 0.3]], [[0.7, 0.3, -0.2], [0.9, 0.4, 0.3]], [[0.7, -0.2, 0.3], [0.9, 0.4, 0.4]]]
start: [-0.80984, 1.8044500000000001, 1.7, 1.14306, -1.83663, -1.5527899999999999, -0.31563000000000002]
tajectories: [[-0.80984, 1.80445, 1.7, 1.14306, -1.83663, -1.55279, -0.31563], [-0.92254, 1.4372, 1.75004, 1.2762, -2.058, -1.44538, -0.46277], [-1.03524, 1.06995, 1.80008, 1.40934, -2.27938, -1.33797, -0.60991], [-1.14794, 0.70269, 1.85012, 1.54248, -2.50076, -1.23057, -0.75705], [-1.26064, 0.33544, 1.90016, 1.67562, -2.72213, -1.12316, -0.90419], [-1.37333, -0.03181, 1.9502, 1.80876, -2.94351, -1.01575, -1.05133], [-1.47123, -0.35084, 1.99367, 1.92442, -3.13582, -0.92245, -1.17914], [-1.37977, -0.0224, 1.78666, 2.05456, -3.28551, -0.69547, -1.18552], [-1.28831, 0.30604, 1.57965, 2.18471, -3.43521, -0.46849, -1.19189], [-1.19684, 0.63448, 1.37264, 2.31486, -3.58491, -0.24151, -1.19827], [-1.10538, 0.96292, 1.16563, 2.44501, -3.73461, -0.01453, -1.20465], [-1.04043, 1.19614, 1.01863, 2.53742, -3.8409, 0.14664, -1.20917], [-0.98367, 1.3373, 1.13521, 2.44198, -3.4817, -0.12741, -1.21367], [-0.92691, 1.47847, 1.25179, 2.34655, -3.1225, -0.40147, -1.21816], [-0.87015, 1.61963, 1.36837, 2.25111, -2.76329, -0.67552, -1.22265], [-0.81339, 1.76079, 1.48495, 2.15567, -2.40409, -0.94957, -1.22714], [-0.75663, 1.90195, 1.60153, 2.06023, -2.04488, -1.22362, -1.23164]]
end: [-0.73302999999999996, 1.9606399999999999, 1.6499999999999999, 2.0205500000000001, -1.89554, -1.3375600000000001, -1.2335]
obtacles: [[[0.6, -0.4, -0.2], [1.0, 0.6, -0.3]], [[0.7, -0.2, -0.2], [0.9, -0.1, 0.3]], [[0.7, 0.3, -0.2], [0.9, 0.4, 0.3]], [[0.7, -0.2, 0.3], [0.9, 0.4, 0.4]]]
start: [-1.1542600000000001, 1.80613, 2.0, 1.3419000000000001, -1.9169400000000001, -1.2225900000000001, -0.074639999999999998]
tajectories: [[-1.15426, 1.80613, 2.0, 1.3419, -1.91694, -1.22259, -0.07464], [-1.31471, 1.71031, 2.13116, 1.58498, -2.20327, -1.03701, -0.22418], [-1.47516, 1.6145, 2.26232, 1.82806, -2.4896, -0.85143, -0.37373], [-1.63561, 1.51868, 2.39348, 2.07113, -2.77593, -0.66585, -0.52327], [-1.79605, 1.42287, 2.52464, 2.31421, -3.06226, -0.48028, -0.67281], [-1.82456, 1.40584, 2.54794, 2.3574, -3.11312, -0.44731, -0.69937], [-1.46768, 1.36781, 2.35666, 2.42675, -2.92106, -0.62373, -0.80792], [-1.1108, 1.32977, 2.16539, 2.4961, -2.729, -0.80016, -0.91646], [-0.75392, 1.29174, 1.97412, 2.56545, -2.53693, -0.97658, -1.025], [-0.39704, 1.2537, 1.78285, 2.63481, -2.34487, -1.153, -1.13354], [-0.04016, 1.21567, 1.59158, 2.70416, -2.1528, -1.32943, -1.24208], [0.31672, 1.17763, 1.4003, 2.77351, -1.96074, -1.50585, -1.35063], [0.40404, 1.16833, 1.3535, 2.79048, -1.91374, -1.54902, -1.37719], [0.14141, 1.42605, 1.48097, 2.48707, -1.91549, -1.47017, -1.3685], [-0.12123, 1.68378, 1.60843, 2.18367, -1.91723, -1.39131, -1.35981], [-0.38386, 1.9415, 1.7359, 1.88026, -1.91897, -1.31245, -1.35112]]
end: [-0.41292000000000001, 1.9700200000000001, 1.75, 1.8466899999999999, -1.91917, -1.3037300000000001, -1.35016]
obtacles: [[[0.6, -0.4, -0.2], [1.0, 0.6, -0.3]], [[0.7, -0.2, -0.2], [0.9, -0.1, 0.3]], [[0.7, 0.3, -0.2], [0.9, 0.4, 0.3]], [[0.7, -0.2, 0.3], [0.9, 0.4, 0.4]]]
start: [-0.61331999999999998, 1.9019200000000001, 1.8999999999999999, 0.87090000000000001, -2.0327999999999999, -1.5463499999999999, -0.19633999999999999]
tajectories: [[-0.61332, 1.90192, 1.9, 0.8709, -2.0328, -1.54635, -0.19634], [-0.71326, 1.69283, 1.87789, 0.74444, -2.19875, -1.21198, 0.00483], [-0.81321, 1.48373, 1.85579, 0.61799, -2.3647, -0.87761, 0.206], [-0.91315, 1.27464, 1.83368, 0.49153, -2.53065, -0.54324, 0.40717], [-1.01309, 1.06555, 1.81158, 0.36507, -2.6966, -0.20887, 0.60834], [-1.11304, 0.85646, 1.78947, 0.23861, -2.86255, 0.1255, 0.8095], [-1.21298, 0.64737, 1.76737, 0.11216, -3.0285, 0.45986, 1.01067], [-1.31293, 0.43828, 1.74526, -0.0143, -3.19446, 0.79423, 1.21184], [-1.32146, 0.42044, 1.74337, -0.02509, -3.20861, 0.82276, 1.229], [-1.31877, 0.42436, 1.76991, 0.34048, -3.31321, 0.69564, 0.93146], [-1.31608, 0.42828, 1.79646, 0.70605, -3.4178, 0.56852, 0.63392], [-1.3134, 0.4322, 1.823, 1.07162, -3.5224, 0.4414, 0.33638], [-1.31071, 0.43613, 1.84954, 1.4372, -3.62699, 0.31428, 0.03884], [-1.30802, 0.44005, 1.87608, 1.80277, -3.73158, 0.18716, -0.25871], [-1.30534, 0.44397, 1.90262, 2.16834, -3.83618, 0.06004, -0.55625], [-1.30265, 0.44789, 1.92916, 2.53391, -3.94077, -0.06708, -0.85379], [-1.30241, 0.44824, 1.93152, 2.56642, -3.95007, -0.07838, -0.88026], [-1.09465, 0.56647, 1.50203, 2.48738, -3.90821, -0.06921, -0.86247], [-0.88689, 0.68469, 1.07255, 2.40833, -3.86634, -0.06004, -0.84469], [-0.67913, 0.80292, 0.64306, 2.32928, -3.82448, -0.05087, -0.8269], [-0.47137, 0.92115, 0.21358, 2.25023, -3.78262, -0.0417, -0.80912], [-0.41825, 0.95138, 0.10377, 2.23002, -3.77191, -0.03936, -0.80457], [-0.42068, 1.11562, 0.35941, 2.16582, -3.46486, -0.26452, -0.8971], [-0.42311, 1.27987, 0.61505, 2.10162, -3.15781, -0.48968, -0.98964], [-0.42553, 1.44412, 0.87069, 2.03742, -2.85075, -0.71484, -1.08217], [-0.42796, 1.60837, 1.12633, 1.97322, -2.5437, -0.94001, -1.1747], [-0.43039, 1.77262, 1.38197, 1.90901, -2.23665, -1.16517, -1.26724], [-0.43282, 1.93687, 1.63761, 1.84481, -1.92959, -1.39033, -1.35977]]
end: [-0.43292999999999998, 1.9448300000000001, 1.6499999999999999, 1.8416999999999999, -1.9147099999999999, -1.4012500000000001, -1.36426]
