obtacles: [[[0.6, -0.4, -0.2], [1.0, 0.6, -0.3]], [[0.8, -0.1, -0.2], [1.0, -0.0, 0.5]], [[0.8, 0.4, -0.2], [1.0, 0.5, 0.5]], [[0.8, -0.1, 0.5], [1.0, 0.5, 0.6]]]
start: [-0.15923000000000001, 1.5065999999999999, 0.90000000000000002, -0.26527000000000001, -0.93096999999999996, -1.34432, 0.37157000000000001]
tajectories: [[-0.15923, 1.5066, 0.9, -0.26527, -0.93097, -1.34432, 0.37157], [-0.39741, 1.39043, 0.75817, -0.19612, -0.67665, -1.07725, 0.2342], [-0.6356, 1.27427, 0.61635, -0.12696, -0.42233, -0.81017, 0.09684], [-0.87379, 1.1581, 0.47452, -0.0578, -0.16802, -0.54309, -0.04052], [-1.11197, 1.04194, 0.33269, 0.01135, 0.0863, -0.27602, -0.17788], [-1.35016, 0.92577, 0.19087, 0.08051, 0.34061, -0.00894, -0.31524], [-1.58835, 0.8096, 0.04904, 0.14966, 0.59493, 0.25814, -0.45261], [-1.78955, 0.71148, -0.07076, 0.20808, 0.80975, 0.48374, -0.56864], [-1.82017, 0.40027, -0.12377, 0.57223, 0.73651, 0.46407, -0.67373], [-1.8508, 0.08906, -0.17677, 0.93638, 0.66327, 0.4444, -0.77881], [-1.88142, -0.22215, -0.22977, 1.30054, 0.59003, 0.42473, -0.8839], [-1.91205, -0.53336, -0.28278, 1.66469, 0.51679, 0.40506, -0.98899], [-1.94267, -0.84457, -0.33578, 2.02884, 0.44355, 0.38539, -1.09408], [-1.9733, -1.15578, -0.38879, 2.39299, 0.37031, 0.36572, -1.19916], [-1.98132, -1.23723, -0.40266, 2.48831, 0.35114, 0.36057, -1.22667], [-2.05379, -1.35895, -0.12414, 2.33563, 0.09534, 0.51385, -1.42696], [-2.12627, -1.48067, 0.15438, 2.18296, -0.16046, 0.66714, -1.62726], [-2.19874, -1.60239, 0.43291, 2.03028, -0.41626, 0.82042, -1.82755], [-2.27122, -1.7241, 0.71143, 1.87761, -0.67206, 0.97371, -2.02785], [-2.34369, -1.84582, 0.98995, 1.72493, -0.92786, 1.12699, -2.22814]]
end: [-2.4113600000000002, -1.95947, 1.25, 1.58239, -1.1667000000000001, 1.2701100000000001, -2.4151500000000001]
obtacles: [[[0.6, -0.4, -0.2], [1.0, 0.6, -0.3]], [[0.8, -0.1, -0.2], [1.0, -0.0, 0.5]], [[0.8, 0.4, -0.2], [1.0, 0.5, 0.5]], [[0.8, -0.1, 0.5], [1.0, 0.5, 0.6]]]
start: [-0.61804000000000003, 1.4701, 1.6499999999999999, 0.77273999999999998, -1.55687, -1.4435199999999999, -0.15959000000000001]
tajectories: [[-0.61804, 1.4701, 1.65, 0.77274, -1.55687, -1.44352, -0.15959], [-0.94898, 1.22101, 1.79463, 0.92326, -1.57668, -1.48052, -0.34151], [-1.27993, 0.97193, 1.93926, 1.07378, -1.5965, -1.51752, -0.52344], [-1.36675, 0.90659, 1.9772, 1.11326, -1.6017, -1.52723, -0.57117], [-1.07436, 0.93271, 2.01915, 1.43692, -1.72949, -1.48229, -0.76856], [-0.78197, 0.95884, 2.06109, 1.76058, -1.85728, -1.43735, -0.96595], [-0.71946, 0.96443, 2.07006, 1.82977, -1.88459, -1.42775, -1.00815], [-0.57057, 1.336, 1.84624, 1.77076, -1.75929, -1.45523, -1.14862]]
end: [-0.44002999999999998, 1.66177, 1.6499999999999999, 1.71902, -1.64943, -1.47932, -1.2717799999999999]
obtacles: [[[0.6, -0.4, -0.2], [1.0, 0.6, -0.3]], [[0.8, -0.1, -0.2], [1.0, -0.0, 0.5]], [[0.8, 0.4, -0.2], [1.0, 0.5, 0.5]], [[0.8, -0.1, 0.5], [1.0, 0.5, 0.6]]]
start: [-0.76876, 1.6780999999999999, 1.6499999999999999, 1.1775599999999999, -1.7002900000000001, -1.5391699999999999, -0.40249000000000001]
tajectories: [[-0.76876, 1.6781, 1.65, 1.17756, -1.70029, -1.53917, -0.40249], [-0.8644, 1.53024, 1.55219, 1.43769, -1.68766, -1.18094, -0.51767], [-0.96003, 1.38239, 1.45439, 1.69783, -1.67503, -0.82271, -0.63286], [-1.05567, 1.23453, 1.35658, 1.95797, -1.6624, -0.46448, -0.74805], [-1.1513, 1.08668, 1.25877, 2.2181, -1.64977, -0.10625, -0.86324], [-1.22138, 0.97833, 1.1871, 2.40873, -1.64051, 0.15626, -0.94765], [-0.96806, 1.08786, 1.34256, 2.35342, -1.29479, 0.0539, -1.07647], [-0.71473, 1.19738, 1.49802, 2.29811, -0.94906, -0.04847, -1.2053], [-0.4614, 1.30691, 1.65349, 2.2428, -0.60334, -0.15084, -1.33412], [-0.23505, 1.40478, 1.7924, 2.19337, -0.29442, -0.2423, -1.44923], [-0.25851, 1.48408, 1.75917, 2.01772, -0.63495, -0.53952, -1.36613], [-0.28196, 1.56337, 1.72594, 1.84206, -0.97548, -0.83674, -1.28303], [-0.30542, 1.64267, 1.69271, 1.6664, -1.31601, -1.13395, -1.19993], [-0.32888, 1.72197, 1.65948, 1.49074, -1.65653, -1.43117, -1.11684]]
end: [-0.33556999999999998, 1.7445900000000001, 1.6499999999999999, 1.4406399999999999, -1.75366, -1.5159400000000001, -1.09314]
obtacles: [[[0.6, -0.4, -0.2], [1.0, 0.6, -0.3]], [[0.8, -0.1, -0.2], [1.0, -0.0, 0.5]], [[0.8, 0.4, -0.2], [1.0, 0.5, 0.5]], [[0.8, -0.1, 0.5], [1.0, 0.5, 0.6]]]
start: [-0.67462, 1.5842000000000001, 1.6499999999999999, 1.1183000000000001, -1.61755, -1.50546, -0.44163000000000002]
tajectories: [[-0.67462, 1.5842, 1.65, 1.1183, -1.61755, -1.50546, -0.44163], [-1.04833, 1.44807, 1.75784, 1.35903, -1.69246, -1.42452, -0.54196], [-1.42205, 1.31194, 1.86567, 1.59975, -1.76736, -1.34359, -0.6423], [-1.49291, 1.28613, 1.88612, 1.64539, -1.78157, -1.32824, -0.66132], [-1.32931, 1.11982, 1.65618, 1.80113, -2.08249, -1.23139, -0.7974], [-1.16572, 0.95351, 1.42624, 1.95687, -2.38341, -1.13454, -0.93348], [-1.10667, 0.89348, 1.34324, 2.01308, -2.49203, -1.09958, -0.9826], [-0.74751, 1.08796, 1.34125, 2.0003, -2.39454, -1.36938, -1.00926], [-0.49012, 1.22734, 1.33982, 1.99114, -2.32468, -1.56273, -1.02837], [-0.37868, 1.46649, 1.49116, 1.73792, -2.03203, -1.53567, -1.11196], [-0.26725, 1.70564, 1.6425, 1.48469, -1.73939, -1.5086, -1.19554]]
end: [-0.26172000000000001, 1.71749, 1.6499999999999999, 1.47214, -1.72488, -1.50726, -1.1996899999999999]
obtacles: [[[0.6, -0.4, -0.2], [1.0, 0.6, -0.3]], [[0.8, -0.1, -0.2], [1.0, -0.0, 0.5]], [[0.8, 0.4, -0.2], [1.0, 0.5, 0.5]], [[0.8, -0.1, 0.5], [1.0, 0.5, 0.6]]]
start: [-0.49645, 1.82484, 1.8500000000000001, 0.80149999999999999, -1.94567, -1.55399, -0.26597999999999999]
tajectories: [[-0.49645, 1.82484, 1.85, 0.8015, -1.94567, -1.55399, -0.26598], [-0.86243, 1.83184, 1.98991, 0.89054, -1.66541, -1.46907, -0.31833], [-1.22842, 1.83883, 2.12981, 0.97959, -1.38515, -1.38414, -0.37068], [-1.59441, 1.84583, 2.26972, 1.06864, -1.10488, -1.29922, -0.42303], [-1.87497, 1.85119, 2.37696, 1.1369, -0.89004, -1.23411, -0.46316], [-1.62419, 1.6223, 2.39536, 1.16205, -0.76757, -1.00906, -0.20221], [-1.37341, 1.39341, 2.41375, 1.1872, -0.64509, -0.784, 0.05875], [-1.12263, 1.16452, 2.43214, 1.21235, -0.52262, -0.55894, 0.31971], [-0.87185, 0.93563, 2.45053, 1.2375, -0.40014, -0.33389, 0.58066], [-0.62108, 0.70674, 2.46893, 1.26265, -0.27767, -0.10883, 0.84162], [-0.49572, 0.59233, 2.47812, 1.27523, -0.21644, 0.00367, 0.97207], [-0.44787, 0.83476, 2.21185, 1.51719, -0.24556, -0.16566, 0.79895], [-0.40002, 1.0772, 1.94559, 1.75916, -0.27468, -0.33499, 0.62584], [-0.35218, 1.31963, 1.67932, 2.00113, -0.3038, -0.50432, 0.45272], [-0.31285, 1.51892, 1.46044, 2.20003, -0.32773, -0.64352, 0.31042], [-0.31158, 1.60828, 1.52899, 2.03088, -0.6661, -0.80509, 0.04945], [-0.31031, 1.69765, 1.59755, 1.86174, -1.00447, -0.96666, -0.21152], [-0.30904, 1.78701, 1.66611, 1.6926, -1.34284, -1.12823, -0.47248], [-0.30777, 1.87638, 1.73466, 1.52345, -1.68121, -1.2898, -0.73345]]
end: [-0.30656, 1.9615400000000001, 1.8, 1.36225, -2.0036900000000002, -1.4437899999999999, -0.98216999999999999]
obtacles: [[[0.6, -0.4, -0.2], [1.0, 0.6, -0.3]], [[0.8, -0.1, -0.2], [1.0, -0.0, 0.5]], [[0.8, 0.4, -0.2], [1.0, 0.5, 0.5]], [[0.8, -0.1, 0.5], [1.0, 0.5, 0.6]]]
start: [-0.74268999999999996, 1.86276, 1.8, 1.2015, -1.92696, -1.4716100000000001, -0.40710000000000002]
tajectories: [[-0.74269, 1.86276, 1.8, 1.2015, -1.92696, -1.47161, -0.4071], [-0.9121, 1.80387, 2.11953, 1.06994, -2.06223, -1.44902, -0.68926], [-1.08151, 1.74498, 2.43906, 0.93839, -2.1975, -1.42642, -0.97143], [-1.23088, 1.69306, 2.72078, 0.8224, -2.31677, -1.4065, -1.22021], [-0.95606, 1.54698, 2.49085, 1.05126, -2.40112, -1.42423, -1.42138], [-0.68124, 1.40091, 2.26093, 1.28011, -2.48548, -1.44195, -1.62255], [-0.49856, 1.30381, 2.10809, 1.43224, -2.54155, -1.45374, -1.75627], [-0.26635, 1.49587, 1.9781, 1.35359, -2.23922, -1.43884, -1.54536], [-0.03414, 1.68792, 1.84811, 1.27493, -1.93689, -1.42395, -1.33445]]
end: [0.051799999999999999, 1.7589999999999999, 1.8, 1.2458199999999999, -1.825, -1.4184399999999999, -1.2563899999999999]
obtacles: [[[0.6, -0.4, -0.2], [1.0, 0.6, -0.3]], [[0.8, -0.1, -0.2], [1.0, -0.0, 0.5]], [[0.8, 0.4, -0.2], [1.0, 0.5, 0.5]], [[0.8, -0.1, 0.5], [1.0, 0.5, 0.6]]]
start: [-0.70865999999999996, 1.45686, 1.6000000000000001, 0.81032999999999999, -1.50807, -1.4712499999999999, -0.10645]
tajectories: [[-0.70866, 1.45686, 1.6, 0.81033, -1.50807, -1.47125, -0.10645], [-0.79162, 1.364, 1.43334, 1.0466, -1.29305, -1.15311, -0.16512], [-0.87458, 1.27114, 1.26669, 1.28288, -1.07803, -0.83496, -0.22379], [-0.95754, 1.17828, 1.10003, 1.51916, -0.86301, -0.51681, -0.28246], [-0.96264, 1.17258, 1.0898, 1.53366, -0.84981, -0.49728, -0.28607], [-1.05588, 1.21243, 1.19961, 1.87938, -1.05246, -0.49354, -0.54501], [-1.14913, 1.25228, 1.30941, 2.2251, -1.25512, -0.4898, -0.80396], [-1.21248, 1.27935, 1.38401, 2.45997, -1.39279, -0.48726, -0.97988], [-0.91072, 1.53017, 1.2963, 2.28886, -1.3964, -0.72766, -1.01526], [-0.75798, 1.65713, 1.25191, 2.20225, -1.39823, -0.84934, -1.03316], [-0.61546, 1.7688, 1.40289, 1.96632, -1.62074, -1.1376, -1.11163], [-0.47294, 1.88047, 1.55387, 1.7304, -1.84325, -1.42585, -1.1901]]
end: [-0.4294, 1.9145799999999999, 1.6000000000000001, 1.65832, -1.91124, -1.5139199999999999, -1.21407]
obtacles: [[[0.6, -0.4, -0.2], [1.0, 0.6, -0.3]], [[0.8, -0.1, -0.2], [1.0, -0.0, 0.5]], [[0.8, 0.4, -0.2], [1.0, 0.5, 0.5]], [[0.8, -0.1, 0.5], [1.0, 0.5, 0.6]]]
start: [-0.57884000000000002, 1.80904, 1.75, 1.02898, -1.8667199999999999, -1.54409, -0.42465000000000003]
tajectories: [[-0.57884, 1.80904, 1.75, 1.02898, -1.86672, -1.54409, -0.42465], [-0.72541, 1.8031, 1.71716, 1.12275, -1.98771, -1.45126, 0.01734], [-0.87199, 1.79715, 1.68432, 1.21652, -2.1087, -1.35842, 0.45933], [-1.01856, 1.79121, 1.65149, 1.31029, -2.22969, -1.26558, 0.90131], [-1.16513, 1.78526, 1.61865, 1.40405, -2.35067, -1.17274, 1.3433], [-1.31171, 1.77932, 1.58581, 1.49782, -2.47166, -1.07991, 1.78529], [-1.45828, 1.77337, 1.55297, 1.59159, -2.59265, -0.98707, 2.22728], [-1.47878, 1.77254, 1.54838, 1.60471, -2.60958, -0.97408, 2.28911], [-1.26547, 1.80661, 1.47074, 1.76993, -2.97659, -1.09673, 2.4315], [-1.05216, 1.84068, 1.3931, 1.93515, -3.34359, -1.21937, 2.5739], [-0.92356, 1.86122, 1.3463, 2.03476, -3.56486, -1.29331, 2.65975], [-0.79827, 1.85424, 1.40549, 1.88226, -3.37286, -1.32465, 2.24786], [-0.67299, 1.84726, 1.46469, 1.72976, -3.18086, -1.356, 1.83598], [-0.5477, 1.84028, 1.52388, 1.57726, -2.98887, -1.38734, 1.4241], [-0.42242, 1.8333, 1.58308, 1.42476, -2.79687, -1.41869, 1.01221], [-0.29713, 1.82632, 1.64227, 1.27226, -2.60487, -1.45003, 0.60033], [-0.17184, 1.81934, 1.70147, 1.11976, -2.41287, -1.48138, 0.18844], [-0.04656, 1.81237, 1.76066, 0.96726, -2.22087, -1.51272, -0.22344], [0.07873, 1.80539, 1.81986, 0.81476, -2.02888, -1.54407, -0.63533]]
end: [0.14252999999999999, 1.80183, 1.8500000000000001, 0.73709999999999998, -1.9311100000000001, -1.56003, -0.84506000000000003]
obtacles: [[[0.6, -0.4, -0.2], [1.0, 0.6, -0.3]], [[0.8, -0.1, -0.2], [1.0, -0.0, 0.5]], [[0.8, 0.4, -0.2], [1.0, 0.5, 0.5]], [[0.8, -0.1, 0.5], [1.0, 0.5, 0.6]]]
start: [-0.61728000000000005, 1.72428, 1.8500000000000001, 0.87909999999999999, -1.86849, -1.4583200000000001, -0.22331999999999999]
tajectories: [[-0.61728, 1.72428, 1.85, 0.8791, -1.86849, -1.45832, -0.22332], [-0.71661, 1.39565, 2.00803, 1.17485, -1.84832, -1.3372, -0.29126], [-0.75203, 1.27846, 2.06439, 1.28031, -1.84113, -1.29401, -0.31548], [-0.37647, 1.26421, 2.22463, 1.34959, -2.0723, -1.42289, -0.40617], [-0.34857, 1.26316, 2.23653, 1.35474, -2.08947, -1.43246, -0.4129], [-0.1978, 1.30577, 1.9941, 1.59995, -1.96908, -1.35422, -0.70605], [-0.14247, 1.32141, 1.90513, 1.68994, -1.92489, -1.3255, -0.81363], [-0.18799, 1.63852, 1.86623, 1.61634, -1.8188, -1.30346, -1.17237]]
end: [-0.20696999999999999, 1.77081, 1.8500000000000001, 1.5856399999999999, -1.77454, -1.29427, -1.32202]
obtacles: [[[0.6, -0.4, -0.2], [1.0, 0.6, -0.3]], [[0.8, -0.1, -0.2], [1.0, -0.0, 0.5]], [[0.8, 0.4, -0.2], [1.0, 0.5, 0.5]], [[0.8, -0.1, 0.5], [1.0, 0.5, 0.6]]]
start: [-0.81606999999999996, 1.5258499999999999, 1.8500000000000001, 1.56281, -1.52633, -1.29152, -0.75931000000000004]
tajectories: [[-0.81607, 1.52585, 1.85, 1.56281, -1.52633, -1.29152, -0.75931], [-1.09208, 1.1652, 1.90966, 1.7549, -1.5564, -1.32756, -0.72629], [-1.36809, 0.80455, 1.96933, 1.94699, -1.58647, -1.3636, -0.69327], [-1.6441, 0.4439, 2.02899, 2.13907, -1.61654, -1.39964, -0.66026], [-1.92011, 0.08326, 2.08866, 2.33116, -1.64661, -1.43568, -0.62724], [-2.19613, -0.27739, 2.14832, 2.52325, -1.67668, -1.47172, -0.59422], [-2.47214, -0.63804, 2.20799, 2.71534, -1.70675, -1.50776, -0.5612], [-2.60873, -0.81652, 2.23751, 2.8104, -1.72163, -1.5256, -0.54486], [-2.32312, -0.74562, 2.17556, 2.67238, -1.98397, -1.4959, -0.27876], [-2.03751, -0.67472, 2.11362, 2.53437, -2.24631, -1.4662, -0.01267], [-1.7519, -0.60382, 2.05167, 2.39635, -2.50865, -1.4365, 0.25343], [-1.46628, -0.53292, 1.98972, 2.25834, -2.77099, -1.40681, 0.51953], [-1.18067, -0.46201, 1.92777, 2.12032, -3.03333, -1.37711, 0.78563], [-0.89506, -0.39111, 1.86582, 1.98231, -3.29567, -1.34741, 1.05173], [-0.60945, -0.32021, 1.80388, 1.84429, -3.55801, -1.31771, 1.31783], [-0.32384, -0.24931, 1.74193, 1.70628, -3.82035, -1.28801, 1.58393], [-0.20574, -0.22, 1.71631, 1.64921, -3.92882, -1.27573, 1.69396], [-0.18432, 0.02791, 1.73287, 1.59217, -3.6745, -1.29089, 1.34806], [-0.16291, 0.27581, 1.74942, 1.53513, -3.42018, -1.30604, 1.00215], [-0.14149, 0.52372, 1.76598, 1.4781, -3.16586, -1.3212, 0.65625], [-0.12007, 0.77162, 1.78253, 1.42106, -2.91154, -1.33635, 0.31035], [-0.09865, 1.01952, 1.79908, 1.36402, -2.65722, -1.35151, -0.03555], [-0.07723, 1.26743, 1.81564, 1.30698, -2.40289, -1.36666, -0.38146], [-0.05581, 1.51533, 1.83219, 1.24994, -2.14857, -1.38182, -0.72736], [-0.03439, 1.76324, 1.84874, 1.1929, -1.89425, -1.39697, -1.07326]]
end: [-0.032759999999999997, 1.7820400000000001, 1.8500000000000001, 1.18858, -1.87496, -1.39812, -1.0994900000000001]
obtacles: [[[0.6, -0.4, -0.2], [1.0, 0.6, -0.3]], [[0.8, -0.1, -0.2], [1.0, -0.0, 0.5]], [[0.8, 0.4, -0.2], [1.0, 0.5, 0.5]], [[0.8, -0.1, 0.5], [1.0, 0.5, 0.6]]]
start: [-0.63724999999999998, 1.8470800000000001, 1.95, 0.69559000000000004, -2.03565, -1.5519700000000001, -0.00054000000000000001]
tajectories: [[-0.63725, 1.84708, 1.95, 0.69559, -2.03565, -1.55197, -0.00054], [-0.57222, 1.45983, 1.90779, 0.63878, -1.73796, -1.50552, 0.00464], [-0.50719, 1.07259, 1.86559, 0.58197, -1.44027, -1.45906, 0.00981], [-0.44216, 0.68534, 1.82338, 0.52516, -1.14258, -1.4126, 0.01498], [-0.37713, 0.2981, 1.78117, 0.46835, -0.84489, -1.36615, 0.02015], [-0.31211, -0.08915, 1.73897, 0.41154, -0.5472, -1.31969, 0.02532], [-0.26912, -0.34513, 1.71107, 0.37398, -0.35042, -1.28898, 0.02874], [-0.17266, -0.27087, 1.88598, 0.6188, -0.25346, -0.93531, -0.0721], [-0.07621, -0.19661, 2.06089, 0.86362, -0.15651, -0.58164, -0.17294], [0.02025, -0.12235, 2.2358, 1.10844, -0.05955, -0.22797, -0.27378], [0.1167, -0.04809, 2.41071, 1.35326, 0.03741, 0.1257, -0.37461], [0.16594, -0.01018, 2.5, 1.47822, 0.0869, 0.30623, -0.42609], [0.06338, 0.11902, 2.20744, 1.51887, 0.05629, 0.21786, -0.78218], [-0.03917, 0.24822, 1.91488, 1.55953, 0.02568, 0.1295, -1.13827], [-0.14173, 0.37742, 1.62231, 1.60018, -0.00493, 0.04113, -1.49436], [-0.24429, 0.50662, 1.32975, 1.64083, -0.03554, -0.04723, -1.85045], [-0.31301, 0.59319, 1.13371, 1.66807, -0.05605, -0.10645, -2.08907], [-0.26588, 0.81222, 1.27963, 1.61519, -0.38628, -0.31309, -1.93425], [-0.21875, 1.03124, 1.42555, 1.56232, -0.71651, -0.51974, -1.77944], [-0.17162, 1.25027, 1.57147, 1.50945, -1.04673, -0.72638, -1.62462], [-0.12448, 1.46929, 1.71739, 1.45657, -1.37696, -0.93302, -1.46981], [-0.07735, 1.68831, 1.86331, 1.4037, -1.70719, -1.13967, -1.31499]]
end: [-0.049349999999999998, 1.81843, 1.95, 1.37229, -1.90337, -1.2624299999999999, -1.22302]
obtacles: [[[0.6, -0.4, -0.2], [1.0, 0.6, -0.3]], [[0.8, -0.1, -0.2], [1.0, -0.0, 0.5]], [[0.8, 0.4, -0.2], [1.0, 0.5, 0.5]], [[0.8, -0.1, 0.5], [1.0, 0.5, 0.6]]]
start: [-0.68128, 1.9126399999999999, 1.95, 1.5220199999999999, -1.95303, -1.23237, -0.70843]
tajectories: [[-0.68128, 1.91264, 1.95, 1.52202, -1.95303, -1.23237, -0.70843], [-0.88082, 1.71505, 1.93365, 1.71668, -1.69345, -0.9859, -0.77808], [-1.08035, 1.51746, 1.9173, 1.91134, -1.43386, -0.73943, -0.84773], [-1.27989, 1.31986, 1.90095, 2.106, -1.17428, -0.49296, -0.91738], [-1.4627, 1.13882, 1.88597, 2.28434, -0.93645, -0.26714, -0.98119], [-1.18221, 1.1949, 1.70076, 2.40909, -0.86878, -0.58163, -1.10296], [-0.90171, 1.25097, 1.51555, 2.53383, -0.80112, -0.89613, -1.22473], [-0.62121, 1.30704, 1.33034, 2.65858, -0.73345, -1.21062, -1.34649], [-0.36555, 1.35815, 1.16152, 2.77228, -0.67178, -1.49727, -1.45748], [-0.29274, 1.46761, 1.32822, 2.43154, -0.95471, -1.46938, -1.36804], [-0.21993, 1.57707, 1.49492, 2.0908, -1.23763, -1.44149, -1.2786], [-0.14712, 1.68654, 1.66162, 1.75006, -1.52056, -1.4136, -1.18916], [-0.07431, 1.796, 1.82832, 1.40932, -1.80348, -1.38571, -1.09972]]
end: [-0.021160000000000002, 1.8758999999999999, 1.95, 1.1606000000000001, -2.0099999999999998, -1.3653500000000001, -1.03444]
obtacles: [[[0.6, -0.4, -0.2], [1.0, 0.6, -0.3]], [[0.8, -0.1, -0.2], [1.0, -0.0, 0.5]], [[0.8, 0.4, -0.2], [1.0, 0.5, 0.5]], [[0.8, -0.1, 0.5], [1.0, 0.5, 0.6]]]
start: [-0.57703000000000004, 1.60412, 1.95, 0.84072999999999998, -1.8553599999999999, -1.31454, -0.22039]
tajectories: [[-0.57703, 1.60412, 1.95, 0.84073, -1.85536, -1.31454, -0.22039], [-0.79546, 1.56773, 1.69417, 0.88218, -2.01694, -1.16187, -0.51088], [-1.01388, 1.53134, 1.43834, 0.92363, -2.17852, -1.00919, -0.80137], [-1.2323, 1.49495, 1.18251, 0.96508, -2.3401, -0.85652, -1.09185], [-1.45073, 1.45855, 0.92668, 1.00654, -2.50167, -0.70385, -1.38234], [-1.6541, 1.42467, 0.68847, 1.04513, -2.65212, -0.56169, -1.65281], [-1.47684, 1.13545, 0.89866, 1.29816, -2.65217, -0.40641, -1.70398], [-1.29958, 0.84624, 1.10885, 1.55118, -2.65222, -0.25113, -1.75516], [-1.12232, 0.55702, 1.31904, 1.80421, -2.65227, -0.09585, -1.80633], [-0.94505, 0.2678, 1.52923, 2.05723, -2.65232, 0.05943, -1.8575], [-0.76779, -0.02141, 1.73942, 2.31026, -2.65237, 0.21471, -1.90867], [-0.59053, -0.31063, 1.94962, 2.56328, -2.65242, 0.37, -1.95984], [-0.50968, -0.44255, 2.04549, 2.6787, -2.65244, 0.44083, -1.98318], [-0.44618, -0.10691, 2.01109, 2.48274, -2.56149, 0.17231, -1.86759], [-0.38269, 0.22873, 1.97669, 2.28679, -2.47055, -0.09621, -1.752], [-0.31919, 0.56437, 1.94229, 2.09084, -2.3796, -0.36473, -1.63641], [-0.2557, 0.90001, 1.90789, 1.89489, -2.28865, -0.63324, -1.52082], [-0.1922, 1.23565, 1.87348, 1.69894, -2.19771, -0.90176, -1.40523], [-0.12871, 1.57128, 1.83908, 1.50299, -2.10676, -1.17028, -1.28964], [-0.06521, 1.90692, 1.80468, 1.30704, -2.01581, -1.4388, -1.17405]]
end: [-0.056570000000000002, 1.95259, 1.8, 1.28037, -2.0034399999999999, -1.47533, -1.1583300000000001]
obtacles: [[[0.6, -0.4, -0.2], [1.0, 0.6, -0.3]], [[0.8, -0.1, -0.2], [1.0, -0.0, 0.5]], [[0.8, 0.4, -0.2], [1.0, 0.5, 0.5]], [[0.8, -0.1, 0.5], [1.0, 0.5, 0.6]]]
start: [-0.88485999999999998, 1.80389, 1.8, 1.19493, -1.8735999999999999, -1.4496599999999999, -0.26462000000000002]
tajectories: [[-0.88486, 1.80389, 1.8, 1.19493, -1.8736, -1.44966, -0.26462], [-0.92743, 1.75666, 1.81269, 1.63504, -1.89467, -1.22238, -0.26628], [-0.96999, 1.70943, 1.82537, 2.07514, -1.91574, -0.9951, -0.26794], [-1.00433, 1.67133, 1.83561, 2.43015, -1.93273, -0.81177, -0.26928], [-0.76924, 1.70451, 1.82476, 2.15778, -1.89023, -0.97704, -0.56962], [-0.53415, 1.7377, 1.81391, 1.88541, -1.84774, -1.14231, -0.86996], [-0.29906, 1.77089, 1.80306, 1.61304, -1.80524, -1.30759, -1.1703]]
end: [-0.23277, 1.78024, 1.8, 1.53624, -1.79325, -1.35419, -1.25498]
obtacles: [[[0.6, -0.4, -0.2], [1.0, 0.6, -0.3]], [[0.8, -0.1, -0.2], [1.0, -0.0, 0.5]], [[0.8, 0.4, -0.2], [1.0, 0.5, 0.5]], [[0.8, -0.1, 0.5], [1.0, 0.5, 0.6]]]
start: [-0.93554000000000004, 1.51118, 1.8, 1.3979999999999999, -1.55054, -1.3349500000000001, -0.47172999999999998]
tajectories: [[-0.93554, 1.51118, 1.8, 1.398, -1.55054, -1.33495, -0.47173], [-0.76181, 1.58106, 2.15872, 1.35283, -1.80229, -1.47363, -0.51184], [-0.6653, 1.61988, 2.358, 1.32773, -1.94214, -1.55068, -0.53412], [-0.53277, 1.50475, 2.15658, 1.66066, -2.15021, -1.46323, -0.66386], [-0.44287, 1.42666, 2.01998, 1.88646, -2.29133, -1.40391, -0.75185], [-0.46616, 1.68967, 1.88678, 1.80118, -2.00987, -1.34309, -1.02083]]
end: [-0.48133999999999999, 1.8610199999999999, 1.8, 1.7456100000000001, -1.8265, -1.3034699999999999, -1.19607]
obtacles: [[[0.6, -0.4, -0.2], [1.0, 0.6, -0.3]], [[0.8, -0.1, -0.2], [1.0, -0.0, 0.5]], [[0.8, 0.4, -0.2], [1.0, 0.5, 0.5]], [[0.8, -0.1, 0.5], [1.0, 0.5, 0.6]]]
start: [-0.80284, 1.5037100000000001, 1.8, 1.1951400000000001, -1.5922099999999999, -1.3330900000000001, -0.39745999999999998]
tajectories: [[-0.80284, 1.50371, 1.8, 1.19514, -1.59221, -1.33309, -0.39746], [-0.85037, 1.25562, 1.97542, 0.96449, -1.80447, -1.21548, -0.18929], [-0.89789, 1.00752, 2.15085, 0.73385, -2.01674, -1.09788, 0.01887], [-0.94542, 0.75943, 2.32627, 0.50321, -2.229, -0.98027, 0.22704], [-0.99294, 0.51133, 2.5017, 0.27256, -2.44126, -0.86267, 0.43521], [-1.04047, 0.26323, 2.67712, 0.04192, -2.65353, -0.74506, 0.64338], [-1.05622, 0.18097, 2.73529, -0.03455, -2.72391, -0.70607, 0.7124], [-0.8533, 0.41616, 2.73361, 0.27895, -2.86981, -0.84728, 0.83069], [-0.65038, 0.65134, 2.73193, 0.59246, -3.01572, -0.98849, 0.94898], [-0.44746, 0.88652, 2.73025, 0.90597, -3.16163, -1.12969, 1.06728], [-0.24454, 1.12171, 2.72858, 1.21948, -3.30754, -1.2709, 1.18557], [-0.04162, 1.35689, 2.7269, 1.53298, -3.45345, -1.41211, 1.30386], [0.16046, 1.5911, 2.72523, 1.84519, -3.59875, -1.55274, 1.42167], [0.12442, 1.6458, 2.57661, 1.76097, -3.35277, -1.54672, 1.02672], [0.08839, 1.70051, 2.42799, 1.67674, -3.10679, -1.54071, 0.63177], [0.05235, 1.75522, 2.27937, 1.59252, -2.86081, -1.53469, 0.23682], [0.01631, 1.80992, 2.13075, 1.50829, -2.61483, -1.52868, -0.15813], [-0.01972, 1.86463, 1.98213, 1.42406, -2.36885, -1.52266, -0.55308], [-0.05576, 1.91933, 1.83351, 1.33984, -2.12287, -1.51664, -0.94802]]
end: [-0.076009999999999994, 1.95007, 1.75, 1.29251, -1.9846600000000001, -1.51326, -1.16994]
obtacles: [[[0.6, -0.4, -0.2], [1.0, 0.6, -0.3]], [[0.8, -0.1, -0.2], [1.0, -0.0, 0.5]], [[0.8, 0.4, -0.2], [1.0, 0.5, 0.5]], [[0.8, -0.1, 0.5], [1.0, 0.5, 0.6]]]
start: [-0.82103000000000004, 1.72126, 1.75, 0.93206, -1.79847, -1.5186500000000001, -0.09153]
tajectories: [[-0.82103, 1.72126, 1.75, 0.93206, -1.79847, -1.51865, -0.09153], [-0.86132, 1.40903, 1.64043, 1.14947, -1.96224, -1.49033, -0.3445], [-0.90161, 1.09679, 1.53085, 1.36687, -2.12601, -1.46202, -0.59747], [-0.9419, 0.78456, 1.42128, 1.58428, -2.28977, -1.43371, -0.85045], [-0.9822, 0.47233, 1.31171, 1.80169, -2.45354, -1.40539, -1.10342], [-1.02249, 0.1601, 1.20213, 2.01909, -2.61731, -1.37708, -1.35639], [-1.06278, -0.15213, 1.09256, 2.2365, -2.78108, -1.34876, -1.60936], [-1.10296, -0.46346, 0.9833, 2.45328, -2.94437, -1.32053, -1.86161], [-0.92293, -0.11154, 1.10536, 2.26407, -2.76127, -1.34211, -1.76646], [-0.7429, 0.24038, 1.22742, 2.07487, -2.57817, -1.36368, -1.6713], [-0.56288, 0.59231, 1.34947, 1.88567, -2.39507, -1.38526, -1.57615], [-0.38285, 0.94423, 1.47153, 1.69646, -2.21197, -1.40683, -1.481], [-0.20282, 1.29615, 1.59359, 1.50726, -2.02888, -1.42841, -1.38584], [-0.0228, 1.64808, 1.71565, 1.31806, -1.84578, -1.44998, -1.29069]]
end: [0.027869999999999999, 1.7471300000000001, 1.75, 1.2647999999999999, -1.7942400000000001, -1.4560599999999999, -1.2639100000000001]
obtacles: [[[0.6, -0.4, -0.2], [1.0, 0.6, -0.3]], [[0.8, -0.1, -0.2], [1.0, -0.0, 0.5]], [[0.8, 0.4, -0.2], [1.0, 0.5, 0.5]], [[0.8, -0.1, 0.5], [1.0, 0.5, 0.6]]]
start: [-0.76788999999999996, 1.6087499999999999, 1.7, 1.3687800000000001, -1.6343000000000001, -1.452, -0.59465999999999997]
tajectories: [[-0.76789, 1.60875, 1.7, 1.36878, -1.6343, -1.452, -0.59466], [-0.93738, 1.48615, 2.07771, 1.54558, -1.63194, -1.368, -0.75359], [-1.00199, 1.43942, 2.22168, 1.61297, -1.63105, -1.33598, -0.81418], [-0.92048, 1.22695, 2.14132, 1.78306, -1.41618, -1.20397, -1.12919], [-0.89958, 1.17249, 2.12073, 1.82665, -1.3611, -1.17013, -1.20992], [-0.56272, 1.39952, 1.95203, 1.98349, -1.42882, -1.31923, -1.13847], [-0.30894, 1.57056, 1.82494, 2.10164, -1.47984, -1.43155, -1.08464], [-0.20188, 1.77251, 1.75994, 1.76572, -1.73591, -1.46486, -1.20298]]
end: [-0.10317, 1.95872, 1.7, 1.4559800000000001, -1.9720200000000001, -1.4955799999999999, -1.31209]
obtacles: [[[0.6, -0.4, -0.2], [1.0, 0.6, -0.3]], [[0.8, -0.1, -0.2], [1.0, -0.0, 0.5]], [[0.8, 0.4, -0.2], [1.0, 0.5, 0.5]], [[0.8, -0.1, 0.5], [1.0, 0.5, 0.6]]]
start: [-0.58758999999999995, 1.8676900000000001, 1.8500000000000001, 0.86375000000000002, -1.9753700000000001, -1.56047, -0.23202]
tajectories: [[-0.58759, 1.86769, 1.85, 0.86375, -1.97537, -1.56047, -0.23202], [-0.80707, 1.48762, 2.03891, 0.96905, -2.00602, -1.49566, -0.30591], [-1.02655, 1.10754, 2.22781, 1.07434, -2.03666, -1.43085, -0.3798], [-1.18256, 0.83737, 2.36209, 1.14919, -2.05845, -1.38477, -0.43232], [-0.91236, 1.00279, 2.32471, 1.48189, -1.90295, -1.32919, -0.53367], [-0.64215, 1.16821, 2.28733, 1.81459, -1.74745, -1.27361, -0.63502], [-0.37195, 1.33363, 2.24994, 2.14729, -1.59196, -1.21803, -0.73637], [-0.33927, 1.35364, 2.24542, 2.18753, -1.57315, -1.21131, -0.74863], [-0.38145, 1.6021, 2.05649, 2.02373, -1.25573, -1.34731, -0.68001], [-0.42363, 1.85056, 1.86757, 1.85992, -0.9383, -1.48331, -0.61139], [-0.42809, 1.87685, 1.84758, 1.84259, -0.90472, -1.4977, -0.60413], [-0.26291, 1.8938, 1.93532, 1.53456, -1.24949, -1.51311, -0.63135], [-0.09773, 1.91074, 2.02306, 1.22653, -1.59427, -1.52852, -0.65858], [0.06745, 1.92769, 2.1108, 0.9185, -1.93904, -1.54394, -0.6858], [0.23263, 1.94464, 2.19854, 0.61047, -2.28381, -1.55935, -0.71302]]
end: [0.23538000000000001, 1.94492, 2.2000000000000002, 0.60533000000000003, -2.2895599999999998, -1.5596099999999999, -0.71348]
obtacles: [[[0.6, -0.4, -0.2], [1.0, 0.6, -0.3]], [[0.8, -0.1, -0.2], [1.0, -0.0, 0.5]], [[0.8, 0.4, -0.2], [1.0, 0.5, 0.5]], [[0.8, -0.1, 0.5], [1.0, 0.5, 0.6]]]
start: [-0.54691999999999996, 1.6555800000000001, 2.2000000000000002, 0.95394000000000001, -2.0398800000000001, -1.12704, -0.27172000000000002]
tajectories: [[-0.54692, 1.65558, 2.2, 0.95394, -2.03988, -1.12704, -0.27172], [-0.6272, 1.58663, 2.20473, 1.18836, -1.94123, -1.17546, -0.68615], [-0.70749, 1.51769, 2.20947, 1.42278, -1.84259, -1.22388, -1.10057], [-0.78778, 1.44874, 2.2142, 1.65721, -1.74394, -1.2723, -1.515], [-0.8422, 1.40201, 2.21741, 1.81611, -1.67708, -1.30512, -1.79592], [-0.52458, 1.38043, 2.10741, 2.05631, -1.77488, -1.26167, -2.05555], [-0.20697, 1.35885, 1.99742, 2.29652, -1.87269, -1.21823, -2.31517], [0.02409, 1.34315, 1.9174, 2.47126, -1.94384, -1.18662, -2.50405], [-0.03566, 1.52103, 1.92684, 2.20077, -1.95859, -1.20048, -2.12839], [-0.09541, 1.69892, 1.93628, 1.93027, -1.97334, -1.21434, -1.75272], [-0.15515, 1.8768, 1.94572, 1.65977, -1.98809, -1.2282, -1.37706]]
end: [-0.18221999999999999, 1.9574, 1.95, 1.53721, -1.9947699999999999, -1.2344900000000001, -1.20686]
obtacles: [[[0.6, -0.4, -0.2], [1.0, 0.6, -0.3]], [[0.8, -0.1, -0.2], [1.0, -0.0, 0.5]], [[0.8, 0.4, -0.2], [1.0, 0.5, 0.5]], [[0.8, -0.1, 0.5], [1.0, 0.5, 0.6]]]
start: [-0.59562000000000004, 1.89337, 1.95, 1.1088899999999999, -2.0341999999999998, -1.3969, -0.40971999999999997]
tajectories: [[-0.59562, 1.89337, 1.95, 1.10889, -2.0342, -1.3969, -0.40972], [-0.5804, 1.50892, 2.23808, 1.09442, -2.09615, -1.36857, -0.52858], [-0.56576, 1.13881, 2.51541, 1.08049, -2.15578, -1.34129, -0.643], [-0.40226, 1.42162, 2.54856, 1.37762, -2.22263, -1.12201, -0.60627], [-0.25415, 1.67779, 2.57859, 1.64678, -2.28319, -0.92338, -0.573], [-0.23515, 1.79605, 2.24449, 1.52667, -2.16956, -1.15442, -0.78112], [-0.21615, 1.91431, 1.91038, 1.40656, -2.05593, -1.38545, -0.98924]]
end: [-0.20702999999999999, 1.9710799999999999, 1.75, 1.3489, -2.0013899999999998, -1.4963599999999999, -1.08914]
obtacles: [[[0.6, -0.4, -0.2], [1.0, 0.6, -0.3]], [[0.8, -0.1, -0.2], [1.0, -0.0, 0.5]], [[0.8, 0.4, -0.2], [1.0, 0.5, 0.5]], [[0.8, -0.1, 0.5], [1.0, 0.5, 0.6]]]
start: [-0.66605000000000003, 1.6176999999999999, 1.75, 0.627, -1.74373, -1.5042500000000001, 0.04904]
tajectories: [[-0.66605, 1.6177, 1.75, 0.627, -1.74373, -1.50425, 0.04904], [-0.69015, 1.3434, 1.90606, 0.94918, -1.87637, -1.42417, -0.09935], [-0.71425, 1.0691, 2.06213, 1.27135, -2.00902, -1.3441, -0.24775], [-0.73835, 0.7948, 2.21819, 1.59353, -2.14166, -1.26402, -0.39614], [-0.76245, 0.5205, 2.37425, 1.9157, -2.27431, -1.18395, -0.54453], [-0.77016, 0.43274, 2.42418, 2.01878, -2.31674, -1.15833, -0.592], [-0.60913, 0.77047, 2.2492, 1.88093, -2.1698, -1.22321, -0.77798], [-0.44811, 1.1082, 2.07422, 1.74309, -2.02286, -1.28808, -0.96397], [-0.28708, 1.44593, 1.89923, 1.60525, -1.87592, -1.35296, -1.14995]]
end: [-0.14974999999999999, 1.7339599999999999, 1.75, 1.48769, -1.7505999999999999, -1.4083000000000001, -1.30857]
obtacles: [[[0.6, -0.4, -0.2], [1.0, 0.6, -0.3]], [[0.8, -0.1, -0.2], [1.0, -0.0, 0.5]], [[0.8, 0.4, -0.2], [1.0, 0.5, 0.5]], [[0.8, -0.1, 0.5], [1.0, 0.5, 0.6]]]
start: [-0.62631999999999999, 1.6442600000000001, 1.8, 0.56525999999999998, -1.8039700000000001, -1.5113700000000001, 0.076490000000000002]
tajectories: [[-0.62632, 1.64426, 1.8, 0.56526, -1.80397, -1.51137, 0.07649], [-0.78757, 1.7234, 1.68141, 0.74835, -1.87779, -1.3296, -0.28636], [-0.94882, 1.80254, 1.56282, 0.93145, -1.95161, -1.14783, -0.64921], [-1.10542, 1.87939, 1.44765, 1.10926, -2.0233, -0.9713, -1.0016], [-1.10058, 1.61035, 1.5651, 1.35955, -2.07577, -1.04593, -1.30628], [-1.09573, 1.34131, 1.68256, 1.60985, -2.12824, -1.12056, -1.61095], [-1.09242, 1.15743, 1.76284, 1.78091, -2.1641, -1.17156, -1.81919], [-0.67986, 1.2962, 1.63711, 1.63271, -2.23959, -1.30091, -1.83738], [-0.26729, 1.43496, 1.51137, 1.4845, -2.31509, -1.43025, -1.85556], [-0.06903, 1.50165, 1.45095, 1.41329, -2.35137, -1.49241, -1.8643], [-0.2142, 1.70695, 1.55997, 1.41673, -2.19143, -1.50074, -1.47799], [-0.35937, 1.91226, 1.66898, 1.42018, -2.0315, -1.50907, -1.09169]]
end: [-0.40067999999999998, 1.97068, 1.7, 1.42116, -1.9859899999999999, -1.51145, -0.98175999999999997]
obtacles: [[[0.6, -0.4, -0.2], [1.0, 0.6, -0.3]], [[0.8, -0.1, -0.2], [1.0, -0.0, 0.5]], [[0.8, 0.4, -0.2], [1.0, 0.5, 0.5]], [[0.8, -0.1, 0.5], [1.0, 0.5, 0.6]]]
start: [-0.47782000000000002, 1.88595, 2.2000000000000002, 0.50709000000000004, -2.2648199999999998, -1.57003, 0.074319999999999997]
tajectories: [[-0.47782, 1.88595, 2.2, 0.50709, -2.26482, -1.57003, 0.07432], [-0.65209, 1.60816, 1.85669, 0.4933, -2.29182, -1.48875, -0.05637], [-0.82637, 1.33038, 1.51339, 0.4795, -2.31882, -1.40747, -0.18706], [-1.00064, 1.0526, 1.17008, 0.4657, -2.34582, -1.3262, -0.31775], [-1.17492, 0.77481, 0.82678, 0.4519, -2.37281, -1.24492, -0.44844], [-1.3492, 0.49703, 0.48347, 0.4381, -2.39981, -1.16364, -0.57913], [-1.52347, 0.21925, 0.14017, 0.4243, -2.42681, -1.08236, -0.70982], [-1.69775, -0.05854, -0.20314, 0.4105, -2.45381, -1.00108, -0.84051], [-1.80013, -0.22172, -0.40481, 0.4024, -2.46967, -0.95334, -0.91728], [-1.62018, -0.30578, -0.09189, 0.5739, -2.6721, -0.91285, -1.11877], [-1.44023, -0.38984, 0.22104, 0.74541, -2.87453, -0.87236, -1.32026], [-1.26028, -0.4739, 0.53396, 0.91691, -3.07696, -0.83188, -1.52175], [-1.08032, -0.55796, 0.84689, 1.08841, -3.27939, -0.79139, -1.72324], [-0.90037, -0.64203, 1.15982, 1.25992, -3.48182, -0.7509, -1.92473], [-0.72042, -0.72609, 1.47274, 1.43142, -3.68425, -0.71042, -2.12621], [-0.57331, -0.79481, 1.72856, 1.57163, -3.84974, -0.67732, -2.29093], [-0.50313, -0.47266, 1.6431, 1.77676, -3.67166, -0.43535, -2.33159], [-0.43295, -0.15052, 1.55764, 1.98189, -3.49358, -0.19338, -2.37226], [-0.36277, 0.17162, 1.47218, 2.18702, -3.3155, 0.0486, -2.41292], [-0.29259, 0.49376, 1.38672, 2.39215, -3.13742, 0.29057, -2.45358], [-0.22241, 0.81591, 1.30126, 2.59729, -2.95934, 0.53254, -2.49424], [-0.16144, 1.09575, 1.22702, 2.77548, -2.80464, 0.74274, -2.52956], [-0.15329, 1.21754, 1.36805, 2.53181, -2.71944, 0.45533, -2.27271], [-0.14514, 1.33932, 1.50909, 2.28813, -2.63425, 0.16793, -2.01586], [-0.13699, 1.46111, 1.65012, 2.04446, -2.54905, -0.11948, -1.759], [-0.12884, 1.58289, 1.79115, 1.80078, -2.46385, -0.40689, -1.50215], [-0.12069, 1.70468, 1.93218, 1.55711, -2.37866, -0.69429, -1.24529], [-0.11254, 1.82646, 2.07321, 1.31343, -2.29346, -0.9817, -0.98844]]
end: [-0.10521, 1.9359599999999999, 2.2000000000000002, 1.09436, -2.2168700000000001, -1.2400899999999999, -0.75751000000000002]
obtacles: [[[0.6, -0.4, -0.2], [1.0, 0.6, -0.3]], [[0.8, -0.1, -0.2], [1.0, -0.0, 0.5]], [[0.8, 0.4, -0.2], [1.0, 0.5, 0.5]], [[0.8, -0.1, 0.5], [1.0, 0.5, 0.6]]]
start: [-0.70762999999999998, 1.8851199999999999, 2.2000000000000002, 1.44421, -2.02705, -1.02844, -0.50461]
tajectories: [[-0.70763, 1.88512, 2.2, 1.44421, -2.02705, -1.02844, -0.50461], [-0.51967, 1.92124, 2.59095, 1.47155, -2.20624, -1.15561, -0.61183], [-0.5097, 1.92315, 2.61169, 1.473, -2.21574, -1.16236, -0.61752], [-0.31761, 1.77616, 2.47051, 1.73515, -2.12696, -1.07204, -0.76077], [-0.10931, 1.79015, 2.49654, 1.66971, -2.10104, -1.29938, -0.98615], [0.10157, 1.72915, 2.28416, 1.67566, -2.16946, -1.2956, -1.09008], [0.04382, 1.95819, 2.00782, 1.41209, -2.05852, -1.25106, -1.27469]]
end: [0.042189999999999998, 1.9646699999999999, 2.0, 1.40463, -2.05538, -1.2498, -1.2799199999999999]
obtacles: [[[0.6, -0.4, -0.2], [1.0, 0.6, -0.3]], [[0.8, -0.1, -0.2], [1.0, -0.0, 0.5]], [[0.8, 0.4, -0.2], [1.0, 0.5, 0.5]], [[0.8, -0.1, 0.5], [1.0, 0.5, 0.6]]]
start: [2.4474800000000001, -1.90388, 2.0, -0.78841000000000006, 1.03592, -1.5223500000000001, -0.0077799999999999996]
tajectories: [[2.44748, -1.90388, 2.0, -0.78841, 1.03592, -1.52235, -0.00778], [2.14742, -1.70639, 1.81732, -0.65024, 1.05626, -1.26256, -0.03212], [1.84736, -1.5089, 1.63463, -0.51206, 1.0766, -1.00277, -0.05647], [1.5473, -1.31142, 1.45195, -0.37389, 1.09694, -0.74298, -0.08081], [1.24724, -1.11393, 1.26927, -0.23571, 1.11728, -0.48319, -0.10516], [0.94717, -0.91644, 1.08658, -0.09753, 1.13762, -0.2234, -0.1295], [0.64711, -0.71896, 0.9039, 0.04064, 1.15796, 0.03639, -0.15385], [0.34705, -0.52147, 0.72122, 0.17882, 1.1783, 0.29618, -0.1782], [0.05696, -0.33054, 0.5446, 0.31241, 1.19797, 0.54734, -0.20173], [0.08978, -0.11028, 0.85032, 0.42593, 0.99338, 0.73053, -0.0652], [0.1226, 0.10998, 1.15603, 0.53945, 0.78879, 0.91373, 0.07134], [0.15543, 0.33024, 1.46175, 0.65298, 0.58421, 1.09692, 0.20787], [0.18825, 0.55051, 1.76747, 0.7665, 0.37962, 1.28011, 0.34441], [0.21271, 0.71459, 1.99521, 0.85107, 0.22721, 1.41658, 0.44612], [0.1068, 0.97277, 1.9653, 0.95784, 0.41094, 1.41282, 0.80116], [0.00089, 1.23095, 1.93539, 1.06462, 0.59467, 1.40906, 1.15621], [-0.10502, 1.48913, 1.90548, 1.1714, 0.7784, 1.40529, 1.51126], [-0.21093, 1.74731, 1.87557, 1.27817, 0.96213, 1.40153, 1.86631]]
end: [-0.30148999999999998, 1.9680599999999999, 1.8500000000000001, 1.36947, 1.1192299999999999, 1.39832, 2.16988]
obtacles: [[[0.6, -0.4, -0.2], [1.0, 0.6, -0.3]], [[0.8, -0.1, -0.2], [1.0, -0.0, 0.5]], [[0.8, 0.4, -0.2], [1.0, 0.5, 0.5]], [[0.8, -0.1, 0.5], [1.0, 0.5, 0.6]]]
start: [-0.81555, 1.61513, 1.8500000000000001, 0.89658000000000004, -1.7826, -1.3822700000000001, -0.054699999999999999]
tajectories: [[-0.81555, 1.61513, 1.85, 0.89658, -1.7826, -1.38227, -0.0547], [-0.7748, 1.35908, 1.91165, 1.09945, -1.93861, -1.35857, -0.39074], [-0.73405, 1.10303, 1.9733, 1.30232, -2.09462, -1.33488, -0.72678], [-0.69331, 0.84699, 2.03496, 1.50519, -2.25063, -1.31118, -1.06282], [-0.65256, 0.59094, 2.09661, 1.70806, -2.40664, -1.28749, -1.39886], [-0.61182, 0.33489, 2.15826, 1.91093, -2.56264, -1.26379, -1.7349], [-0.60192, 0.27271, 2.17323, 1.96019, -2.60053, -1.25804, -1.81651], [-0.34716, 0.60746, 2.05339, 2.07446, -2.42578, -1.16406, -1.89556], [-0.09239, 0.94221, 1.93356, 2.18872, -2.25102, -1.07008, -1.97462], [0.16237, 1.27696, 1.81372, 2.30299, -2.07627, -0.97611, -2.05367], [0.24959, 1.39155, 1.7727, 2.3421, -2.01645, -0.94394, -2.08074], [0.14816, 1.5051, 1.85092, 2.02436, -2.04071, -1.03207, -1.747], [0.04674, 1.61864, 1.92915, 1.70661, -2.06497, -1.12021, -1.41326], [-0.05469, 1.73219, 2.00738, 1.38886, -2.08924, -1.20835, -1.07953], [-0.15611, 1.84574, 2.08561, 1.07111, -2.1135, -1.29649, -0.74579]]
end: [-0.17476, 1.8666199999999999, 2.1000000000000001, 1.01268, -2.1179600000000001, -1.3126899999999999, -0.68442000000000003]
obtacles: [[[0.6, -0.4, -0.2], [1.0, 0.6, -0.3]], [[0.8, -0.1, -0.2], [1.0, -0.0, 0.5]], [[0.8, 0.4, -0.2], [1.0, 0.5, 0.5]], [[0.8, -0.1, 0.5], [1.0, 0.5, 0.6]]]
start: [-0.69869000000000003, 1.5986199999999999, 2.1000000000000001, 0.85160000000000002, -1.9595, -1.2011000000000001, -0.071790000000000007]
tajectories: [[-0.69869, 1.59862, 2.1, 0.8516, -1.9595, -1.2011, -0.07179], [-0.74932, 1.31795, 2.23554, 0.99813, -2.08055, -1.17648, -0.40878], [-0.79995, 1.03728, 2.37107, 1.14467, -2.20159, -1.15185, -0.74577], [-0.82525, 0.89698, 2.43882, 1.21792, -2.26209, -1.13955, -0.91423], [-0.47419, 1.07034, 2.36021, 1.26355, -2.53469, -1.04338, -0.84436], [-0.12313, 1.2437, 2.28159, 1.30918, -2.80728, -0.9472, -0.7745], [0.06011, 1.33418, 2.24056, 1.333, -2.94956, -0.89701, -0.73803], [-0.06834, 1.59633, 2.17931, 1.32953, -2.57501, -1.02519, -0.80359], [-0.19679, 1.85849, 2.11805, 1.32605, -2.20047, -1.15337, -0.86915]]
end: [-0.23465, 1.9357500000000001, 2.1000000000000001, 1.3250299999999999, -2.0900799999999999, -1.1911499999999999, -0.88846999999999998]
obtacles: [[[0.6, -0.4, -0.2], [1.0, 0.6, -0.3]], [[0.8, -0.1, -0.2], [1.0, -0.0, 0.5]], [[0.8, 0.4, -0.2], [1.0, 0.5, 0.5]], [[0.8, -0.1, 0.5], [1.0, 0.5, 0.6]]]
start: [-0.57284000000000002, 1.7125900000000001, 2.1000000000000001, 0.65998000000000001, -2.0838800000000002, -1.37477, 0.0029199999999999999]
tajectories: [[-0.57284, 1.71259, 2.1, 0.65998, -2.08388, -1.37477, 0.00292], [-0.60581, 1.69416, 2.21352, 0.75117, -2.36312, -1.2557, -0.36481], [-0.63878, 1.67573, 2.32704, 0.84236, -2.64236, -1.13664, -0.73253], [-0.67175, 1.6573, 2.44055, 0.93355, -2.92159, -1.01757, -1.10026], [-0.68827, 1.64806, 2.49745, 0.97925, -3.06154, -0.9579, -1.28455], [-0.70453, 1.70616, 2.22025, 1.27352, -2.82744, -1.09477, -1.18765], [-0.72078, 1.76427, 1.94306, 1.5678, -2.59334, -1.23164, -1.09075], [-0.73514, 1.81559, 1.69822, 1.82773, -2.38656, -1.35254, -1.00516], [-0.39944, 1.88851, 1.69919, 1.59409, -2.1574, -1.44161, -1.13537]]
end: [-0.11935, 1.9493499999999999, 1.7, 1.3991499999999999, -1.9661900000000001, -1.51593, -1.24403]
obtacles: [[[0.6, -0.4, -0.2], [1.0, 0.6, -0.3]], [[0.8, -0.1, -0.2], [1.0, -0.0, 0.5]], [[0.8, 0.4, -0.2], [1.0, 0.5, 0.5]], [[0.8, -0.1, 0.5], [1.0, 0.5, 0.6]]]
start: [-0.87009999999999998, 1.8629500000000001, 1.8, 0.98529, -1.93946, -1.5486200000000001, -0.077179999999999999]
tajectories: [[-0.8701, 1.86295, 1.8, 0.98529, -1.93946, -1.54862, -0.07718], [-1.02921, 1.6669, 1.85804, 0.99429, -2.02489, -1.19798, 0.15205], [-1.18832, 1.47085, 1.91607, 1.00329, -2.11033, -0.84734, 0.38129], [-1.34743, 1.27479, 1.97411, 1.0123, -2.19576, -0.4967, 0.61052], [-1.50654, 1.07874, 2.03215, 1.0213, -2.2812, -0.14606, 0.83976], [-1.66565, 0.88269, 2.09019, 1.0303, -2.36663, 0.20458, 1.069], [-1.82476, 0.68664, 2.14822, 1.03931, -2.45207, 0.55523, 1.29823], [-1.84004, 0.66782, 2.15379, 1.04017, -2.46027, 0.58889, 1.32024], [-1.42858, 0.65987, 2.21381, 1.27078, -2.57472, 0.48817, 1.34507], [-1.01713, 0.65191, 2.27382, 1.50139, -2.68917, 0.38745, 1.3699], [-0.60567, 0.64396, 2.33383, 1.732, -2.80362, 0.28673, 1.39473], [-0.19422, 0.63601, 2.39384, 1.96261, -2.91807, 0.18601, 1.41956], [0.21724, 0.62806, 2.45385, 2.19322, -3.03252, 0.0853, 1.44439], [0.55209, 0.62159, 2.50269, 2.38089, -3.12566, 0.00333, 1.4646], [0.43909, 0.79518, 2.40653, 2.23177, -2.96384, -0.19552, 1.13311], [0.32609, 0.96876, 2.31036, 2.08265, -2.80202, -0.39438, 0.80162], [0.21309, 1.14235, 2.2142, 1.93353, -2.6402, -0.59323, 0.47013], [0.10009, 1.31593, 2.11804, 1.78441, -2.47837, -0.79209, 0.13864], [-0.01291, 1.48951, 2.02188, 1.63529, -2.31655, -0.99094, -0.19286], [-0.12591, 1.6631, 1.92571, 1.48617, -2.15473, -1.18979, -0.52435], [-0.23891, 1.83668, 1.82955, 1.33705, -1.99291, -1.38865, -0.85584]]
end: [-0.27362999999999998, 1.8900300000000001, 1.8, 1.2912300000000001, -1.9431799999999999, -1.4497500000000001, -0.95770999999999995]
obtacles: [[[0.6, -0.4, -0.2], [1.0, 0.6, -0.3]], [[0.8, -0.1, -0.2], [1.0, -0.0, 0.5]], [[0.8, 0.4, -0.2], [1.0, 0.5, 0.5]], [[0.8, -0.1, 0.5], [1.0, 0.5, 0.6]]]
start: [-0.63519999999999999, 1.7668999999999999, 1.8500000000000001, 1.22481, -1.85456, -1.3814500000000001, -0.53483999999999998]
tajectories: [[-0.6352, 1.7669, 1.85, 1.22481, -1.85456, -1.38145, -0.53484], [-0.89965, 1.65413, 1.81729, 1.3871, -1.71679, -1.19291, -0.24259], [-1.16411, 1.54135, 1.78458, 1.54938, -1.57903, -1.00437, 0.04966], [-1.42856, 1.42858, 1.75186, 1.71167, -1.44126, -0.81583, 0.34192], [-1.69302, 1.31581, 1.71915, 1.87395, -1.30349, -0.62728, 0.63417], [-1.95747, 1.20304, 1.68644, 2.03624, -1.16573, -0.43874, 0.92643], [-1.96143, 1.20135, 1.68595, 2.03867, -1.16366, -0.43592, 0.93081], [-1.59114, 1.11852, 1.72345, 2.02699, -1.44536, -0.59381, 0.91666], [-1.22086, 1.03568, 1.76095, 2.0153, -1.72705, -0.75169, 0.90251], [-0.85057, 0.95285, 1.79845, 2.00362, -2.00875, -0.90958, 0.88837], [-0.48028, 0.87001, 1.83595, 1.99193, -2.29044, -1.06747, 0.87422], [-0.14931, 0.79597, 1.86947, 1.98149, -2.54222, -1.20859, 0.86158], [-0.15616, 1.06036, 1.9461, 1.76415, -2.46987, -1.22303, 0.51302], [-0.163, 1.32475, 2.02274, 1.5468, -2.39752, -1.23747, 0.16445], [-0.16985, 1.58914, 2.09937, 1.32946, -2.32517, -1.2519, -0.18411], [-0.1767, 1.85353, 2.17601, 1.11212, -2.25282, -1.26634, -0.53268]]
end: [-0.17884, 1.9362999999999999, 2.2000000000000002, 1.0440799999999999, -2.2301700000000002, -1.2708600000000001, -0.64178999999999997]
