obtacles: [[[0.6, -0.4, -0.2], [1.0, 0.6, -0.3]], [[0.7, -0.0, -0.2], [0.9, 0.1, 0.3]], [[0.7, 0.5, -0.2], [0.9, 0.6, 0.3]], [[0.7, 0.0, 0.3], [0.9, 0.6, 0.4]]]
start: [2.4236900000000001, -1.9558899999999999, -1.45, 1.3875200000000001, -1.9714700000000001, -1.5294399999999999, -0.63763999999999998]
tajectories: [[2.42369, -1.95589, -1.45, 1.38752, -1.97147, -1.52944, -0.63764], [2.38013, -1.90445, -1.34195, 1.54903, -1.85894, -1.22792, -0.96031], [2.33658, -1.853, -1.23391, 1.71055, -1.74641, -0.9264, -1.28299], [2.29302, -1.80156, -1.12586, 1.87206, -1.63389, -0.62488, -1.60566], [2.24946, -1.75012, -1.01782, 2.03358, -1.52136, -0.32336, -1.92833], [2.2059, -1.69868, -0.90977, 2.1951, -1.40883, -0.02184, -2.251], [2.16234, -1.64723, -0.80173, 2.35661, -1.2963, 0.27968, -2.57368], [2.13095, -1.61016, -0.72386, 2.47301, -1.2152, 0.49698, -2.80622], [2.02348, -1.2453, -0.48089, 2.57228, -1.33865, 0.64248, -2.81174], [1.91601, -0.88044, -0.23792, 2.67156, -1.4621, 0.78798, -2.81727], [1.80855, -0.51559, 0.00505, 2.77083, -1.58554, 0.93348, -2.8228], [1.70108, -0.15073, 0.24802, 2.8701, -1.70899, 1.07899, -2.82833], [1.59361, 0.21413, 0.49099, 2.96937, -1.83244, 1.22449, -2.83386], [1.48615, 0.57898, 0.73396, 3.06865, -1.95588, 1.36999, -2.83939], [1.43512, 0.75221, 0.84931, 3.11578, -2.01449, 1.43907, -2.84201], [1.34396, 0.89813, 0.49625, 2.82479, -1.91196, 1.45692, -2.8574], [1.2528, 1.04405, 0.14319, 2.53379, -1.80944, 1.47477, -2.87278], [1.16164, 1.18998, -0.20987, 2.2428, -1.70691, 1.49262, -2.88817], [1.07048, 1.3359, -0.56293, 1.95181, -1.60438, 1.51047, -2.90355], [0.97931, 1.48182, -0.91599, 1.66082, -1.50185, 1.52832, -2.91894], [0.88815, 1.62774, -1.26905, 1.36982, -1.39933, 1.54617, -2.93432], [0.79699, 1.77367, -1.62211, 1.07883, -1.2968, 1.56402, -2.94971]]
end: [0.76397000000000004, 1.8265199999999999, -1.75, 0.97343000000000002, -1.25966, 1.5704899999999999, -2.9552800000000001]
obtacles: [[[0.6, -0.4, -0.2], [1.0, 0.6, -0.3]], [[0.7, -0.0, -0.2], [0.9, 0.1, 0.3]], [[0.7, 0.5, -0.2], [0.9, 0.6, 0.3]], [[0.7, 0.0, 0.3], [0.9, 0.6, 0.4]]]
start: [2.3965100000000001, -1.7064999999999999, -1.55, 1.61808, -1.7054199999999999, -1.54382, -0.86977000000000004]
tajectories: [[2.39651, -1.7065, -1.55, 1.61808, -1.70542, -1.54382, -0.86977], [2.22893, -1.49328, -1.59308, 1.46886, -1.82998, -1.27585, -1.12473], [2.06134, -1.28005, -1.63617, 1.31964, -1.95455, -1.00789, -1.37969], [1.89376, -1.06682, -1.67925, 1.17042, -2.07912, -0.73992, -1.63465], [1.72617, -0.8536, -1.72233, 1.02121, -2.20368, -0.47196, -1.88961], [1.55858, -0.64037, -1.76542, 0.87199, -2.32825, -0.20399, -2.14457], [1.391, -0.42714, -1.8085, 0.72277, -2.45282, 0.06397, -2.39953], [1.22341, -0.21392, -1.85158, 0.57355, -2.57738, 0.33194, -2.65449], [1.11415, -0.0749, -1.87967, 0.47627, -2.6586, 0.50664, -2.82071], [1.18787, 0.14931, -1.79361, 0.81554, -2.87261, 0.45443, -2.66821], [1.26158, 0.37352, -1.70756, 1.1548, -3.08663, 0.40222, -2.5157], [1.3353, 0.59773, -1.6215, 1.49407, -3.30064, 0.35, -2.36319], [1.40901, 0.82194, -1.53544, 1.83334, -3.51465, 0.29779, -2.21068], [1.48273, 1.04614, -1.44938, 2.17261, -3.72867, 0.24557, -2.05818], [1.55644, 1.27035, -1.36332, 2.51188, -3.94268, 0.19336, -1.90567], [1.55656, 1.27072, -1.36318, 2.51243, -3.94303, 0.19328, -1.90542], [1.43663, 1.36714, -1.47414, 2.23003, -3.96551, -0.07013, -1.65172], [1.31669, 1.46357, -1.5851, 1.94763, -3.98799, -0.33355, -1.39801], [1.19675, 1.55999, -1.69606, 1.66523, -4.01047, -0.59696, -1.14431], [1.07682, 1.65642, -1.80703, 1.38283, -4.03294, -0.86037, -0.8906], [0.95688, 1.75284, -1.91799, 1.10043, -4.05542, -1.12378, -0.6369], [0.83695, 1.84927, -2.02895, 0.81804, -4.0779, -1.38719, -0.3832]]
end: [0.76014999999999999, 1.9110100000000001, -2.1000000000000001, 0.63721000000000005, -4.0922900000000002, -1.55586, -0.22073999999999999]
obtacles: [[[0.6, -0.4, -0.2], [1.0, 0.6, -0.3]], [[0.7, -0.0, -0.2], [0.9, 0.1, 0.3]], [[0.7, 0.5, -0.2], [0.9, 0.6, 0.3]], [[0.7, 0.0, 0.3], [0.9, 0.6, 0.4]]]
start: [0.33950999999999998, 1.88487, -1.5, 1.9232100000000001, -1.2519499999999999, 1.52729, -1.5536799999999999]
tajectories: [[0.33951, 1.88487, -1.5, 1.92321, -1.25195, 1.52729, -1.55368], [0.1544, 1.74166, -1.51425, 2.05709, -1.64434, 1.37952, -1.51768], [-0.0307, 1.59845, -1.52849, 2.19097, -2.03673, 1.23175, -1.48168], [-0.21581, 1.45524, -1.54274, 2.32484, -2.42911, 1.08399, -1.44568], [-0.40092, 1.31203, -1.55698, 2.45872, -2.8215, 0.93622, -1.40968], [-0.58603, 1.16882, -1.57123, 2.5926, -3.21389, 0.78845, -1.37369], [-0.77114, 1.0256, -1.58547, 2.72647, -3.60628, 0.64068, -1.33769], [-0.95625, 0.88239, -1.59972, 2.86035, -3.99867, 0.49292, -1.30169], [-1.07858, 0.78775, -1.60913, 2.94883, -4.25798, 0.39526, -1.2779], [-0.59958, 0.78777, -1.68607, 2.93115, -4.16703, 0.46783, -1.24991], [-0.12057, 0.7878, -1.763, 2.91347, -4.07608, 0.54039, -1.22191], [0.35844, 0.78782, -1.83993, 2.8958, -3.98512, 0.61296, -1.19392], [0.83744, 0.78784, -1.91687, 2.87812, -3.89417, 0.68553, -1.16593], [1.31645, 0.78787, -1.9938, 2.86045, -3.80322, 0.75809, -1.13794], [1.79545, 0.78789, -2.07074, 2.84277, -3.71227, 0.83066, -1.10995], [2.26713, 0.78791, -2.14649, 2.82536, -3.62271, 0.90211, -1.08238], [2.10945, 0.94071, -2.06214, 2.66018, -3.29037, 0.99589, -1.30182], [1.95178, 1.0935, -1.9778, 2.49499, -2.95804, 1.08967, -1.52126], [1.79411, 1.24629, -1.89345, 2.3298, -2.62571, 1.18345, -1.7407], [1.63644, 1.39908, -1.8091, 2.16461, -2.29338, 1.27723, -1.96013], [1.47876, 1.55188, -1.72476, 1.99942, -1.96104, 1.37101, -2.17957], [1.32109, 1.70467, -1.64041, 1.83423, -1.62871, 1.46478, -2.39901], [1.16342, 1.85746, -1.55606, 1.66904, -1.29638, 1.55856, -2.61845]]
end: [1.1520900000000001, 1.8684400000000001, -1.55, 1.65717, -1.2725, 1.5652999999999999, -2.63422]
obtacles: [[[0.6, -0.4, -0.2], [1.0, 0.6, -0.3]], [[0.7, -0.0, -0.2], [0.9, 0.1, 0.3]], [[0.7, 0.5, -0.2], [0.9, 0.6, 0.3]], [[0.7, 0.0, 0.3], [0.9, 0.6, 0.4]]]
start: [2.2056300000000002, -1.5851900000000001, -1.55, 1.8176300000000001, -1.57968, -1.54711, -0.88141000000000003]
tajectories: [[2.20563, -1.58519, -1.55, 1.81763, -1.57968, -1.54711, -0.88141], [2.17443, -1.26085, -1.50744, 1.93548, -1.63813, -1.29396, -1.12762], [2.14323, -0.9365, -1.46489, 2.05334, -1.69659, -1.04081, -1.37384], [2.11203, -0.61215, -1.42233, 2.1712, -1.75504, -0.78766, -1.62005], [2.08083, -0.28781, -1.37977, 2.28905, -1.8135, -0.53451, -1.86627], [2.04963, 0.03654, -1.33721, 2.40691, -1.87196, -0.28136, -2.11248], [2.01843, 0.36089, -1.29466, 2.52477, -1.93041, -0.02821, -2.3587], [1.98723, 0.68523, -1.2521, 2.64263, -1.98887, 0.22495, -2.60491], [1.97274, 0.83595, -1.23232, 2.69739, -2.01603, 0.34258, -2.71932], [1.73864, 1.05964, -1.30808, 2.47811, -1.85244, 0.58559, -2.64504], [1.50454, 1.28334, -1.38384, 2.25882, -1.68885, 0.8286, -2.57076], [1.27044, 1.50703, -1.4596, 2.03954, -1.52527, 1.07162, -2.49648], [1.03634, 1.73072, -1.53535, 1.82025, -1.36168, 1.31463, -2.4222]]
end: [0.83657000000000004, 1.92161, -1.6000000000000001, 1.63313, -1.2220800000000001, 1.522, -2.3588100000000001]
obtacles: [[[0.6, -0.4, -0.2], [1.0, 0.6, -0.3]], [[0.7, -0.0, -0.2], [0.9, 0.1, 0.3]], [[0.7, 0.5, -0.2], [0.9, 0.6, 0.3]], [[0.7, 0.0, 0.3], [0.9, 0.6, 0.4]]]
start: [2.5960000000000001, -1.59768, -1.5, 1.40361, -1.6091599999999999, -1.5055000000000001, -0.85582000000000003]
tajectories: [[2.596, -1.59768, -1.5, 1.40361, -1.60916, -1.5055, -0.85582], [2.46382, -1.24976, -1.417, 1.52184, -1.33484, -1.39622, -0.91425], [2.33164, -0.90183, -1.334, 1.64007, -1.06051, -1.28695, -0.97268], [2.19946, -0.55391, -1.25099, 1.7583, -0.78619, -1.17767, -1.03112], [2.06728, -0.20598, -1.16799, 1.87653, -0.51187, -1.0684, -1.08955], [1.9351, 0.14194, -1.08499, 1.99476, -0.23755, -0.95913, -1.14798], [1.80291, 0.48987, -1.00199, 2.11299, 0.03678, -0.84985, -1.20642], [1.67073, 0.83779, -0.91898, 2.23122, 0.3111, -0.74058, -1.26485], [1.62304, 0.96333, -0.88903, 2.27388, 0.41008, -0.70115, -1.28594], [1.7875, 1.03135, -0.79805, 2.12134, 0.55031, -0.33469, -1.46709], [1.95195, 1.09937, -0.70706, 1.9688, 0.69055, 0.03178, -1.64825], [2.11641, 1.16739, -0.61607, 1.81625, 0.83078, 0.39824, -1.82941], [2.28086, 1.23542, -0.52508, 1.66371, 0.97102, 0.7647, -2.01056], [2.44532, 1.30344, -0.43409, 1.51117, 1.11125, 1.13117, -2.19172], [2.58753, 1.36226, -0.3554, 1.37925, 1.23252, 1.44807, -2.34838], [2.32141, 1.45363, -0.55702, 1.37185, 0.87506, 1.46316, -2.39443], [2.05529, 1.54499, -0.75864, 1.36445, 0.5176, 1.47824, -2.44047], [1.78916, 1.63635, -0.96027, 1.35705, 0.16014, 1.49332, -2.48652], [1.52304, 1.72771, -1.16189, 1.34965, -0.19732, 1.5084, -2.53257], [1.25692, 1.81908, -1.36351, 1.34225, -0.55478, 1.52349, -2.57862], [0.9908, 1.91044, -1.56513, 1.33484, -0.91224, 1.53857, -2.62467]]
end: [0.81277999999999995, 1.9715499999999999, -1.7, 1.32989, -1.1513500000000001, 1.5486599999999999, -2.6554700000000002]
obtacles: [[[0.6, -0.4, -0.2], [1.0, 0.6, -0.3]], [[0.7, -0.0, -0.2], [0.9, 0.1, 0.3]], [[0.7, 0.5, -0.2], [0.9, 0.6, 0.3]], [[0.7, 0.0, 0.3], [0.9, 0.6, 0.4]]]
start: [-0.28416000000000002, 1.5533999999999999, -1.45, -0.43661, -1.67303, 1.50403, 2.9914999999999998]
tajectories: [[-0.28416, 1.5534, -1.45, -0.43661, -1.67303, 1.50403, 2.9915], [-0.45052, 1.41366, -1.34914, -0.18132, -1.56662, 1.39924, 2.66724], [-0.61689, 1.27391, -1.24828, 0.07397, -1.46021, 1.29445, 2.34299], [-0.78326, 1.13417, -1.14742, 0.32926, -1.3538, 1.18966, 2.01873], [-0.94962, 0.99443, -1.04656, 0.58456, -1.24739, 1.08487, 1.69447], [-1.11599, 0.85469, -0.9457, 0.83985, -1.14098, 0.98008, 1.37021], [-1.28235, 0.71495, -0.84484, 1.09514, -1.03457, 0.87529, 1.04595], [-1.37393, 0.63802, -0.78932, 1.23567, -0.976, 0.8176, 0.86746], [-1.30036, 0.49117, -1.09066, 1.51236, -1.0773, 0.66123, 0.72276], [-1.22679, 0.34431, -1.39201, 1.78905, -1.17859, 0.50485, 0.57805], [-1.15322, 0.19746, -1.69335, 2.06575, -1.27989, 0.34847, 0.43335], [-1.07965, 0.0506, -1.9947, 2.34244, -1.38119, 0.19209, 0.28865], [-1.00607, -0.09626, -2.29604, 2.61913, -1.48249, 0.03572, 0.14395], [-0.9325, -0.24311, -2.59738, 2.89582, -1.58378, -0.12066, -0.00076], [-0.91558, -0.27689, -2.66669, 2.95946, -1.60708, -0.15663, -0.03404], [-0.56526, -0.22743, -2.4493, 2.81683, -1.63165, 0.02634, -0.18621], [-0.21495, -0.17798, -2.23192, 2.67421, -1.65621, 0.2093, -0.33838], [0.13537, -0.12853, -2.01453, 2.53159, -1.68078, 0.39226, -0.49055], [0.48569, -0.07907, -1.79715, 2.38896, -1.70534, 0.57522, -0.64272], [0.83601, -0.02962, -1.57976, 2.24634, -1.72991, 0.75818, -0.79489], [1.18632, 0.01983, -1.36237, 2.10372, -1.75447, 0.94114, -0.94706], [1.47514, 0.0606, -1.18315, 1.98613, -1.77472, 1.09198, -1.07252], [1.5997, 0.24605, -1.15074, 2.16302, -1.56567, 1.06587, -1.42375], [1.72427, 0.4315, -1.11833, 2.3399, -1.35661, 1.03976, -1.77499], [1.84883, 0.61695, -1.08592, 2.51678, -1.14756, 1.01365, -2.12623], [1.9734, 0.8024, -1.05351, 2.69367, -0.9385, 0.98754, -2.47746], [1.99071, 0.82817, -1.04901, 2.71824, -0.90945, 0.98391, -2.52627], [1.71928, 1.04803, -1.17627, 2.43012, -1.01344, 1.11769, -2.51794], [1.44785, 1.26788, -1.30353, 2.14199, -1.11742, 1.25147, -2.50962], [1.17642, 1.48774, -1.43079, 1.85386, -1.22141, 1.38525, -2.5013], [0.90499, 1.70759, -1.55805, 1.56574, -1.32539, 1.51903, -2.49298]]
end: [0.81552000000000002, 1.78006, -1.6000000000000001, 1.4707600000000001, -1.3596699999999999, 1.5631200000000001, -2.4902299999999999]
obtacles: [[[0.6, -0.4, -0.2], [1.0, 0.6, -0.3]], [[0.7, -0.0, -0.2], [0.9, 0.1, 0.3]], [[0.7, 0.5, -0.2], [0.9, 0.6, 0.3]], [[0.7, 0.0, 0.3], [0.9, 0.6, 0.4]]]
start: [2.0545200000000001, -1.60209, -1.55, 1.90337, -1.5935999999999999, -1.5409299999999999, -0.81562999999999997]
tajectories: [[2.05452, -1.60209, -1.55, 1.90337, -1.5936, -1.54093, -0.81563], [1.74502, -1.51994, -1.43481, 2.03234, -1.63101, -1.20381, -0.86569], [1.43551, -1.43778, -1.31962, 2.1613, -1.66842, -0.86668, -0.91575], [1.12601, -1.35563, -1.20443, 2.29026, -1.70583, -0.52956, -0.9658], [0.81651, -1.27347, -1.08923, 2.41923, -1.74325, -0.19243, -1.01586], [0.50701, -1.19131, -0.97404, 2.54819, -1.78066, 0.14469, -1.06592], [0.21987, -1.1151, -0.86718, 2.66784, -1.81537, 0.45745, -1.11236], [0.45386, -0.81888, -0.73006, 2.62666, -1.74484, 0.59162, -1.36542], [0.68784, -0.52267, -0.59294, 2.58548, -1.67432, 0.72579, -1.61847], [0.92183, -0.22646, -0.45582, 2.5443, -1.6038, 0.85996, -1.87153], [1.15581, 0.06975, -0.3187, 2.50313, -1.53328, 0.99413, -2.12458], [1.3898, 0.36596, -0.18158, 2.46195, -1.46275, 1.1283, -2.37764], [1.55639, 0.57686, -0.08395, 2.43263, -1.41255, 1.22383, -2.55781], [1.46217, 0.84499, -0.40208, 2.2002, -1.36708, 1.29187, -2.64324], [1.36794, 1.11313, -0.72021, 1.96776, -1.32162, 1.35992, -2.72867], [1.27372, 1.38126, -1.03833, 1.73533, -1.27616, 1.42796, -2.81411], [1.1795, 1.6494, -1.35646, 1.5029, -1.2307, 1.496, -2.89954], [1.08528, 1.91753, -1.67459, 1.27046, -1.18524, 1.56405, -2.98497]]
end: [1.07775, 1.93895, -1.7, 1.2518899999999999, -1.1816, 1.56948, -2.9918]
obtacles: [[[0.6, -0.4, -0.2], [1.0, 0.6, -0.3]], [[0.7, -0.0, -0.2], [0.9, 0.1, 0.3]], [[0.7, 0.5, -0.2], [0.9, 0.6, 0.3]], [[0.7, 0.0, 0.3], [0.9, 0.6, 0.4]]]
start: [-0.37678, 1.5641799999999999, -1.55, -0.49464000000000002, -4.7275499999999999, -1.5550999999999999, -0.1178]
tajectories: [[-0.37678, 1.56418, -1.55, -0.49464, -4.72755, -1.5551, -0.1178], [-0.24192, 1.26928, -1.4701, -0.37943, -4.46603, -1.53709, 0.11984], [-0.10706, 0.97439, -1.3902, -0.26421, -4.20451, -1.51908, 0.35749], [0.02779, 0.67949, -1.31029, -0.149, -3.94299, -1.50107, 0.59513], [0.16265, 0.3846, -1.23039, -0.03379, -3.68147, -1.48306, 0.83277], [0.29751, 0.08971, -1.15049, 0.08142, -3.41995, -1.46505, 1.07042], [0.37378, -0.07705, -1.10531, 0.14657, -3.27206, -1.45486, 1.2048], [0.7182, 0.00479, -1.25035, 0.41091, -3.29177, -1.47514, 1.02325], [1.06263, 0.08663, -1.3954, 0.67524, -3.31148, -1.49541, 0.84171], [1.40706, 0.16847, -1.54045, 0.93958, -3.33119, -1.51568, 0.66016], [1.75149, 0.25031, -1.68549, 1.20392, -3.3509, -1.53595, 0.47861], [1.85319, 0.27447, -1.72832, 1.28198, -3.35672, -1.54194, 0.425], [1.84532, 0.39711, -1.41396, 1.45691, -3.41743, -1.39341, 0.14264], [1.83745, 0.51975, -1.0996, 1.63184, -3.47814, -1.24488, -0.13972], [1.83604, 0.54161, -1.04358, 1.66302, -3.48896, -1.21841, -0.19004], [1.66012, 0.85504, -1.1835, 1.66066, -3.74273, -1.29539, -0.01424], [1.48419, 1.16847, -1.32342, 1.6583, -3.9965, -1.37237, 0.16155], [1.30827, 1.48191, -1.46335, 1.65594, -4.25026, -1.44935, 0.33734]]
end: [1.13645, 1.7880199999999999, -1.6000000000000001, 1.65364, -4.4981099999999996, -1.5245299999999999, 0.50902999999999998]
obtacles: [[[0.6, -0.4, -0.2], [1.0, 0.6, -0.3]], [[0.7, -0.0, -0.2], [0.9, 0.1, 0.3]], [[0.7, 0.5, -0.2], [0.9, 0.6, 0.3]], [[0.7, 0.0, 0.3], [0.9, 0.6, 0.4]]]
start: [2.5626099999999998, -1.8029900000000001, -1.25, 0.64985000000000004, -1.9644299999999999, -1.56833, -0.032649999999999998]
tajectories: [[2.56261, -1.80299, -1.25, 0.64985, -1.96443, -1.56833, -0.03265], [2.47505, -1.56359, -1.1318, 0.95686, -1.84996, -1.38727, -0.20847], [2.38749, -1.32419, -1.0136, 1.26386, -1.73549, -1.2062, -0.3843], [2.29993, -1.08479, -0.8954, 1.57086, -1.62102, -1.02514, -0.56012], [2.21237, -0.8454, -0.77721, 1.87786, -1.50655, -0.84408, -0.73595], [2.12481, -0.606, -0.65901, 2.18486, -1.39208, -0.66302, -0.91177], [2.03725, -0.3666, -0.54081, 2.49186, -1.27761, -0.48195, -1.08759], [1.94969, -0.1272, -0.42261, 2.79886, -1.16314, -0.30089, -1.26342], [1.94751, -0.12124, -0.41967, 2.80651, -1.16029, -0.29638, -1.2678], [1.8494, 0.05051, -0.29876, 2.62915, -1.18388, 0.05313, -1.47293], [1.75129, 0.22227, -0.17785, 2.45179, -1.20747, 0.40265, -1.67807], [1.65318, 0.39403, -0.05694, 2.27443, -1.23106, 0.75217, -1.8832], [1.55507, 0.56578, 0.06397, 2.09707, -1.25465, 1.10168, -2.08833], [1.47081, 0.71329, 0.16781, 1.94475, -1.27491, 1.40186, -2.26451], [1.31089, 0.95155, -0.21395, 1.81243, -1.26763, 1.42897, -2.32466], [1.15097, 1.18982, -0.59572, 1.68012, -1.26036, 1.45607, -2.3848], [0.99106, 1.42808, -0.97749, 1.54781, -1.25308, 1.48318, -2.44495], [0.83114, 1.66634, -1.35925, 1.41549, -1.2458, 1.51029, -2.50509]]
end: [0.68840000000000001, 1.879, -1.7, 1.29739, -1.2393099999999999, 1.5344800000000001, -2.55877]
obtacles: [[[0.6, -0.4, -0.2], [1.0, 0.6, -0.3]], [[0.7, -0.0, -0.2], [0.9, 0.1, 0.3]], [[0.7, 0.5, -0.2], [0.9, 0.6, 0.3]], [[0.7, 0.0, 0.3], [0.9, 0.6, 0.4]]]
start: [2.2575400000000001, -1.9415800000000001, -1.25, 1.44339, -1.9924599999999999, -1.3227899999999999, -0.44533]
tajectories: [[2.25754, -1.94158, -1.25, 1.44339, -1.99246, -1.32279, -0.44533], [2.27473, -1.53982, -1.14859, 1.36699, -1.81971, -1.13288, -0.5245], [2.29193, -1.13806, -1.04718, 1.29059, -1.64697, -0.94298, -0.60366], [2.30912, -0.7363, -0.94576, 1.21419, -1.47422, -0.75307, -0.68282], [2.32631, -0.33454, -0.84435, 1.13779, -1.30148, -0.56317, -0.76199], [2.34351, 0.06722, -0.74294, 1.06139, -1.12873, -0.37326, -0.84115], [2.3607, 0.46898, -0.64153, 0.98499, -0.95599, -0.18335, -0.92032], [2.37449, 0.79127, -0.56017, 0.9237, -0.81741, -0.03101, -0.98382], [2.27039, 0.95603, -0.636, 1.24947, -0.54134, -0.18484, -0.96752], [2.16629, 1.12079, -0.71184, 1.57524, -0.26528, -0.33868, -0.95122], [2.06219, 1.28555, -0.78767, 1.901, 0.01079, -0.49251, -0.93491], [1.95808, 1.45031, -0.8635, 2.22677, 0.28686, -0.64634, -0.91861], [1.86786, 1.59309, -0.92922, 2.50909, 0.52611, -0.77965, -0.90448], [1.73019, 1.63964, -1.03064, 2.35654, 0.30217, -0.47517, -1.13354], [1.59251, 1.68618, -1.13206, 2.204, 0.07823, -0.17069, -1.36259], [1.45484, 1.73273, -1.23348, 2.05146, -0.1457, 0.13379, -1.59165], [1.31716, 1.77928, -1.3349, 1.89892, -0.36964, 0.43828, -1.8207], [1.17949, 1.82582, -1.43632, 1.74637, -0.59358, 0.74276, -2.04976], [1.04181, 1.87237, -1.53774, 1.59383, -0.81751, 1.04724, -2.27882], [0.90414, 1.91891, -1.63916, 1.44129, -1.04145, 1.35172, -2.50787]]
end: [0.82155999999999996, 1.9468300000000001, -1.7, 1.34979, -1.17577, 1.53437, -2.64527]
obtacles: [[[0.6, -0.4, -0.2], [1.0, 0.6, -0.3]], [[0.7, -0.0, -0.2], [0.9, 0.1, 0.3]], [[0.7, 0.5, -0.2], [0.9, 0.6, 0.3]], [[0.7, 0.0, 0.3], [0.9, 0.6, 0.4]]]
start: [-0.75370999999999999, 1.7848299999999999, 1.8999999999999999, 1.4908300000000001, -1.82165, -1.26827, -0.66300000000000003]
tajectories: [[-0.75371, 1.78483, 1.9, 1.49083, -1.82165, -1.26827, -0.663], [-0.90251, 1.39352, 1.99239, 1.43564, -1.75158, -1.1064, -0.842], [-1.05132, 1.00221, 2.08478, 1.38046, -1.68151, -0.94452, -1.02099], [-1.20013, 0.6109, 2.17718, 1.32527, -1.61145, -0.78265, -1.19998], [-1.34893, 0.21958, 2.26957, 1.27008, -1.54138, -0.62078, -1.37897], [-1.49774, -0.17173, 2.36196, 1.2149, -1.47131, -0.45891, -1.55796], [-1.64655, -0.56304, 2.45435, 1.15971, -1.40124, -0.29704, -1.73695], [-1.71067, -0.73167, 2.49417, 1.13593, -1.37104, -0.22728, -1.81409], [-1.55336, -0.89102, 2.54586, 1.29731, -1.33598, 0.03086, -1.49272], [-1.39604, -1.05038, 2.59754, 1.45869, -1.30092, 0.289, -1.17136], [-1.23873, -1.20973, 2.64923, 1.62008, -1.26585, 0.54715, -0.84999], [-1.08142, -1.36908, 2.70092, 1.78146, -1.23079, 0.80529, -0.52863], [-1.01707, -1.43427, 2.72206, 1.84748, -1.21645, 0.91089, -0.39717], [-1.26099, -1.52599, 2.51286, 1.84145, -1.21879, 1.03827, -0.74653], [-1.50492, -1.61771, 2.30365, 1.83542, -1.22113, 1.16566, -1.09589], [-1.74884, -1.70942, 2.09445, 1.82939, -1.22348, 1.29304, -1.44525], [-1.99277, -1.80114, 1.88524, 1.82336, -1.22582, 1.42043, -1.79461], [-2.23669, -1.89286, 1.67604, 1.81733, -1.22816, 1.54781, -2.14397]]
end: [-2.2670499999999998, -1.9042699999999999, 1.6499999999999999, 1.8165800000000001, -1.2284600000000001, 1.5636699999999999, -2.1874500000000001]
obtacles: [[[0.6, -0.4, -0.2], [1.0, 0.6, -0.3]], [[0.7, -0.0, -0.2], [0.9, 0.1, 0.3]], [[0.7, 0.5, -0.2], [0.9, 0.6, 0.3]], [[0.7, 0.0, 0.3], [0.9, 0.6, 0.4]]]
start: [-0.35365000000000002, 1.9230799999999999, 1.8999999999999999, 0.85240000000000005, -2.0482100000000001, -1.56945, -0.43931999999999999]
tajectories: [[-0.35365, 1.92308, 1.9, 0.8524, -2.04821, -1.56945, -0.43932], [-0.53808, 1.7196, 1.74866, 0.94876, -1.77931, -1.40837, -0.64941], [-0.7225, 1.51612, 1.59732, 1.04511, -1.51041, -1.2473, -0.8595], [-0.90693, 1.31263, 1.44599, 1.14146, -1.2415, -1.08622, -1.06959], [-1.09136, 1.10915, 1.29465, 1.23781, -0.9726, -0.92514, -1.27968], [-1.27579, 0.90567, 1.14331, 1.33416, -0.7037, -0.76406, -1.48977], [-1.30598, 0.87235, 1.11853, 1.34994, -0.65967, -0.73769, -1.52417], [-1.02614, 0.71092, 1.18796, 1.56931, -0.4877, -0.95163, -1.65584], [-0.7463, 0.54949, 1.25738, 1.78869, -0.31573, -1.16557, -1.78752], [-0.46646, 0.38806, 1.32681, 2.00807, -0.14375, -1.3795, -1.9192], [-0.44415, 0.37519, 1.33234, 2.02556, -0.13004, -1.39656, -1.9297], [-0.26321, 0.64766, 1.30258, 2.23838, -0.42929, -1.32681, -1.88037], [-0.08228, 0.92012, 1.27282, 2.4512, -0.72853, -1.25706, -1.83104], [0.09866, 1.19259, 1.24306, 2.66402, -1.02777, -1.18731, -1.78171], [0.27959, 1.46506, 1.2133, 2.87685, -1.32701, -1.11756, -1.73238], [0.28345, 1.47088, 1.21266, 2.88139, -1.33341, -1.11607, -1.73132], [0.10828, 1.62024, 1.32985, 2.52832, -1.52222, -1.22893, -1.63019], [-0.06689, 1.76961, 1.44704, 2.17526, -1.71103, -1.34179, -1.52905], [-0.24206, 1.91897, 1.56423, 1.82219, -1.89984, -1.45465, -1.42792]]
end: [-0.29553000000000001, 1.9645699999999999, 1.6000000000000001, 1.71441, -1.9574800000000001, -1.4891099999999999, -1.3970400000000001]
obtacles: [[[0.6, -0.4, -0.2], [1.0, 0.6, -0.3]], [[0.7, -0.0, -0.2], [0.9, 0.1, 0.3]], [[0.7, 0.5, -0.2], [0.9, 0.6, 0.3]], [[0.7, 0.0, 0.3], [0.9, 0.6, 0.4]]]
start: [-1.00586, 1.6763999999999999, 1.7, 1.98451, -1.6164000000000001, -1.41042, -0.96814999999999996]
tajectories: [[-1.00586, 1.6764, 1.7, 1.98451, -1.6164, -1.41042, -0.96815], [-0.99006, 1.3313, 1.71224, 2.00933, -1.74721, -1.07459, -0.96763], [-0.97426, 0.9862, 1.72449, 2.03415, -1.87802, -0.73876, -0.96711], [-0.95846, 0.6411, 1.73673, 2.05897, -2.00883, -0.40293, -0.9666], [-0.94266, 0.296, 1.74898, 2.08379, -2.13963, -0.06711, -0.96608], [-0.92686, -0.04909, 1.76122, 2.10861, -2.27044, 0.26872, -0.96556], [-0.91106, -0.39419, 1.77347, 2.13343, -2.40125, 0.60455, -0.96505], [-0.89526, -0.73929, 1.78571, 2.15825, -2.53206, 0.94038, -0.96453], [-0.88606, -0.94039, 1.79285, 2.17271, -2.60829, 1.13608, -0.96423], [-1.17424, -1.0506, 1.94842, 2.28647, -2.33107, 0.98092, -1.09358], [-1.46243, -1.16081, 2.10399, 2.40022, -2.05385, 0.82576, -1.22293], [-1.75062, -1.27102, 2.25957, 2.51398, -1.77663, 0.6706, -1.35228], [-1.80463, -1.29167, 2.28873, 2.5353, -1.72467, 0.64152, -1.37653], [-1.9198, -1.45328, 2.10959, 2.30929, -1.5936, 0.85922, -1.62728], [-2.03496, -1.61489, 1.93045, 2.08329, -1.46253, 1.07692, -1.87803], [-2.15013, -1.7765, 1.75131, 1.85729, -1.33147, 1.29462, -2.12879], [-2.2653, -1.9381, 1.57217, 1.63128, -1.2004, 1.51233, -2.37954]]
end: [-2.27955, -1.9581, 1.55, 1.6033200000000001, -1.18418, 1.5392699999999999, -2.4105699999999999]
obtacles: [[[0.6, -0.4, -0.2], [1.0, 0.6, -0.3]], [[0.7, -0.0, -0.2], [0.9, 0.1, 0.3]], [[0.7, 0.5, -0.2], [0.9, 0.6, 0.3]], [[0.7, 0.0, 0.3], [0.9, 0.6, 0.4]]]
start: [-0.96082000000000001, 1.58619, 1.6000000000000001, 1.8031200000000001, -1.5790599999999999, -1.5388299999999999, -0.84194000000000002]
tajectories: [[-0.96082, 1.58619, 1.6, 1.80312, -1.57906, -1.53883, -0.84194], [-1.0325, 1.63462, 1.71156, 1.92183, -1.90797, -1.25694, -1.01028], [-1.10419, 1.68305, 1.82313, 2.04054, -2.23687, -0.97505, -1.17861], [-1.17588, 1.73148, 1.93469, 2.15925, -2.56577, -0.69316, -1.34695], [-1.24756, 1.7799, 2.04625, 2.27796, -2.89468, -0.41127, -1.51528], [-1.31925, 1.82833, 2.15781, 2.39667, -3.22358, -0.12937, -1.68362], [-1.39093, 1.87676, 2.26938, 2.51538, -3.55248, 0.15252, -1.85195], [-1.46262, 1.92519, 2.38094, 2.63409, -3.88139, 0.43441, -2.02029], [-1.4784, 1.93585, 2.4055, 2.66022, -3.95379, 0.49647, -2.05735], [-1.28892, 1.92629, 2.28519, 2.54674, -3.63926, 0.20603, -1.99935], [-1.09943, 1.91673, 2.16488, 2.43325, -3.32473, -0.08442, -1.94136], [-0.90995, 1.90718, 2.04457, 2.31976, -3.0102, -0.37486, -1.88337], [-0.72047, 1.89762, 1.92426, 2.20627, -2.69567, -0.66531, -1.82537], [-0.53098, 1.88807, 1.80395, 2.09278, -2.38114, -0.95575, -1.76738], [-0.3415, 1.87851, 1.68364, 1.9793, -2.06661, -1.2462, -1.70939]]
end: [-0.20977000000000001, 1.8718699999999999, 1.6000000000000001, 1.9004000000000001, -1.8479399999999999, -1.4481200000000001, -1.6690700000000001]
obtacles: [[[0.6, -0.4, -0.2], [1.0, 0.6, -0.3]], [[0.7, -0.0, -0.2], [0.9, 0.1, 0.3]], [[0.7, 0.5, -0.2], [0.9, 0.6, 0.3]], [[0.7, 0.0, 0.3], [0.9, 0.6, 0.4]]]
start: [-0.89490000000000003, 1.6747700000000001, 1.6000000000000001, 1.96316, -1.65588, -1.50423, -1.0639099999999999]
tajectories: [[-0.8949, 1.67477, 1.6, 1.96316, -1.65588, -1.50423, -1.06391], [-0.83714, 1.44428, 1.72002, 1.75522, -1.80826, -1.17289, -1.11767], [-0.77937, 1.21379, 1.84004, 1.54727, -1.96064, -0.84156, -1.17144], [-0.7216, 0.9833, 1.96006, 1.33933, -2.11302, -0.51023, -1.22521], [-0.66384, 0.75281, 2.08008, 1.13138, -2.2654, -0.1789, -1.27898], [-0.60607, 0.52232, 2.2001, 0.92344, -2.41778, 0.15244, -1.33275], [-0.5683, 0.3716, 2.27858, 0.78747, -2.51742, 0.36909, -1.36791], [-0.4994, 0.71688, 2.37453, 1.05865, -2.57283, 0.30203, -1.17892], [-0.43051, 1.06216, 2.47049, 1.32984, -2.62824, 0.23496, -0.98992], [-0.40524, 1.18884, 2.50569, 1.42933, -2.64857, 0.21035, -0.92059], [-0.22277, 1.27527, 2.28864, 1.70049, -2.5475, 0.30472, -0.657], [-0.0403, 1.36171, 2.07159, 1.97164, -2.44643, 0.39908, -0.3934], [0.14217, 1.44814, 1.85454, 2.24279, -2.34536, 0.49344, -0.12981], [0.32463, 1.53458, 1.6375, 2.51395, -2.24428, 0.5878, 0.13378], [0.5071, 1.62101, 1.42045, 2.7851, -2.14321, 0.68217, 0.39737], [0.6232, 1.67601, 1.28234, 2.95763, -2.0789, 0.74221, 0.56509], [0.53199, 1.71162, 1.32785, 2.7724, -2.05627, 0.41944, 0.24991], [0.44077, 1.74723, 1.37335, 2.58718, -2.03364, 0.09667, -0.06527], [0.34956, 1.78285, 1.41885, 2.40195, -2.01101, -0.2261, -0.38046], [0.25834, 1.81846, 1.46436, 2.21672, -1.98838, -0.54887, -0.69564], [0.16713, 1.85407, 1.50986, 2.0315, -1.96574, -0.87164, -1.01082], [0.07591, 1.88968, 1.55536, 1.84627, -1.94311, -1.19441, -1.326]]
end: [-0.01357, 1.9246099999999999, 1.6000000000000001, 1.66456, -1.9209099999999999, -1.51105, -1.6352]
obtacles: [[[0.6, -0.4, -0.2], [1.0, 0.6, -0.3]], [[0.7, -0.0, -0.2], [0.9, 0.1, 0.3]], [[0.7, 0.5, -0.2], [0.9, 0.6, 0.3]], [[0.7, 0.0, 0.3], [0.9, 0.6, 0.4]]]
start: [-0.56035999999999997, 1.8455699999999999, 1.7, 1.2490000000000001, -1.8721099999999999, -1.5389600000000001, -0.66591]
tajectories: [[-0.56036, 1.84557, 1.7, 1.249, -1.87211, -1.53896, -0.66591], [-0.6326, 1.41578, 1.78059, 1.11915, -1.6895, -1.48369, -0.64845], [-0.70484, 0.98599, 1.86118, 0.98931, -1.5069, -1.42842, -0.63099], [-0.77708, 0.55619, 1.94177, 0.85947, -1.32429, -1.37314, -0.61353], [-0.84932, 0.1264, 2.02236, 0.72963, -1.14169, -1.31787, -0.59607], [-0.92155, -0.30339, 2.10295, 0.59978, -0.95908, -1.2626, -0.57861], [-0.99379, -0.73319, 2.18354, 0.46994, -0.77647, -1.20733, -0.56114], [-1.06603, -1.16298, 2.26413, 0.3401, -0.59387, -1.15205, -0.54368], [-1.09215, -1.31838, 2.29327, 0.29315, -0.52784, -1.13207, -0.53737], [-1.02543, -1.37932, 2.29701, 0.54885, -0.31428, -0.83633, -0.74561], [-0.95872, -1.44026, 2.30075, 0.80455, -0.10072, -0.54058, -0.95386], [-0.892, -1.50121, 2.3045, 1.06025, 0.11285, -0.24484, -1.1621], [-0.82529, -1.56215, 2.30824, 1.31595, 0.32641, 0.0509, -1.37034], [-0.75857, -1.6231, 2.31198, 1.57165, 0.53997, 0.34665, -1.57859], [-0.69186, -1.68404, 2.31572, 1.82735, 0.75353, 0.64239, -1.78683], [-0.67514, -1.69932, 2.31666, 1.89143, 0.80705, 0.7165, -1.83901], [-0.95055, -1.69352, 2.19456, 1.77409, 0.46827, 0.84081, -1.96233], [-1.22597, -1.68772, 2.07246, 1.65675, 0.12948, 0.96512, -2.08565], [-1.50138, -1.68192, 1.95035, 1.5394, -0.2093, 1.08942, -2.20898], [-1.7768, -1.67612, 1.82825, 1.42206, -0.54809, 1.21373, -2.3323], [-2.05221, -1.67032, 1.70615, 1.30472, -0.88687, 1.33804, -2.45562], [-2.32763, -1.66452, 1.58405, 1.18738, -1.22565, 1.46235, -2.57894]]
end: [-2.5172099999999999, -1.6605300000000001, 1.5, 1.1066100000000001, -1.45886, 1.54792, -2.6638299999999999]
obtacles: [[[0.6, -0.4, -0.2], [1.0, 0.6, -0.3]], [[0.7, -0.0, -0.2], [0.9, 0.1, 0.3]], [[0.7, 0.5, -0.2], [0.9, 0.6, 0.3]], [[0.7, 0.0, 0.3], [0.9, 0.6, 0.4]]]
start: [-0.38721, 1.89784, 1.8500000000000001, 0.91263000000000005, -1.9974099999999999, -1.5608200000000001, -0.47689999999999999]
tajectories: [[-0.38721, 1.89784, 1.85, 0.91263, -1.99741, -1.56082, -0.4769], [-0.54903, 1.67908, 1.91058, 1.14358, -2.09663, -1.44401, -0.16793], [-0.71085, 1.46033, 1.97115, 1.37454, -2.19585, -1.32721, 0.14105], [-0.87267, 1.24158, 2.03173, 1.60549, -2.29507, -1.2104, 0.45002], [-1.03449, 1.02282, 2.0923, 1.83644, -2.39428, -1.0936, 0.759], [-1.19631, 0.80407, 2.15288, 2.0674, -2.4935, -0.97679, 1.06797], [-1.35813, 0.58532, 2.21345, 2.29835, -2.59272, -0.85999, 1.37695], [-1.37455, 0.56312, 2.2196, 2.32178, -2.60278, -0.84814, 1.40829], [-1.23318, 0.32725, 2.20922, 2.25994, -2.23082, -0.71851, 1.53193], [-1.09182, 0.09138, 2.19883, 2.1981, -1.85885, -0.58888, 1.65556], [-0.95045, -0.1445, 2.18845, 2.13627, -1.48689, -0.45925, 1.7792], [-0.80908, -0.38037, 2.17806, 2.07443, -1.11492, -0.32962, 1.90283], [-0.66772, -0.61624, 2.16768, 2.01259, -0.74296, -0.19999, 2.02647], [-0.52635, -0.85212, 2.1573, 1.95075, -0.37099, -0.07036, 2.1501], [-0.38499, -1.08799, 2.14691, 1.88891, 0.00097, 0.05927, 2.27374], [-0.31793, -1.19987, 2.14199, 1.85958, 0.17741, 0.12075, 2.33238], [-0.60008, -1.29401, 2.14831, 2.03832, 0.16757, 0.37396, 2.07677], [-0.88222, -1.38814, 2.15463, 2.21707, 0.15774, 0.62716, 1.82116], [-1.16436, -1.48228, 2.16094, 2.39582, 0.14791, 0.88036, 1.56555], [-1.44651, -1.57642, 2.16726, 2.57456, 0.13807, 1.13356, 1.30994], [-1.57677, -1.61988, 2.17018, 2.65709, 0.13353, 1.25046, 1.19193], [-1.67962, -1.65976, 2.0829, 2.49827, -0.01053, 1.28361, 0.76399], [-1.78246, -1.69964, 1.99561, 2.33945, -0.15459, 1.31676, 0.33604], [-1.88531, -1.73952, 1.90832, 2.18063, -0.29865, 1.34991, -0.09191], [-1.98815, -1.77941, 1.82104, 2.02182, -0.44271, 1.38306, -0.51985], [-2.091, -1.81929, 1.73375, 1.863, -0.58677, 1.41621, -0.9478], [-2.19384, -1.85917, 1.64647, 1.70418, -0.73083, 1.44936, -1.37575], [-2.29669, -1.89905, 1.55918, 1.54536, -0.87489, 1.48251, -1.80369], [-2.39953, -1.93894, 1.47189, 1.38654, -1.01895, 1.51566, -2.23164]]
end: [-2.4842499999999998, -1.9717899999999999, 1.3999999999999999, 1.25573, -1.1375999999999999, 1.54297, -2.58412]
obtacles: [[[0.6, -0.4, -0.2], [1.0, 0.6, -0.3]], [[0.7, -0.0, -0.2], [0.9, 0.1, 0.3]], [[0.7, 0.5, -0.2], [0.9, 0.6, 0.3]], [[0.7, 0.0, 0.3], [0.9, 0.6, 0.4]]]
start: [-0.71679000000000004, 1.6655199999999999, 1.7, 2.0570900000000001, -1.59477, -1.4125399999999999, -1.3322700000000001]
tajectories: [[-0.71679, 1.66552, 1.7, 2.05709, -1.59477, -1.41254, -1.33227], [-0.87508, 1.35301, 1.85604, 2.00458, -1.37581, -1.43015, -1.1044], [-1.03337, 1.0405, 2.01207, 1.95207, -1.15686, -1.44776, -0.87653], [-1.19166, 0.72799, 2.16811, 1.89956, -0.9379, -1.46537, -0.64866], [-1.34995, 0.41548, 2.32415, 1.84705, -0.71894, -1.48298, -0.42079], [-1.50824, 0.10298, 2.48018, 1.79455, -0.49999, -1.50059, -0.19291], [-1.55751, 0.00571, 2.52875, 1.7782, -0.43184, -1.50607, -0.12199], [-1.59316, -0.23387, 2.47644, 2.05965, -0.54943, -1.21102, -0.21417], [-1.62881, -0.47344, 2.42413, 2.34111, -0.66702, -0.91596, -0.30635], [-1.66446, -0.71302, 2.37182, 2.62256, -0.78461, -0.62091, -0.39853], [-1.68723, -0.86606, 2.3384, 2.80235, -0.85972, -0.43243, -0.45742], [-1.76141, -0.97863, 2.22493, 2.59544, -0.93671, -0.16537, -0.77189], [-1.83558, -1.09119, 2.11146, 2.38853, -1.01371, 0.10169, -1.08637], [-1.90975, -1.20376, 1.99799, 2.18163, -1.0907, 0.36874, -1.40084], [-1.98392, -1.31633, 1.88452, 1.97472, -1.16769, 0.6358, -1.71531], [-2.0581, -1.42889, 1.77105, 1.76781, -1.24469, 0.90286, -2.02979], [-2.13227, -1.54146, 1.65758, 1.56091, -1.32168, 1.16992, -2.34426], [-2.20644, -1.65403, 1.54411, 1.354, -1.39868, 1.43697, -2.65873]]
end: [-2.2352799999999999, -1.6977899999999999, 1.5, 1.27356, -1.4286099999999999, 1.5407900000000001, -2.78098]
obtacles: [[[0.6, -0.4, -0.2], [1.0, 0.6, -0.3]], [[0.7, -0.0, -0.2], [0.9, 0.1, 0.3]], [[0.7, 0.5, -0.2], [0.9, 0.6, 0.3]], [[0.7, 0.0, 0.3], [0.9, 0.6, 0.4]]]
start: [-0.66325000000000001, 1.92875, 1.7, 1.80399, -1.8958200000000001, -1.3711, -1.08449]
tajectories: [[-0.66325, 1.92875, 1.7, 1.80399, -1.89582, -1.3711, -1.08449], [-0.77477, 1.61735, 1.59106, 1.90508, -1.60777, -1.21089, -1.18385], [-0.88629, 1.30596, 1.48212, 2.00617, -1.31972, -1.05068, -1.2832], [-0.99781, 0.99457, 1.37317, 2.10726, -1.03167, -0.89047, -1.38256], [-1.10933, 0.68317, 1.26423, 2.20834, -0.74363, -0.73027, -1.48192], [-1.22085, 0.37178, 1.15529, 2.30943, -0.45558, -0.57006, -1.58128], [-1.33237, 0.06039, 1.04635, 2.41052, -0.16753, -0.40985, -1.68064], [-1.37148, -0.04881, 1.00814, 2.44597, -0.06652, -0.35367, -1.71548], [-1.49819, -0.3508, 1.10919, 2.3553, -0.24012, -0.05766, -1.79645], [-1.6249, -0.65279, 1.21023, 2.26463, -0.41372, 0.23836, -1.87742], [-1.75161, -0.95478, 1.31127, 2.17396, -0.58732, 0.53437, -1.95839], [-1.87831, -1.25677, 1.41231, 2.0833, -0.76091, 0.83038, -2.03937], [-2.00502, -1.55876, 1.51335, 1.99263, -0.93451, 1.1264, -2.12034], [-2.13173, -1.86075, 1.61439, 1.90196, -1.10811, 1.42241, -2.20131]]
end: [-2.17638, -1.9671700000000001, 1.6499999999999999, 1.87001, -1.1692800000000001, 1.5267200000000001, -2.2298499999999999]
obtacles: [[[0.6, -0.4, -0.2], [1.0, 0.6, -0.3]], [[0.7, -0.0, -0.2], [0.9, 0.1, 0.3]], [[0.7, 0.5, -0.2], [0.9, 0.6, 0.3]], [[0.7, 0.0, 0.3], [0.9, 0.6, 0.4]]]
start: [-0.48758000000000001, 1.6653, 1.6499999999999999, 0.90444999999999998, -1.69398, -1.56721, -0.41289999999999999]
tajectories: [[-0.48758, 1.6653, 1.65, 0.90445, -1.69398, -1.56721, -0.4129], [-0.69056, 1.65834, 1.44437, 1.26021, -1.72051, -1.38948, -0.50016], [-0.89353, 1.65137, 1.23874, 1.61596, -1.74705, -1.21174, -0.58742], [-1.0965, 1.64441, 1.03311, 1.97172, -1.77358, -1.03401, -0.67469], [-1.29947, 1.63744, 0.82748, 2.32747, -1.80012, -0.85628, -0.76195], [-1.34938, 1.63573, 0.77692, 2.41494, -1.80664, -0.81258, -0.7834], [-1.08635, 1.66585, 0.97115, 2.38182, -2.01985, -0.70394, -1.07294], [-0.82606, 1.69567, 1.16335, 2.34905, -2.23083, -0.59642, -1.35945], [-0.57814, 1.76708, 1.34028, 2.16485, -2.09695, -0.89334, -1.46952], [-0.33022, 1.8385, 1.51721, 1.98065, -1.96306, -1.19025, -1.57959]]
end: [-0.14413999999999999, 1.8920999999999999, 1.6499999999999999, 1.8424, -1.8625700000000001, -1.4131, -1.6621999999999999]
obtacles: [[[0.6, -0.4, -0.2], [1.0, 0.6, -0.3]], [[0.7, -0.0, -0.2], [0.9, 0.1, 0.3]], [[0.7, 0.5, -0.2], [0.9, 0.6, 0.3]], [[0.7, 0.0, 0.3], [0.9, 0.6, 0.4]]]
start: [-0.42969000000000002, 1.8244, 1.75, 0.99538000000000004, -1.8801000000000001, -1.56257, -0.54149999999999998]
tajectories: [[-0.42969, 1.8244, 1.75, 0.99538, -1.8801, -1.56257, -0.5415], [-0.58511, 1.63937, 1.94863, 1.20196, -1.61379, -1.43066, -0.68696], [-0.74053, 1.45434, 2.14726, 1.40855, -1.34748, -1.29875, -0.83241], [-0.89594, 1.26932, 2.3459, 1.61513, -1.08116, -1.16684, -0.97787], [-1.05136, 1.08429, 2.54453, 1.82171, -0.81485, -1.03493, -1.12333], [-1.14987, 0.96702, 2.67043, 1.95265, -0.64605, -0.95132, -1.21552], [-0.74544, 0.75483, 2.59291, 2.10852, -0.71209, -1.02967, -1.24021], [-0.34102, 0.54264, 2.51539, 2.26438, -0.77813, -1.10803, -1.2649], [0.06341, 0.33045, 2.43787, 2.42025, -0.84417, -1.18638, -1.28958], [0.46784, 0.11826, 2.36035, 2.57611, -0.91021, -1.26474, -1.31427], [0.87227, -0.09393, 2.28283, 2.73198, -0.97625, -1.3431, -1.33896], [1.2767, -0.30612, 2.20532, 2.88784, -1.04229, -1.42145, -1.36364], [1.64467, -0.49918, 2.13478, 3.02965, -1.10238, -1.49274, -1.3861], [1.41077, -0.14042, 2.0766, 2.81058, -1.2194, -1.47823, -1.42217], [1.17686, 0.21834, 2.01841, 2.59151, -1.33641, -1.46371, -1.45824], [0.94296, 0.5771, 1.96022, 2.37244, -1.45343, -1.44919, -1.4943], [0.70906, 0.93585, 1.90204, 2.15337, -1.57044, -1.43468, -1.53037], [0.47516, 1.29461, 1.84385, 1.9343, -1.68746, -1.42016, -1.56643], [0.24125, 1.65337, 1.78566, 1.71522, -1.80448, -1.40565, -1.6025]]
end: [0.097890000000000005, 1.8732599999999999, 1.75, 1.5809500000000001, -1.8762000000000001, -1.3967499999999999, -1.6246100000000001]
obtacles: [[[0.6, -0.4, -0.2], [1.0, 0.6, -0.3]], [[0.7, -0.0, -0.2], [0.9, 0.1, 0.3]], [[0.7, 0.5, -0.2], [0.9, 0.6, 0.3]], [[0.7, 0.0, 0.3], [0.9, 0.6, 0.4]]]
start: [-0.99336999999999998, 1.732, 1.75, 2.0138699999999998, -1.64232, -1.3410200000000001, -0.99772000000000005]
tajectories: [[-0.99337, 1.732, 1.75, 2.01387, -1.64232, -1.34102, -0.99772], [-0.87567, 1.67852, 1.59184, 2.4245, -1.80508, -1.45169, -0.96745], [-0.84585, 1.66497, 1.55177, 2.52854, -1.84631, -1.47973, -0.95978], [-0.59295, 1.75828, 1.47505, 2.21371, -1.60665, -1.36373, -0.92191], [-0.46717, 1.80469, 1.43689, 2.05714, -1.48746, -1.30603, -0.90308], [-0.34344, 1.88985, 1.55706, 1.94258, -1.73332, -1.35595, -1.27313]]
end: [-0.24775, 1.9557100000000001, 1.6499999999999999, 1.85398, -1.9234500000000001, -1.39456, -1.55931]
obtacles: [[[0.6, -0.4, -0.2], [1.0, 0.6, -0.3]], [[0.7, -0.0, -0.2], [0.9, 0.1, 0.3]], [[0.7, 0.5, -0.2], [0.9, 0.6, 0.3]], [[0.7, 0.0, 0.3], [0.9, 0.6, 0.4]]]
start: [-0.82703000000000004, 1.5797099999999999, 1.6499999999999999, 1.2911900000000001, -1.60128, -1.4971399999999999, -0.46267999999999998]
tajectories: [[-0.82703, 1.57971, 1.65, 1.29119, -1.60128, -1.49714, -0.46268], [-0.8254, 1.45566, 1.79792, 1.29597, -1.26227, -1.20653, -0.34726], [-0.82378, 1.33161, 1.94585, 1.30075, -0.92326, -0.91592, -0.23185], [-0.82215, 1.20757, 2.09377, 1.30553, -0.58424, -0.62531, -0.11643], [-0.82052, 1.08352, 2.24169, 1.31031, -0.24523, -0.33469, -0.00101], [-0.82008, 1.04923, 2.28259, 1.31163, -0.15151, -0.25435, 0.0309], [-0.96728, 0.73192, 2.36576, 1.39566, 0.05477, -0.04243, -0.13098], [-1.11448, 0.41461, 2.44894, 1.47969, 0.26105, 0.16949, -0.29286], [-1.26168, 0.0973, 2.53211, 1.56371, 0.46733, 0.38142, -0.45474], [-1.40888, -0.22002, 2.61528, 1.64774, 0.6736, 0.59334, -0.61662], [-1.45813, -0.32618, 2.64311, 1.67585, 0.74262, 0.66424, -0.67077], [-1.58223, -0.5582, 2.48706, 1.65476, 0.46676, 0.79317, -0.92226], [-1.70633, -0.79023, 2.331, 1.63366, 0.19091, 0.92211, -1.17375], [-1.83044, -1.02226, 2.17494, 1.61256, -0.08494, 1.05104, -1.42524], [-1.95454, -1.25428, 2.01889, 1.59147, -0.36079, 1.17997, -1.67673], [-2.07864, -1.48631, 1.86283, 1.57037, -0.63664, 1.30891, -1.92821], [-2.20274, -1.71834, 1.70678, 1.54928, -0.9125, 1.43784, -2.1797], [-2.32684, -1.95036, 1.55072, 1.52818, -1.18835, 1.56677, -2.43119]]
end: [-2.32742, -1.9514400000000001, 1.55, 1.5280800000000001, -1.18963, 1.5673699999999999, -2.43235]
